19124168580,smqhm_8_4,31207767,1
19069267540,smqhm_8_4,31207767,1
19072074540,smqhm_8_4,31207767,1
19081040860,smqhm_8_4,31207767,1
19184352600,smqhm_8_4,31207767,1
11116588120,smqhm_8_4,28952178,2
11010127500,smqhm_8_4,28957452,2
11114307620,smqhm_8_4,28953260,2
11109200140,smqhm_8_4,28952322,2
11003391340,smqhm_8_4,28954083,2
4740345120,smqhm_8_4,29016888,4
4739803820,smqhm_8_4,29009798,4
4735993100,smqhm_8_4,29008149,4
4733707340,smqhm_8_4,29009410,4
4772841540,smqhm_8_4,29012886,4
4040296720,smqhm_8_4,29081211,8
4014999120,smqhm_8_4,29097012,8
4009541540,smqhm_8_4,29078061,8
4017551080,smqhm_8_4,29089502,8
4000251440,smqhm_8_4,29090899,8
2161874280,smqhm_8_4,29299422,16
2213760760,smqhm_8_4,29279020,16
2144679220,smqhm_8_4,29281872,16
2164101380,smqhm_8_4,29271889,16
2132786400,smqhm_8_4,29272295,16
1263176440,smqhm_8_4,31926600,32
1202878460,smqhm_8_4,30175649,32
1213765140,smqhm_8_4,30777415,32
1206350700,smqhm_8_4,30587814,32
1255455040,smqhm_8_4,30193333,32
772866440,smqhm_8_4,34534516,64
767136380,smqhm_8_4,34337130,64
1008977460,smqhm_8_4,34150913,64
766945660,smqhm_8_4,34301309,64
745938620,smqhm_8_4,33347665,64
501233560,smqhm_8_4,39863811,128
489994480,smqhm_8_4,39013837,128
538609320,smqhm_8_4,43363973,128
523002480,smqhm_8_4,41846456,128
500963500,smqhm_8_4,40159038,128
401586860,smqhm_8_4,50014066,256
394000500,smqhm_8_4,49593259,256
396940180,smqhm_8_4,50027815,256
480418980,smqhm_8_4,49629496,256
398034340,smqhm_8_4,49750322,256
