4617939920,smqhm_8_4,7717149,1
4611959300,smqhm_8_4,7717149,1
4596778360,smqhm_8_4,7717149,1
4574476040,smqhm_8_4,7717149,1
4581547200,smqhm_8_4,7717149,1
2905702700,smqhm_8_4,7738242,2
2887813080,smqhm_8_4,7739443,2
2916912500,smqhm_8_4,7739413,2
2876036520,smqhm_8_4,7739355,2
2889779040,smqhm_8_4,7741929,2
1235029340,smqhm_8_4,7762835,4
1234361140,smqhm_8_4,7762142,4
1238081340,smqhm_8_4,7764087,4
1235292720,smqhm_8_4,7761435,4
1234464540,smqhm_8_4,7762506,4
1069608960,smqhm_8_4,7801321,8
1049288440,smqhm_8_4,7798955,8
1051334900,smqhm_8_4,7804436,8
1052559920,smqhm_8_4,7800407,8
1051047280,smqhm_8_4,7804742,8
576691960,smqhm_8_4,7956754,16
576972860,smqhm_8_4,7937793,16
577385120,smqhm_8_4,7913456,16
582116780,smqhm_8_4,7938771,16
585230520,smqhm_8_4,7933184,16
360603680,smqhm_8_4,8349221,32
336648920,smqhm_8_4,8451949,32
330617340,smqhm_8_4,8345656,32
329703600,smqhm_8_4,8343490,32
702320560,smqhm_8_4,8487681,32
232728560,smqhm_8_4,10299596,64
231042680,smqhm_8_4,10160878,64
230519900,smqhm_8_4,10255626,64
235113280,smqhm_8_4,10251398,64
233713680,smqhm_8_4,10361930,64
171520900,smqhm_8_4,13050623,128
166771080,smqhm_8_4,12866525,128
164481640,smqhm_8_4,12889213,128
163788000,smqhm_8_4,12674460,128
163572640,smqhm_8_4,12669594,128
156438600,smqhm_8_4,16599851,256
146604220,smqhm_8_4,16740965,256
146268900,smqhm_8_4,16612154,256
147512300,smqhm_8_4,16820751,256
173218820,smqhm_8_4,16615709,256
