9831613640,smqhm_8_4,23947347,1
9697913180,smqhm_8_4,23947347,1
9665609840,smqhm_8_4,23947347,1
9785378120,smqhm_8_4,23947347,1
9718895320,smqhm_8_4,23947347,1
5944516260,smqhm_8_4,23953509,2
6010924660,smqhm_8_4,23953761,2
5965158820,smqhm_8_4,23953645,2
5941818240,smqhm_8_4,23953525,2
5880633080,smqhm_8_4,23953427,2
2601568200,smqhm_8_4,23970011,4
2602375600,smqhm_8_4,23974869,4
2615169280,smqhm_8_4,23970882,4
2599992500,smqhm_8_4,23970914,4
2602911880,smqhm_8_4,23975054,4
1992456740,smqhm_8_4,23956883,8
1990267880,smqhm_8_4,23956990,8
1997130000,smqhm_8_4,23956582,8
2020352460,smqhm_8_4,23956669,8
1988140900,smqhm_8_4,23957352,8
1168502480,smqhm_8_4,23968574,16
1166936560,smqhm_8_4,23968763,16
1174102460,smqhm_8_4,23968191,16
1161083440,smqhm_8_4,23969962,16
1201127020,smqhm_8_4,23968245,16
663805940,smqhm_8_4,24002190,32
680956920,smqhm_8_4,24002430,32
658068620,smqhm_8_4,23998515,32
657881700,smqhm_8_4,23999214,32
654194620,smqhm_8_4,24002353,32
394705060,smqhm_8_4,24095832,64
393749060,smqhm_8_4,24095231,64
394553140,smqhm_8_4,24099625,64
412230360,smqhm_8_4,24099676,64
395219700,smqhm_8_4,24095965,64
266090480,smqhm_8_4,24437769,128
237885000,smqhm_8_4,24439162,128
239006200,smqhm_8_4,24424636,128
239309280,smqhm_8_4,24421036,128
238607740,smqhm_8_4,24467315,128
175888840,smqhm_8_4,26010669,256
176491720,smqhm_8_4,26000032,256
176350040,smqhm_8_4,26079143,256
177338540,smqhm_8_4,26068031,256
176146560,smqhm_8_4,26035007,256
