55349122820,smqhm_8_4,47894693,1,0
55362496760,smqhm_8_4,47894693,1,0
55419401000,smqhm_8_4,47894693,1,0
55410356740,smqhm_8_4,47894693,1,0
55465766040,smqhm_8_4,47894693,1,0
30688704260,smqhm_8_4,47896494,2,0
30611240400,smqhm_8_4,47896372,2,0
30527154040,smqhm_8_4,47896538,2,0
30561482700,smqhm_8_4,47896384,2,0
30623764860,smqhm_8_4,47896688,2,0
16989554540,smqhm_8_4,47897745,4,0
16925844280,smqhm_8_4,47897962,4,0
16917299220,smqhm_8_4,47898121,4,0
16912814160,smqhm_8_4,47898121,4,0
16919416000,smqhm_8_4,47898027,4,0
10556092800,smqhm_8_4,47901691,8,0
10569811940,smqhm_8_4,47901996,8,0
10631019980,smqhm_8_4,47901979,8,0
10576232600,smqhm_8_4,47901381,8,0
10583530500,smqhm_8_4,47901741,8,0
6769776180,smqhm_8_4,47906636,16,0
6744436900,smqhm_8_4,47911008,16,0
6755331280,smqhm_8_4,47910306,16,0
6800536960,smqhm_8_4,47905626,16,0
6744485360,smqhm_8_4,47908010,16,0
4938987760,smqhm_8_4,47918361,32,0
5006474940,smqhm_8_4,47921465,32,0
4930831600,smqhm_8_4,47920687,32,0
4918240280,smqhm_8_4,47923311,32,0
4972020900,smqhm_8_4,47922271,32,0
4252730840,smqhm_8_4,47946369,64,0
4264285280,smqhm_8_4,47958626,64,0
4273214100,smqhm_8_4,47949619,64,0
4304311900,smqhm_8_4,47951346,64,0
4292534340,smqhm_8_4,47949114,64,0
5202489120,smqhm_8_4,48105139,128,0
5946002460,smqhm_8_4,48192642,128,0
5956496020,smqhm_8_4,48163052,128,0
5404930300,smqhm_8_4,48132293,128,0
5653205100,smqhm_8_4,48156986,128,0
13829857380,smqhm_8_4,48457617,256,0
17772020800,smqhm_8_4,48576950,256,0
10978187000,smqhm_8_4,48464295,256,0
9954243300,smqhm_8_4,48423338,256,0
9725690640,smqhm_8_4,48457251,256,0
