2999234900,smqhm_8_4,6715844,1,14
2994215280,smqhm_8_4,6715844,1,14
3013017880,smqhm_8_4,6715844,1,14
3017383560,smqhm_8_4,6715844,1,14
3099435060,smqhm_8_4,6715844,1,14
1996201720,smqhm_8_4,6729511,2,14
2003457880,smqhm_8_4,6731137,2,14
1997665760,smqhm_8_4,6729626,2,14
2009073800,smqhm_8_4,6728023,2,14
2063037200,smqhm_8_4,6730869,2,14
949789100,smqhm_8_4,6720620,4,14
849809840,smqhm_8_4,6720446,4,14
854243400,smqhm_8_4,6719761,4,14
849064420,smqhm_8_4,6721978,4,14
858948260,smqhm_8_4,6721184,4,14
758556740,smqhm_8_4,6740000,8,14
758392960,smqhm_8_4,6743436,8,14
752198860,smqhm_8_4,6741489,8,14
758018100,smqhm_8_4,6741811,8,14
760001040,smqhm_8_4,6738798,8,14
485096720,smqhm_8_4,6839396,16,14
435333760,smqhm_8_4,6827082,16,14
433750660,smqhm_8_4,6846385,16,14
429667100,smqhm_8_4,6838171,16,14
457303680,smqhm_8_4,6861698,16,14
255005820,smqhm_8_4,7401321,32,14
255473380,smqhm_8_4,7413268,32,14
301362480,smqhm_8_4,7451163,32,14
253950360,smqhm_8_4,7391491,32,14
312080540,smqhm_8_4,7414280,32,14
182673140,smqhm_8_4,9638649,64,14
181415640,smqhm_8_4,9526120,64,14
181061900,smqhm_8_4,9458600,64,14
181748080,smqhm_8_4,9467909,64,14
183656800,smqhm_8_4,9669275,64,14
133170300,smqhm_8_4,12145405,128,14
133448500,smqhm_8_4,12187641,128,14
136908840,smqhm_8_4,11949492,128,14
133397440,smqhm_8_4,12199822,128,14
422359180,smqhm_8_4,12227494,128,14
124203000,smqhm_8_4,16361791,256,14
157434960,smqhm_8_4,16332920,256,14
122474720,smqhm_8_4,16343341,256,14
124893900,smqhm_8_4,16318894,256,14
124393100,smqhm_8_4,16503672,256,14
