182779753760,smqhm_8_4,84828127,1,0
183062494440,smqhm_8_4,84828127,1,0
182855829700,smqhm_8_4,84828127,1,0
182914172660,smqhm_8_4,84828127,1,0
182525419400,smqhm_8_4,84828127,1,0
93647572600,smqhm_8_4,84823176,2,0
93570209920,smqhm_8_4,84821967,2,0
93565762400,smqhm_8_4,84823714,2,0
93444856600,smqhm_8_4,84822471,2,0
93433439800,smqhm_8_4,84825554,2,0
47099599820,smqhm_8_4,84826551,4,0
47105414800,smqhm_8_4,84823667,4,0
46981099940,smqhm_8_4,84824042,4,0
47088004060,smqhm_8_4,84824007,4,0
47181860400,smqhm_8_4,84825242,4,0
25289805180,smqhm_8_4,84828070,8,0
26572733100,smqhm_8_4,84834963,8,0
25282960980,smqhm_8_4,84828869,8,0
25122867560,smqhm_8_4,84826109,8,0
25199008080,smqhm_8_4,84832610,8,0
13702471540,smqhm_8_4,84859150,16,0
13185261120,smqhm_8_4,84849037,16,0
13760669140,smqhm_8_4,84849029,16,0
13655411700,smqhm_8_4,84844170,16,0
14309391200,smqhm_8_4,84875715,16,0
7579025800,smqhm_8_4,84978241,32,0
7669464360,smqhm_8_4,84926395,32,0
7856516920,smqhm_8_4,84951983,32,0
8125633240,smqhm_8_4,84970620,32,0
7859597620,smqhm_8_4,84940379,32,0
5276315580,smqhm_8_4,85495568,64,0
5072368760,smqhm_8_4,85474701,64,0
5207954800,smqhm_8_4,85590595,64,0
5014811580,smqhm_8_4,85392347,64,0
5236234340,smqhm_8_4,85675589,64,0
4273673940,smqhm_8_4,87181952,128,0
5227672260,smqhm_8_4,87853241,128,0
4958640480,smqhm_8_4,87364804,128,0
4898280100,smqhm_8_4,87055129,128,0
4498742820,smqhm_8_4,87029642,128,0
4584684740,smqhm_8_4,92799270,256,0
4296974140,smqhm_8_4,91954944,256,0
4883064560,smqhm_8_4,92466435,256,0
4445639620,smqhm_8_4,91972277,256,0
4500476700,smqhm_8_4,92150298,256,0
