24963231400,mqlpnuma_4_1024_512_128,38438204,1
25155773480,mqlpnuma_4_1024_512_128,38811270,1
25246194720,mqlpnuma_4_1024_512_128,38784537,1
25073542240,mqlpnuma_4_1024_512_128,38655449,1
25025941700,mqlpnuma_4_1024_512_128,38581704,1
19148990900,mqlpnuma_4_1024_512_128,56591819,2
18699658040,mqlpnuma_4_1024_512_128,54701140,2
19006715140,mqlpnuma_4_1024_512_128,55853823,2
19303996720,mqlpnuma_4_1024_512_128,56653785,2
19031819600,mqlpnuma_4_1024_512_128,55857676,2
10729388780,mqlpnuma_4_1024_512_128,67841148,4
10658128400,mqlpnuma_4_1024_512_128,67345547,4
10685738600,mqlpnuma_4_1024_512_128,67420032,4
10731245220,mqlpnuma_4_1024_512_128,67695275,4
10712341720,mqlpnuma_4_1024_512_128,67613171,4
5774687840,mqlpnuma_4_1024_512_128,32712549,8
5771233560,mqlpnuma_4_1024_512_128,32744379,8
5950212140,mqlpnuma_4_1024_512_128,32732714,8
6005827380,mqlpnuma_4_1024_512_128,32652126,8
5932636020,mqlpnuma_4_1024_512_128,32748858,8
4080007780,mqlpnuma_4_1024_512_128,34205683,16
4067316000,mqlpnuma_4_1024_512_128,34343161,16
4149440540,mqlpnuma_4_1024_512_128,34312251,16
4181913680,mqlpnuma_4_1024_512_128,34352057,16
4074767800,mqlpnuma_4_1024_512_128,34317940,16
2529135380,mqlpnuma_4_1024_512_128,34983768,32
2457279960,mqlpnuma_4_1024_512_128,35054768,32
2515677820,mqlpnuma_4_1024_512_128,34921434,32
2536307700,mqlpnuma_4_1024_512_128,35035760,32
2462734080,mqlpnuma_4_1024_512_128,34898142,32
1538748340,mqlpnuma_4_1024_512_128,34341962,64
1532443460,mqlpnuma_4_1024_512_128,34195726,64
1532774060,mqlpnuma_4_1024_512_128,34214426,64
1536086520,mqlpnuma_4_1024_512_128,34318753,64
1538431420,mqlpnuma_4_1024_512_128,34285187,64
897658680,mqlpnuma_4_1024_512_128,38871396,128
910549800,mqlpnuma_4_1024_512_128,39225703,128
909094700,mqlpnuma_4_1024_512_128,39242407,128
910106120,mqlpnuma_4_1024_512_128,39214380,128
906165960,mqlpnuma_4_1024_512_128,38953203,128
702478680,mqlpnuma_4_1024_512_128,45769882,256
712173780,mqlpnuma_4_1024_512_128,45776848,256
769409620,mqlpnuma_4_1024_512_128,46164279,256
707615400,mqlpnuma_4_1024_512_128,45562419,256
748641060,mqlpnuma_4_1024_512_128,45685180,256
