5143244020,mqlpnuma_4_1_1_64,7718992,1
5103942120,mqlpnuma_4_1_1_64,7717880,1
5028927040,mqlpnuma_4_1_1_64,7717939,1
4983258640,mqlpnuma_4_1_1_64,7719484,1
5005159060,mqlpnuma_4_1_1_64,7718892,1
3310311580,mqlpnuma_4_1_1_64,7733154,2
3306026980,mqlpnuma_4_1_1_64,7733007,2
3339566780,mqlpnuma_4_1_1_64,7733316,2
3342104740,mqlpnuma_4_1_1_64,7734059,2
3302376420,mqlpnuma_4_1_1_64,7733007,2
1619031820,mqlpnuma_4_1_1_64,7760750,4
1617799080,mqlpnuma_4_1_1_64,7762422,4
1615847740,mqlpnuma_4_1_1_64,7764904,4
1612866920,mqlpnuma_4_1_1_64,7762803,4
1617757700,mqlpnuma_4_1_1_64,7761855,4
1958309400,mqlpnuma_4_1_1_64,7807171,8
1984861500,mqlpnuma_4_1_1_64,7806310,8
1941471280,mqlpnuma_4_1_1_64,7807978,8
1917111480,mqlpnuma_4_1_1_64,7811954,8
1948628300,mqlpnuma_4_1_1_64,7809333,8
1171496540,mqlpnuma_4_1_1_64,7880572,16
1165651040,mqlpnuma_4_1_1_64,7882599,16
1177102600,mqlpnuma_4_1_1_64,7882607,16
1189903360,mqlpnuma_4_1_1_64,7885316,16
1203011480,mqlpnuma_4_1_1_64,7884626,16
669107600,mqlpnuma_4_1_1_64,8059392,32
663416940,mqlpnuma_4_1_1_64,8054993,32
673241000,mqlpnuma_4_1_1_64,8050575,32
662755220,mqlpnuma_4_1_1_64,8044035,32
666991320,mqlpnuma_4_1_1_64,8055119,32
389822300,mqlpnuma_4_1_1_64,8415096,64
388646800,mqlpnuma_4_1_1_64,8414327,64
389108980,mqlpnuma_4_1_1_64,8406025,64
389130520,mqlpnuma_4_1_1_64,8414242,64
388205720,mqlpnuma_4_1_1_64,8419053,64
245251040,mqlpnuma_4_1_1_64,9333209,128
243323040,mqlpnuma_4_1_1_64,9324698,128
242896040,mqlpnuma_4_1_1_64,9323296,128
244784940,mqlpnuma_4_1_1_64,9335063,128
244525280,mqlpnuma_4_1_1_64,9309543,128
204711140,mqlpnuma_4_1_1_64,11553352,256
191795660,mqlpnuma_4_1_1_64,11498160,256
196779080,mqlpnuma_4_1_1_64,11436222,256
194198620,mqlpnuma_4_1_1_64,11502246,256
189739120,mqlpnuma_4_1_1_64,11437010,256
