44650429640,mqlpnuma_4_32_512_8,50551292,1
44564399800,mqlpnuma_4_32_512_8,50553612,1
44568851040,mqlpnuma_4_32_512_8,50555085,1
44593313860,mqlpnuma_4_32_512_8,50550128,1
44486948280,mqlpnuma_4_32_512_8,50553839,1
23283153600,mqlpnuma_4_32_512_8,50557220,2
23275554500,mqlpnuma_4_32_512_8,50557182,2
23626585460,mqlpnuma_4_32_512_8,50553727,2
23269406580,mqlpnuma_4_32_512_8,50557949,2
23474618780,mqlpnuma_4_32_512_8,50556899,2
12010386080,mqlpnuma_4_32_512_8,50567815,4
11991658780,mqlpnuma_4_32_512_8,50561389,4
11913239560,mqlpnuma_4_32_512_8,50564785,4
11986988840,mqlpnuma_4_32_512_8,50564795,4
11913668860,mqlpnuma_4_32_512_8,50559164,4
7039916860,mqlpnuma_4_32_512_8,50573543,8
7048440820,mqlpnuma_4_32_512_8,50580374,8
7066342100,mqlpnuma_4_32_512_8,50575819,8
7068760640,mqlpnuma_4_32_512_8,50582826,8
7068215620,mqlpnuma_4_32_512_8,50579028,8
3785067080,mqlpnuma_4_32_512_8,50599431,16
3775716240,mqlpnuma_4_32_512_8,50597497,16
3788649880,mqlpnuma_4_32_512_8,50613284,16
3802135740,mqlpnuma_4_32_512_8,50621815,16
3800198340,mqlpnuma_4_32_512_8,50603969,16
2081415460,mqlpnuma_4_32_512_8,50640673,32
2077028180,mqlpnuma_4_32_512_8,50627972,32
2076123320,mqlpnuma_4_32_512_8,50643072,32
2071589060,mqlpnuma_4_32_512_8,50633165,32
2081851320,mqlpnuma_4_32_512_8,50638387,32
1299993460,mqlpnuma_4_32_512_8,50707427,64
1279767920,mqlpnuma_4_32_512_8,50754823,64
1278655520,mqlpnuma_4_32_512_8,50903099,64
1296376820,mqlpnuma_4_32_512_8,50711942,64
1300048180,mqlpnuma_4_32_512_8,50740416,64
1063696660,mqlpnuma_4_32_512_8,51926340,128
1042235640,mqlpnuma_4_32_512_8,51047656,128
1075292960,mqlpnuma_4_32_512_8,51274976,128
1046095720,mqlpnuma_4_32_512_8,51211121,128
1045475800,mqlpnuma_4_32_512_8,51202021,128
909701380,mqlpnuma_4_32_512_8,51566245,256
910988200,mqlpnuma_4_32_512_8,51451695,256
901750140,mqlpnuma_4_32_512_8,51430640,256
890496160,mqlpnuma_4_32_512_8,51540353,256
935648420,mqlpnuma_4_32_512_8,51568957,256
