66958863420,mqlpnuma_4_64_128_16,47894693,1,0
66958342240,mqlpnuma_4_64_128_16,47894693,1,0
66379043720,mqlpnuma_4_64_128_16,47894693,1,0
66634070960,mqlpnuma_4_64_128_16,47894693,1,0
66692195320,mqlpnuma_4_64_128_16,47894693,1,0
37504608040,mqlpnuma_4_64_128_16,47901851,2,0
37167163300,mqlpnuma_4_64_128_16,47902419,2,0
37190818880,mqlpnuma_4_64_128_16,47900752,2,0
37435107480,mqlpnuma_4_64_128_16,47902379,2,0
37264112180,mqlpnuma_4_64_128_16,47900504,2,0
20977423240,mqlpnuma_4_64_128_16,47905394,4,0
20934067860,mqlpnuma_4_64_128_16,47905237,4,0
21026375960,mqlpnuma_4_64_128_16,47905410,4,0
21003900600,mqlpnuma_4_64_128_16,47905323,4,0
21022043080,mqlpnuma_4_64_128_16,47906302,4,0
13118851840,mqlpnuma_4_64_128_16,47908848,8,0
13181027000,mqlpnuma_4_64_128_16,47910890,8,0
13142301880,mqlpnuma_4_64_128_16,47906398,8,0
13136943500,mqlpnuma_4_64_128_16,47909140,8,0
13137047780,mqlpnuma_4_64_128_16,47909178,8,0
8284823900,mqlpnuma_4_64_128_16,47911318,16,0
8247625400,mqlpnuma_4_64_128_16,47914871,16,0
8273365300,mqlpnuma_4_64_128_16,47910208,16,0
8244910000,mqlpnuma_4_64_128_16,47913806,16,0
8317766640,mqlpnuma_4_64_128_16,47908901,16,0
5866538500,mqlpnuma_4_64_128_16,47924558,32,0
5844819260,mqlpnuma_4_64_128_16,47925231,32,0
5854695960,mqlpnuma_4_64_128_16,47922210,32,0
5843956840,mqlpnuma_4_64_128_16,47922456,32,0
5845583000,mqlpnuma_4_64_128_16,47921839,32,0
5265634800,mqlpnuma_4_64_128_16,47937303,64,0
5125516060,mqlpnuma_4_64_128_16,47936074,64,0
5258227520,mqlpnuma_4_64_128_16,47937458,64,0
5128436560,mqlpnuma_4_64_128_16,47935006,64,0
5248774740,mqlpnuma_4_64_128_16,47936300,64,0
6416705780,mqlpnuma_4_64_128_16,48013703,128,0
6562695340,mqlpnuma_4_64_128_16,48005802,128,0
6580274100,mqlpnuma_4_64_128_16,48009601,128,0
6752191980,mqlpnuma_4_64_128_16,48012003,128,0
6702158740,mqlpnuma_4_64_128_16,48012143,128,0
4051831580,mqlpnuma_4_64_128_16,48081875,256,0
5373672880,mqlpnuma_4_64_128_16,48112528,256,0
4041428860,mqlpnuma_4_64_128_16,48084374,256,0
5082809640,mqlpnuma_4_64_128_16,48101988,256,0
4330798680,mqlpnuma_4_64_128_16,48095492,256,0
