20846722580,mqlpnuma_4_16_128_512,12524207,1,0
20781990680,mqlpnuma_4_16_128_512,12524207,1,0
20450690300,mqlpnuma_4_16_128_512,12524207,1,0
20558201380,mqlpnuma_4_16_128_512,12524207,1,0
20181584180,mqlpnuma_4_16_128_512,12524207,1,0
10851150280,mqlpnuma_4_16_128_512,12525960,2,0
10782488880,mqlpnuma_4_16_128_512,12525952,2,0
10613127240,mqlpnuma_4_16_128_512,12525998,2,0
10536380380,mqlpnuma_4_16_128_512,12526069,2,0
10394617880,mqlpnuma_4_16_128_512,12525919,2,0
5582763600,mqlpnuma_4_16_128_512,12527868,4,0
5626344980,mqlpnuma_4_16_128_512,12527992,4,0
5569547860,mqlpnuma_4_16_128_512,12527791,4,0
5531124600,mqlpnuma_4_16_128_512,12527823,4,0
5517196380,mqlpnuma_4_16_128_512,12527947,4,0
3409722740,mqlpnuma_4_16_128_512,12528597,8,0
3419154200,mqlpnuma_4_16_128_512,12528371,8,0
3400007320,mqlpnuma_4_16_128_512,12529132,8,0
3408530880,mqlpnuma_4_16_128_512,12528917,8,0
3392278980,mqlpnuma_4_16_128_512,12528571,8,0
2130626580,mqlpnuma_4_16_128_512,12531644,16,0
2139482660,mqlpnuma_4_16_128_512,12532856,16,0
2158105080,mqlpnuma_4_16_128_512,12532186,16,0
2122509900,mqlpnuma_4_16_128_512,12531437,16,0
2139288700,mqlpnuma_4_16_128_512,12530881,16,0
1503733220,mqlpnuma_4_16_128_512,12537438,32,0
1498594080,mqlpnuma_4_16_128_512,12538033,32,0
1489084800,mqlpnuma_4_16_128_512,12537104,32,0
1498003620,mqlpnuma_4_16_128_512,12537551,32,0
1499949240,mqlpnuma_4_16_128_512,12537106,32,0
1434374300,mqlpnuma_4_16_128_512,12549305,64,0
1418474620,mqlpnuma_4_16_128_512,12548017,64,0
1407190940,mqlpnuma_4_16_128_512,12547729,64,0
1426403020,mqlpnuma_4_16_128_512,12548673,64,0
1436647580,mqlpnuma_4_16_128_512,12548702,64,0
1674218480,mqlpnuma_4_16_128_512,12584050,128,0
1674941940,mqlpnuma_4_16_128_512,12585659,128,0
1665830180,mqlpnuma_4_16_128_512,12582706,128,0
1721751160,mqlpnuma_4_16_128_512,12587081,128,0
1732650220,mqlpnuma_4_16_128_512,12585707,128,0
1644569020,mqlpnuma_4_16_128_512,12631191,256,0
1657320320,mqlpnuma_4_16_128_512,12633454,256,0
1650615140,mqlpnuma_4_16_128_512,12628770,256,0
1672030180,mqlpnuma_4_16_128_512,12628903,256,0
1691586560,mqlpnuma_4_16_128_512,12628625,256,0
