20927410800,mqlpnuma_4_128_1024_2,44461145,1,10
20810521200,mqlpnuma_4_128_1024_2,44499571,1,10
20756056160,mqlpnuma_4_128_1024_2,43939111,1,10
20974413320,mqlpnuma_4_128_1024_2,44302411,1,10
20997207740,mqlpnuma_4_128_1024_2,44702396,1,10
12527602100,mqlpnuma_4_128_1024_2,48180199,2,10
12627086980,mqlpnuma_4_128_1024_2,48281212,2,10
12452666100,mqlpnuma_4_128_1024_2,47963408,2,10
12694451840,mqlpnuma_4_128_1024_2,48687290,2,10
12644717540,mqlpnuma_4_128_1024_2,48368119,2,10
7285484400,mqlpnuma_4_128_1024_2,62681313,4,10
7222605900,mqlpnuma_4_128_1024_2,62537856,4,10
7188301240,mqlpnuma_4_128_1024_2,62076081,4,10
7215779260,mqlpnuma_4_128_1024_2,62421953,4,10
7250010780,mqlpnuma_4_128_1024_2,62573337,4,10
9278463900,mqlpnuma_4_128_1024_2,85119249,8,10
9138233440,mqlpnuma_4_128_1024_2,83736545,8,10
9151008400,mqlpnuma_4_128_1024_2,83914793,8,10
9311116000,mqlpnuma_4_128_1024_2,85005519,8,10
9202637400,mqlpnuma_4_128_1024_2,84417282,8,10
7086148720,mqlpnuma_4_128_1024_2,120894493,16,10
7079504180,mqlpnuma_4_128_1024_2,120478045,16,10
7199036080,mqlpnuma_4_128_1024_2,122437246,16,10
7215626440,mqlpnuma_4_128_1024_2,121964699,16,10
7198396520,mqlpnuma_4_128_1024_2,121582963,16,10
5653971740,mqlpnuma_4_128_1024_2,175263548,32,10
5525686320,mqlpnuma_4_128_1024_2,172073055,32,10
5753130700,mqlpnuma_4_128_1024_2,178122613,32,10
5784212080,mqlpnuma_4_128_1024_2,179511605,32,10
5709695440,mqlpnuma_4_128_1024_2,177576613,32,10
4143384080,mqlpnuma_4_128_1024_2,204885318,64,10
3912099920,mqlpnuma_4_128_1024_2,189866976,64,10
4142209840,mqlpnuma_4_128_1024_2,203414012,64,10
3797930800,mqlpnuma_4_128_1024_2,184633604,64,10
3780107500,mqlpnuma_4_128_1024_2,184047738,64,10
758116180,mqlpnuma_4_128_1024_2,58385469,128,10
749328980,mqlpnuma_4_128_1024_2,57842390,128,10
750430580,mqlpnuma_4_128_1024_2,57251717,128,10
756759460,mqlpnuma_4_128_1024_2,57653228,128,10
746586980,mqlpnuma_4_128_1024_2,57605041,128,10
645441200,mqlpnuma_4_128_1024_2,68388776,256,10
658091880,mqlpnuma_4_128_1024_2,68622954,256,10
674976020,mqlpnuma_4_128_1024_2,69156717,256,10
650617580,mqlpnuma_4_128_1024_2,69180779,256,10
651904080,mqlpnuma_4_128_1024_2,70280854,256,10
