129518906580,mqlpnuma_4_1024_256_16,75890118,1,10
129444618040,mqlpnuma_4_1024_256_16,75878586,1,10
129491527200,mqlpnuma_4_1024_256_16,75884727,1,10
129087098640,mqlpnuma_4_1024_256_16,75863790,1,10
129158609520,mqlpnuma_4_1024_256_16,75911753,1,10
64388552400,mqlpnuma_4_1024_256_16,75904833,2,10
64379945540,mqlpnuma_4_1024_256_16,75871583,2,10
64484255260,mqlpnuma_4_1024_256_16,75869314,2,10
64560464740,mqlpnuma_4_1024_256_16,75934416,2,10
64418597120,mqlpnuma_4_1024_256_16,75922386,2,10
32604993160,mqlpnuma_4_1024_256_16,75990701,4,10
32574775340,mqlpnuma_4_1024_256_16,75919796,4,10
32499184700,mqlpnuma_4_1024_256_16,75877176,4,10
32543956780,mqlpnuma_4_1024_256_16,75902742,4,10
32601003180,mqlpnuma_4_1024_256_16,75924196,4,10
17367756920,mqlpnuma_4_1024_256_16,76026422,8,10
17425146140,mqlpnuma_4_1024_256_16,75995783,8,10
17396111440,mqlpnuma_4_1024_256_16,75995021,8,10
17383752780,mqlpnuma_4_1024_256_16,76053339,8,10
17395935260,mqlpnuma_4_1024_256_16,76046665,8,10
8905443620,mqlpnuma_4_1024_256_16,76177540,16,10
8911009320,mqlpnuma_4_1024_256_16,76080307,16,10
8923188700,mqlpnuma_4_1024_256_16,76209209,16,10
8928112700,mqlpnuma_4_1024_256_16,76170904,16,10
8909316540,mqlpnuma_4_1024_256_16,76179798,16,10
4694840780,mqlpnuma_4_1024_256_16,76565557,32,10
4696532560,mqlpnuma_4_1024_256_16,76485109,32,10
4681705880,mqlpnuma_4_1024_256_16,76479301,32,10
4702847660,mqlpnuma_4_1024_256_16,76462610,32,10
4696017440,mqlpnuma_4_1024_256_16,76516997,32,10
2821998160,mqlpnuma_4_1024_256_16,77125058,64,10
2824203100,mqlpnuma_4_1024_256_16,77112455,64,10
2820311680,mqlpnuma_4_1024_256_16,77205443,64,10
2821769820,mqlpnuma_4_1024_256_16,77418140,64,10
2827017200,mqlpnuma_4_1024_256_16,77303290,64,10
2027546020,mqlpnuma_4_1024_256_16,80109563,128,10
2024519320,mqlpnuma_4_1024_256_16,82401729,128,10
2043678860,mqlpnuma_4_1024_256_16,81621026,128,10
2022807460,mqlpnuma_4_1024_256_16,79534024,128,10
2000444300,mqlpnuma_4_1024_256_16,81489846,128,10
2220240680,mqlpnuma_4_1024_256_16,88647694,256,10
2357289180,mqlpnuma_4_1024_256_16,89778673,256,10
2723309000,mqlpnuma_4_1024_256_16,87542026,256,10
2198610760,mqlpnuma_4_1024_256_16,89186198,256,10
2180717540,mqlpnuma_4_1024_256_16,85605304,256,10
