189692696680,mqlpnuma_4_16_1024_1024,85059477,1,10
188140441900,mqlpnuma_4_16_1024_1024,84883860,1,10
188094726680,mqlpnuma_4_16_1024_1024,85060906,1,10
188961025820,mqlpnuma_4_16_1024_1024,85823739,1,10
188240007800,mqlpnuma_4_16_1024_1024,84994196,1,10
95238980780,mqlpnuma_4_16_1024_1024,84827910,2,10
94896642620,mqlpnuma_4_16_1024_1024,84825137,2,10
94971578120,mqlpnuma_4_16_1024_1024,84823872,2,10
95066189800,mqlpnuma_4_16_1024_1024,84827276,2,10
95049714880,mqlpnuma_4_16_1024_1024,84826377,2,10
47603115280,mqlpnuma_4_16_1024_1024,84824584,4,10
47739202800,mqlpnuma_4_16_1024_1024,84826185,4,10
47684461180,mqlpnuma_4_16_1024_1024,84826735,4,10
47693797120,mqlpnuma_4_16_1024_1024,84828916,4,10
47688745160,mqlpnuma_4_16_1024_1024,84826057,4,10
25163976440,mqlpnuma_4_16_1024_1024,84836427,8,10
25259240020,mqlpnuma_4_16_1024_1024,84842193,8,10
25337142360,mqlpnuma_4_16_1024_1024,84839229,8,10
25345242560,mqlpnuma_4_16_1024_1024,84850125,8,10
25307056760,mqlpnuma_4_16_1024_1024,84856011,8,10
13133195440,mqlpnuma_4_16_1024_1024,84857876,16,10
13089787840,mqlpnuma_4_16_1024_1024,84860167,16,10
12996160000,mqlpnuma_4_16_1024_1024,84843254,16,10
13115314060,mqlpnuma_4_16_1024_1024,84860239,16,10
13091384400,mqlpnuma_4_16_1024_1024,84848340,16,10
7017792880,mqlpnuma_4_16_1024_1024,84907791,32,10
6970554660,mqlpnuma_4_16_1024_1024,84924345,32,10
6999321700,mqlpnuma_4_16_1024_1024,84873789,32,10
6996102120,mqlpnuma_4_16_1024_1024,84960780,32,10
7014261640,mqlpnuma_4_16_1024_1024,84899618,32,10
4419477700,mqlpnuma_4_16_1024_1024,84988216,64,10
4520236360,mqlpnuma_4_16_1024_1024,84963951,64,10
4452144000,mqlpnuma_4_16_1024_1024,85014665,64,10
4411294080,mqlpnuma_4_16_1024_1024,84978350,64,10
4471946340,mqlpnuma_4_16_1024_1024,85043234,64,10
4963923820,mqlpnuma_4_16_1024_1024,86551982,128,10
4879248160,mqlpnuma_4_16_1024_1024,85820448,128,10
4856791980,mqlpnuma_4_16_1024_1024,85939895,128,10
4780064540,mqlpnuma_4_16_1024_1024,85512903,128,10
4786261780,mqlpnuma_4_16_1024_1024,85403842,128,10
4833536540,mqlpnuma_4_16_1024_1024,87365307,256,10
5291062180,mqlpnuma_4_16_1024_1024,88228625,256,10
5229993060,mqlpnuma_4_16_1024_1024,88441311,256,10
5180160500,mqlpnuma_4_16_1024_1024,87994811,256,10
5231643160,mqlpnuma_4_16_1024_1024,88332071,256,10
