456090480,slsmqhmnuma_8_2_1,40774611,256
454860280,slsmqhmnuma_8_2_1,40824057,256
454611660,slsmqhmnuma_8_2_1,40757081,256
456206820,slsmqhmnuma_8_2_1,40936063,256
451450540,slsmqhmnuma_8_2_2,40734761,256
450843440,slsmqhmnuma_8_2_2,40808684,256
453498640,slsmqhmnuma_8_2_2,40844966,256
453473300,slsmqhmnuma_8_2_2,40951600,256
453420100,slsmqhmnuma_8_2_4,40770704,256
450334900,slsmqhmnuma_8_2_4,40858136,256
455185840,slsmqhmnuma_8_2_4,40941830,256
453658740,slsmqhmnuma_8_2_4,40747169,256
449674280,slsmqhmnuma_8_2_8,40905781,256
449574640,slsmqhmnuma_8_2_8,40904810,256
448404800,slsmqhmnuma_8_2_8,40769932,256
450671220,slsmqhmnuma_8_2_8,40814589,256
450008080,slsmqhmnuma_8_2_16,40798453,256
450755300,slsmqhmnuma_8_2_16,40704379,256
451634420,slsmqhmnuma_8_2_16,40908747,256
450301780,slsmqhmnuma_8_2_16,40908519,256
450299180,slsmqhmnuma_8_2_32,40729103,256
451017680,slsmqhmnuma_8_2_32,40767584,256
453823120,slsmqhmnuma_8_2_32,40788269,256
453271800,slsmqhmnuma_8_2_32,40911191,256
451150800,slsmqhmnuma_8_2_64,40846255,256
450245860,slsmqhmnuma_8_2_64,40878400,256
451105280,slsmqhmnuma_8_2_64,40782065,256
451621400,slsmqhmnuma_8_2_64,40845618,256
452768800,slsmqhmnuma_8_2_128,40892646,256
449586440,slsmqhmnuma_8_2_128,40672913,256
452754280,slsmqhmnuma_8_2_128,40947120,256
452234120,slsmqhmnuma_8_2_128,40886825,256
453973060,slsmqhmnuma_8_2_256,40739296,256
452593100,slsmqhmnuma_8_2_256,40795159,256
455002540,slsmqhmnuma_8_2_256,40922372,256
454459480,slsmqhmnuma_8_2_256,40882600,256
450710480,slsmqhmnuma_8_2_512,40830529,256
451106540,slsmqhmnuma_8_2_512,40733845,256
450617180,slsmqhmnuma_8_2_512,40646982,256
452683920,slsmqhmnuma_8_2_512,40770286,256
451798120,slsmqhmnuma_8_2_1024,40842731,256
451305540,slsmqhmnuma_8_2_1024,40896685,256
456004400,slsmqhmnuma_8_2_1024,40863725,256
453011820,slsmqhmnuma_8_2_1024,40836466,256
