151366100,slsmqhmnuma_4_1_1,11888176,256
150553280,slsmqhmnuma_4_1_1,11905860,256
155794940,slsmqhmnuma_4_1_1,11910342,256
150866820,slsmqhmnuma_4_1_1,11913804,256
151349080,slsmqhmnuma_4_1_2,11899741,256
151643980,slsmqhmnuma_4_1_2,11905594,256
152205340,slsmqhmnuma_4_1_2,11965997,256
153194460,slsmqhmnuma_4_1_2,11915609,256
153590340,slsmqhmnuma_4_1_4,11920305,256
153901100,slsmqhmnuma_4_1_4,11898058,256
153120080,slsmqhmnuma_4_1_4,11919906,256
153111540,slsmqhmnuma_4_1_4,11948953,256
152679240,slsmqhmnuma_4_1_8,11990091,256
152719040,slsmqhmnuma_4_1_8,11917107,256
150874040,slsmqhmnuma_4_1_8,11941602,256
153029940,slsmqhmnuma_4_1_8,11964996,256
151729320,slsmqhmnuma_4_1_16,11921360,256
152263360,slsmqhmnuma_4_1_16,11973430,256
151767400,slsmqhmnuma_4_1_16,11912935,256
160040880,slsmqhmnuma_4_1_16,11923694,256
150665360,slsmqhmnuma_4_1_32,11842560,256
152798340,slsmqhmnuma_4_1_32,11907947,256
150923780,slsmqhmnuma_4_1_32,11890098,256
152499060,slsmqhmnuma_4_1_32,11981776,256
179012200,slsmqhmnuma_4_1_64,11887043,256
151618220,slsmqhmnuma_4_1_64,11909559,256
150406920,slsmqhmnuma_4_1_64,11888350,256
151789060,slsmqhmnuma_4_1_64,11894986,256
151445900,slsmqhmnuma_4_1_128,11944318,256
153324620,slsmqhmnuma_4_1_128,11937732,256
152235840,slsmqhmnuma_4_1_128,11934493,256
151769480,slsmqhmnuma_4_1_128,11902371,256
151990320,slsmqhmnuma_4_1_256,11922810,256
151402040,slsmqhmnuma_4_1_256,11949284,256
150494200,slsmqhmnuma_4_1_256,11878614,256
153255160,slsmqhmnuma_4_1_256,11895953,256
151025700,slsmqhmnuma_4_1_512,11908036,256
151550080,slsmqhmnuma_4_1_512,11925480,256
151116360,slsmqhmnuma_4_1_512,11885294,256
153054880,slsmqhmnuma_4_1_512,11874238,256
152771760,slsmqhmnuma_4_1_1024,11992877,256
152240300,slsmqhmnuma_4_1_1024,11934558,256
150877300,slsmqhmnuma_4_1_1024,11895358,256
151498880,slsmqhmnuma_4_1_1024,11951084,256
