18400695600,heapswarm,31207719,1
18438473780,heapswarm,31207719,1
18398795780,heapswarm,31207719,1
18370013000,heapswarm,31207719,1
18369699560,heapswarm,31207719,1
11252491920,heapswarm,28929365,2
12150539880,heapswarm,31261475,2
12131256100,heapswarm,31261018,2
11337242700,heapswarm,28923770,2
11135693040,heapswarm,28925775,2
5821080140,heapswarm,29119943,4
5814114220,heapswarm,29122184,4
5815500060,heapswarm,29130557,4
5813403980,heapswarm,29120834,4
5822183020,heapswarm,29139918,4
7742935100,heapswarm,30609350,8
7758871080,heapswarm,30908599,8
7835049700,heapswarm,30521176,8
7989837300,heapswarm,30785565,8
7718232280,heapswarm,30481328,8
4411833660,heapswarm,29836506,16
4581106940,heapswarm,29868216,16
4407411060,heapswarm,29884992,16
4402181640,heapswarm,29851662,16
4599263540,heapswarm,29928599,16
2801262620,heapswarm,30274204,32
2517489940,heapswarm,30213984,32
2504052100,heapswarm,30208441,32
2882632880,heapswarm,30206427,32
2679494240,heapswarm,30384207,32
1521022900,heapswarm,30678886,64
1526470280,heapswarm,30668998,64
1528795540,heapswarm,30745695,64
1533646300,heapswarm,30774849,64
1525588040,heapswarm,30674020,64
1090688540,heapswarm,32493414,128
1101086940,heapswarm,32604034,128
1093692920,heapswarm,32370064,128
1097643180,heapswarm,32547578,128
1102107280,heapswarm,32441918,128
640395160,heapswarm,33569619,256
627451420,heapswarm,33648618,256
672000080,heapswarm,33610289,256
631451840,heapswarm,33641886,256
632466200,heapswarm,33646841,256
