4737037020,hmq4,7719344,1,14
4731322860,hmq4,7718439,1,14
4762562480,hmq4,7717410,1,14
4730703700,hmq4,7719025,1,14
4736320860,hmq4,7719208,1,14
4727670020,hmq4,7717458,1,14
4728611860,hmq4,7719111,1,14
4751313940,hmq4,7719061,1,14
4731172120,hmq4,7718860,1,14
4743511060,hmq4,7718542,1,14
3078316520,hmq4,7734794,2,14
3108489100,hmq4,7734324,2,14
3099829360,hmq4,7736594,2,14
3128111940,hmq4,7733344,2,14
3129169860,hmq4,7732541,2,14
3117527840,hmq4,7733574,2,14
3128919620,hmq4,7734293,2,14
3095645680,hmq4,7737044,2,14
3094752840,hmq4,7733346,2,14
3124935640,hmq4,7735677,2,14
1518988120,hmq4,7763157,4,14
1518933440,hmq4,7759470,4,14
1522755460,hmq4,7762441,4,14
1518222060,hmq4,7761778,4,14
1520364800,hmq4,7760934,4,14
1520958940,hmq4,7763075,4,14
1517131600,hmq4,7764381,4,14
1520923620,hmq4,7760813,4,14
1609158280,hmq4,7762353,4,14
1520553080,hmq4,7764030,4,14
1845091260,hmq4,7805745,8,14
1834917120,hmq4,7809054,8,14
1800900900,hmq4,7806485,8,14
1822354600,hmq4,7809496,8,14
1850559960,hmq4,7808522,8,14
1809982260,hmq4,7809230,8,14
1832870320,hmq4,7804328,8,14
1813310580,hmq4,7807915,8,14
1838288040,hmq4,7805094,8,14
1853993880,hmq4,7804422,8,14
1114315460,hmq4,7882715,16,14
1092223040,hmq4,7885940,16,14
1100830660,hmq4,7882147,16,14
1116095220,hmq4,7880607,16,14
1096054280,hmq4,7883593,16,14
1093913360,hmq4,7882768,16,14
1114885380,hmq4,7879168,16,14
1110061540,hmq4,7877563,16,14
1128710540,hmq4,7882745,16,14
1116577820,hmq4,7885538,16,14
627958980,hmq4,8038049,32,14
616134680,hmq4,8052680,32,14
710849700,hmq4,8035652,32,14
631082440,hmq4,8038966,32,14
627009980,hmq4,8030259,32,14
625456680,hmq4,8042391,32,14
627653880,hmq4,8029945,32,14
630157700,hmq4,8031648,32,14
626805160,hmq4,8035169,32,14
621920460,hmq4,8033728,32,14
363688080,hmq4,8398287,64,14
363246660,hmq4,8392429,64,14
363803600,hmq4,8386355,64,14
362937760,hmq4,8381498,64,14
365058960,hmq4,8393491,64,14
363823060,hmq4,8385486,64,14
363630160,hmq4,8379421,64,14
363465160,hmq4,8380065,64,14
364643840,hmq4,8392016,64,14
363068640,hmq4,8374577,64,14
264732740,hmq4,9198277,128,14
262867300,hmq4,9189477,128,14
262811540,hmq4,9152132,128,14
263949960,hmq4,9178828,128,14
263319540,hmq4,9158979,128,14
263417540,hmq4,9190969,128,14
263344020,hmq4,9165627,128,14
263110160,hmq4,9177473,128,14
263770180,hmq4,9174008,128,14
262963220,hmq4,9166860,128,14
208630700,hmq4,11329489,256,14
209987480,hmq4,11420424,256,14
207227460,hmq4,11360770,256,14
215975040,hmq4,11354613,256,14
239873940,hmq4,11350159,256,14
207212840,hmq4,11357313,256,14
269537820,hmq4,11314192,256,14
208920260,hmq4,11380233,256,14
205811440,hmq4,11347863,256,14
210401160,hmq4,11372436,256,14
