28814231620,spraylist,31207831,1
29364249240,spraylist,31207831,1
28582817340,spraylist,31207831,1
28843154420,spraylist,31207831,1
29327822960,spraylist,31207831,1
18951435620,spraylist,28907205,4
18838990980,spraylist,28906448,4
19019412660,spraylist,28905241,4
19081797380,spraylist,28905951,4
19432221200,spraylist,28908518,4
15934717640,spraylist,29240041,8
15967947480,spraylist,29236294,8
16104266700,spraylist,29235398,8
15897086720,spraylist,29231764,8
15926241760,spraylist,29230809,8
11002596840,spraylist,30391594,16
11022658640,spraylist,30415655,16
10967061080,spraylist,30407337,16
11013595680,spraylist,30397199,16
11013546380,spraylist,30406547,16
8368060840,spraylist,32899277,32
8365734240,spraylist,32837759,32
8210214060,spraylist,32822914,32
8249925880,spraylist,32900469,32
8238463400,spraylist,32883101,32
8131509420,spraylist,43219733,64
8208855340,spraylist,43458688,64
8161089720,spraylist,43491705,64
8243663220,spraylist,43447033,64
8166877880,spraylist,43458588,64
15073521560,spraylist,64206506,128
14410099720,spraylist,61707662,128
14865318740,spraylist,63927628,128
14929494880,spraylist,63563548,128
14746350080,spraylist,61575433,128
22468678240,spraylist,101663604,256
22089396620,spraylist,101214910,256
22710206140,spraylist,100755822,256
22143875440,spraylist,102950924,256
22443487980,spraylist,102106789,256
