6942643480,spraylist,7717205,1
6821394360,spraylist,7717205,1
6904002480,spraylist,7717205,1
7065007940,spraylist,7717205,1
6913030080,spraylist,7717205,1
3609292100,spraylist,7726999,4
3610375820,spraylist,7725966,4
3634581000,spraylist,7727088,4
3627567040,spraylist,7727798,4
3621964120,spraylist,7727858,4
4141506180,spraylist,7902029,8
4118992480,spraylist,7869794,8
4095146360,spraylist,7899287,8
4134991120,spraylist,7900011,8
4145939220,spraylist,7902680,8
3112158900,spraylist,8535976,16
3129050100,spraylist,8506139,16
3120394380,spraylist,8564140,16
3087479280,spraylist,8534111,16
3095029120,spraylist,8539038,16
2549882400,spraylist,9854783,32
2525539580,spraylist,9911924,32
2503943000,spraylist,9812915,32
2542573220,spraylist,9846403,32
2544610800,spraylist,9853550,32
3024002260,spraylist,14330066,64
2992206880,spraylist,14273920,64
3054153680,spraylist,14138814,64
2974425100,spraylist,14269871,64
2988970460,spraylist,14296448,64
7092869720,spraylist,20257083,128
7833961200,spraylist,20268092,128
8562700820,spraylist,19741803,128
8029668420,spraylist,20080519,128
8463721440,spraylist,19980472,128
12224589940,spraylist,32654143,256
12391791380,spraylist,32710240,256
11986616260,spraylist,31362343,256
11799987440,spraylist,31092428,256
12791498220,spraylist,32724522,256
