9916250980,hmq4,23948006,1,0
10087906180,hmq4,23947981,1,0
9914517780,hmq4,23948069,1,0
9877556420,hmq4,23947981,1,0
9913426980,hmq4,23948028,1,0
9933331140,hmq4,23948005,1,0
9974974700,hmq4,23948015,1,0
9929883900,hmq4,23948030,1,0
9896813220,hmq4,23947973,1,0
9939355960,hmq4,23948016,1,0
6946222540,hmq4,23949509,2,0
6935358460,hmq4,23949529,2,0
6962866860,hmq4,23950599,2,0
6867519620,hmq4,23951288,2,0
6882137600,hmq4,23953518,2,0
6944818940,hmq4,23949986,2,0
6969600120,hmq4,23952629,2,0
6928601640,hmq4,23950622,2,0
6906315280,hmq4,23950474,2,0
6897077760,hmq4,23952234,2,0
3486631780,hmq4,23952866,4,0
3484251720,hmq4,23952097,4,0
3500412860,hmq4,23957047,4,0
3492068160,hmq4,23952032,4,0
3484209460,hmq4,23952208,4,0
3493167200,hmq4,23952074,4,0
3483365040,hmq4,23952267,4,0
3491287160,hmq4,23952459,4,0
3491525160,hmq4,23955723,4,0
3485496920,hmq4,23952771,4,0
4542241740,hmq4,23956307,8,0
4405303760,hmq4,23956229,8,0
4527780380,hmq4,23956236,8,0
4511007960,hmq4,23956275,8,0
4382095300,hmq4,23957100,8,0
4535473160,hmq4,23956155,8,0
4536645580,hmq4,23956093,8,0
4373144480,hmq4,23956012,8,0
4416043380,hmq4,23956010,8,0
4560187100,hmq4,23956644,8,0
2703652840,hmq4,23964921,16,0
2713190580,hmq4,23964822,16,0
2756038880,hmq4,23964721,16,0
2706872080,hmq4,23964776,16,0
2647181840,hmq4,23964881,16,0
2746461300,hmq4,23964952,16,0
2671354100,hmq4,23964998,16,0
2651177880,hmq4,23964902,16,0
2698278120,hmq4,23964874,16,0
2693714980,hmq4,23964917,16,0
1525773120,hmq4,23983096,32,0
1523090280,hmq4,23983358,32,0
1517796880,hmq4,23983405,32,0
1522542680,hmq4,23983446,32,0
1534451400,hmq4,23983701,32,0
1493734960,hmq4,23983236,32,0
1525209460,hmq4,23983769,32,0
1521143240,hmq4,23983707,32,0
1521500780,hmq4,23983688,32,0
1526542860,hmq4,23984039,32,0
867091600,hmq4,24022464,64,0
886522480,hmq4,24022961,64,0
867365000,hmq4,24022753,64,0
864786960,hmq4,24022297,64,0
867882700,hmq4,24022684,64,0
871212220,hmq4,24022774,64,0
868641100,hmq4,24022189,64,0
870246020,hmq4,24021922,64,0
867192640,hmq4,24022388,64,0
866318880,hmq4,24022098,64,0
602573760,hmq4,24108590,128,0
600000820,hmq4,24112238,128,0
602557180,hmq4,24110723,128,0
602587320,hmq4,24110698,128,0
600133300,hmq4,24109237,128,0
600566200,hmq4,24110544,128,0
644176480,hmq4,24109658,128,0
615477600,hmq4,24109226,128,0
645289520,hmq4,24108247,128,0
605808900,hmq4,24109519,128,0
410694800,hmq4,24332967,256,0
410859200,hmq4,24332775,256,0
410878460,hmq4,24333604,256,0
418888360,hmq4,24335289,256,0
427421220,hmq4,24325327,256,0
431058460,hmq4,24335647,256,0
417633500,hmq4,24366933,256,0
414701400,hmq4,24327272,256,0
413198860,hmq4,24333859,256,0
415895960,hmq4,24334148,256,0
