2779721640,heapswarm,6262104,1
2848953800,heapswarm,6262104,1
2855824740,heapswarm,6262104,1
2862707800,heapswarm,6262104,1
2824177860,heapswarm,6262104,1
1713230280,heapswarm,6338535,2
1678602660,heapswarm,6292729,2
1709696840,heapswarm,6301173,2
1671027940,heapswarm,6300013,2
1680062180,heapswarm,6297152,2
912840720,heapswarm,6298133,4
1063463900,heapswarm,6749508,4
949008540,heapswarm,6402975,4
1038482000,heapswarm,6613435,4
1052036980,heapswarm,6705357,4
1483195600,heapswarm,7179142,8
1480931800,heapswarm,7201764,8
1482860040,heapswarm,7219222,8
1502971280,heapswarm,7228619,8
1468797880,heapswarm,7125200,8
863878680,heapswarm,6848658,16
855176660,heapswarm,6805393,16
822627820,heapswarm,6682685,16
1029250840,heapswarm,6987894,16
870033720,heapswarm,6842104,16
533681460,heapswarm,6960428,32
505829480,heapswarm,6868109,32
576148780,heapswarm,6921610,32
540753780,heapswarm,6938870,32
583348520,heapswarm,6940612,32
309990340,heapswarm,6987868,64
305206440,heapswarm,7010870,64
308652480,heapswarm,6927371,64
306044740,heapswarm,6925447,64
306623740,heapswarm,6939432,64
236040880,heapswarm,7282375,128
239215940,heapswarm,7320446,128
239714620,heapswarm,7256178,128
241346460,heapswarm,7256899,128
235654200,heapswarm,7262910,128
155087400,heapswarm,7405290,256
147324460,heapswarm,7252974,256
147329280,heapswarm,7303100,256
177436060,heapswarm,8275638,256
149435700,heapswarm,7318172,256
