44005613220,hmq4,50542759,1,0
44333922040,hmq4,50542837,1,0
44125495080,hmq4,50542739,1,0
43981665080,hmq4,50542777,1,0
44058734400,hmq4,50542788,1,0
44402429080,hmq4,50542678,1,0
43722425200,hmq4,50543138,1,0
44148331360,hmq4,50542708,1,0
44050438580,hmq4,50542774,1,0
43960244500,hmq4,50542731,1,0
27117341160,hmq4,50542894,2,0
27213055660,hmq4,50542957,2,0
27207706100,hmq4,50543238,2,0
27432257540,hmq4,50543308,2,0
27244661560,hmq4,50542908,2,0
27256959380,hmq4,50543000,2,0
27059724720,hmq4,50543138,2,0
27360314960,hmq4,50543191,2,0
27120728460,hmq4,50543269,2,0
27307743720,hmq4,50547676,2,0
14871971960,hmq4,50543501,4,0
14823102860,hmq4,50543380,4,0
14790785220,hmq4,50543191,4,0
14593013200,hmq4,50543179,4,0
14849395300,hmq4,50543053,4,0
14677870380,hmq4,50543275,4,0
14861684100,hmq4,50543176,4,0
14745745780,hmq4,50543448,4,0
14773502840,hmq4,50543256,4,0
14767249820,hmq4,50543448,4,0
13735723940,hmq4,50543884,8,0
13587254880,hmq4,50543701,8,0
13821293820,hmq4,50543960,8,0
13647764000,hmq4,50544790,8,0
13840353100,hmq4,50544181,8,0
13853858800,hmq4,50543909,8,0
13774415120,hmq4,50544045,8,0
13733299620,hmq4,50543765,8,0
13727041300,hmq4,50544340,8,0
13737640940,hmq4,50543939,8,0
7926102620,hmq4,50544972,16,0
8042033060,hmq4,50545099,16,0
7831283640,hmq4,50544541,16,0
8132006720,hmq4,50545004,16,0
7961817500,hmq4,50544688,16,0
7914184960,hmq4,50544908,16,0
7988697020,hmq4,50545807,16,0
7950880280,hmq4,50544738,16,0
8014248900,hmq4,50545975,16,0
8024295240,hmq4,50544878,16,0
4530055600,hmq4,50546057,32,0
4508923520,hmq4,50546398,32,0
4513581620,hmq4,50545756,32,0
4539314560,hmq4,50546328,32,0
4539504580,hmq4,50545447,32,0
4489246440,hmq4,50545981,32,0
4537908400,hmq4,50545773,32,0
4492211780,hmq4,50546566,32,0
4484600440,hmq4,50546397,32,0
4504891140,hmq4,50545587,32,0
2677089640,hmq4,50548124,64,0
2689324960,hmq4,50549085,64,0
2677454200,hmq4,50547709,64,0
2670491700,hmq4,50548103,64,0
2681272420,hmq4,50547217,64,0
2687601120,hmq4,50547817,64,0
2693900480,hmq4,50548971,64,0
2682430340,hmq4,50548093,64,0
2670528400,hmq4,50548531,64,0
2669013400,hmq4,50547657,64,0
2291979140,hmq4,50552789,128,0
2174189220,hmq4,50551399,128,0
2160208920,hmq4,50551366,128,0
2199739680,hmq4,50552895,128,0
2173900600,hmq4,50555352,128,0
2194189680,hmq4,50552766,128,0
2103305780,hmq4,50552070,128,0
2142861660,hmq4,50552413,128,0
2156481060,hmq4,50555183,128,0
2130611900,hmq4,50552233,128,0
1869666680,hmq4,50560256,256,0
1882116220,hmq4,50559916,256,0
1810430380,hmq4,50565621,256,0
1876360360,hmq4,50565138,256,0
1917479800,hmq4,50559566,256,0
1846795760,hmq4,50562609,256,0
2033463140,hmq4,50560254,256,0
1837547740,hmq4,50562038,256,0
1883262380,hmq4,50563158,256,0
1847595000,hmq4,50563210,256,0
