186874765920,spraylist,35016137,1
186615521880,spraylist,35016137,1
186070343440,spraylist,35016137,1
185661328300,spraylist,35016137,1
185705732540,spraylist,35016137,1
86524338100,88094572500,spraylist,35016138,2
88225980940,spraylist,35016138,2
88419510840,spraylist,35016138,2
88526107520,spraylist,35016137,2
47046250780,spraylist,35019608,4
47022563560,spraylist,35016677,4
47211087240,spraylist,35019444,4
46985611200,spraylist,35017773,4
47071556900,spraylist,35017936,4
30571514480,spraylist,35018200,8
30587808160,spraylist,35019982,8
30521330840,spraylist,35020364,8
30525195360,spraylist,35019397,8
30447514240,spraylist,35018206,8
17645625160,spraylist,35021643,16
17558831200,spraylist,35024696,16
17589554780,spraylist,35026474,16
17550543700,spraylist,35023336,16
17588716660,spraylist,35022349,16
10472536220,spraylist,35415209,32
10541258040,spraylist,35558778,32
10536675500,spraylist,35407288,32
10543745320,spraylist,35477345,32
10524037560,spraylist,35261184,32
7043248160,spraylist,36330443,64
6989817760,spraylist,36265049,64
7020811120,spraylist,36307500,64
7010715620,spraylist,36373025,64
7017602400,spraylist,36425480,64
6332432280,spraylist,36984670,128
6473379540,spraylist,37659863,128
6370382220,spraylist,37391560,128
6341386600,spraylist,37166868,128
6382376740,spraylist,37497004,128
5056042020,spraylist,38152415,256
5023271940,spraylist,38295936,256
5087659240,spraylist,38096607,256
5006118040,spraylist,38135818,256
5171832560,spraylist,38842791,256
