39251907580,heapswarm,50542646,1
39264615760,heapswarm,50542646,1
39245960260,heapswarm,50542646,1
39265661300,heapswarm,50542646,1
39279348700,heapswarm,50542646,1
22749527620,heapswarm,50597929,2
23369507740,heapswarm,50559635,2
22750269940,heapswarm,50691315,2
22614920520,heapswarm,50543958,2
23425300220,heapswarm,50748101,2
14714279220,heapswarm,51678580,4
14394631700,heapswarm,51645443,4
14781929340,heapswarm,52040936,4
14455505440,heapswarm,51430281,4
14930754780,heapswarm,51755473,4
11558777000,heapswarm,51350024,8
11353042860,heapswarm,51059740,8
11701838060,heapswarm,51177789,8
11826923400,heapswarm,51035685,8
11275756460,heapswarm,50788737,8
7366025300,heapswarm,50939546,16
7439984040,heapswarm,51090669,16
7210032180,heapswarm,51063394,16
7254324600,heapswarm,51221441,16
7589077160,heapswarm,51387665,16
4160552380,heapswarm,50692532,32
4163363600,heapswarm,50796298,32
4289603060,heapswarm,50603457,32
4212770620,heapswarm,50662721,32
4174274460,heapswarm,50704798,32
2427446740,heapswarm,50659575,64
2436837940,heapswarm,50774268,64
2446384920,heapswarm,51028430,64
2447583780,heapswarm,50769832,64
2448589200,heapswarm,50829978,64
1978172660,heapswarm,52408292,128
1900493380,heapswarm,52340414,128
1935088760,heapswarm,52290113,128
1918510960,heapswarm,52410143,128
1949119220,heapswarm,52443064,128
1678012100,heapswarm,57889176,256
1467685500,heapswarm,53918646,256
1419134360,heapswarm,54120451,256
1818540740,heapswarm,60449646,256
1466738300,heapswarm,55073681,256
