11786689300,heapswarm,23947347,1
11820104060,heapswarm,23947347,1
11772615540,heapswarm,23947347,1
11838128880,heapswarm,23947347,1
11681806400,heapswarm,23947347,1
6701632980,heapswarm,24261709,2
6783936180,heapswarm,24362405,2
6817891240,heapswarm,24321907,2
6741883040,heapswarm,24273646,2
6679335400,heapswarm,24291035,2
3955169860,heapswarm,25130452,4
4091628340,heapswarm,25450742,4
3977461180,heapswarm,25254464,4
4038537100,heapswarm,25329302,4
4112700420,heapswarm,25563766,4
5939507600,heapswarm,27520162,8
5735279380,heapswarm,27521993,8
5626416820,heapswarm,27359388,8
5953565960,heapswarm,27746725,8
5924840420,heapswarm,27549433,8
4062942340,heapswarm,26922794,16
4092085740,heapswarm,27097802,16
3644495960,heapswarm,26427326,16
4039421180,heapswarm,27204640,16
3960370100,heapswarm,27003758,16
2040524480,heapswarm,26614150,32
1911155260,heapswarm,26062793,32
2220436200,heapswarm,27504851,32
2037477600,heapswarm,26631612,32
2162971620,heapswarm,26649389,32
1173610380,heapswarm,26695770,64
1185117580,heapswarm,26904549,64
1187524780,heapswarm,27068204,64
1194160020,heapswarm,26761702,64
1186868020,heapswarm,26706845,64
1068922480,heapswarm,28848763,128
909029040,heapswarm,28215958,128
925977980,heapswarm,28291801,128
963871400,heapswarm,28533360,128
1019406760,heapswarm,30668071,128
622974280,heapswarm,29600634,256
821703540,heapswarm,36386397,256
643798980,heapswarm,30479495,256
880091800,heapswarm,37904952,256
687873140,heapswarm,31827140,256
