17027978280,spraylist,23947347,1
17055776460,spraylist,23947347,1
16893661100,spraylist,23947347,1
16868883120,spraylist,23947347,1
16776088640,spraylist,23947347,1
13973400020,spraylist,23947348,2
13918750200,spraylist,23947349,2
13858211660,spraylist,23947350,2
2305931760,13861642420,spraylist,23947350,2
8445490500,spraylist,23947429,4
8433118680,spraylist,23947421,4
8418108800,spraylist,23947436,4
8416752120,spraylist,23947401,4
8433657200,spraylist,23947412,4
10920770280,spraylist,23948614,8
10846435080,spraylist,23948718,8
10806238700,spraylist,23948759,8
10736961540,spraylist,23948699,8
10915400180,spraylist,23948947,8
7703228060,spraylist,23964347,16
7727525920,spraylist,23963959,16
7684957380,spraylist,23964318,16
7696281060,spraylist,23966215,16
7742215960,spraylist,23964656,16
5291058260,spraylist,24042457,32
5309982280,spraylist,24036734,32
5308140220,spraylist,24033564,32
5251711540,spraylist,24040741,32
5334163380,spraylist,24033141,32
4280043100,spraylist,24914597,64
4233092180,spraylist,24954796,64
4258948160,spraylist,24934413,64
4250098960,spraylist,24932030,64
4266630660,spraylist,24868350,64
7319404780,spraylist,28307100,128
7269470180,spraylist,28623599,128
7452162940,spraylist,28783344,128
7036704420,spraylist,28541454,128
7141438360,spraylist,28532852,128
14198695020,spraylist,37248962,256
14083338920,spraylist,36239792,256
14584345140,spraylist,34600996,256
13592535600,spraylist,37454767,256
15072153720,spraylist,33799268,256
