4293026700,spraylist,6262104,1
4324965440,spraylist,6262104,1
4284532520,spraylist,6262104,1
4239814580,spraylist,6262104,1
4285236300,spraylist,6262104,1
3685475360,spraylist,6262109,2
3614972980,spraylist,6262104,2
3644923540,spraylist,6262106,2
3610382640,spraylist,6262106,2
3598219780,spraylist,6262108,2
2118383380,spraylist,6262183,4
2127863200,spraylist,6262190,4
2122703440,spraylist,6262201,4
2126870980,spraylist,6262227,4
2113170780,spraylist,6262176,4
2867406000,spraylist,6263273,8
2857221420,spraylist,6263549,8
2856309740,spraylist,6263473,8
2846310240,spraylist,6263494,8
2844790920,spraylist,6263493,8
2048163600,spraylist,6279508,16
2045874680,spraylist,6279675,16
2045113280,spraylist,6279001,16
2057760900,spraylist,6279905,16
2050480340,spraylist,6278000,16
1397732020,spraylist,6348940,32
1430656820,spraylist,6346992,32
1454545300,spraylist,6345463,32
1383950360,spraylist,6344838,32
1413999500,spraylist,6348999,32
1536570560,spraylist,6927803,64
1530557520,spraylist,6948788,64
1522537880,spraylist,6910779,64
1537270240,spraylist,6993365,64
1551929240,spraylist,6968454,64
4763864740,spraylist,8724014,128
4467134880,spraylist,9130303,128
4917075380,spraylist,8397965,128
4647192300,spraylist,8490080,128
4618372980,spraylist,8658216,128
9413697120,spraylist,8500390,256
9584707320,spraylist,8788613,256
9397109140,spraylist,8937514,256
9680295860,spraylist,8659043,256
10002195860,spraylist,8660811,256
