50953314880,spraylist,50542646,1
51096035260,spraylist,50542646,1
51041798980,spraylist,50542646,1
50953877040,spraylist,50542646,1
50994956540,spraylist,50542646,1
28540437420,37314194780,spraylist,50542646,2
28616189300,37479560080,spraylist,50542646,2
9976444480,22033533800,spraylist,50542646,4
21958841800,spraylist,50542647,4
22112455780,spraylist,50542660,4
22029002760,spraylist,50542658,4
22073786980,spraylist,50542661,4
23764699680,spraylist,50542802,8
23768016040,spraylist,50542706,8
23569657280,spraylist,50542755,8
23684553240,spraylist,50542784,8
23730829220,spraylist,50542722,8
15382867400,spraylist,50542815,16
15433893120,spraylist,50542756,16
15406440840,spraylist,50542903,16
15404379920,spraylist,50543040,16
15388889160,spraylist,50543030,16
10056515180,spraylist,50543000,32
10085134960,spraylist,50543047,32
10092068760,spraylist,50542998,32
10126281180,spraylist,50543085,32
10116424680,spraylist,50543052,32
6938557100,spraylist,50543953,64
6977229540,spraylist,50544257,64
6952391820,spraylist,50544780,64
6961626940,spraylist,50544440,64
7015631240,spraylist,50544118,64
5948216020,spraylist,50547835,128
6163488000,spraylist,50568321,128
5954465420,spraylist,50547054,128
5936436200,spraylist,50547544,128
5937651260,spraylist,50556230,128
3605047440,spraylist,50591102,256
3782775040,spraylist,50576679,256
3561620080,spraylist,50567340,256
3584072280,spraylist,50554279,256
3585155540,spraylist,50559589,256
