14632161280,heapswarm,12524207,1,0
14753646720,heapswarm,12524207,1,0
14705391980,heapswarm,12524207,1,0
14630874520,heapswarm,12524207,1,0
14754575640,heapswarm,12524207,1,0
9793910740,heapswarm,12924057,2,0
10554309760,heapswarm,12746448,2,0
10396588540,heapswarm,12743229,2,0
10479903260,heapswarm,12744388,2,0
9770380140,heapswarm,12931604,2,0
5693730280,heapswarm,12868126,4,0
5717676200,heapswarm,12807229,4,0
5715472640,heapswarm,12805402,4,0
5400823700,heapswarm,12986791,4,0
5682484360,heapswarm,12833779,4,0
4587587720,heapswarm,12757091,8,0
4609615020,heapswarm,12757095,8,0
4558965520,heapswarm,12754426,8,0
4637100840,heapswarm,12753676,8,0
4546682120,heapswarm,12753251,8,0
2977309840,heapswarm,12704472,16,0
2980028900,heapswarm,12695153,16,0
3063476420,heapswarm,12698357,16,0
2985679120,heapswarm,12696480,16,0
3007675080,heapswarm,12697188,16,0
1971897900,heapswarm,12747360,32,0
1997894680,heapswarm,12660908,32,0
2008640440,heapswarm,12662912,32,0
1990604720,heapswarm,12652674,32,0
1991833420,heapswarm,12714319,32,0
1466178560,heapswarm,12756329,64,0
1538758760,heapswarm,12756828,64,0
1594418200,heapswarm,12756722,64,0
1590612740,heapswarm,12722331,64,0
1619943260,heapswarm,12737770,64,0
1738468660,heapswarm,12681898,128,0
2000008240,heapswarm,12618998,128,0
2129239080,heapswarm,12645368,128,0
2042416460,heapswarm,12634566,128,0
2089807660,heapswarm,12631454,128,0
1689866100,heapswarm,12818798,256,0
1832125820,heapswarm,12789409,256,0
2085936220,heapswarm,12927344,256,0
1802129360,heapswarm,12816881,256,0
2053882520,heapswarm,12838278,256,0
