60282752160,heapswarm,47894693,1,0
60779780260,heapswarm,47894693,1,0
60261740520,heapswarm,47894693,1,0
60751067660,heapswarm,47894693,1,0
60802319400,heapswarm,47894693,1,0
41814529540,heapswarm,49486107,2,0
80631268980,heapswarm,48728409,2,0
65855697020,heapswarm,48703110,2,0
100758747420,heapswarm,50163410,2,0
86877563540,heapswarm,48899021,2,0
26144126800,heapswarm,48976506,4,0
24798367100,heapswarm,48911946,4,0
26434440660,heapswarm,48897692,4,0
23976147280,heapswarm,48921701,4,0
23748226000,heapswarm,48892299,4,0
18305553260,heapswarm,48677278,8,0
18810899700,heapswarm,48514515,8,0
18166208400,heapswarm,48680013,8,0
18576353880,heapswarm,48436274,8,0
18171441480,heapswarm,48673962,8,0
12062656580,heapswarm,48481663,16,0
12279331100,heapswarm,48487959,16,0
12306556200,heapswarm,48513885,16,0
12337868380,heapswarm,48523110,16,0
11992422040,heapswarm,48493897,16,0
7972460540,heapswarm,48585097,32,0
8123578780,heapswarm,48491367,32,0
8157801680,heapswarm,48602640,32,0
8096697940,heapswarm,48505426,32,0
8111734300,heapswarm,48508127,32,0
5866672400,heapswarm,48746658,64,0
5856008440,heapswarm,48714268,64,0
5832320280,heapswarm,48724742,64,0
5871871960,heapswarm,48770425,64,0
5844884340,heapswarm,48750313,64,0
6835020880,heapswarm,48133862,128,0
6459278280,heapswarm,48121559,128,0
6492666920,heapswarm,48139937,128,0
6359253520,heapswarm,48088513,128,0
6537865020,heapswarm,48194992,128,0
20505159280,heapswarm,48903229,256,0
10618435720,heapswarm,48855494,256,0
11486042040,heapswarm,48866633,256,0
13205374300,heapswarm,48806204,256,0
10687379500,heapswarm,48784182,256,0
