299132780460,spraylist,75746153,1,10
299040944320,spraylist,75746153,1,10
298247238420,spraylist,75746153,1,10
299034450760,spraylist,75746153,1,10
298913895420,spraylist,75746153,1,10
76471653260,spraylist,75746549,4,10
76392252340,spraylist,75746514,4,10
76422924980,spraylist,75746681,4,10
76440217120,spraylist,75745691,4,10
76351637360,spraylist,75746895,4,10
54177722860,spraylist,75747532,8,10
54141671040,spraylist,75748535,8,10
53995073840,spraylist,75747150,8,10
54072986960,spraylist,75747315,8,10
54258077340,spraylist,75746727,8,10
33451791280,spraylist,75752815,16,10
33305350180,spraylist,75753172,16,10
33315575720,spraylist,75750453,16,10
33458561060,spraylist,75751913,16,10
33492018540,spraylist,75751987,16,10
20458304260,spraylist,75767005,32,10
20480644680,spraylist,75783582,32,10
20524378520,spraylist,75775750,32,10
20600096760,spraylist,75765176,32,10
20489390900,spraylist,75776345,32,10
13156975320,spraylist,75881760,64,10
13219351660,spraylist,75849027,64,10
13313303940,spraylist,75884122,64,10
13089072760,spraylist,75861184,64,10
13095791400,spraylist,75864075,64,10
10602553000,spraylist,76097343,128,10
10658356620,spraylist,76209567,128,10
10626299240,spraylist,76182648,128,10
10641952300,spraylist,76164207,128,10
10671159400,spraylist,76230883,128,10
6876261500,spraylist,76935350,256,10
6922461940,spraylist,76858311,256,10
6889503020,spraylist,76721640,256,10
6884811720,spraylist,76729729,256,10
6926447620,spraylist,77158604,256,10
