120786764460,heapswarm,75746341,1,10
121069762900,heapswarm,75746341,1,10
121171756960,heapswarm,75746341,1,10
120893102280,heapswarm,75746341,1,10
120728231360,heapswarm,75746341,1,10
62010436480,heapswarm,75865012,2,10
62460657920,heapswarm,75982264,2,10
62041476640,heapswarm,75887146,2,10
62531364800,heapswarm,75782324,2,10
61830761660,heapswarm,75748245,2,10
32250903800,heapswarm,75859282,4,10
33194752620,heapswarm,77358837,4,10
32150586120,heapswarm,75858653,4,10
32161558940,heapswarm,75881771,4,10
32179794680,heapswarm,75876520,4,10
21149744340,heapswarm,76230719,8,10
21485994380,heapswarm,76250133,8,10
21308551500,heapswarm,76205097,8,10
21358338060,heapswarm,76405694,8,10
21391191800,heapswarm,76348003,8,10
12329445980,heapswarm,75999642,16,10
12076796100,heapswarm,76129217,16,10
11937360920,heapswarm,76180423,16,10
12523367420,heapswarm,76133341,16,10
11914587360,heapswarm,76223328,16,10
6957864060,heapswarm,76312368,32,10
6644633580,heapswarm,76293585,32,10
6806130340,heapswarm,76189451,32,10
6650500460,heapswarm,76259886,32,10
6653820440,heapswarm,76246250,32,10
3922228800,heapswarm,76637419,64,10
3947287260,heapswarm,76901658,64,10
3919977020,heapswarm,76698578,64,10
3946630960,heapswarm,76825154,64,10
3943984620,heapswarm,76671051,64,10
3014529400,heapswarm,80415537,128,10
3016173720,heapswarm,80230482,128,10
2995575320,heapswarm,80381357,128,10
3011664660,heapswarm,80507922,128,10
2967645040,heapswarm,80335055,128,10
2759666240,heapswarm,93542596,256,10
3668298100,heapswarm,120745267,256,10
3766628140,heapswarm,121755590,256,10
3116088840,heapswarm,105699105,256,10
3716998020,heapswarm,121982526,256,10
