184040267200,heapswarm,84822203,1,10
183481237980,heapswarm,84822203,1,10
182726968900,heapswarm,84822203,1,10
183545501360,heapswarm,84822203,1,10
183964921680,heapswarm,84822203,1,10
94302595960,heapswarm,84828904,2,10
93694885180,heapswarm,84820484,2,10
93943692020,heapswarm,84823034,2,10
94268887320,heapswarm,84830564,2,10
93560161540,heapswarm,84823404,2,10
47971238860,heapswarm,84828755,4,10
48633374680,heapswarm,84839652,4,10
47715734580,heapswarm,84839831,4,10
47937579240,heapswarm,84838001,4,10
48689701060,heapswarm,84828777,4,10
27802413340,heapswarm,84858640,8,10
28058271820,heapswarm,84870249,8,10
28194229360,heapswarm,85122046,8,10
27940653740,heapswarm,84864539,8,10
28946602900,heapswarm,85005284,8,10
16526578160,heapswarm,85167349,16,10
16695531240,heapswarm,85058303,16,10
17103909780,heapswarm,85058720,16,10
16228930220,heapswarm,85345482,16,10
17018543500,heapswarm,85195093,16,10
9697653780,heapswarm,85384503,32,10
10026953500,heapswarm,85728644,32,10
10015360180,heapswarm,86034450,32,10
10293601740,heapswarm,86038639,32,10
9800248640,heapswarm,86100242,32,10
6415813920,heapswarm,87423830,64,10
6454920020,heapswarm,87128495,64,10
6115842180,heapswarm,87191081,64,10
6037106900,heapswarm,87101753,64,10
6008654320,heapswarm,87462580,64,10
5937930520,heapswarm,91999986,128,10
5927848600,heapswarm,90224165,128,10
5542465240,heapswarm,91106059,128,10
5818678560,heapswarm,90262698,128,10
5767593540,heapswarm,90843041,128,10
5520738800,heapswarm,94356128,256,10
5064582240,heapswarm,92166799,256,10
5362789480,heapswarm,92821124,256,10
5183593380,heapswarm,92740240,256,10
5243823160,heapswarm,92482960,256,10
