19002445200,hmq4,84826438,16,0
18921641940,hmq4,84825731,16,0
18974590380,hmq4,84826240,16,0
18995341500,hmq4,84823976,16,0
18858355760,hmq4,84825399,16,0
19082996840,hmq4,84822191,16,0
18887740180,hmq4,84816803,16,0
19118825920,hmq4,84827142,16,0
18956028520,hmq4,84820571,16,0
19104503400,hmq4,84821644,16,0
10473237520,hmq4,84825480,32,0
10458642440,hmq4,84828239,32,0
10444361740,hmq4,84826687,32,0
10590542740,hmq4,84822474,32,0
10566976340,hmq4,84817615,32,0
10547588780,hmq4,84827444,32,0
10519038700,hmq4,84819351,32,0
10481680340,hmq4,84827056,32,0
10545481920,hmq4,84831528,32,0
10590871580,hmq4,84830378,32,0
6889050860,hmq4,84844910,64,0
6860809360,hmq4,84839731,64,0
6905846380,hmq4,84854454,64,0
6860284940,hmq4,84865173,64,0
6898006080,hmq4,84857688,64,0
6886841560,hmq4,84898181,64,0
6846461780,hmq4,84849137,64,0
6889998320,hmq4,84847275,64,0
6864625680,hmq4,84846753,64,0
6823281100,hmq4,84840369,64,0
7741683540,hmq4,84901142,128,0
7740305380,hmq4,84928541,128,0
7729966720,hmq4,84933923,128,0
7805482640,hmq4,84927587,128,0
7791169040,hmq4,84914695,128,0
7846975860,hmq4,84917446,128,0
7795686220,hmq4,84969041,128,0
7810735720,hmq4,84929823,128,0
7836334780,hmq4,84934046,128,0
7880978320,hmq4,84938475,128,0
6699514720,hmq4,85190794,256,0
6686519280,hmq4,85454265,256,0
6705989340,hmq4,85392607,256,0
6674494500,hmq4,85307843,256,0
6679709780,hmq4,85239053,256,0
6716410560,hmq4,85511052,256,0
6647396060,hmq4,85268630,256,0
6667754220,hmq4,85309656,256,0
6680123800,hmq4,85230782,256,0
7000690360,hmq4,85250037,256,0
193202984560,hmq4,84820260,1,0
193096851080,hmq4,84818098,1,0
193759983120,hmq4,84827027,1,0
101005149060,hmq4,84821700,2,0
101221500580,hmq4,84821625,2,0
101182332900,hmq4,84825257,2,0
51750226840,hmq4,84822546,4,0
51628808280,hmq4,84822894,4,0
51765264080,hmq4,84823831,4,0
33759170180,hmq4,84823448,8,0
33784831340,hmq4,84822744,8,0
33869615080,hmq4,84823994,8,0
