2980475680,heapswarm,6715858,1,10
2941153820,heapswarm,6715858,1,10
2932975220,heapswarm,6715858,1,10
2951870680,heapswarm,6715858,1,10
2923148080,heapswarm,6715858,1,10
2124369460,heapswarm,6815390,2,10
2126169920,heapswarm,6824674,2,10
2120399500,heapswarm,6845253,2,10
2060918360,heapswarm,6859509,2,10
2124851380,heapswarm,6822867,2,10
1160183840,heapswarm,7036312,4,10
1162632080,heapswarm,7029168,4,10
1169332740,heapswarm,7068808,4,10
1161124120,heapswarm,7021004,4,10
1169151100,heapswarm,7063735,4,10
1788486760,heapswarm,7718735,8,10
1792731980,heapswarm,7755670,8,10
1691065900,heapswarm,7473003,8,10
1786485100,heapswarm,7814556,8,10
1655861700,heapswarm,7361793,8,10
1020123240,heapswarm,7369088,16,10
1116958120,heapswarm,7323563,16,10
1121146740,heapswarm,7334254,16,10
1141852620,heapswarm,7312317,16,10
1077005100,heapswarm,7330095,16,10
639935740,heapswarm,7360783,32,10
630156520,heapswarm,7432003,32,10
569929860,heapswarm,7363898,32,10
640041940,heapswarm,7371715,32,10
568623160,heapswarm,7369810,32,10
361314820,heapswarm,7729907,64,10
397516360,heapswarm,8745707,64,10
348022440,heapswarm,7525666,64,10
345430020,heapswarm,7484525,64,10
348874180,heapswarm,7480842,64,10
265951740,heapswarm,8187577,128,10
268171860,heapswarm,8217781,128,10
264475820,heapswarm,8184709,128,10
286962940,heapswarm,8884374,128,10
264508660,heapswarm,8201830,128,10
175469320,heapswarm,9007116,256,10
172000740,heapswarm,9008566,256,10
164466940,heapswarm,8929138,256,10
167992740,heapswarm,8953886,256,10
170102880,heapswarm,8904804,256,10
