1701703340,mqlpnuma_4_256_512_1,36227548,128
1706591460,mqlpnuma_4_256_512_1,36227488,128
1688030898,mqlpnuma_4_256_512_1,36066067,128
1705496790,mqlpnuma_4_256_512_1,36173339,128
1763639060,mqlpnuma_4_256_512_1,36090928,128
1590212620,mqlpnuma_4_256_512_2,36273239,128
1681790918,mqlpnuma_4_256_512_2,36267314,128
1594734246,mqlpnuma_4_256_512_2,36290484,128
1595633724,mqlpnuma_4_256_512_2,36294859,128
1602331096,mqlpnuma_4_256_512_2,36479886,128
1421919952,mqlpnuma_4_256_512_4,36654659,128
1414297088,mqlpnuma_4_256_512_4,36483245,128
1435791728,mqlpnuma_4_256_512_4,36632666,128
1424437106,mqlpnuma_4_256_512_4,36636580,128
1413151866,mqlpnuma_4_256_512_4,36442903,128
1258181162,mqlpnuma_4_256_512_8,36744240,128
1250854334,mqlpnuma_4_256_512_8,36736158,128
1248479532,mqlpnuma_4_256_512_8,36617282,128
1249938892,mqlpnuma_4_256_512_8,36683287,128
1249086968,mqlpnuma_4_256_512_8,36636589,128
1132922094,mqlpnuma_4_256_512_16,36860375,128
1125229080,mqlpnuma_4_256_512_16,36847594,128
1126171460,mqlpnuma_4_256_512_16,36891448,128
1129251094,mqlpnuma_4_256_512_16,36872863,128
1128724952,mqlpnuma_4_256_512_16,36897929,128
1051897732,mqlpnuma_4_256_512_32,37198471,128
1050739766,mqlpnuma_4_256_512_32,37186834,128
1046429114,mqlpnuma_4_256_512_32,37066867,128
1048033256,mqlpnuma_4_256_512_32,37036573,128
1046870232,mqlpnuma_4_256_512_32,37093965,128
997350256,mqlpnuma_4_256_512_64,37541713,128
993987704,mqlpnuma_4_256_512_64,37439241,128
999220014,mqlpnuma_4_256_512_64,37449542,128
1000375562,mqlpnuma_4_256_512_64,37576795,128
995998412,mqlpnuma_4_256_512_64,37445058,128
967324204,mqlpnuma_4_256_512_128,38180192,128
966710948,mqlpnuma_4_256_512_128,38063093,128
973942950,mqlpnuma_4_256_512_128,38320338,128
972662942,mqlpnuma_4_256_512_128,38280271,128
967250430,mqlpnuma_4_256_512_128,38127408,128
963890960,mqlpnuma_4_256_512_256,39420626,128
969871598,mqlpnuma_4_256_512_256,39459285,128
967799012,mqlpnuma_4_256_512_256,39396770,128
968868644,mqlpnuma_4_256_512_256,39490414,128
965162034,mqlpnuma_4_256_512_256,39259392,128
983334008,mqlpnuma_4_256_512_512,41243091,128
974809634,mqlpnuma_4_256_512_512,40789636,128
976052720,mqlpnuma_4_256_512_512,40969770,128
973056594,mqlpnuma_4_256_512_512,40695822,128
989223832,mqlpnuma_4_256_512_512,41284739,128
1024472620,mqlpnuma_4_256_512_1024,43877888,128
998388662,mqlpnuma_4_256_512_1024,42602311,128
1021284840,mqlpnuma_4_256_512_1024,43302631,128
1028945696,mqlpnuma_4_256_512_1024,44066214,128
1014754506,mqlpnuma_4_256_512_1024,43348808,128
