181138270,mqlpnuma_4_8_128_1,6672272,128
183296954,mqlpnuma_4_8_128_1,6668629,128
179621548,mqlpnuma_4_8_128_1,6661786,128
179046442,mqlpnuma_4_8_128_1,6660753,128
179015704,mqlpnuma_4_8_128_1,6673014,128
164549220,mqlpnuma_4_8_128_2,6666594,128
164166718,mqlpnuma_4_8_128_2,6667388,128
164156330,mqlpnuma_4_8_128_2,6662213,128
163811418,mqlpnuma_4_8_128_2,6664335,128
164564370,mqlpnuma_4_8_128_2,6670745,128
143509736,mqlpnuma_4_8_128_4,6677713,128
147538702,mqlpnuma_4_8_128_4,6680199,128
146304582,mqlpnuma_4_8_128_4,6683537,128
145112724,mqlpnuma_4_8_128_4,6702691,128
145161072,mqlpnuma_4_8_128_4,6687753,128
127079342,mqlpnuma_4_8_128_8,6697639,128
126119160,mqlpnuma_4_8_128_8,6700191,128
128415100,mqlpnuma_4_8_128_8,6700427,128
126709660,mqlpnuma_4_8_128_8,6689777,128
127653264,mqlpnuma_4_8_128_8,6707310,128
114359712,mqlpnuma_4_8_128_16,6729357,128
114229440,mqlpnuma_4_8_128_16,6727180,128
114605138,mqlpnuma_4_8_128_16,6759012,128
113913112,mqlpnuma_4_8_128_16,6736687,128
114596974,mqlpnuma_4_8_128_16,6741328,128
104841888,mqlpnuma_4_8_128_32,6769189,128
105349444,mqlpnuma_4_8_128_32,6782861,128
105480714,mqlpnuma_4_8_128_32,6773875,128
104724422,mqlpnuma_4_8_128_32,6756784,128
105033184,mqlpnuma_4_8_128_32,6792888,128
99441856,mqlpnuma_4_8_128_64,6878957,128
103344190,mqlpnuma_4_8_128_64,7004864,128
98890260,mqlpnuma_4_8_128_64,6872116,128
99599052,mqlpnuma_4_8_128_64,6868946,128
98810934,mqlpnuma_4_8_128_64,6875353,128
97624302,mqlpnuma_4_8_128_128,7170163,128
97337914,mqlpnuma_4_8_128_128,7093772,128
95329820,mqlpnuma_4_8_128_128,7025964,128
95312836,mqlpnuma_4_8_128_128,7011237,128
96027916,mqlpnuma_4_8_128_128,7127680,128
96905490,mqlpnuma_4_8_128_256,7516946,128
99636716,mqlpnuma_4_8_128_256,7646807,128
98350466,mqlpnuma_4_8_128_256,7464368,128
100212872,mqlpnuma_4_8_128_256,7795163,128
96110286,mqlpnuma_4_8_128_256,7452405,128
98834336,mqlpnuma_4_8_128_512,8015145,128
104227210,mqlpnuma_4_8_128_512,8546918,128
97351582,mqlpnuma_4_8_128_512,7946498,128
97193092,mqlpnuma_4_8_128_512,7913311,128
105078052,mqlpnuma_4_8_128_512,8737325,128
117356930,mqlpnuma_4_8_128_1024,10323190,128
110612592,mqlpnuma_4_8_128_1024,9588925,128
118772454,mqlpnuma_4_8_128_1024,10037609,128
112245004,mqlpnuma_4_8_128_1024,9768873,128
110653722,mqlpnuma_4_8_128_1024,9460681,128
