3718840194,mqlpnuma_4_512_128_1,41275808,128
3526867102,mqlpnuma_4_512_128_1,40991788,128
3663399552,mqlpnuma_4_512_128_1,41923094,128
3449366602,mqlpnuma_4_512_128_1,41628694,128
3708664980,mqlpnuma_4_512_128_1,41475728,128
3587443230,mqlpnuma_4_512_128_2,40359558,128
3569087828,mqlpnuma_4_512_128_2,41190209,128
3554419200,mqlpnuma_4_512_128_2,41511379,128
3770997142,mqlpnuma_4_512_128_2,41311963,128
3668319882,mqlpnuma_4_512_128_2,40727606,128
3380631394,mqlpnuma_4_512_128_4,40797799,128
3635048850,mqlpnuma_4_512_128_4,42164309,128
3690447194,mqlpnuma_4_512_128_4,42394663,128
3543052966,mqlpnuma_4_512_128_4,41298276,128
3475824572,mqlpnuma_4_512_128_4,41354864,128
3590012096,mqlpnuma_4_512_128_8,42802774,128
3921841392,mqlpnuma_4_512_128_8,43392967,128
3989275624,mqlpnuma_4_512_128_8,44264104,128
3772652270,mqlpnuma_4_512_128_8,44903449,128
3698137314,mqlpnuma_4_512_128_8,43388779,128
4168692742,mqlpnuma_4_512_128_16,49093127,128
4406301332,mqlpnuma_4_512_128_16,48318268,128
4212216182,mqlpnuma_4_512_128_16,48045971,128
4217418496,mqlpnuma_4_512_128_16,45929728,128
4204015832,mqlpnuma_4_512_128_16,49626576,128
4715383454,mqlpnuma_4_512_128_32,54316848,128
4580451734,mqlpnuma_4_512_128_32,50738375,128
4549743598,mqlpnuma_4_512_128_32,53852029,128
4515011062,mqlpnuma_4_512_128_32,52578513,128
4632592136,mqlpnuma_4_512_128_32,53396958,128
5008983550,mqlpnuma_4_512_128_64,55367373,128
5296125996,mqlpnuma_4_512_128_64,59001132,128
4308191830,mqlpnuma_4_512_128_64,54033380,128
5194554200,mqlpnuma_4_512_128_64,58921538,128
5342223064,mqlpnuma_4_512_128_64,59288416,128
5799134892,mqlpnuma_4_512_128_128,61641857,128
5994333598,mqlpnuma_4_512_128_128,62150157,128
5583068442,mqlpnuma_4_512_128_128,59978832,128
5924769616,mqlpnuma_4_512_128_128,64133812,128
5426326808,mqlpnuma_4_512_128_128,59673795,128
6744277554,mqlpnuma_4_512_128_256,64697912,128
6003330810,mqlpnuma_4_512_128_256,60738015,128
6934113606,mqlpnuma_4_512_128_256,67445876,128
4997358968,mqlpnuma_4_512_128_256,58617767,128
7180739668,mqlpnuma_4_512_128_256,68293548,128
7263347090,mqlpnuma_4_512_128_512,64157694,128
7281599420,mqlpnuma_4_512_128_512,64621481,128
7749798616,mqlpnuma_4_512_128_512,66707818,128
7423682238,mqlpnuma_4_512_128_512,66093287,128
7350688378,mqlpnuma_4_512_128_512,66846302,128
8334243584,mqlpnuma_4_512_128_1024,69657008,128
8414831670,mqlpnuma_4_512_128_1024,69502703,128
7320425808,mqlpnuma_4_512_128_1024,65921708,128
8256747344,mqlpnuma_4_512_128_1024,65768524,128
8620655338,mqlpnuma_4_512_128_1024,68199348,128
