571918002,mqlpnuma_4_8_1024_1,25897362,128
569894292,mqlpnuma_4_8_1024_1,25893608,128
568301452,mqlpnuma_4_8_1024_1,25896316,128
568682136,mqlpnuma_4_8_1024_1,26033962,128
567082724,mqlpnuma_4_8_1024_1,25896526,128
526727494,mqlpnuma_4_8_1024_2,25856767,128
524520280,mqlpnuma_4_8_1024_2,25885130,128
525074652,mqlpnuma_4_8_1024_2,25859348,128
527571258,mqlpnuma_4_8_1024_2,26010982,128
524227692,mqlpnuma_4_8_1024_2,25848496,128
468723146,mqlpnuma_4_8_1024_4,25850085,128
470749604,mqlpnuma_4_8_1024_4,25848260,128
478274062,mqlpnuma_4_8_1024_4,26199686,128
473062136,mqlpnuma_4_8_1024_4,25856546,128
476008988,mqlpnuma_4_8_1024_4,25848932,128
418782966,mqlpnuma_4_8_1024_8,25840757,128
422245998,mqlpnuma_4_8_1024_8,25933523,128
422642006,mqlpnuma_4_8_1024_8,25860559,128
422626096,mqlpnuma_4_8_1024_8,25844215,128
419301954,mqlpnuma_4_8_1024_8,25880086,128
385241742,mqlpnuma_4_8_1024_16,25897534,128
385784320,mqlpnuma_4_8_1024_16,25938473,128
383512896,mqlpnuma_4_8_1024_16,25904413,128
384882378,mqlpnuma_4_8_1024_16,25926323,128
384509922,mqlpnuma_4_8_1024_16,25912177,128
357217262,mqlpnuma_4_8_1024_32,26005749,128
359010638,mqlpnuma_4_8_1024_32,26011984,128
360093000,mqlpnuma_4_8_1024_32,26053963,128
359701454,mqlpnuma_4_8_1024_32,26044459,128
357321736,mqlpnuma_4_8_1024_32,26016220,128
338495202,mqlpnuma_4_8_1024_64,26208185,128
338381782,mqlpnuma_4_8_1024_64,26198881,128
338848210,mqlpnuma_4_8_1024_64,26245283,128
337439066,mqlpnuma_4_8_1024_64,26147959,128
337119310,mqlpnuma_4_8_1024_64,26196559,128
325404202,mqlpnuma_4_8_1024_128,26718514,128
326613036,mqlpnuma_4_8_1024_128,26684904,128
330375784,mqlpnuma_4_8_1024_128,26955906,128
325015246,mqlpnuma_4_8_1024_128,26721618,128
326412274,mqlpnuma_4_8_1024_128,26778933,128
325841472,mqlpnuma_4_8_1024_256,28081636,128
323608896,mqlpnuma_4_8_1024_256,27901308,128
323349138,mqlpnuma_4_8_1024_256,27917366,128
320877872,mqlpnuma_4_8_1024_256,27696781,128
323971862,mqlpnuma_4_8_1024_256,27781199,128
333312554,mqlpnuma_4_8_1024_512,29890275,128
328507592,mqlpnuma_4_8_1024_512,29587801,128
338291642,mqlpnuma_4_8_1024_512,30221758,128
331610292,mqlpnuma_4_8_1024_512,29680008,128
329749964,mqlpnuma_4_8_1024_512,29562467,128
347596376,mqlpnuma_4_8_1024_1024,32508951,128
344300014,mqlpnuma_4_8_1024_1024,32039142,128
338733694,mqlpnuma_4_8_1024_1024,31480905,128
349053828,mqlpnuma_4_8_1024_1024,32530076,128
367533164,mqlpnuma_4_8_1024_1024,34431598,128
