12041101544,mqlpnuma_4_1024_256_1,47997671,128,0
11014779480,mqlpnuma_4_1024_256_1,47987909,128,0
11412529004,mqlpnuma_4_1024_256_1,47988293,128,0
11444176296,mqlpnuma_4_1024_256_1,47988484,128,0
11571337888,mqlpnuma_4_1024_256_1,47989900,128,0
11994764840,mqlpnuma_4_1024_256_2,47997761,128,0
11011616562,mqlpnuma_4_1024_256_2,47985914,128,0
11975973474,mqlpnuma_4_1024_256_2,47998119,128,0
11330158822,mqlpnuma_4_1024_256_2,47980486,128,0
12375906768,mqlpnuma_4_1024_256_2,47999570,128,0
13707514728,mqlpnuma_4_1024_256_4,48014346,128,0
12044618798,mqlpnuma_4_1024_256_4,48005217,128,0
12435067346,mqlpnuma_4_1024_256_4,48012694,128,0
12427453184,mqlpnuma_4_1024_256_4,48015763,128,0
11190710422,mqlpnuma_4_1024_256_4,47984732,128,0
11329476280,mqlpnuma_4_1024_256_8,47994527,128,0
12835810492,mqlpnuma_4_1024_256_8,47997343,128,0
10852750664,mqlpnuma_4_1024_256_8,47995258,128,0
10761649798,mqlpnuma_4_1024_256_8,47993130,128,0
11695841910,mqlpnuma_4_1024_256_8,48001183,128,0
12486483596,mqlpnuma_4_1024_256_16,47995263,128,0
11344237156,mqlpnuma_4_1024_256_16,48005929,128,0
11495293742,mqlpnuma_4_1024_256_16,48009141,128,0
10887709308,mqlpnuma_4_1024_256_16,47994344,128,0
11507141240,mqlpnuma_4_1024_256_16,48004896,128,0
11303521152,mqlpnuma_4_1024_256_32,48014920,128,0
13067165830,mqlpnuma_4_1024_256_32,48030488,128,0
14819575520,mqlpnuma_4_1024_256_32,48030251,128,0
11799187212,mqlpnuma_4_1024_256_32,48018290,128,0
11812678260,mqlpnuma_4_1024_256_32,48017567,128,0
12925551356,mqlpnuma_4_1024_256_64,48036332,128,0
16635985404,mqlpnuma_4_1024_256_64,48051003,128,0
26276846340,mqlpnuma_4_1024_256_64,48066405,128,0
13333367328,mqlpnuma_4_1024_256_64,48039680,128,0
14293552506,mqlpnuma_4_1024_256_64,48024753,128,0
33181868526,mqlpnuma_4_1024_256_128,48110940,128,0
15316139222,mqlpnuma_4_1024_256_128,48060267,128,0
20279744576,mqlpnuma_4_1024_256_128,48102903,128,0
15335780276,mqlpnuma_4_1024_256_128,48071295,128,0
27417063120,mqlpnuma_4_1024_256_128,48072614,128,0
30301646476,mqlpnuma_4_1024_256_256,48100242,128,0
31356776836,mqlpnuma_4_1024_256_256,48108519,128,0
60286363774,mqlpnuma_4_1024_256_256,48138898,128,0
46810229036,mqlpnuma_4_1024_256_256,48085752,128,0
26694805514,mqlpnuma_4_1024_256_256,48082482,128,0
59160206174,mqlpnuma_4_1024_256_512,48127231,128,0
22347156342,mqlpnuma_4_1024_256_512,48112493,128,0
39958304860,mqlpnuma_4_1024_256_512,48106235,128,0
326814129862,mqlpnuma_4_1024_256_512,48300990,128,0
164768647812,mqlpnuma_4_1024_256_512,48147578,128,0
53188963506,mqlpnuma_4_1024_256_1024,48127023,128,0
56091165282,mqlpnuma_4_1024_256_1024,48103119,128,0
34200445888,mqlpnuma_4_1024_256_1024,48155697,128,0
37623858942,mqlpnuma_4_1024_256_1024,48146557,128,0
18038063416,mqlpnuma_4_1024_256_1024,48103102,128,0
