1538374014,mqlpnuma_4_256_512_1,34345674,128,10
1504567960,mqlpnuma_4_256_512_1,34474931,128,10
1609169250,mqlpnuma_4_256_512_1,34309511,128,10
1527629548,mqlpnuma_4_256_512_1,34258570,128,10
1547489248,mqlpnuma_4_256_512_1,34370143,128,10
1401592620,mqlpnuma_4_256_512_2,34571246,128,10
1428970496,mqlpnuma_4_256_512_2,34705924,128,10
1399048564,mqlpnuma_4_256_512_2,34560986,128,10
1429378406,mqlpnuma_4_256_512_2,34640197,128,10
1423815442,mqlpnuma_4_256_512_2,34595910,128,10
1243828534,mqlpnuma_4_256_512_4,34918986,128,10
1233096928,mqlpnuma_4_256_512_4,34695806,128,10
1236225424,mqlpnuma_4_256_512_4,34752393,128,10
1231435568,mqlpnuma_4_256_512_4,34791194,128,10
1244308004,mqlpnuma_4_256_512_4,34898622,128,10
1069673000,mqlpnuma_4_256_512_8,34962495,128,10
1070620204,mqlpnuma_4_256_512_8,34989933,128,10
1080343600,mqlpnuma_4_256_512_8,34992289,128,10
1067368584,mqlpnuma_4_256_512_8,34933368,128,10
1070099730,mqlpnuma_4_256_512_8,34902336,128,10
954254510,mqlpnuma_4_256_512_16,35164997,128,10
955674434,mqlpnuma_4_256_512_16,35203578,128,10
955214098,mqlpnuma_4_256_512_16,35199888,128,10
954948696,mqlpnuma_4_256_512_16,35176010,128,10
953629564,mqlpnuma_4_256_512_16,35183948,128,10
875587636,mqlpnuma_4_256_512_32,35381245,128,10
877598868,mqlpnuma_4_256_512_32,35379321,128,10
881211900,mqlpnuma_4_256_512_32,35453723,128,10
875297682,mqlpnuma_4_256_512_32,35389645,128,10
877193210,mqlpnuma_4_256_512_32,35485626,128,10
832839442,mqlpnuma_4_256_512_64,35857288,128,10
836301620,mqlpnuma_4_256_512_64,35970931,128,10
832089644,mqlpnuma_4_256_512_64,35837202,128,10
831428562,mqlpnuma_4_256_512_64,35807980,128,10
832266636,mqlpnuma_4_256_512_64,35766888,128,10
808861564,mqlpnuma_4_256_512_128,36551625,128,10
814631084,mqlpnuma_4_256_512_128,36799248,128,10
804865944,mqlpnuma_4_256_512_128,36399814,128,10
812110782,mqlpnuma_4_256_512_128,36706136,128,10
811226192,mqlpnuma_4_256_512_128,36617524,128,10
798828300,mqlpnuma_4_256_512_256,37532786,128,10
797742208,mqlpnuma_4_256_512_256,37461599,128,10
802554150,mqlpnuma_4_256_512_256,37667660,128,10
805466522,mqlpnuma_4_256_512_256,37632864,128,10
802046960,mqlpnuma_4_256_512_256,37531959,128,10
821554734,mqlpnuma_4_256_512_512,39676661,128,10
824410056,mqlpnuma_4_256_512_512,39623136,128,10
827657176,mqlpnuma_4_256_512_512,39920005,128,10
813929506,mqlpnuma_4_256_512_512,39197440,128,10
816196934,mqlpnuma_4_256_512_512,39457215,128,10
843075902,mqlpnuma_4_256_512_1024,41591051,128,10
850834878,mqlpnuma_4_256_512_1024,41929229,128,10
842285926,mqlpnuma_4_256_512_1024,41571217,128,10
844358812,mqlpnuma_4_256_512_1024,41567206,128,10
845722754,mqlpnuma_4_256_512_1024,41703523,128,10
