469036786,mqlpnuma_4_256_512_1,10419552,128,10
468834868,mqlpnuma_4_256_512_1,10403879,128,10
471729030,mqlpnuma_4_256_512_1,10468811,128,10
473737950,mqlpnuma_4_256_512_1,10396084,128,10
475118938,mqlpnuma_4_256_512_1,10401631,128,10
440034230,mqlpnuma_4_256_512_2,10488992,128,10
458472458,mqlpnuma_4_256_512_2,10519314,128,10
516168220,mqlpnuma_4_256_512_2,10482127,128,10
444980626,mqlpnuma_4_256_512_2,10453666,128,10
441630588,mqlpnuma_4_256_512_2,10537949,128,10
384149522,mqlpnuma_4_256_512_4,10600905,128,10
392097466,mqlpnuma_4_256_512_4,10585806,128,10
384506742,mqlpnuma_4_256_512_4,10596251,128,10
385421448,mqlpnuma_4_256_512_4,10599384,128,10
421885760,mqlpnuma_4_256_512_4,10611773,128,10
332784154,mqlpnuma_4_256_512_8,10675975,128,10
331480346,mqlpnuma_4_256_512_8,10642577,128,10
331742188,mqlpnuma_4_256_512_8,10680222,128,10
336220334,mqlpnuma_4_256_512_8,10780187,128,10
335984394,mqlpnuma_4_256_512_8,10722093,128,10
296515614,mqlpnuma_4_256_512_16,10814535,128,10
297553796,mqlpnuma_4_256_512_16,10783786,128,10
297740664,mqlpnuma_4_256_512_16,10811247,128,10
294423940,mqlpnuma_4_256_512_16,10745588,128,10
298016610,mqlpnuma_4_256_512_16,10789787,128,10
270736284,mqlpnuma_4_256_512_32,10873923,128,10
270727324,mqlpnuma_4_256_512_32,10859877,128,10
272486598,mqlpnuma_4_256_512_32,10935526,128,10
271689000,mqlpnuma_4_256_512_32,10899187,128,10
272445936,mqlpnuma_4_256_512_32,10848968,128,10
257165616,mqlpnuma_4_256_512_64,10966515,128,10
256554442,mqlpnuma_4_256_512_64,11027813,128,10
256215168,mqlpnuma_4_256_512_64,10982737,128,10
258367216,mqlpnuma_4_256_512_64,11056141,128,10
257342612,mqlpnuma_4_256_512_64,11013257,128,10
251371128,mqlpnuma_4_256_512_128,11191339,128,10
249990754,mqlpnuma_4_256_512_128,11301454,128,10
253803296,mqlpnuma_4_256_512_128,11286651,128,10
246535320,mqlpnuma_4_256_512_128,11145809,128,10
247997116,mqlpnuma_4_256_512_128,11200299,128,10
249700554,mqlpnuma_4_256_512_256,11669763,128,10
250171074,mqlpnuma_4_256_512_256,11751055,128,10
246838156,mqlpnuma_4_256_512_256,11600887,128,10
250127770,mqlpnuma_4_256_512_256,11768165,128,10
245292168,mqlpnuma_4_256_512_256,11482700,128,10
256462386,mqlpnuma_4_256_512_512,12422393,128,10
250297236,mqlpnuma_4_256_512_512,12089926,128,10
253447370,mqlpnuma_4_256_512_512,12140073,128,10
250151784,mqlpnuma_4_256_512_512,12059059,128,10
251869460,mqlpnuma_4_256_512_512,12160114,128,10
263895166,mqlpnuma_4_256_512_1024,12964653,128,10
265667708,mqlpnuma_4_256_512_1024,13043843,128,10
260637292,mqlpnuma_4_256_512_1024,12884218,128,10
264030096,mqlpnuma_4_256_512_1024,13069690,128,10
275794910,mqlpnuma_4_256_512_1024,13576941,128,10
