5203314874,mqlpnuma_4_1024_64_1,86205280,128,10
6025575566,mqlpnuma_4_1024_64_1,86350513,128,10
5278366758,mqlpnuma_4_1024_64_1,85729511,128,10
5303200664,mqlpnuma_4_1024_64_1,86008600,128,10
5360141274,mqlpnuma_4_1024_64_1,85710396,128,10
5082105330,mqlpnuma_4_1024_64_2,86581652,128,10
4958845980,mqlpnuma_4_1024_64_2,86625054,128,10
4942656520,mqlpnuma_4_1024_64_2,85952660,128,10
5103244730,mqlpnuma_4_1024_64_2,86291980,128,10
5207290056,mqlpnuma_4_1024_64_2,85849814,128,10
4896685534,mqlpnuma_4_1024_64_4,86213933,128,10
4972130974,mqlpnuma_4_1024_64_4,85770369,128,10
4628390678,mqlpnuma_4_1024_64_4,86289023,128,10
5016460378,mqlpnuma_4_1024_64_4,85935294,128,10
4794409892,mqlpnuma_4_1024_64_4,85641312,128,10
4417507752,mqlpnuma_4_1024_64_8,86738779,128,10
4738123468,mqlpnuma_4_1024_64_8,86233054,128,10
4897055034,mqlpnuma_4_1024_64_8,85980130,128,10
4674129930,mqlpnuma_4_1024_64_8,85919985,128,10
4662658566,mqlpnuma_4_1024_64_8,86215583,128,10
4733928754,mqlpnuma_4_1024_64_16,86099517,128,10
5520007392,mqlpnuma_4_1024_64_16,86194529,128,10
5022037918,mqlpnuma_4_1024_64_16,86788062,128,10
4690020858,mqlpnuma_4_1024_64_16,87140895,128,10
4529294232,mqlpnuma_4_1024_64_16,85951698,128,10
5096910888,mqlpnuma_4_1024_64_32,87610682,128,10
4814566468,mqlpnuma_4_1024_64_32,87753090,128,10
5287298012,mqlpnuma_4_1024_64_32,87938909,128,10
5169271224,mqlpnuma_4_1024_64_32,88432310,128,10
4660642442,mqlpnuma_4_1024_64_32,85960675,128,10
5516511218,mqlpnuma_4_1024_64_64,88158353,128,10
5760003362,mqlpnuma_4_1024_64_64,88517573,128,10
5121308166,mqlpnuma_4_1024_64_64,88551166,128,10
5860058398,mqlpnuma_4_1024_64_64,88913976,128,10
5303678094,mqlpnuma_4_1024_64_64,87841821,128,10
5342331834,mqlpnuma_4_1024_64_128,88469122,128,10
5695168548,mqlpnuma_4_1024_64_128,88864297,128,10
5276605718,mqlpnuma_4_1024_64_128,88918779,128,10
5658387420,mqlpnuma_4_1024_64_128,88777841,128,10
5821927040,mqlpnuma_4_1024_64_128,89113979,128,10
5299949766,mqlpnuma_4_1024_64_256,87614486,128,10
5536260394,mqlpnuma_4_1024_64_256,90025263,128,10
5290588174,mqlpnuma_4_1024_64_256,88947193,128,10
5666411778,mqlpnuma_4_1024_64_256,92058050,128,10
5465653918,mqlpnuma_4_1024_64_256,88080909,128,10
5782154214,mqlpnuma_4_1024_64_512,88931752,128,10
6008330640,mqlpnuma_4_1024_64_512,88770713,128,10
5544836362,mqlpnuma_4_1024_64_512,88305129,128,10
5447253800,mqlpnuma_4_1024_64_512,88726986,128,10
5418746324,mqlpnuma_4_1024_64_512,89438713,128,10
5885060744,mqlpnuma_4_1024_64_1024,92297423,128,10
5344916402,mqlpnuma_4_1024_64_1024,88467690,128,10
5441652776,mqlpnuma_4_1024_64_1024,88305493,128,10
5285067512,mqlpnuma_4_1024_64_1024,89089070,128,10
5321076818,mqlpnuma_4_1024_64_1024,87823060,128,10
