5726267088,smqhm_8_2,7717188,1
5794173432,smqhm_8_2,7717188,1
5732487696,smqhm_8_2,7717188,1
5724117402,smqhm_8_2,7717188,1
5718543478,smqhm_8_2,7717188,1
3385644676,smqhm_8_2,7740923,2
3402791124,smqhm_8_2,7742808,2
3386254942,smqhm_8_2,7740998,2
3427065414,smqhm_8_2,7741597,2
3425373126,smqhm_8_2,7741712,2
1766962448,smqhm_8_2,7765713,4
1755201220,smqhm_8_2,7764838,4
1769656548,smqhm_8_2,7766960,4
1770821184,smqhm_8_2,7766332,4
1762604266,smqhm_8_2,7766488,4
944659792,smqhm_8_2,7818907,8
940857120,smqhm_8_2,7823602,8
944921246,smqhm_8_2,7824858,8
949753648,smqhm_8_2,7824878,8
939228536,smqhm_8_2,7824187,8
550849960,smqhm_8_2,7978532,16
555554276,smqhm_8_2,7986576,16
549792394,smqhm_8_2,7989520,16
558860160,smqhm_8_2,8004771,16
551912608,smqhm_8_2,7994777,16
382353446,smqhm_8_2,8416165,32
384032440,smqhm_8_2,8417926,32
380859872,smqhm_8_2,8414878,32
388104986,smqhm_8_2,8433650,32
385375322,smqhm_8_2,8475973,32
250928028,smqhm_8_2,9698249,64
253423782,smqhm_8_2,9786659,64
264181372,smqhm_8_2,9955084,64
251114032,smqhm_8_2,9725019,64
248697962,smqhm_8_2,9624024,64
197297584,smqhm_8_2,12509492,128
196700598,smqhm_8_2,12487810,128
194750366,smqhm_8_2,12315930,128
196398428,smqhm_8_2,12426063,128
194586700,smqhm_8_2,12258192,128
5718287608,smqhm_8_2,7717188,1
5718628982,smqhm_8_2,7717188,1
5726330862,smqhm_8_2,7717188,1
5723908366,smqhm_8_2,7717188,1
5750633542,smqhm_8_2,7717188,1
3386325142,smqhm_8_2,7743886,2
3389780942,smqhm_8_2,7740528,2
3388157642,smqhm_8_2,7740946,2
3417822654,smqhm_8_2,7740558,2
3421563124,smqhm_8_2,7742474,2
1756808184,smqhm_8_2,7769506,4
1777215912,smqhm_8_2,7769645,4
1770077786,smqhm_8_2,7768232,4
1759727318,smqhm_8_2,7767269,4
2036398052,smqhm_8_2,7768432,4
946266852,smqhm_8_2,7821962,8
948934862,smqhm_8_2,7826083,8
948126928,smqhm_8_2,7821936,8
944424936,smqhm_8_2,7821174,8
950136114,smqhm_8_2,7824158,8
553107110,smqhm_8_2,7995765,16
551679540,smqhm_8_2,7998739,16
552783098,smqhm_8_2,7992289,16
555904366,smqhm_8_2,7994615,16
553442644,smqhm_8_2,7993263,16
384637490,smqhm_8_2,8442590,32
392586880,smqhm_8_2,8658171,32
381169308,smqhm_8_2,8403462,32
382002096,smqhm_8_2,8407698,32
388260596,smqhm_8_2,8412441,32
249171334,smqhm_8_2,9644603,64
260158658,smqhm_8_2,9811224,64
254079490,smqhm_8_2,9879427,64
251041540,smqhm_8_2,9710945,64
253660296,smqhm_8_2,9803212,64
196660804,smqhm_8_2,12481498,128
195455286,smqhm_8_2,12344496,128
194841400,smqhm_8_2,12347015,128
197214606,smqhm_8_2,12493848,128
200846702,smqhm_8_2,12779951,128
