64717934836,smqhm_32_16,50542646,1
64917037512,smqhm_32_16,50542646,1
65178015738,smqhm_32_16,50542646,1
64720829486,smqhm_32_16,50542646,1
64792278444,smqhm_32_16,50542646,1
33579055960,smqhm_32_16,50592180,2
33835364754,smqhm_32_16,50608670,2
33813329552,smqhm_32_16,50683864,2
33912274320,smqhm_32_16,50642461,2
33763429914,smqhm_32_16,50631177,2
17928709046,smqhm_32_16,50819925,4
17916925266,smqhm_32_16,50798806,4
17995430482,smqhm_32_16,50848115,4
17960567592,smqhm_32_16,50831454,4
17889352242,smqhm_32_16,50776444,4
9566123122,smqhm_32_16,51011387,8
9548067080,smqhm_32_16,50961841,8
9505309530,smqhm_32_16,51003969,8
9525868566,smqhm_32_16,51117481,8
9604381740,smqhm_32_16,51029517,8
5390474052,smqhm_32_16,51543576,16
5318372328,smqhm_32_16,51357674,16
5338404642,smqhm_32_16,51531379,16
5391180216,smqhm_32_16,51259662,16
5280173918,smqhm_32_16,51354989,16
2997653284,smqhm_32_16,52536033,32
2928211204,smqhm_32_16,51963820,32
2970648124,smqhm_32_16,52480039,32
2871461432,smqhm_32_16,51740687,32
2959433216,smqhm_32_16,52266152,32
1834855724,smqhm_32_16,54565359,64
1729688766,smqhm_32_16,54264210,64
1735709322,smqhm_32_16,55312942,64
1709069664,smqhm_32_16,54042686,64
1774021332,smqhm_32_16,52959718,64
1335458234,smqhm_32_16,57642579,128
1526089370,smqhm_32_16,57607251,128
1335022396,smqhm_32_16,54987480,128
1339214590,smqhm_32_16,56767984,128
1315343380,smqhm_32_16,56867441,128
