13263072930,smqhm_16_4,23947347,1
13212283712,smqhm_16_4,23947347,1
13210374902,smqhm_16_4,23947347,1
13258481132,smqhm_16_4,23947347,1
13175081116,smqhm_16_4,23947347,1
6975207782,smqhm_16_4,23949856,2
6967354516,smqhm_16_4,23949548,2
6986680510,smqhm_16_4,23949864,2
6953051446,smqhm_16_4,23950310,2
6985265296,smqhm_16_4,23949945,2
3552767902,smqhm_16_4,23955849,4
3548359966,smqhm_16_4,23955432,4
3539713856,smqhm_16_4,23955692,4
3548853800,smqhm_16_4,23955597,4
3549419940,smqhm_16_4,23955557,4
1901807570,smqhm_16_4,23970355,8
1897663842,smqhm_16_4,23971800,8
1899981094,smqhm_16_4,23970394,8
1909336026,smqhm_16_4,23971961,8
1900895008,smqhm_16_4,23969700,8
1096345252,smqhm_16_4,24012766,16
1098343888,smqhm_16_4,24009061,16
1096275718,smqhm_16_4,24010594,16
1097332304,smqhm_16_4,24005449,16
1095994438,smqhm_16_4,24006997,16
736641660,smqhm_16_4,24096752,32
735164278,smqhm_16_4,24093857,32
734572712,smqhm_16_4,24088729,32
734243044,smqhm_16_4,24075005,32
735473540,smqhm_16_4,24101526,32
443826288,smqhm_16_4,24344240,64
443928076,smqhm_16_4,24352004,64
444876018,smqhm_16_4,24376651,64
444174806,smqhm_16_4,24358154,64
448170120,smqhm_16_4,24368350,64
283545894,smqhm_16_4,25502225,128
284330368,smqhm_16_4,25530502,128
282789056,smqhm_16_4,25587597,128
283182952,smqhm_16_4,25499379,128
283447084,smqhm_16_4,25575839,128
