16007684300,smqhm_2_16,12524207,1,0
15984405952,smqhm_2_16,12524207,1,0
16029448112,smqhm_2_16,12524207,1,0
15986280482,smqhm_2_16,12524207,1,0
15974723058,smqhm_2_16,12524207,1,0
10527116778,smqhm_2_16,12525715,2,0
10532545198,smqhm_2_16,12525645,2,0
10497958466,smqhm_2_16,12525685,2,0
10557297844,smqhm_2_16,12525761,2,0
10508290896,smqhm_2_16,12525500,2,0
5894816734,smqhm_2_16,12527172,4,0
5856693738,smqhm_2_16,12526900,4,0
5884040528,smqhm_2_16,12526914,4,0
5832878020,smqhm_2_16,12527219,4,0
5880939060,smqhm_2_16,12527100,4,0
3691393538,smqhm_2_16,12527828,8,0
3686616234,smqhm_2_16,12528226,8,0
3693596150,smqhm_2_16,12528399,8,0
3718419756,smqhm_2_16,12528583,8,0
3687667952,smqhm_2_16,12528457,8,0
2404100322,smqhm_2_16,12530290,16,0
2406204556,smqhm_2_16,12530358,16,0
2414143684,smqhm_2_16,12530250,16,0
2410323804,smqhm_2_16,12530118,16,0
2407788232,smqhm_2_16,12530474,16,0
2487762678,smqhm_2_16,12541098,32,0
2491925678,smqhm_2_16,12540883,32,0
2471814370,smqhm_2_16,12540620,32,0
2490847864,smqhm_2_16,12541131,32,0
2471494304,smqhm_2_16,12540881,32,0
2532581244,smqhm_2_16,12540928,64,0
2519851532,smqhm_2_16,12540585,64,0
2536220822,smqhm_2_16,12540639,64,0
2546602226,smqhm_2_16,12540769,64,0
2559113208,smqhm_2_16,12541447,64,0
2896687348,smqhm_2_16,12577626,128,0
3287488078,smqhm_2_16,12582988,128,0
2691788594,smqhm_2_16,12568693,128,0
3093929438,smqhm_2_16,12577814,128,0
2772334724,smqhm_2_16,12564401,128,0
15989331534,smqhm_2_16,12524207,1,0
16031584250,smqhm_2_16,12524207,1,0
16038324592,smqhm_2_16,12524207,1,0
16011805766,smqhm_2_16,12524207,1,0
15948370374,smqhm_2_16,12524207,1,0
10517846172,smqhm_2_16,12525794,2,0
10505662754,smqhm_2_16,12525571,2,0
10521995820,smqhm_2_16,12525855,2,0
10636812486,smqhm_2_16,12525688,2,0
10471501088,smqhm_2_16,12525597,2,0
5818182162,smqhm_2_16,12527083,4,0
5857212910,smqhm_2_16,12527004,4,0
5881908682,smqhm_2_16,12526934,4,0
5878051766,smqhm_2_16,12527126,4,0
5880394112,smqhm_2_16,12526728,4,0
3689532260,smqhm_2_16,12528135,8,0
3706236378,smqhm_2_16,12528456,8,0
3708490606,smqhm_2_16,12528397,8,0
3694239308,smqhm_2_16,12528653,8,0
3693406740,smqhm_2_16,12528250,8,0
2417297918,smqhm_2_16,12530388,16,0
2420146400,smqhm_2_16,12530229,16,0
2408445646,smqhm_2_16,12530120,16,0
2402717770,smqhm_2_16,12530405,16,0
2403109128,smqhm_2_16,12530243,16,0
2501350862,smqhm_2_16,12541129,32,0
2484613198,smqhm_2_16,12541058,32,0
2503221240,smqhm_2_16,12541173,32,0
2492287224,smqhm_2_16,12541257,32,0
2474080384,smqhm_2_16,12540662,32,0
2530868222,smqhm_2_16,12541764,64,0
2539092962,smqhm_2_16,12540894,64,0
2540418130,smqhm_2_16,12540549,64,0
2551160360,smqhm_2_16,12541011,64,0
2564942660,smqhm_2_16,12540352,64,0
2592262862,smqhm_2_16,12571052,128,0
2565132790,smqhm_2_16,12562192,128,0
2579524068,smqhm_2_16,12571290,128,0
3193724712,smqhm_2_16,12581999,128,0
2588704164,smqhm_2_16,12564216,128,0
