3974089470,smqhm_8_2,6715844,1,10
4004343278,smqhm_8_2,6715844,1,10
4023680662,smqhm_8_2,6715844,1,10
3981630860,smqhm_8_2,6715844,1,10
3987759240,smqhm_8_2,6715844,1,10
2400816742,smqhm_8_2,6716479,2,10
2419225584,smqhm_8_2,6716380,2,10
2414060834,smqhm_8_2,6716317,2,10
2414555936,smqhm_8_2,6716423,2,10
2419817432,smqhm_8_2,6716419,2,10
1238088294,smqhm_8_2,6722310,4,10
1236065798,smqhm_8_2,6721858,4,10
1244649428,smqhm_8_2,6723719,4,10
1244322830,smqhm_8_2,6721872,4,10
1243921226,smqhm_8_2,6721195,4,10
656693180,smqhm_8_2,6754564,8,10
655942438,smqhm_8_2,6755468,8,10
657784318,smqhm_8_2,6758779,8,10
653153922,smqhm_8_2,6753497,8,10
656339614,smqhm_8_2,6756238,8,10
378716200,smqhm_8_2,6924369,16,10
378830292,smqhm_8_2,6931220,16,10
377348224,smqhm_8_2,6924621,16,10
378920970,smqhm_8_2,6931855,16,10
377391094,smqhm_8_2,6935377,16,10
276222020,smqhm_8_2,7380947,32,10
277098856,smqhm_8_2,7386893,32,10
276288780,smqhm_8_2,7366901,32,10
279420638,smqhm_8_2,7422754,32,10
277150628,smqhm_8_2,7404239,32,10
199576440,smqhm_8_2,9144620,64,10
198651294,smqhm_8_2,8999939,64,10
199445976,smqhm_8_2,9101478,64,10
200141604,smqhm_8_2,9110166,64,10
200021698,smqhm_8_2,9079466,64,10
148470290,smqhm_8_2,11545381,128,10
149775846,smqhm_8_2,11693172,128,10
150194190,smqhm_8_2,11778071,128,10
148790526,smqhm_8_2,11554992,128,10
150230724,smqhm_8_2,11704669,128,10
