787724300,hmq2,32350042,256
737927520,hmq2,32306566,256
735346440,hmq2,32305231,256
763925840,hmq2,32324725,256
699363920,hmq2,32348843,256
699908980,hmq3,34025227,256
732565720,hmq3,33934202,256
685964620,hmq3,34060002,256
695388800,hmq3,34020159,256
668347320,hmq3,33962763,256
651824100,hmq4,35745922,256
643191300,hmq4,35837689,256
651408420,hmq4,35787555,256
656739500,hmq4,35691814,256
676270840,hmq4,35714064,256
644333460,hmq5,37780669,256
655590960,hmq5,37741118,256
655385000,hmq5,37750615,256
648393020,hmq5,37725401,256
695168700,hmq5,37636208,256
684918260,hmq6,39897135,256
668608540,hmq6,39726467,256
664241980,hmq6,39733744,256
678237800,hmq6,39706346,256
673148040,hmq6,39690496,256
691843600,hmq7,41777698,256
695358400,hmq7,41810766,256
703391460,hmq7,41673714,256
690535600,hmq7,41897638,256
694364800,hmq7,41989474,256
709760820,hmq8,44056802,256
714287720,hmq8,43653071,256
719571680,hmq8,43748684,256
724835400,hmq8,44095656,256
727376520,hmq8,43973406,256
