383794100,hmq2,14183724,256
360441400,hmq2,14185607,256
386913280,hmq2,14185336,256
356782260,hmq2,14183261,256
363869040,hmq2,14184259,256
319276280,hmq3,14248185,256
311778340,hmq3,14251853,256
327560760,hmq3,14250917,256
329371640,hmq3,14252546,256
337084280,hmq3,14249216,256
273270460,hmq4,14333552,256
311241500,hmq4,14323900,256
312843260,hmq4,14324824,256
310488760,hmq4,14329008,256
278521360,hmq4,14324400,256
250245000,hmq5,14412338,256
264330300,hmq5,14422679,256
258041480,hmq5,14415438,256
249726740,hmq5,14427403,256
265030980,hmq5,14413531,256
261763680,hmq6,14506511,256
251127740,hmq6,14510619,256
260282220,hmq6,14496595,256
272145780,hmq6,14503293,256
257404580,hmq6,14512817,256
240728700,hmq7,14594052,256
237535780,hmq7,14609947,256
246300980,hmq7,14599020,256
242554600,hmq7,14602197,256
249014740,hmq7,14579312,256
234430380,hmq8,14724154,256
230384840,hmq8,14709900,256
255985300,hmq8,14700245,256
233389980,hmq8,14714939,256
234330560,hmq8,14704591,256
