3743451200,hmq2,40094552,256
3676089960,hmq2,40205695,256
3553291200,hmq2,39679105,256
3713984200,hmq2,39709618,256
3660558760,hmq2,39946396,256
3732576160,hmq3,40067483,256
3648056300,hmq3,39854206,256
3647593480,hmq3,39646257,256
3645984680,hmq3,40055539,256
3666689960,hmq3,39889209,256
3676368520,hmq4,39904936,256
3723817300,hmq4,39875023,256
3805209960,hmq4,39722429,256
3818871980,hmq4,39709844,256
3802052980,hmq4,39870494,256
3922780800,hmq5,39941379,256
4152085640,hmq5,39838709,256
3897701380,hmq5,39957937,256
3905669340,hmq5,39796661,256
3944390620,hmq5,39794902,256
3753317700,hmq6,39777039,256
3774598780,hmq6,39837129,256
3818311360,hmq6,40117406,256
3795706000,hmq6,39782283,256
3805920900,hmq6,39901839,256
3717592300,hmq7,39766893,256
3818158520,hmq7,39649950,256
3880318780,hmq7,39916150,256
3773971900,hmq7,39781445,256
3832967400,hmq7,39651432,256
3836160680,hmq8,39828865,256
3883536600,hmq8,39857916,256
3907844260,hmq8,39845202,256
3914015860,hmq8,39890087,256
3942859620,hmq8,40069168,256
