5833464180,hmq2,28277872,256,0
5999284540,hmq2,28298800,256,0
5832535320,hmq2,28254714,256,0
5982223660,hmq2,28297553,256,0
5971273300,hmq2,28269421,256,0
5796669980,hmq3,28264370,256,0
5879767780,hmq3,28256081,256,0
5925698540,hmq3,28292409,256,0
5926278020,hmq3,28291850,256,0
5875318240,hmq3,28255334,256,0
5711421720,hmq4,28298325,256,0
5724070360,hmq4,28254712,256,0
5747498360,hmq4,28287262,256,0
5673427780,hmq4,28284506,256,0
5953886260,hmq4,28298339,256,0
5663253240,hmq5,28280859,256,0
5705316200,hmq5,28277729,256,0
5851790480,hmq5,28280866,256,0
5722097040,hmq5,28272347,256,0
5918699940,hmq5,28278643,256,0
5719683460,hmq6,28284356,256,0
5881317600,hmq6,28289770,256,0
5818967640,hmq6,28256885,256,0
5884724820,hmq6,28283372,256,0
5793049340,hmq6,28258998,256,0
5547667960,hmq7,28290359,256,0
5507055360,hmq7,28272735,256,0
5491695420,hmq7,28257445,256,0
5631216420,hmq7,28250094,256,0
5620411120,hmq7,28252078,256,0
5470625160,hmq8,28285366,256,0
5514470680,hmq8,28270724,256,0
5439453820,hmq8,28266334,256,0
5565915520,hmq8,28269199,256,0
5482717460,hmq8,28265669,256,0
