4352848180,hmq2,75914420,256,10
4439356140,hmq2,75921522,256,10
4459761200,hmq2,75905489,256,10
4370451180,hmq2,75910060,256,10
4361598200,hmq2,75934920,256,10
4404084300,hmq3,75860083,256,10
4416935820,hmq3,75870411,256,10
4378176780,hmq3,75869353,256,10
4392228240,hmq3,75985481,256,10
4448091440,hmq3,75893311,256,10
4299561900,hmq4,75823865,256,10
4358142440,hmq4,75884610,256,10
4298741000,hmq4,75830702,256,10
4289549940,hmq4,75859508,256,10
4311746260,hmq4,75839232,256,10
4359145340,hmq5,75828948,256,10
4316124720,hmq5,75854450,256,10
4330093080,hmq5,75825875,256,10
4360777120,hmq5,75840102,256,10
4502376180,hmq5,75834280,256,10
4084648900,hmq6,75862707,256,10
4076854500,hmq6,75850769,256,10
4117857300,hmq6,75860456,256,10
3976646060,hmq6,75843317,256,10
4081376940,hmq6,75860568,256,10
4013874020,hmq7,75856868,256,10
4058227000,hmq7,75858414,256,10
4031049400,hmq7,75830569,256,10
4028605520,hmq7,75847543,256,10
4057161200,hmq7,75870995,256,10
4044439360,hmq8,75862337,256,10
4021762720,hmq8,75874556,256,10
4055011040,hmq8,75862022,256,10
4029905080,hmq8,75869121,256,10
4034173980,hmq8,75875491,256,10
