5535608300,obim_32_14_fifo,8312317,1
5488213280,obim_32_14_fifo,8312317,1
5110388680,obim_32_14_fifo,8312317,1
5213506020,obim_32_14_fifo,8312317,1
5127416320,obim_32_14_fifo,8312317,1
5090366140,obim_32_14_fifo,8312317,1
5068242760,obim_32_14_fifo,8312317,1
5084869580,obim_32_14_fifo,8312317,1
5058806940,obim_32_14_fifo,8312317,1
5019536380,obim_32_14_fifo,8312317,1
2647632800,obim_32_14_fifo,8295975,2
2624447120,obim_32_14_fifo,8296027,2
2630773100,obim_32_14_fifo,8295376,2
2611829860,obim_32_14_fifo,8294195,2
2612622340,obim_32_14_fifo,8293592,2
2605770080,obim_32_14_fifo,8294538,2
2604098520,obim_32_14_fifo,8296228,2
2610241040,obim_32_14_fifo,8294724,2
2577628960,obim_32_14_fifo,8297346,2
2591213280,obim_32_14_fifo,8297296,2
1233192220,obim_32_14_fifo,8295400,4
1300298300,obim_32_14_fifo,8287852,4
1364184000,obim_32_14_fifo,8291150,4
1378153260,obim_32_14_fifo,8290417,4
1380572460,obim_32_14_fifo,8287987,4
1356408240,obim_32_14_fifo,8291059,4
1256791200,obim_32_14_fifo,8291965,4
1243903620,obim_32_14_fifo,8296533,4
1343878900,obim_32_14_fifo,8291359,4
1357598240,obim_32_14_fifo,8286117,4
1124266340,obim_32_14_fifo,8318923,8
1116290180,obim_32_14_fifo,8320352,8
1110825720,obim_32_14_fifo,8310270,8
1114721040,obim_32_14_fifo,8311543,8
1123278420,obim_32_14_fifo,8318132,8
1120184700,obim_32_14_fifo,8319454,8
1124359960,obim_32_14_fifo,8320502,8
1110988140,obim_32_14_fifo,8311858,8
1107243680,obim_32_14_fifo,8319072,8
1110286840,obim_32_14_fifo,8317701,8
644632680,obim_32_14_fifo,8541318,16
634735580,obim_32_14_fifo,8507855,16
634791600,obim_32_14_fifo,8494777,16
628349620,obim_32_14_fifo,8506885,16
621295160,obim_32_14_fifo,8508169,16
632364240,obim_32_14_fifo,8510804,16
631064300,obim_32_14_fifo,8489526,16
628488940,obim_32_14_fifo,8497176,16
629215680,obim_32_14_fifo,8518675,16
614735180,obim_32_14_fifo,8518167,16
361564880,obim_32_14_fifo,9535979,32
354663600,obim_32_14_fifo,9506601,32
361543340,obim_32_14_fifo,9516370,32
361863340,obim_32_14_fifo,9562308,32
358586140,obim_32_14_fifo,9464221,32
361475160,obim_32_14_fifo,9529968,32
359738440,obim_32_14_fifo,9510043,32
359856800,obim_32_14_fifo,9496356,32
343670180,obim_32_14_fifo,9509005,32
359480560,obim_32_14_fifo,9507138,32
299053840,obim_32_14_fifo,13317723,64
284071060,obim_32_14_fifo,13517751,64
294116780,obim_32_14_fifo,13709610,64
290418840,obim_32_14_fifo,13681580,64
289327880,obim_32_14_fifo,13706586,64
283040680,obim_32_14_fifo,13609993,64
285299800,obim_32_14_fifo,13482298,64
288963380,obim_32_14_fifo,13567228,64
297041760,obim_32_14_fifo,13778901,64
288134860,obim_32_14_fifo,13447952,64
293729300,obim_32_14_fifo,21480871,128
290434560,obim_32_14_fifo,22204924,128
287853180,obim_32_14_fifo,21805887,128
281376960,obim_32_14_fifo,21325123,128
346976320,obim_32_14_fifo,20558816,128
289713660,obim_32_14_fifo,22209964,128
291385160,obim_32_14_fifo,21560871,128
288508340,obim_32_14_fifo,22422568,128
292359980,obim_32_14_fifo,22173146,128
293736000,obim_32_14_fifo,21494982,128
380860380,obim_32_14_fifo,34120808,256
378928680,obim_32_14_fifo,33647621,256
370884100,obim_32_14_fifo,32934977,256
381821380,obim_32_14_fifo,32365219,256
371125580,obim_32_14_fifo,32888111,256
373360160,obim_32_14_fifo,33743244,256
381507140,obim_32_14_fifo,32045192,256
385182200,obim_32_14_fifo,33802865,256
380773160,obim_32_14_fifo,34982767,256
395994040,obim_32_14_fifo,37048082,256
