1296771053280,pmod_256_16_fifo,2620546494,1
1289444805520,pmod_256_16_fifo,2620546494,1
1303728224340,pmod_256_16_fifo,2620546494,1
1291097291300,pmod_256_16_fifo,2620546494,1
1289856398980,pmod_256_16_fifo,2620546494,1
1290640002660,pmod_256_16_fifo,2620546494,1
1290405309260,pmod_256_16_fifo,2620546494,1
1299485502440,pmod_256_16_fifo,2620546494,1
1291743914040,pmod_256_16_fifo,2620546494,1
1287548487840,pmod_256_16_fifo,2620546494,1
262423477120,pmod_256_16_fifo,965096513,2
261889542100,pmod_256_16_fifo,964423390,2
261250661420,pmod_256_16_fifo,965245140,2
259394522560,pmod_256_16_fifo,963648427,2
262503127700,pmod_256_16_fifo,964267839,2
262399800520,pmod_256_16_fifo,966232290,2
261887970260,pmod_256_16_fifo,965309066,2
261159503160,pmod_256_16_fifo,964930062,2
640026972800,pmod_256_16_fifo,2197376806,2
261407531780,pmod_256_16_fifo,965012346,2
120817584000,pmod_256_16_fifo,934891001,4
120691258380,pmod_256_16_fifo,937705061,4
120408480520,pmod_256_16_fifo,936712212,4
120895011140,pmod_256_16_fifo,936269790,4
121331587580,pmod_256_16_fifo,939584123,4
120644182840,pmod_256_16_fifo,936995068,4
120574185380,pmod_256_16_fifo,936617498,4
120853599820,pmod_256_16_fifo,937678569,4
121328725680,pmod_256_16_fifo,938272149,4
120606559540,pmod_256_16_fifo,937791029,4
107199013940,pmod_256_16_fifo,917780917,8
106855599720,pmod_256_16_fifo,920711111,8
106576731160,pmod_256_16_fifo,917489459,8
107549124600,pmod_256_16_fifo,918080026,8
106392535060,pmod_256_16_fifo,918655032,8
106721666800,pmod_256_16_fifo,919724816,8
107383909500,pmod_256_16_fifo,918785956,8
106345719280,pmod_256_16_fifo,917525162,8
106558522680,pmod_256_16_fifo,920058907,8
106403863080,pmod_256_16_fifo,917202319,8
58622852420,pmod_256_16_fifo,921791764,16
58089587980,pmod_256_16_fifo,920148094,16
58142029540,pmod_256_16_fifo,920491896,16
57926934360,pmod_256_16_fifo,922477365,16
58036884200,pmod_256_16_fifo,923582580,16
57897274040,pmod_256_16_fifo,920900545,16
58491014600,pmod_256_16_fifo,920316421,16
58920648680,pmod_256_16_fifo,926328948,16
58930428040,pmod_256_16_fifo,925230186,16
58152601620,pmod_256_16_fifo,923462340,16
32072150880,pmod_256_16_fifo,929245715,32
32015536180,pmod_256_16_fifo,929143857,32
32545015480,pmod_256_16_fifo,944658923,32
32011750820,pmod_256_16_fifo,932196250,32
32417628620,pmod_256_16_fifo,936736972,32
32120993200,pmod_256_16_fifo,936050099,32
32472368100,pmod_256_16_fifo,945041669,32
31960450740,pmod_256_16_fifo,932953313,32
31998095380,pmod_256_16_fifo,932122953,32
32266188060,pmod_256_16_fifo,937544845,32
18660141560,pmod_256_16_fifo,943638162,64
19068156060,pmod_256_16_fifo,961219842,64
18711384440,pmod_256_16_fifo,948039677,64
18847240320,pmod_256_16_fifo,949028382,64
18569635200,pmod_256_16_fifo,940419524,64
19044848480,pmod_256_16_fifo,957685389,64
18878247280,pmod_256_16_fifo,950546898,64
18821524880,pmod_256_16_fifo,953086476,64
18646823980,pmod_256_16_fifo,945966364,64
18856617520,pmod_256_16_fifo,956372635,64
9391200580,pmod_256_16_fifo,949339932,128
9387238020,pmod_256_16_fifo,949039461,128
9307635940,pmod_256_16_fifo,942292115,128
9398995600,pmod_256_16_fifo,952005143,128
9566950300,pmod_256_16_fifo,956269261,128
9321107320,pmod_256_16_fifo,941397496,128
9395035620,pmod_256_16_fifo,946911776,128
9535021720,pmod_256_16_fifo,963041422,128
9444179260,pmod_256_16_fifo,955660543,128
9463963840,pmod_256_16_fifo,957707625,128
6536756380,pmod_256_16_fifo,1024126220,256
6736096200,pmod_256_16_fifo,1054918294,256
6743452240,pmod_256_16_fifo,1054546334,256
6673395400,pmod_256_16_fifo,1039920333,256
6615805360,pmod_256_16_fifo,1033218056,256
6535320060,pmod_256_16_fifo,1020364812,256
6575179860,pmod_256_16_fifo,1030337513,256
6484346940,pmod_256_16_fifo,1017072427,256
6694495840,pmod_256_16_fifo,1044974490,256
6559944560,pmod_256_16_fifo,1027223784,256
