2181267700,obim_64_2_fifo,6262104,1
2146627640,obim_64_2_fifo,6262104,1
2103852500,obim_64_2_fifo,6262104,1
2104165520,obim_64_2_fifo,6262104,1
2110392380,obim_64_2_fifo,6262104,1
2080316460,obim_64_2_fifo,6262104,1
2082370280,obim_64_2_fifo,6262104,1
2064912720,obim_64_2_fifo,6262104,1
2043408800,obim_64_2_fifo,6262104,1
2043900980,obim_64_2_fifo,6262104,1
1240193680,obim_64_2_fifo,6262157,2
1237214000,obim_64_2_fifo,6262296,2
1211724220,obim_64_2_fifo,6263225,2
1217557520,obim_64_2_fifo,6263885,2
1190364960,obim_64_2_fifo,6262578,2
1237773720,obim_64_2_fifo,6262306,2
1223655420,obim_64_2_fifo,6262257,2
1174141620,obim_64_2_fifo,6262231,2
1221652820,obim_64_2_fifo,6263171,2
1173387660,obim_64_2_fifo,6262179,2
547783820,obim_64_2_fifo,6262932,4
527402380,obim_64_2_fifo,6262893,4
558003340,obim_64_2_fifo,6263056,4
581055420,obim_64_2_fifo,6263277,4
572071900,obim_64_2_fifo,6262986,4
576688800,obim_64_2_fifo,6263256,4
523640020,obim_64_2_fifo,6263039,4
538514640,obim_64_2_fifo,6263327,4
576615300,obim_64_2_fifo,6262772,4
549289920,obim_64_2_fifo,6262784,4
521424540,obim_64_2_fifo,6277684,8
656121960,obim_64_2_fifo,6273105,8
530953320,obim_64_2_fifo,6286070,8
521888180,obim_64_2_fifo,6275849,8
521755560,obim_64_2_fifo,6285944,8
520995120,obim_64_2_fifo,6276956,8
516794960,obim_64_2_fifo,6276292,8
517970660,obim_64_2_fifo,6277484,8
534628860,obim_64_2_fifo,6290207,8
537051680,obim_64_2_fifo,6281735,8
301067420,obim_64_2_fifo,6370883,16
303919140,obim_64_2_fifo,6347991,16
300112980,obim_64_2_fifo,6379690,16
301571020,obim_64_2_fifo,6350875,16
307609680,obim_64_2_fifo,6441097,16
303302280,obim_64_2_fifo,6387716,16
302888840,obim_64_2_fifo,6381258,16
301854200,obim_64_2_fifo,6384723,16
370134240,obim_64_2_fifo,6355969,16
300126100,obim_64_2_fifo,6349047,16
188237500,obim_64_2_fifo,6766372,32
193173100,obim_64_2_fifo,6755499,32
188062780,obim_64_2_fifo,6824942,32
188765040,obim_64_2_fifo,6814212,32
188329540,obim_64_2_fifo,6778024,32
193721860,obim_64_2_fifo,6815062,32
187428020,obim_64_2_fifo,6830143,32
190542440,obim_64_2_fifo,6748257,32
188842560,obim_64_2_fifo,6776858,32
192320020,obim_64_2_fifo,6732942,32
137853480,obim_64_2_fifo,9072036,64
139370120,obim_64_2_fifo,9290688,64
139683360,obim_64_2_fifo,9268647,64
137515720,obim_64_2_fifo,9044460,64
139044780,obim_64_2_fifo,9145015,64
139179260,obim_64_2_fifo,9152430,64
137640540,obim_64_2_fifo,9124924,64
142737080,obim_64_2_fifo,9280086,64
137370960,obim_64_2_fifo,9038428,64
136205980,obim_64_2_fifo,9097650,64
117334460,obim_64_2_fifo,12644518,128
115285120,obim_64_2_fifo,12393934,128
115543880,obim_64_2_fifo,12894779,128
112117700,obim_64_2_fifo,14040600,128
114524920,obim_64_2_fifo,12736318,128
116148060,obim_64_2_fifo,12697138,128
114342120,obim_64_2_fifo,12771801,128
113929600,obim_64_2_fifo,12599506,128
117850640,obim_64_2_fifo,12759178,128
121024480,obim_64_2_fifo,13249063,128
162286100,obim_64_2_fifo,19404095,256
150517160,obim_64_2_fifo,20132646,256
153967300,obim_64_2_fifo,18964729,256
153430420,obim_64_2_fifo,20223761,256
143252620,obim_64_2_fifo,19688582,256
151099820,obim_64_2_fifo,19411589,256
147275100,obim_64_2_fifo,20421458,256
145361860,obim_64_2_fifo,20872034,256
177109920,obim_64_2_fifo,20271694,256
164458000,obim_64_2_fifo,19288565,256
