8434374740,pmod_64_2_fifo,23947347,1
8273498780,pmod_64_2_fifo,23947347,1
8208731340,pmod_64_2_fifo,23947347,1
8096409400,pmod_64_2_fifo,23947347,1
7970342000,pmod_64_2_fifo,23947347,1
7904325000,pmod_64_2_fifo,23947347,1
7741778500,pmod_64_2_fifo,23947347,1
7709210420,pmod_64_2_fifo,23947347,1
7498422360,pmod_64_2_fifo,23947347,1
7466092000,pmod_64_2_fifo,23947347,1
4676822120,pmod_64_2_fifo,23947587,2
4759422560,pmod_64_2_fifo,23947541,2
4657172280,pmod_64_2_fifo,23947939,2
4662223800,pmod_64_2_fifo,23947470,2
4530167980,pmod_64_2_fifo,23947495,2
4624594940,pmod_64_2_fifo,23947513,2
4633548460,pmod_64_2_fifo,23947493,2
4580024720,pmod_64_2_fifo,23947565,2
4464272800,pmod_64_2_fifo,23947559,2
4606033540,pmod_64_2_fifo,23947555,2
2048436600,pmod_64_2_fifo,23948821,4
2041087000,pmod_64_2_fifo,23948443,4
2044554860,pmod_64_2_fifo,23949280,4
2049146620,pmod_64_2_fifo,23949182,4
2049400760,pmod_64_2_fifo,23948930,4
2051000180,pmod_64_2_fifo,23948502,4
2043599080,pmod_64_2_fifo,23948743,4
2035429680,pmod_64_2_fifo,23948573,4
2036984660,pmod_64_2_fifo,23948563,4
2039392540,pmod_64_2_fifo,23949320,4
2036895380,pmod_64_2_fifo,23974773,8
2028686460,pmod_64_2_fifo,23967980,8
2035700280,pmod_64_2_fifo,23975550,8
2038307400,pmod_64_2_fifo,23975402,8
2021247860,pmod_64_2_fifo,23969983,8
2028424880,pmod_64_2_fifo,23968494,8
2023676800,pmod_64_2_fifo,23979985,8
2031393600,pmod_64_2_fifo,23977488,8
2028764060,pmod_64_2_fifo,23965746,8
2034416000,pmod_64_2_fifo,23973684,8
1126518840,pmod_64_2_fifo,24099961,16
1127097520,pmod_64_2_fifo,24082451,16
1128951300,pmod_64_2_fifo,24097819,16
1126110640,pmod_64_2_fifo,24074440,16
1127668620,pmod_64_2_fifo,24067021,16
1126599860,pmod_64_2_fifo,24078644,16
1131025100,pmod_64_2_fifo,24112655,16
1122712200,pmod_64_2_fifo,24086544,16
1127641840,pmod_64_2_fifo,24105239,16
1126509000,pmod_64_2_fifo,24074497,16
719964560,pmod_64_2_fifo,24506676,32
708971780,pmod_64_2_fifo,24473481,32
715128480,pmod_64_2_fifo,24484150,32
725522860,pmod_64_2_fifo,24458248,32
724511880,pmod_64_2_fifo,24471003,32
708353460,pmod_64_2_fifo,24506047,32
719316240,pmod_64_2_fifo,24448499,32
715811820,pmod_64_2_fifo,24462169,32
718941180,pmod_64_2_fifo,24448238,32
715531740,pmod_64_2_fifo,24476387,32
609783620,pmod_64_2_fifo,27582032,64
608485900,pmod_64_2_fifo,27628884,64
605131140,pmod_64_2_fifo,27452349,64
606853860,pmod_64_2_fifo,27561743,64
609233180,pmod_64_2_fifo,27592461,64
602067920,pmod_64_2_fifo,27618184,64
696940760,pmod_64_2_fifo,27510096,64
607428020,pmod_64_2_fifo,27545452,64
605255020,pmod_64_2_fifo,27421967,64
608282140,pmod_64_2_fifo,27597183,64
503628780,pmod_64_2_fifo,35770810,128
508085400,pmod_64_2_fifo,36159193,128
508099780,pmod_64_2_fifo,36237329,128
504324920,pmod_64_2_fifo,36487965,128
505486200,pmod_64_2_fifo,36647660,128
503845480,pmod_64_2_fifo,36562939,128
492758260,pmod_64_2_fifo,36370109,128
508753400,pmod_64_2_fifo,35974224,128
502007300,pmod_64_2_fifo,36534030,128
503115340,pmod_64_2_fifo,36254580,128
387721640,pmod_64_2_fifo,60318146,256
367104200,pmod_64_2_fifo,59296812,256
398932980,pmod_64_2_fifo,59344139,256
382716340,pmod_64_2_fifo,60215001,256
381251760,pmod_64_2_fifo,60521321,256
386954280,pmod_64_2_fifo,59268209,256
373664060,pmod_64_2_fifo,59803404,256
383852200,pmod_64_2_fifo,60719316,256
372133760,pmod_64_2_fifo,60132662,256
368489840,pmod_64_2_fifo,60461080,256
