7076391000,obim_64_2_fifo,23947347,1
7030337140,obim_64_2_fifo,23947347,1
7020495540,obim_64_2_fifo,23947347,1
7033385700,obim_64_2_fifo,23947347,1
7031871420,obim_64_2_fifo,23947347,1
7048885540,obim_64_2_fifo,23947347,1
7025915100,obim_64_2_fifo,23947347,1
7042644540,obim_64_2_fifo,23947347,1
7090683200,obim_64_2_fifo,23947347,1
7041460420,obim_64_2_fifo,23947347,1
4332398700,obim_64_2_fifo,23947746,2
4263785040,obim_64_2_fifo,23947574,2
4316604180,obim_64_2_fifo,23947488,2
4291176040,obim_64_2_fifo,23947480,2
4322980120,obim_64_2_fifo,23947586,2
4289498300,obim_64_2_fifo,23947481,2
4274601060,obim_64_2_fifo,23947758,2
4286521440,obim_64_2_fifo,23947526,2
4271858920,obim_64_2_fifo,23947496,2
4312092040,obim_64_2_fifo,23947531,2
1974154500,obim_64_2_fifo,23948392,4
1964822600,obim_64_2_fifo,23948987,4
1965803080,obim_64_2_fifo,23948914,4
1966045560,obim_64_2_fifo,23948870,4
1973045120,obim_64_2_fifo,23948881,4
1969779400,obim_64_2_fifo,23949123,4
1966841560,obim_64_2_fifo,23948962,4
1939393460,obim_64_2_fifo,23949918,4
1963032380,obim_64_2_fifo,23948944,4
1967524340,obim_64_2_fifo,23949095,4
1974238980,obim_64_2_fifo,23980636,8
1970768860,obim_64_2_fifo,23971156,8
1977623960,obim_64_2_fifo,23984022,8
1977946680,obim_64_2_fifo,23979949,8
1977434900,obim_64_2_fifo,23968935,8
1976078780,obim_64_2_fifo,23973009,8
1974371040,obim_64_2_fifo,23971499,8
1973059740,obim_64_2_fifo,23968693,8
1968931440,obim_64_2_fifo,23977690,8
1971188400,obim_64_2_fifo,23965658,8
1102545460,obim_64_2_fifo,24082555,16
1103722440,obim_64_2_fifo,24108389,16
1103972160,obim_64_2_fifo,24061398,16
1100314520,obim_64_2_fifo,24098047,16
1102934060,obim_64_2_fifo,24116242,16
1101398980,obim_64_2_fifo,24067702,16
1107348340,obim_64_2_fifo,24081610,16
1106355420,obim_64_2_fifo,24092389,16
1104052660,obim_64_2_fifo,24075142,16
1102407640,obim_64_2_fifo,24055957,16
688396220,obim_64_2_fifo,24524027,32
709268520,obim_64_2_fifo,24452521,32
699276640,obim_64_2_fifo,24454535,32
700380320,obim_64_2_fifo,24411997,32
700157560,obim_64_2_fifo,24519249,32
707193260,obim_64_2_fifo,24442400,32
693111900,obim_64_2_fifo,24523891,32
695079400,obim_64_2_fifo,24506248,32
695073880,obim_64_2_fifo,24468969,32
695154000,obim_64_2_fifo,24462158,32
590937100,obim_64_2_fifo,27625539,64
691992740,obim_64_2_fifo,27552224,64
587868200,obim_64_2_fifo,27539567,64
591318880,obim_64_2_fifo,27702307,64
596388260,obim_64_2_fifo,27735013,64
589848140,obim_64_2_fifo,27408122,64
591225060,obim_64_2_fifo,27506955,64
592872440,obim_64_2_fifo,27558230,64
592153500,obim_64_2_fifo,27544627,64
603154240,obim_64_2_fifo,27677334,64
488439000,obim_64_2_fifo,36130066,128
491565380,obim_64_2_fifo,36378457,128
484632900,obim_64_2_fifo,36439907,128
499842640,obim_64_2_fifo,35746074,128
495913460,obim_64_2_fifo,36567940,128
488577740,obim_64_2_fifo,36545335,128
489881240,obim_64_2_fifo,36053211,128
485309700,obim_64_2_fifo,36282299,128
506746620,obim_64_2_fifo,36331008,128
493379680,obim_64_2_fifo,36054458,128
339991360,obim_64_2_fifo,58475627,256
366670980,obim_64_2_fifo,59755178,256
358483220,obim_64_2_fifo,58312851,256
387953880,obim_64_2_fifo,59315354,256
356269320,obim_64_2_fifo,59414568,256
353186980,obim_64_2_fifo,60384074,256
367135920,obim_64_2_fifo,59200207,256
363016940,obim_64_2_fifo,60310445,256
375594420,obim_64_2_fifo,60668711,256
369799060,obim_64_2_fifo,59064363,256
