2246215920,pmod_64_2_fifo,6262104,1
2143810120,pmod_64_2_fifo,6262104,1
2156532680,pmod_64_2_fifo,6262104,1
2137200860,pmod_64_2_fifo,6262104,1
2088706160,pmod_64_2_fifo,6262104,1
2105952160,pmod_64_2_fifo,6262104,1
2078364820,pmod_64_2_fifo,6262104,1
2055887200,pmod_64_2_fifo,6262104,1
2031803220,pmod_64_2_fifo,6262104,1
1995795520,pmod_64_2_fifo,6262104,1
1259240800,pmod_64_2_fifo,6262399,2
1235823720,pmod_64_2_fifo,6262308,2
1219010060,pmod_64_2_fifo,6262443,2
1231916720,pmod_64_2_fifo,6262476,2
1215139080,pmod_64_2_fifo,6262362,2
1218602820,pmod_64_2_fifo,6262832,2
1210274780,pmod_64_2_fifo,6262202,2
1230336940,pmod_64_2_fifo,6262704,2
1177283200,pmod_64_2_fifo,6262184,2
1247811860,pmod_64_2_fifo,6262353,2
519808300,pmod_64_2_fifo,6265704,4
534592720,pmod_64_2_fifo,6269176,4
524720780,pmod_64_2_fifo,6266352,4
534082960,pmod_64_2_fifo,6266645,4
518425060,pmod_64_2_fifo,6265364,4
514346720,pmod_64_2_fifo,6265208,4
517364900,pmod_64_2_fifo,6268811,4
514790360,pmod_64_2_fifo,6264771,4
518423900,pmod_64_2_fifo,6265888,4
516376400,pmod_64_2_fifo,6265308,4
519936540,pmod_64_2_fifo,6328835,8
517600580,pmod_64_2_fifo,6329663,8
516950460,pmod_64_2_fifo,6315956,8
529988800,pmod_64_2_fifo,6318137,8
514381760,pmod_64_2_fifo,6329246,8
515312080,pmod_64_2_fifo,6327352,8
518015600,pmod_64_2_fifo,6304814,8
540498600,pmod_64_2_fifo,6317397,8
513834600,pmod_64_2_fifo,6321794,8
515943320,pmod_64_2_fifo,6322358,8
298945780,pmod_64_2_fifo,6491817,16
300311680,pmod_64_2_fifo,6477992,16
299003000,pmod_64_2_fifo,6478114,16
295756640,pmod_64_2_fifo,6433742,16
294466560,pmod_64_2_fifo,6489677,16
296019700,pmod_64_2_fifo,6466976,16
293951120,pmod_64_2_fifo,6480914,16
293426760,pmod_64_2_fifo,6480439,16
295175180,pmod_64_2_fifo,6462611,16
316908300,pmod_64_2_fifo,6443279,16
203608920,pmod_64_2_fifo,6917239,32
190705920,pmod_64_2_fifo,7010890,32
192536560,pmod_64_2_fifo,7091794,32
197315020,pmod_64_2_fifo,6997909,32
192135820,pmod_64_2_fifo,6975843,32
193610300,pmod_64_2_fifo,6900037,32
190584240,pmod_64_2_fifo,6935044,32
197592180,pmod_64_2_fifo,6944165,32
198082600,pmod_64_2_fifo,7000621,32
193284160,pmod_64_2_fifo,6957099,32
154656860,pmod_64_2_fifo,9591431,64
151171580,pmod_64_2_fifo,9544315,64
155436260,pmod_64_2_fifo,9808855,64
157386000,pmod_64_2_fifo,9832798,64
153582560,pmod_64_2_fifo,9635957,64
151375920,pmod_64_2_fifo,9564491,64
160026260,pmod_64_2_fifo,9656950,64
155012700,pmod_64_2_fifo,9761294,64
160848720,pmod_64_2_fifo,9774571,64
155077120,pmod_64_2_fifo,9738058,64
130046800,pmod_64_2_fifo,14803785,128
132961200,pmod_64_2_fifo,15446910,128
132249700,pmod_64_2_fifo,15031109,128
140362400,pmod_64_2_fifo,14989809,128
135547800,pmod_64_2_fifo,14666163,128
135837440,pmod_64_2_fifo,15082257,128
134882980,pmod_64_2_fifo,15266395,128
136146940,pmod_64_2_fifo,14520382,128
136959360,pmod_64_2_fifo,14846289,128
129764020,pmod_64_2_fifo,14861440,128
156580840,pmod_64_2_fifo,23448711,256
156462420,pmod_64_2_fifo,24806278,256
158384720,pmod_64_2_fifo,23309493,256
155063960,pmod_64_2_fifo,23330886,256
154417960,pmod_64_2_fifo,23972402,256
165842000,pmod_64_2_fifo,24535488,256
154217360,pmod_64_2_fifo,24433914,256
163078200,pmod_64_2_fifo,24923602,256
152965620,pmod_64_2_fifo,24710179,256
152320860,pmod_64_2_fifo,23276999,256
