24891526940,pmod_128_2_fifo,12524207,1,0
23617188200,pmod_128_2_fifo,12524207,1,0
21889113140,pmod_128_2_fifo,12524207,1,0
20950130720,pmod_128_2_fifo,12524207,1,0
20033278280,pmod_128_2_fifo,12524207,1,0
19255313700,pmod_128_2_fifo,12524207,1,0
18040565720,pmod_128_2_fifo,12524207,1,0
17301368240,pmod_128_2_fifo,12524207,1,0
16583971600,pmod_128_2_fifo,12524207,1,0
15749742980,pmod_128_2_fifo,12524207,1,0
7889170420,pmod_128_2_fifo,12534076,2,0
7790567200,pmod_128_2_fifo,12534147,2,0
7644525120,pmod_128_2_fifo,12534182,2,0
7550675800,pmod_128_2_fifo,12533935,2,0
7481626280,pmod_128_2_fifo,12533941,2,0
7380513700,pmod_128_2_fifo,12534210,2,0
7320873340,pmod_128_2_fifo,12534074,2,0
7257844020,pmod_128_2_fifo,12534234,2,0
7210485440,pmod_128_2_fifo,12534388,2,0
7164756860,pmod_128_2_fifo,12534195,2,0
3735153720,pmod_128_2_fifo,12540112,4,0
3716979660,pmod_128_2_fifo,12539450,4,0
3694895640,pmod_128_2_fifo,12540057,4,0
3686234240,pmod_128_2_fifo,12539410,4,0
3692854100,pmod_128_2_fifo,12538923,4,0
3671801740,pmod_128_2_fifo,12539770,4,0
3416258440,pmod_128_2_fifo,12539327,4,0
3656471080,pmod_128_2_fifo,12538985,4,0
3639820420,pmod_128_2_fifo,12539799,4,0
3637651280,pmod_128_2_fifo,12539658,4,0
2076282220,pmod_128_2_fifo,12539816,8,0
2081349900,pmod_128_2_fifo,12539632,8,0
2077526820,pmod_128_2_fifo,12540228,8,0
2079476660,pmod_128_2_fifo,12540010,8,0
2067100980,pmod_128_2_fifo,12540283,8,0
2073332880,pmod_128_2_fifo,12539460,8,0
2073250020,pmod_128_2_fifo,12539947,8,0
2074665080,pmod_128_2_fifo,12540017,8,0
2076688460,pmod_128_2_fifo,12540077,8,0
2071413720,pmod_128_2_fifo,12539942,8,0
1091038780,pmod_128_2_fifo,12541160,16,0
1093312240,pmod_128_2_fifo,12541583,16,0
1093493800,pmod_128_2_fifo,12541450,16,0
1093197180,pmod_128_2_fifo,12541549,16,0
1091492680,pmod_128_2_fifo,12541514,16,0
1090853780,pmod_128_2_fifo,12541775,16,0
1092026800,pmod_128_2_fifo,12541618,16,0
1091394140,pmod_128_2_fifo,12541413,16,0
1088780720,pmod_128_2_fifo,12541617,16,0
1087331960,pmod_128_2_fifo,12541283,16,0
930135060,pmod_128_2_fifo,12547346,32,0
929704000,pmod_128_2_fifo,12547771,32,0
929537420,pmod_128_2_fifo,12547420,32,0
929804980,pmod_128_2_fifo,12547518,32,0
928736740,pmod_128_2_fifo,12547805,32,0
930472240,pmod_128_2_fifo,12547404,32,0
928189520,pmod_128_2_fifo,12547289,32,0
928491440,pmod_128_2_fifo,12547662,32,0
931048380,pmod_128_2_fifo,12547393,32,0
931359780,pmod_128_2_fifo,12546753,32,0
916039960,pmod_128_2_fifo,12556469,64,0
918147640,pmod_128_2_fifo,12557987,64,0
919048160,pmod_128_2_fifo,12556009,64,0
918059240,pmod_128_2_fifo,12556795,64,0
916503720,pmod_128_2_fifo,12555874,64,0
918760820,pmod_128_2_fifo,12557935,64,0
925169760,pmod_128_2_fifo,12555714,64,0
919838420,pmod_128_2_fifo,12556132,64,0
918530380,pmod_128_2_fifo,12558496,64,0
926516560,pmod_128_2_fifo,12555230,64,0
978264180,pmod_128_2_fifo,12574487,128,0
993716080,pmod_128_2_fifo,12572629,128,0
992109980,pmod_128_2_fifo,12569551,128,0
988902800,pmod_128_2_fifo,12573768,128,0
982952180,pmod_128_2_fifo,12568543,128,0
988680420,pmod_128_2_fifo,12570000,128,0
988730460,pmod_128_2_fifo,12572294,128,0
1013659700,pmod_128_2_fifo,12573270,128,0
989017540,pmod_128_2_fifo,12575086,128,0
996759380,pmod_128_2_fifo,12569928,128,0
1085375040,pmod_128_2_fifo,12593955,256,0
1086712740,pmod_128_2_fifo,12596857,256,0
1094327700,pmod_128_2_fifo,12595302,256,0
1098829940,pmod_128_2_fifo,12597181,256,0
1079393700,pmod_128_2_fifo,12595508,256,0
1142135500,pmod_128_2_fifo,12597315,256,0
1172765800,pmod_128_2_fifo,12598247,256,0
1120575740,pmod_128_2_fifo,12596922,256,0
1151446420,pmod_128_2_fifo,12596831,256,0
1112241660,pmod_128_2_fifo,12597314,256,0
