52808779260,obim_128_4_fifo,47894693,1,0
52764964380,obim_128_4_fifo,47894693,1,0
52889973000,obim_128_4_fifo,47894693,1,0
52800056560,obim_128_4_fifo,47894693,1,0
52662036340,obim_128_4_fifo,47894693,1,0
52759114800,obim_128_4_fifo,47894693,1,0
52713261040,obim_128_4_fifo,47894693,1,0
52756359420,obim_128_4_fifo,47894693,1,0
52737339700,obim_128_4_fifo,47894693,1,0
52701439460,obim_128_4_fifo,47894693,1,0
27228247340,obim_128_4_fifo,47919854,2,0
27237937280,obim_128_4_fifo,47919958,2,0
27211991720,obim_128_4_fifo,47919611,2,0
27215313900,obim_128_4_fifo,47919356,2,0
27181392700,obim_128_4_fifo,47919228,2,0
27181941660,obim_128_4_fifo,47919388,2,0
27182056280,obim_128_4_fifo,47919147,2,0
27228623620,obim_128_4_fifo,47920502,2,0
27191264040,obim_128_4_fifo,47919981,2,0
27162509220,obim_128_4_fifo,47919006,2,0
14212896520,obim_128_4_fifo,47934544,4,0
14263200540,obim_128_4_fifo,47935414,4,0
14264916620,obim_128_4_fifo,47935312,4,0
14255821680,obim_128_4_fifo,47935133,4,0
14270415420,obim_128_4_fifo,47934882,4,0
14285746380,obim_128_4_fifo,47934557,4,0
14228920540,obim_128_4_fifo,47935107,4,0
14265932740,obim_128_4_fifo,47935342,4,0
14282373840,obim_128_4_fifo,47935207,4,0
14290298280,obim_128_4_fifo,47934837,4,0
8204186980,obim_128_4_fifo,47943374,8,0
8229859940,obim_128_4_fifo,47944660,8,0
8213897140,obim_128_4_fifo,47944230,8,0
8233048520,obim_128_4_fifo,47944460,8,0
8230166700,obim_128_4_fifo,47943781,8,0
8214947440,obim_128_4_fifo,47944315,8,0
8227871500,obim_128_4_fifo,47944511,8,0
8232801620,obim_128_4_fifo,47944240,8,0
8194202000,obim_128_4_fifo,47942782,8,0
8233248400,obim_128_4_fifo,47944259,8,0
4377402320,obim_128_4_fifo,47953619,16,0
4381971240,obim_128_4_fifo,47952499,16,0
4382578260,obim_128_4_fifo,47953862,16,0
4371173980,obim_128_4_fifo,47952230,16,0
4369660780,obim_128_4_fifo,47951323,16,0
4382379780,obim_128_4_fifo,47954627,16,0
4364559800,obim_128_4_fifo,47954067,16,0
4375772380,obim_128_4_fifo,47952903,16,0
4376726300,obim_128_4_fifo,47953749,16,0
4370043560,obim_128_4_fifo,47952582,16,0
3677936080,obim_128_4_fifo,47966989,32,0
3631218620,obim_128_4_fifo,47966210,32,0
3674834280,obim_128_4_fifo,47966404,32,0
3645109480,obim_128_4_fifo,47966940,32,0
3646196460,obim_128_4_fifo,47966319,32,0
3665594700,obim_128_4_fifo,47965349,32,0
3681203400,obim_128_4_fifo,47967301,32,0
3658147600,obim_128_4_fifo,47967010,32,0
3650120960,obim_128_4_fifo,47965544,32,0
3640918600,obim_128_4_fifo,47966434,32,0
3642593660,obim_128_4_fifo,47985025,64,0
3697030880,obim_128_4_fifo,47985963,64,0
3695867400,obim_128_4_fifo,47987290,64,0
3651492940,obim_128_4_fifo,47986016,64,0
3687834080,obim_128_4_fifo,47984997,64,0
3703443100,obim_128_4_fifo,47986871,64,0
3705068580,obim_128_4_fifo,47986502,64,0
3739466240,obim_128_4_fifo,47986335,64,0
3694555740,obim_128_4_fifo,47984810,64,0
3676922980,obim_128_4_fifo,47986773,64,0
3872907320,obim_128_4_fifo,48001909,128,0
3970873180,obim_128_4_fifo,48001488,128,0
3916781620,obim_128_4_fifo,48002173,128,0
3965777960,obim_128_4_fifo,48003942,128,0
3964538100,obim_128_4_fifo,48003693,128,0
4009586520,obim_128_4_fifo,48001890,128,0
3960566060,obim_128_4_fifo,48004754,128,0
3938892680,obim_128_4_fifo,48002725,128,0
3962904280,obim_128_4_fifo,48005371,128,0
3963995500,obim_128_4_fifo,48001586,128,0
3501152600,obim_128_4_fifo,48044870,256,0
3617978900,obim_128_4_fifo,48051993,256,0
3323522180,obim_128_4_fifo,48044743,256,0
3594665780,obim_128_4_fifo,48047200,256,0
3701088160,obim_128_4_fifo,48048056,256,0
3336384180,obim_128_4_fifo,48044127,256,0
3496577400,obim_128_4_fifo,48045520,256,0
3551928940,obim_128_4_fifo,48043835,256,0
3424476680,obim_128_4_fifo,48048086,256,0
3457084500,obim_128_4_fifo,48050723,256,0
