161676416700,obim_256_0_fifo,84823491,1,10
159335667020,obim_256_0_fifo,84823491,1,10
159101343560,obim_256_0_fifo,84823491,1,10
159840372920,obim_256_0_fifo,84823491,1,10
159679408060,obim_256_0_fifo,84823491,1,10
159258012480,obim_256_0_fifo,84823491,1,10
159562136840,obim_256_0_fifo,84823491,1,10
159742065680,obim_256_0_fifo,84823491,1,10
159723847280,obim_256_0_fifo,84823491,1,10
158449925740,obim_256_0_fifo,84823491,1,10
79920451380,obim_256_0_fifo,84825882,2,10
79875252600,obim_256_0_fifo,84825567,2,10
79848466500,obim_256_0_fifo,84825330,2,10
79975948760,obim_256_0_fifo,84825518,2,10
79906704200,obim_256_0_fifo,84825514,2,10
80964635620,obim_256_0_fifo,84825165,2,10
79865551420,obim_256_0_fifo,84825619,2,10
79821956920,obim_256_0_fifo,84825410,2,10
79958759280,obim_256_0_fifo,84825403,2,10
79909338020,obim_256_0_fifo,84825445,2,10
40451460760,obim_256_0_fifo,84823779,4,10
40295857660,obim_256_0_fifo,84823916,4,10
40604788720,obim_256_0_fifo,84823773,4,10
40537826660,obim_256_0_fifo,84823855,4,10
40595120720,obim_256_0_fifo,84824012,4,10
40529567280,obim_256_0_fifo,84823727,4,10
40749050200,obim_256_0_fifo,84824161,4,10
40588855960,obim_256_0_fifo,84823744,4,10
40620508120,obim_256_0_fifo,84823755,4,10
40265846800,obim_256_0_fifo,84823917,4,10
21082380700,obim_256_0_fifo,84828729,8,10
21087900920,obim_256_0_fifo,84828357,8,10
21068911720,obim_256_0_fifo,84827880,8,10
20986201000,obim_256_0_fifo,84827730,8,10
21038746740,obim_256_0_fifo,84828900,8,10
21037623980,obim_256_0_fifo,84827839,8,10
21030928320,obim_256_0_fifo,84827938,8,10
21111868060,obim_256_0_fifo,84828289,8,10
21096024280,obim_256_0_fifo,84827983,8,10
21080663600,obim_256_0_fifo,84827847,8,10
10803361240,obim_256_0_fifo,85157709,16,10
10816630140,obim_256_0_fifo,85157056,16,10
10798026160,obim_256_0_fifo,85183245,16,10
10800872580,obim_256_0_fifo,85184574,16,10
10797394960,obim_256_0_fifo,85147524,16,10
10729897800,obim_256_0_fifo,85138132,16,10
10810893540,obim_256_0_fifo,85154510,16,10
10777999720,obim_256_0_fifo,85140013,16,10
10757555920,obim_256_0_fifo,85144615,16,10
10789729920,obim_256_0_fifo,85155307,16,10
5629531960,obim_256_0_fifo,85270751,32,10
5575312580,obim_256_0_fifo,85268888,32,10
5566322460,obim_256_0_fifo,85271557,32,10
5584641700,obim_256_0_fifo,85269221,32,10
5600719380,obim_256_0_fifo,85268602,32,10
5615229080,obim_256_0_fifo,85270754,32,10
5599029560,obim_256_0_fifo,85268779,32,10
5585990380,obim_256_0_fifo,85270933,32,10
5608250180,obim_256_0_fifo,85270273,32,10
5587287920,obim_256_0_fifo,85267749,32,10
3314658240,obim_256_0_fifo,88599884,64,10
3314840500,obim_256_0_fifo,88705910,64,10
3320556400,obim_256_0_fifo,88702161,64,10
3320954940,obim_256_0_fifo,88643111,64,10
3315453000,obim_256_0_fifo,88737221,64,10
3320988860,obim_256_0_fifo,88640910,64,10
3330607480,obim_256_0_fifo,88694572,64,10
3395017240,obim_256_0_fifo,88730613,64,10
3304814720,obim_256_0_fifo,88669570,64,10
3314088140,obim_256_0_fifo,88662446,64,10
2910810500,obim_256_0_fifo,96093825,128,10
2921426760,obim_256_0_fifo,96054612,128,10
2900299020,obim_256_0_fifo,95609801,128,10
2921434400,obim_256_0_fifo,95922417,128,10
2908563380,obim_256_0_fifo,95776878,128,10
2901228280,obim_256_0_fifo,95443374,128,10
2908732580,obim_256_0_fifo,95824751,128,10
2907488680,obim_256_0_fifo,95706771,128,10
2900899420,obim_256_0_fifo,95664590,128,10
2905986140,obim_256_0_fifo,95540897,128,10
3253389100,obim_256_0_fifo,101616981,256,10
3528335040,obim_256_0_fifo,107073267,256,10
3487544140,obim_256_0_fifo,106408407,256,10
3242425220,obim_256_0_fifo,101265647,256,10
3277886360,obim_256_0_fifo,102428203,256,10
3289281060,obim_256_0_fifo,102260877,256,10
3501253640,obim_256_0_fifo,106696351,256,10
3220924120,obim_256_0_fifo,101345110,256,10
3289412260,obim_256_0_fifo,102131206,256,10
3543472680,obim_256_0_fifo,106886709,256,10
