2862871440,obim_32_14_fifo,7725006,1,10
2925752200,obim_32_14_fifo,7725006,1,10
2890777580,obim_32_14_fifo,7725006,1,10
2909110540,obim_32_14_fifo,7725006,1,10
2729196640,obim_32_14_fifo,7725006,1,10
2815333780,obim_32_14_fifo,7725006,1,10
2873405960,obim_32_14_fifo,7725006,1,10
2799861020,obim_32_14_fifo,7725006,1,10
2784358020,obim_32_14_fifo,7725006,1,10
2727744940,obim_32_14_fifo,7725006,1,10
1760816760,obim_32_14_fifo,7701658,2,10
1767668660,obim_32_14_fifo,7702467,2,10
1759581220,obim_32_14_fifo,7699452,2,10
1773929560,obim_32_14_fifo,7699123,2,10
1766564280,obim_32_14_fifo,7700347,2,10
1742200620,obim_32_14_fifo,7701292,2,10
1732900200,obim_32_14_fifo,7699665,2,10
1770479240,obim_32_14_fifo,7698882,2,10
1763920780,obim_32_14_fifo,7701386,2,10
1750905120,obim_32_14_fifo,7701389,2,10
787518440,obim_32_14_fifo,7686654,4,10
863118860,obim_32_14_fifo,7683062,4,10
838484120,obim_32_14_fifo,7685329,4,10
847974260,obim_32_14_fifo,7685284,4,10
748109260,obim_32_14_fifo,7688812,4,10
925043540,obim_32_14_fifo,7682730,4,10
885491820,obim_32_14_fifo,7686538,4,10
770038380,obim_32_14_fifo,7689628,4,10
839817080,obim_32_14_fifo,7686101,4,10
846003800,obim_32_14_fifo,7686386,4,10
814433740,obim_32_14_fifo,7706667,8,10
812532220,obim_32_14_fifo,7717150,8,10
825518100,obim_32_14_fifo,7709868,8,10
826037240,obim_32_14_fifo,7713728,8,10
821338640,obim_32_14_fifo,7703277,8,10
822171640,obim_32_14_fifo,7712871,8,10
822305100,obim_32_14_fifo,7704058,8,10
823123740,obim_32_14_fifo,7720169,8,10
809858560,obim_32_14_fifo,7717471,8,10
826590420,obim_32_14_fifo,7704386,8,10
451108620,obim_32_14_fifo,7898856,16,10
447805300,obim_32_14_fifo,7896849,16,10
450249940,obim_32_14_fifo,7895963,16,10
465997980,obim_32_14_fifo,7909397,16,10
449741920,obim_32_14_fifo,7900075,16,10
459972180,obim_32_14_fifo,7904924,16,10
470623760,obim_32_14_fifo,7896736,16,10
465031380,obim_32_14_fifo,7919906,16,10
448934820,obim_32_14_fifo,7880683,16,10
447180540,obim_32_14_fifo,7893777,16,10
276257620,obim_32_14_fifo,9128111,32,10
279481580,obim_32_14_fifo,9056290,32,10
289019420,obim_32_14_fifo,9111243,32,10
283633860,obim_32_14_fifo,9083824,32,10
280621920,obim_32_14_fifo,9112405,32,10
282567720,obim_32_14_fifo,9069303,32,10
279233260,obim_32_14_fifo,9006726,32,10
282578120,obim_32_14_fifo,9072935,32,10
288889700,obim_32_14_fifo,9087358,32,10
281987360,obim_32_14_fifo,9039566,32,10
246092840,obim_32_14_fifo,12914828,64,10
246622480,obim_32_14_fifo,12902265,64,10
249897760,obim_32_14_fifo,12684896,64,10
255608200,obim_32_14_fifo,13020939,64,10
241390380,obim_32_14_fifo,12920812,64,10
241057340,obim_32_14_fifo,12853491,64,10
241185980,obim_32_14_fifo,13182617,64,10
252901060,obim_32_14_fifo,12963340,64,10
249476540,obim_32_14_fifo,12949653,64,10
250900340,obim_32_14_fifo,12795719,64,10
224479580,obim_32_14_fifo,16978753,128,10
232563880,obim_32_14_fifo,16486376,128,10
225263400,obim_32_14_fifo,16464507,128,10
230686560,obim_32_14_fifo,17362682,128,10
228459640,obim_32_14_fifo,16800578,128,10
222529720,obim_32_14_fifo,16865816,128,10
228789000,obim_32_14_fifo,16866408,128,10
232329560,obim_32_14_fifo,16886636,128,10
230336080,obim_32_14_fifo,16552897,128,10
231660040,obim_32_14_fifo,16424964,128,10
268940280,obim_32_14_fifo,26349456,256,10
255359180,obim_32_14_fifo,26911611,256,10
284530060,obim_32_14_fifo,26006455,256,10
260562820,obim_32_14_fifo,26362675,256,10
246626320,obim_32_14_fifo,26475961,256,10
274569120,obim_32_14_fifo,26712477,256,10
252014780,obim_32_14_fifo,26501420,256,10
368742880,obim_32_14_fifo,26037749,256,10
249841960,obim_32_14_fifo,25912719,256,10
250655600,obim_32_14_fifo,26700239,256,10
