160880530680,pmod_256_2_fifo,84823491,1,10
161218231940,pmod_256_2_fifo,84823491,1,10
161251821900,pmod_256_2_fifo,84823491,1,10
161087614520,pmod_256_2_fifo,84823491,1,10
160980884420,pmod_256_2_fifo,84823491,1,10
160813976020,pmod_256_2_fifo,84823491,1,10
161120583820,pmod_256_2_fifo,84823491,1,10
161097878920,pmod_256_2_fifo,84823491,1,10
161288193900,pmod_256_2_fifo,84823491,1,10
160970454620,pmod_256_2_fifo,84823491,1,10
80040238040,pmod_256_2_fifo,84825008,2,10
80228836200,pmod_256_2_fifo,84825363,2,10
80026885480,pmod_256_2_fifo,84825055,2,10
80246959100,pmod_256_2_fifo,84825300,2,10
79922934640,pmod_256_2_fifo,84825109,2,10
79999442840,pmod_256_2_fifo,84825031,2,10
80129081120,pmod_256_2_fifo,84825317,2,10
80142793420,pmod_256_2_fifo,84825202,2,10
80046699220,pmod_256_2_fifo,84825072,2,10
80084382320,pmod_256_2_fifo,84825241,2,10
40669532040,pmod_256_2_fifo,84823569,4,10
40696583600,pmod_256_2_fifo,84823953,4,10
40659436760,pmod_256_2_fifo,84823814,4,10
40661266700,pmod_256_2_fifo,84823282,4,10
40653383080,pmod_256_2_fifo,84823878,4,10
40648331900,pmod_256_2_fifo,84823801,4,10
40682683640,pmod_256_2_fifo,84823782,4,10
40634217860,pmod_256_2_fifo,84823817,4,10
40601166780,pmod_256_2_fifo,84824153,4,10
40678843680,pmod_256_2_fifo,84823511,4,10
21153380440,pmod_256_2_fifo,84828457,8,10
21171231220,pmod_256_2_fifo,84828550,8,10
21172734880,pmod_256_2_fifo,84827884,8,10
20994241980,pmod_256_2_fifo,84827474,8,10
21089394780,pmod_256_2_fifo,84827747,8,10
21179195260,pmod_256_2_fifo,84827993,8,10
21180278740,pmod_256_2_fifo,84827842,8,10
21176358300,pmod_256_2_fifo,84828401,8,10
21093105640,pmod_256_2_fifo,84828452,8,10
21185965200,pmod_256_2_fifo,84828361,8,10
10899013360,pmod_256_2_fifo,85168941,16,10
10863920620,pmod_256_2_fifo,85146231,16,10
10812203940,pmod_256_2_fifo,85179411,16,10
10878538420,pmod_256_2_fifo,85143275,16,10
10879720360,pmod_256_2_fifo,85182394,16,10
10861849900,pmod_256_2_fifo,85147597,16,10
10803572140,pmod_256_2_fifo,85173004,16,10
10882125580,pmod_256_2_fifo,85144947,16,10
10883962400,pmod_256_2_fifo,85132332,16,10
10834813500,pmod_256_2_fifo,85168336,16,10
5656173000,pmod_256_2_fifo,85266201,32,10
5643641520,pmod_256_2_fifo,85173775,32,10
5665282760,pmod_256_2_fifo,85261446,32,10
5672896620,pmod_256_2_fifo,85263303,32,10
5640944920,pmod_256_2_fifo,85262707,32,10
5630673600,pmod_256_2_fifo,85266286,32,10
5610920300,pmod_256_2_fifo,85265615,32,10
5651823920,pmod_256_2_fifo,85265575,32,10
5651873500,pmod_256_2_fifo,85265354,32,10
5647261920,pmod_256_2_fifo,85267806,32,10
3371244140,pmod_256_2_fifo,88767411,64,10
3347807520,pmod_256_2_fifo,88637020,64,10
3360005780,pmod_256_2_fifo,88685586,64,10
3349643580,pmod_256_2_fifo,88761288,64,10
3357919620,pmod_256_2_fifo,88716037,64,10
3423858440,pmod_256_2_fifo,88678008,64,10
3346313000,pmod_256_2_fifo,88708831,64,10
3355652900,pmod_256_2_fifo,88724137,64,10
3362285080,pmod_256_2_fifo,88711299,64,10
3357350640,pmod_256_2_fifo,88713004,64,10
2843943840,pmod_256_2_fifo,95271254,128,10
2830087520,pmod_256_2_fifo,95398380,128,10
2852120660,pmod_256_2_fifo,95940437,128,10
2824394340,pmod_256_2_fifo,95245774,128,10
2839173100,pmod_256_2_fifo,95641088,128,10
2852640660,pmod_256_2_fifo,96143106,128,10
2831563180,pmod_256_2_fifo,95446119,128,10
2823821940,pmod_256_2_fifo,95447446,128,10
2825501400,pmod_256_2_fifo,95504596,128,10
2827445820,pmod_256_2_fifo,95421160,128,10
3401447140,pmod_256_2_fifo,107163892,256,10
3313843160,pmod_256_2_fifo,106289461,256,10
3347270080,pmod_256_2_fifo,106584546,256,10
3360592080,pmod_256_2_fifo,105379868,256,10
3367374460,pmod_256_2_fifo,106538614,256,10
3329897880,pmod_256_2_fifo,105784911,256,10
3287729520,pmod_256_2_fifo,105030024,256,10
3392557760,pmod_256_2_fifo,106405901,256,10
3294845400,pmod_256_2_fifo,105000894,256,10
3438371760,pmod_256_2_fifo,106692802,256,10
