9864904920,obim_64_14_fifo,29625079,1,10
9626854100,obim_64_14_fifo,29625079,1,10
9429869220,obim_64_14_fifo,29625079,1,10
9347133360,obim_64_14_fifo,29625079,1,10
9260240880,obim_64_14_fifo,29625079,1,10
9292235980,obim_64_14_fifo,29625079,1,10
9298212200,obim_64_14_fifo,29625079,1,10
9248658760,obim_64_14_fifo,29625079,1,10
9277312960,obim_64_14_fifo,29625079,1,10
9219893960,obim_64_14_fifo,29625079,1,10
6017610200,obim_64_14_fifo,29559688,2,10
6073104180,obim_64_14_fifo,29559625,2,10
6038714820,obim_64_14_fifo,29560306,2,10
6142713160,obim_64_14_fifo,29559831,2,10
6029003380,obim_64_14_fifo,29558488,2,10
5906274080,obim_64_14_fifo,29559563,2,10
6113021600,obim_64_14_fifo,29559698,2,10
6133382820,obim_64_14_fifo,29556241,2,10
6065647540,obim_64_14_fifo,29557568,2,10
6110029180,obim_64_14_fifo,29559802,2,10
2595627020,obim_64_14_fifo,29550944,4,10
2593490280,obim_64_14_fifo,29541552,4,10
2631617100,obim_64_14_fifo,29554518,4,10
2588976820,obim_64_14_fifo,29534021,4,10
2592692960,obim_64_14_fifo,29542818,4,10
2590606400,obim_64_14_fifo,29533422,4,10
2588491900,obim_64_14_fifo,29547169,4,10
2590036180,obim_64_14_fifo,29552820,4,10
2589735760,obim_64_14_fifo,29543560,4,10
2594416380,obim_64_14_fifo,29543696,4,10
2916445720,obim_64_14_fifo,29626309,8,10
2906825880,obim_64_14_fifo,29641795,8,10
2920614280,obim_64_14_fifo,29623070,8,10
2903826820,obim_64_14_fifo,29650696,8,10
2916943280,obim_64_14_fifo,29659376,8,10
2915490680,obim_64_14_fifo,29616425,8,10
2905394300,obim_64_14_fifo,29632237,8,10
2869922540,obim_64_14_fifo,29652254,8,10
2890237980,obim_64_14_fifo,29630109,8,10
2912458460,obim_64_14_fifo,29622308,8,10
1516018940,obim_64_14_fifo,30979659,16,10
1522472980,obim_64_14_fifo,31041527,16,10
1518607860,obim_64_14_fifo,30943816,16,10
1520953120,obim_64_14_fifo,31027320,16,10
1521576900,obim_64_14_fifo,31008827,16,10
1518845160,obim_64_14_fifo,31069372,16,10
1517685620,obim_64_14_fifo,30974487,16,10
1517943340,obim_64_14_fifo,30945809,16,10
1581806920,obim_64_14_fifo,30974326,16,10
1518659100,obim_64_14_fifo,31043171,16,10
926743120,obim_64_14_fifo,37272290,32,10
913815240,obim_64_14_fifo,36744124,32,10
928747000,obim_64_14_fifo,37279798,32,10
918419720,obim_64_14_fifo,37036543,32,10
924833340,obim_64_14_fifo,37113868,32,10
917519200,obim_64_14_fifo,36994815,32,10
926758800,obim_64_14_fifo,37208729,32,10
923212000,obim_64_14_fifo,37138829,32,10
923365820,obim_64_14_fifo,37156996,32,10
924786880,obim_64_14_fifo,37281323,32,10
674415120,obim_64_14_fifo,52840257,64,10
671968660,obim_64_14_fifo,52278405,64,10
676960840,obim_64_14_fifo,52715166,64,10
674788840,obim_64_14_fifo,52898954,64,10
673799240,obim_64_14_fifo,52606076,64,10
673162940,obim_64_14_fifo,52576301,64,10
669094400,obim_64_14_fifo,52318442,64,10
664789240,obim_64_14_fifo,52429835,64,10
671800180,obim_64_14_fifo,52678586,64,10
674814880,obim_64_14_fifo,52624420,64,10
594890280,obim_64_14_fifo,82981543,128,10
581542800,obim_64_14_fifo,82194578,128,10
570008680,obim_64_14_fifo,82566346,128,10
572974960,obim_64_14_fifo,82079967,128,10
576875120,obim_64_14_fifo,81714768,128,10
569944080,obim_64_14_fifo,81681645,128,10
576425540,obim_64_14_fifo,81985651,128,10
577057760,obim_64_14_fifo,83796868,128,10
574870700,obim_64_14_fifo,83404898,128,10
576928160,obim_64_14_fifo,84460930,128,10
677317120,obim_64_14_fifo,138628778,256,10
687761560,obim_64_14_fifo,136053819,256,10
674845880,obim_64_14_fifo,134843911,256,10
673826860,obim_64_14_fifo,142316149,256,10
670775760,obim_64_14_fifo,139478252,256,10
663519460,obim_64_14_fifo,136229471,256,10
654332880,obim_64_14_fifo,135747143,256,10
667391380,obim_64_14_fifo,138265004,256,10
664373760,obim_64_14_fifo,136921181,256,10
657211020,obim_64_14_fifo,137552968,256,10
