3386435420,pmod_64_18_fifo,10978345,1,10
3372074320,pmod_64_18_fifo,10978345,1,10
3342707760,pmod_64_18_fifo,10978345,1,10
3317171780,pmod_64_18_fifo,10978345,1,10
3331412880,pmod_64_18_fifo,10978345,1,10
3322273680,pmod_64_18_fifo,10978345,1,10
3306626680,pmod_64_18_fifo,10978345,1,10
3259285780,pmod_64_18_fifo,10978345,1,10
3319143760,pmod_64_18_fifo,10978345,1,10
3268315620,pmod_64_18_fifo,10978345,1,10
2065195860,pmod_64_18_fifo,10772837,2,10
2074856380,pmod_64_18_fifo,10774964,2,10
2073817460,pmod_64_18_fifo,10769768,2,10
2065876600,pmod_64_18_fifo,10769928,2,10
2059938780,pmod_64_18_fifo,10760277,2,10
2078312380,pmod_64_18_fifo,10765122,2,10
2069070200,pmod_64_18_fifo,10765592,2,10
2083204960,pmod_64_18_fifo,10765302,2,10
2053076540,pmod_64_18_fifo,10779846,2,10
2076671380,pmod_64_18_fifo,10764858,2,10
873975420,pmod_64_18_fifo,10703085,4,10
871088320,pmod_64_18_fifo,10702562,4,10
877570920,pmod_64_18_fifo,10694074,4,10
881106440,pmod_64_18_fifo,10714680,4,10
871243080,pmod_64_18_fifo,10709962,4,10
871266280,pmod_64_18_fifo,10711360,4,10
892289320,pmod_64_18_fifo,10701443,4,10
873448900,pmod_64_18_fifo,10709184,4,10
874069920,pmod_64_18_fifo,10715745,4,10
872107400,pmod_64_18_fifo,10699457,4,10
966259480,pmod_64_18_fifo,10709277,8,10
967615860,pmod_64_18_fifo,10691404,8,10
961399400,pmod_64_18_fifo,10673091,8,10
969576920,pmod_64_18_fifo,10690851,8,10
965353440,pmod_64_18_fifo,10717084,8,10
964197020,pmod_64_18_fifo,10674040,8,10
965729880,pmod_64_18_fifo,10684967,8,10
964535420,pmod_64_18_fifo,10701642,8,10
965965780,pmod_64_18_fifo,10667584,8,10
965096080,pmod_64_18_fifo,10675483,8,10
513146440,pmod_64_18_fifo,11362365,16,10
518474380,pmod_64_18_fifo,11391313,16,10
514209540,pmod_64_18_fifo,11378715,16,10
513891660,pmod_64_18_fifo,11356635,16,10
512929960,pmod_64_18_fifo,11337466,16,10
515413960,pmod_64_18_fifo,11409802,16,10
512880780,pmod_64_18_fifo,11331766,16,10
511344000,pmod_64_18_fifo,11343507,16,10
515552300,pmod_64_18_fifo,11353937,16,10
510981000,pmod_64_18_fifo,11280927,16,10
342684700,pmod_64_18_fifo,14613354,32,10
351495720,pmod_64_18_fifo,14522128,32,10
341006440,pmod_64_18_fifo,14588962,32,10
346977920,pmod_64_18_fifo,14570896,32,10
342963420,pmod_64_18_fifo,14387292,32,10
345649340,pmod_64_18_fifo,14609856,32,10
343246280,pmod_64_18_fifo,14536903,32,10
340720860,pmod_64_18_fifo,14448365,32,10
360662800,pmod_64_18_fifo,14494329,32,10
344060420,pmod_64_18_fifo,14697868,32,10
289634780,pmod_64_18_fifo,22318542,64,10
299506280,pmod_64_18_fifo,22768825,64,10
302679500,pmod_64_18_fifo,22109257,64,10
298076700,pmod_64_18_fifo,22472172,64,10
294063300,pmod_64_18_fifo,22595474,64,10
299474040,pmod_64_18_fifo,22813464,64,10
292477100,pmod_64_18_fifo,22639720,64,10
292709240,pmod_64_18_fifo,22277737,64,10
293134140,pmod_64_18_fifo,22426673,64,10
315001580,pmod_64_18_fifo,22671796,64,10
296458800,pmod_64_18_fifo,36160316,128,10
292106100,pmod_64_18_fifo,35792320,128,10
288588200,pmod_64_18_fifo,35924405,128,10
292944600,pmod_64_18_fifo,36671517,128,10
296598140,pmod_64_18_fifo,34840460,128,10
293430980,pmod_64_18_fifo,35919421,128,10
289767480,pmod_64_18_fifo,35546663,128,10
300845220,pmod_64_18_fifo,37653644,128,10
287999880,pmod_64_18_fifo,36028629,128,10
289580580,pmod_64_18_fifo,35949409,128,10
329626400,pmod_64_18_fifo,57187520,256,10
345345300,pmod_64_18_fifo,58714715,256,10
332343200,pmod_64_18_fifo,58617615,256,10
334625720,pmod_64_18_fifo,58081763,256,10
340527820,pmod_64_18_fifo,58339707,256,10
329839840,pmod_64_18_fifo,57005879,256,10
351898120,pmod_64_18_fifo,57556631,256,10
324142480,pmod_64_18_fifo,57177168,256,10
333491800,pmod_64_18_fifo,57352627,256,10
350588540,pmod_64_18_fifo,59503966,256,10
