18695716154,pmod_32_12_fifo,848196340,128
18486326562,pmod_32_12_fifo,827899767,128
18159776674,pmod_32_12_fifo,832576547,128
18152880246,pmod_32_12_fifo,831599157,128
18171433426,pmod_32_12_fifo,830274522,128
18411489828,pmod_32_12_fifo,836834996,128
19066219394,pmod_32_14_fifo,859110352,128
18386512252,pmod_32_14_fifo,824027068,128
17866722822,pmod_32_14_fifo,804435920,128
18451690166,pmod_32_14_fifo,829315425,128
18612634978,pmod_32_14_fifo,828278100,128
18433262060,pmod_32_14_fifo,829780934,128
18227915264,pmod_32_16_fifo,821867885,128
18146344052,pmod_32_16_fifo,820094852,128
18435426382,pmod_32_16_fifo,841377067,128
17933951460,pmod_32_16_fifo,809758401,128
18804708938,pmod_32_16_fifo,842071345,128
18652650210,pmod_32_16_fifo,836903443,128
18472694246,pmod_32_18_fifo,829824977,128
18675118128,pmod_32_18_fifo,831559402,128
18778522980,pmod_32_18_fifo,845727462,128
18647891664,pmod_32_18_fifo,830799524,128
18288461342,pmod_32_18_fifo,832519191,128
19107818454,pmod_32_18_fifo,841471317,128
9437407654,pmod_64_12_fifo,896073929,128
9359581900,pmod_64_12_fifo,888161675,128
9154395244,pmod_64_12_fifo,870361192,128
9277695964,pmod_64_12_fifo,885107405,128
9145007494,pmod_64_12_fifo,872436520,128
9173924810,pmod_64_12_fifo,869330917,128
9371866212,pmod_64_14_fifo,887431770,128
9166863908,pmod_64_14_fifo,879263497,128
9313978432,pmod_64_14_fifo,893949602,128
9188886272,pmod_64_14_fifo,876388930,128
9206492366,pmod_64_14_fifo,878487720,128
9396010434,pmod_64_14_fifo,896360048,128
9080175712,pmod_64_16_fifo,871623224,128
9226207050,pmod_64_16_fifo,879275546,128
9079727234,pmod_64_16_fifo,864626039,128
9282765240,pmod_64_16_fifo,887978478,128
9004132092,pmod_64_16_fifo,864448842,128
9204965412,pmod_64_16_fifo,875866479,128
9238932666,pmod_64_18_fifo,882898689,128
9008834972,pmod_64_18_fifo,865962666,128
9191708772,pmod_64_18_fifo,874052996,128
9103618896,pmod_64_18_fifo,868922172,128
9125937936,pmod_64_18_fifo,878664894,128
4454020238,pmod_64_18_fifo,391932895,128
4646397116,pmod_128_12_fifo,417831930,128
4641382990,pmod_128_12_fifo,422565513,128
4593397560,pmod_128_12_fifo,415090920,128
4599852416,pmod_128_12_fifo,415152205,128
4577115986,pmod_128_12_fifo,413467123,128
4589922930,pmod_128_12_fifo,416023726,128
4596961842,pmod_128_14_fifo,418888264,128
4622539634,pmod_128_14_fifo,419038702,128
4582995952,pmod_128_14_fifo,415722883,128
4638872264,pmod_128_14_fifo,421606664,128
4646934812,pmod_128_14_fifo,421749653,128
4600327586,pmod_128_14_fifo,416264641,128
4624600766,pmod_128_16_fifo,416522462,128
4613554180,pmod_128_16_fifo,416154076,128
4619339846,pmod_128_16_fifo,418279883,128
4592849408,pmod_128_16_fifo,414182097,128
4646721192,pmod_128_16_fifo,420746238,128
4676886002,pmod_128_16_fifo,421142597,128
4591331778,pmod_128_18_fifo,420697064,128
4565841634,pmod_128_18_fifo,417189730,128
4545422328,pmod_128_18_fifo,414703518,128
4545088186,pmod_128_18_fifo,416382248,128
4531301616,pmod_128_18_fifo,415327058,128
4556710518,pmod_128_18_fifo,416449192,128
5165172976,pmod_256_12_fifo,468293792,128
5048913460,pmod_256_12_fifo,463900599,128
5128933258,pmod_256_12_fifo,466663334,128
5236150276,pmod_256_12_fifo,476064746,128
5154550412,pmod_256_12_fifo,467086301,128
5079353648,pmod_256_12_fifo,464609597,128
9820887814,pmod_256_14_fifo,934444907,128
5154366820,pmod_256_14_fifo,467171608,128
5159899122,pmod_256_14_fifo,468352231,128
5086436120,pmod_256_14_fifo,463304093,128
5176303332,pmod_256_14_fifo,473278243,128
5081783768,pmod_256_14_fifo,461838553,128
5134382332,pmod_256_16_fifo,468451205,128
5102253780,pmod_256_16_fifo,468432183,128
5032153694,pmod_256_16_fifo,459389920,128
5221887104,pmod_256_16_fifo,471638450,128
5091248094,pmod_256_16_fifo,462202237,128
5224823822,pmod_256_16_fifo,473197510,128
5087283564,pmod_256_18_fifo,466871651,128
5169376622,pmod_256_18_fifo,471033093,128
5111513532,pmod_256_18_fifo,468289562,128
5074985392,pmod_256_18_fifo,464782240,128
5123610906,pmod_256_18_fifo,470277319,128
5171664400,pmod_256_18_fifo,472950265,128
6113886800,pmod_512_12_fifo,570320796,128
6278955890,pmod_512_12_fifo,592506177,128
6058734220,pmod_512_12_fifo,574532609,128
6278505060,pmod_512_12_fifo,587232597,128
6196830730,pmod_512_12_fifo,576030104,128
6283790026,pmod_512_12_fifo,595030934,128
6117077748,pmod_512_14_fifo,577820711,128
6078435852,pmod_512_14_fifo,573516904,128
6112272388,pmod_512_14_fifo,580178618,128
6221533382,pmod_512_14_fifo,585141303,128
6352846452,pmod_512_14_fifo,587788846,128
6135865906,pmod_512_14_fifo,574163675,128
6267327222,pmod_512_16_fifo,581240317,128
6258078304,pmod_512_16_fifo,582690198,128
6173723132,pmod_512_16_fifo,583398085,128
6212054192,pmod_512_16_fifo,584632885,128
6105958020,pmod_512_16_fifo,576199180,128
6186856216,pmod_512_16_fifo,586594334,128
6162146936,pmod_512_18_fifo,568480195,128
6140613796,pmod_512_18_fifo,574316096,128
6252792220,pmod_512_18_fifo,578286248,128
6221980554,pmod_512_18_fifo,594655629,128
6258725848,pmod_512_18_fifo,586087179,128
6271818498,pmod_512_18_fifo,587245649,128
