483820606,pmod_32_12_fifo,21428423,128
493303572,pmod_32_12_fifo,21271372,128
486425098,pmod_32_12_fifo,21713206,128
465569830,pmod_32_12_fifo,21719262,128
481898126,pmod_32_12_fifo,21179764,128
479137118,pmod_32_12_fifo,21093448,128
512226932,pmod_32_14_fifo,21395799,128
503693670,pmod_32_14_fifo,21299149,128
492004438,pmod_32_14_fifo,21570530,128
484449598,pmod_32_14_fifo,21420227,128
492450440,pmod_32_14_fifo,21769385,128
479171958,pmod_32_14_fifo,21163387,128
481153184,pmod_32_16_fifo,21400197,128
480144108,pmod_32_16_fifo,21679084,128
486758058,pmod_32_16_fifo,21496134,128
472020694,pmod_32_16_fifo,21144017,128
500925490,pmod_32_16_fifo,21652991,128
500106598,pmod_32_16_fifo,21679029,128
472415866,pmod_32_18_fifo,21204128,128
464438820,pmod_32_18_fifo,20841008,128
474613488,pmod_32_18_fifo,21178172,128
496210858,pmod_32_18_fifo,21264952,128
507485396,pmod_32_18_fifo,21432616,128
479844420,pmod_32_18_fifo,21337790,128
622575200,pmod_64_12_fifo,33594237,128
637276592,pmod_64_12_fifo,33001085,128
640887202,pmod_64_12_fifo,32196285,128
660550674,pmod_64_12_fifo,33740698,128
653785654,pmod_64_12_fifo,32988124,128
623092976,pmod_64_12_fifo,33285306,128
642499910,pmod_64_14_fifo,32128247,128
583145004,pmod_64_14_fifo,35544703,128
640515796,pmod_64_14_fifo,31946120,128
627152740,pmod_64_14_fifo,31755210,128
631256176,pmod_64_14_fifo,32689584,128
653370002,pmod_64_14_fifo,33184525,128
636752582,pmod_64_16_fifo,33279903,128
651686384,pmod_64_16_fifo,32892684,128
627153640,pmod_64_16_fifo,33055229,128
643853946,pmod_64_16_fifo,32663316,128
655141512,pmod_64_16_fifo,32445025,128
666067552,pmod_64_16_fifo,33751805,128
653448168,pmod_64_18_fifo,32635469,128
656281062,pmod_64_18_fifo,33854569,128
628710064,pmod_64_18_fifo,32834965,128
674655168,pmod_64_18_fifo,35779655,128
528216000,pmod_64_18_fifo,34647959,128
635637796,pmod_64_18_fifo,33297422,128
785371824,pmod_128_12_fifo,45884570,128
864093750,pmod_128_12_fifo,49380183,128
808535212,pmod_128_12_fifo,48075405,128
824842978,pmod_128_12_fifo,51601723,128
829349334,pmod_128_12_fifo,48963224,128
796953848,pmod_128_12_fifo,52138091,128
875932792,pmod_128_14_fifo,51086617,128
799131598,pmod_128_14_fifo,49167714,128
731237010,pmod_128_14_fifo,54287612,128
853831560,pmod_128_14_fifo,48591322,128
849614818,pmod_128_14_fifo,49379248,128
803117816,pmod_128_14_fifo,47750710,128
866774218,pmod_128_16_fifo,51317032,128
754747506,pmod_128_16_fifo,47081211,128
840414204,pmod_128_16_fifo,51038627,128
834330450,pmod_128_16_fifo,49520881,128
854416846,pmod_128_16_fifo,52766589,128
864385506,pmod_128_16_fifo,54533229,128
828826138,pmod_128_18_fifo,51248435,128
765630650,pmod_128_18_fifo,48749874,128
847328582,pmod_128_18_fifo,50798381,128
798536166,pmod_128_18_fifo,47640951,128
783197976,pmod_128_18_fifo,49134812,128
1042070756,pmod_128_18_fifo,48909515,128
1323969904,pmod_256_12_fifo,75536835,128
1463429470,pmod_256_12_fifo,70825203,128
1168103230,pmod_256_12_fifo,73079243,128
1240213202,pmod_256_12_fifo,80197894,128
1601552822,pmod_256_12_fifo,66626182,128
1007443750,pmod_256_12_fifo,78500065,128
1612069294,pmod_256_14_fifo,70285681,128
1364191014,pmod_256_14_fifo,79698259,128
1574781858,pmod_256_14_fifo,70037563,128
1239215384,pmod_256_14_fifo,81827976,128
1428180636,pmod_256_14_fifo,84752257,128
1483097498,pmod_256_14_fifo,75543978,128
1424607592,pmod_256_16_fifo,69574910,128
1262533424,pmod_256_16_fifo,77351725,128
1239254782,pmod_256_16_fifo,78419700,128
1148307948,pmod_256_16_fifo,77364331,128
1091401170,pmod_256_16_fifo,89108846,128
1300643154,pmod_256_16_fifo,85434824,128
1259070396,pmod_256_18_fifo,73893234,128
1081409012,pmod_256_18_fifo,80879214,128
1220335138,pmod_256_18_fifo,75467113,128
1236428706,pmod_256_18_fifo,81391148,128
1497233056,pmod_256_18_fifo,67771375,128
1462738234,pmod_256_18_fifo,86272365,128
2254054928,pmod_512_12_fifo,118852957,128
1900862180,pmod_512_12_fifo,112669642,128
2819773540,pmod_512_12_fifo,106593065,128
1882107530,pmod_512_12_fifo,99620094,128
3046763758,pmod_512_12_fifo,96885298,128
1793019226,pmod_512_12_fifo,101146383,128
2928645964,pmod_512_14_fifo,96498066,128
2742493984,pmod_512_14_fifo,110647623,128
1953850404,pmod_512_14_fifo,110856863,128
1988836730,pmod_512_14_fifo,102133860,128
2580634286,pmod_512_14_fifo,104548198,128
2449485368,pmod_512_14_fifo,109000822,128
2254177642,pmod_512_16_fifo,122015021,128
2024823078,pmod_512_16_fifo,76103781,128
2360171220,pmod_512_16_fifo,102293403,128
2092326814,pmod_512_16_fifo,129684794,128
1791542668,pmod_512_16_fifo,108846178,128
1983653832,pmod_512_16_fifo,114236054,128
1990521334,pmod_512_18_fifo,110661151,128
2399227040,pmod_512_18_fifo,98107261,128
1892343668,pmod_512_18_fifo,105964121,128
2657973210,pmod_512_18_fifo,97790677,128
2563586816,pmod_512_18_fifo,101488829,128
2588913286,pmod_512_18_fifo,98144856,128
