103755686,obim_32_0_fifo,3987543,128
103629890,obim_32_0_fifo,3991898,128
129919550,obim_32_0_fifo,4332506,128
127418260,obim_32_0_fifo,4242301,128
104011528,obim_32_0_fifo,3981613,128
105303554,obim_32_0_fifo,4026238,128
129261922,obim_32_2_fifo,4751813,128
316564950,obim_32_2_fifo,6321579,128
158023792,obim_32_2_fifo,5303582,128
231958078,obim_32_2_fifo,5520555,128
186489990,obim_32_2_fifo,5004184,128
291716990,obim_32_2_fifo,5694903,128
373825478,obim_32_4_fifo,7116139,128
289847918,obim_32_4_fifo,5847758,128
280987444,obim_32_4_fifo,6531857,128
533399122,obim_32_4_fifo,8484861,128
532619984,obim_32_4_fifo,8102451,128
307636340,obim_32_4_fifo,7302853,128
108229104,obim_64_0_fifo,4389030,128
186571948,obim_64_0_fifo,7185009,128
120390622,obim_64_0_fifo,4844830,128
128287108,obim_64_0_fifo,4416049,128
117296632,obim_64_0_fifo,5283094,128
110255194,obim_64_0_fifo,4835452,128
171368778,obim_64_2_fifo,6070647,128
176230516,obim_64_2_fifo,7308335,128
138961672,obim_64_2_fifo,5429545,128
141319976,obim_64_2_fifo,5948571,128
202720544,obim_64_2_fifo,6678978,128
111129230,obim_64_2_fifo,4649875,128
166367806,obim_64_4_fifo,7322527,128
218808086,obim_64_4_fifo,7452260,128
193027810,obim_64_4_fifo,6571235,128
272814488,obim_64_4_fifo,8095827,128
196568840,obim_64_4_fifo,6254408,128
216586122,obim_64_4_fifo,7397903,128
101689008,obim_128_0_fifo,4817542,128
102819120,obim_128_0_fifo,5146838,128
118062824,obim_128_0_fifo,5669735,128
107739812,obim_128_0_fifo,5537122,128
123888698,obim_128_0_fifo,5825514,128
109135998,obim_128_0_fifo,5107512,128
144859908,obim_128_2_fifo,7034822,128
123343946,obim_128_2_fifo,6001541,128
139912614,obim_128_2_fifo,6234820,128
128549614,obim_128_2_fifo,6333283,128
157872672,obim_128_2_fifo,7716679,128
141809268,obim_128_2_fifo,6782926,128
177073072,obim_128_4_fifo,8110531,128
161611092,obim_128_4_fifo,7569561,128
150132722,obim_128_4_fifo,7293143,128
163270782,obim_128_4_fifo,7871743,128
165097448,obim_128_4_fifo,7868298,128
179190414,obim_128_4_fifo,8538599,128
113926626,obim_256_0_fifo,6126893,128
118727946,obim_256_0_fifo,6459535,128
104980726,obim_256_0_fifo,5576995,128
103921958,obim_256_0_fifo,5554571,128
105778246,obim_256_0_fifo,5540182,128
117980950,obim_256_0_fifo,5952768,128
107859356,obim_256_2_fifo,5938676,128
115226384,obim_256_2_fifo,6343155,128
116537980,obim_256_2_fifo,6287502,128
112294960,obim_256_2_fifo,6337407,128
123321534,obim_256_2_fifo,6907793,128
113742280,obim_256_2_fifo,6056844,128
110340730,obim_256_4_fifo,6282335,128
132297890,obim_256_4_fifo,7657421,128
109649246,obim_256_4_fifo,6195391,128
113963618,obim_256_4_fifo,6573244,128
119351718,obim_256_4_fifo,6791131,128
124797172,obim_256_4_fifo,7089248,128
114825496,obim_512_0_fifo,6333828,128
128135504,obim_512_0_fifo,7196410,128
113512984,obim_512_0_fifo,6262998,128
112705114,obim_512_0_fifo,6147407,128
114649724,obim_512_0_fifo,6264513,128
111075894,obim_512_0_fifo,6132471,128
120630852,obim_512_2_fifo,6691238,128
123246096,obim_512_2_fifo,7058208,128
130727128,obim_512_2_fifo,7439435,128
128288980,obim_512_2_fifo,7326825,128
121867016,obim_512_2_fifo,6799146,128
127483718,obim_512_2_fifo,7238745,128
121867436,obim_512_4_fifo,6824561,128
117248296,obim_512_4_fifo,6594007,128
126838834,obim_512_4_fifo,7229361,128
116193640,obim_512_4_fifo,6538973,128
116581528,obim_512_4_fifo,6586484,128
122624542,obim_512_4_fifo,7056002,128
