748965844,obim_32_0_fifo,14482897,128
757208098,obim_32_0_fifo,14440392,128
745920316,obim_32_0_fifo,14593801,128
763062256,obim_32_0_fifo,14504695,128
750185688,obim_32_0_fifo,14508462,128
753540020,obim_32_0_fifo,14572553,128
575566190,obim_32_2_fifo,16103839,128
576109652,obim_32_2_fifo,15950897,128
571943448,obim_32_2_fifo,16046034,128
586299530,obim_32_2_fifo,16124700,128
583237470,obim_32_2_fifo,16001256,128
571237636,obim_32_2_fifo,16152904,128
511876660,obim_32_4_fifo,17605814,128
507945708,obim_32_4_fifo,17499340,128
510584266,obim_32_4_fifo,17414741,128
516366422,obim_32_4_fifo,17631392,128
517500394,obim_32_4_fifo,17475039,128
508306952,obim_32_4_fifo,17417970,128
383866544,obim_64_0_fifo,18043613,128
382914042,obim_64_0_fifo,17860273,128
381444462,obim_64_0_fifo,17756791,128
372933584,obim_64_0_fifo,18138601,128
388765016,obim_64_0_fifo,17906706,128
376080316,obim_64_0_fifo,18049952,128
303616580,obim_64_2_fifo,22453302,128
312127300,obim_64_2_fifo,22547514,128
310193304,obim_64_2_fifo,22486799,128
304085222,obim_64_2_fifo,22738769,128
310851972,obim_64_2_fifo,22356385,128
304322826,obim_64_2_fifo,22564059,128
389149090,obim_64_4_fifo,23750813,128
379441048,obim_64_4_fifo,23438908,128
384422558,obim_64_4_fifo,23670383,128
388394738,obim_64_4_fifo,23736402,128
384890330,obim_64_4_fifo,23793108,128
388735200,obim_64_4_fifo,24017444,128
430310034,obim_128_0_fifo,30232921,128
438158958,obim_128_0_fifo,29681626,128
432001782,obim_128_0_fifo,29662393,128
432398242,obim_128_0_fifo,30155255,128
424185426,obim_128_0_fifo,30536748,128
452682302,obim_128_0_fifo,30183075,128
365767476,obim_128_2_fifo,37527375,128
347831752,obim_128_2_fifo,36788008,128
344607356,obim_128_2_fifo,36558641,128
353673308,obim_128_2_fifo,36425013,128
342539680,obim_128_2_fifo,36844371,128
356242632,obim_128_2_fifo,37209185,128
366903552,obim_128_4_fifo,40686113,128
375535360,obim_128_4_fifo,41289299,128
367731462,obim_128_4_fifo,40231081,128
363072792,obim_128_4_fifo,40386441,128
365341240,obim_128_4_fifo,40014619,128
366331968,obim_128_4_fifo,40298938,128
416056888,obim_128_0_fifo,30404710,128
428226516,obim_128_0_fifo,30617904,128
419664040,obim_128_0_fifo,30760068,128
427498728,obim_128_0_fifo,30265201,128
419973082,obim_128_0_fifo,30397451,128
437525292,obim_128_0_fifo,30966934,128
351197226,obim_128_2_fifo,36731097,128
341844186,obim_128_2_fifo,36984221,128
347603982,obim_128_2_fifo,37512978,128
368413310,obim_128_2_fifo,37447653,128
348146182,obim_128_2_fifo,37221340,128
349899576,obim_128_2_fifo,37056370,128
368808552,obim_128_4_fifo,40424799,128
365141132,obim_128_4_fifo,39977093,128
363434966,obim_128_4_fifo,39941566,128
370209620,obim_128_4_fifo,40903654,128
364289394,obim_128_4_fifo,40033861,128
361616616,obim_128_4_fifo,40455698,128
686052506,obim_256_0_fifo,42776422,128
746891658,obim_256_0_fifo,43831900,128
702097462,obim_256_0_fifo,42587763,128
712243830,obim_256_0_fifo,40955706,128
713868128,obim_256_0_fifo,41164377,128
717422068,obim_256_0_fifo,41828680,128
547418102,obim_256_2_fifo,56308195,128
526393636,obim_256_2_fifo,56916630,128
515448010,obim_256_2_fifo,56592148,128
541184718,obim_256_2_fifo,58642638,128
550263380,obim_256_2_fifo,58420848,128
512312530,obim_256_2_fifo,57034736,128
502171848,obim_256_4_fifo,60765014,128
507625842,obim_256_4_fifo,61522086,128
540389402,obim_256_4_fifo,65326109,128
516000472,obim_256_4_fifo,61823022,128
506402278,obim_256_4_fifo,60194593,128
518571478,obim_256_4_fifo,62858302,128
1202868236,obim_512_0_fifo,55759570,128
1270448170,obim_512_0_fifo,63233127,128
1190453252,obim_512_0_fifo,61064104,128
1176660290,obim_512_0_fifo,64068616,128
1243277258,obim_512_0_fifo,56029589,128
1231655502,obim_512_0_fifo,60933482,128
934711360,obim_512_2_fifo,86993776,128
906371036,obim_512_2_fifo,86288216,128
940688208,obim_512_2_fifo,87408517,128
980505006,obim_512_2_fifo,90970005,128
929805922,obim_512_2_fifo,81853722,128
926797620,obim_512_2_fifo,85147774,128
880546266,obim_512_4_fifo,90838858,128
835785242,obim_512_4_fifo,87487744,128
872036072,obim_512_4_fifo,91541681,128
852901680,obim_512_4_fifo,93070591,128
871227434,obim_512_4_fifo,90416010,128
881842412,obim_512_4_fifo,87927583,128
