241428594,pmod_32_0_fifo,8174549,128
248384738,pmod_32_0_fifo,8103412,128
243627596,pmod_32_0_fifo,8288451,128
241386934,pmod_32_0_fifo,8151225,128
245774690,pmod_32_0_fifo,8224949,128
248160844,pmod_32_0_fifo,8123425,128
242435368,pmod_32_2_fifo,8142805,128
250126714,pmod_32_2_fifo,8144737,128
242705520,pmod_32_2_fifo,8190922,128
245475874,pmod_32_2_fifo,8017024,128
240319874,pmod_32_2_fifo,8182772,128
240109034,pmod_32_2_fifo,8221732,128
240700462,pmod_32_4_fifo,8155922,128
247351444,pmod_32_4_fifo,8330379,128
247097128,pmod_32_4_fifo,8269173,128
241724916,pmod_32_4_fifo,8398294,128
243799380,pmod_32_4_fifo,8220696,128
240622426,pmod_32_4_fifo,8283029,128
159753886,pmod_64_0_fifo,14431198,128
159293034,pmod_64_0_fifo,14564139,128
164252734,pmod_64_0_fifo,14933581,128
162890720,pmod_64_0_fifo,14609492,128
164260628,pmod_64_0_fifo,14782927,128
166408936,pmod_64_0_fifo,15126976,128
161525512,pmod_64_2_fifo,14954431,128
165060194,pmod_64_2_fifo,14385765,128
162929694,pmod_64_2_fifo,14869817,128
161377936,pmod_64_2_fifo,14593457,128
161418936,pmod_64_2_fifo,14968679,128
163696430,pmod_64_2_fifo,14404274,128
162333368,pmod_64_4_fifo,15049033,128
164748272,pmod_64_4_fifo,14766170,128
167898834,pmod_64_4_fifo,15235422,128
163728920,pmod_64_4_fifo,15116001,128
162865282,pmod_64_4_fifo,14859548,128
161844650,pmod_64_4_fifo,14518658,128
211810098,pmod_128_0_fifo,23095677,128
201714790,pmod_128_0_fifo,21836073,128
209985236,pmod_128_0_fifo,23527673,128
216560756,pmod_128_0_fifo,23372454,128
210756852,pmod_128_0_fifo,22725731,128
211904864,pmod_128_0_fifo,22649106,128
219447404,pmod_128_2_fifo,23752722,128
216666518,pmod_128_2_fifo,23234786,128
210459596,pmod_128_2_fifo,22283610,128
218927466,pmod_128_2_fifo,23801414,128
216024746,pmod_128_2_fifo,23475789,128
208806602,pmod_128_2_fifo,22321999,128
208185114,pmod_128_4_fifo,21613217,128
205377200,pmod_128_4_fifo,21743840,128
215087054,pmod_128_4_fifo,23871586,128
214069092,pmod_128_4_fifo,22977597,128
212328196,pmod_128_4_fifo,23088689,128
208896072,pmod_128_4_fifo,22450884,128
307799992,pmod_256_0_fifo,32213293,128
325352216,pmod_256_0_fifo,31128366,128
343337908,pmod_256_0_fifo,35306281,128
315498344,pmod_256_0_fifo,33809753,128
315224336,pmod_256_0_fifo,34704663,128
313817868,pmod_256_0_fifo,31786433,128
338727210,pmod_256_2_fifo,36194472,128
317822458,pmod_256_2_fifo,33671239,128
322337222,pmod_256_2_fifo,32290873,128
302897260,pmod_256_2_fifo,32354799,128
341026640,pmod_256_2_fifo,33802161,128
322233408,pmod_256_2_fifo,33525617,128
314327088,pmod_256_4_fifo,33948945,128
335847976,pmod_256_4_fifo,33156265,128
329074838,pmod_256_4_fifo,33132364,128
330316242,pmod_256_4_fifo,32502861,128
320141250,pmod_256_4_fifo,33330209,128
309815686,pmod_256_4_fifo,34171257,128
613292598,pmod_512_0_fifo,35194525,128
543477178,pmod_512_0_fifo,36380661,128
482553702,pmod_512_0_fifo,34293959,128
635936104,pmod_512_0_fifo,38472102,128
588943362,pmod_512_0_fifo,34381780,128
572398752,pmod_512_0_fifo,36083823,128
623699572,pmod_512_2_fifo,34543458,128
501287850,pmod_512_2_fifo,32589313,128
610413930,pmod_512_2_fifo,34603796,128
531276204,pmod_512_2_fifo,37169017,128
509614802,pmod_512_2_fifo,39794561,128
575279266,pmod_512_2_fifo,42026933,128
523774978,pmod_512_4_fifo,35761421,128
554103910,pmod_512_4_fifo,34730975,128
570546688,pmod_512_4_fifo,34744138,128
537610822,pmod_512_4_fifo,35369481,128
545552694,pmod_512_4_fifo,36356490,128
503892620,pmod_512_4_fifo,33152979,128
