1227416448,obim_32_0_fifo,24426451,128
1239931564,obim_32_0_fifo,24421594,128
1236626648,obim_32_0_fifo,24414453,128
1221368754,obim_32_0_fifo,24472064,128
1232545786,obim_32_0_fifo,24431169,128
1229477742,obim_32_0_fifo,24487681,128
960152108,obim_32_2_fifo,26649244,128
958389628,obim_32_2_fifo,26555232,128
960648658,obim_32_2_fifo,26491018,128
970237684,obim_32_2_fifo,26519788,128
958138032,obim_32_2_fifo,26536067,128
971482360,obim_32_2_fifo,26570902,128
929331804,obim_32_4_fifo,29680214,128
935718242,obim_32_4_fifo,29655926,128
924226904,obim_32_4_fifo,29848490,128
930452382,obim_32_4_fifo,29632380,128
920183818,obim_32_4_fifo,29596575,128
925690918,obim_32_4_fifo,29542783,128
635427754,obim_64_0_fifo,28452535,128
617704346,obim_64_0_fifo,28635601,128
612049208,obim_64_0_fifo,28904563,128
625417074,obim_64_0_fifo,28724790,128
617281284,obim_64_0_fifo,28767510,128
616863732,obim_64_0_fifo,28291848,128
479984798,obim_64_2_fifo,36663316,128
479014484,obim_64_2_fifo,36816654,128
476058624,obim_64_2_fifo,37575400,128
491099432,obim_64_2_fifo,37105632,128
474332528,obim_64_2_fifo,37190832,128
478271816,obim_64_2_fifo,37303501,128
599821188,obim_64_4_fifo,40680553,128
599787496,obim_64_4_fifo,40266910,128
598855248,obim_64_4_fifo,39867409,128
605917034,obim_64_4_fifo,40527017,128
603949830,obim_64_4_fifo,40465253,128
600798706,obim_64_4_fifo,40984093,128
621116374,obim_128_0_fifo,48209134,128
646204800,obim_128_0_fifo,47638619,128
633484052,obim_128_0_fifo,48270419,128
640593772,obim_128_0_fifo,47408520,128
646439754,obim_128_0_fifo,47090935,128
635221124,obim_128_0_fifo,48597079,128
482832464,obim_128_2_fifo,62058862,128
483870594,obim_128_2_fifo,62060562,128
480258590,obim_128_2_fifo,60927898,128
480507160,obim_128_2_fifo,61892458,128
482362502,obim_128_2_fifo,61071837,128
477276370,obim_128_2_fifo,61736221,128
507337720,obim_128_4_fifo,68216007,128
511628432,obim_128_4_fifo,67423806,128
509080374,obim_128_4_fifo,68118204,128
512938614,obim_128_4_fifo,68978182,128
506034166,obim_128_4_fifo,67880658,128
509241716,obim_128_4_fifo,67752206,128
1031084124,obim_256_0_fifo,67376192,128
1063887992,obim_256_0_fifo,69248170,128
1063039614,obim_256_0_fifo,66950174,128
975287552,obim_256_0_fifo,67204868,128
1031910196,obim_256_0_fifo,67561998,128
1067704008,obim_256_0_fifo,66015696,128
729461254,obim_256_2_fifo,98873881,128
711958414,obim_256_2_fifo,99104948,128
714763900,obim_256_2_fifo,95793294,128
766347100,obim_256_2_fifo,99026962,128
726838750,obim_256_2_fifo,96823740,128
719651104,obim_256_2_fifo,94497898,128
689264760,obim_256_4_fifo,105373279,128
698459904,obim_256_4_fifo,105670122,128
703765954,obim_256_4_fifo,106142337,128
700050850,obim_256_4_fifo,104727039,128
722741442,obim_256_4_fifo,108111451,128
696069756,obim_256_4_fifo,106138161,128
1641321544,obim_512_0_fifo,97961763,128
1776829874,obim_512_0_fifo,104338594,128
1768998352,obim_512_0_fifo,103844731,128
1664533212,obim_512_0_fifo,100574433,128
1708048882,obim_512_0_fifo,97153856,128
1825276802,obim_512_0_fifo,98697550,128
1296634104,obim_512_2_fifo,153974494,128
1351673808,obim_512_2_fifo,162150738,128
1306169578,obim_512_2_fifo,157415530,128
1234801584,obim_512_2_fifo,157203755,128
1348936418,obim_512_2_fifo,154766891,128
1248077304,obim_512_2_fifo,155653475,128
1193716070,obim_512_4_fifo,165514666,128
1267785890,obim_512_4_fifo,170983477,128
1316455254,obim_512_4_fifo,167538912,128
1148837632,obim_512_4_fifo,164842942,128
1300030838,obim_512_4_fifo,168651052,128
1235234252,obim_512_4_fifo,170200550,128
1078616394,obim_32_8_fifo,37974868,128
1077806118,obim_32_8_fifo,37670915,128
1105952860,obim_32_8_fifo,39245864,128
1059154012,obim_32_8_fifo,37826973,128
1085332004,obim_32_8_fifo,37982652,128
801244478,obim_64_8_fifo,43787825,128
759534698,obim_64_8_fifo,45075775,128
798568672,obim_64_8_fifo,43088579,128
798404614,obim_64_8_fifo,43716241,128
787102738,obim_64_8_fifo,44747852,128
669946072,obim_128_8_fifo,74370529,128
690599604,obim_128_8_fifo,75308481,128
671336576,obim_128_8_fifo,75167857,128
692439062,obim_128_8_fifo,74757018,128
691839356,obim_128_8_fifo,74460416,128
884686068,obim_256_8_fifo,120502717,128
868172318,obim_256_8_fifo,118472458,128
848714846,obim_256_8_fifo,119102591,128
826329710,obim_256_8_fifo,113765703,128
846966602,obim_256_8_fifo,117009650,128
1474914756,obim_512_8_fifo,187274530,128
1424429046,obim_512_8_fifo,185562452,128
1340937158,obim_512_8_fifo,179874245,128
1336021264,obim_512_8_fifo,175904225,128
1300573520,obim_512_8_fifo,183525187,128
