3976139792,obim_32_0_fifo,56113724,128
3237390240,obim_32_0_fifo,57620361,128
3233194408,obim_32_0_fifo,47242698,128
3594488174,obim_32_0_fifo,58241502,128
3233722288,obim_32_0_fifo,44399661,128
3223989536,obim_32_0_fifo,53273764,128
6708589092,obim_32_2_fifo,104814127,128
3550741142,obim_32_2_fifo,57102982,128
2892185108,obim_32_2_fifo,40589803,128
2701402604,obim_32_2_fifo,40701602,128
3015415282,obim_32_2_fifo,47846226,128
2928240190,obim_32_2_fifo,43939465,128
4877133734,obim_32_4_fifo,57470396,128
3909213108,obim_32_4_fifo,50936765,128
3683366308,obim_32_4_fifo,64580413,128
6690305236,obim_32_4_fifo,76479430,128
3664446736,obim_32_4_fifo,58299875,128
4728035532,obim_32_4_fifo,54180366,128
2850381954,obim_64_0_fifo,53708151,128
4205089762,obim_64_0_fifo,81164600,128
2620459526,obim_64_0_fifo,44697853,128
2762033306,obim_64_0_fifo,54789173,128
2394697914,obim_64_0_fifo,38867965,128
2991352866,obim_64_0_fifo,60000067,128
2497190998,obim_64_2_fifo,40420104,128
3303078688,obim_64_2_fifo,67017900,128
2804507766,obim_64_2_fifo,52262122,128
2870675764,obim_64_2_fifo,48079210,128
2583742062,obim_64_2_fifo,44997991,128
3383440060,obim_64_2_fifo,64948739,128
3156430456,obim_64_4_fifo,63364009,128
3394761616,obim_64_4_fifo,59222475,128
3582382346,obim_64_4_fifo,65196125,128
3504988464,obim_64_4_fifo,55726722,128
3611007262,obim_64_4_fifo,60286550,128
3554309628,obim_64_4_fifo,60768853,128
3247522764,obim_128_0_fifo,67955041,128
2975320682,obim_128_0_fifo,61523546,128
2634042078,obim_128_0_fifo,52365542,128
2681077924,obim_128_0_fifo,55207620,128
3138178586,obim_128_0_fifo,66635287,128
3270860476,obim_128_0_fifo,65440079,128
3565841900,obim_128_2_fifo,70250913,128
3513609344,obim_128_2_fifo,68960400,128
2825860354,obim_128_2_fifo,56876429,128
3439769400,obim_128_2_fifo,70992065,128
3616259902,obim_128_2_fifo,73125614,128
3003545390,obim_128_2_fifo,61118156,128
3263077336,obim_128_4_fifo,70291412,128
2766672984,obim_128_4_fifo,54678858,128
3045445940,obim_128_4_fifo,65059155,128
2929534164,obim_128_4_fifo,61488473,128
3087409212,obim_128_4_fifo,63789883,128
3222880116,obim_128_4_fifo,68513020,128
3693480386,obim_256_0_fifo,77578829,128
3338616432,obim_256_0_fifo,69066969,128
3466432346,obim_256_0_fifo,73116501,128
3515649984,obim_256_0_fifo,74735386,128
3511679946,obim_256_0_fifo,76117103,128
3060004408,obim_256_0_fifo,62210491,128
3320336348,obim_256_2_fifo,66688612,128
3437880352,obim_256_2_fifo,70179450,128
3099211128,obim_256_2_fifo,63147010,128
3536318158,obim_256_2_fifo,72186995,128
4010055644,obim_256_2_fifo,83944269,128
3730555518,obim_256_2_fifo,78887756,128
2723230324,obim_256_4_fifo,53165005,128
2812058408,obim_256_4_fifo,53906634,128
3228149454,obim_256_4_fifo,71483946,128
2805866268,obim_256_4_fifo,53312761,128
2711141446,obim_256_4_fifo,49084762,128
2696074948,obim_256_4_fifo,51848870,128
3471716730,obim_512_0_fifo,75246464,128
3294753998,obim_512_0_fifo,69188574,128
3282477934,obim_512_0_fifo,70478154,128
3236633428,obim_512_0_fifo,68121319,128
3384852530,obim_512_0_fifo,71882784,128
3412362256,obim_512_0_fifo,73675608,128
3577069636,obim_512_2_fifo,75507097,128
3387769848,obim_512_2_fifo,71523184,128
3512457704,obim_512_2_fifo,73390789,128
3564538440,obim_512_2_fifo,76008033,128
3231126972,obim_512_2_fifo,66867236,128
3740217590,obim_512_2_fifo,79462120,128
2775222500,obim_512_4_fifo,55100113,128
3116887664,obim_512_4_fifo,66537418,128
3225452064,obim_512_4_fifo,68728337,128
3064657846,obim_512_4_fifo,65337672,128
3087450298,obim_512_4_fifo,63694012,128
3084104176,obim_512_4_fifo,64090773,128
