1432589470,obim_32_0_fifo,50545402,128
1451532478,obim_32_0_fifo,50548557,128
1533426808,obim_32_0_fifo,50546139,128
1641288070,obim_32_0_fifo,50550421,128
1585801880,obim_32_0_fifo,50545614,128
1414891618,obim_32_0_fifo,50547417,128
2417677282,obim_32_2_fifo,52009538,128
2609297720,obim_32_2_fifo,53018968,128
2391030288,obim_32_2_fifo,52717212,128
1869760442,obim_32_2_fifo,51320444,128
2148100158,obim_32_2_fifo,52004588,128
2235645266,obim_32_2_fifo,51884605,128
2395063558,obim_32_4_fifo,66480136,128
2539015006,obim_32_4_fifo,61680513,128
1865714816,obim_32_4_fifo,54895713,128
1933515956,obim_32_4_fifo,57073328,128
2335456240,obim_32_4_fifo,62517460,128
2963319574,obim_32_4_fifo,71654372,128
991172542,obim_64_0_fifo,50546921,128
1050668510,obim_64_0_fifo,50548681,128
977721952,obim_64_0_fifo,50548748,128
1005985246,obim_64_0_fifo,50553200,128
978125486,obim_64_0_fifo,50547061,128
983533910,obim_64_0_fifo,50553666,128
1140376820,obim_64_2_fifo,51006904,128
1266698284,obim_64_2_fifo,51665077,128
1032566882,obim_64_2_fifo,51038977,128
1213549840,obim_64_2_fifo,51634291,128
1246715852,obim_64_2_fifo,51338400,128
1123829622,obim_64_2_fifo,51776298,128
1101230012,obim_64_4_fifo,58596754,128
1035476634,obim_64_4_fifo,61789448,128
1316439540,obim_64_4_fifo,61096996,128
1093256098,obim_64_4_fifo,58444310,128
979414850,obim_64_4_fifo,55375955,128
981715042,obim_64_4_fifo,57196456,128
757388582,obim_128_0_fifo,50556073,128
756187134,obim_128_0_fifo,50564210,128
751005874,obim_128_0_fifo,50558716,128
744597542,obim_128_0_fifo,50552304,128
753313974,obim_128_0_fifo,50579070,128
761343938,obim_128_0_fifo,50553897,128
818855532,obim_128_2_fifo,50858015,128
845388344,obim_128_2_fifo,51167889,128
882362782,obim_128_2_fifo,51457898,128
841768068,obim_128_2_fifo,51298435,128
812603900,obim_128_2_fifo,51129139,128
785588504,obim_128_2_fifo,50858149,128
871709320,obim_128_4_fifo,59243808,128
1145710862,obim_128_4_fifo,75122200,128
776444334,obim_128_4_fifo,56782442,128
893005904,obim_128_4_fifo,61681064,128
941423236,obim_128_4_fifo,64899566,128
853382352,obim_128_4_fifo,60082437,128
666032086,obim_256_0_fifo,50624431,128
658973826,obim_256_0_fifo,50583336,128
655358322,obim_256_0_fifo,50612329,128
677787646,obim_256_0_fifo,50640825,128
671875372,obim_256_0_fifo,50573288,128
668216234,obim_256_0_fifo,50680808,128
694548988,obim_256_2_fifo,51093831,128
703206326,obim_256_2_fifo,51655096,128
648457826,obim_256_2_fifo,50786062,128
676772518,obim_256_2_fifo,51300696,128
679463870,obim_256_2_fifo,51363111,128
693614536,obim_256_2_fifo,51192961,128
685078120,obim_256_4_fifo,55055413,128
793292928,obim_256_4_fifo,63943072,128
812055764,obim_256_4_fifo,67015462,128
836792592,obim_256_4_fifo,67919889,128
748720376,obim_256_4_fifo,59823652,128
763486080,obim_256_4_fifo,61889308,128
641719360,obim_512_0_fifo,50667313,128
643083648,obim_512_0_fifo,50700646,128
646752840,obim_512_0_fifo,50676989,128
649077180,obim_512_0_fifo,50701012,128
646945572,obim_512_0_fifo,50665901,128
651601182,obim_512_0_fifo,50617026,128
656581894,obim_512_2_fifo,51045339,128
674483696,obim_512_2_fifo,52035787,128
649025600,obim_512_2_fifo,51218124,128
650626524,obim_512_2_fifo,51231564,128
659925150,obim_512_2_fifo,51337965,128
675841664,obim_512_2_fifo,51354430,128
750275064,obim_512_4_fifo,61756770,128
869063464,obim_512_4_fifo,69659027,128
692072580,obim_512_4_fifo,56238216,128
747117950,obim_512_4_fifo,60979263,128
760250986,obim_512_4_fifo,62771828,128
687948274,obim_512_4_fifo,55950737,128
