3356126550,pmod_32_0_fifo,43600356,128
2788498292,pmod_32_0_fifo,39483710,128
2876007580,pmod_32_0_fifo,39642733,128
2749480094,pmod_32_0_fifo,43285981,128
4475478926,pmod_32_0_fifo,78319832,128
3118860610,pmod_32_0_fifo,44785210,128
4189862020,pmod_32_2_fifo,65812284,128
2952921738,pmod_32_2_fifo,39414232,128
3204934388,pmod_32_2_fifo,52323840,128
4015824052,pmod_32_2_fifo,73390884,128
3329155052,pmod_32_2_fifo,48656975,128
2655523930,pmod_32_2_fifo,39084953,128
2643076694,pmod_32_4_fifo,38626378,128
3050537772,pmod_32_4_fifo,56541207,128
2661976898,pmod_32_4_fifo,40229893,128
2971345054,pmod_32_4_fifo,43897836,128
2891004824,pmod_32_4_fifo,46083600,128
3063281510,pmod_32_4_fifo,46154517,128
3177319944,pmod_64_0_fifo,65576923,128
2422305606,pmod_64_0_fifo,40509795,128
2703388038,pmod_64_0_fifo,47839634,128
2539238832,pmod_64_0_fifo,40101972,128
2658352272,pmod_64_0_fifo,43090478,128
2453422608,pmod_64_0_fifo,39834353,128
2938664436,pmod_64_2_fifo,52523064,128
2631947260,pmod_64_2_fifo,47164169,128
3151018244,pmod_64_2_fifo,51635934,128
2679782580,pmod_64_2_fifo,53375924,128
3163462282,pmod_64_2_fifo,57486142,128
3307935618,pmod_64_2_fifo,66439124,128
2534713644,pmod_64_4_fifo,43839434,128
2570462834,pmod_64_4_fifo,41842559,128
3207080786,pmod_64_4_fifo,64144404,128
2965581522,pmod_64_4_fifo,58064869,128
2967258870,pmod_64_4_fifo,57979907,128
3015287992,pmod_64_4_fifo,57852657,128
3070341528,pmod_128_0_fifo,62728411,128
3133331392,pmod_128_0_fifo,63579496,128
3191735902,pmod_128_0_fifo,63255921,128
3337561428,pmod_128_0_fifo,67841192,128
3477109880,pmod_128_0_fifo,71925066,128
3435465826,pmod_128_0_fifo,72831273,128
3090638342,pmod_128_2_fifo,61466472,128
2857231258,pmod_128_2_fifo,58024459,128
2888727692,pmod_128_2_fifo,57952012,128
3009981664,pmod_128_2_fifo,61157683,128
3558099254,pmod_128_2_fifo,76703033,128
2919194922,pmod_128_2_fifo,59296856,128
3364792376,pmod_128_4_fifo,68460242,128
2603030576,pmod_128_4_fifo,50933476,128
3472618886,pmod_128_4_fifo,71365796,128
2770914920,pmod_128_4_fifo,55116026,128
2711822570,pmod_128_4_fifo,54391209,128
3159714190,pmod_128_4_fifo,64886857,128
3407381810,pmod_256_0_fifo,71794506,128
3353905940,pmod_256_0_fifo,68358557,128
3421735796,pmod_256_0_fifo,73359296,128
3385772466,pmod_256_0_fifo,70279371,128
3265966004,pmod_256_0_fifo,69526279,128
3646847394,pmod_256_0_fifo,78028468,128
3350199640,pmod_256_2_fifo,70858114,128
3820649326,pmod_256_2_fifo,79368042,128
3471182644,pmod_256_2_fifo,73830303,128
3213245908,pmod_256_2_fifo,64663017,128
3533108714,pmod_256_2_fifo,73783343,128
3530240082,pmod_256_2_fifo,73338939,128
2855590512,pmod_256_4_fifo,59171613,128
3249955858,pmod_256_4_fifo,65986234,128
3436875472,pmod_256_4_fifo,71440481,128
3206839098,pmod_256_4_fifo,66639851,128
3283626550,pmod_256_4_fifo,69407154,128
3257495022,pmod_256_4_fifo,68758190,128
3501386458,pmod_512_0_fifo,73763042,128
3380327112,pmod_512_0_fifo,71471405,128
3410487210,pmod_512_0_fifo,72247474,128
3690314386,pmod_512_0_fifo,76566820,128
3459748210,pmod_512_0_fifo,73143359,128
3422440502,pmod_512_0_fifo,72314043,128
3449378594,pmod_512_2_fifo,71387770,128
3416037856,pmod_512_2_fifo,71285819,128
3478433410,pmod_512_2_fifo,73182408,128
3405519776,pmod_512_2_fifo,71872860,128
3423776452,pmod_512_2_fifo,71981063,128
3581010438,pmod_512_2_fifo,76268485,128
3594257788,pmod_512_4_fifo,77203387,128
3515880244,pmod_512_4_fifo,74536744,128
3519340742,pmod_512_4_fifo,74587676,128
3610646578,pmod_512_4_fifo,77613118,128
3721993808,pmod_512_4_fifo,79505455,128
3517600386,pmod_512_4_fifo,75927056,128
2939084228,pmod_32_8_fifo,40150483,128
3548834684,pmod_32_8_fifo,43272158,128
3835711074,pmod_32_8_fifo,54360461,128
2723468936,pmod_32_8_fifo,43018533,128
3180553792,pmod_32_8_fifo,42968957,128
2516881056,pmod_64_8_fifo,41229929,128
2724352038,pmod_64_8_fifo,53771733,128
2992747906,pmod_64_8_fifo,58406550,128
2586544244,pmod_64_8_fifo,44101709,128
2743802112,pmod_64_8_fifo,54920600,128
3170146036,pmod_128_8_fifo,64343651,128
3111957220,pmod_128_8_fifo,62258351,128
3330139816,pmod_128_8_fifo,66332788,128
3203570858,pmod_128_8_fifo,63604441,128
2860269786,pmod_128_8_fifo,57063050,128
3593920660,pmod_256_8_fifo,76752151,128
3424858692,pmod_256_8_fifo,69070820,128
3276196910,pmod_256_8_fifo,68892234,128
3233086334,pmod_256_8_fifo,68061631,128
3109843258,pmod_256_8_fifo,62699985,128
3641243634,pmod_512_8_fifo,77915033,128
3662207462,pmod_512_8_fifo,76988093,128
3565808298,pmod_512_8_fifo,74940369,128
3478402360,pmod_512_8_fifo,72074966,128
3370983104,pmod_512_8_fifo,70527196,128
