579452278,pmod_32_0_fifo,15984493,128
591555570,pmod_32_0_fifo,16092862,128
579367268,pmod_32_0_fifo,16101345,128
589058356,pmod_32_0_fifo,16173863,128
579619070,pmod_32_0_fifo,16044498,128
578077872,pmod_32_0_fifo,16128894,128
574227354,pmod_32_2_fifo,16094078,128
573715968,pmod_32_2_fifo,16088086,128
584477328,pmod_32_2_fifo,15999561,128
582744824,pmod_32_2_fifo,16124572,128
575770626,pmod_32_2_fifo,16047657,128
592958210,pmod_32_2_fifo,16041679,128
579137978,pmod_32_4_fifo,16069880,128
578629646,pmod_32_4_fifo,16093748,128
574565086,pmod_32_4_fifo,16090703,128
581306424,pmod_32_4_fifo,16127003,128
569707110,pmod_32_4_fifo,16005164,128
575024032,pmod_32_4_fifo,16176929,128
328334732,pmod_64_0_fifo,22386244,128
325310554,pmod_64_0_fifo,22320081,128
318389752,pmod_64_0_fifo,22208334,128
321295430,pmod_64_0_fifo,22487521,128
327014236,pmod_64_0_fifo,22511493,128
316473828,pmod_64_0_fifo,22301569,128
318442772,pmod_64_2_fifo,22354864,128
319298252,pmod_64_2_fifo,22282907,128
315940532,pmod_64_2_fifo,22589050,128
313872646,pmod_64_2_fifo,22371875,128
322193240,pmod_64_2_fifo,22450221,128
325364462,pmod_64_2_fifo,22331110,128
323244672,pmod_64_4_fifo,22698061,128
327608746,pmod_64_4_fifo,22610653,128
315522272,pmod_64_4_fifo,22707614,128
320951240,pmod_64_4_fifo,22691899,128
324013428,pmod_64_4_fifo,22767118,128
324500732,pmod_64_4_fifo,22430972,128
367164204,pmod_128_0_fifo,38190420,128
379755322,pmod_128_0_fifo,38069466,128
377383644,pmod_128_0_fifo,38633361,128
374649434,pmod_128_0_fifo,38194743,128
371968534,pmod_128_0_fifo,38443767,128
374842662,pmod_128_0_fifo,38899516,128
373718114,pmod_128_2_fifo,38504190,128
373083676,pmod_128_2_fifo,38413020,128
375413754,pmod_128_2_fifo,38428618,128
381185744,pmod_128_2_fifo,38276655,128
378788844,pmod_128_2_fifo,38957610,128
376992874,pmod_128_2_fifo,38644880,128
370195322,pmod_128_0_fifo,38117618,128
380896044,pmod_128_0_fifo,37669452,128
378990540,pmod_128_0_fifo,39565639,128
372389342,pmod_128_0_fifo,38628910,128
381987840,pmod_128_0_fifo,38361684,128
375256598,pmod_128_0_fifo,38850876,128
372084382,pmod_128_2_fifo,38176358,128
379282784,pmod_128_2_fifo,38473448,128
381211420,pmod_128_2_fifo,38755615,128
375807562,pmod_128_2_fifo,38193744,128
376516288,pmod_128_2_fifo,37830781,128
374937714,pmod_128_2_fifo,37667021,128
385600164,pmod_128_4_fifo,38470401,128
387323846,pmod_128_4_fifo,38469468,128
388458144,pmod_128_4_fifo,38957748,128
564356006,pmod_256_0_fifo,61033885,128
573552374,pmod_256_0_fifo,59305333,128
556496160,pmod_256_0_fifo,61089186,128
555380762,pmod_256_0_fifo,59723393,128
569565922,pmod_256_0_fifo,60812672,128
559127048,pmod_256_0_fifo,59103330,128
560924508,pmod_256_2_fifo,60616767,128
567026526,pmod_256_2_fifo,61135246,128
555747370,pmod_256_2_fifo,59041277,128
539955304,pmod_256_2_fifo,59934847,128
556810684,pmod_256_2_fifo,60418881,128
571081124,pmod_256_2_fifo,60086188,128
571798360,pmod_256_4_fifo,61960142,128
569461258,pmod_256_4_fifo,60217355,128
569335388,pmod_256_4_fifo,59455855,128
537522028,pmod_256_4_fifo,60176749,128
558080324,pmod_256_4_fifo,59915026,128
576609298,pmod_256_4_fifo,60890192,128
985014766,pmod_512_0_fifo,92284875,128
1020831490,pmod_512_0_fifo,91873982,128
1005834320,pmod_512_0_fifo,92803172,128
991619220,pmod_512_0_fifo,91200109,128
1025846378,pmod_512_0_fifo,89174098,128
959726244,pmod_512_0_fifo,91126296,128
977621324,pmod_512_2_fifo,91808759,128
1067502652,pmod_512_2_fifo,89661507,128
996153980,pmod_512_2_fifo,90473449,128
991452638,pmod_512_2_fifo,92679730,128
968476932,pmod_512_2_fifo,91176788,128
908447966,pmod_512_2_fifo,91584822,128
1029649062,pmod_512_4_fifo,93167257,128
1007135084,pmod_512_4_fifo,89324865,128
957450634,pmod_512_4_fifo,90982461,128
957479428,pmod_512_4_fifo,93618185,128
1032601082,pmod_512_4_fifo,91111598,128
1048293114,pmod_512_4_fifo,96620406,128
