327737012,obim_32_0_fifo,6585379,128
341097140,obim_32_0_fifo,6552730,128
328777280,obim_32_0_fifo,6542521,128
327534210,obim_32_0_fifo,6579587,128
324343384,obim_32_0_fifo,6568665,128
325015528,obim_32_0_fifo,6547455,128
241153764,obim_32_2_fifo,8202451,128
235765562,obim_32_2_fifo,8139273,128
236795236,obim_32_2_fifo,8320275,128
240276360,obim_32_2_fifo,8120535,128
240820672,obim_32_2_fifo,8122464,128
242636928,obim_32_2_fifo,8045024,128
293224222,obim_32_4_fifo,10289421,128
296093332,obim_32_4_fifo,10115710,128
298630830,obim_32_4_fifo,9977580,128
297385988,obim_32_4_fifo,9979287,128
294713656,obim_32_4_fifo,10491100,128
292387920,obim_32_4_fifo,10426015,128
233305888,obim_64_0_fifo,8753804,128
239703204,obim_64_0_fifo,8923466,128
220290090,obim_64_0_fifo,8820949,128
235083524,obim_64_0_fifo,8745324,128
240359064,obim_64_0_fifo,8590544,128
235732910,obim_64_0_fifo,8822078,128
154291828,obim_64_2_fifo,13839571,128
153050810,obim_64_2_fifo,13426374,128
145922044,obim_64_2_fifo,13639673,128
147682188,obim_64_2_fifo,13493920,128
145284130,obim_64_2_fifo,13670662,128
151560092,obim_64_2_fifo,13506592,128
176359580,obim_64_4_fifo,16171265,128
181239030,obim_64_4_fifo,16376276,128
174328100,obim_64_4_fifo,15965846,128
172580984,obim_64_4_fifo,15965099,128
177523200,obim_64_4_fifo,16010097,128
174179592,obim_64_4_fifo,15743081,128
304126300,obim_128_0_fifo,13888573,128
295970092,obim_128_0_fifo,14379106,128
320985956,obim_128_0_fifo,13940624,128
301410752,obim_128_0_fifo,14431329,128
324088164,obim_128_0_fifo,14334677,128
310168922,obim_128_0_fifo,14399128,128
200559704,obim_128_2_fifo,21451648,128
199824710,obim_128_2_fifo,20289161,128
208298044,obim_128_2_fifo,21103753,128
195457576,obim_128_2_fifo,20537270,128
203652014,obim_128_2_fifo,20634504,128
210447590,obim_128_2_fifo,21794016,128
195208964,obim_128_4_fifo,24359924,128
194051802,obim_128_4_fifo,25024731,128
198228932,obim_128_4_fifo,24536761,128
197922156,obim_128_4_fifo,24011480,128
197903122,obim_128_4_fifo,24767957,128
197210030,obim_128_4_fifo,25771639,128
546713658,obim_256_0_fifo,16612655,128
538344314,obim_256_0_fifo,18771290,128
489677308,obim_256_0_fifo,19072622,128
552769562,obim_256_0_fifo,17409111,128
530838424,obim_256_0_fifo,15630294,128
538569480,obim_256_0_fifo,17932761,128
315113106,obim_256_2_fifo,30978156,128
372452500,obim_256_2_fifo,28388910,128
324833786,obim_256_2_fifo,29266541,128
332881950,obim_256_2_fifo,31012754,128
359742590,obim_256_2_fifo,30499347,128
360486086,obim_256_2_fifo,31162756,128
284344956,obim_256_4_fifo,33609851,128
303918556,obim_256_4_fifo,33843138,128
290952686,obim_256_4_fifo,33481479,128
287842578,obim_256_4_fifo,32193834,128
308817648,obim_256_4_fifo,33073592,128
325240312,obim_256_4_fifo,34937012,128
969238360,obim_512_0_fifo,21094410,128
878908590,obim_512_0_fifo,18997852,128
862480808,obim_512_0_fifo,22701253,128
891700754,obim_512_0_fifo,25946867,128
928147344,obim_512_0_fifo,22994575,128
925782742,obim_512_0_fifo,22720228,128
528059060,obim_512_2_fifo,31015826,128
537113118,obim_512_2_fifo,36147264,128
521476746,obim_512_2_fifo,29601404,128
523075416,obim_512_2_fifo,29742775,128
533290158,obim_512_2_fifo,30417814,128
485468818,obim_512_2_fifo,37464238,128
465476012,obim_512_4_fifo,39093183,128
478119000,obim_512_4_fifo,36951685,128
581014090,obim_512_4_fifo,38623365,128
451433724,obim_512_4_fifo,33969290,128
537129598,obim_512_4_fifo,36199799,128
467498378,obim_512_4_fifo,35495729,128
