6692995060,pmod_32_0_fifo,28199118,128,0
6705484752,pmod_32_0_fifo,28202040,128,0
9381706610,pmod_32_0_fifo,28199123,128,0
6514832360,pmod_32_0_fifo,28198328,128,0
6636929236,pmod_32_0_fifo,28199869,128,0
6945644808,pmod_32_0_fifo,28198652,128,0
6522665782,pmod_32_2_fifo,28197501,128,0
6496632754,pmod_32_2_fifo,28198740,128,0
6810338116,pmod_32_2_fifo,28199052,128,0
6958029846,pmod_32_2_fifo,28198942,128,0
6962254080,pmod_32_2_fifo,28202219,128,0
6730198144,pmod_32_2_fifo,28198156,128,0
6713495728,pmod_32_4_fifo,28198605,128,0
7035601424,pmod_32_4_fifo,28199168,128,0
6770420404,pmod_32_4_fifo,28202856,128,0
6680798428,pmod_32_4_fifo,28202332,128,0
6807594154,pmod_32_4_fifo,28201848,128,0
6538599582,pmod_32_4_fifo,28201234,128,0
6551023432,pmod_64_0_fifo,28198695,128,0
6882656700,pmod_64_0_fifo,28200886,128,0
6796838664,pmod_64_0_fifo,28195911,128,0
7751692342,pmod_64_0_fifo,28197493,128,0
6635828960,pmod_64_0_fifo,28197909,128,0
6667083208,pmod_64_0_fifo,28196803,128,0
6752987850,pmod_64_2_fifo,28197901,128,0
6303885838,pmod_64_2_fifo,28197228,128,0
7032188768,pmod_64_2_fifo,28197495,128,0
6773789426,pmod_64_2_fifo,28196848,128,0
6797039226,pmod_64_2_fifo,28195804,128,0
6673617560,pmod_64_2_fifo,28195927,128,0
6556845062,pmod_64_4_fifo,28198078,128,0
6736218580,pmod_64_4_fifo,28197565,128,0
6787147908,pmod_64_4_fifo,28197546,128,0
6797260622,pmod_64_4_fifo,28198224,128,0
6559804004,pmod_64_4_fifo,28196112,128,0
6973866256,pmod_64_4_fifo,28196355,128,0
6696547930,pmod_128_0_fifo,28195734,128,0
6977115102,pmod_128_0_fifo,28196325,128,0
6531305308,pmod_128_0_fifo,28194739,128,0
6810168672,pmod_128_0_fifo,28194932,128,0
6771549166,pmod_128_0_fifo,28195697,128,0
6756774458,pmod_128_0_fifo,28195687,128,0
6696570132,pmod_128_2_fifo,28194975,128,0
6660691802,pmod_128_2_fifo,28194031,128,0
6855709090,pmod_128_2_fifo,28194831,128,0
6780234352,pmod_128_2_fifo,28195200,128,0
6918759894,pmod_128_2_fifo,28194629,128,0
6740679140,pmod_128_2_fifo,28194633,128,0
6635458836,pmod_128_4_fifo,28194136,128,0
6835703248,pmod_128_4_fifo,28195841,128,0
7066993888,pmod_128_4_fifo,28195089,128,0
6737178446,pmod_128_4_fifo,28196055,128,0
6662846992,pmod_128_4_fifo,28193845,128,0
6703800952,pmod_128_4_fifo,28195315,128,0
6891114626,pmod_256_0_fifo,28194466,128,0
6990711794,pmod_256_0_fifo,28194388,128,0
6834691736,pmod_256_0_fifo,28194217,128,0
6833743754,pmod_256_0_fifo,28194321,128,0
6595426268,pmod_256_0_fifo,28193956,128,0
6739824598,pmod_256_0_fifo,28194561,128,0
6699676838,pmod_256_0_fifo,28199348,128,0
6610189640,pmod_256_0_fifo,28198418,128,0
6769559656,pmod_256_0_fifo,28198669,128,0
6850818382,pmod_256_0_fifo,28197027,128,0
6621483030,pmod_256_0_fifo,28199390,128,0
6482487050,pmod_256_0_fifo,28196858,128,0
6809514452,pmod_256_2_fifo,28209218,128,0
6577021942,pmod_256_2_fifo,28199244,128,0
6940408022,pmod_256_2_fifo,28196929,128,0
6845389350,pmod_256_2_fifo,28199241,128,0
6922150556,pmod_256_2_fifo,28199239,128,0
7013296644,pmod_256_2_fifo,28196739,128,0
6486548172,pmod_256_4_fifo,28198949,128,0
6586482046,pmod_256_4_fifo,28199704,128,0
6767573830,pmod_256_4_fifo,28197219,128,0
6840230018,pmod_256_4_fifo,28198509,128,0
6899294910,pmod_256_4_fifo,28197135,128,0
6619202638,pmod_256_4_fifo,28196248,128,0
6824251400,pmod_512_0_fifo,28200386,128,0
6627656210,pmod_512_0_fifo,28197694,128,0
7095757412,pmod_512_0_fifo,28197583,128,0
6591183230,pmod_512_0_fifo,28197849,128,0
6677016436,pmod_512_0_fifo,28197759,128,0
6591970346,pmod_512_0_fifo,28200734,128,0
6980371408,pmod_512_2_fifo,28199530,128,0
6940242032,pmod_512_2_fifo,28199940,128,0
6537128824,pmod_512_2_fifo,28197678,128,0
6687469830,pmod_512_2_fifo,28198637,128,0
6747717028,pmod_512_2_fifo,28199415,128,0
6720856050,pmod_512_2_fifo,28200071,128,0
6726024314,pmod_512_4_fifo,28199870,128,0
6599949634,pmod_512_4_fifo,28199857,128,0
6939173040,pmod_512_4_fifo,28209012,128,0
7064887946,pmod_512_4_fifo,28199398,128,0
6657163328,pmod_512_4_fifo,28203611,128,0
6648005280,pmod_512_4_fifo,28198770,128,0
