7061967546,pmod_32_0_fifo,48186759,16,0
6132709778,pmod_32_0_fifo,48186992,16,0
6609138864,pmod_32_0_fifo,48184821,16,0
6283784202,pmod_32_0_fifo,48186815,16,0
6459904452,pmod_32_0_fifo,48188520,16,0
6646375158,pmod_32_0_fifo,48186054,16,0
6231503968,pmod_32_2_fifo,48184088,16,0
6491131936,pmod_32_2_fifo,48184138,16,0
6191683214,pmod_32_2_fifo,48185163,16,0
6563050838,pmod_32_2_fifo,48187219,16,0
6514481280,pmod_32_2_fifo,48186412,16,0
6333519710,pmod_32_2_fifo,48185871,16,0
6343613864,pmod_32_4_fifo,48184747,16,0
6965209140,pmod_32_4_fifo,48184928,16,0
6484169116,pmod_32_4_fifo,48185607,16,0
6460267306,pmod_32_4_fifo,48184754,16,0
6215595976,pmod_32_4_fifo,48184728,16,0
6392269956,pmod_32_4_fifo,48185288,16,0
6371058540,pmod_32_8_fifo,48186957,16,0
6288648988,pmod_32_8_fifo,48185041,16,0
6241957168,pmod_32_8_fifo,48183631,16,0
6493228124,pmod_32_8_fifo,48186050,16,0
6462372594,pmod_32_8_fifo,48185495,16,0
6377888236,pmod_32_8_fifo,48185372,16,0
5757183664,pmod_64_0_fifo,48031069,16,0
5783798322,pmod_64_0_fifo,48031164,16,0
5772522312,pmod_64_0_fifo,48030875,16,0
5923455862,pmod_64_0_fifo,48030791,16,0
5868480488,pmod_64_0_fifo,48030914,16,0
5739267644,pmod_64_0_fifo,48030994,16,0
5867164516,pmod_64_2_fifo,48030895,16,0
5895617718,pmod_64_2_fifo,48031319,16,0
5758502374,pmod_64_2_fifo,48030514,16,0
5769683930,pmod_64_2_fifo,48030000,16,0
6165721476,pmod_64_2_fifo,48032274,16,0
5761851384,pmod_64_2_fifo,48032316,16,0
5796930402,pmod_64_4_fifo,48031125,16,0
6182952336,pmod_64_4_fifo,48029440,16,0
5885224290,pmod_64_4_fifo,48031989,16,0
6332537410,pmod_64_4_fifo,48030081,16,0
6328772572,pmod_64_4_fifo,48030636,16,0
5958161766,pmod_64_4_fifo,48028824,16,0
6203426272,pmod_64_8_fifo,48029703,16,0
5849828100,pmod_64_8_fifo,48029601,16,0
5787541150,pmod_64_8_fifo,48029469,16,0
6391810060,pmod_64_8_fifo,48030075,16,0
5803943746,pmod_64_8_fifo,48030128,16,0
5725727388,pmod_64_8_fifo,48030683,16,0
5693036578,pmod_128_0_fifo,47957137,16,0
6119857212,pmod_128_0_fifo,47957151,16,0
6162182012,pmod_128_0_fifo,47957237,16,0
5704261960,pmod_128_0_fifo,47956756,16,0
6161505846,pmod_128_0_fifo,47957140,16,0
5715888258,pmod_128_0_fifo,47958187,16,0
6091865286,pmod_128_2_fifo,47956289,16,0
5746758838,pmod_128_2_fifo,47957256,16,0
6116401848,pmod_128_2_fifo,47957688,16,0
5742468222,pmod_128_2_fifo,47958170,16,0
5726919314,pmod_128_2_fifo,47957447,16,0
5762607612,pmod_128_2_fifo,47957798,16,0
6174355552,pmod_128_4_fifo,47957718,16,0
6123690610,pmod_128_4_fifo,47957625,16,0
5734993166,pmod_128_4_fifo,47957439,16,0
5742714472,pmod_128_4_fifo,47957337,16,0
5732197984,pmod_128_4_fifo,47957352,16,0
5734544428,pmod_128_4_fifo,47956801,16,0
6094398124,pmod_128_8_fifo,47957350,16,0
5728909476,pmod_128_8_fifo,47956510,16,0
6100408032,pmod_128_8_fifo,47957696,16,0
5734500168,pmod_128_8_fifo,47957697,16,0
5741169402,pmod_128_8_fifo,47956629,16,0
6113091510,pmod_128_8_fifo,47956574,16,0
5732092418,pmod_256_0_fifo,47922806,16,0
5698526246,pmod_256_0_fifo,47922545,16,0
5667900766,pmod_256_0_fifo,47922744,16,0
6072162364,pmod_256_0_fifo,47922668,16,0
5694493218,pmod_256_0_fifo,47923108,16,0
5675803670,pmod_256_0_fifo,47923279,16,0
6164227010,pmod_256_2_fifo,47923225,16,0
5688315766,pmod_256_2_fifo,47922942,16,0
6093207040,pmod_256_2_fifo,47922857,16,0
5713994032,pmod_256_2_fifo,47923406,16,0
5709978142,pmod_256_2_fifo,47922887,16,0
5706700878,pmod_256_2_fifo,47922523,16,0
6086313042,pmod_256_4_fifo,47923603,16,0
5714570608,pmod_256_4_fifo,47923095,16,0
5668969340,pmod_256_4_fifo,47923229,16,0
5722124310,pmod_256_4_fifo,47922892,16,0
5698823492,pmod_256_4_fifo,47923172,16,0
5692920084,pmod_256_4_fifo,47923387,16,0
5717672866,pmod_256_8_fifo,47923312,16,0
6077297956,pmod_256_8_fifo,47922945,16,0
6141786012,pmod_256_8_fifo,47922950,16,0
5732548152,pmod_256_8_fifo,47922733,16,0
5718061848,pmod_256_8_fifo,47923406,16,0
6139902914,pmod_256_8_fifo,47922512,16,0
5696869518,pmod_512_0_fifo,47907918,16,0
5714861134,pmod_512_0_fifo,47908202,16,0
6109494558,pmod_512_0_fifo,47908520,16,0
5723342346,pmod_512_0_fifo,47908284,16,0
5705558010,pmod_512_0_fifo,47908018,16,0
5691752828,pmod_512_0_fifo,47908012,16,0
5684630244,pmod_512_2_fifo,47908407,16,0
6080073522,pmod_512_2_fifo,47908040,16,0
5703870912,pmod_512_2_fifo,47908188,16,0
6066432850,pmod_512_2_fifo,47908733,16,0
5680949742,pmod_512_2_fifo,47908194,16,0
5739066150,pmod_512_2_fifo,47908131,16,0
5716644552,pmod_512_4_fifo,47908453,16,0
5707162184,pmod_512_4_fifo,47908354,16,0
5671043978,pmod_512_4_fifo,47908185,16,0
5694509552,pmod_512_4_fifo,47908439,16,0
5732789054,pmod_512_4_fifo,47907919,16,0
5712885858,pmod_512_4_fifo,47908226,16,0
5682999586,pmod_512_8_fifo,47908255,16,0
6059872692,pmod_512_8_fifo,47908495,16,0
5710772508,pmod_512_8_fifo,47908364,16,0
5702526476,pmod_512_8_fifo,47908290,16,0
5691273528,pmod_512_8_fifo,47907731,16,0
5708894942,pmod_512_8_fifo,47908127,16,0
