5049140694,obim_256_0_fifo,28168099,16,0
5196518182,obim_256_0_fifo,28168748,16,0
5059409584,obim_256_0_fifo,28168468,16,0
5048853620,obim_256_0_fifo,28168504,16,0
5049815242,obim_256_0_fifo,28168051,16,0
5049455954,obim_256_0_fifo,28168269,16,0
5075006250,obim_256_0_fifo,28168141,16,0
5043581632,obim_256_2_fifo,28168037,16,0
5043367890,obim_256_2_fifo,28168165,16,0
5045188204,obim_256_2_fifo,28168318,16,0
5043819428,obim_256_2_fifo,28168136,16,0
5048246146,obim_256_2_fifo,28168142,16,0
5041200702,obim_256_2_fifo,28167973,16,0
5051386300,obim_256_4_fifo,28168093,16,0
5171225856,obim_256_4_fifo,28168149,16,0
5067875920,obim_256_4_fifo,28168126,16,0
5044966608,obim_256_4_fifo,28168215,16,0
5071214690,obim_256_4_fifo,28167922,16,0
5049560302,obim_256_4_fifo,28168013,16,0
5061990556,obim_512_0_fifo,28167936,16,0
5067453844,obim_512_0_fifo,28167757,16,0
5051645886,obim_512_0_fifo,28168224,16,0
5056380096,obim_512_0_fifo,28167961,16,0
