8232539064,pmod_32_0_fifo,48151264,128,0
12587618596,pmod_32_0_fifo,48151255,128,0
8118399220,pmod_32_0_fifo,48152686,128,0
12542377970,pmod_32_0_fifo,48161620,128,0
8494479236,pmod_32_0_fifo,48153392,128,0
13048760640,pmod_32_0_fifo,48148688,128,0
12314122442,pmod_32_0_fifo,48147595,128,0
11296544476,pmod_32_0_fifo,48162751,128,0
11372219000,pmod_32_0_fifo,48146731,128,0
13991630344,pmod_32_0_fifo,48139393,128,0
8608267780,pmod_32_0_fifo,48162067,128,0
12226235980,pmod_32_0_fifo,48154520,128,0
8432980818,pmod_32_2_fifo,48159734,128,0
8270939986,pmod_32_2_fifo,48150353,128,0
11177448824,pmod_32_2_fifo,48156669,128,0
12864532550,pmod_32_2_fifo,48156570,128,0
8256363784,pmod_32_2_fifo,48159428,128,0
12718744824,pmod_32_2_fifo,48155169,128,0
8698378364,pmod_32_4_fifo,48159098,128,0
13190857078,pmod_32_4_fifo,48147323,128,0
12282024438,pmod_32_4_fifo,48148931,128,0
8465656894,pmod_32_4_fifo,48154445,128,0
8334872662,pmod_32_4_fifo,48159508,128,0
8106138170,pmod_32_4_fifo,48151302,128,0
11998636388,pmod_64_0_fifo,48039920,128,0
11664560980,pmod_64_0_fifo,48040737,128,0
8308744952,pmod_64_0_fifo,48037475,128,0
8337738364,pmod_64_0_fifo,48038151,128,0
8522769358,pmod_64_0_fifo,48037621,128,0
8375128186,pmod_64_0_fifo,48035731,128,0
8352773450,pmod_64_2_fifo,48039974,128,0
12685273724,pmod_64_2_fifo,48036878,128,0
14166984436,pmod_64_2_fifo,48025652,128,0
10675658020,pmod_64_2_fifo,48038267,128,0
12161377722,pmod_64_2_fifo,48029045,128,0
8262374670,pmod_64_2_fifo,48038584,128,0
13177663576,pmod_64_4_fifo,48025110,128,0
8369303084,pmod_64_4_fifo,48038335,128,0
12297679646,pmod_64_4_fifo,48024219,128,0
12492309996,pmod_64_4_fifo,48033486,128,0
12100334664,pmod_64_4_fifo,48035114,128,0
8226369406,pmod_64_4_fifo,48038106,128,0
8509846082,pmod_128_0_fifo,47976478,128,0
13204842810,pmod_128_0_fifo,47976738,128,0
12386154678,pmod_128_0_fifo,47975966,128,0
7915295004,pmod_128_0_fifo,47975640,128,0
12887388556,pmod_128_0_fifo,47973749,128,0
8565126412,pmod_128_0_fifo,47977835,128,0
10681676382,pmod_128_2_fifo,47977305,128,0
7961428000,pmod_128_2_fifo,47976604,128,0
13829523856,pmod_128_2_fifo,47976929,128,0
10914435502,pmod_128_2_fifo,47971122,128,0
14398026972,pmod_128_2_fifo,47969611,128,0
8507564956,pmod_128_2_fifo,47976822,128,0
8053221786,pmod_128_4_fifo,47977822,128,0
13152050002,pmod_128_4_fifo,47975129,128,0
12392147384,pmod_128_4_fifo,47978664,128,0
11731526024,pmod_128_4_fifo,47970042,128,0
8338055292,pmod_128_4_fifo,47975252,128,0
8479795344,pmod_128_4_fifo,47975746,128,0
11871856250,pmod_256_0_fifo,47949568,128,0
12753446668,pmod_256_0_fifo,47953927,128,0
8405513576,pmod_256_0_fifo,47950031,128,0
10492040152,pmod_256_0_fifo,47948673,128,0
8192155528,pmod_256_0_fifo,47948757,128,0
8143476874,pmod_256_0_fifo,47951294,128,0
12336360618,pmod_256_2_fifo,47949050,128,0
8407419558,pmod_256_2_fifo,47948356,128,0
12993380798,pmod_256_2_fifo,47948671,128,0
12386291308,pmod_256_2_fifo,47946314,128,0
8402181668,pmod_256_2_fifo,47949206,128,0
12584609066,pmod_256_2_fifo,47949318,128,0
10921063680,pmod_256_4_fifo,47950338,128,0
11671944618,pmod_256_4_fifo,47950476,128,0
11112342282,pmod_256_4_fifo,47951087,128,0
12435783276,pmod_256_4_fifo,47947182,128,0
13648809560,pmod_256_4_fifo,47952284,128,0
8539955782,pmod_256_4_fifo,47949123,128,0
13574882244,pmod_512_0_fifo,47939747,128,0
8373667212,pmod_512_0_fifo,47938497,128,0
8106023278,pmod_512_0_fifo,47938469,128,0
8235549212,pmod_512_0_fifo,47938290,128,0
8348367170,pmod_512_0_fifo,47937117,128,0
8431527308,pmod_512_0_fifo,47939106,128,0
8418742022,pmod_512_2_fifo,47937578,128,0
11650185982,pmod_512_2_fifo,47938055,128,0
12745263344,pmod_512_2_fifo,47941022,128,0
13432085266,pmod_512_2_fifo,47943740,128,0
10602671774,pmod_512_2_fifo,47937893,128,0
8334280530,pmod_512_2_fifo,47940102,128,0
11153220474,pmod_512_4_fifo,47937437,128,0
12948544912,pmod_512_4_fifo,47937639,128,0
11922923248,pmod_512_4_fifo,47938398,128,0
11648718742,pmod_512_4_fifo,47937546,128,0
10983502176,pmod_512_4_fifo,47937187,128,0
12389086138,pmod_512_4_fifo,47938626,128,0
8119028264,pmod_32_8_fifo,48158902,128,0
11488159874,pmod_32_8_fifo,48154538,128,0
8982684600,pmod_32_8_fifo,48159047,128,0
8799410628,pmod_32_8_fifo,48156509,128,0
8450857506,pmod_32_8_fifo,48159994,128,0
8181756108,pmod_64_8_fifo,48036172,128,0
8541448130,pmod_64_8_fifo,48037964,128,0
11065906060,pmod_64_8_fifo,48036342,128,0
8250252074,pmod_64_8_fifo,48039304,128,0
8187266098,pmod_64_8_fifo,48039128,128,0
8304760134,pmod_128_8_fifo,47975862,128,0
8050431666,pmod_128_8_fifo,47976395,128,0
8531240828,pmod_128_8_fifo,47977022,128,0
13628586404,pmod_128_8_fifo,47972506,128,0
10927525860,pmod_128_8_fifo,47977751,128,0
8296413854,pmod_256_8_fifo,47949333,128,0
7895891322,pmod_256_8_fifo,47950401,128,0
11625747198,pmod_256_8_fifo,47947973,128,0
8134191462,pmod_256_8_fifo,47951732,128,0
11672645698,pmod_256_8_fifo,47951053,128,0
11365115146,pmod_512_8_fifo,47937445,128,0
8564790514,pmod_512_8_fifo,47936802,128,0
13323022018,pmod_512_8_fifo,47937090,128,0
13116254102,pmod_512_8_fifo,47936653,128,0
8333122124,pmod_512_8_fifo,47936180,128,0
