5063738392,pmod_256_0_fifo,28167874,16,0
5055861968,pmod_256_0_fifo,28167996,16,0
5069173190,pmod_256_0_fifo,28168106,16,0
5067801380,pmod_256_0_fifo,28168049,16,0
5054591244,pmod_256_0_fifo,28167871,16,0
5053113136,pmod_256_0_fifo,28167944,16,0
5071628328,pmod_256_2_fifo,28168048,16,0
5176070316,pmod_256_2_fifo,28168139,16,0
5055052932,pmod_256_2_fifo,28168026,16,0
5079377018,pmod_256_2_fifo,28167775,16,0
5278120478,pmod_256_2_fifo,28167860,16,0
5058516630,pmod_256_2_fifo,28167959,16,0
5183835360,pmod_256_4_fifo,28168138,16,0
5057265484,pmod_256_4_fifo,28167808,16,0
5061410286,pmod_256_4_fifo,28167858,16,0
5060670174,pmod_256_4_fifo,28168113,16,0
5074405708,pmod_256_4_fifo,28168035,16,0
5064364236,pmod_256_4_fifo,28167773,16,0
