2152131696,pmod_32_0_fifo,12605342,128,0
2139397894,pmod_32_0_fifo,12606871,128,0
2114276670,pmod_32_0_fifo,12606715,128,0
2130062412,pmod_32_0_fifo,12608429,128,0
2122965858,pmod_32_0_fifo,12607550,128,0
2126368258,pmod_32_0_fifo,12606741,128,0
2124456634,pmod_32_2_fifo,12607984,128,0
2113545052,pmod_32_2_fifo,12607334,128,0
2113928080,pmod_32_2_fifo,12606300,128,0
2076370852,pmod_32_2_fifo,12605128,128,0
2133467446,pmod_32_2_fifo,12608045,128,0
2113794196,pmod_32_2_fifo,12605859,128,0
2122040606,pmod_32_4_fifo,12606125,128,0
2107488030,pmod_32_4_fifo,12605363,128,0
2115512930,pmod_32_4_fifo,12607350,128,0
2126148342,pmod_32_4_fifo,12605489,128,0
2056539182,pmod_32_4_fifo,12605928,128,0
2136655374,pmod_32_4_fifo,12605529,128,0
2101613724,pmod_64_0_fifo,12576323,128,0
2121843090,pmod_64_0_fifo,12577507,128,0
2060885610,pmod_64_0_fifo,12576863,128,0
2123745820,pmod_64_0_fifo,12575519,128,0
2103639122,pmod_64_0_fifo,12577468,128,0
2110317242,pmod_64_0_fifo,12577968,128,0
2126730830,pmod_64_2_fifo,12577063,128,0
2121925366,pmod_64_2_fifo,12577202,128,0
2227636788,pmod_64_2_fifo,12576976,128,0
2246050940,pmod_64_2_fifo,12578330,128,0
2112583876,pmod_64_2_fifo,12576692,128,0
2066399222,pmod_64_2_fifo,12576353,128,0
2079730662,pmod_64_4_fifo,12577371,128,0
2061855272,pmod_64_4_fifo,12577543,128,0
2128328764,pmod_64_4_fifo,12577641,128,0
2126038370,pmod_64_4_fifo,12576834,128,0
2106953298,pmod_64_4_fifo,12575639,128,0
2107112648,pmod_64_4_fifo,12576431,128,0
2083159202,pmod_128_0_fifo,12563327,128,0
2093669040,pmod_128_0_fifo,12561600,128,0
2096067530,pmod_128_0_fifo,12560477,128,0
2102175130,pmod_128_0_fifo,12561549,128,0
2011111490,pmod_128_0_fifo,12558651,128,0
2110678118,pmod_128_0_fifo,12560049,128,0
2401611104,pmod_128_2_fifo,12571954,128,0
2153566346,pmod_128_2_fifo,12560622,128,0
2094698130,pmod_128_2_fifo,12562686,128,0
2137419932,pmod_128_2_fifo,12560521,128,0
2133366860,pmod_128_2_fifo,12561554,128,0
2088698064,pmod_128_2_fifo,12559062,128,0
2118687238,pmod_128_4_fifo,12561113,128,0
2106419022,pmod_128_4_fifo,12559975,128,0
2085387380,pmod_128_4_fifo,12560837,128,0
2113790016,pmod_128_4_fifo,12559432,128,0
2024877010,pmod_128_4_fifo,12560495,128,0
2102294324,pmod_128_4_fifo,12562649,128,0
2036394734,pmod_256_0_fifo,12554851,128,0
2052937088,pmod_256_0_fifo,12552334,128,0
2123422584,pmod_256_0_fifo,12553317,128,0
2086247808,pmod_256_0_fifo,12553151,128,0
2122176470,pmod_256_0_fifo,12553514,128,0
2101125522,pmod_256_0_fifo,12553434,128,0
2094294086,pmod_256_2_fifo,12553117,128,0
2044854790,pmod_256_2_fifo,12554297,128,0
2127287282,pmod_256_2_fifo,12553224,128,0
2015181118,pmod_256_2_fifo,12552800,128,0
2124481114,pmod_256_2_fifo,12553898,128,0
2253733578,pmod_256_2_fifo,12559875,128,0
2387275864,pmod_256_4_fifo,12556798,128,0
2111400118,pmod_256_4_fifo,12553276,128,0
2079762024,pmod_256_4_fifo,12553299,128,0
2078593232,pmod_256_4_fifo,12553500,128,0
2113369362,pmod_256_4_fifo,12552768,128,0
2032081050,pmod_256_4_fifo,12554249,128,0
2096882496,pmod_512_0_fifo,12551510,128,0
2108972532,pmod_512_0_fifo,12550611,128,0
2087970362,pmod_512_0_fifo,12551691,128,0
2131600430,pmod_512_0_fifo,12550720,128,0
2090014288,pmod_512_0_fifo,12552918,128,0
2114688864,pmod_512_0_fifo,12550010,128,0
2115927316,pmod_512_2_fifo,12551110,128,0
2048834310,pmod_512_2_fifo,12551069,128,0
2431132252,pmod_512_2_fifo,12557490,128,0
2375556272,pmod_512_2_fifo,12551717,128,0
2728373930,pmod_512_2_fifo,12560365,128,0
2032178456,pmod_512_2_fifo,12550773,128,0
2106046062,pmod_512_4_fifo,12551545,128,0
2128064598,pmod_512_4_fifo,12550471,128,0
2030944944,pmod_512_4_fifo,12551932,128,0
2057410140,pmod_512_4_fifo,12551690,128,0
2104272854,pmod_512_4_fifo,12551030,128,0
2546644394,pmod_512_4_fifo,12557134,128,0
