2114471046,obim_32_0_fifo,12606237,128,0
2141383942,obim_32_0_fifo,12606510,128,0
2138943662,obim_32_0_fifo,12608763,128,0
2102967544,obim_32_0_fifo,12606689,128,0
2112059034,obim_32_0_fifo,12604473,128,0
2115036982,obim_32_0_fifo,12605968,128,0
2118498818,obim_32_2_fifo,12607226,128,0
2110203846,obim_32_2_fifo,12606190,128,0
2146038534,obim_32_2_fifo,12608460,128,0
2140481336,obim_32_2_fifo,12608407,128,0
2102300194,obim_32_2_fifo,12606587,128,0
2083783728,obim_32_2_fifo,12606049,128,0
2121211848,obim_32_4_fifo,12606824,128,0
2127352708,obim_32_4_fifo,12606493,128,0
2124974616,obim_32_4_fifo,12604917,128,0
2139835058,obim_32_4_fifo,12605575,128,0
2129175170,obim_32_4_fifo,12605847,128,0
2138073632,obim_32_4_fifo,12606156,128,0
2031017588,obim_64_0_fifo,12575925,128,0
2125622402,obim_64_0_fifo,12577216,128,0
2110475816,obim_64_0_fifo,12577599,128,0
2087667824,obim_64_0_fifo,12578226,128,0
2125249380,obim_64_0_fifo,12577242,128,0
2129926082,obim_64_0_fifo,12576959,128,0
2142897606,obim_64_2_fifo,12576204,128,0
2129057982,obim_64_2_fifo,12578084,128,0
2117558250,obim_64_2_fifo,12577097,128,0
2103503026,obim_64_2_fifo,12577954,128,0
2148572000,obim_64_2_fifo,12577002,128,0
2119210320,obim_64_2_fifo,12576666,128,0
2072437786,obim_64_4_fifo,12577229,128,0
2116464252,obim_64_4_fifo,12577644,128,0
2121511854,obim_64_4_fifo,12577865,128,0
2127292194,obim_64_4_fifo,12577422,128,0
2129505312,obim_64_4_fifo,12577325,128,0
2108412892,obim_64_4_fifo,12576901,128,0
2121525896,obim_128_0_fifo,12559127,128,0
2113350200,obim_128_0_fifo,12562819,128,0
2125371400,obim_128_0_fifo,12561166,128,0
2093449904,obim_128_0_fifo,12560831,128,0
2111716364,obim_128_0_fifo,12560597,128,0
2134934590,obim_128_0_fifo,12560570,128,0
2111986148,obim_128_2_fifo,12560660,128,0
2141527558,obim_128_2_fifo,12561433,128,0
2043303876,obim_128_2_fifo,12561147,128,0
2111698302,obim_128_2_fifo,12561799,128,0
2105124086,obim_128_2_fifo,12559896,128,0
2100089612,obim_128_2_fifo,12561404,128,0
2143544212,obim_128_4_fifo,12560107,128,0
2099863580,obim_128_4_fifo,12561610,128,0
2304154768,obim_128_4_fifo,12566191,128,0
2130836298,obim_128_4_fifo,12560464,128,0
2092019480,obim_128_4_fifo,12560907,128,0
2106969598,obim_128_4_fifo,12562844,128,0
2152571328,obim_256_0_fifo,12553745,128,0
2109381680,obim_256_0_fifo,12553601,128,0
2083269602,obim_256_0_fifo,12554575,128,0
2722784198,obim_256_0_fifo,12562163,128,0
2082616452,obim_256_0_fifo,12554122,128,0
2108952712,obim_256_0_fifo,12554086,128,0
2123276806,obim_256_2_fifo,12553177,128,0
2122002440,obim_256_2_fifo,12552998,128,0
2053151194,obim_256_2_fifo,12553843,128,0
2097228064,obim_256_2_fifo,12554669,128,0
2034622146,obim_256_2_fifo,12552577,128,0
2072717606,obim_256_2_fifo,12553661,128,0
2115958590,obim_256_4_fifo,12553542,128,0
2096907626,obim_256_4_fifo,12552482,128,0
2080591000,obim_256_4_fifo,12554264,128,0
2592516744,obim_256_4_fifo,12560240,128,0
2043022262,obim_256_4_fifo,12552059,128,0
2112355322,obim_256_4_fifo,12553682,128,0
2202390898,obim_512_0_fifo,12554624,128,0
2104284006,obim_512_0_fifo,12552420,128,0
2397573440,obim_512_0_fifo,12557856,128,0
2128568574,obim_512_0_fifo,12550428,128,0
2047772508,obim_512_0_fifo,12551046,128,0
2029305004,obim_512_0_fifo,12552141,128,0
2511871218,obim_512_2_fifo,12558868,128,0
2115841226,obim_512_2_fifo,12551553,128,0
2120012828,obim_512_2_fifo,12550810,128,0
2134886654,obim_512_2_fifo,12552193,128,0
2102892640,obim_512_2_fifo,12552103,128,0
2125816776,obim_512_2_fifo,12550941,128,0
2064373534,obim_512_4_fifo,12549702,128,0
2139173052,obim_512_4_fifo,12550625,128,0
2049937676,obim_512_4_fifo,12550890,128,0
2107762920,obim_512_4_fifo,12552744,128,0
2121093006,obim_512_4_fifo,12551010,128,0
2098117402,obim_512_4_fifo,12550924,128,0
