8294476690,obim_32_0_fifo,48157186,128,0
8068219120,obim_32_0_fifo,48162219,128,0
12998919718,obim_32_0_fifo,48149239,128,0
10957884430,obim_32_0_fifo,48155925,128,0
8292998102,obim_32_0_fifo,48153763,128,0
8667830432,obim_32_0_fifo,48159910,128,0
10283340716,obim_32_2_fifo,48160053,128,0
10739594444,obim_32_2_fifo,48156724,128,0
8460816862,obim_32_2_fifo,48159869,128,0
8375625478,obim_32_2_fifo,48154358,128,0
8221556614,obim_32_0_fifo,48152390,128,0
8628104264,obim_32_0_fifo,48167608,128,0
8294699726,obim_32_0_fifo,48156854,128,0
11689072906,obim_32_0_fifo,48157641,128,0
8150280474,obim_32_0_fifo,48154011,128,0
11804977918,obim_32_0_fifo,48159225,128,0
13249478016,obim_32_2_fifo,48147330,128,0
13370370058,obim_32_2_fifo,48138028,128,0
12587141876,obim_32_2_fifo,48151610,128,0
11246949414,obim_32_2_fifo,48159331,128,0
11798986908,obim_32_2_fifo,48153894,128,0
11172119888,obim_32_2_fifo,48157621,128,0
13329581572,obim_32_4_fifo,48139305,128,0
8500144414,obim_32_4_fifo,48156725,128,0
11136691244,obim_32_4_fifo,48157565,128,0
11250764828,obim_32_4_fifo,48151725,128,0
8147922106,obim_32_4_fifo,48158733,128,0
12428694970,obim_32_4_fifo,48169503,128,0
12716967984,obim_64_0_fifo,48031364,128,0
12264865338,obim_64_0_fifo,48037278,128,0
9264557270,obim_64_0_fifo,48056977,128,0
11283968176,obim_64_0_fifo,48036897,128,0
12792297242,obim_64_0_fifo,48035082,128,0
11850208144,obim_64_0_fifo,48031948,128,0
12650991790,obim_64_2_fifo,48034088,128,0
8259723276,obim_64_2_fifo,48038221,128,0
8422166086,obim_64_2_fifo,48041141,128,0
12302649020,obim_64_2_fifo,48037842,128,0
8852898570,obim_64_2_fifo,48039170,128,0
13710056776,obim_64_2_fifo,48029036,128,0
8310826432,obim_64_4_fifo,48038699,128,0
11675025508,obim_64_4_fifo,48041512,128,0
8048978740,obim_64_4_fifo,48038241,128,0
11969446368,obim_64_4_fifo,48039655,128,0
8161669428,obim_64_4_fifo,48039032,128,0
8233741198,obim_64_4_fifo,48043952,128,0
13172278116,obim_128_0_fifo,47972537,128,0
12528126518,obim_128_0_fifo,47975556,128,0
12616390620,obim_128_0_fifo,47969076,128,0
11547618658,obim_128_0_fifo,47977225,128,0
10751836958,obim_128_0_fifo,47978493,128,0
8250725142,obim_128_0_fifo,47978268,128,0
12390353228,obim_128_2_fifo,47977792,128,0
9441562668,obim_128_2_fifo,48002603,128,0
8184876780,obim_128_2_fifo,47977653,128,0
8632786794,obim_128_2_fifo,47983956,128,0
13536607894,obim_128_2_fifo,47972707,128,0
8114264440,obim_128_2_fifo,47978494,128,0
8428529056,obim_128_4_fifo,47977912,128,0
11619180136,obim_128_4_fifo,47979261,128,0
13271537298,obim_128_4_fifo,47978747,128,0
8356798024,obim_128_4_fifo,47980725,128,0
8018159494,obim_128_4_fifo,47977068,128,0
12275354108,obim_128_4_fifo,47975706,128,0
14045286792,obim_256_0_fifo,47951794,128,0
12377360380,obim_256_0_fifo,47951527,128,0
8066994544,obim_256_0_fifo,47948117,128,0
12333536276,obim_256_0_fifo,47948468,128,0
14112752614,obim_256_0_fifo,47949153,128,0
8107103808,obim_256_0_fifo,47949375,128,0
12296256692,obim_256_2_fifo,47947633,128,0
12894313380,obim_256_2_fifo,47950931,128,0
12337959268,obim_256_2_fifo,47951469,128,0
13114658588,obim_256_2_fifo,47949270,128,0
8088001380,obim_256_2_fifo,47949087,128,0
8564215010,obim_256_2_fifo,47951195,128,0
12089330650,obim_256_4_fifo,47948583,128,0
14087842474,obim_256_4_fifo,47950302,128,0
10309117386,obim_256_4_fifo,47950428,128,0
7972909674,obim_256_4_fifo,47949339,128,0
8391521604,obim_256_4_fifo,47959592,128,0
8816663200,obim_256_4_fifo,47962690,128,0
8471669642,obim_512_0_fifo,47938115,128,0
8274046902,obim_512_0_fifo,47940132,128,0
7933675312,obim_512_0_fifo,47943441,128,0
8296766876,obim_512_0_fifo,47938927,128,0
8386811232,obim_512_0_fifo,47939521,128,0
8180756392,obim_512_0_fifo,47938874,128,0
12163211442,obim_512_2_fifo,47937703,128,0
8205723770,obim_512_2_fifo,47939712,128,0
12942872752,obim_512_2_fifo,47940283,128,0
8267010662,obim_512_2_fifo,47940530,128,0
11771387300,obim_512_2_fifo,47938552,128,0
10206145570,obim_512_2_fifo,47939355,128,0
13155057806,obim_512_4_fifo,47937624,128,0
8370793766,obim_512_4_fifo,47940018,128,0
10639614692,obim_512_4_fifo,47938527,128,0
12622404468,obim_512_4_fifo,47940655,128,0
8394362100,obim_512_4_fifo,47937857,128,0
12881598176,obim_512_4_fifo,47938159,128,0
