606943872,pmod_32_10_fifo,27088205,128,10
619402556,pmod_32_10_fifo,26756220,128,10
633741350,pmod_32_10_fifo,27253359,128,10
667008928,pmod_32_10_fifo,26874930,128,10
627277000,pmod_32_10_fifo,27437375,128,10
650988718,pmod_32_10_fifo,27139378,128,10
610314810,pmod_32_14_fifo,27322940,128,10
647146608,pmod_32_14_fifo,26978642,128,10
643518512,pmod_32_14_fifo,26854946,128,10
665800242,pmod_32_14_fifo,27083185,128,10
633485256,pmod_32_14_fifo,27188592,128,10
627564476,pmod_32_14_fifo,26915045,128,10
678481762,pmod_32_16_fifo,27244076,128,10
637458668,pmod_32_16_fifo,27217803,128,10
658404192,pmod_32_16_fifo,27124505,128,10
617144366,pmod_32_16_fifo,26930150,128,10
601695838,pmod_32_16_fifo,27142129,128,10
629911420,pmod_32_16_fifo,26843640,128,10
618399360,pmod_32_18_fifo,26652706,128,10
650969300,pmod_32_18_fifo,27097946,128,10
633866266,pmod_32_18_fifo,27815241,128,10
675783790,pmod_32_18_fifo,27009150,128,10
648021096,pmod_32_18_fifo,26843245,128,10
596445656,pmod_32_18_fifo,27473671,128,10
887576724,pmod_64_10_fifo,41436155,128,10
853931604,pmod_64_10_fifo,42791160,128,10
565210552,pmod_64_10_fifo,44771295,128,10
592606092,pmod_64_10_fifo,44301891,128,10
767610096,pmod_64_10_fifo,41770880,128,10
577071862,pmod_64_10_fifo,44507179,128,10
1051208612,pmod_64_14_fifo,42039291,128,10
580899016,pmod_64_14_fifo,44278662,128,10
708208776,pmod_64_14_fifo,43203857,128,10
776452270,pmod_64_14_fifo,44230049,128,10
814967144,pmod_64_14_fifo,42753238,128,10
606008464,pmod_64_14_fifo,46634802,128,10
579387188,pmod_64_16_fifo,45213713,128,10
581166776,pmod_64_16_fifo,44384795,128,10
858060692,pmod_64_16_fifo,42421115,128,10
717808558,pmod_64_16_fifo,42541338,128,10
830246346,pmod_64_16_fifo,42192889,128,10
577129410,pmod_64_16_fifo,44478669,128,10
576931932,pmod_64_18_fifo,44510278,128,10
588806924,pmod_64_18_fifo,45508196,128,10
566111610,pmod_64_18_fifo,44535608,128,10
728039330,pmod_64_18_fifo,42501328,128,10
603431676,pmod_64_18_fifo,44677624,128,10
591949036,pmod_64_18_fifo,44878041,128,10
799557440,pmod_128_10_fifo,63883813,128,10
857197436,pmod_128_10_fifo,64615912,128,10
844742586,pmod_128_10_fifo,64613463,128,10
864140242,pmod_128_10_fifo,66714469,128,10
834890328,pmod_128_10_fifo,64950403,128,10
836391792,pmod_128_10_fifo,65533597,128,10
849453806,pmod_128_14_fifo,65449981,128,10
875240658,pmod_128_14_fifo,65208163,128,10
824985108,pmod_128_14_fifo,64117753,128,10
854109348,pmod_128_14_fifo,65684356,128,10
823310890,pmod_128_14_fifo,65606620,128,10
790881806,pmod_128_14_fifo,63243765,128,10
844728290,pmod_128_16_fifo,65459390,128,10
846416494,pmod_128_16_fifo,63688376,128,10
837287158,pmod_128_16_fifo,65436091,128,10
793264742,pmod_128_16_fifo,63092675,128,10
832901654,pmod_128_16_fifo,65408729,128,10
819122658,pmod_128_16_fifo,63898073,128,10
834808606,pmod_128_18_fifo,65832456,128,10
848478332,pmod_128_18_fifo,65903766,128,10
859645386,pmod_128_18_fifo,66215385,128,10
800826904,pmod_128_18_fifo,63600858,128,10
838791408,pmod_128_18_fifo,64860640,128,10
823086908,pmod_128_18_fifo,65515044,128,10
1232918582,pmod_256_10_fifo,88014162,128,10
1316563452,pmod_256_10_fifo,83923256,128,10
1339644518,pmod_256_10_fifo,81103860,128,10
1396352830,pmod_256_10_fifo,85817176,128,10
1355727160,pmod_256_10_fifo,76672821,128,10
1427881410,pmod_256_10_fifo,77728863,128,10
1577616962,pmod_256_14_fifo,81201250,128,10
1524873280,pmod_256_14_fifo,81969411,128,10
1372422488,pmod_256_14_fifo,78842588,128,10
1495201904,pmod_256_14_fifo,82702409,128,10
1330937232,pmod_256_14_fifo,81478402,128,10
1357111492,pmod_256_14_fifo,79535077,128,10
1427812510,pmod_256_16_fifo,82104300,128,10
1536494346,pmod_256_16_fifo,89708421,128,10
1326447336,pmod_256_16_fifo,78998914,128,10
1372813486,pmod_256_16_fifo,89537631,128,10
1219640532,pmod_256_16_fifo,77716130,128,10
1388461918,pmod_256_16_fifo,79194088,128,10
1369109898,pmod_256_18_fifo,83912393,128,10
1526218064,pmod_256_18_fifo,88319178,128,10
1408121740,pmod_256_18_fifo,80618004,128,10
1360746750,pmod_256_18_fifo,85123305,128,10
1336363330,pmod_256_18_fifo,90357529,128,10
1482254392,pmod_256_18_fifo,82685045,128,10
2301689916,pmod_512_10_fifo,92734596,128,10
2593621100,pmod_512_10_fifo,96259522,128,10
2524921280,pmod_512_10_fifo,84155783,128,10
2196313706,pmod_512_10_fifo,96309094,128,10
2323112106,pmod_512_10_fifo,93010137,128,10
2135924664,pmod_512_10_fifo,103159431,128,10
1995776944,pmod_512_14_fifo,86790490,128,10
1845364138,pmod_512_14_fifo,89704192,128,10
1694206270,pmod_512_14_fifo,89202091,128,10
1906000538,pmod_512_14_fifo,100899126,128,10
2115807364,pmod_512_14_fifo,101531176,128,10
2477241848,pmod_512_14_fifo,98505277,128,10
2223611866,pmod_512_16_fifo,90538261,128,10
2001144504,pmod_512_16_fifo,83248147,128,10
2431593826,pmod_512_16_fifo,91720755,128,10
2057026188,pmod_512_16_fifo,91807529,128,10
2080405682,pmod_512_16_fifo,95225254,128,10
2151905040,pmod_512_16_fifo,97251476,128,10
2068369968,pmod_512_18_fifo,87820979,128,10
1815501556,pmod_512_18_fifo,86498534,128,10
2471976048,pmod_512_18_fifo,86566722,128,10
1731358972,pmod_512_18_fifo,99981890,128,10
2071551382,pmod_512_18_fifo,81358793,128,10
2529880404,pmod_512_18_fifo,97167126,128,10
