414174858,pmod_32_0_fifo,11110023,128,10
375278782,pmod_32_0_fifo,10338705,128,10
431635692,pmod_32_0_fifo,11621203,128,10
417025314,pmod_32_0_fifo,11092684,128,10
406121430,pmod_32_0_fifo,10845162,128,10
404194114,pmod_32_0_fifo,10912937,128,10
392637818,pmod_32_2_fifo,11004863,128,10
394619200,pmod_32_2_fifo,10699141,128,10
402534298,pmod_32_2_fifo,11108387,128,10
399786640,pmod_32_2_fifo,10896805,128,10
416814992,pmod_32_2_fifo,11609106,128,10
415050532,pmod_32_2_fifo,11150744,128,10
420941066,pmod_32_4_fifo,11208044,128,10
403770878,pmod_32_4_fifo,10958721,128,10
376992676,pmod_32_4_fifo,10603776,128,10
392961796,pmod_32_4_fifo,10965223,128,10
405128788,pmod_32_4_fifo,10843668,128,10
401217420,pmod_32_4_fifo,11065842,128,10
283829050,pmod_64_0_fifo,10395185,128,10
271510322,pmod_64_0_fifo,9859088,128,10
267790458,pmod_64_0_fifo,9756951,128,10
285915136,pmod_64_0_fifo,9944795,128,10
260099534,pmod_64_0_fifo,9410532,128,10
274706404,pmod_64_0_fifo,9939346,128,10
267806102,pmod_64_2_fifo,9558804,128,10
293886396,pmod_64_2_fifo,10348183,128,10
284403334,pmod_64_2_fifo,10372098,128,10
268399246,pmod_64_2_fifo,9845522,128,10
272849776,pmod_64_2_fifo,9815609,128,10
265056228,pmod_64_2_fifo,9476705,128,10
277387306,pmod_64_4_fifo,9863576,128,10
279697016,pmod_64_4_fifo,9992969,128,10
272269162,pmod_64_4_fifo,9786639,128,10
268021602,pmod_64_4_fifo,9624434,128,10
263266304,pmod_64_4_fifo,9517553,128,10
277225732,pmod_64_4_fifo,9984206,128,10
236124066,pmod_128_0_fifo,9158207,128,10
235797930,pmod_128_0_fifo,9159790,128,10
234407900,pmod_128_0_fifo,9102882,128,10
234338260,pmod_128_0_fifo,9173890,128,10
233716690,pmod_128_0_fifo,9154468,128,10
235267270,pmod_128_0_fifo,9148382,128,10
237792352,pmod_128_2_fifo,9198257,128,10
244363434,pmod_128_2_fifo,9098703,128,10
237984722,pmod_128_2_fifo,9220485,128,10
237934548,pmod_128_2_fifo,9181159,128,10
237792614,pmod_128_2_fifo,9147347,128,10
236732436,pmod_128_2_fifo,9052930,128,10
240955236,pmod_128_4_fifo,9093336,128,10
236837756,pmod_128_4_fifo,9236132,128,10
236568514,pmod_128_4_fifo,9155066,128,10
239017664,pmod_128_4_fifo,9173804,128,10
238598602,pmod_128_4_fifo,9163459,128,10
235893004,pmod_128_4_fifo,9169119,128,10
266217302,pmod_256_0_fifo,9901343,128,10
268553790,pmod_256_0_fifo,9963118,128,10
266865210,pmod_256_0_fifo,9903251,128,10
265898278,pmod_256_0_fifo,9926023,128,10
270422736,pmod_256_0_fifo,9990170,128,10
268257714,pmod_256_0_fifo,9883784,128,10
276816228,pmod_256_2_fifo,9919924,128,10
270046002,pmod_256_2_fifo,9993006,128,10
266574934,pmod_256_2_fifo,9911384,128,10
270558700,pmod_256_2_fifo,9907603,128,10
268644894,pmod_256_2_fifo,9943931,128,10
275208116,pmod_256_2_fifo,9983903,128,10
266482564,pmod_256_4_fifo,9958348,128,10
270063946,pmod_256_4_fifo,9967763,128,10
267085796,pmod_256_4_fifo,9953139,128,10
267000426,pmod_256_4_fifo,9944959,128,10
264560414,pmod_256_4_fifo,9941319,128,10
266001748,pmod_256_4_fifo,10015163,128,10
