2137871266,pmod_32_0_fifo,91013635,128,10
2098388654,pmod_32_0_fifo,81574155,128,10
2173287244,pmod_32_0_fifo,81718956,128,10
2107702630,pmod_32_0_fifo,88087872,128,10
2091721566,pmod_32_0_fifo,87574118,128,10
2213669024,pmod_32_0_fifo,83143659,128,10
2310554068,pmod_32_2_fifo,103384925,128,10
2223715912,pmod_32_2_fifo,100095628,128,10
2056008556,pmod_32_2_fifo,87387728,128,10
2089438116,pmod_32_2_fifo,87903070,128,10
2334246746,pmod_32_2_fifo,98563238,128,10
2091698844,pmod_32_2_fifo,86964907,128,10
2099635004,pmod_32_4_fifo,87043649,128,10
2084240814,pmod_32_4_fifo,88984681,128,10
2049985924,pmod_32_4_fifo,87154552,128,10
2168668812,pmod_32_4_fifo,90570492,128,10
2024420568,pmod_32_4_fifo,86809504,128,10
2096895282,pmod_32_4_fifo,87381222,128,10
1973972220,pmod_64_0_fifo,90564008,128,10
2026156968,pmod_64_0_fifo,91255811,128,10
2043483290,pmod_64_0_fifo,84442214,128,10
1968252122,pmod_64_0_fifo,81136486,128,10
1988591250,pmod_64_0_fifo,81933065,128,10
2209362434,pmod_64_0_fifo,100158591,128,10
1947116158,pmod_64_2_fifo,89436236,128,10
2048122482,pmod_64_2_fifo,84135379,128,10
1927428906,pmod_64_2_fifo,88980451,128,10
1989622366,pmod_64_2_fifo,81705236,128,10
1974014936,pmod_64_2_fifo,90746011,128,10
2037155140,pmod_64_2_fifo,92312766,128,10
1964806720,pmod_64_4_fifo,90475932,128,10
1990760678,pmod_64_4_fifo,91143914,128,10
2014472832,pmod_64_4_fifo,83426346,128,10
2026984948,pmod_64_4_fifo,83695985,128,10
1982864220,pmod_64_4_fifo,81918739,128,10
2015029050,pmod_64_4_fifo,82976220,128,10
2473696822,pmod_128_0_fifo,76531190,128,10
2242861036,pmod_128_0_fifo,76455300,128,10
2440570830,pmod_128_0_fifo,76433685,128,10
2140274296,pmod_128_0_fifo,76559760,128,10
2253070332,pmod_128_0_fifo,76705321,128,10
2250532678,pmod_128_0_fifo,76475049,128,10
2240113882,pmod_128_2_fifo,76392136,128,10
2151142036,pmod_128_2_fifo,76629471,128,10
2429932626,pmod_128_2_fifo,76558279,128,10
2288767382,pmod_128_2_fifo,76394149,128,10
2242201240,pmod_128_2_fifo,76463301,128,10
2173312806,pmod_128_2_fifo,76826753,128,10
2239354598,pmod_128_4_fifo,76613707,128,10
2243377976,pmod_128_4_fifo,76498070,128,10
2391074416,pmod_128_4_fifo,76503871,128,10
2411099724,pmod_128_4_fifo,76552988,128,10
2433113034,pmod_128_4_fifo,76594902,128,10
2267913670,pmod_128_4_fifo,76619905,128,10
2398871194,pmod_256_0_fifo,77575941,128,10
2385918394,pmod_256_0_fifo,77915687,128,10
2390222294,pmod_256_0_fifo,77665272,128,10
2385945150,pmod_256_0_fifo,77606291,128,10
2512538852,pmod_256_0_fifo,77708842,128,10
2611277278,pmod_256_0_fifo,77851484,128,10
2363352356,pmod_256_2_fifo,77039840,128,10
2308589226,pmod_256_2_fifo,77343316,128,10
2480381794,pmod_256_2_fifo,78006995,128,10
2379755462,pmod_256_2_fifo,77690756,128,10
2336924104,pmod_256_2_fifo,77583049,128,10
2370034680,pmod_256_2_fifo,77659812,128,10
2372763390,pmod_256_4_fifo,77669902,128,10
2397193956,pmod_256_4_fifo,78073058,128,10
2554965180,pmod_256_4_fifo,77602572,128,10
2385433518,pmod_256_4_fifo,77760361,128,10
2458978806,pmod_256_4_fifo,77657053,128,10
2473975684,pmod_256_4_fifo,77698016,128,10
2366520320,pmod_512_0_fifo,77810658,128,10
2439522986,pmod_512_0_fifo,79740538,128,10
2413714148,pmod_512_0_fifo,79105318,128,10
2466823416,pmod_512_0_fifo,79458142,128,10
2421782414,pmod_512_0_fifo,78033201,128,10
2441357624,pmod_512_0_fifo,80276534,128,10
2465614688,pmod_512_2_fifo,78062230,128,10
2467776364,pmod_512_2_fifo,78948528,128,10
2397936006,pmod_512_2_fifo,79522094,128,10
2449439232,pmod_512_2_fifo,77852414,128,10
2441425600,pmod_512_2_fifo,79634148,128,10
2485109142,pmod_512_2_fifo,78660534,128,10
2410714658,pmod_512_4_fifo,78317651,128,10
2471913486,pmod_512_4_fifo,79705687,128,10
2546073316,pmod_512_4_fifo,80576381,128,10
2516987648,pmod_512_4_fifo,79308597,128,10
2486800108,pmod_512_4_fifo,79322128,128,10
2461274440,pmod_512_4_fifo,80499821,128,10
