4005669580,obim_32_10_fifo,27228364,128,10
6475359116,obim_32_10_fifo,26587366,128,10
4631104276,obim_32_10_fifo,27658968,128,10
4329851224,obim_32_10_fifo,27500314,128,10
5978346608,obim_32_10_fifo,27140057,128,10
5309465504,obim_32_10_fifo,26422364,128,10
682492084,obim_32_14_fifo,27264408,128,10
677618428,obim_32_14_fifo,27173957,128,10
680401088,obim_32_14_fifo,27153174,128,10
688890700,obim_32_14_fifo,27161839,128,10
673724170,obim_32_14_fifo,27093434,128,10
666254878,obim_32_14_fifo,27119217,128,10
1066398804,obim_32_16_fifo,33364157,128,10
1071807282,obim_32_16_fifo,33445616,128,10
1061771020,obim_32_16_fifo,33350373,128,10
1065562710,obim_32_16_fifo,33532270,128,10
1070631168,obim_32_16_fifo,33278723,128,10
1067412388,obim_32_16_fifo,33541051,128,10
1533655962,obim_32_18_fifo,58300834,128,10
1533672650,obim_32_18_fifo,57840728,128,10
1538482232,obim_32_18_fifo,57709147,128,10
1525994728,obim_32_18_fifo,57355128,128,10
1523691344,obim_32_18_fifo,57938558,128,10
1527094532,obim_32_18_fifo,57549273,128,10
9356285330,obim_64_10_fifo,39417762,128,10
9135190246,obim_64_10_fifo,39527105,128,10
11332840214,obim_64_10_fifo,38058656,128,10
13223511092,obim_64_10_fifo,38052446,128,10
9665231324,obim_64_10_fifo,39211220,128,10
8842418490,obim_64_10_fifo,39326815,128,10
470101592,obim_64_14_fifo,45639498,128,10
478946938,obim_64_14_fifo,46118227,128,10
476955964,obim_64_14_fifo,45514245,128,10
477094428,obim_64_14_fifo,45395194,128,10
479491362,obim_64_14_fifo,46427440,128,10
481156550,obim_64_14_fifo,45640762,128,10
700142540,obim_64_16_fifo,47198672,128,10
703021602,obim_64_16_fifo,47330927,128,10
690600910,obim_64_16_fifo,47157658,128,10
701404558,obim_64_16_fifo,47645426,128,10
702432910,obim_64_16_fifo,46687688,128,10
697357452,obim_64_16_fifo,47175135,128,10
942318812,obim_64_18_fifo,69758344,128,10
942193726,obim_64_18_fifo,69552118,128,10
946054972,obim_64_18_fifo,69836249,128,10
942953404,obim_64_18_fifo,69379522,128,10
947969446,obim_64_18_fifo,69196599,128,10
943790870,obim_64_18_fifo,69738419,128,10
13521496118,obim_128_10_fifo,56330824,128,10
16515952746,obim_128_10_fifo,56839436,128,10
18596132858,obim_128_10_fifo,44003226,128,10
17623176168,obim_128_10_fifo,52020018,128,10
16269263200,obim_128_10_fifo,55715732,128,10
13729608880,obim_128_10_fifo,54204121,128,10
641638478,obim_128_14_fifo,69182716,128,10
640120774,obim_128_14_fifo,68901605,128,10
634473916,obim_128_14_fifo,68291651,128,10
648515376,obim_128_14_fifo,69160211,128,10
645511416,obim_128_14_fifo,68603233,128,10
626544256,obim_128_14_fifo,67605226,128,10
667267160,obim_128_16_fifo,80275939,128,10
675325072,obim_128_16_fifo,80084341,128,10
690047844,obim_128_16_fifo,80101899,128,10
700123024,obim_128_16_fifo,80419346,128,10
654513138,obim_128_16_fifo,78580250,128,10
683616450,obim_128_16_fifo,80449801,128,10
891675656,obim_128_18_fifo,91863993,128,10
883419326,obim_128_18_fifo,91789033,128,10
879894742,obim_128_18_fifo,91382376,128,10
882716042,obim_128_18_fifo,91997673,128,10
882763380,obim_128_18_fifo,90547772,128,10
878267096,obim_128_18_fifo,90901626,128,10
46293961152,obim_256_10_fifo,53213998,128,10
39889396350,obim_256_10_fifo,39688537,128,10
59064876866,obim_256_10_fifo,40653419,128,10
61037660802,obim_256_10_fifo,57313467,128,10
39834285702,obim_256_10_fifo,46841424,128,10
45933810914,obim_256_10_fifo,41948135,128,10
986354216,obim_256_14_fifo,89322594,128,10
1103377792,obim_256_14_fifo,90369065,128,10
931134412,obim_256_14_fifo,86201808,128,10
1090147464,obim_256_14_fifo,91096976,128,10
985022998,obim_256_14_fifo,87901192,128,10
1061951272,obim_256_14_fifo,91011006,128,10
946307032,obim_256_16_fifo,118609096,128,10
1034281298,obim_256_16_fifo,118297360,128,10
981172006,obim_256_16_fifo,119626419,128,10
1020188760,obim_256_16_fifo,117894780,128,10
956862040,obim_256_16_fifo,116542679,128,10
1043222722,obim_256_16_fifo,116759002,128,10
1101243354,obim_256_18_fifo,137601698,128,10
1172084360,obim_256_18_fifo,146953575,128,10
1115511128,obim_256_18_fifo,140129911,128,10
1132412514,obim_256_18_fifo,141634474,128,10
1122911328,obim_256_18_fifo,144830179,128,10
1106066296,obim_256_18_fifo,141266387,128,10
51106117924,obim_512_10_fifo,49757928,128,10
55061741040,obim_512_10_fifo,42396518,128,10
53940766622,obim_512_10_fifo,42235706,128,10
27090230198,obim_512_10_fifo,32288696,128,10
35680209048,obim_512_10_fifo,35159012,128,10
54622390150,obim_512_10_fifo,37821085,128,10
2008273938,obim_512_14_fifo,102184835,128,10
1618941628,obim_512_14_fifo,91375795,128,10
1714175524,obim_512_14_fifo,93702255,128,10
2066876530,obim_512_14_fifo,91542442,128,10
2080247622,obim_512_14_fifo,98792408,128,10
1647502868,obim_512_14_fifo,94270503,128,10
1452958416,obim_512_16_fifo,137105395,128,10
1548549704,obim_512_16_fifo,144200649,128,10
1638174870,obim_512_16_fifo,143447447,128,10
1441596432,obim_512_16_fifo,147099643,128,10
1438136776,obim_512_16_fifo,145970162,128,10
1564530338,obim_512_16_fifo,156063417,128,10
1721871032,obim_512_18_fifo,237909351,128,10
1663416328,obim_512_18_fifo,228749310,128,10
1746874414,obim_512_18_fifo,239517395,128,10
1771526768,obim_512_18_fifo,238695517,128,10
1837923796,obim_512_18_fifo,231452282,128,10
1755780660,obim_512_18_fifo,240098649,128,10
