2558801776,obim_32_0_fifo,76001387,128,10
2562495942,obim_32_0_fifo,76048377,128,10
2560123286,obim_32_0_fifo,75991023,128,10
2545108092,obim_32_0_fifo,75999288,128,10
2585203182,obim_32_0_fifo,76083673,128,10
2580316534,obim_32_0_fifo,75969277,128,10
2302261854,obim_32_2_fifo,76269757,128,10
2262223396,obim_32_2_fifo,76017208,128,10
2279485936,obim_32_2_fifo,76024584,128,10
2281809464,obim_32_2_fifo,76048428,128,10
2278201590,obim_32_2_fifo,76135947,128,10
2271275228,obim_32_2_fifo,76041958,128,10
2118092190,obim_32_4_fifo,77998066,128,10
2091925768,obim_32_4_fifo,77551251,128,10
2115713702,obim_32_4_fifo,77764319,128,10
2109576554,obim_32_4_fifo,78016836,128,10
2106586702,obim_32_4_fifo,77503016,128,10
2111193802,obim_32_4_fifo,77819809,128,10
2226310560,obim_64_0_fifo,76190041,128,10
2226307204,obim_64_0_fifo,76117314,128,10
2270960024,obim_64_0_fifo,76186296,128,10
2219019030,obim_64_0_fifo,76161121,128,10
2220729094,obim_64_0_fifo,76183662,128,10
2232418886,obim_64_0_fifo,76195702,128,10
2053073658,obim_64_2_fifo,76246132,128,10
2082106174,obim_64_2_fifo,76360551,128,10
2056235404,obim_64_2_fifo,76339553,128,10
2074927016,obim_64_2_fifo,76328236,128,10
2055278268,obim_64_2_fifo,76231371,128,10
2063647320,obim_64_2_fifo,76225159,128,10
1970535120,obim_64_4_fifo,78573098,128,10
1980639894,obim_64_4_fifo,78318440,128,10
1989448264,obim_64_4_fifo,78269052,128,10
2099772810,obim_64_4_fifo,82616248,128,10
1993894722,obim_64_4_fifo,78760262,128,10
2000356034,obim_64_4_fifo,78662082,128,10
2308346058,obim_128_0_fifo,76520880,128,10
2264545070,obim_128_0_fifo,76563398,128,10
2346905354,obim_128_0_fifo,76506835,128,10
2283651150,obim_128_0_fifo,76536127,128,10
2277384374,obim_128_0_fifo,76309096,128,10
2275339910,obim_128_0_fifo,76402625,128,10
2066732384,obim_128_2_fifo,76654008,128,10
2077568042,obim_128_2_fifo,76761743,128,10
2058752680,obim_128_2_fifo,76658535,128,10
2072114704,obim_128_2_fifo,76588798,128,10
2058421932,obim_128_2_fifo,76514933,128,10
2066009904,obim_128_2_fifo,76568111,128,10
1996559830,obim_128_4_fifo,80317720,128,10
1971401512,obim_128_4_fifo,78742254,128,10
1972608854,obim_128_4_fifo,79059552,128,10
1979408356,obim_128_4_fifo,78971737,128,10
1974816872,obim_128_4_fifo,79185365,128,10
1979212346,obim_128_4_fifo,79495175,128,10
2430613748,obim_256_0_fifo,77466249,128,10
2441516104,obim_256_0_fifo,77602404,128,10
2467413540,obim_256_0_fifo,77282419,128,10
2456458652,obim_256_0_fifo,77392808,128,10
2441597346,obim_256_0_fifo,77365109,128,10
2565025932,obim_256_0_fifo,77607909,128,10
2105313954,obim_256_2_fifo,77273828,128,10
2111183562,obim_256_2_fifo,77095726,128,10
2094423686,obim_256_2_fifo,77168113,128,10
2103244144,obim_256_2_fifo,77151571,128,10
2106642292,obim_256_2_fifo,77316380,128,10
2101069174,obim_256_2_fifo,77114143,128,10
2033932078,obim_256_4_fifo,80963531,128,10
2010904116,obim_256_4_fifo,80538308,128,10
2095511450,obim_256_4_fifo,84202915,128,10
1992765392,obim_256_4_fifo,79745515,128,10
2014515334,obim_256_4_fifo,80776298,128,10
2008609542,obim_256_4_fifo,80378055,128,10
2968595426,obim_512_0_fifo,79152297,128,10
2913444282,obim_512_0_fifo,79690712,128,10
3142884154,obim_512_0_fifo,80112792,128,10
3171281570,obim_512_0_fifo,79522156,128,10
3132438074,obim_512_0_fifo,79568202,128,10
3036009566,obim_512_0_fifo,79254511,128,10
2198111314,obim_512_2_fifo,77927192,128,10
2215782012,obim_512_2_fifo,77936931,128,10
2230569938,obim_512_2_fifo,77967267,128,10
2197679614,obim_512_2_fifo,77979949,128,10
2200577554,obim_512_2_fifo,78124949,128,10
2180577550,obim_512_2_fifo,77764750,128,10
2052150828,obim_512_4_fifo,81715213,128,10
2060336438,obim_512_4_fifo,81873246,128,10
2079770476,obim_512_4_fifo,82035703,128,10
2044674270,obim_512_4_fifo,80852628,128,10
2098597306,obim_512_4_fifo,82675234,128,10
2116238878,obim_512_4_fifo,84090469,128,10
3347561370,obim_32_8_fifo,133669671,128,0
3182007918,obim_32_8_fifo,133383057,128,0
3280991314,obim_32_8_fifo,128009701,128,0
3819003662,obim_32_8_fifo,143604558,128,0
2987643198,obim_32_8_fifo,125431914,128,0
2491450272,obim_64_8_fifo,140577443,128,0
2449767744,obim_64_8_fifo,135872429,128,0
2193082562,obim_64_8_fifo,122531320,128,0
2665134666,obim_64_8_fifo,149339613,128,0
2407529310,obim_64_8_fifo,139888206,128,0
2174768816,obim_128_8_fifo,128933314,128,0
2766741678,obim_128_8_fifo,163037996,128,0
2330392138,obim_128_8_fifo,137135249,128,0
2356505362,obim_128_8_fifo,140253849,128,0
2491319702,obim_128_8_fifo,149395755,128,0
2591089860,obim_256_8_fifo,152438444,128,0
2884313118,obim_256_8_fifo,170800692,128,0
2884787660,obim_256_8_fifo,168521589,128,0
2667372458,obim_256_8_fifo,155730142,128,0
2974145144,obim_256_8_fifo,176781230,128,0
3234123592,obim_512_8_fifo,189581215,128,0
3234035002,obim_512_8_fifo,190093382,128,0
3106042496,obim_512_8_fifo,187768599,128,0
3029343124,obim_512_8_fifo,180555818,128,0
2922268364,obim_512_8_fifo,178313284,128,0
