372621384,pmod_32_10_fifo,20837726,128,10
367066116,pmod_32_10_fifo,21088286,128,10
372929452,pmod_32_10_fifo,21037185,128,10
371929896,pmod_32_10_fifo,21086819,128,10
368078514,pmod_32_10_fifo,21257425,128,10
363744910,pmod_32_10_fifo,20856209,128,10
365534430,pmod_32_14_fifo,20930593,128,10
369281490,pmod_32_14_fifo,21346573,128,10
366979058,pmod_32_14_fifo,21392553,128,10
364790216,pmod_32_14_fifo,20947176,128,10
364001428,pmod_32_14_fifo,21135485,128,10
371744002,pmod_32_14_fifo,21343281,128,10
362162830,pmod_32_16_fifo,20969930,128,10
357896704,pmod_32_16_fifo,20588815,128,10
370509992,pmod_32_16_fifo,21461192,128,10
365447296,pmod_32_16_fifo,21093084,128,10
371968544,pmod_32_16_fifo,21233038,128,10
367823062,pmod_32_16_fifo,20914884,128,10
361844694,pmod_32_18_fifo,20884404,128,10
370000344,pmod_32_18_fifo,21227233,128,10
369539030,pmod_32_18_fifo,21179612,128,10
366898902,pmod_32_18_fifo,21120095,128,10
363270064,pmod_32_18_fifo,21249743,128,10
364321838,pmod_32_18_fifo,20977881,128,10
365421034,pmod_64_10_fifo,35487699,128,10
356656770,pmod_64_10_fifo,36356375,128,10
364242558,pmod_64_10_fifo,36274060,128,10
358288574,pmod_64_10_fifo,35970590,128,10
370646508,pmod_64_10_fifo,37145063,128,10
375285542,pmod_64_10_fifo,36531609,128,10
365715608,pmod_64_14_fifo,36231967,128,10
370510124,pmod_64_14_fifo,35848506,128,10
360772982,pmod_64_14_fifo,35082394,128,10
374528510,pmod_64_14_fifo,36977100,128,10
366708954,pmod_64_14_fifo,36191098,128,10
365697932,pmod_64_14_fifo,36102484,128,10
369082370,pmod_64_16_fifo,35574483,128,10
363815098,pmod_64_16_fifo,35510534,128,10
364298868,pmod_64_16_fifo,36660862,128,10
362954070,pmod_64_16_fifo,36021839,128,10
354772280,pmod_64_16_fifo,35491846,128,10
359274426,pmod_64_16_fifo,35878716,128,10
359626070,pmod_64_18_fifo,35625139,128,10
345576318,pmod_64_18_fifo,35448918,128,10
362749158,pmod_64_18_fifo,36093179,128,10
362274034,pmod_64_18_fifo,36126621,128,10
387051490,pmod_64_18_fifo,35367912,128,10
362420288,pmod_64_18_fifo,35847891,128,10
428656188,pmod_128_10_fifo,50596047,128,10
447884110,pmod_128_10_fifo,53737897,128,10
445797710,pmod_128_10_fifo,54114481,128,10
460624566,pmod_128_10_fifo,53828845,128,10
454227862,pmod_128_10_fifo,54580025,128,10
471024532,pmod_128_10_fifo,56076230,128,10
454457816,pmod_128_14_fifo,53384973,128,10
457986980,pmod_128_14_fifo,53864374,128,10
470358888,pmod_128_14_fifo,55957774,128,10
449023332,pmod_128_14_fifo,52841170,128,10
453340054,pmod_128_14_fifo,53795534,128,10
449303106,pmod_128_14_fifo,51465122,128,10
454237156,pmod_128_16_fifo,54312131,128,10
432347976,pmod_128_16_fifo,51010702,128,10
445156942,pmod_128_16_fifo,54438980,128,10
444543688,pmod_128_16_fifo,54613918,128,10
453025650,pmod_128_16_fifo,52751689,128,10
455670146,pmod_128_16_fifo,55559020,128,10
462400426,pmod_128_18_fifo,54185635,128,10
444381078,pmod_128_18_fifo,51926362,128,10
464575624,pmod_128_18_fifo,53970337,128,10
443455820,pmod_128_18_fifo,52852022,128,10
488138130,pmod_128_18_fifo,56403269,128,10
453876252,pmod_128_18_fifo,55224695,128,10
690611306,pmod_256_10_fifo,87946192,128,10
692398652,pmod_256_10_fifo,86797982,128,10
712296742,pmod_256_10_fifo,85564714,128,10
715898398,pmod_256_10_fifo,89586653,128,10
670600112,pmod_256_10_fifo,81406657,128,10
694044852,pmod_256_10_fifo,86608114,128,10
733504302,pmod_256_14_fifo,94440679,128,10
678205990,pmod_256_14_fifo,85224888,128,10
675748198,pmod_256_14_fifo,81426064,128,10
725713150,pmod_256_14_fifo,88563886,128,10
660642328,pmod_256_14_fifo,82576077,128,10
685135206,pmod_256_14_fifo,84039964,128,10
746093666,pmod_256_16_fifo,92757776,128,10
678420128,pmod_256_16_fifo,82294666,128,10
689969646,pmod_256_16_fifo,87148328,128,10
712400312,pmod_256_16_fifo,88934961,128,10
673943682,pmod_256_16_fifo,85951337,128,10
661697926,pmod_256_16_fifo,84045757,128,10
722799250,pmod_256_18_fifo,83793267,128,10
657204832,pmod_256_18_fifo,79515803,128,10
696324008,pmod_256_18_fifo,82607396,128,10
751937308,pmod_256_18_fifo,86721311,128,10
612632178,pmod_256_18_fifo,75893527,128,10
665932904,pmod_256_18_fifo,84651149,128,10
1144248980,pmod_512_10_fifo,116047277,128,10
981455226,pmod_512_10_fifo,105352183,128,10
982113720,pmod_512_10_fifo,99206173,128,10
981582604,pmod_512_10_fifo,100878648,128,10
1004400242,pmod_512_10_fifo,113338838,128,10
1086903944,pmod_512_10_fifo,103915529,128,10
1027443532,pmod_512_14_fifo,103354434,128,10
1035980130,pmod_512_14_fifo,100045622,128,10
988410990,pmod_512_14_fifo,110329121,128,10
1101472744,pmod_512_14_fifo,109371891,128,10
1027628928,pmod_512_14_fifo,110577637,128,10
982662234,pmod_512_14_fifo,103724253,128,10
1022848460,pmod_512_16_fifo,97455130,128,10
1015060998,pmod_512_16_fifo,107484160,128,10
1108591532,pmod_512_16_fifo,112842484,128,10
1086316562,pmod_512_16_fifo,107170706,128,10
925976716,pmod_512_16_fifo,96527280,128,10
1108675058,pmod_512_16_fifo,119525271,128,10
1031555948,pmod_512_18_fifo,116943011,128,10
1045645836,pmod_512_18_fifo,101160248,128,10
988499374,pmod_512_18_fifo,102358774,128,10
1048076810,pmod_512_18_fifo,105946532,128,10
1027460110,pmod_512_18_fifo,110848802,128,10
1080748136,pmod_512_18_fifo,107649146,128,10
