400045176,obim_32_0_fifo,11069973,128,10
405340210,obim_32_0_fifo,11252932,128,10
391562080,obim_32_0_fifo,10952743,128,10
415862418,obim_32_0_fifo,11583951,128,10
411293902,obim_32_0_fifo,11147574,128,10
405195412,obim_32_0_fifo,11258586,128,10
465392012,obim_32_2_fifo,15869165,128,10
506227458,obim_32_2_fifo,17132022,128,10
489742722,obim_32_2_fifo,17274460,128,10
501842370,obim_32_2_fifo,16384896,128,10
488735332,obim_32_2_fifo,17234396,128,10
477942546,obim_32_2_fifo,17173691,128,10
490460906,obim_32_4_fifo,16826677,128,10
320346212,obim_32_4_fifo,11819490,128,10
489233752,obim_32_4_fifo,12820087,128,10
419467644,obim_32_4_fifo,13078783,128,10
526395824,obim_32_4_fifo,17352488,128,10
460456950,obim_32_4_fifo,16453442,128,10
266639174,obim_64_0_fifo,10242330,128,10
267732858,obim_64_0_fifo,9969566,128,10
260072702,obim_64_0_fifo,9778607,128,10
272497364,obim_64_0_fifo,10043599,128,10
275959924,obim_64_0_fifo,10485933,128,10
273315768,obim_64_0_fifo,10082079,128,10
424595896,obim_64_2_fifo,17500623,128,10
423559904,obim_64_2_fifo,16993846,128,10
430678062,obim_64_2_fifo,17247922,128,10
425639876,obim_64_2_fifo,17390278,128,10
431268484,obim_64_2_fifo,17420799,128,10
412408490,obim_64_2_fifo,17045751,128,10
447245934,obim_64_4_fifo,18458344,128,10
420120794,obim_64_4_fifo,17379712,128,10
325179198,obim_64_4_fifo,12984657,128,10
394071644,obim_64_4_fifo,16922472,128,10
456789434,obim_64_4_fifo,18740615,128,10
392574252,obim_64_4_fifo,17141060,128,10
228240764,obim_128_0_fifo,9173834,128,10
229826836,obim_128_0_fifo,9121438,128,10
228497462,obim_128_0_fifo,9189782,128,10
229035816,obim_128_0_fifo,9209214,128,10
230786636,obim_128_0_fifo,9136336,128,10
226335422,obim_128_0_fifo,9141042,128,10
368318304,obim_128_2_fifo,16370847,128,10
380263254,obim_128_2_fifo,17073836,128,10
382481850,obim_128_2_fifo,16991359,128,10
376836896,obim_128_2_fifo,17214880,128,10
369798422,obim_128_2_fifo,16419262,128,10
381494918,obim_128_2_fifo,17207104,128,10
389724006,obim_128_4_fifo,18112712,128,10
387766072,obim_128_4_fifo,18079628,128,10
383297342,obim_128_4_fifo,17211179,128,10
406520406,obim_128_4_fifo,18416740,128,10
378592696,obim_128_4_fifo,17626290,128,10
378791360,obim_128_4_fifo,17462744,128,10
253744466,obim_256_0_fifo,9963942,128,10
254632114,obim_256_0_fifo,9968595,128,10
253182348,obim_256_0_fifo,9962600,128,10
256039290,obim_256_0_fifo,9968778,128,10
259555756,obim_256_0_fifo,9933993,128,10
253434346,obim_256_0_fifo,9964557,128,10
346474378,obim_256_2_fifo,15821106,128,10
349135500,obim_256_2_fifo,16372799,128,10
340141902,obim_256_2_fifo,15541880,128,10
336436364,obim_256_2_fifo,15673326,128,10
318184238,obim_256_2_fifo,14706702,128,10
333971764,obim_256_2_fifo,15286710,128,10
371006622,obim_256_4_fifo,17222334,128,10
349978758,obim_256_4_fifo,16805964,128,10
385320478,obim_256_4_fifo,18140905,128,10
360799816,obim_256_4_fifo,17112614,128,10
388068886,obim_256_4_fifo,17997119,128,10
378357724,obim_256_4_fifo,17810957,128,10
