4035588882,obim_32_0_fifo,93311002,128,10
4051700864,obim_32_0_fifo,93317746,128,10
4032415776,obim_32_0_fifo,93089344,128,10
3989446620,obim_32_0_fifo,93065867,128,10
4046291402,obim_32_0_fifo,93385646,128,10
4010903502,obim_32_0_fifo,92887250,128,10
3940274744,obim_32_2_fifo,93964648,128,10
3972281990,obim_32_2_fifo,94296465,128,10
3912547766,obim_32_2_fifo,93592400,128,10
3911027094,obim_32_2_fifo,92233498,128,10
3931509828,obim_32_2_fifo,94110894,128,10
3952182784,obim_32_2_fifo,94150627,128,10
4511411010,obim_32_4_fifo,104530006,128,10
4379651490,obim_32_4_fifo,102542842,128,10
4394393036,obim_32_4_fifo,103432577,128,10
4263770526,obim_32_4_fifo,101989721,128,10
4385052642,obim_32_4_fifo,102343537,128,10
4307522884,obim_32_4_fifo,102047707,128,10
3844307522,obim_64_0_fifo,94559157,128,10
3819723920,obim_64_0_fifo,94209552,128,10
3811667170,obim_64_0_fifo,93465533,128,10
3795492856,obim_64_0_fifo,93982415,128,10
3782739500,obim_64_0_fifo,93545631,128,10
3794616126,obim_64_0_fifo,94087385,128,10
3737274658,obim_64_2_fifo,94496166,128,10
3755608322,obim_64_2_fifo,95121069,128,10
3766550270,obim_64_2_fifo,94926781,128,10
3747047846,obim_64_2_fifo,94818199,128,10
3761799880,obim_64_2_fifo,95118837,128,10
3748164134,obim_64_2_fifo,94729750,128,10
4093809150,obim_64_4_fifo,103234845,128,10
4066754968,obim_64_4_fifo,102496037,128,10
4059171624,obim_64_4_fifo,102659197,128,10
4090130690,obim_64_4_fifo,103282945,128,10
4095363892,obim_64_4_fifo,103159242,128,10
4113133802,obim_64_4_fifo,102795703,128,10
3803697168,obim_128_0_fifo,94354402,128,10
3799534092,obim_128_0_fifo,94452625,128,10
3820416156,obim_128_0_fifo,94539974,128,10
3813933550,obim_128_0_fifo,94360070,128,10
3771271482,obim_128_0_fifo,93556893,128,10
3780011348,obim_128_0_fifo,93951511,128,10
3820039218,obim_128_2_fifo,95760996,128,10
3770234122,obim_128_2_fifo,95710808,128,10
3781124438,obim_128_2_fifo,95892682,128,10
3780331698,obim_128_2_fifo,95967738,128,10
3773927542,obim_128_2_fifo,95891732,128,10
3770716650,obim_128_2_fifo,95825891,128,10
4080457966,obim_128_4_fifo,103249305,128,10
4044506552,obim_128_4_fifo,102464071,128,10
4062556072,obim_128_4_fifo,102940174,128,10
4069103528,obim_128_4_fifo,103110283,128,10
4071766398,obim_128_4_fifo,103055225,128,10
4103233154,obim_128_4_fifo,102849924,128,10
3687110096,obim_256_0_fifo,91594429,128,10
3710186024,obim_256_0_fifo,91991349,128,10
3670555354,obim_256_0_fifo,91495786,128,10
3677640942,obim_256_0_fifo,91514088,128,10
3678324604,obim_256_0_fifo,91587321,128,10
3696309256,obim_256_0_fifo,91910530,128,10
3810636408,obim_256_2_fifo,95909509,128,10
3794777074,obim_256_2_fifo,95936856,128,10
3820928866,obim_256_2_fifo,96375660,128,10
3799939762,obim_256_2_fifo,95941777,128,10
3801297524,obim_256_2_fifo,96075678,128,10
3815588180,obim_256_2_fifo,96162075,128,10
4140979788,obim_256_4_fifo,104502360,128,10
4115736734,obim_256_4_fifo,103830885,128,10
4131396928,obim_256_4_fifo,103979232,128,10
4107542680,obim_256_4_fifo,103918581,128,10
4139076482,obim_256_4_fifo,103350645,128,10
4130818132,obim_256_4_fifo,104092513,128,10
3643337022,obim_512_0_fifo,89461805,128,10
3657415918,obim_512_0_fifo,89652530,128,10
3628020704,obim_512_0_fifo,89409430,128,10
3636973952,obim_512_0_fifo,89577285,128,10
3630549002,obim_512_0_fifo,89352641,128,10
3648591016,obim_512_0_fifo,89670550,128,10
3845418518,obim_512_2_fifo,95963958,128,10
3806237620,obim_512_2_fifo,95624937,128,10
3833592278,obim_512_2_fifo,96011978,128,10
3822608524,obim_512_2_fifo,95707843,128,10
3816379376,obim_512_2_fifo,95726768,128,10
3806123966,obim_512_2_fifo,95333670,128,10
4128685012,obim_512_4_fifo,103836449,128,10
4154237926,obim_512_4_fifo,104090292,128,10
4133257438,obim_512_4_fifo,103808514,128,10
4134899390,obim_512_4_fifo,103636859,128,10
4136051578,obim_512_4_fifo,103677343,128,10
4131427858,obim_512_4_fifo,103837494,128,10
