51690592,10288868822,obim_128_2_fifo,23947347,1,0
10296302476,obim_128_2_fifo,23947347,1,0
10294650332,obim_128_2_fifo,23947347,1,0
10525672270,obim_128_2_fifo,23947347,1,0
10305039108,obim_128_2_fifo,23947347,1,0
10293984808,obim_128_2_fifo,23947347,1,0
10359923250,obim_128_2_fifo,23947347,1,0
10347487914,obim_128_2_fifo,23947347,1,0
10297323760,obim_128_2_fifo,23947347,1,0
10301399644,obim_128_2_fifo,23947347,1,0
6254914572,obim_128_2_fifo,23951768,2,0
6238899286,obim_128_2_fifo,23952139,2,0
6234419030,obim_128_2_fifo,23952673,2,0
6235208444,obim_128_2_fifo,23953424,2,0
6223518462,obim_128_2_fifo,23949062,2,0
6231159064,obim_128_2_fifo,23954922,2,0
6254762378,obim_128_2_fifo,23952368,2,0
6212656374,obim_128_2_fifo,23954006,2,0
6261156678,obim_128_2_fifo,23951940,2,0
6213892066,obim_128_2_fifo,23955998,2,0
3504315628,obim_128_2_fifo,24000612,4,0
3521783902,obim_128_2_fifo,23998442,4,0
3506755778,obim_128_2_fifo,23974208,4,0
3499849978,obim_128_2_fifo,23970334,4,0
3502208796,obim_128_2_fifo,24013764,4,0
3497652966,obim_128_2_fifo,24007268,4,0
3509791388,obim_128_2_fifo,23983560,4,0
3495645444,obim_128_2_fifo,23994362,4,0
3504811526,obim_128_2_fifo,23976066,4,0
3504817096,obim_128_2_fifo,23998995,4,0
1874774342,obim_128_2_fifo,24134266,8,0
1877502760,obim_128_2_fifo,24111484,8,0
1875365038,obim_128_2_fifo,24128252,8,0
1880462410,obim_128_2_fifo,24125721,8,0
1869426294,obim_128_2_fifo,24103114,8,0
1878577426,obim_128_2_fifo,24129649,8,0
1901900018,obim_128_2_fifo,24155786,8,0
1877875464,obim_128_2_fifo,24166454,8,0
1872588374,obim_128_2_fifo,24093259,8,0
1872151884,obim_128_2_fifo,24104553,8,0
1070888850,obim_128_2_fifo,24472030,16,0
1064453560,obim_128_2_fifo,24468418,16,0
1068952576,obim_128_2_fifo,24475988,16,0
1066351536,obim_128_2_fifo,24540349,16,0
1062928972,obim_128_2_fifo,24484747,16,0
1063171194,obim_128_2_fifo,24474558,16,0
1071834410,obim_128_2_fifo,24458801,16,0
1069381024,obim_128_2_fifo,24480784,16,0
1070231662,obim_128_2_fifo,24490092,16,0
1065792262,obim_128_2_fifo,24486370,16,0
749409792,obim_128_2_fifo,27961491,32,0
750753764,obim_128_2_fifo,27725218,32,0
744757600,obim_128_2_fifo,27704872,32,0
751374374,obim_128_2_fifo,27612887,32,0
751279264,obim_128_2_fifo,27650508,32,0
748457008,obim_128_2_fifo,27654104,32,0
742977156,obim_128_2_fifo,27499830,32,0
749603058,obim_128_2_fifo,27781860,32,0
755198908,obim_128_2_fifo,27697852,32,0
749634498,obim_128_2_fifo,27840520,32,0
518768656,obim_128_2_fifo,38435264,64,0
525267050,obim_128_2_fifo,38334902,64,0
522965748,obim_128_2_fifo,38895918,64,0
520032842,obim_128_2_fifo,38340322,64,0
520852016,obim_128_2_fifo,38565198,64,0
520717360,obim_128_2_fifo,38505588,64,0
532493514,obim_128_2_fifo,39140075,64,0
520554972,obim_128_2_fifo,38436858,64,0
514619020,obim_128_2_fifo,38103964,64,0
525568130,obim_128_2_fifo,38772735,64,0
490391400,obim_128_2_fifo,61436951,128,0
474370176,obim_128_2_fifo,61454889,128,0
475664846,obim_128_2_fifo,61281238,128,0
481974622,obim_128_2_fifo,61067519,128,0
488181956,obim_128_2_fifo,62300508,128,0
478213978,obim_128_2_fifo,61596753,128,0
482794504,obim_128_2_fifo,61006281,128,0
468060878,obim_128_2_fifo,60389045,128,0
483328270,obim_128_2_fifo,61538129,128,0
486648076,obim_128_2_fifo,61510206,128,0
