37635409928,obim_512_0_fifo,50542646,1,0
37389104864,obim_512_0_fifo,50542646,1,0
37478761108,obim_512_0_fifo,50542646,1,0
37754857262,obim_512_0_fifo,50542646,1,0
37462480272,obim_512_0_fifo,50542646,1,0
37392914060,obim_512_0_fifo,50542646,1,0
37876823342,obim_512_0_fifo,50542646,1,0
37433109190,obim_512_0_fifo,50542646,1,0
37415575992,obim_512_0_fifo,50542646,1,0
37419181256,obim_512_0_fifo,50542646,1,0
19902712870,obim_512_0_fifo,50542682,2,0
19963008126,obim_512_0_fifo,50542682,2,0
19881952892,obim_512_0_fifo,50542683,2,0
19911228826,obim_512_0_fifo,50542706,2,0
19908274658,obim_512_0_fifo,50542681,2,0
19967728226,obim_512_0_fifo,50542682,2,0
19937165720,obim_512_0_fifo,50542675,2,0
19918240886,obim_512_0_fifo,50542682,2,0
19897074054,obim_512_0_fifo,50542682,2,0
19944230200,obim_512_0_fifo,50542674,2,0
10262217896,obim_512_0_fifo,50542887,4,0
10263892938,obim_512_0_fifo,50542947,4,0
10260083426,obim_512_0_fifo,50543008,4,0
10251621674,obim_512_0_fifo,50543055,4,0
10259277920,obim_512_0_fifo,50542874,4,0
10255559528,obim_512_0_fifo,50543471,4,0
10262605534,obim_512_0_fifo,50542758,4,0
10302336682,obim_512_0_fifo,50543689,4,0
10245548774,obim_512_0_fifo,50542764,4,0
10262039262,obim_512_0_fifo,50542708,4,0
5376490406,obim_512_0_fifo,50542986,8,0
5380335732,obim_512_0_fifo,50543106,8,0
5379382876,obim_512_0_fifo,50542961,8,0
5406833440,obim_512_0_fifo,50542912,8,0
5381602578,obim_512_0_fifo,50544138,8,0
5392353076,obim_512_0_fifo,50542972,8,0
5374156974,obim_512_0_fifo,50543028,8,0
5376581248,obim_512_0_fifo,50543155,8,0
5378743252,obim_512_0_fifo,50543449,8,0
5372535446,obim_512_0_fifo,50542995,8,0
2995254312,obim_512_0_fifo,50544037,16,0
2995215710,obim_512_0_fifo,50544875,16,0
3003878680,obim_512_0_fifo,50543623,16,0
3004478828,obim_512_0_fifo,50543636,16,0
2999566428,obim_512_0_fifo,50543621,16,0
2994806520,obim_512_0_fifo,50543427,16,0
2992368964,obim_512_0_fifo,50543805,16,0
2996372330,obim_512_0_fifo,50543532,16,0
3000292926,obim_512_0_fifo,50543816,16,0
2997143934,obim_512_0_fifo,50543636,16,0
1640493246,obim_512_0_fifo,50552138,32,0
1630100798,obim_512_0_fifo,50556293,32,0
1631463138,obim_512_0_fifo,50552079,32,0
1636899302,obim_512_0_fifo,50552889,32,0
1628863314,obim_512_0_fifo,50557511,32,0
1625692840,obim_512_0_fifo,50554658,32,0
1613581348,obim_512_0_fifo,50548157,32,0
1631845024,obim_512_0_fifo,50555156,32,0
1622706066,obim_512_0_fifo,50560530,32,0
1646865090,obim_512_0_fifo,50555291,32,0
984713452,obim_512_0_fifo,50566591,64,0
984509660,obim_512_0_fifo,50580918,64,0
984437012,obim_512_0_fifo,50580772,64,0
975345156,obim_512_0_fifo,50578857,64,0
976398990,obim_512_0_fifo,50586191,64,0
976596224,obim_512_0_fifo,50568437,64,0
973404704,obim_512_0_fifo,50583553,64,0
977317210,obim_512_0_fifo,50602224,64,0
971286882,obim_512_0_fifo,50573957,64,0
978834068,obim_512_0_fifo,50576850,64,0
721003904,obim_512_0_fifo,50619610,128,0
722388372,obim_512_0_fifo,50681337,128,0
720017038,obim_512_0_fifo,50745948,128,0
723215486,obim_512_0_fifo,50734771,128,0
722374742,obim_512_0_fifo,50658269,128,0
717640178,obim_512_0_fifo,50680480,128,0
717402240,obim_512_0_fifo,50648284,128,0
721385854,obim_512_0_fifo,50654468,128,0
718651698,obim_512_0_fifo,50624998,128,0
715268484,obim_512_0_fifo,50612188,128,0
