3065269094,obim_32_14_fifo,7725006,1,14
3078318736,obim_32_14_fifo,7725006,1,14
3057678162,obim_32_14_fifo,7725006,1,14
3060290314,obim_32_14_fifo,7725006,1,14
3066763510,obim_32_14_fifo,7725006,1,14
3062597566,obim_32_14_fifo,7725006,1,14
3059836320,obim_32_14_fifo,7725006,1,14
3060565614,obim_32_14_fifo,7725006,1,14
3064896880,obim_32_14_fifo,7725006,1,14
3057288554,obim_32_14_fifo,7725006,1,14
2181083964,obim_32_14_fifo,7704751,2,14
2177686720,obim_32_14_fifo,7702618,2,14
2200310598,obim_32_14_fifo,7704263,2,14
2179186720,obim_32_14_fifo,7702509,2,14
2188860872,obim_32_14_fifo,7702371,2,14
2184838088,obim_32_14_fifo,7704219,2,14
2179974274,obim_32_14_fifo,7704378,2,14
2180685168,obim_32_14_fifo,7704323,2,14
2180298418,obim_32_14_fifo,7703687,2,14
2177762442,obim_32_14_fifo,7701298,2,14
1230430674,obim_32_14_fifo,7696181,4,14
1231607686,obim_32_14_fifo,7692601,4,14
1231357620,obim_32_14_fifo,7695791,4,14
1229214486,obim_32_14_fifo,7695239,4,14
1229466976,obim_32_14_fifo,7695970,4,14
1230972556,obim_32_14_fifo,7694620,4,14
1228827610,obim_32_14_fifo,7697573,4,14
1232432346,obim_32_14_fifo,7695618,4,14
1237150216,obim_32_14_fifo,7694085,4,14
1232867208,obim_32_14_fifo,7693217,4,14
669567226,obim_32_14_fifo,7723834,8,14
665189146,obim_32_14_fifo,7743970,8,14
667884676,obim_32_14_fifo,7741728,8,14
665197354,obim_32_14_fifo,7735529,8,14
665527990,obim_32_14_fifo,7740049,8,14
665960136,obim_32_14_fifo,7750458,8,14
665733476,obim_32_14_fifo,7736383,8,14
668037386,obim_32_14_fifo,7734695,8,14
668361154,obim_32_14_fifo,7734515,8,14
666060284,obim_32_14_fifo,7740830,8,14
382673292,obim_32_14_fifo,7966397,16,14
383255946,obim_32_14_fifo,7936393,16,14
383697232,obim_32_14_fifo,7983930,16,14
381608390,obim_32_14_fifo,7929288,16,14
382251664,obim_32_14_fifo,7960951,16,14
383221608,obim_32_14_fifo,7949616,16,14
382292178,obim_32_14_fifo,7951124,16,14
381547852,obim_32_14_fifo,7949348,16,14
382305396,obim_32_14_fifo,7940475,16,14
383173996,obim_32_14_fifo,7938453,16,14
326044216,obim_32_14_fifo,9213099,32,14
326511484,obim_32_14_fifo,9252672,32,14
327572212,obim_32_14_fifo,9298819,32,14
325798000,obim_32_14_fifo,9185756,32,14
328097826,obim_32_14_fifo,9309724,32,14
324791052,obim_32_14_fifo,9180496,32,14
325477464,obim_32_14_fifo,9191216,32,14
326834224,obim_32_14_fifo,9232307,32,14
328447566,obim_32_14_fifo,9253866,32,14
324627782,obim_32_14_fifo,9193185,32,14
295310508,obim_32_14_fifo,12903602,64,14
294376224,obim_32_14_fifo,12963669,64,14
293154572,obim_32_14_fifo,12965977,64,14
294143474,obim_32_14_fifo,12886655,64,14
293793726,obim_32_14_fifo,13075752,64,14
289255440,obim_32_14_fifo,12886311,64,14
297650364,obim_32_14_fifo,13065873,64,14
295665840,obim_32_14_fifo,13183792,64,14
289170108,obim_32_14_fifo,13027837,64,14
297152676,obim_32_14_fifo,12941475,64,14
277516916,obim_32_14_fifo,19872217,128,14
280352042,obim_32_14_fifo,20349292,128,14
277302106,obim_32_14_fifo,19900695,128,14
276638056,obim_32_14_fifo,19773001,128,14
282793128,obim_32_14_fifo,19711663,128,14
281783318,obim_32_14_fifo,19886942,128,14
282469986,obim_32_14_fifo,20143504,128,14
281970664,obim_32_14_fifo,20300735,128,14
285335440,obim_32_14_fifo,20040940,128,14
282939638,obim_32_14_fifo,20188521,128,14
