442500596,slsmqhm_1_1,8145088,128
443024360,slsmqhm_1_1,8138506,128
442310228,slsmqhm_1_1,8128874,128
443359050,slsmqhm_1_1,8133637,128
443185612,slsmqhm_1_1,8137656,128
486485662,slsmqhm_1_2,8203928,128
483205698,slsmqhm_1_2,8214183,128
483417992,slsmqhm_1_2,8216525,128
484051484,slsmqhm_1_2,8205918,128
484307470,slsmqhm_1_2,8210149,128
527903384,slsmqhm_1_4,8427611,128
526583494,slsmqhm_1_4,8432311,128
528528858,slsmqhm_1_4,8413950,128
523587060,slsmqhm_1_4,8406760,128
524641236,slsmqhm_1_4,8422383,128
584025948,slsmqhm_1_8,9244188,128
589859148,slsmqhm_1_8,9212250,128
580435604,slsmqhm_1_8,9230431,128
586009398,slsmqhm_1_8,9240327,128
585995842,slsmqhm_1_8,9252859,128
712942902,slsmqhm_1_16,11732204,128
712485430,slsmqhm_1_16,11805333,128
708884244,slsmqhm_1_16,11726426,128
720502116,slsmqhm_1_16,11782271,128
709857656,slsmqhm_1_16,11792520,128
942178088,slsmqhm_1_32,16691814,128
942559820,slsmqhm_1_32,16627966,128
948343276,slsmqhm_1_32,16622100,128
940530188,slsmqhm_1_32,16616036,128
938272052,slsmqhm_1_32,16646934,128
1248632826,slsmqhm_1_64,24204576,128
1257234888,slsmqhm_1_64,23969673,128
1261197588,slsmqhm_1_64,24154365,128
1238171540,slsmqhm_1_64,24075303,128
1257676892,slsmqhm_1_64,23979314,128
1718028046,slsmqhm_1_128,34602566,128
1717156696,slsmqhm_1_128,34473149,128
1707883864,slsmqhm_1_128,34350950,128
1725056586,slsmqhm_1_128,34797565,128
1706414666,slsmqhm_1_128,34494388,128
5764658000,slsmqhm_1_256,44484481,128
5785259556,slsmqhm_1_256,44565736,128
5772086372,slsmqhm_1_256,45528702,128
5792940468,slsmqhm_1_256,43986555,128
5779799422,slsmqhm_1_256,45839613,128
5788733434,slsmqhm_1_512,63042448,128
5767958486,slsmqhm_1_512,55535995,128
5791552792,slsmqhm_1_512,60388582,128
5783764018,slsmqhm_1_512,58035489,128
5786044792,slsmqhm_1_512,59361306,128
5856888150,slsmqhm_1_1024,64391127,128
6085706562,slsmqhm_1_1024,69269619,128
6224751182,slsmqhm_1_1024,71612940,128
6151455510,slsmqhm_1_1024,71291364,128
5869980048,slsmqhm_1_1024,65258038,128
328156420,slsmqhm_2_1,8592434,128
329584000,slsmqhm_2_1,8612866,128
329539906,slsmqhm_2_1,8619808,128
330296502,slsmqhm_2_1,8618877,128
330780048,slsmqhm_2_1,8594469,128
377626860,slsmqhm_2_2,8494961,128
375723110,slsmqhm_2_2,8521374,128
376731480,slsmqhm_2_2,8502010,128
374901600,slsmqhm_2_2,8522271,128
375988710,slsmqhm_2_2,8503047,128
440491904,slsmqhm_2_4,8722874,128
441731210,slsmqhm_2_4,8691406,128
441702840,slsmqhm_2_4,8714935,128
445345074,slsmqhm_2_4,8700461,128
437816178,slsmqhm_2_4,8704950,128
520264716,slsmqhm_2_8,9388505,128
520507864,slsmqhm_2_8,9438206,128
517165984,slsmqhm_2_8,9430077,128
519147724,slsmqhm_2_8,9447401,128
513278816,slsmqhm_2_8,9400328,128
646648250,slsmqhm_2_16,11541130,128
639092726,slsmqhm_2_16,11536723,128
643612308,slsmqhm_2_16,11514650,128
638218528,slsmqhm_2_16,11529878,128
645783880,slsmqhm_2_16,11541403,128
855482506,slsmqhm_2_32,15779436,128
858307368,slsmqhm_2_32,15730827,128
850119970,slsmqhm_2_32,15807490,128
857240162,slsmqhm_2_32,15665813,128
852373180,slsmqhm_2_32,15681521,128
1137612248,slsmqhm_2_64,22153327,128
1141456876,slsmqhm_2_64,22368909,128
1133415936,slsmqhm_2_64,22095261,128
1145538992,slsmqhm_2_64,22317875,128
1139630354,slsmqhm_2_64,22357455,128
1516747198,slsmqhm_2_128,31435104,128
1530924674,slsmqhm_2_128,32136583,128
1507045192,slsmqhm_2_128,31254645,128
1549145762,slsmqhm_2_128,31645350,128
1505550144,slsmqhm_2_128,31631272,128
5832763138,slsmqhm_2_256,41865410,128
5781309440,slsmqhm_2_256,42923089,128
5778095516,slsmqhm_2_256,42002311,128
5770256206,slsmqhm_2_256,41530164,128
5774017232,slsmqhm_2_256,42045179,128
5736370766,slsmqhm_2_512,54594026,128
5778239368,slsmqhm_2_512,51547523,128
5763296094,slsmqhm_2_512,52461949,128
5775089294,slsmqhm_2_512,52197513,128
5770747200,slsmqhm_2_512,53888203,128
5786338352,slsmqhm_2_1024,63602952,128
5792587246,slsmqhm_2_1024,61601513,128
5762850856,slsmqhm_2_1024,54822629,128
5737085416,slsmqhm_2_1024,53951723,128
5746609006,slsmqhm_2_1024,60904640,128
280296472,slsmqhm_4_1,9748752,128
281511610,slsmqhm_4_1,9746867,128
282229952,slsmqhm_4_1,9772321,128
282087094,slsmqhm_4_1,9791372,128
280460830,slsmqhm_4_1,9723572,128
306889208,slsmqhm_4_2,9164109,128
307165396,slsmqhm_4_2,9151405,128
309255490,slsmqhm_4_2,9184340,128
311001780,slsmqhm_4_2,9166119,128
306891368,slsmqhm_4_2,9171283,128
367865044,slsmqhm_4_4,9204437,128
368368992,slsmqhm_4_4,9213079,128
370790490,slsmqhm_4_4,9212560,128
368843136,slsmqhm_4_4,9219083,128
369326916,slsmqhm_4_4,9239083,128
461546494,slsmqhm_4_8,9936217,128
455124426,slsmqhm_4_8,9933903,128
456170092,slsmqhm_4_8,9894371,128
447555862,slsmqhm_4_8,9906781,128
453472476,slsmqhm_4_8,9911438,128
575231328,slsmqhm_4_16,11778220,128
579112712,slsmqhm_4_16,11835483,128
580044640,slsmqhm_4_16,11835539,128
581322922,slsmqhm_4_16,11862873,128
578115878,slsmqhm_4_16,11850796,128
770557566,slsmqhm_4_32,15524163,128
782067188,slsmqhm_4_32,15535787,128
781746706,slsmqhm_4_32,15426518,128
787239338,slsmqhm_4_32,15533042,128
768891472,slsmqhm_4_32,15342409,128
1062596000,slsmqhm_4_64,21570744,128
1045617148,slsmqhm_4_64,21151052,128
1053654750,slsmqhm_4_64,21475971,128
1041780792,slsmqhm_4_64,21370680,128
1040290766,slsmqhm_4_64,21310014,128
1363425434,slsmqhm_4_128,29013433,128
1364082070,slsmqhm_4_128,28909658,128
1361329186,slsmqhm_4_128,28882312,128
1352612612,slsmqhm_4_128,28579119,128
1358794776,slsmqhm_4_128,28772395,128
2261417376,slsmqhm_4_256,37506793,128
2063611796,slsmqhm_4_256,37126516,128
1670633010,slsmqhm_4_256,36553968,128
1844573374,slsmqhm_4_256,36870839,128
2103226398,slsmqhm_4_256,37189445,128
5708239168,slsmqhm_4_512,46429948,128
5724486662,slsmqhm_4_512,44867462,128
5717100902,slsmqhm_4_512,45332972,128
5744758486,slsmqhm_4_512,44476355,128
5708246076,slsmqhm_4_512,45736204,128
5728015026,slsmqhm_4_1024,49981112,128
5702250198,slsmqhm_4_1024,48048929,128
5730601720,slsmqhm_4_1024,48159988,128
5713594442,slsmqhm_4_1024,49423353,128
5706420730,slsmqhm_4_1024,49092410,128
279304134,slsmqhm_8_1,11855599,128
279849688,slsmqhm_8_1,11954375,128
278906486,slsmqhm_8_1,11942108,128
281718330,slsmqhm_8_1,11942103,128
280930268,slsmqhm_8_1,11932393,128
279708122,slsmqhm_8_2,10477659,128
278602132,slsmqhm_8_2,10431864,128
280034518,slsmqhm_8_2,10416501,128
276704852,slsmqhm_8_2,10369710,128
280062714,slsmqhm_8_2,10466776,128
318079470,slsmqhm_8_4,10103135,128
315781104,slsmqhm_8_4,10070062,128
319605406,slsmqhm_8_4,10104747,128
317484776,slsmqhm_8_4,10113697,128
318438344,slsmqhm_8_4,10139147,128
401623728,slsmqhm_8_8,10752040,128
400859196,slsmqhm_8_8,10773345,128
398442314,slsmqhm_8_8,10744983,128
396549808,slsmqhm_8_8,10714286,128
399065180,slsmqhm_8_8,10720033,128
521485216,slsmqhm_8_16,12603137,128
522342058,slsmqhm_8_16,12593662,128
526718944,slsmqhm_8_16,12550706,128
524051382,slsmqhm_8_16,12620158,128
524973238,slsmqhm_8_16,12625093,128
715782168,slsmqhm_8_32,16180426,128
710976996,slsmqhm_8_32,15980171,128
709143724,slsmqhm_8_32,16035972,128
708948592,slsmqhm_8_32,16005855,128
725047064,slsmqhm_8_32,16055497,128
970648796,slsmqhm_8_64,21315799,128
976534776,slsmqhm_8_64,21427233,128
956804780,slsmqhm_8_64,21054886,128
981978034,slsmqhm_8_64,21392848,128
973639894,slsmqhm_8_64,21407720,128
1261736092,slsmqhm_8_128,27984626,128
1266456956,slsmqhm_8_128,28010764,128
1280032346,slsmqhm_8_128,28281021,128
1278023286,slsmqhm_8_128,27956385,128
1279751152,slsmqhm_8_128,28403752,128
1595121522,slsmqhm_8_256,34733660,128
1607586510,slsmqhm_8_256,34829622,128
3822988062,slsmqhm_8_256,34045048,128
1617897560,slsmqhm_8_256,34556091,128
1576398820,slsmqhm_8_256,35378594,128
5698889598,slsmqhm_8_512,40470965,128
5701740128,slsmqhm_8_512,42514648,128
5695337618,slsmqhm_8_512,41455296,128
5698293718,slsmqhm_8_512,44076222,128
5720499308,slsmqhm_8_512,43699653,128
5678947394,slsmqhm_8_1024,43721644,128
5672424992,slsmqhm_8_1024,46011087,128
5672767524,slsmqhm_8_1024,43154690,128
5671536650,slsmqhm_8_1024,41970449,128
5678175884,slsmqhm_8_1024,44124945,128
310836806,slsmqhm_16_1,15559776,128
309868386,slsmqhm_16_1,15395194,128
309989242,slsmqhm_16_1,15475431,128
315782474,slsmqhm_16_1,15654657,128
310466792,slsmqhm_16_1,15495970,128
288528862,slsmqhm_16_2,12695416,128
283794830,slsmqhm_16_2,12622687,128
280084478,slsmqhm_16_2,12610752,128
282143910,slsmqhm_16_2,12562347,128
281847220,slsmqhm_16_2,12565147,128
295364950,slsmqhm_16_4,11548309,128
299966728,slsmqhm_16_4,11581772,128
294857554,slsmqhm_16_4,11441002,128
296061630,slsmqhm_16_4,11477009,128
295690300,slsmqhm_16_4,11495501,128
359774478,slsmqhm_16_8,11917757,128
353590710,slsmqhm_16_8,11858610,128
358010210,slsmqhm_16_8,11919584,128
355552064,slsmqhm_16_8,11828660,128
355271948,slsmqhm_16_8,11924086,128
473243738,slsmqhm_16_16,13685657,128
470153532,slsmqhm_16_16,13771548,128
472440672,slsmqhm_16_16,13769859,128
472564590,slsmqhm_16_16,13786158,128
473220008,slsmqhm_16_16,13781483,128
666850088,slsmqhm_16_32,17433422,128
659192962,slsmqhm_16_32,17259937,128
665970610,slsmqhm_16_32,17292914,128
664662490,slsmqhm_16_32,17261350,128
670903430,slsmqhm_16_32,17417074,128
915990512,slsmqhm_16_64,22490063,128
911332138,slsmqhm_16_64,22412800,128
917280894,slsmqhm_16_64,22623451,128
931064178,slsmqhm_16_64,22493415,128
925669382,slsmqhm_16_64,22647378,128
1185037100,slsmqhm_16_128,28747421,128
1184984756,slsmqhm_16_128,28513678,128
1218028368,slsmqhm_16_128,29241657,128
1202130256,slsmqhm_16_128,28912630,128
1192494400,slsmqhm_16_128,28371375,128
1533104304,slsmqhm_16_256,34728201,128
1511781152,slsmqhm_16_256,35335395,128
2587372908,slsmqhm_16_256,36077675,128
1502319750,slsmqhm_16_256,34449232,128
1523246926,slsmqhm_16_256,34405660,128
4160534506,slsmqhm_16_512,38828525,128
5649981214,slsmqhm_16_512,39523700,128
5634643496,slsmqhm_16_512,40466701,128
5621516858,slsmqhm_16_512,41055300,128
5623083540,slsmqhm_16_512,39503385,128
5617417072,slsmqhm_16_1024,43848036,128
5326513714,slsmqhm_16_1024,39191583,128
5618568114,slsmqhm_16_1024,40200521,128
5612344762,slsmqhm_16_1024,41807055,128
5610406176,slsmqhm_16_1024,42938039,128
368762990,slsmqhm_32_1,20482359,128
364268450,slsmqhm_32_1,20521367,128
372789862,slsmqhm_32_1,20757788,128
365152872,slsmqhm_32_1,20488854,128
368794128,slsmqhm_32_1,20718380,128
316045226,slsmqhm_32_2,16101063,128
313592054,slsmqhm_32_2,15907001,128
315705520,slsmqhm_32_2,16036256,128
319520066,slsmqhm_32_2,16306767,128
311330940,slsmqhm_32_2,16035387,128
298687254,slsmqhm_32_4,13739005,128
298090984,slsmqhm_32_4,13715933,128
296641256,slsmqhm_32_4,13672806,128
295626502,slsmqhm_32_4,13695049,128
299544132,slsmqhm_32_4,13772585,128
331267244,slsmqhm_32_8,13629777,128
331455624,slsmqhm_32_8,13556748,128
329155134,slsmqhm_32_8,13520742,128
331555670,slsmqhm_32_8,13495778,128
326194450,slsmqhm_32_8,13446563,128
427282082,slsmqhm_32_16,15203083,128
427975300,slsmqhm_32_16,15352033,128
429615774,slsmqhm_32_16,15340432,128
430239142,slsmqhm_32_16,15391696,128
430280790,slsmqhm_32_16,15321629,128
613895332,slsmqhm_32_32,18857970,128
602269110,slsmqhm_32_32,19038725,128
602013090,slsmqhm_32_32,18955285,128
613679700,slsmqhm_32_32,19076083,128
605578980,slsmqhm_32_32,19108596,128
874510038,slsmqhm_32_64,24678182,128
854028032,slsmqhm_32_64,24281983,128
869205630,slsmqhm_32_64,24676509,128
858728410,slsmqhm_32_64,24282404,128
866775894,slsmqhm_32_64,24567667,128
1152456524,slsmqhm_32_128,30815941,128
1168749222,slsmqhm_32_128,30868334,128
1155805100,slsmqhm_32_128,30712222,128
1180919906,slsmqhm_32_128,31235536,128
1324036936,slsmqhm_32_128,31345322,128
4679478672,slsmqhm_32_256,38947865,128
2072350162,slsmqhm_32_256,37843438,128
2120372332,slsmqhm_32_256,37592370,128
1973969914,slsmqhm_32_256,37759057,128
4326482686,slsmqhm_32_256,38466255,128
5575817548,slsmqhm_32_512,43281370,128
5560703068,slsmqhm_32_512,45698991,128
5546526110,slsmqhm_32_512,42547531,128
5562838770,slsmqhm_32_512,40882526,128
5564071426,slsmqhm_32_512,42347048,128
5572359412,slsmqhm_32_1024,46374614,128
5562710024,slsmqhm_32_1024,46795597,128
5537240074,slsmqhm_32_1024,42871655,128
5538052450,slsmqhm_32_1024,42887941,128
5563197138,slsmqhm_32_1024,45211493,128
454254372,slsmqhm_64_1,27171012,128
455924966,slsmqhm_64_1,27343854,128
450256162,slsmqhm_64_1,27329159,128
463783218,slsmqhm_64_1,27804361,128
460481418,slsmqhm_64_1,27953364,128
368363424,slsmqhm_64_2,21065388,128
373616180,slsmqhm_64_2,21171959,128
380671336,slsmqhm_64_2,21474677,128
378512058,slsmqhm_64_2,21350782,128
371101054,slsmqhm_64_2,20955797,128
328197926,slsmqhm_64_4,16954276,128
325056812,slsmqhm_64_4,16881735,128
325522628,slsmqhm_64_4,17035123,128
333300144,slsmqhm_64_4,17293695,128
323332904,slsmqhm_64_4,16754633,128
327489562,slsmqhm_64_8,15668017,128
329135256,slsmqhm_64_8,15685173,128
329990208,slsmqhm_64_8,15838641,128
331551090,slsmqhm_64_8,15701697,128
332032058,slsmqhm_64_8,15688017,128
400653084,slsmqhm_64_16,17094088,128
403159560,slsmqhm_64_16,17169912,128
396216494,slsmqhm_64_16,16996873,128
394360034,slsmqhm_64_16,17212953,128
404454962,slsmqhm_64_16,17283843,128
552915146,slsmqhm_64_32,21205328,128
554700232,slsmqhm_64_32,21348380,128
562198420,slsmqhm_64_32,21131212,128
554508388,slsmqhm_64_32,21128424,128
559454768,slsmqhm_64_32,21303516,128
789500406,slsmqhm_64_64,26722616,128
794486378,slsmqhm_64_64,26902456,128
796782662,slsmqhm_64_64,26885796,128
801362168,slsmqhm_64_64,27068503,128
790004074,slsmqhm_64_64,26808966,128
1226364026,slsmqhm_64_128,33981096,128
1208019940,slsmqhm_64_128,33712823,128
1693972558,slsmqhm_64_128,33944250,128
1153789588,slsmqhm_64_128,33552091,128
1227766804,slsmqhm_64_128,34658347,128
5420286430,slsmqhm_64_256,40709223,128
5421465344,slsmqhm_64_256,40729140,128
5410286236,slsmqhm_64_256,40798210,128
5433043778,slsmqhm_64_256,40765591,128
5416715466,slsmqhm_64_256,40787640,128
5462002068,slsmqhm_64_512,45813044,128
5463297704,slsmqhm_64_512,46606311,128
5446765364,slsmqhm_64_512,44817216,128
5462411932,slsmqhm_64_512,44653886,128
5510241898,slsmqhm_64_512,47057128,128
5490403030,slsmqhm_64_1024,48521083,128
5557793114,slsmqhm_64_1024,56850337,128
5539050580,slsmqhm_64_1024,56232750,128
5470904708,slsmqhm_64_1024,45128163,128
5467450132,slsmqhm_64_1024,48947030,128
662791516,slsmqhm_128_1,35348468,128
655644208,slsmqhm_128_1,35212083,128
649163492,slsmqhm_128_1,35713450,128
651163748,slsmqhm_128_1,35011381,128
652938088,slsmqhm_128_1,35910492,128
575244946,slsmqhm_128_2,28389650,128
460989018,slsmqhm_128_2,27897433,128
454279386,slsmqhm_128_2,27545359,128
464023590,slsmqhm_128_2,28509321,128
455906674,slsmqhm_128_2,27521663,128
386157086,slsmqhm_128_4,22055820,128
374513180,slsmqhm_128_4,21503436,128
381212644,slsmqhm_128_4,21658164,128
381119308,slsmqhm_128_4,21732723,128
383740958,slsmqhm_128_4,22069482,128
346623314,slsmqhm_128_8,18415699,128
353852590,slsmqhm_128_8,18922558,128
356796170,slsmqhm_128_8,18986613,128
349985988,slsmqhm_128_8,18779245,128
353716430,slsmqhm_128_8,18932260,128
383013824,slsmqhm_128_16,19152752,128
388159472,slsmqhm_128_16,19391225,128
389667344,slsmqhm_128_16,19451212,128
386503714,slsmqhm_128_16,18980960,128
389046284,slsmqhm_128_16,19450588,128
512982756,slsmqhm_128_32,23487240,128
514898578,slsmqhm_128_32,23393866,128
509094228,slsmqhm_128_32,23281236,128
518243022,slsmqhm_128_32,23373520,128
506292524,slsmqhm_128_32,23185250,128
732257396,slsmqhm_128_64,30110033,128
892243246,slsmqhm_128_64,30185071,128
821236618,slsmqhm_128_64,30531720,128
746554966,slsmqhm_128_64,29977071,128
749405348,slsmqhm_128_64,30167319,128
2801751918,slsmqhm_128_128,38285277,128
2261827170,slsmqhm_128_128,38101521,128
1505461956,slsmqhm_128_128,37695050,128
1938796650,slsmqhm_128_128,37885974,128
1569046610,slsmqhm_128_128,37680477,128
5244149296,slsmqhm_128_256,42296951,128
5285560554,slsmqhm_128_256,42383835,128
5262781588,slsmqhm_128_256,43146260,128
5299046722,slsmqhm_128_256,43036191,128
5290175794,slsmqhm_128_256,45328490,128
5387451644,slsmqhm_128_512,51488783,128
5394429642,slsmqhm_128_512,48900441,128
5372162652,slsmqhm_128_512,51148377,128
5385351430,slsmqhm_128_512,51294654,128
5377315432,slsmqhm_128_512,49629004,128
5409091416,slsmqhm_128_1024,53947866,128
5429188010,slsmqhm_128_1024,53732275,128
5538683082,slsmqhm_128_1024,59599971,128
5440732974,slsmqhm_128_1024,59939388,128
5453682420,slsmqhm_128_1024,55107664,128
4728051942,slsmqhm_256_1,42015545,128
4699485878,slsmqhm_256_1,42713731,128
4698427192,slsmqhm_256_1,46044841,128
4699844584,slsmqhm_256_1,41011767,128
4698193538,slsmqhm_256_1,43470025,128
652572582,slsmqhm_256_2,35522721,128
651002434,slsmqhm_256_2,36011784,128
623425256,slsmqhm_256_2,35743976,128
653796464,slsmqhm_256_2,37050238,128
666497694,slsmqhm_256_2,36535132,128
445544676,slsmqhm_256_4,27609344,128
450291022,slsmqhm_256_4,27684554,128
603819282,slsmqhm_256_4,28075257,128
492770622,slsmqhm_256_4,27857958,128
450196810,slsmqhm_256_4,27585603,128
402377146,slsmqhm_256_8,23256645,128
394357738,slsmqhm_256_8,23294042,128
395451086,slsmqhm_256_8,23094528,128
390878214,slsmqhm_256_8,22810122,128
406665590,slsmqhm_256_8,23779099,128
396236694,slsmqhm_256_16,21960222,128
401779342,slsmqhm_256_16,22159373,128
407193862,slsmqhm_256_16,22566764,128
399144918,slsmqhm_256_16,22194821,128
401365756,slsmqhm_256_16,22295229,128
497162408,slsmqhm_256_32,25840276,128
497767894,slsmqhm_256_32,26098935,128
483144838,slsmqhm_256_32,25278209,128
493534424,slsmqhm_256_32,26013076,128
494095440,slsmqhm_256_32,25699180,128
817081630,slsmqhm_256_64,33447198,128
792440834,slsmqhm_256_64,33901066,128
821183128,slsmqhm_256_64,33444949,128
774656426,slsmqhm_256_64,32495094,128
695542166,slsmqhm_256_64,33458428,128
4986071930,slsmqhm_256_128,40320827,128
4997430946,slsmqhm_256_128,40701964,128
5012751410,slsmqhm_256_128,39930623,128
4999708166,slsmqhm_256_128,41169439,128
4985947780,slsmqhm_256_128,40216560,128
5127677952,slsmqhm_256_256,47102921,128
5121623904,slsmqhm_256_256,45086477,128
5122700828,slsmqhm_256_256,45330767,128
5115609558,slsmqhm_256_256,44621508,128
5133187754,slsmqhm_256_256,44694458,128
5274392206,slsmqhm_256_512,51321646,128
5241148618,slsmqhm_256_512,52626617,128
5232377880,slsmqhm_256_512,52264444,128
5234632198,slsmqhm_256_512,50957123,128
5232434828,slsmqhm_256_512,54319239,128
5273704620,slsmqhm_256_1024,52643830,128
5448825260,slsmqhm_256_1024,59157269,128
5357261678,slsmqhm_256_1024,56912462,128
5534241168,slsmqhm_256_1024,61668931,128
5466126762,slsmqhm_256_1024,60028268,128
4722845792,slsmqhm_512_1,49573355,128
4774832822,slsmqhm_512_1,52011208,128
4928187216,slsmqhm_512_1,55296361,128
4985225856,slsmqhm_512_1,55505360,128
4872162604,slsmqhm_512_1,54896103,128
4709992710,slsmqhm_512_2,42117670,128
4705045866,slsmqhm_512_2,42799327,128
4707442594,slsmqhm_512_2,40953133,128
4706913354,slsmqhm_512_2,44656510,128
4702792504,slsmqhm_512_2,42616870,128
652102330,slsmqhm_512_4,37517864,128
658193092,slsmqhm_512_4,37431043,128
646696014,slsmqhm_512_4,35933531,128
763722500,slsmqhm_512_4,37555826,128
655250860,slsmqhm_512_4,36412512,128
481551952,slsmqhm_512_8,29980739,128
486677770,slsmqhm_512_8,29982585,128
468021304,slsmqhm_512_8,29038642,128
536392920,slsmqhm_512_8,28841237,128
477315270,slsmqhm_512_8,29630326,128
449255368,slsmqhm_512_16,26800779,128
441610022,slsmqhm_512_16,26290209,128
426111868,slsmqhm_512_16,25468769,128
440789962,slsmqhm_512_16,25835250,128
449264226,slsmqhm_512_16,26631315,128
493342548,slsmqhm_512_32,28193928,128
559591876,slsmqhm_512_32,28344622,128
485900308,slsmqhm_512_32,27733059,128
531866698,slsmqhm_512_32,28660286,128
494369736,slsmqhm_512_32,28290488,128
760712072,slsmqhm_512_64,36062920,128
744721522,slsmqhm_512_64,36221618,128
746578288,slsmqhm_512_64,36436507,128
844489188,slsmqhm_512_64,35575081,128
738682200,slsmqhm_512_64,35537849,128
4901098360,slsmqhm_512_128,41173192,128
4895709936,slsmqhm_512_128,42488610,128
4898574926,slsmqhm_512_128,42251873,128
4886326946,slsmqhm_512_128,42769488,128
4901579412,slsmqhm_512_128,41582342,128
4979222182,slsmqhm_512_256,47579770,128
4993594152,slsmqhm_512_256,46962352,128
5001031936,slsmqhm_512_256,46166579,128
4993838098,slsmqhm_512_256,47667559,128
5001819276,slsmqhm_512_256,46434592,128
5243964420,slsmqhm_512_512,55304591,128
5150693692,slsmqhm_512_512,55367838,128
5237922608,slsmqhm_512_512,56677476,128
5079656514,slsmqhm_512_512,52126283,128
5141497764,slsmqhm_512_512,54678072,128
5497493320,slsmqhm_512_1024,62982660,128
5545925478,slsmqhm_512_1024,62961322,128
5536531868,slsmqhm_512_1024,63321535,128
5723823520,slsmqhm_512_1024,70100507,128
5392737030,slsmqhm_512_1024,62005655,128
5132944822,slsmqhm_1024_1,59572219,128
5060845444,slsmqhm_1024_1,59006183,128
5492771716,slsmqhm_1024_1,67562277,128
4684997050,slsmqhm_1024_1,51492826,128
4938636006,slsmqhm_1024_1,57546043,128
4796557390,slsmqhm_1024_2,52375811,128
4700094718,slsmqhm_1024_2,48904836,128
4736006512,slsmqhm_1024_2,49821954,128
4857014622,slsmqhm_1024_2,53753262,128
4874747076,slsmqhm_1024_2,53506583,128
4718796170,slsmqhm_1024_4,43724075,128
4703222966,slsmqhm_1024_4,42513315,128
4721182376,slsmqhm_1024_4,42941783,128
4712829474,slsmqhm_1024_4,43167529,128
4707626294,slsmqhm_1024_4,43899882,128
646595570,slsmqhm_1024_8,36624084,128
1022299020,slsmqhm_1024_8,38070079,128
714238304,slsmqhm_1024_8,37244617,128
652578432,slsmqhm_1024_8,35939936,128
660828712,slsmqhm_1024_8,36687264,128
501757178,slsmqhm_1024_16,31927218,128
532659072,slsmqhm_1024_16,31457807,128
495558002,slsmqhm_1024_16,31193640,128
569993532,slsmqhm_1024_16,31457870,128
612435800,slsmqhm_1024_16,32848502,128
736749646,slsmqhm_1024_32,32402121,128
581307120,slsmqhm_1024_32,31284604,128
516024910,slsmqhm_1024_32,31559469,128
655323904,slsmqhm_1024_32,31382835,128
506655492,slsmqhm_1024_32,31259666,128
870189830,slsmqhm_1024_64,37437302,128
4211239664,slsmqhm_1024_64,38846131,128
2856586918,slsmqhm_1024_64,38582862,128
2456904710,slsmqhm_1024_64,38572820,128
2191567262,slsmqhm_1024_64,38057474,128
4792700566,slsmqhm_1024_128,42814144,128
4823540394,slsmqhm_1024_128,42883633,128
4807656072,slsmqhm_1024_128,42446619,128
4805314638,slsmqhm_1024_128,42666804,128
4796577022,slsmqhm_1024_128,43112165,128
4865136444,slsmqhm_1024_256,51671523,128
4865052934,slsmqhm_1024_256,49971793,128
4887870484,slsmqhm_1024_256,49365126,128
4903011042,slsmqhm_1024_256,48641834,128
4896305522,slsmqhm_1024_256,49689475,128
5216727406,slsmqhm_1024_512,58567294,128
5331271282,slsmqhm_1024_512,61768775,128
5240308332,slsmqhm_1024_512,60407442,128
5206842084,slsmqhm_1024_512,58387979,128
5119728876,slsmqhm_1024_512,56850269,128
5574556522,slsmqhm_1024_1024,67325034,128
5624743690,slsmqhm_1024_1024,66362064,128
5614935920,slsmqhm_1024_1024,68624675,128
5442733694,slsmqhm_1024_1024,63567322,128
5593501262,slsmqhm_1024_1024,67492532,128
