233211250,slsmqhm_1_1,6285054,128
233730244,slsmqhm_1_1,6284992,128
233663644,slsmqhm_1_1,6284930,128
233423038,slsmqhm_1_1,6284551,128
233243744,slsmqhm_1_1,6284940,128
252861856,slsmqhm_1_2,6289440,128
254207234,slsmqhm_1_2,6285887,128
255013118,slsmqhm_1_2,6286590,128
254361206,slsmqhm_1_2,6287561,128
254847818,slsmqhm_1_2,6289002,128
299980996,slsmqhm_1_4,6303222,128
297746336,slsmqhm_1_4,6300605,128
297877418,slsmqhm_1_4,6298797,128
298815116,slsmqhm_1_4,6297489,128
299749002,slsmqhm_1_4,6301527,128
349109146,slsmqhm_1_8,6322728,128
349096746,slsmqhm_1_8,6321321,128
349596452,slsmqhm_1_8,6321587,128
348631400,slsmqhm_1_8,6322549,128
347812804,slsmqhm_1_8,6323276,128
376414534,slsmqhm_1_16,6358889,128
376428952,slsmqhm_1_16,6357736,128
376116478,slsmqhm_1_16,6358479,128
375871684,slsmqhm_1_16,6361076,128
375767628,slsmqhm_1_16,6360054,128
386037600,slsmqhm_1_32,6398772,128
385841692,slsmqhm_1_32,6395817,128
383647564,slsmqhm_1_32,6395049,128
386143368,slsmqhm_1_32,6400413,128
385606414,slsmqhm_1_32,6395801,128
387457590,slsmqhm_1_64,6421959,128
387981702,slsmqhm_1_64,6421677,128
386611118,slsmqhm_1_64,6416664,128
386442582,slsmqhm_1_64,6418300,128
389835798,slsmqhm_1_64,6421702,128
387334170,slsmqhm_1_128,6431052,128
386430844,slsmqhm_1_128,6422688,128
389417610,slsmqhm_1_128,6426797,128
387185538,slsmqhm_1_128,6423782,128
387517244,slsmqhm_1_128,6423511,128
386702022,slsmqhm_1_256,6426479,128
386545978,slsmqhm_1_256,6428292,128
388972048,slsmqhm_1_256,6427639,128
387769398,slsmqhm_1_256,6427747,128
387461066,slsmqhm_1_256,6426611,128
387769114,slsmqhm_1_512,6425440,128
386053896,slsmqhm_1_512,6423736,128
387163250,slsmqhm_1_512,6424762,128
387232372,slsmqhm_1_512,6426281,128
386736514,slsmqhm_1_512,6425786,128
389831678,slsmqhm_1_1024,6424886,128
387091546,slsmqhm_1_1024,6434854,128
388243670,slsmqhm_1_1024,6423406,128
388861750,slsmqhm_1_1024,6426296,128
388478718,slsmqhm_1_1024,6425411,128
189340248,slsmqhm_2_1,6327357,128
190032948,slsmqhm_2_1,6328123,128
190264814,slsmqhm_2_1,6329382,128
190081328,slsmqhm_2_1,6328051,128
189535350,slsmqhm_2_1,6325997,128
207085148,slsmqhm_2_2,6316148,128
208614904,slsmqhm_2_2,6315164,128
208882174,slsmqhm_2_2,6316026,128
207385258,slsmqhm_2_2,6316419,128
207838444,slsmqhm_2_2,6317031,128
244517916,slsmqhm_2_4,6333537,128
245654526,slsmqhm_2_4,6332577,128
244686090,slsmqhm_2_4,6332673,128
244870630,slsmqhm_2_4,6333078,128
244876952,slsmqhm_2_4,6333745,128
293779446,slsmqhm_2_8,6371284,128
294869796,slsmqhm_2_8,6367814,128
294949236,slsmqhm_2_8,6373103,128
294857518,slsmqhm_2_8,6376522,128
293740004,slsmqhm_2_8,6376793,128
332992116,slsmqhm_2_16,6429711,128
332059932,slsmqhm_2_16,6438599,128
330494802,slsmqhm_2_16,6435278,128
330161296,slsmqhm_2_16,6435583,128
330295606,slsmqhm_2_16,6431154,128
351125530,slsmqhm_2_32,6512612,128
351113568,slsmqhm_2_32,6510527,128
349920114,slsmqhm_2_32,6509792,128
350379642,slsmqhm_2_32,6506625,128
348412938,slsmqhm_2_32,6505581,128
356354774,slsmqhm_2_64,6565712,128
355656540,slsmqhm_2_64,6572654,128
356540290,slsmqhm_2_64,6558663,128
355244506,slsmqhm_2_64,6563965,128
357159584,slsmqhm_2_64,6558315,128
356690062,slsmqhm_2_128,6575596,128
355493174,slsmqhm_2_128,6568280,128
356702052,slsmqhm_2_128,6575078,128
356199318,slsmqhm_2_128,6575276,128
356283808,slsmqhm_2_128,6571419,128
356186282,slsmqhm_2_256,6574131,128
356817100,slsmqhm_2_256,6577093,128
356430858,slsmqhm_2_256,6578431,128
357983394,slsmqhm_2_256,6569405,128
356283442,slsmqhm_2_256,6576843,128
356180050,slsmqhm_2_512,6574104,128
356453184,slsmqhm_2_512,6573931,128
355299696,slsmqhm_2_512,6567689,128
356392760,slsmqhm_2_512,6570740,128
355112532,slsmqhm_2_512,6573118,128
355758780,slsmqhm_2_1024,6573359,128
356383180,slsmqhm_2_1024,6572563,128
354969082,slsmqhm_2_1024,6568635,128
357368142,slsmqhm_2_1024,6576753,128
355241870,slsmqhm_2_1024,6567922,128
162294452,slsmqhm_4_1,6515388,128
163585332,slsmqhm_4_1,6500667,128
163126886,slsmqhm_4_1,6505607,128
162326180,slsmqhm_4_1,6510453,128
163994116,slsmqhm_4_1,6502410,128
175944496,slsmqhm_4_2,6392651,128
169781584,slsmqhm_4_2,6395656,128
175178262,slsmqhm_4_2,6397720,128
176791668,slsmqhm_4_2,6390563,128
176662166,slsmqhm_4_2,6397857,128
204885496,slsmqhm_4_4,6397550,128
205424018,slsmqhm_4_4,6396748,128
205913302,slsmqhm_4_4,6402129,128
205954692,slsmqhm_4_4,6403755,128
204526512,slsmqhm_4_4,6400434,128
250773518,slsmqhm_4_8,6462190,128
249051558,slsmqhm_4_8,6464874,128
249422480,slsmqhm_4_8,6463453,128
249518448,slsmqhm_4_8,6458771,128
249647506,slsmqhm_4_8,6459377,128
293142932,slsmqhm_4_16,6588556,128
292579280,slsmqhm_4_16,6593521,128
293761150,slsmqhm_4_16,6587705,128
292787042,slsmqhm_4_16,6590968,128
291930736,slsmqhm_4_16,6588931,128
323158584,slsmqhm_4_32,6762377,128
320879804,slsmqhm_4_32,6769113,128
322281272,slsmqhm_4_32,6756852,128
322911574,slsmqhm_4_32,6754216,128
322852230,slsmqhm_4_32,6748306,128
336369270,slsmqhm_4_64,6894380,128
335232738,slsmqhm_4_64,6900680,128
335810740,slsmqhm_4_64,6899749,128
336370028,slsmqhm_4_64,6899938,128
336439446,slsmqhm_4_64,6905347,128
335897392,slsmqhm_4_128,6914264,128
336050540,slsmqhm_4_128,6928105,128
336511460,slsmqhm_4_128,6920331,128
336101074,slsmqhm_4_128,6946509,128
335921908,slsmqhm_4_128,6913637,128
337546828,slsmqhm_4_256,6924347,128
338306058,slsmqhm_4_256,6934930,128
336368192,slsmqhm_4_256,6923591,128
337995790,slsmqhm_4_256,6929883,128
337044670,slsmqhm_4_256,6907548,128
337557896,slsmqhm_4_512,6930199,128
336659836,slsmqhm_4_512,6928940,128
335726010,slsmqhm_4_512,6928637,128
337622712,slsmqhm_4_512,6929010,128
337754466,slsmqhm_4_512,6919046,128
338606946,slsmqhm_4_1024,6939171,128
336109390,slsmqhm_4_1024,6930451,128
337572210,slsmqhm_4_1024,6922136,128
337584582,slsmqhm_4_1024,6922757,128
337750760,slsmqhm_4_1024,6929542,128
150877460,slsmqhm_8_1,7225365,128
150693640,slsmqhm_8_1,7212946,128
150833190,slsmqhm_8_1,7206438,128
151344654,slsmqhm_8_1,7220377,128
151189510,slsmqhm_8_1,7214637,128
156645106,slsmqhm_8_2,6640132,128
156526690,slsmqhm_8_2,6668871,128
156097024,slsmqhm_8_2,6647798,128
157228698,slsmqhm_8_2,6652893,128
156495892,slsmqhm_8_2,6662941,128
178205232,slsmqhm_8_4,6544835,128
181358302,slsmqhm_8_4,6535410,128
180046800,slsmqhm_8_4,6547421,128
178306432,slsmqhm_8_4,6543957,128
179278890,slsmqhm_8_4,6540755,128
213588408,slsmqhm_8_8,6627537,128
212829776,slsmqhm_8_8,6620295,128
212947062,slsmqhm_8_8,6642132,128
214266962,slsmqhm_8_8,6633519,128
213480820,slsmqhm_8_8,6645738,128
261451312,slsmqhm_8_16,6875635,128
260957460,slsmqhm_8_16,6861603,128
259997870,slsmqhm_8_16,6870043,128
259111846,slsmqhm_8_16,6855042,128
260328802,slsmqhm_8_16,6862079,128
303029334,slsmqhm_8_32,7228669,128
303239882,slsmqhm_8_32,7239875,128
304027470,slsmqhm_8_32,7237261,128
301260546,slsmqhm_8_32,7241144,128
303581112,slsmqhm_8_32,7239411,128
329093122,slsmqhm_8_64,7597520,128
329032582,slsmqhm_8_64,7590905,128
328941534,slsmqhm_8_64,7598443,128
329140840,slsmqhm_8_64,7599392,128
330025450,slsmqhm_8_64,7619879,128
334440914,slsmqhm_8_128,7726282,128
335359376,slsmqhm_8_128,7695254,128
332971750,slsmqhm_8_128,7678824,128
334133460,slsmqhm_8_128,7718248,128
334560292,slsmqhm_8_128,7719803,128
334109004,slsmqhm_8_256,7698576,128
336267318,slsmqhm_8_256,7745885,128
335809530,slsmqhm_8_256,7703707,128
334493890,slsmqhm_8_256,7728595,128
334336314,slsmqhm_8_256,7747216,128
334491592,slsmqhm_8_512,7728757,128
336606234,slsmqhm_8_512,7720201,128
335078330,slsmqhm_8_512,7738300,128
335019946,slsmqhm_8_512,7744427,128
335266642,slsmqhm_8_512,7707066,128
333489398,slsmqhm_8_1024,7701416,128
334437198,slsmqhm_8_1024,7705565,128
334620534,slsmqhm_8_1024,7715352,128
334232554,slsmqhm_8_1024,7708169,128
334532130,slsmqhm_8_1024,7688846,128
156414280,slsmqhm_16_1,8914533,128
159805062,slsmqhm_16_1,9025400,128
160183748,slsmqhm_16_1,9004877,128
160013694,slsmqhm_16_1,9129982,128
157609724,slsmqhm_16_1,8943038,128
147507834,slsmqhm_16_2,7470002,128
149224898,slsmqhm_16_2,7500267,128
149842506,slsmqhm_16_2,7506370,128
149803254,slsmqhm_16_2,7534720,128
149124924,slsmqhm_16_2,7480529,128
158732654,slsmqhm_16_4,6952399,128
159308988,slsmqhm_16_4,6933185,128
158676614,slsmqhm_16_4,6936558,128
158646404,slsmqhm_16_4,6947857,128
159456248,slsmqhm_16_4,6946659,128
185967976,slsmqhm_16_8,6929735,128
179607900,slsmqhm_16_8,6964898,128
188457930,slsmqhm_16_8,6956265,128
185459442,slsmqhm_16_8,6929923,128
186943990,slsmqhm_16_8,6953550,128
232932712,slsmqhm_16_16,7273509,128
232176414,slsmqhm_16_16,7301545,128
233027190,slsmqhm_16_16,7325095,128
231175002,slsmqhm_16_16,7315521,128
232078752,slsmqhm_16_16,7290252,128
291159056,slsmqhm_16_32,8025516,128
287967876,slsmqhm_16_32,7995217,128
289146810,slsmqhm_16_32,8052650,128
288852216,slsmqhm_16_32,8038474,128
288998946,slsmqhm_16_32,8031535,128
336187806,slsmqhm_16_64,8803594,128
337180368,slsmqhm_16_64,8836241,128
337170060,slsmqhm_16_64,8869165,128
335525280,slsmqhm_16_64,8847303,128
337501174,slsmqhm_16_64,8832706,128
353056868,slsmqhm_16_128,9208415,128
351997620,slsmqhm_16_128,9171528,128
349369254,slsmqhm_16_128,9104526,128
355990546,slsmqhm_16_128,9263307,128
352194622,slsmqhm_16_128,9185752,128
355886538,slsmqhm_16_256,9255551,128
351366194,slsmqhm_16_256,9129206,128
351288690,slsmqhm_16_256,9128943,128
352899852,slsmqhm_16_256,9157588,128
351770174,slsmqhm_16_256,9146604,128
355104360,slsmqhm_16_512,9219268,128
355237356,slsmqhm_16_512,9236582,128
359975556,slsmqhm_16_512,9303260,128
353213042,slsmqhm_16_512,9189515,128
354998062,slsmqhm_16_512,9235480,128
356144384,slsmqhm_16_1024,9206835,128
357253316,slsmqhm_16_1024,9242740,128
351317596,slsmqhm_16_1024,9134037,128
354699788,slsmqhm_16_1024,9227410,128
357135608,slsmqhm_16_1024,9257115,128
184149766,slsmqhm_32_1,12051761,128
183941522,slsmqhm_32_1,12077361,128
186189752,slsmqhm_32_1,12220195,128
189557148,slsmqhm_32_1,12408882,128
187907926,slsmqhm_32_1,12349598,128
157882518,slsmqhm_32_2,9267789,128
157795004,slsmqhm_32_2,9291181,128
159853810,slsmqhm_32_2,9412315,128
159876952,slsmqhm_32_2,9392832,128
158266526,slsmqhm_32_2,9292807,128
152780860,slsmqhm_32_4,7932177,128
156093400,slsmqhm_32_4,8002338,128
155182356,slsmqhm_32_4,7974525,128
151749436,slsmqhm_32_4,7886079,128
152015608,slsmqhm_32_4,7891198,128
168370348,slsmqhm_32_8,7556127,128
168416984,slsmqhm_32_8,7580569,128
168871850,slsmqhm_32_8,7544167,128
169778704,slsmqhm_32_8,7580974,128
168495184,slsmqhm_32_8,7545545,128
211242392,slsmqhm_32_16,7939700,128
208609234,slsmqhm_32_16,7954439,128
210500074,slsmqhm_32_16,7975774,128
209618218,slsmqhm_32_16,7965275,128
210206006,slsmqhm_32_16,7937459,128
276399484,slsmqhm_32_32,9068854,128
276277314,slsmqhm_32_32,9069081,128
273413184,slsmqhm_32_32,9031263,128
272815660,slsmqhm_32_32,9038126,128
271907488,slsmqhm_32_32,8984082,128
350118576,slsmqhm_32_64,10600975,128
350934922,slsmqhm_32_64,10605683,128
346782692,slsmqhm_32_64,10516289,128
347063070,slsmqhm_32_64,10531647,128
344756584,slsmqhm_32_64,10435212,128
393496136,slsmqhm_32_128,11531141,128
393871132,slsmqhm_32_128,11569751,128
388645700,slsmqhm_32_128,11492293,128
390540118,slsmqhm_32_128,11361135,128
389327312,slsmqhm_32_128,11487073,128
414984552,slsmqhm_32_256,11978771,128
402148218,slsmqhm_32_256,11677183,128
409409622,slsmqhm_32_256,11902940,128
404468336,slsmqhm_32_256,11841954,128
404026944,slsmqhm_32_256,11746687,128
409437096,slsmqhm_32_512,11868659,128
403187426,slsmqhm_32_512,11732035,128
408248524,slsmqhm_32_512,11854489,128
403853398,slsmqhm_32_512,11734432,128
398156982,slsmqhm_32_512,11590912,128
411842530,slsmqhm_32_1024,11932779,128
412521752,slsmqhm_32_1024,11876711,128
408370692,slsmqhm_32_1024,11893174,128
403217972,slsmqhm_32_1024,11778314,128
403574876,slsmqhm_32_1024,11758741,128
233208028,slsmqhm_64_1,17049288,128
230171912,slsmqhm_64_1,16682664,128
227311004,slsmqhm_64_1,16669471,128
232831220,slsmqhm_64_1,17075258,128
236243014,slsmqhm_64_1,17215185,128
192833586,slsmqhm_64_2,13015633,128
192355676,slsmqhm_64_2,12916548,128
189534014,slsmqhm_64_2,12699925,128
188275116,slsmqhm_64_2,12619605,128
192047288,slsmqhm_64_2,12940578,128
163651800,slsmqhm_64_4,9840195,128
164193580,slsmqhm_64_4,9924119,128
164707618,slsmqhm_64_4,9956426,128
165150528,slsmqhm_64_4,9942335,128
165277662,slsmqhm_64_4,9964874,128
163988460,slsmqhm_64_8,8747035,128
164498846,slsmqhm_64_8,8752219,128
164482734,slsmqhm_64_8,8739176,128
165864122,slsmqhm_64_8,8904442,128
163344758,slsmqhm_64_8,8692864,128
192403658,slsmqhm_64_16,8891600,128
194470554,slsmqhm_64_16,8849908,128
191805708,slsmqhm_64_16,8805061,128
194066714,slsmqhm_64_16,8868367,128
192869322,slsmqhm_64_16,8926749,128
256256774,slsmqhm_64_32,10142103,128
255553326,slsmqhm_64_32,10399479,128
258194292,slsmqhm_64_32,10224161,128
258357198,slsmqhm_64_32,10186334,128
260286586,slsmqhm_64_32,10326370,128
355854180,slsmqhm_64_64,12509920,128
356767378,slsmqhm_64_64,12581055,128
354203728,slsmqhm_64_64,12466055,128
355851084,slsmqhm_64_64,12553769,128
353346282,slsmqhm_64_64,12479232,128
446135756,slsmqhm_64_128,14774304,128
440828146,slsmqhm_64_128,14492517,128
448743044,slsmqhm_64_128,14764170,128
443500042,slsmqhm_64_128,14688245,128
444162938,slsmqhm_64_128,14624502,128
479752740,slsmqhm_64_256,15539717,128
480672206,slsmqhm_64_256,15472858,128
484005360,slsmqhm_64_256,15596392,128
473340942,slsmqhm_64_256,15394708,128
454190180,slsmqhm_64_256,15125040,128
489239844,slsmqhm_64_512,15702974,128
497233858,slsmqhm_64_512,16063047,128
496345824,slsmqhm_64_512,15908763,128
480157990,slsmqhm_64_512,15508847,128
491129766,slsmqhm_64_512,15902905,128
479778222,slsmqhm_64_1024,15477115,128
482317250,slsmqhm_64_1024,15571086,128
485668494,slsmqhm_64_1024,15739707,128
476150136,slsmqhm_64_1024,15530668,128
474238428,slsmqhm_64_1024,15455539,128
285798018,slsmqhm_128_1,22650019,128
355994916,slsmqhm_128_1,28599178,128
305321268,slsmqhm_128_1,24269599,128
301568568,slsmqhm_128_1,24069907,128
301298360,slsmqhm_128_1,23898486,128
233679736,slsmqhm_128_2,17431619,128
236353060,slsmqhm_128_2,17577325,128
234841160,slsmqhm_128_2,17717661,128
244419374,slsmqhm_128_2,18112112,128
234882386,slsmqhm_128_2,17565777,128
192532514,slsmqhm_128_4,13145866,128
192139878,slsmqhm_128_4,13111391,128
205947314,slsmqhm_128_4,13335213,128
194028632,slsmqhm_128_4,13253734,128
196446362,slsmqhm_128_4,13406277,128
176660870,slsmqhm_128_8,10862673,128
173046528,slsmqhm_128_8,10628300,128
175025592,slsmqhm_128_8,10774594,128
176305606,slsmqhm_128_8,10878304,128
171367408,slsmqhm_128_8,10517036,128
187131592,slsmqhm_128_16,10091448,128
188047198,slsmqhm_128_16,10190139,128
187894062,slsmqhm_128_16,10210711,128
191977470,slsmqhm_128_16,10323834,128
186744604,slsmqhm_128_16,10115765,128
242459144,slsmqhm_128_32,11539105,128
242890318,slsmqhm_128_32,11575109,128
244096616,slsmqhm_128_32,11531994,128
243557766,slsmqhm_128_32,11534709,128
243453282,slsmqhm_128_32,11513511,128
350307886,slsmqhm_128_64,14515733,128
338013518,slsmqhm_128_64,14046579,128
343497740,slsmqhm_128_64,14423181,128
344707654,slsmqhm_128_64,14460019,128
349331328,slsmqhm_128_64,14576107,128
479147076,slsmqhm_128_128,18174560,128
473590436,slsmqhm_128_128,17777172,128
468409208,slsmqhm_128_128,17888196,128
481786824,slsmqhm_128_128,18362576,128
469229958,slsmqhm_128_128,17762078,128
577515664,slsmqhm_128_256,20836235,128
636903438,slsmqhm_128_256,21972508,128
553176908,slsmqhm_128_256,20045229,128
563905052,slsmqhm_128_256,20385277,128
580456722,slsmqhm_128_256,20772295,128
548358010,slsmqhm_128_512,19996688,128
587930208,slsmqhm_128_512,20922552,128
579298552,slsmqhm_128_512,20654299,128
569033408,slsmqhm_128_512,20404287,128
579013128,slsmqhm_128_512,20653965,128
572684960,slsmqhm_128_1024,20431537,128
605729462,slsmqhm_128_1024,21282682,128
691654410,slsmqhm_128_1024,23416436,128
564578660,slsmqhm_128_1024,20168756,128
580594290,slsmqhm_128_1024,20740509,128
432648426,slsmqhm_256_1,36709522,128
390339170,slsmqhm_256_1,33178102,128
390279390,slsmqhm_256_1,32758462,128
405438306,slsmqhm_256_1,34211194,128
378151050,slsmqhm_256_1,31734513,128
315694254,slsmqhm_256_2,25245822,128
284004272,slsmqhm_256_2,22836016,128
318464938,slsmqhm_256_2,25584798,128
326049020,slsmqhm_256_2,26162533,128
322739598,slsmqhm_256_2,25194424,128
241233482,slsmqhm_256_4,18159369,128
259374974,slsmqhm_256_4,19615547,128
238184066,slsmqhm_256_4,17952503,128
247718290,slsmqhm_256_4,18750961,128
241718844,slsmqhm_256_4,18477885,128
195962294,slsmqhm_256_8,13542569,128
203526266,slsmqhm_256_8,14087150,128
204262516,slsmqhm_256_8,14193782,128
201071078,slsmqhm_256_8,13890836,128
198805858,slsmqhm_256_8,13729985,128
195446020,slsmqhm_256_16,12047786,128
201654452,slsmqhm_256_16,12609226,128
196790970,slsmqhm_256_16,12362090,128
190121432,slsmqhm_256_16,11877830,128
194951478,slsmqhm_256_16,12248023,128
235189218,slsmqhm_256_32,12989792,128
233911444,slsmqhm_256_32,13004326,128
235573162,slsmqhm_256_32,13188680,128
236088834,slsmqhm_256_32,13116676,128
236440454,slsmqhm_256_32,13230712,128
329205480,slsmqhm_256_64,16078283,128
330907972,slsmqhm_256_64,16596870,128
338752184,slsmqhm_256_64,16782489,128
330038262,slsmqhm_256_64,16363183,128
332166472,slsmqhm_256_64,16571508,128
485652424,slsmqhm_256_128,21647112,128
492042632,slsmqhm_256_128,21691052,128
482969548,slsmqhm_256_128,21583594,128
497868220,slsmqhm_256_128,21957547,128
475948454,slsmqhm_256_128,20924153,128
673327124,slsmqhm_256_256,26739676,128
606480892,slsmqhm_256_256,24740657,128
631863784,slsmqhm_256_256,25632399,128
661632514,slsmqhm_256_256,26517750,128
625375200,slsmqhm_256_256,25315354,128
836483946,slsmqhm_256_512,30710153,128
865097254,slsmqhm_256_512,31874242,128
703601846,slsmqhm_256_512,27146485,128
693603582,slsmqhm_256_512,27013008,128
768870544,slsmqhm_256_512,29215734,128
760719226,slsmqhm_256_1024,29066328,128
837857636,slsmqhm_256_1024,30853247,128
777937114,slsmqhm_256_1024,29638257,128
634997182,slsmqhm_256_1024,25621970,128
677112990,slsmqhm_256_1024,26553742,128
478585978,slsmqhm_512_1,41560487,128
539456488,slsmqhm_512_1,47323508,128
459544758,slsmqhm_512_1,40401511,128
564271276,slsmqhm_512_1,49251595,128
487772700,slsmqhm_512_1,42596415,128
388866944,slsmqhm_512_2,32749008,128
354223836,slsmqhm_512_2,29981310,128
389405798,slsmqhm_512_2,32695552,128
403860170,slsmqhm_512_2,34220707,128
391477572,slsmqhm_512_2,32852739,128
322723096,slsmqhm_512_4,26131850,128
315906298,slsmqhm_512_4,25699313,128
307751166,slsmqhm_512_4,24821718,128
336538762,slsmqhm_512_4,27521828,128
299133538,slsmqhm_512_4,24241956,128
266399452,slsmqhm_512_8,20300511,128
253298250,slsmqhm_512_8,19140063,128
250182380,slsmqhm_512_8,19001089,128
246808272,slsmqhm_512_8,18629653,128
238546094,slsmqhm_512_8,18058545,128
222507590,slsmqhm_512_16,15546010,128
217437508,slsmqhm_512_16,15091212,128
224672814,slsmqhm_512_16,15755400,128
221233238,slsmqhm_512_16,15453949,128
218863054,slsmqhm_512_16,15162145,128
236348002,slsmqhm_512_32,15128199,128
238563402,slsmqhm_512_32,15171278,128
240360044,slsmqhm_512_32,15578899,128
237184304,slsmqhm_512_32,14999208,128
242544486,slsmqhm_512_32,15330627,128
320917102,slsmqhm_512_64,18574008,128
320194114,slsmqhm_512_64,18395430,128
323651202,slsmqhm_512_64,18527377,128
347604606,slsmqhm_512_64,18383426,128
319663674,slsmqhm_512_64,18498829,128
473192072,slsmqhm_512_128,24959363,128
464378912,slsmqhm_512_128,24654655,128
477310812,slsmqhm_512_128,25152480,128
467018192,slsmqhm_512_128,24770180,128
464321322,slsmqhm_512_128,24247126,128
669686830,slsmqhm_512_256,31483639,128
647654240,slsmqhm_512_256,30118971,128
635497540,slsmqhm_512_256,30036449,128
643497696,slsmqhm_512_256,29766315,128
683459296,slsmqhm_512_256,31617085,128
758963154,slsmqhm_512_512,33747822,128
777391192,slsmqhm_512_512,34993973,128
844531052,slsmqhm_512_512,36201896,128
762803104,slsmqhm_512_512,33807333,128
818348408,slsmqhm_512_512,35083089,128
742209080,slsmqhm_512_1024,32759455,128
902298006,slsmqhm_512_1024,37704493,128
745645670,slsmqhm_512_1024,32727352,128
763836530,slsmqhm_512_1024,33100720,128
895547408,slsmqhm_512_1024,37713971,128
543951314,slsmqhm_1024_1,48015556,128
640657300,slsmqhm_1024_1,56557028,128
575964462,slsmqhm_1024_1,50957805,128
575390916,slsmqhm_1024_1,50169914,128
617860738,slsmqhm_1024_1,55184852,128
470213536,slsmqhm_1024_2,41054053,128
448987016,slsmqhm_1024_2,39331931,128
492241108,slsmqhm_1024_2,42422232,128
490156286,slsmqhm_1024_2,42428568,128
461025674,slsmqhm_1024_2,40105997,128
395293982,slsmqhm_1024_4,33908314,128
384825268,slsmqhm_1024_4,32799704,128
385136388,slsmqhm_1024_4,32650730,128
399456414,slsmqhm_1024_4,33717527,128
386008064,slsmqhm_1024_4,32891716,128
316968248,slsmqhm_1024_8,25544755,128
362128464,slsmqhm_1024_8,29547512,128
320680064,slsmqhm_1024_8,26052351,128
333711898,slsmqhm_1024_8,27062359,128
315785560,slsmqhm_1024_8,25509642,128
255002702,slsmqhm_1024_16,19385211,128
265714206,slsmqhm_1024_16,20469961,128
269950990,slsmqhm_1024_16,20540362,128
267438334,slsmqhm_1024_16,20476463,128
268870982,slsmqhm_1024_16,20417288,128
253645306,slsmqhm_1024_32,17765060,128
266713920,slsmqhm_1024_32,18957067,128
267374692,slsmqhm_1024_32,18843078,128
252747946,slsmqhm_1024_32,17810061,128
257279462,slsmqhm_1024_32,18212548,128
314390458,slsmqhm_1024_64,20356108,128
315328432,slsmqhm_1024_64,20588411,128
317783812,slsmqhm_1024_64,20783589,128
322395538,slsmqhm_1024_64,20949722,128
316019354,slsmqhm_1024_64,20602497,128
445755956,slsmqhm_1024_128,26750916,128
471841434,slsmqhm_1024_128,28414429,128
468577626,slsmqhm_1024_128,28018245,128
454584378,slsmqhm_1024_128,27299229,128
460651888,slsmqhm_1024_128,27882815,128
689138346,slsmqhm_1024_256,37378905,128
666484458,slsmqhm_1024_256,36272244,128
685755540,slsmqhm_1024_256,37217153,128
671313946,slsmqhm_1024_256,36552538,128
660286736,slsmqhm_1024_256,36081064,128
876914816,slsmqhm_1024_512,42941733,128
920056316,slsmqhm_1024_512,45199303,128
923441916,slsmqhm_1024_512,44721644,128
900092352,slsmqhm_1024_512,43945173,128
865707016,slsmqhm_1024_512,42740609,128
973892472,slsmqhm_1024_1024,46591986,128
937226080,slsmqhm_1024_1024,44310049,128
1036903488,slsmqhm_1024_1024,48176682,128
958059972,slsmqhm_1024_1024,44812888,128
980388334,slsmqhm_1024_1024,45580354,128
