2167415190,slsmqhm_1_1,51209322,128
2141378958,slsmqhm_1_1,51176668,128
2138642690,slsmqhm_1_1,51188617,128
2141176040,slsmqhm_1_1,51183786,128
2174855214,slsmqhm_1_1,51281941,128
2405624674,slsmqhm_1_2,51024822,128
2356396268,slsmqhm_1_2,51003832,128
2355735384,slsmqhm_1_2,50936847,128
2364761100,slsmqhm_1_2,50955299,128
2355814438,slsmqhm_1_2,50985817,128
2733872088,slsmqhm_1_4,50846100,128
2633304604,slsmqhm_1_4,50823187,128
2694517146,slsmqhm_1_4,50844221,128
2775749000,slsmqhm_1_4,50848191,128
2635818620,slsmqhm_1_4,50885736,128
2797881694,slsmqhm_1_8,50730773,128
2757822102,slsmqhm_1_8,50736051,128
2984681742,slsmqhm_1_8,50717776,128
2919299338,slsmqhm_1_8,50728111,128
3031653756,slsmqhm_1_8,50744454,128
3124040958,slsmqhm_1_16,50704035,128
2911751362,slsmqhm_1_16,50704809,128
3096289752,slsmqhm_1_16,50663402,128
2957219906,slsmqhm_1_16,50661012,128
3076716762,slsmqhm_1_16,50665700,128
2918376742,slsmqhm_1_32,50653489,128
3326115348,slsmqhm_1_32,50642175,128
3176628838,slsmqhm_1_32,50629291,128
3251726862,slsmqhm_1_32,50646460,128
3030333650,slsmqhm_1_32,50638013,128
3139579210,slsmqhm_1_64,50642203,128
3343962872,slsmqhm_1_64,50634898,128
3226603492,slsmqhm_1_64,50646078,128
3232119810,slsmqhm_1_64,50634150,128
3151104632,slsmqhm_1_64,50626428,128
3533425874,slsmqhm_1_128,50622323,128
3658392810,slsmqhm_1_128,50636699,128
3320308616,slsmqhm_1_128,50640797,128
3533027472,slsmqhm_1_128,50620185,128
3310436894,slsmqhm_1_128,50637727,128
3777625634,slsmqhm_1_256,50652568,128
3700103916,slsmqhm_1_256,50663467,128
3490932982,slsmqhm_1_256,50670517,128
3948317366,slsmqhm_1_256,50638675,128
3660521826,slsmqhm_1_256,50667722,128
3912940266,slsmqhm_1_512,50690894,128
3827465526,slsmqhm_1_512,50673963,128
4016572572,slsmqhm_1_512,50695349,128
4092851430,slsmqhm_1_512,50668390,128
3718589012,slsmqhm_1_512,50686625,128
4219454054,slsmqhm_1_1024,50752929,128
4538674560,slsmqhm_1_1024,50703260,128
4373731046,slsmqhm_1_1024,50737444,128
3862896110,slsmqhm_1_1024,50801937,128
4421361182,slsmqhm_1_1024,50739133,128
1897969052,slsmqhm_2_1,51831412,128
1796183734,slsmqhm_2_1,51617666,128
1803518716,slsmqhm_2_1,51794940,128
1856852044,slsmqhm_2_1,51700158,128
1906938414,slsmqhm_2_1,51946047,128
1919864566,slsmqhm_2_2,51425113,128
1861636090,slsmqhm_2_2,51346325,128
1856192580,slsmqhm_2_2,51311725,128
1865086954,slsmqhm_2_2,51311776,128
1885263286,slsmqhm_2_2,51427947,128
2132882152,slsmqhm_2_4,51164229,128
2173425094,slsmqhm_2_4,51036104,128
2154926764,slsmqhm_2_4,51053068,128
2167446102,slsmqhm_2_4,51072758,128
2130720262,slsmqhm_2_4,51121734,128
2465684824,slsmqhm_2_8,50861789,128
2487827396,slsmqhm_2_8,50880233,128
2512679456,slsmqhm_2_8,50828474,128
2446408744,slsmqhm_2_8,50879796,128
2487748028,slsmqhm_2_8,50869044,128
2628286856,slsmqhm_2_16,50781669,128
2699173470,slsmqhm_2_16,50747112,128
2641448118,slsmqhm_2_16,50803764,128
2692381836,slsmqhm_2_16,50765222,128
2681148258,slsmqhm_2_16,50759034,128
2627086778,slsmqhm_2_32,50684221,128
2739774724,slsmqhm_2_32,50688104,128
2652095646,slsmqhm_2_32,50666758,128
2672902416,slsmqhm_2_32,50723012,128
2829975640,slsmqhm_2_32,50689078,128
2953247210,slsmqhm_2_64,50673656,128
3064871796,slsmqhm_2_64,50660208,128
2738497054,slsmqhm_2_64,50670755,128
2982927562,slsmqhm_2_64,50721832,128
2965640180,slsmqhm_2_64,50658739,128
3156356096,slsmqhm_2_128,50682233,128
2965261508,slsmqhm_2_128,50679307,128
3331382344,slsmqhm_2_128,50693938,128
3259303972,slsmqhm_2_128,50669340,128
3041720944,slsmqhm_2_128,50654679,128
3530053776,slsmqhm_2_256,50672543,128
3312720168,slsmqhm_2_256,50719533,128
3463562756,slsmqhm_2_256,50689348,128
3666757816,slsmqhm_2_256,50655895,128
3511716746,slsmqhm_2_256,50667476,128
3532555852,slsmqhm_2_512,50700425,128
3713424138,slsmqhm_2_512,50719785,128
3685457236,slsmqhm_2_512,50687017,128
3965908336,slsmqhm_2_512,50737669,128
3517438306,slsmqhm_2_512,50707643,128
4188377500,slsmqhm_2_1024,50768411,128
4315689826,slsmqhm_2_1024,50747794,128
3990716420,slsmqhm_2_1024,50746987,128
3791594200,slsmqhm_2_1024,50753500,128
4489104772,slsmqhm_2_1024,50746867,128
2067365370,slsmqhm_4_1,52741399,128
2232452150,slsmqhm_4_1,52667546,128
2018167658,slsmqhm_4_1,53106870,128
2192090024,slsmqhm_4_1,53061843,128
1843589014,slsmqhm_4_1,53101100,128
1583831526,slsmqhm_4_2,51698225,128
1677298434,slsmqhm_4_2,51736500,128
1613880200,slsmqhm_4_2,51728338,128
1632831924,slsmqhm_4_2,51868237,128
1596985046,slsmqhm_4_2,51857651,128
1715588792,slsmqhm_4_4,51428489,128
1707361068,slsmqhm_4_4,51340582,128
1723494324,slsmqhm_4_4,51382482,128
1724694010,slsmqhm_4_4,51399085,128
1680312326,slsmqhm_4_4,51384892,128
2078900390,slsmqhm_4_8,51185548,128
2012834490,slsmqhm_4_8,51133348,128
2096763948,slsmqhm_4_8,51046178,128
2024062702,slsmqhm_4_8,51051872,128
2071157916,slsmqhm_4_8,51004871,128
2332042224,slsmqhm_4_16,50894439,128
2313974290,slsmqhm_4_16,50870613,128
2283093500,slsmqhm_4_16,50840776,128
2365382724,slsmqhm_4_16,50960364,128
2498151606,slsmqhm_4_16,50943523,128
2664530190,slsmqhm_4_32,50795901,128
2360026784,slsmqhm_4_32,50840490,128
2328486186,slsmqhm_4_32,50778430,128
2392366038,slsmqhm_4_32,50769206,128
2507843282,slsmqhm_4_32,50781953,128
2691618592,slsmqhm_4_64,50765741,128
2647996142,slsmqhm_4_64,50742344,128
2686980248,slsmqhm_4_64,50699184,128
2593938004,slsmqhm_4_64,50763074,128
2582355554,slsmqhm_4_64,50716485,128
2758805060,slsmqhm_4_128,50698380,128
2711771750,slsmqhm_4_128,50706566,128
2846785324,slsmqhm_4_128,50706239,128
2805957572,slsmqhm_4_128,50696346,128
2762194066,slsmqhm_4_128,50735496,128
3341283062,slsmqhm_4_256,50716576,128
3180743292,slsmqhm_4_256,50759947,128
3120741214,slsmqhm_4_256,50713861,128
3080004518,slsmqhm_4_256,50758091,128
3130020636,slsmqhm_4_256,50738011,128
3108661906,slsmqhm_4_512,50744250,128
3550675802,slsmqhm_4_512,50735572,128
3746844614,slsmqhm_4_512,50718740,128
3393604160,slsmqhm_4_512,50791024,128
3534010466,slsmqhm_4_512,50768301,128
3775664498,slsmqhm_4_1024,50840310,128
3505119632,slsmqhm_4_1024,50808809,128
4067652358,slsmqhm_4_1024,50808248,128
4105257064,slsmqhm_4_1024,50804325,128
3908677460,slsmqhm_4_1024,50829939,128
2191414388,slsmqhm_8_1,60651442,128
1963135702,slsmqhm_8_1,57165527,128
1947142772,slsmqhm_8_1,58620891,128
3004773060,slsmqhm_8_1,61125150,128
2208409834,slsmqhm_8_1,60896793,128
1552102934,slsmqhm_8_2,52969173,128
1442357488,slsmqhm_8_2,52635060,128
1991874594,slsmqhm_8_2,53456217,128
1551573540,slsmqhm_8_2,53511071,128
1706122176,slsmqhm_8_2,53095800,128
1614236194,slsmqhm_8_4,51892530,128
1641491382,slsmqhm_8_4,51940503,128
1534882024,slsmqhm_8_4,51829483,128
1557619054,slsmqhm_8_4,52081616,128
1670610310,slsmqhm_8_4,51724044,128
1608079166,slsmqhm_8_8,51262697,128
1639148014,slsmqhm_8_8,51266619,128
1584396816,slsmqhm_8_8,51336752,128
1616857234,slsmqhm_8_8,51211743,128
1610579950,slsmqhm_8_8,51294234,128
1966808600,slsmqhm_8_16,51029484,128
1910100612,slsmqhm_8_16,51088567,128
1986642998,slsmqhm_8_16,51020680,128
1992929578,slsmqhm_8_16,51146696,128
1946251732,slsmqhm_8_16,51114726,128
2259503556,slsmqhm_8_32,50948081,128
2265009958,slsmqhm_8_32,50855355,128
2336893242,slsmqhm_8_32,50937824,128
2454889040,slsmqhm_8_32,50896218,128
2282899932,slsmqhm_8_32,50935925,128
2484101414,slsmqhm_8_64,50841152,128
2525314040,slsmqhm_8_64,50787149,128
2449596190,slsmqhm_8_64,50848123,128
2491649036,slsmqhm_8_64,50802325,128
2537368146,slsmqhm_8_64,50784596,128
2669324938,slsmqhm_8_128,50759799,128
3020300144,slsmqhm_8_128,50768773,128
2612731006,slsmqhm_8_128,50782874,128
2577035852,slsmqhm_8_128,50747222,128
2551044998,slsmqhm_8_128,50781348,128
3037818296,slsmqhm_8_256,50813807,128
3011836694,slsmqhm_8_256,50773956,128
2916019002,slsmqhm_8_256,50747620,128
2893140450,slsmqhm_8_256,50738115,128
2941348548,slsmqhm_8_256,50826019,128
3677823902,slsmqhm_8_512,50805544,128
3653756770,slsmqhm_8_512,50815027,128
3379682420,slsmqhm_8_512,50833320,128
3122739220,slsmqhm_8_512,50805402,128
3131343992,slsmqhm_8_512,50819512,128
3711691310,slsmqhm_8_1024,51013139,128
3624071348,slsmqhm_8_1024,50860199,128
3739567898,slsmqhm_8_1024,50932505,128
3808235496,slsmqhm_8_1024,50907433,128
3792592592,slsmqhm_8_1024,50842106,128
3284699172,slsmqhm_16_1,76773765,128
2982285798,slsmqhm_16_1,75410046,128
3087428710,slsmqhm_16_1,74381731,128
3006792456,slsmqhm_16_1,73315642,128
3208722104,slsmqhm_16_1,74018882,128
2807996480,slsmqhm_16_2,62789815,128
2265109102,slsmqhm_16_2,62062519,128
1955696492,slsmqhm_16_2,59091736,128
2115903488,slsmqhm_16_2,58759423,128
2080954868,slsmqhm_16_2,57996555,128
2456336962,slsmqhm_16_4,53236298,128
1563442456,slsmqhm_16_4,53219161,128
1527244966,slsmqhm_16_4,52789195,128
1438071560,slsmqhm_16_4,53299116,128
2014888482,slsmqhm_16_4,53544948,128
1411553542,slsmqhm_16_8,51629683,128
1457675864,slsmqhm_16_8,52089774,128
1456873740,slsmqhm_16_8,51801717,128
1417325538,slsmqhm_16_8,51777978,128
1427476660,slsmqhm_16_8,51601561,128
1566307294,slsmqhm_16_16,51447555,128
1549753074,slsmqhm_16_16,51290495,128
1607087222,slsmqhm_16_16,51480306,128
1567241226,slsmqhm_16_16,51267156,128
1589662246,slsmqhm_16_16,51463612,128
1954064008,slsmqhm_16_32,51080874,128
1941570202,slsmqhm_16_32,51128068,128
1985213160,slsmqhm_16_32,51036516,128
1938746674,slsmqhm_16_32,51118224,128
1869394284,slsmqhm_16_32,51120403,128
2322656026,slsmqhm_16_64,50906843,128
2303916084,slsmqhm_16_64,50960655,128
2370063346,slsmqhm_16_64,50922995,128
2502524888,slsmqhm_16_64,50985790,128
2315393638,slsmqhm_16_64,50922397,128
2625087610,slsmqhm_16_128,50846605,128
2497202076,slsmqhm_16_128,50878997,128
2775361038,slsmqhm_16_128,50867402,128
2665637958,slsmqhm_16_128,50920988,128
2388896880,slsmqhm_16_128,50843055,128
2598536134,slsmqhm_16_256,50816811,128
2821352210,slsmqhm_16_256,50868243,128
2935024060,slsmqhm_16_256,50876406,128
2927036048,slsmqhm_16_256,50822097,128
2710447846,slsmqhm_16_256,50877377,128
3642954490,slsmqhm_16_512,50868862,128
2978324522,slsmqhm_16_512,50838249,128
3252981510,slsmqhm_16_512,50882487,128
3425846092,slsmqhm_16_512,50897709,128
3433367902,slsmqhm_16_512,50884647,128
3780872956,slsmqhm_16_1024,50951907,128
3663106710,slsmqhm_16_1024,51041739,128
4093062348,slsmqhm_16_1024,50916575,128
3405974510,slsmqhm_16_1024,50929432,128
3553315696,slsmqhm_16_1024,50993762,128
5311424216,slsmqhm_32_1,104815906,128
3869568006,slsmqhm_32_1,93011517,128
3894008066,slsmqhm_32_1,89481790,128
3727120068,slsmqhm_32_1,90601189,128
3818350136,slsmqhm_32_1,89409715,128
3159736108,slsmqhm_32_2,73079208,128
3134580350,slsmqhm_32_2,72103114,128
3313795258,slsmqhm_32_2,75187392,128
3164489794,slsmqhm_32_2,71440525,128
3077188180,slsmqhm_32_2,69184797,128
2090191306,slsmqhm_32_4,60560230,128
2092402622,slsmqhm_32_4,60908490,128
2928222686,slsmqhm_32_4,60402614,128
2221153620,slsmqhm_32_4,60650800,128
2211129588,slsmqhm_32_4,61557221,128
1957573230,slsmqhm_32_8,52964257,128
1420421708,slsmqhm_32_8,53030465,128
1981305400,slsmqhm_32_8,53637279,128
1810744472,slsmqhm_32_8,53102456,128
1440739244,slsmqhm_32_8,53418134,128
1411205696,slsmqhm_32_16,51908843,128
1488629996,slsmqhm_32_16,51895597,128
1535631702,slsmqhm_32_16,52011689,128
1603797602,slsmqhm_32_16,52137766,128
1380625290,slsmqhm_32_16,51643830,128
1544727714,slsmqhm_32_32,51313730,128
1546720570,slsmqhm_32_32,51350741,128
1570299796,slsmqhm_32_32,51405922,128
1542105608,slsmqhm_32_32,51286171,128
1561508812,slsmqhm_32_32,51273187,128
1907422534,slsmqhm_32_64,51237836,128
1951724898,slsmqhm_32_64,51187866,128
1964470308,slsmqhm_32_64,51143685,128
1945287338,slsmqhm_32_64,51139928,128
2018112140,slsmqhm_32_64,51331725,128
2358184094,slsmqhm_32_128,51031989,128
2418783040,slsmqhm_32_128,50987140,128
2353089588,slsmqhm_32_128,51003492,128
2284818930,slsmqhm_32_128,50968455,128
2300212496,slsmqhm_32_128,51031875,128
2787062944,slsmqhm_32_256,50946856,128
2694004358,slsmqhm_32_256,50964023,128
2741601772,slsmqhm_32_256,50942132,128
2923088474,slsmqhm_32_256,50927755,128
2850042382,slsmqhm_32_256,50944710,128
3057485158,slsmqhm_32_512,50925218,128
3509452860,slsmqhm_32_512,51031430,128
3162513656,slsmqhm_32_512,51018716,128
3490839542,slsmqhm_32_512,50988024,128
3584795706,slsmqhm_32_512,51022230,128
3167469342,slsmqhm_32_1024,51037784,128
3737084018,slsmqhm_32_1024,51107190,128
3748897842,slsmqhm_32_1024,51205489,128
3735569880,slsmqhm_32_1024,51172699,128
3597888896,slsmqhm_32_1024,51195547,128
5447271082,slsmqhm_64_1,113992829,128
5319809222,slsmqhm_64_1,111638227,128
4894090248,slsmqhm_64_1,114867260,128
5082360592,slsmqhm_64_1,106806533,128
4982331688,slsmqhm_64_1,109698598,128
4527581014,slsmqhm_64_2,96110998,128
4148769914,slsmqhm_64_2,87328403,128
3857021046,slsmqhm_64_2,90135670,128
4268688138,slsmqhm_64_2,95233169,128
4037353206,slsmqhm_64_2,92378734,128
3405560018,slsmqhm_64_4,81872685,128
3176207638,slsmqhm_64_4,72229572,128
2922083386,slsmqhm_64_4,73342523,128
2936161180,slsmqhm_64_4,78237753,128
3114664968,slsmqhm_64_4,72821455,128
2139108204,slsmqhm_64_8,62857525,128
2563772780,slsmqhm_64_8,61086095,128
1915225882,slsmqhm_64_8,59832466,128
2358735268,slsmqhm_64_8,61142757,128
1993947068,slsmqhm_64_8,61132290,128
1479438368,slsmqhm_64_16,55512934,128
1746209582,slsmqhm_64_16,54416953,128
1451586448,slsmqhm_64_16,54418812,128
1476367362,slsmqhm_64_16,53738481,128
1532396876,slsmqhm_64_16,54701820,128
1409141708,slsmqhm_64_32,51954415,128
1496057826,slsmqhm_64_32,51701226,128
1433968256,slsmqhm_64_32,52166598,128
1496960602,slsmqhm_64_32,52109703,128
1377875622,slsmqhm_64_32,51956099,128
1557740278,slsmqhm_64_64,51217823,128
1584461206,slsmqhm_64_64,51415070,128
1547237230,slsmqhm_64_64,51443382,128
1515620442,slsmqhm_64_64,51253521,128
1537568572,slsmqhm_64_64,51250701,128
1943751942,slsmqhm_64_128,51182505,128
2020615644,slsmqhm_64_128,51227925,128
1931174260,slsmqhm_64_128,51133494,128
2015195332,slsmqhm_64_128,51134186,128
1988308530,slsmqhm_64_128,51179435,128
2401802554,slsmqhm_64_256,51103831,128
2431617952,slsmqhm_64_256,51220650,128
2470744926,slsmqhm_64_256,51058439,128
2514233062,slsmqhm_64_256,51101365,128
2444093772,slsmqhm_64_256,51177397,128
2718753254,slsmqhm_64_512,51034284,128
2770200568,slsmqhm_64_512,51118190,128
3224114526,slsmqhm_64_512,51203093,128
2921915148,slsmqhm_64_512,51238118,128
3059622998,slsmqhm_64_512,51193422,128
3380561754,slsmqhm_64_1024,51339369,128
3186682946,slsmqhm_64_1024,51341184,128
3649853996,slsmqhm_64_1024,51355343,128
3318924000,slsmqhm_64_1024,51150163,128
3666015622,slsmqhm_64_1024,51274803,128
5631705996,slsmqhm_128_1,118414038,128
6060337098,slsmqhm_128_1,132371623,128
5958345544,slsmqhm_128_1,123664545,128
5987853816,slsmqhm_128_1,125375467,128
5985048564,slsmqhm_128_1,131894703,128
4384725508,slsmqhm_128_2,103925065,128
4918830112,slsmqhm_128_2,111683062,128
5533334420,slsmqhm_128_2,112679004,128
4560203158,slsmqhm_128_2,102058773,128
5037066430,slsmqhm_128_2,107154115,128
4213101000,slsmqhm_128_4,92479258,128
3914453178,slsmqhm_128_4,88033182,128
4283665952,slsmqhm_128_4,92870941,128
3366518132,slsmqhm_128_4,91680534,128
4216955734,slsmqhm_128_4,97891288,128
3343166352,slsmqhm_128_8,77673709,128
3317077818,slsmqhm_128_8,80359226,128
3307638592,slsmqhm_128_8,76670853,128
3508526468,slsmqhm_128_8,79050586,128
3198711614,slsmqhm_128_8,78954009,128
2787883462,slsmqhm_128_16,62443500,128
1846873514,slsmqhm_128_16,62426790,128
2178339650,slsmqhm_128_16,64549894,128
2265481326,slsmqhm_128_16,62006409,128
2382782196,slsmqhm_128_16,60139450,128
1755160798,slsmqhm_128_32,56249785,128
1562648148,slsmqhm_128_32,54933819,128
1989680164,slsmqhm_128_32,55158059,128
1367780562,slsmqhm_128_32,53659105,128
2188274252,slsmqhm_128_32,53679597,128
1400236278,slsmqhm_128_64,52194176,128
1585194640,slsmqhm_128_64,52063691,128
2255220280,slsmqhm_128_64,52342815,128
1430725596,slsmqhm_128_64,52110991,128
1361682332,slsmqhm_128_64,52036306,128
1550723212,slsmqhm_128_128,51494031,128
1530395262,slsmqhm_128_128,51436815,128
1570469950,slsmqhm_128_128,51604288,128
1564466920,slsmqhm_128_128,51474934,128
1541063366,slsmqhm_128_128,51487499,128
2009241098,slsmqhm_128_256,51362505,128
1933871036,slsmqhm_128_256,51404331,128
1928357698,slsmqhm_128_256,51292079,128
1992249448,slsmqhm_128_256,51294355,128
2014166638,slsmqhm_128_256,51378388,128
2610290104,slsmqhm_128_512,51537659,128
2413143538,slsmqhm_128_512,51226062,128
2571144140,slsmqhm_128_512,51400902,128
2642386258,slsmqhm_128_512,51329231,128
2428908066,slsmqhm_128_512,51328322,128
2984509332,slsmqhm_128_1024,51411291,128
3448992272,slsmqhm_128_1024,51824309,128
3066554932,slsmqhm_128_1024,51663516,128
3080946466,slsmqhm_128_1024,51579119,128
2926773942,slsmqhm_128_1024,51614335,128
6883914952,slsmqhm_256_1,139935773,128
6771886764,slsmqhm_256_1,139500095,128
6487559986,slsmqhm_256_1,137845652,128
7181381350,slsmqhm_256_1,148646736,128
6842354054,slsmqhm_256_1,148119337,128
6130625392,slsmqhm_256_2,121206233,128
5407154188,slsmqhm_256_2,114351847,128
5884821472,slsmqhm_256_2,122770909,128
5652269894,slsmqhm_256_2,116860689,128
5877064024,slsmqhm_256_2,123073955,128
5081617016,slsmqhm_256_4,106985714,128
5772243174,slsmqhm_256_4,123062919,128
5095972130,slsmqhm_256_4,115030769,128
5358046844,slsmqhm_256_4,114757291,128
5280080828,slsmqhm_256_4,115186157,128
4056035160,slsmqhm_256_8,92814958,128
4192745206,slsmqhm_256_8,95611211,128
4154255814,slsmqhm_256_8,94844604,128
4101864950,slsmqhm_256_8,91836020,128
4831286086,slsmqhm_256_8,100126342,128
3031665808,slsmqhm_256_16,78892108,128
2950047456,slsmqhm_256_16,76556733,128
3008447256,slsmqhm_256_16,71053383,128
3469165146,slsmqhm_256_16,81210915,128
3084194134,slsmqhm_256_16,74798674,128
2113180312,slsmqhm_256_32,62851557,128
2196950766,slsmqhm_256_32,63511905,128
2895850830,slsmqhm_256_32,69063430,128
2251082248,slsmqhm_256_32,62212495,128
3068500056,slsmqhm_256_32,65507945,128
2114563314,slsmqhm_256_64,54760457,128
1666890514,slsmqhm_256_64,56066541,128
2058468212,slsmqhm_256_64,55693120,128
1461844142,slsmqhm_256_64,55336378,128
1731714358,slsmqhm_256_64,54592179,128
1433412552,slsmqhm_256_128,52595530,128
1393605158,slsmqhm_256_128,52590211,128
1659896988,slsmqhm_256_128,52542394,128
1707260876,slsmqhm_256_128,53084796,128
1743524338,slsmqhm_256_128,52786706,128
1523468238,slsmqhm_256_256,51514599,128
1630641888,slsmqhm_256_256,52038051,128
1525820384,slsmqhm_256_256,51577527,128
1594371754,slsmqhm_256_256,51833195,128
1517293650,slsmqhm_256_256,51858751,128
1956977758,slsmqhm_256_512,51660282,128
1985040980,slsmqhm_256_512,51642733,128
2032960638,slsmqhm_256_512,51766233,128
1973886390,slsmqhm_256_512,51911769,128
1824919568,slsmqhm_256_512,51367789,128
2439118980,slsmqhm_256_1024,51829514,128
2551224084,slsmqhm_256_1024,51878397,128
2503616458,slsmqhm_256_1024,51683318,128
2569670942,slsmqhm_256_1024,52299232,128
2445128996,slsmqhm_256_1024,52121711,128
7403573348,slsmqhm_512_1,158356084,128
7191674972,slsmqhm_512_1,154046286,128
7222412314,slsmqhm_512_1,161930360,128
6289978308,slsmqhm_512_1,148828237,128
6825810176,slsmqhm_512_1,138284673,128
6369016238,slsmqhm_512_2,131294846,128
6479043012,slsmqhm_512_2,138991790,128
6081442394,slsmqhm_512_2,129479332,128
6470872816,slsmqhm_512_2,127198228,128
7717024950,slsmqhm_512_2,137688163,128
5495384220,slsmqhm_512_4,120187608,128
5891853598,slsmqhm_512_4,122631968,128
5458148436,slsmqhm_512_4,123296425,128
5155946462,slsmqhm_512_4,117526079,128
5053036812,slsmqhm_512_4,121498898,128
5501868436,slsmqhm_512_8,111038948,128
4799459876,slsmqhm_512_8,105210123,128
4327236272,slsmqhm_512_8,102031841,128
4816255736,slsmqhm_512_8,113027210,128
5281974384,slsmqhm_512_8,112466549,128
4265045050,slsmqhm_512_16,97717390,128
4183448832,slsmqhm_512_16,98059099,128
4236233124,slsmqhm_512_16,96979733,128
4207953622,slsmqhm_512_16,97729695,128
4030270008,slsmqhm_512_16,86314591,128
4045196568,slsmqhm_512_32,89419876,128
2546003768,slsmqhm_512_32,78578152,128
2822627270,slsmqhm_512_32,77321158,128
3575546036,slsmqhm_512_32,81744815,128
3424901504,slsmqhm_512_32,81147891,128
2536304646,slsmqhm_512_64,68279973,128
2446693040,slsmqhm_512_64,68313841,128
2403253672,slsmqhm_512_64,71113593,128
2209603012,slsmqhm_512_64,67311824,128
2350299236,slsmqhm_512_64,65956773,128
2231939988,slsmqhm_512_128,60562300,128
1639527652,slsmqhm_512_128,58651399,128
2181930724,slsmqhm_512_128,57620855,128
2396653864,slsmqhm_512_128,62625790,128
1977612618,slsmqhm_512_128,56988010,128
2120089340,slsmqhm_512_256,53973182,128
2111804374,slsmqhm_512_256,55761114,128
1719819492,slsmqhm_512_256,53578244,128
1495688492,slsmqhm_512_256,53805841,128
1571987832,slsmqhm_512_256,53266131,128
1524636454,slsmqhm_512_512,52114731,128
1596468284,slsmqhm_512_512,52290737,128
1605323506,slsmqhm_512_512,52367578,128
1741775036,slsmqhm_512_512,52568029,128
1706647160,slsmqhm_512_512,53291438,128
1955022124,slsmqhm_512_1024,52381179,128
2018003136,slsmqhm_512_1024,52572391,128
1980465984,slsmqhm_512_1024,52199931,128
1928485814,slsmqhm_512_1024,52313753,128
1958253856,slsmqhm_512_1024,52595255,128
7514197738,slsmqhm_1024_1,152495901,128
7423925884,slsmqhm_1024_1,150816612,128
7057902908,slsmqhm_1024_1,148902590,128
6884371276,slsmqhm_1024_1,146838516,128
7090072916,slsmqhm_1024_1,151363041,128
6378895464,slsmqhm_1024_2,132229104,128
7074584048,slsmqhm_1024_2,149959345,128
7392425912,slsmqhm_1024_2,152954408,128
6607596268,slsmqhm_1024_2,140181166,128
7190108212,slsmqhm_1024_2,146061764,128
5664600120,slsmqhm_1024_4,122930094,128
6335149118,slsmqhm_1024_4,137153348,128
6070565722,slsmqhm_1024_4,142967642,128
5940088128,slsmqhm_1024_4,124237050,128
6433856850,slsmqhm_1024_4,142716346,128
5775021756,slsmqhm_1024_8,120785803,128
4918881802,slsmqhm_1024_8,117420662,128
5910877860,slsmqhm_1024_8,126886802,128
5459633064,slsmqhm_1024_8,120930200,128
5483470426,slsmqhm_1024_8,125137780,128
5012243340,slsmqhm_1024_16,117001534,128
4706800650,slsmqhm_1024_16,107862946,128
4906010332,slsmqhm_1024_16,113979625,128
5206088066,slsmqhm_1024_16,118184246,128
5296862202,slsmqhm_1024_16,116984789,128
4335340692,slsmqhm_1024_32,94356071,128
3464895334,slsmqhm_1024_32,94688652,128
3907981834,slsmqhm_1024_32,100064486,128
4546105124,slsmqhm_1024_32,100254060,128
3402016008,slsmqhm_1024_32,93722155,128
3636691880,slsmqhm_1024_64,88244013,128
3040058266,slsmqhm_1024_64,86772690,128
3338647924,slsmqhm_1024_64,88396279,128
3628751890,slsmqhm_1024_64,87435681,128
3982984982,slsmqhm_1024_64,88885111,128
3060825168,slsmqhm_1024_128,76445530,128
2783571082,slsmqhm_1024_128,75411882,128
2795227164,slsmqhm_1024_128,66595965,128
2908097938,slsmqhm_1024_128,77631685,128
2877727540,slsmqhm_1024_128,74015118,128
2319841696,slsmqhm_1024_256,62364601,128
3334071066,slsmqhm_1024_256,66533267,128
2252970010,slsmqhm_1024_256,63876772,128
2158793254,slsmqhm_1024_256,61491427,128
2162239860,slsmqhm_1024_256,60743424,128
1812182054,slsmqhm_1024_512,55549883,128
1618199102,slsmqhm_1024_512,55116105,128
2740869882,slsmqhm_1024_512,54585196,128
1916551266,slsmqhm_1024_512,55537643,128
1604647548,slsmqhm_1024_512,55742234,128
1589763656,slsmqhm_1024_1024,52935180,128
1725120320,slsmqhm_1024_1024,53204934,128
1741480540,slsmqhm_1024_1024,54294318,128
1567223924,slsmqhm_1024_1024,53142969,128
1599645508,slsmqhm_1024_1024,53306194,128
