6643424446,slsmqhm_1_1,43677629,128
6624315434,slsmqhm_1_1,43562058,128
6750946966,slsmqhm_1_1,44068093,128
6853615854,slsmqhm_1_1,44069983,128
7058623192,slsmqhm_1_1,44258451,128
7141990516,slsmqhm_1_2,42261908,128
6395151136,slsmqhm_1_2,42581683,128
6483648490,slsmqhm_1_2,42165662,128
6195238424,slsmqhm_1_2,42474739,128
7198729756,slsmqhm_1_2,42330458,128
5458535360,slsmqhm_1_4,41182962,128
4895690526,slsmqhm_1_4,41116798,128
5267915518,slsmqhm_1_4,41098450,128
5347487224,slsmqhm_1_4,41028983,128
5951099788,slsmqhm_1_4,40964010,128
5396453810,slsmqhm_1_8,40831495,128
5228756968,slsmqhm_1_8,40436223,128
5283375520,slsmqhm_1_8,40552742,128
6818698936,slsmqhm_1_8,41100778,128
5285976560,slsmqhm_1_8,40697174,128
4786592746,slsmqhm_1_16,40078425,128
5654409558,slsmqhm_1_16,40740682,128
5634995634,slsmqhm_1_16,40159949,128
7200082638,slsmqhm_1_16,41155412,128
5738359534,slsmqhm_1_16,40469857,128
5570338628,slsmqhm_1_32,40987470,128
6216679080,slsmqhm_1_32,40687649,128
6065565826,slsmqhm_1_32,40729950,128
7199210636,slsmqhm_1_32,40831005,128
6577690204,slsmqhm_1_32,40418472,128
5207442958,slsmqhm_1_64,38307091,128
5800331794,slsmqhm_1_64,40736864,128
6037560742,slsmqhm_1_64,40763421,128
5509403852,slsmqhm_1_64,40815035,128
7067069976,slsmqhm_1_64,40892045,128
7274121734,slsmqhm_1_128,41488946,128
7309649654,slsmqhm_1_128,41682255,128
7013713864,slsmqhm_1_128,41861905,128
6148990126,slsmqhm_1_128,40158149,128
6265950514,slsmqhm_1_128,41091136,128
8208247458,slsmqhm_1_256,42852754,128
8557969540,slsmqhm_1_256,42380088,128
6244556804,slsmqhm_1_256,41058675,128
6534561152,slsmqhm_1_256,41176996,128
8106026180,slsmqhm_1_256,42450528,128
8001788304,slsmqhm_1_512,44254191,128
6912845370,slsmqhm_1_512,42065376,128
7440586612,slsmqhm_1_512,42041191,128
7872617828,slsmqhm_1_512,44743162,128
7741741666,slsmqhm_1_512,43359299,128
8342011012,slsmqhm_1_1024,44253189,128
7706564912,slsmqhm_1_1024,43317738,128
7713924624,slsmqhm_1_1024,43218581,128
7682709166,slsmqhm_1_1024,44448912,128
8783128190,slsmqhm_1_1024,44229782,128
6899032172,slsmqhm_2_1,45286576,128
7517452608,slsmqhm_2_1,45071966,128
7710259138,slsmqhm_2_1,45326856,128
7948165366,slsmqhm_2_1,45252597,128
8946248198,slsmqhm_2_1,46174557,128
7585328502,slsmqhm_2_2,44755992,128
7427891470,slsmqhm_2_2,43936362,128
6737292796,slsmqhm_2_2,44047559,128
6757878164,slsmqhm_2_2,43861381,128
12698509348,slsmqhm_2_2,43816049,128
5437732116,slsmqhm_2_4,42512902,128
5866199956,slsmqhm_2_4,42865635,128
5582755918,slsmqhm_2_4,42670912,128
6789402652,slsmqhm_2_4,42807594,128
10284372832,slsmqhm_2_4,42944765,128
5239724026,slsmqhm_2_8,41616948,128
5703592632,slsmqhm_2_8,41764148,128
5699275590,slsmqhm_2_8,41631804,128
5406012068,slsmqhm_2_8,41534599,128
6193870434,slsmqhm_2_8,42729755,128
5518864598,slsmqhm_2_16,41251014,128
5085698498,slsmqhm_2_16,41035467,128
5041024124,slsmqhm_2_16,41188269,128
6790665364,slsmqhm_2_16,41423956,128
6013065304,slsmqhm_2_16,40897253,128
6132611156,slsmqhm_2_32,41368715,128
5789776346,slsmqhm_2_32,40779597,128
6086158210,slsmqhm_2_32,40959118,128
5762081464,slsmqhm_2_32,41012805,128
5650717810,slsmqhm_2_32,40859215,128
6679750690,slsmqhm_2_64,41032808,128
7171812860,slsmqhm_2_64,42253605,128
6672456526,slsmqhm_2_64,42071653,128
6421141942,slsmqhm_2_64,42359127,128
7395237244,slsmqhm_2_64,41428004,128
7758666602,slsmqhm_2_128,42044272,128
6414001778,slsmqhm_2_128,40980690,128
6194809564,slsmqhm_2_128,41194978,128
7103752228,slsmqhm_2_128,41112766,128
7723538742,slsmqhm_2_128,42795250,128
8143408858,slsmqhm_2_256,42220745,128
6552699196,slsmqhm_2_256,41456502,128
5890014500,slsmqhm_2_256,41199691,128
5607584226,slsmqhm_2_256,40739635,128
8174503342,slsmqhm_2_256,41836955,128
6515159272,slsmqhm_2_512,41668612,128
7515428482,slsmqhm_2_512,43292601,128
7772586474,slsmqhm_2_512,41725228,128
6895865966,slsmqhm_2_512,45246733,128
5717383744,slsmqhm_2_512,41187060,128
9299747330,slsmqhm_2_1024,47632021,128
7928922146,slsmqhm_2_1024,43678125,128
7140862392,slsmqhm_2_1024,44590372,128
7482852694,slsmqhm_2_1024,42582250,128
10125156540,slsmqhm_2_1024,43592435,128
7353488184,slsmqhm_4_1,48331895,128
6673608214,slsmqhm_4_1,47884940,128
6125238258,slsmqhm_4_1,48321331,128
6189965494,slsmqhm_4_1,48084227,128
5931722916,slsmqhm_4_1,48830617,128
7448154008,slsmqhm_4_2,46202408,128
6475924174,slsmqhm_4_2,46346282,128
9321000908,slsmqhm_4_2,45895646,128
7057277008,slsmqhm_4_2,45450209,128
8049184400,slsmqhm_4_2,45434496,128
5955464528,slsmqhm_4_4,44304789,128
10942284876,slsmqhm_4_4,44352560,128
6750374042,slsmqhm_4_4,44764036,128
6823338266,slsmqhm_4_4,45090836,128
8725713096,slsmqhm_4_4,44133867,128
4900048548,slsmqhm_4_8,42747411,128
5607487912,slsmqhm_4_8,43275796,128
7424914192,slsmqhm_4_8,43155871,128
5640111852,slsmqhm_4_8,43105647,128
5126981910,slsmqhm_4_8,43755234,128
5558870008,slsmqhm_4_16,42322645,128
6006968870,slsmqhm_4_16,42731472,128
6759316870,slsmqhm_4_16,42800139,128
6256566618,slsmqhm_4_16,42294758,128
5216609126,slsmqhm_4_16,41636803,128
5450064534,slsmqhm_4_32,41890887,128
5593289100,slsmqhm_4_32,41864759,128
5454329154,slsmqhm_4_32,41691841,128
5874595720,slsmqhm_4_32,41994476,128
6444068226,slsmqhm_4_32,42519079,128
6603994018,slsmqhm_4_64,41733094,128
5859810014,slsmqhm_4_64,41774899,128
5879135014,slsmqhm_4_64,42170830,128
6452290858,slsmqhm_4_64,42325055,128
6725227508,slsmqhm_4_64,42787931,128
6443984206,slsmqhm_4_128,41915633,128
6229758728,slsmqhm_4_128,41245234,128
6011950384,slsmqhm_4_128,42161219,128
6899190328,slsmqhm_4_128,42408168,128
7217363062,slsmqhm_4_128,42315065,128
7131026032,slsmqhm_4_256,43736370,128
7514301850,slsmqhm_4_256,42914724,128
6460364126,slsmqhm_4_256,42620940,128
7509816602,slsmqhm_4_256,42200689,128
6361519956,slsmqhm_4_256,41754565,128
6573460568,slsmqhm_4_512,42531692,128
6741120826,slsmqhm_4_512,41843719,128
6839419138,slsmqhm_4_512,43489109,128
6998160772,slsmqhm_4_512,43964877,128
6297651242,slsmqhm_4_512,40386251,128
7650679648,slsmqhm_4_1024,43308375,128
7645492496,slsmqhm_4_1024,46550994,128
7950187462,slsmqhm_4_1024,47141095,128
7866276824,slsmqhm_4_1024,45414968,128
6769777620,slsmqhm_4_1024,43166061,128
6550162280,slsmqhm_8_1,52132303,128
7599624438,slsmqhm_8_1,50922287,128
6366164016,slsmqhm_8_1,52414969,128
6292490314,slsmqhm_8_1,52538114,128
8842522126,slsmqhm_8_1,52321108,128
5558171908,slsmqhm_8_2,49031688,128
11636180498,slsmqhm_8_2,49500909,128
6849809796,slsmqhm_8_2,48884247,128
6227142082,slsmqhm_8_2,48181753,128
6124906482,slsmqhm_8_2,47947251,128
6396168984,slsmqhm_8_4,45839217,128
7577699522,slsmqhm_8_4,47468479,128
7452559770,slsmqhm_8_4,47750835,128
10637388970,slsmqhm_8_4,46090656,128
5687042672,slsmqhm_8_4,46693472,128
5912784782,slsmqhm_8_8,44979485,128
9842357206,slsmqhm_8_8,45831175,128
7460970542,slsmqhm_8_8,45011724,128
6006597198,slsmqhm_8_8,45423895,128
7499401616,slsmqhm_8_8,45954582,128
5075099348,slsmqhm_8_16,44119842,128
4769923458,slsmqhm_8_16,43720178,128
5395956600,slsmqhm_8_16,44740611,128
4698848974,slsmqhm_8_16,43813474,128
10078685770,slsmqhm_8_16,43787837,128
5614324924,slsmqhm_8_32,42919185,128
5754098062,slsmqhm_8_32,44169027,128
5619033842,slsmqhm_8_32,43167189,128
5609026008,slsmqhm_8_32,43468729,128
5372064536,slsmqhm_8_32,43557550,128
6525170416,slsmqhm_8_64,43423555,128
6011937786,slsmqhm_8_64,42990653,128
7201869336,slsmqhm_8_64,43424818,128
5992977020,slsmqhm_8_64,42733739,128
5892875528,slsmqhm_8_64,43070013,128
5472543746,slsmqhm_8_128,41583263,128
6453083364,slsmqhm_8_128,41476385,128
7813524528,slsmqhm_8_128,43048054,128
7951738650,slsmqhm_8_128,42793643,128
7035729434,slsmqhm_8_128,44192622,128
7036037336,slsmqhm_8_256,43667053,128
5460825920,slsmqhm_8_256,40089129,128
6678598056,slsmqhm_8_256,41777292,128
6748648392,slsmqhm_8_256,43175281,128
6748305580,slsmqhm_8_256,44491657,128
7668574208,slsmqhm_8_512,45355031,128
7422411658,slsmqhm_8_512,42686124,128
7362255780,slsmqhm_8_512,43955362,128
6234022200,slsmqhm_8_512,40911443,128
8153247716,slsmqhm_8_512,44433387,128
8495527836,slsmqhm_8_1024,46174723,128
6833188718,slsmqhm_8_1024,43097238,128
8221334546,slsmqhm_8_1024,49249978,128
7496519602,slsmqhm_8_1024,44118458,128
6945590416,slsmqhm_8_1024,42547057,128
6393715358,slsmqhm_16_1,55575573,128
6529573822,slsmqhm_16_1,58165393,128
8800222182,slsmqhm_16_1,56988540,128
11309600734,slsmqhm_16_1,58765726,128
7569580796,slsmqhm_16_1,56140069,128
5497282640,slsmqhm_16_2,52790550,128
6505218140,slsmqhm_16_2,52068390,128
5412694138,slsmqhm_16_2,53485754,128
6072641420,slsmqhm_16_2,53150340,128
5599756622,slsmqhm_16_2,52963750,128
5705254374,slsmqhm_16_4,50163308,128
5364722014,slsmqhm_16_4,52099606,128
6263506438,slsmqhm_16_4,50130820,128
6383097006,slsmqhm_16_4,49254656,128
5515438066,slsmqhm_16_4,49671609,128
5321480542,slsmqhm_16_8,48188881,128
6076790824,slsmqhm_16_8,47755699,128
5643928328,slsmqhm_16_8,47634979,128
16616827530,slsmqhm_16_8,47694670,128
11390157062,slsmqhm_16_8,47971876,128
5326983820,slsmqhm_16_16,46315631,128
9832455454,slsmqhm_16_16,44796671,128
9907889034,slsmqhm_16_16,46273844,128
6091588598,slsmqhm_16_16,45431572,128
12864924462,slsmqhm_16_16,46012287,128
5060932004,slsmqhm_16_32,45676354,128
5074043374,slsmqhm_16_32,45929449,128
5065122832,slsmqhm_16_32,44625191,128
5319828550,slsmqhm_16_32,45812461,128
5324535944,slsmqhm_16_32,45731235,128
6058355466,slsmqhm_16_64,43977409,128
5621591330,slsmqhm_16_64,44504886,128
5792432884,slsmqhm_16_64,44481130,128
7901483016,slsmqhm_16_64,44822826,128
5839289024,slsmqhm_16_64,45257444,128
7228223416,slsmqhm_16_128,45874322,128
6053916712,slsmqhm_16_128,44507756,128
6916280048,slsmqhm_16_128,45280630,128
7098467610,slsmqhm_16_128,46305609,128
5973024628,slsmqhm_16_128,43655385,128
7138509620,slsmqhm_16_256,43623603,128
7063231448,slsmqhm_16_256,43009859,128
6468727006,slsmqhm_16_256,43924454,128
6832165230,slsmqhm_16_256,45494277,128
7567012518,slsmqhm_16_256,44381522,128
7418115060,slsmqhm_16_512,44204164,128
7529611452,slsmqhm_16_512,44622312,128
7006692504,slsmqhm_16_512,45399811,128
7854152866,slsmqhm_16_512,44791151,128
7135711410,slsmqhm_16_512,45377764,128
7996098744,slsmqhm_16_1024,43153864,128
7981297310,slsmqhm_16_1024,44983700,128
7104325486,slsmqhm_16_1024,44015144,128
7413745860,slsmqhm_16_1024,44592306,128
6424135546,slsmqhm_16_1024,42043835,128
9263087476,slsmqhm_32_1,63727988,128
7680769594,slsmqhm_32_1,63586179,128
6693525078,slsmqhm_32_1,62034594,128
17225944030,slsmqhm_32_1,62695595,128
6877104340,slsmqhm_32_1,63286647,128
13620460716,slsmqhm_32_2,58723181,128
10757505520,slsmqhm_32_2,55810000,128
9944328878,slsmqhm_32_2,56863712,128
8749098502,slsmqhm_32_2,56709316,128
8736888014,slsmqhm_32_2,58032989,128
5298731138,slsmqhm_32_4,51978618,128
5292290470,slsmqhm_32_4,52483189,128
7453377682,slsmqhm_32_4,54181909,128
6187913418,slsmqhm_32_4,53558763,128
6778321038,slsmqhm_32_4,55729292,128
9320334380,slsmqhm_32_8,52578375,128
9484101178,slsmqhm_32_8,50938386,128
5446956148,slsmqhm_32_8,51492948,128
5233443974,slsmqhm_32_8,51705026,128
5038525876,slsmqhm_32_8,51238191,128
6439730574,slsmqhm_32_16,49485043,128
5565872990,slsmqhm_32_16,50707380,128
6210356066,slsmqhm_32_16,49246402,128
5225999326,slsmqhm_32_16,49416342,128
5561604690,slsmqhm_32_16,50125810,128
5868089622,slsmqhm_32_32,49702956,128
6405197450,slsmqhm_32_32,48838234,128
6045237522,slsmqhm_32_32,48821494,128
4943202850,slsmqhm_32_32,46602974,128
5480824168,slsmqhm_32_32,47572868,128
5196552764,slsmqhm_32_64,47200030,128
4812681370,slsmqhm_32_64,45764627,128
5146030762,slsmqhm_32_64,47155422,128
4902112012,slsmqhm_32_64,46886996,128
4893983828,slsmqhm_32_64,46445063,128
5958800830,slsmqhm_32_128,45623319,128
6067452440,slsmqhm_32_128,45809005,128
5546712268,slsmqhm_32_128,44905691,128
6117969050,slsmqhm_32_128,43910909,128
5891958874,slsmqhm_32_128,46289817,128
6947091180,slsmqhm_32_256,46078868,128
6717547846,slsmqhm_32_256,45393023,128
7177248102,slsmqhm_32_256,47082303,128
6131646340,slsmqhm_32_256,44567309,128
7211130964,slsmqhm_32_256,46066081,128
7236805444,slsmqhm_32_512,46809479,128
7708605940,slsmqhm_32_512,48393386,128
7635581430,slsmqhm_32_512,46461306,128
6689498312,slsmqhm_32_512,46261117,128
6637325696,slsmqhm_32_512,45007830,128
7596100204,slsmqhm_32_1024,45535828,128
7558469670,slsmqhm_32_1024,45815668,128
8212013988,slsmqhm_32_1024,50676471,128
7397651040,slsmqhm_32_1024,45741535,128
7631497272,slsmqhm_32_1024,46257593,128
9359896478,slsmqhm_64_1,66591583,128
13717546010,slsmqhm_64_1,67131992,128
14474541570,slsmqhm_64_1,69095752,128
11365379606,slsmqhm_64_1,68548855,128
7325019916,slsmqhm_64_1,67147912,128
7615174728,slsmqhm_64_2,63566247,128
10326295190,slsmqhm_64_2,64035353,128
15301600320,slsmqhm_64_2,62246849,128
10982759896,slsmqhm_64_2,65400538,128
12741684486,slsmqhm_64_2,63609595,128
9533629528,slsmqhm_64_4,61737911,128
10989973940,slsmqhm_64_4,57577501,128
6693100238,slsmqhm_64_4,58791257,128
8657386760,slsmqhm_64_4,59697596,128
7943029390,slsmqhm_64_4,58407130,128
5606963048,slsmqhm_64_8,55114814,128
6112406490,slsmqhm_64_8,57531400,128
5241401612,slsmqhm_64_8,54957745,128
5235739000,slsmqhm_64_8,54972044,128
5721334646,slsmqhm_64_8,54439461,128
4881235878,slsmqhm_64_16,53288859,128
6189951240,slsmqhm_64_16,52094239,128
5658871282,slsmqhm_64_16,54361691,128
5495563970,slsmqhm_64_16,54728483,128
5424805752,slsmqhm_64_16,53457237,128
4577174238,slsmqhm_64_32,49731541,128
5448143054,slsmqhm_64_32,52727388,128
6395345838,slsmqhm_64_32,51849587,128
5324249066,slsmqhm_64_32,51133248,128
5354179354,slsmqhm_64_32,51348167,128
13623659876,slsmqhm_64_64,50378647,128
5708653920,slsmqhm_64_64,50188695,128
7140970806,slsmqhm_64_64,48647603,128
6689660590,slsmqhm_64_64,50679495,128
4890145202,slsmqhm_64_64,49401530,128
8736197446,slsmqhm_64_128,45776076,128
8617432752,slsmqhm_64_128,50409979,128
7553890314,slsmqhm_64_128,48931922,128
10693349978,slsmqhm_64_128,48923343,128
7012092796,slsmqhm_64_128,48863483,128
5865045760,slsmqhm_64_256,47781141,128
5699319634,slsmqhm_64_256,46387784,128
5779521810,slsmqhm_64_256,48950399,128
6039883232,slsmqhm_64_256,46600272,128
5910509846,slsmqhm_64_256,49900467,128
6580732530,slsmqhm_64_512,47484154,128
6620023472,slsmqhm_64_512,48168431,128
6501711798,slsmqhm_64_512,46012333,128
6935161298,slsmqhm_64_512,48222909,128
7118435560,slsmqhm_64_512,47612984,128
8133483784,slsmqhm_64_1024,49064157,128
8276361966,slsmqhm_64_1024,49615138,128
8249163470,slsmqhm_64_1024,49434679,128
8195040226,slsmqhm_64_1024,49533566,128
10548634654,slsmqhm_64_1024,51001709,128
12106937104,slsmqhm_128_1,71937588,128
13902417926,slsmqhm_128_1,70013369,128
11167463958,slsmqhm_128_1,71624894,128
8791914018,slsmqhm_128_1,70722118,128
7625487544,slsmqhm_128_1,74081026,128
7634084950,slsmqhm_128_2,67790513,128
6963448538,slsmqhm_128_2,68175260,128
9629810896,slsmqhm_128_2,65782025,128
9753889572,slsmqhm_128_2,68403387,128
7718321274,slsmqhm_128_2,69940127,128
6866814182,slsmqhm_128_4,63135422,128
9865488788,slsmqhm_128_4,65504865,128
11093971914,slsmqhm_128_4,66033869,128
14834041648,slsmqhm_128_4,62031505,128
13356454338,slsmqhm_128_4,63709317,128
6099925052,slsmqhm_128_8,62225101,128
8335963102,slsmqhm_128_8,61881110,128
5936698600,slsmqhm_128_8,62433262,128
7354454130,slsmqhm_128_8,62711183,128
5899738898,slsmqhm_128_8,61401415,128
6271022968,slsmqhm_128_16,57341363,128
5334276740,slsmqhm_128_16,54973319,128
7806691418,slsmqhm_128_16,49285742,128
5283434328,slsmqhm_128_16,57845438,128
5587369904,slsmqhm_128_16,58387887,128
4955804558,slsmqhm_128_32,57575953,128
7681796038,slsmqhm_128_32,57281859,128
4904941578,slsmqhm_128_32,55083353,128
5393343714,slsmqhm_128_32,53015573,128
5865620838,slsmqhm_128_32,55389422,128
4568780386,slsmqhm_128_64,50419713,128
5275894448,slsmqhm_128_64,55977388,128
10701804100,slsmqhm_128_64,52719613,128
9025547144,slsmqhm_128_64,53933275,128
6065878196,slsmqhm_128_64,53670116,128
7009565568,slsmqhm_128_128,52236652,128
11859453788,slsmqhm_128_128,49842942,128
6341313716,slsmqhm_128_128,53544858,128
6664857156,slsmqhm_128_128,50739493,128
9713727778,slsmqhm_128_128,50813803,128
7238035306,slsmqhm_128_256,52841353,128
6505874694,slsmqhm_128_256,46952720,128
6232784054,slsmqhm_128_256,48965758,128
5981232828,slsmqhm_128_256,50404248,128
7607643168,slsmqhm_128_256,51305346,128
6054557264,slsmqhm_128_512,52792585,128
5822538820,slsmqhm_128_512,50149069,128
6167636218,slsmqhm_128_512,51717469,128
6050121312,slsmqhm_128_512,50904829,128
5902061698,slsmqhm_128_512,51478441,128
7012902768,slsmqhm_128_1024,50183915,128
6792826628,slsmqhm_128_1024,51476969,128
7128023876,slsmqhm_128_1024,51899794,128
7265234950,slsmqhm_128_1024,53931922,128
7132785506,slsmqhm_128_1024,50807152,128
13854459606,slsmqhm_256_1,79316776,128
14433732846,slsmqhm_256_1,76090461,128
11951477766,slsmqhm_256_1,76977426,128
13556164708,slsmqhm_256_1,75897179,128
8860877256,slsmqhm_256_1,80700263,128
17367658620,slsmqhm_256_2,74706093,128
15521122456,slsmqhm_256_2,73150018,128
13094784072,slsmqhm_256_2,73411591,128
8116459288,slsmqhm_256_2,72829734,128
9720297678,slsmqhm_256_2,74483324,128
7012701458,slsmqhm_256_4,69100012,128
14474881038,slsmqhm_256_4,81004952,128
9083581882,slsmqhm_256_4,66520212,128
8885672278,slsmqhm_256_4,67924507,128
12282070832,slsmqhm_256_4,69320842,128
6662340944,slsmqhm_256_8,67880908,128
11121680770,slsmqhm_256_8,63519424,128
6961388482,slsmqhm_256_8,65696271,128
14781822080,slsmqhm_256_8,64053980,128
8663402496,slsmqhm_256_8,64370839,128
6067276776,slsmqhm_256_16,63280208,128
8099914684,slsmqhm_256_16,63971521,128
5697151108,slsmqhm_256_16,61876820,128
5347117126,slsmqhm_256_16,53030375,128
5881836616,slsmqhm_256_16,63122915,128
5014267872,slsmqhm_256_32,60281686,128
5217841624,slsmqhm_256_32,59449496,128
5354949984,slsmqhm_256_32,57092991,128
5021955166,slsmqhm_256_32,55620203,128
6777483830,slsmqhm_256_32,60961750,128
5314720692,slsmqhm_256_64,58134451,128
4571851508,slsmqhm_256_64,56255389,128
9010399900,slsmqhm_256_64,56367675,128
9418307820,slsmqhm_256_64,57035559,128
5434866114,slsmqhm_256_64,57852264,128
6275223644,slsmqhm_256_128,54890685,128
8302257630,slsmqhm_256_128,54977115,128
7737614148,slsmqhm_256_128,55519286,128
6580610348,slsmqhm_256_128,55388332,128
5322894738,slsmqhm_256_128,55602436,128
6699868168,slsmqhm_256_256,55414682,128
7823044836,slsmqhm_256_256,51543512,128
6439356976,slsmqhm_256_256,53835675,128
6464281786,slsmqhm_256_256,55780856,128
12596034028,slsmqhm_256_256,52868585,128
6356592152,slsmqhm_256_512,51677085,128
6396284280,slsmqhm_256_512,54158112,128
6634999088,slsmqhm_256_512,54949923,128
5817739364,slsmqhm_256_512,53121933,128
9877165086,slsmqhm_256_512,52294018,128
5769005196,slsmqhm_256_1024,50645366,128
5778347508,slsmqhm_256_1024,52271854,128
16039013280,slsmqhm_256_1024,56153669,128
10961505658,slsmqhm_256_1024,56217281,128
5952994026,slsmqhm_256_1024,54097030,128
16098224520,slsmqhm_512_1,76234081,128
14925536678,slsmqhm_512_1,81874229,128
7867029968,slsmqhm_512_1,76810938,128
12735837714,slsmqhm_512_1,79341115,128
12264498330,slsmqhm_512_1,77335206,128
14300533132,slsmqhm_512_2,73555452,128
10475777700,slsmqhm_512_2,79166324,128
16037964354,slsmqhm_512_2,74262058,128
9844731802,slsmqhm_512_2,74463503,128
9886516396,slsmqhm_512_2,80717558,128
9857428756,slsmqhm_512_4,74422764,128
10936469038,slsmqhm_512_4,73941179,128
10273889974,slsmqhm_512_4,72153695,128
8832729288,slsmqhm_512_4,74341350,128
12023257654,slsmqhm_512_4,75320638,128
7443295858,slsmqhm_512_8,70987230,128
16385359770,slsmqhm_512_8,73317494,128
10078942480,slsmqhm_512_8,70112428,128
9108059834,slsmqhm_512_8,78224061,128
7482700524,slsmqhm_512_8,75396268,128
14729538020,slsmqhm_512_16,68040796,128
13107795374,slsmqhm_512_16,62478693,128
6078196972,slsmqhm_512_16,64107328,128
10106117580,slsmqhm_512_16,67147439,128
6906138078,slsmqhm_512_16,67485665,128
6578140450,slsmqhm_512_32,66498725,128
5555894480,slsmqhm_512_32,60160951,128
6013424572,slsmqhm_512_32,63294956,128
6274715826,slsmqhm_512_32,64019052,128
13041657714,slsmqhm_512_32,62821506,128
5403322136,slsmqhm_512_64,63249752,128
6698049630,slsmqhm_512_64,60998876,128
5885915582,slsmqhm_512_64,62796873,128
10167867404,slsmqhm_512_64,60945654,128
5717020686,slsmqhm_512_64,62040102,128
5884752528,slsmqhm_512_128,62006952,128
4647866760,slsmqhm_512_128,58878775,128
6814549234,slsmqhm_512_128,62893630,128
8217065842,slsmqhm_512_128,66957453,128
5193670620,slsmqhm_512_128,63631243,128
6362582088,slsmqhm_512_256,59294351,128
9373250602,slsmqhm_512_256,62095447,128
6182361792,slsmqhm_512_256,59649991,128
6615210342,slsmqhm_512_256,58562119,128
7941221180,slsmqhm_512_256,57284534,128
6797686726,slsmqhm_512_512,57155608,128
6846942142,slsmqhm_512_512,59927687,128
4619337878,slsmqhm_512_512,45673875,128
6239914844,slsmqhm_512_512,59011024,128
8128329652,slsmqhm_512_512,53846546,128
15614323430,slsmqhm_512_1024,58348348,128
5744997070,slsmqhm_512_1024,55136954,128
6447488828,slsmqhm_512_1024,57465846,128
5931815056,slsmqhm_512_1024,55161694,128
8449848642,slsmqhm_512_1024,60567286,128
17789141538,slsmqhm_1024_1,77194623,128
13002565520,slsmqhm_1024_1,82285807,128
12520969866,slsmqhm_1024_1,81570509,128
10594414254,slsmqhm_1024_1,83388842,128
11429308794,slsmqhm_1024_1,72809279,128
14314662850,slsmqhm_1024_2,76517408,128
14799956592,slsmqhm_1024_2,82057661,128
10631748588,slsmqhm_1024_2,77037577,128
10664566876,slsmqhm_1024_2,78687111,128
11438772352,slsmqhm_1024_2,75908098,128
10560362320,slsmqhm_1024_4,79522947,128
13152478492,slsmqhm_1024_4,76937133,128
8012837070,slsmqhm_1024_4,73733384,128
15070294720,slsmqhm_1024_4,77332608,128
10256751780,slsmqhm_1024_4,75746718,128
10361263264,slsmqhm_1024_8,74303048,128
10419108502,slsmqhm_1024_8,73955797,128
7820432286,slsmqhm_1024_8,73813682,128
14123710578,slsmqhm_1024_8,79044868,128
7604145928,slsmqhm_1024_8,74063348,128
5612920426,slsmqhm_1024_16,57483777,128
6850369984,slsmqhm_1024_16,70994391,128
13551261794,slsmqhm_1024_16,65822104,128
7120119464,slsmqhm_1024_16,68961795,128
7889918398,slsmqhm_1024_16,73114732,128
5992287724,slsmqhm_1024_32,65852178,128
12332315290,slsmqhm_1024_32,63960489,128
6882508312,slsmqhm_1024_32,66940486,128
6266118504,slsmqhm_1024_32,66252607,128
6025412170,slsmqhm_1024_32,67372043,128
6093221984,slsmqhm_1024_64,68402234,128
8850757030,slsmqhm_1024_64,70298798,128
6923150090,slsmqhm_1024_64,67303578,128
6093665780,slsmqhm_1024_64,67007736,128
5931237122,slsmqhm_1024_64,66697038,128
5400986636,slsmqhm_1024_128,62508457,128
6443256550,slsmqhm_1024_128,63119515,128
6960598828,slsmqhm_1024_128,64626818,128
6371711198,slsmqhm_1024_128,67510890,128
7759268862,slsmqhm_1024_128,67408341,128
7676064056,slsmqhm_1024_256,65082195,128
7413677762,slsmqhm_1024_256,63663122,128
6918309076,slsmqhm_1024_256,62341223,128
6706857436,slsmqhm_1024_256,64532439,128
6423904734,slsmqhm_1024_256,61739264,128
7863432394,slsmqhm_1024_512,61854549,128
9332578618,slsmqhm_1024_512,57929230,128
9776812706,slsmqhm_1024_512,59565831,128
7669317292,slsmqhm_1024_512,64849555,128
5018451682,slsmqhm_1024_512,55616973,128
7983079348,slsmqhm_1024_1024,60888594,128
8332395270,slsmqhm_1024_1024,62855736,128
13071719212,slsmqhm_1024_1024,63695428,128
16147242266,slsmqhm_1024_1024,62447381,128
6984892940,slsmqhm_1024_1024,58642349,128
