2338809198,slsmqhm_1_1,12726035,128,0
2309960346,slsmqhm_1_1,12712202,128,0
2295192776,slsmqhm_1_1,12713164,128,0
2517584578,slsmqhm_1_1,12732579,128,0
2329903896,slsmqhm_1_1,12720629,128,0
2425981448,slsmqhm_1_2,12713298,128,0
2380331884,slsmqhm_1_2,12729306,128,0
2363630600,slsmqhm_1_2,12707350,128,0
2446519292,slsmqhm_1_2,12710472,128,0
2300518918,slsmqhm_1_2,12706428,128,0
2335862488,slsmqhm_1_4,12676131,128,0
2423868362,slsmqhm_1_4,12678142,128,0
2311175220,slsmqhm_1_4,12674739,128,0
2321470190,slsmqhm_1_4,12673759,128,0
2281880026,slsmqhm_1_4,12674282,128,0
2332924070,slsmqhm_1_8,12644775,128,0
2330007248,slsmqhm_1_8,12641079,128,0
2329571428,slsmqhm_1_8,12641763,128,0
2342956784,slsmqhm_1_8,12641504,128,0
2376750514,slsmqhm_1_8,12643303,128,0
2576360648,slsmqhm_1_16,12613911,128,0
2527245832,slsmqhm_1_16,12617113,128,0
2915705668,slsmqhm_1_16,12619957,128,0
2453752582,slsmqhm_1_16,12613107,128,0
3253172812,slsmqhm_1_16,12627182,128,0
2392732548,slsmqhm_1_32,12587336,128,0
2449395174,slsmqhm_1_32,12590072,128,0
3220904856,slsmqhm_1_32,12593570,128,0
2388401824,slsmqhm_1_32,12588884,128,0
2394333714,slsmqhm_1_32,12588098,128,0
2432221044,slsmqhm_1_64,12577919,128,0
2441192092,slsmqhm_1_64,12577586,128,0
2662858276,slsmqhm_1_64,12579325,128,0
2437086456,slsmqhm_1_64,12578144,128,0
2451697520,slsmqhm_1_64,12578119,128,0
2539831534,slsmqhm_1_128,12574042,128,0
2486450580,slsmqhm_1_128,12574899,128,0
2480807398,slsmqhm_1_128,12574548,128,0
2492766948,slsmqhm_1_128,12573578,128,0
2595049042,slsmqhm_1_128,12575745,128,0
2486995912,slsmqhm_1_256,12567354,128,0
2949965358,slsmqhm_1_256,12578246,128,0
2974213042,slsmqhm_1_256,12573669,128,0
2536775632,slsmqhm_1_256,12568734,128,0
2520738474,slsmqhm_1_256,12570774,128,0
2752709624,slsmqhm_1_512,12568888,128,0
2519693866,slsmqhm_1_512,12564176,128,0
3422922712,slsmqhm_1_512,12571399,128,0
2546729554,slsmqhm_1_512,12566761,128,0
2829374140,slsmqhm_1_512,12567037,128,0
2539113594,slsmqhm_1_1024,12561762,128,0
2612789148,slsmqhm_1_1024,12564545,128,0
3193068944,slsmqhm_1_1024,12566648,128,0
2638322346,slsmqhm_1_1024,12565436,128,0
2952577062,slsmqhm_1_1024,12567383,128,0
2319002490,slsmqhm_2_1,12657848,128,0
2242293646,slsmqhm_2_1,12656746,128,0
2272516994,slsmqhm_2_1,12662406,128,0
2266515690,slsmqhm_2_1,12662602,128,0
2240606028,slsmqhm_2_1,12662048,128,0
2268095186,slsmqhm_2_2,12691618,128,0
2253472890,slsmqhm_2_2,12661564,128,0
2244026508,slsmqhm_2_2,12661526,128,0
2294034618,slsmqhm_2_2,12673767,128,0
2287319110,slsmqhm_2_2,12663077,128,0
2239563864,slsmqhm_2_4,12642328,128,0
2225384094,slsmqhm_2_4,12646620,128,0
2255218736,slsmqhm_2_4,12654677,128,0
2239831742,slsmqhm_2_4,12642732,128,0
2220576610,slsmqhm_2_4,12645714,128,0
2255629008,slsmqhm_2_8,12623015,128,0
2261282566,slsmqhm_2_8,12622249,128,0
2267364978,slsmqhm_2_8,12624883,128,0
2268644520,slsmqhm_2_8,12622105,128,0
2252348210,slsmqhm_2_8,12623191,128,0
3099932290,slsmqhm_2_16,12607800,128,0
2361607654,slsmqhm_2_16,12603242,128,0
2934052292,slsmqhm_2_16,12605932,128,0
2314011344,slsmqhm_2_16,12603596,128,0
3356760538,slsmqhm_2_16,12615079,128,0
2336853448,slsmqhm_2_32,12582643,128,0
2334589022,slsmqhm_2_32,12582546,128,0
2459103512,slsmqhm_2_32,12584078,128,0
2340247954,slsmqhm_2_32,12581452,128,0
2343274820,slsmqhm_2_32,12580613,128,0
2406770600,slsmqhm_2_64,12574954,128,0
2415642742,slsmqhm_2_64,12577371,128,0
2407146058,slsmqhm_2_64,12576859,128,0
2602119916,slsmqhm_2_64,12577179,128,0
2423755540,slsmqhm_2_64,12577435,128,0
2543493806,slsmqhm_2_128,12573658,128,0
2503478290,slsmqhm_2_128,12572807,128,0
2514228444,slsmqhm_2_128,12572150,128,0
2582493012,slsmqhm_2_128,12575303,128,0
2462283962,slsmqhm_2_128,12570172,128,0
2529433924,slsmqhm_2_256,12570123,128,0
3283796146,slsmqhm_2_256,12576434,128,0
2503470156,slsmqhm_2_256,12569468,128,0
2515658030,slsmqhm_2_256,12569078,128,0
2680446776,slsmqhm_2_256,12569779,128,0
2800131384,slsmqhm_2_512,12564557,128,0
2905430450,slsmqhm_2_512,12567492,128,0
2493072138,slsmqhm_2_512,12562985,128,0
2554923590,slsmqhm_2_512,12562460,128,0
2509836018,slsmqhm_2_512,12564913,128,0
2605032782,slsmqhm_2_1024,12561766,128,0
2638860474,slsmqhm_2_1024,12563829,128,0
3542697536,slsmqhm_2_1024,12570208,128,0
2595618926,slsmqhm_2_1024,12564045,128,0
3406777048,slsmqhm_2_1024,12568046,128,0
2626318806,slsmqhm_4_1,12626839,128,0
2567839458,slsmqhm_4_1,12629072,128,0
2375643916,slsmqhm_4_1,12627971,128,0
2633587156,slsmqhm_4_1,12628731,128,0
2437962862,slsmqhm_4_1,12632870,128,0
2357377272,slsmqhm_4_2,12633860,128,0
2378255826,slsmqhm_4_2,12633659,128,0
2839524922,slsmqhm_4_2,12642207,128,0
2353065696,slsmqhm_4_2,12631648,128,0
2798650900,slsmqhm_4_2,12629415,128,0
2204709132,slsmqhm_4_4,12622957,128,0
2611095790,slsmqhm_4_4,12621923,128,0
2231149754,slsmqhm_4_4,12622385,128,0
2213966240,slsmqhm_4_4,12619979,128,0
2195819098,slsmqhm_4_4,12622184,128,0
2354531042,slsmqhm_4_8,12604912,128,0
2212921214,slsmqhm_4_8,12603863,128,0
2365426334,slsmqhm_4_8,12606979,128,0
2232713534,slsmqhm_4_8,12604412,128,0
2871277840,slsmqhm_4_8,12609451,128,0
2373408228,slsmqhm_4_16,12594321,128,0
2575314084,slsmqhm_4_16,12608742,128,0
2293994652,slsmqhm_4_16,12595517,128,0
2585930250,slsmqhm_4_16,12600315,128,0
2450920056,slsmqhm_4_16,12595136,128,0
2298012950,slsmqhm_4_32,12578892,128,0
2303661246,slsmqhm_4_32,12579261,128,0
2287061670,slsmqhm_4_32,12577304,128,0
2292389244,slsmqhm_4_32,12578283,128,0
2320005914,slsmqhm_4_32,12578899,128,0
2371811376,slsmqhm_4_64,12572626,128,0
2353862752,slsmqhm_4_64,12570167,128,0
2461364752,slsmqhm_4_64,12575610,128,0
2368352270,slsmqhm_4_64,12570361,128,0
2359381642,slsmqhm_4_64,12572195,128,0
2475281250,slsmqhm_4_128,12570878,128,0
2448812122,slsmqhm_4_128,12570944,128,0
2731803552,slsmqhm_4_128,12575884,128,0
2483993614,slsmqhm_4_128,12572250,128,0
3085969258,slsmqhm_4_128,12572992,128,0
2532404574,slsmqhm_4_256,12570697,128,0
2641266364,slsmqhm_4_256,12570605,128,0
2583990808,slsmqhm_4_256,12571789,128,0
2770676436,slsmqhm_4_256,12569445,128,0
2528428470,slsmqhm_4_256,12569572,128,0
2745738868,slsmqhm_4_512,12566786,128,0
3428327970,slsmqhm_4_512,12569252,128,0
2543020714,slsmqhm_4_512,12567536,128,0
2526812756,slsmqhm_4_512,12565796,128,0
2525649524,slsmqhm_4_512,12566277,128,0
2923320840,slsmqhm_4_1024,12565846,128,0
3357728908,slsmqhm_4_1024,12566604,128,0
2507639174,slsmqhm_4_1024,12561945,128,0
2892064664,slsmqhm_4_1024,12566685,128,0
3070497914,slsmqhm_4_1024,12568155,128,0
2606491720,slsmqhm_8_1,12616239,128,0
2888664358,slsmqhm_8_1,12625342,128,0
2810374862,slsmqhm_8_1,12620279,128,0
2695481414,slsmqhm_8_1,12614450,128,0
2632512404,slsmqhm_8_1,12612420,128,0
2497090340,slsmqhm_8_2,12615957,128,0
2785769414,slsmqhm_8_2,12625319,128,0
2480425400,slsmqhm_8_2,12614633,128,0
2509090170,slsmqhm_8_2,12619415,128,0
2456760458,slsmqhm_8_2,12614631,128,0
2281116214,slsmqhm_8_4,12605670,128,0
2231132420,slsmqhm_8_4,12605263,128,0
2291007404,slsmqhm_8_4,12604345,128,0
2297896652,slsmqhm_8_4,12606063,128,0
2640936464,slsmqhm_8_4,12608717,128,0
2184080826,slsmqhm_8_8,12591520,128,0
2251183426,slsmqhm_8_8,12591364,128,0
2245425622,slsmqhm_8_8,12594004,128,0
2197784228,slsmqhm_8_8,12594127,128,0
2199838586,slsmqhm_8_8,12592135,128,0
3685045514,slsmqhm_8_16,12600422,128,0
2213639404,slsmqhm_8_16,12582367,128,0
2341292468,slsmqhm_8_16,12585360,128,0
2329392138,slsmqhm_8_16,12585477,128,0
4144653586,slsmqhm_8_16,12600442,128,0
2262087176,slsmqhm_8_32,12572245,128,0
3118954042,slsmqhm_8_32,12576415,128,0
2239713208,slsmqhm_8_32,12574247,128,0
2246292684,slsmqhm_8_32,12572401,128,0
2253527166,slsmqhm_8_32,12574008,128,0
2725640490,slsmqhm_8_64,12577325,128,0
2675782394,slsmqhm_8_64,12571768,128,0
2309492894,slsmqhm_8_64,12569205,128,0
2634813718,slsmqhm_8_64,12572696,128,0
2324280280,slsmqhm_8_64,12570378,128,0
3333267320,slsmqhm_8_128,12568272,128,0
2442053712,slsmqhm_8_128,12568678,128,0
2411084002,slsmqhm_8_128,12568492,128,0
2488016874,slsmqhm_8_128,12571348,128,0
2440269476,slsmqhm_8_128,12571702,128,0
2508825460,slsmqhm_8_256,12567968,128,0
2473061590,slsmqhm_8_256,12566741,128,0
2566999616,slsmqhm_8_256,12569621,128,0
2766780498,slsmqhm_8_256,12571639,128,0
2467554248,slsmqhm_8_256,12567119,128,0
2633644870,slsmqhm_8_512,12570857,128,0
2558371378,slsmqhm_8_512,12567195,128,0
2627326190,slsmqhm_8_512,12562903,128,0
3123363524,slsmqhm_8_512,12573068,128,0
2985995190,slsmqhm_8_512,12570209,128,0
3076631956,slsmqhm_8_1024,12567410,128,0
2705866918,slsmqhm_8_1024,12566435,128,0
2609640394,slsmqhm_8_1024,12561314,128,0
2688851308,slsmqhm_8_1024,12567332,128,0
2513389192,slsmqhm_8_1024,12563304,128,0
3080351366,slsmqhm_16_1,12611318,128,0
2950295976,slsmqhm_16_1,12612030,128,0
2926656128,slsmqhm_16_1,12610596,128,0
4081469292,slsmqhm_16_1,12615409,128,0
3029448744,slsmqhm_16_1,12620085,128,0
3044532364,slsmqhm_16_2,12613508,128,0
2826987020,slsmqhm_16_2,12605760,128,0
2977543702,slsmqhm_16_2,12607204,128,0
2872200592,slsmqhm_16_2,12609016,128,0
2793859032,slsmqhm_16_2,12614336,128,0
2566280356,slsmqhm_16_4,12603401,128,0
2504804702,slsmqhm_16_4,12600406,128,0
2652653930,slsmqhm_16_4,12600688,128,0
2517326202,slsmqhm_16_4,12602149,128,0
2580379156,slsmqhm_16_4,12601098,128,0
2275473096,slsmqhm_16_8,12586543,128,0
2300868606,slsmqhm_16_8,12586257,128,0
2313198386,slsmqhm_16_8,12586453,128,0
2399889080,slsmqhm_16_8,12589846,128,0
2808693384,slsmqhm_16_8,12595663,128,0
3252864466,slsmqhm_16_16,12583889,128,0
2887307474,slsmqhm_16_16,12581513,128,0
3520510258,slsmqhm_16_16,12582184,128,0
2506508290,slsmqhm_16_16,12589361,128,0
3173157784,slsmqhm_16_16,12583920,128,0
2202594912,slsmqhm_16_32,12566101,128,0
2625940514,slsmqhm_16_32,12570866,128,0
2206379148,slsmqhm_16_32,12567225,128,0
2191707418,slsmqhm_16_32,12564039,128,0
2204324444,slsmqhm_16_32,12566680,128,0
2589171686,slsmqhm_16_64,12567587,128,0
2269368082,slsmqhm_16_64,12564960,128,0
3028230802,slsmqhm_16_64,12566962,128,0
2323175284,slsmqhm_16_64,12566263,128,0
2269506136,slsmqhm_16_64,12564087,128,0
2486127274,slsmqhm_16_128,12564122,128,0
2573266164,slsmqhm_16_128,12565484,128,0
2419379556,slsmqhm_16_128,12568239,128,0
2373415436,slsmqhm_16_128,12564892,128,0
2403499702,slsmqhm_16_128,12566701,128,0
2640001122,slsmqhm_16_256,12572432,128,0
2497784078,slsmqhm_16_256,12567559,128,0
2436409270,slsmqhm_16_256,12568701,128,0
2505142900,slsmqhm_16_256,12568822,128,0
2947445646,slsmqhm_16_256,12569921,128,0
2511810278,slsmqhm_16_512,12565914,128,0
2653461740,slsmqhm_16_512,12569051,128,0
2919122252,slsmqhm_16_512,12578289,128,0
3464387312,slsmqhm_16_512,12571217,128,0
2903525792,slsmqhm_16_512,12567986,128,0
2733149110,slsmqhm_16_1024,12564432,128,0
2538927930,slsmqhm_16_1024,12565241,128,0
3087831080,slsmqhm_16_1024,12568804,128,0
2678365706,slsmqhm_16_1024,12566317,128,0
2557835940,slsmqhm_16_1024,12566179,128,0
3061987286,slsmqhm_32_1,12607925,128,0
3336650346,slsmqhm_32_1,12613508,128,0
3448853094,slsmqhm_32_1,12618588,128,0
3144657560,slsmqhm_32_1,12606185,128,0
3314172242,slsmqhm_32_1,12618312,128,0
3345709292,slsmqhm_32_2,12613193,128,0
3481719368,slsmqhm_32_2,12613234,128,0
3074686326,slsmqhm_32_2,12609200,128,0
3556490048,slsmqhm_32_2,12626533,128,0
3348148728,slsmqhm_32_2,12612394,128,0
3066293756,slsmqhm_32_4,12607953,128,0
3146681838,slsmqhm_32_4,12609104,128,0
2848185356,slsmqhm_32_4,12605992,128,0
3218381286,slsmqhm_32_4,12612990,128,0
2939329080,slsmqhm_32_4,12603837,128,0
2647081974,slsmqhm_32_8,12589182,128,0
2756191778,slsmqhm_32_8,12591798,128,0
3158223134,slsmqhm_32_8,12596974,128,0
3036387850,slsmqhm_32_8,12591057,128,0
2680749748,slsmqhm_32_8,12593986,128,0
2533541074,slsmqhm_32_16,12577590,128,0
2941835756,slsmqhm_32_16,12577123,128,0
2549182440,slsmqhm_32_16,12580687,128,0
3297813638,slsmqhm_32_16,12586953,128,0
3253014314,slsmqhm_32_16,12579312,128,0
2187848690,slsmqhm_32_32,12561722,128,0
2192956358,slsmqhm_32_32,12564105,128,0
2257510156,slsmqhm_32_32,12565424,128,0
2235520528,slsmqhm_32_32,12568449,128,0
2449654278,slsmqhm_32_32,12569735,128,0
2211810494,slsmqhm_32_64,12559619,128,0
2220084624,slsmqhm_32_64,12559745,128,0
2220969568,slsmqhm_32_64,12560846,128,0
2219961708,slsmqhm_32_64,12559503,128,0
2287874866,slsmqhm_32_64,12562191,128,0
2325653670,slsmqhm_32_128,12562948,128,0
2302682764,slsmqhm_32_128,12559372,128,0
2300125116,slsmqhm_32_128,12560468,128,0
2356349872,slsmqhm_32_128,12562763,128,0
3038334252,slsmqhm_32_128,12566107,128,0
2473865168,slsmqhm_32_256,12568248,128,0
2578085984,slsmqhm_32_256,12568414,128,0
2417459042,slsmqhm_32_256,12565750,128,0
2386417306,slsmqhm_32_256,12561075,128,0
2457461676,slsmqhm_32_256,12565556,128,0
2553142092,slsmqhm_32_512,12568536,128,0
2487253606,slsmqhm_32_512,12562803,128,0
2518194452,slsmqhm_32_512,12566200,128,0
2499928208,slsmqhm_32_512,12564165,128,0
2976907692,slsmqhm_32_512,12566046,128,0
2785535692,slsmqhm_32_1024,12570009,128,0
2725260738,slsmqhm_32_1024,12568909,128,0
2607323840,slsmqhm_32_1024,12564271,128,0
2972556398,slsmqhm_32_1024,12566839,128,0
2513003232,slsmqhm_32_1024,12563454,128,0
3255821482,slsmqhm_64_1,12609763,128,0
3155994608,slsmqhm_64_1,12612750,128,0
3258011010,slsmqhm_64_1,12613403,128,0
3522074532,slsmqhm_64_1,12617729,128,0
3005083202,slsmqhm_64_1,12607653,128,0
3352548108,slsmqhm_64_2,12608603,128,0
3255173070,slsmqhm_64_2,12607167,128,0
3349597254,slsmqhm_64_2,12621540,128,0
3549075016,slsmqhm_64_2,12608496,128,0
3337312024,slsmqhm_64_2,12605561,128,0
4101603786,slsmqhm_64_4,12622260,128,0
3399017232,slsmqhm_64_4,12607997,128,0
3220082928,slsmqhm_64_4,12607099,128,0
3748447252,slsmqhm_64_4,12609601,128,0
3042380926,slsmqhm_64_4,12598661,128,0
3178202782,slsmqhm_64_8,12610623,128,0
2946876364,slsmqhm_64_8,12594461,128,0
3060677186,slsmqhm_64_8,12597350,128,0
3383364938,slsmqhm_64_8,12600034,128,0
3156591126,slsmqhm_64_8,12601322,128,0
3756247264,slsmqhm_64_16,12600098,128,0
4272733520,slsmqhm_64_16,12607253,128,0
3982046206,slsmqhm_64_16,12597315,128,0
3658381968,slsmqhm_64_16,12590521,128,0
2870268154,slsmqhm_64_16,12589429,128,0
2732615784,slsmqhm_64_32,12576029,128,0
3145046392,slsmqhm_64_32,12577544,128,0
2533602620,slsmqhm_64_32,12572748,128,0
3165374686,slsmqhm_64_32,12568291,128,0
2306908390,slsmqhm_64_32,12568909,128,0
2252933404,slsmqhm_64_64,12560337,128,0
2248122106,slsmqhm_64_64,12561231,128,0
2406276754,slsmqhm_64_64,12561252,128,0
2181906620,slsmqhm_64_64,12557988,128,0
2242946554,slsmqhm_64_64,12558876,128,0
2248501920,slsmqhm_64_128,12557027,128,0
2287642518,slsmqhm_64_128,12559564,128,0
2869437534,slsmqhm_64_128,12564148,128,0
2242176860,slsmqhm_64_128,12556246,128,0
3244173280,slsmqhm_64_128,12563945,128,0
2332987010,slsmqhm_64_256,12561693,128,0
2429961542,slsmqhm_64_256,12563880,128,0
3347565200,slsmqhm_64_256,12567639,128,0
3126081430,slsmqhm_64_256,12563864,128,0
2339601974,slsmqhm_64_256,12560669,128,0
2537353556,slsmqhm_64_512,12568386,128,0
2617203336,slsmqhm_64_512,12568377,128,0
2507775464,slsmqhm_64_512,12567145,128,0
2458663850,slsmqhm_64_512,12565985,128,0
2733527188,slsmqhm_64_512,12562761,128,0
2775606232,slsmqhm_64_1024,12564100,128,0
3887177536,slsmqhm_64_1024,12571206,128,0
2596536592,slsmqhm_64_1024,12570775,128,0
2969208010,slsmqhm_64_1024,12566682,128,0
3082206036,slsmqhm_64_1024,12569276,128,0
4263210312,slsmqhm_128_1,12629043,128,0
3429832458,slsmqhm_128_1,12614198,128,0
4467580582,slsmqhm_128_1,12623294,128,0
3326459172,slsmqhm_128_1,12627222,128,0
3932779320,slsmqhm_128_1,12624671,128,0
3568048524,slsmqhm_128_2,12609276,128,0
3622528904,slsmqhm_128_2,12617670,128,0
4039257840,slsmqhm_128_2,12617628,128,0
3792520318,slsmqhm_128_2,12614819,128,0
3754112008,slsmqhm_128_2,12617665,128,0
3859447670,slsmqhm_128_4,12609805,128,0
3903713016,slsmqhm_128_4,12614413,128,0
3795153504,slsmqhm_128_4,12608071,128,0
3615368812,slsmqhm_128_4,12610793,128,0
3443599302,slsmqhm_128_4,12603528,128,0
3330674142,slsmqhm_128_8,12596845,128,0
3353474094,slsmqhm_128_8,12602809,128,0
3592696546,slsmqhm_128_8,12607665,128,0
4318940918,slsmqhm_128_8,12609331,128,0
3717749396,slsmqhm_128_8,12608204,128,0
4023532946,slsmqhm_128_16,12618284,128,0
4869600376,slsmqhm_128_16,12615917,128,0
4490828594,slsmqhm_128_16,12612367,128,0
3524235234,slsmqhm_128_16,12597479,128,0
4677174662,slsmqhm_128_16,12619466,128,0
3644703022,slsmqhm_128_32,12582481,128,0
2778228816,slsmqhm_128_32,12583751,128,0
2772779058,slsmqhm_128_32,12579546,128,0
2813003448,slsmqhm_128_32,12585953,128,0
2427563846,slsmqhm_128_32,12574341,128,0
2665506660,slsmqhm_128_64,12571519,128,0
2392845608,slsmqhm_128_64,12566223,128,0
2373549516,slsmqhm_128_64,12570540,128,0
2364545204,slsmqhm_128_64,12568663,128,0
2738611626,slsmqhm_128_64,12566923,128,0
2694469056,slsmqhm_128_128,12561915,128,0
2236216130,slsmqhm_128_128,12560125,128,0
2320265684,slsmqhm_128_128,12557505,128,0
2261695622,slsmqhm_128_128,12562285,128,0
2500308762,slsmqhm_128_128,12565852,128,0
2306665784,slsmqhm_128_256,12560656,128,0
2545599006,slsmqhm_128_256,12558858,128,0
2331452664,slsmqhm_128_256,12561500,128,0
2743631278,slsmqhm_128_256,12561885,128,0
2339825224,slsmqhm_128_256,12560585,128,0
2484148358,slsmqhm_128_512,12564777,128,0
2569057628,slsmqhm_128_512,12560601,128,0
2495568960,slsmqhm_128_512,12563675,128,0
2389520732,slsmqhm_128_512,12559693,128,0
2411123226,slsmqhm_128_512,12563497,128,0
2854689008,slsmqhm_128_1024,12568549,128,0
2586139946,slsmqhm_128_1024,12567510,128,0
2479860166,slsmqhm_128_1024,12564199,128,0
2704586510,slsmqhm_128_1024,12565159,128,0
2569501914,slsmqhm_128_1024,12569809,128,0
3723344068,slsmqhm_256_1,12626826,128,0
3527752844,slsmqhm_256_1,12613120,128,0
3689851242,slsmqhm_256_1,12629621,128,0
4012090670,slsmqhm_256_1,12618337,128,0
3455409352,slsmqhm_256_1,12616616,128,0
3435788168,slsmqhm_256_2,12605857,128,0
3892015092,slsmqhm_256_2,12628755,128,0
3464560508,slsmqhm_256_2,12609666,128,0
3972472250,slsmqhm_256_2,12613877,128,0
3756024814,slsmqhm_256_2,12619400,128,0
3691744198,slsmqhm_256_4,12613897,128,0
3360574776,slsmqhm_256_4,12604806,128,0
3901225174,slsmqhm_256_4,12615799,128,0
4085413176,slsmqhm_256_4,12616746,128,0
3993155902,slsmqhm_256_4,12609626,128,0
4370837886,slsmqhm_256_8,12608338,128,0
3502733260,slsmqhm_256_8,12612745,128,0
3824765458,slsmqhm_256_8,12613143,128,0
3340487318,slsmqhm_256_8,12604768,128,0
4033192142,slsmqhm_256_8,12611805,128,0
5567584084,slsmqhm_256_16,12610653,128,0
4275157100,slsmqhm_256_16,12612481,128,0
4558899902,slsmqhm_256_16,12611641,128,0
4099851800,slsmqhm_256_16,12620471,128,0
5939343608,slsmqhm_256_16,12617102,128,0
2759511764,slsmqhm_256_32,12584361,128,0
2958223096,slsmqhm_256_32,12586979,128,0
3032832516,slsmqhm_256_32,12589478,128,0
3378039290,slsmqhm_256_32,12594107,128,0
3144265542,slsmqhm_256_32,12589164,128,0
2682202110,slsmqhm_256_64,12581482,128,0
2771243390,slsmqhm_256_64,12577908,128,0
2487241216,slsmqhm_256_64,12573484,128,0
2783125844,slsmqhm_256_64,12578399,128,0
2629488682,slsmqhm_256_64,12575259,128,0
2419125838,slsmqhm_256_128,12567345,128,0
2548851748,slsmqhm_256_128,12570532,128,0
2421511408,slsmqhm_256_128,12567587,128,0
2566346706,slsmqhm_256_128,12572074,128,0
2414689462,slsmqhm_256_128,12567245,128,0
2443182954,slsmqhm_256_256,12559858,128,0
2418090854,slsmqhm_256_256,12560696,128,0
2505607616,slsmqhm_256_256,12560778,128,0
2247583198,slsmqhm_256_256,12558115,128,0
3603312730,slsmqhm_256_256,12565226,128,0
2321979556,slsmqhm_256_512,12560158,128,0
2406176128,slsmqhm_256_512,12556417,128,0
2521490118,slsmqhm_256_512,12562459,128,0
2349031004,slsmqhm_256_512,12558201,128,0
2323455454,slsmqhm_256_512,12562819,128,0
3098868764,slsmqhm_256_1024,12574948,128,0
2468703280,slsmqhm_256_1024,12566510,128,0
2901133270,slsmqhm_256_1024,12566182,128,0
2473615206,slsmqhm_256_1024,12564071,128,0
2444891458,slsmqhm_256_1024,12564756,128,0
3858091550,slsmqhm_512_1,12613448,128,0
3071371798,slsmqhm_512_1,12607785,128,0
3983925888,slsmqhm_512_1,12619861,128,0
4009343710,slsmqhm_512_1,12616588,128,0
3886489794,slsmqhm_512_1,12620770,128,0
3886323902,slsmqhm_512_2,12615151,128,0
3852347856,slsmqhm_512_2,12612950,128,0
3913576214,slsmqhm_512_2,12627376,128,0
4263323578,slsmqhm_512_2,12632989,128,0
3540942930,slsmqhm_512_2,12611434,128,0
4369429054,slsmqhm_512_4,12625388,128,0
3932245922,slsmqhm_512_4,12617471,128,0
4825640808,slsmqhm_512_4,12621075,128,0
3969037236,slsmqhm_512_4,12617332,128,0
3578113778,slsmqhm_512_4,12616238,128,0
4396980822,slsmqhm_512_8,12633455,128,0
4877223288,slsmqhm_512_8,12628841,128,0
3888880900,slsmqhm_512_8,12612979,128,0
4296579356,slsmqhm_512_8,12618536,128,0
4041413978,slsmqhm_512_8,12614958,128,0
4590937048,slsmqhm_512_16,12620198,128,0
5775401020,slsmqhm_512_16,12626367,128,0
4505963514,slsmqhm_512_16,12620067,128,0
7109559744,slsmqhm_512_16,12635802,128,0
6546456830,slsmqhm_512_16,12631538,128,0
3785418312,slsmqhm_512_32,12599537,128,0
3937096974,slsmqhm_512_32,12604264,128,0
4662913178,slsmqhm_512_32,12609187,128,0
3521865726,slsmqhm_512_32,12595711,128,0
4943044558,slsmqhm_512_32,12618220,128,0
3563197076,slsmqhm_512_64,12589868,128,0
3224719660,slsmqhm_512_64,12595509,128,0
3271538450,slsmqhm_512_64,12596633,128,0
3237017098,slsmqhm_512_64,12589694,128,0
3246643808,slsmqhm_512_64,12585573,128,0
3117047206,slsmqhm_512_128,12586685,128,0
2754951120,slsmqhm_512_128,12577339,128,0
2770585050,slsmqhm_512_128,12579318,128,0
2525812668,slsmqhm_512_128,12572526,128,0
2997054098,slsmqhm_512_128,12579442,128,0
2435506718,slsmqhm_512_256,12569248,128,0
3086505708,slsmqhm_512_256,12570581,128,0
2448848452,slsmqhm_512_256,12567782,128,0
2450578996,slsmqhm_512_256,12563192,128,0
2635641510,slsmqhm_512_256,12569941,128,0
3346542012,slsmqhm_512_512,12567536,128,0
2284635608,slsmqhm_512_512,12556958,128,0
2252194348,slsmqhm_512_512,12558135,128,0
2454628792,slsmqhm_512_512,12564389,128,0
2262313536,slsmqhm_512_512,12560691,128,0
2691258172,slsmqhm_512_1024,12564581,128,0
3426832390,slsmqhm_512_1024,12568001,128,0
2905962116,slsmqhm_512_1024,12566956,128,0
3036764572,slsmqhm_512_1024,12567325,128,0
2364888164,slsmqhm_512_1024,12561742,128,0
3804064302,slsmqhm_1024_1,12623876,128,0
3969247204,slsmqhm_1024_1,12619405,128,0
4233422922,slsmqhm_1024_1,12616963,128,0
3514190104,slsmqhm_1024_1,12620371,128,0
3954148134,slsmqhm_1024_1,12632246,128,0
4750902906,slsmqhm_1024_2,12629349,128,0
4685902726,slsmqhm_1024_2,12627681,128,0
3382497492,slsmqhm_1024_2,12611708,128,0
3607417916,slsmqhm_1024_2,12615534,128,0
4083713742,slsmqhm_1024_2,12627956,128,0
4164571150,slsmqhm_1024_4,12612054,128,0
4537307652,slsmqhm_1024_4,12628323,128,0
3687124256,slsmqhm_1024_4,12615220,128,0
4121952674,slsmqhm_1024_4,12612289,128,0
4278762128,slsmqhm_1024_4,12621326,128,0
4254356254,slsmqhm_1024_8,12622735,128,0
4053844722,slsmqhm_1024_8,12615425,128,0
4208060564,slsmqhm_1024_8,12616406,128,0
3914788264,slsmqhm_1024_8,12618265,128,0
3961187526,slsmqhm_1024_8,12611931,128,0
3912191532,slsmqhm_1024_16,12607361,128,0
6176112220,slsmqhm_1024_16,12640308,128,0
4131129780,slsmqhm_1024_16,12608965,128,0
5435086808,slsmqhm_1024_16,12619491,128,0
4256263820,slsmqhm_1024_16,12613382,128,0
4251110326,slsmqhm_1024_32,12606077,128,0
3538062356,slsmqhm_1024_32,12601819,128,0
3176561940,slsmqhm_1024_32,12593852,128,0
4617490312,slsmqhm_1024_32,12614104,128,0
4412360224,slsmqhm_1024_32,12611313,128,0
3822516038,slsmqhm_1024_64,12603398,128,0
3356740594,slsmqhm_1024_64,12597613,128,0
4134841544,slsmqhm_1024_64,12606013,128,0
4105914010,slsmqhm_1024_64,12613087,128,0
3771183052,slsmqhm_1024_64,12601994,128,0
5153443516,slsmqhm_1024_128,12625748,128,0
3366493626,slsmqhm_1024_128,12589709,128,0
2924015534,slsmqhm_1024_128,12584069,128,0
3369364288,slsmqhm_1024_128,12592753,128,0
2843674968,slsmqhm_1024_128,12585294,128,0
3562764744,slsmqhm_1024_256,12586989,128,0
2884132662,slsmqhm_1024_256,12582807,128,0
2632945290,slsmqhm_1024_256,12585980,128,0
2570189638,slsmqhm_1024_256,12574571,128,0
2587730056,slsmqhm_1024_256,12572635,128,0
2392161192,slsmqhm_1024_512,12565341,128,0
2366383970,slsmqhm_1024_512,12564922,128,0
2537883498,slsmqhm_1024_512,12569511,128,0
2281731502,slsmqhm_1024_512,12563225,128,0
2527317450,slsmqhm_1024_512,12569419,128,0
2261719510,slsmqhm_1024_1024,12561372,128,0
2247397534,slsmqhm_1024_1024,12558504,128,0
2658787554,slsmqhm_1024_1024,12564434,128,0
2391191896,slsmqhm_1024_1024,12562901,128,0
3278205746,slsmqhm_1024_1024,12570722,128,0
