22027060222,obim_64_14_fifo,33530360,1
21721951280,obim_64_14_fifo,33530360,1
21786136124,obim_64_14_fifo,33530360,1
21762630918,obim_64_14_fifo,33530360,1
21703263594,obim_64_14_fifo,33530360,1
21751911640,obim_64_14_fifo,33530360,1
21721471584,obim_64_14_fifo,33530360,1
21715654062,obim_64_14_fifo,33530360,1
21717026704,obim_64_14_fifo,33530360,1
21804609558,obim_64_14_fifo,33530360,1
12202455736,obim_64_14_fifo,31141497,2
12207842712,obim_64_14_fifo,31150516,2
12206853320,obim_64_14_fifo,31142706,2
12212098566,obim_64_14_fifo,31150968,2
12210046894,obim_64_14_fifo,31142494,2
12178926748,obim_64_14_fifo,31145939,2
12174449008,obim_64_14_fifo,31145665,2
12165225456,obim_64_14_fifo,31144322,2
12178100716,obim_64_14_fifo,31146918,2
12198462572,obim_64_14_fifo,31147430,2
6661850614,obim_64_14_fifo,31144378,4
6662738242,obim_64_14_fifo,31147140,4
6656563194,obim_64_14_fifo,31144512,4
6672443856,obim_64_14_fifo,31146823,4
6670948130,obim_64_14_fifo,31145666,4
6659980910,obim_64_14_fifo,31137492,4
6667964322,obim_64_14_fifo,31142101,4
6662639284,obim_64_14_fifo,31140545,4
6665467516,obim_64_14_fifo,31151722,4
6658771206,obim_64_14_fifo,31140360,4
3548229552,obim_64_14_fifo,31299345,8
3548299758,obim_64_14_fifo,31278754,8
3547070364,obim_64_14_fifo,31257584,8
3550606476,obim_64_14_fifo,31273461,8
3555700386,obim_64_14_fifo,31259355,8
3542141424,obim_64_14_fifo,31309632,8
3554191580,obim_64_14_fifo,31273646,8
3542998010,obim_64_14_fifo,31277146,8
3552938026,obim_64_14_fifo,31300703,8
3545567466,obim_64_14_fifo,31280623,8
2031367718,obim_64_14_fifo,32315917,16
2027409358,obim_64_14_fifo,32210819,16
2028142096,obim_64_14_fifo,32171236,16
2033128164,obim_64_14_fifo,32279067,16
2031861750,obim_64_14_fifo,32339324,16
2027542926,obim_64_14_fifo,32250703,16
2031107234,obim_64_14_fifo,32174485,16
2031832294,obim_64_14_fifo,32305597,16
2031909096,obim_64_14_fifo,32332763,16
2032751756,obim_64_14_fifo,32251074,16
1422113330,obim_64_14_fifo,38149562,32
1425122986,obim_64_14_fifo,38073589,32
1431881448,obim_64_14_fifo,38032795,32
1433706646,obim_64_14_fifo,38108650,32
1425477034,obim_64_14_fifo,38076071,32
1429910256,obim_64_14_fifo,38133297,32
1440657442,obim_64_14_fifo,38303920,32
1431060094,obim_64_14_fifo,38220001,32
1430065106,obim_64_14_fifo,38077182,32
1428044782,obim_64_14_fifo,38258324,32
1170046188,obim_64_14_fifo,54037227,64
1175090070,obim_64_14_fifo,54365800,64
1179184884,obim_64_14_fifo,54551356,64
1190095970,obim_64_14_fifo,54564530,64
1180156830,obim_64_14_fifo,54311224,64
1195937138,obim_64_14_fifo,55278393,64
1173871986,obim_64_14_fifo,54691842,64
1182506404,obim_64_14_fifo,54376746,64
1183274074,obim_64_14_fifo,54630866,64
1178870516,obim_64_14_fifo,54421322,64
1263101980,obim_64_14_fifo,88615635,128
1275168608,obim_64_14_fifo,88464989,128
1256792310,obim_64_14_fifo,88724117,128
1244759112,obim_64_14_fifo,86286377,128
1263883094,obim_64_14_fifo,88538694,128
1263658234,obim_64_14_fifo,89081442,128
1260474794,obim_64_14_fifo,87587689,128
1259431424,obim_64_14_fifo,88159302,128
1269690492,obim_64_14_fifo,88372249,128
1260134358,obim_64_14_fifo,87935776,128
