39131174226,pmod_512_0_fifo,50542646,1
40172638714,pmod_512_0_fifo,50542646,1
39059136040,pmod_512_0_fifo,50542646,1
39071175732,pmod_512_0_fifo,50542646,1
39023990764,pmod_512_0_fifo,50542646,1
39024277498,pmod_512_0_fifo,50542646,1
39077317952,pmod_512_0_fifo,50542646,1
39038061334,pmod_512_0_fifo,50542646,1
39195813882,pmod_512_0_fifo,50542646,1
39260824974,pmod_512_0_fifo,50542646,1
20613400108,pmod_512_0_fifo,50542684,2
20595367600,pmod_512_0_fifo,50542682,2
20610098132,pmod_512_0_fifo,50542682,2
20532048662,pmod_512_0_fifo,50542682,2
20653592108,pmod_512_0_fifo,50542683,2
20618308738,pmod_512_0_fifo,50542682,2
20562906946,pmod_512_0_fifo,50542673,2
20593500774,pmod_512_0_fifo,50542682,2
20531920510,pmod_512_0_fifo,50542683,2
20616689604,pmod_512_0_fifo,50542683,2
10634723790,pmod_512_0_fifo,50543141,4
10641644990,pmod_512_0_fifo,50543606,4
10621491954,pmod_512_0_fifo,50543046,4
10633019744,pmod_512_0_fifo,50543556,4
10642240002,pmod_512_0_fifo,50543551,4
10625784974,pmod_512_0_fifo,50543551,4
10661880238,pmod_512_0_fifo,50542752,4
10651003628,pmod_512_0_fifo,50543432,4
10657912402,pmod_512_0_fifo,50542741,4
10646350434,pmod_512_0_fifo,50542769,4
5561506202,pmod_512_0_fifo,50543229,8
5563577124,pmod_512_0_fifo,50543118,8
5580880598,pmod_512_0_fifo,50543264,8
5579857956,pmod_512_0_fifo,50543327,8
5560825582,pmod_512_0_fifo,50543389,8
5559479066,pmod_512_0_fifo,50543404,8
5575495504,pmod_512_0_fifo,50544451,8
5573647600,pmod_512_0_fifo,50542971,8
5567393584,pmod_512_0_fifo,50543348,8
5574468904,pmod_512_0_fifo,50543168,8
3121888526,pmod_512_0_fifo,50544736,16
3118129708,pmod_512_0_fifo,50543979,16
3121220156,pmod_512_0_fifo,50543929,16
3119162710,pmod_512_0_fifo,50544178,16
3121283546,pmod_512_0_fifo,50543759,16
3133530410,pmod_512_0_fifo,50545237,16
3119828666,pmod_512_0_fifo,50545141,16
3115017932,pmod_512_0_fifo,50543885,16
3116118138,pmod_512_0_fifo,50544761,16
3120654676,pmod_512_0_fifo,50544660,16
1632889306,pmod_512_0_fifo,50557516,32
1629543926,pmod_512_0_fifo,50549516,32
1631891124,pmod_512_0_fifo,50547849,32
1628246326,pmod_512_0_fifo,50548962,32
1642278742,pmod_512_0_fifo,50547129,32
1632119370,pmod_512_0_fifo,50548065,32
1635087458,pmod_512_0_fifo,50547383,32
1631730738,pmod_512_0_fifo,50547705,32
1632897866,pmod_512_0_fifo,50551977,32
1632558342,pmod_512_0_fifo,50553981,32
888039914,pmod_512_0_fifo,50573739,64
887248564,pmod_512_0_fifo,50581171,64
879261360,pmod_512_0_fifo,50585478,64
883330704,pmod_512_0_fifo,50585376,64
884316896,pmod_512_0_fifo,50580525,64
888283874,pmod_512_0_fifo,50570971,64
886586778,pmod_512_0_fifo,50581837,64
886480194,pmod_512_0_fifo,50583828,64
881892840,pmod_512_0_fifo,50572701,64
879562470,pmod_512_0_fifo,50583532,64
670634918,pmod_512_0_fifo,50688618,128
671528312,pmod_512_0_fifo,50661258,128
668106058,pmod_512_0_fifo,50672355,128
663207894,pmod_512_0_fifo,50675021,128
681312640,pmod_512_0_fifo,50654857,128
667668092,pmod_512_0_fifo,50690599,128
670205266,pmod_512_0_fifo,50651969,128
669416608,pmod_512_0_fifo,50738235,128
676588022,pmod_512_0_fifo,50660093,128
673981476,pmod_512_0_fifo,50688822,128
