10689594968,obim_64_2_fifo,23947347,1
10654011114,obim_64_2_fifo,23947347,1
10653715110,obim_64_2_fifo,23947347,1
10668572668,obim_64_2_fifo,23947347,1
10663359550,obim_64_2_fifo,23947347,1
10656499452,obim_64_2_fifo,23947347,1
10659824712,obim_64_2_fifo,23947347,1
10643550846,obim_64_2_fifo,23947347,1
10656665448,obim_64_2_fifo,23947347,1
10685454314,obim_64_2_fifo,23947347,1
6699684146,obim_64_2_fifo,23948685,2
6689257230,obim_64_2_fifo,23948357,2
6719655158,obim_64_2_fifo,23947926,2
6706289262,obim_64_2_fifo,23948830,2
6706144698,obim_64_2_fifo,23948372,2
6725765672,obim_64_2_fifo,23948607,2
6698931652,obim_64_2_fifo,23948348,2
6694653246,obim_64_2_fifo,23948649,2
6705846500,obim_64_2_fifo,23948647,2
6736986812,obim_64_2_fifo,23947874,2
3840465960,obim_64_2_fifo,23956291,4
3844182462,obim_64_2_fifo,23956787,4
3829541052,obim_64_2_fifo,23955987,4
3830294644,obim_64_2_fifo,23959014,4
3831450250,obim_64_2_fifo,23958356,4
3830153600,obim_64_2_fifo,23954342,4
3835873982,obim_64_2_fifo,23960687,4
3835842620,obim_64_2_fifo,23954272,4
3839650960,obim_64_2_fifo,23954849,4
3830330422,obim_64_2_fifo,23955202,4
2069359180,obim_64_2_fifo,23989076,8
2072276028,obim_64_2_fifo,23999184,8
2073981514,obim_64_2_fifo,23988048,8
2074078416,obim_64_2_fifo,23992727,8
2071003876,obim_64_2_fifo,23996692,8
2075553722,obim_64_2_fifo,23994369,8
2072136624,obim_64_2_fifo,23990707,8
2072387806,obim_64_2_fifo,23991607,8
2072690206,obim_64_2_fifo,24002450,8
2072620272,obim_64_2_fifo,23994729,8
1178817924,obim_64_2_fifo,24142349,16
1178407194,obim_64_2_fifo,24160707,16
1177268080,obim_64_2_fifo,24116965,16
1178327426,obim_64_2_fifo,24130287,16
1178331366,obim_64_2_fifo,24140018,16
1177511678,obim_64_2_fifo,24150522,16
1179685410,obim_64_2_fifo,24131998,16
1181010262,obim_64_2_fifo,24145882,16
1177992928,obim_64_2_fifo,24129190,16
1178452348,obim_64_2_fifo,24153228,16
769016504,obim_64_2_fifo,24721171,32
769378928,obim_64_2_fifo,24638587,32
773057272,obim_64_2_fifo,24704034,32
768664484,obim_64_2_fifo,24728302,32
769963460,obim_64_2_fifo,24713646,32
772255020,obim_64_2_fifo,24658001,32
767742098,obim_64_2_fifo,24699626,32
767172312,obim_64_2_fifo,24673538,32
768544740,obim_64_2_fifo,24718161,32
770501542,obim_64_2_fifo,24677724,32
513637544,obim_64_2_fifo,27628399,64
510336584,obim_64_2_fifo,27628726,64
508499716,obim_64_2_fifo,27743550,64
515076182,obim_64_2_fifo,27741903,64
508510730,obim_64_2_fifo,27572938,64
512974692,obim_64_2_fifo,27632597,64
511199294,obim_64_2_fifo,27657907,64
510703176,obim_64_2_fifo,27659070,64
512515690,obim_64_2_fifo,27639714,64
512143910,obim_64_2_fifo,27692642,64
472031486,obim_64_2_fifo,37196399,128
473183814,obim_64_2_fifo,37125586,128
473334982,obim_64_2_fifo,37610158,128
473283540,obim_64_2_fifo,37111763,128
479173534,obim_64_2_fifo,37529087,128
478562370,obim_64_2_fifo,37556615,128
469776080,obim_64_2_fifo,36524907,128
482654544,obim_64_2_fifo,37331342,128
476222696,obim_64_2_fifo,37567241,128
473037748,obim_64_2_fifo,36779490,128
473269422,obim_64_2_fifo,37318649,128
477725290,obim_64_2_fifo,37096590,128
472963234,obim_64_2_fifo,37108356,128
482887960,obim_64_2_fifo,37307016,128
470624352,obim_64_2_fifo,37385664,128
472307920,obim_64_2_fifo,37239775,128
469477142,obim_64_2_fifo,37208275,128
477417838,obim_64_2_fifo,37452177,128
480069256,obim_64_2_fifo,37244716,128
476984026,obim_64_2_fifo,37001666,128
