2553740444,obim_64_2_fifo,6262104,1
2558478514,obim_64_2_fifo,6262104,1
2563880120,obim_64_2_fifo,6262104,1
2559707150,obim_64_2_fifo,6262104,1
2552176024,obim_64_2_fifo,6262104,1
2565974464,obim_64_2_fifo,6262104,1
2571459462,obim_64_2_fifo,6262104,1
2561753784,obim_64_2_fifo,6262104,1
2589370512,obim_64_2_fifo,6262104,1
2558349294,obim_64_2_fifo,6262104,1
1714125192,obim_64_2_fifo,6263858,2
1708207250,obim_64_2_fifo,6262912,2
1715323224,obim_64_2_fifo,6262493,2
1713182376,obim_64_2_fifo,6262220,2
1721436988,obim_64_2_fifo,6262351,2
1707868154,obim_64_2_fifo,6262556,2
1713750128,obim_64_2_fifo,6262738,2
1714017032,obim_64_2_fifo,6262260,2
1713164498,obim_64_2_fifo,6262278,2
1708360576,obim_64_2_fifo,6262618,2
975056062,obim_64_2_fifo,6272239,4
969449808,obim_64_2_fifo,6272614,4
975578798,obim_64_2_fifo,6272897,4
972599528,obim_64_2_fifo,6271083,4
970313908,obim_64_2_fifo,6276132,4
970320060,obim_64_2_fifo,6271740,4
970720388,obim_64_2_fifo,6272558,4
972046338,obim_64_2_fifo,6271083,4
971387240,obim_64_2_fifo,6271208,4
974428082,obim_64_2_fifo,6273097,4
528320662,obim_64_2_fifo,6315006,8
530475678,obim_64_2_fifo,6327908,8
529377996,obim_64_2_fifo,6311236,8
528933838,obim_64_2_fifo,6327885,8
527851170,obim_64_2_fifo,6312232,8
530500216,obim_64_2_fifo,6336723,8
529949946,obim_64_2_fifo,6309463,8
528655918,obim_64_2_fifo,6310312,8
530476860,obim_64_2_fifo,6314704,8
530821174,obim_64_2_fifo,6326947,8
309837806,obim_64_2_fifo,6467054,16
305763462,obim_64_2_fifo,6444771,16
305382922,obim_64_2_fifo,6460789,16
305414100,obim_64_2_fifo,6436150,16
306425636,obim_64_2_fifo,6459745,16
305226110,obim_64_2_fifo,6453083,16
306898306,obim_64_2_fifo,6458110,16
306349260,obim_64_2_fifo,6458796,16
304760796,obim_64_2_fifo,6452313,16
306502098,obim_64_2_fifo,6417984,16
209392090,obim_64_2_fifo,6961465,32
209187892,obim_64_2_fifo,6969395,32
211103330,obim_64_2_fifo,6969740,32
209852426,obim_64_2_fifo,6989234,32
210123530,obim_64_2_fifo,6945899,32
208721810,obim_64_2_fifo,6939913,32
209556596,obim_64_2_fifo,6937020,32
209541136,obim_64_2_fifo,6968804,32
208848754,obim_64_2_fifo,6853265,32
210206698,obim_64_2_fifo,6976510,32
156849832,obim_64_2_fifo,9376661,64
156413394,obim_64_2_fifo,9400060,64
155489518,obim_64_2_fifo,9261547,64
158958202,obim_64_2_fifo,9310654,64
162328628,obim_64_2_fifo,9406949,64
158950086,obim_64_2_fifo,9299114,64
158463436,obim_64_2_fifo,9364065,64
157158190,obim_64_2_fifo,9451346,64
159923696,obim_64_2_fifo,9360325,64
160010864,obim_64_2_fifo,9251610,64
147459642,obim_64_2_fifo,13592407,128
143455322,obim_64_2_fifo,13460877,128
148891992,obim_64_2_fifo,13608236,128
154101074,obim_64_2_fifo,13960631,128
152365176,obim_64_2_fifo,13627354,128
148233452,obim_64_2_fifo,13615057,128
154971196,obim_64_2_fifo,13560985,128
154050022,obim_64_2_fifo,13406116,128
152891654,obim_64_2_fifo,13696678,128
154574796,obim_64_2_fifo,13785954,128
148994676,obim_64_2_fifo,13690564,128
152334934,obim_64_2_fifo,13655440,128
151118756,obim_64_2_fifo,13639843,128
150845508,obim_64_2_fifo,13648427,128
153567886,obim_64_2_fifo,13301284,128
153334342,obim_64_2_fifo,13539275,128
156577094,obim_64_2_fifo,13556612,128
153863906,obim_64_2_fifo,13858082,128
154758052,obim_64_2_fifo,13420789,128
153475370,obim_64_2_fifo,13778593,128
