36987077938,obim_512_0_fifo,50542646,1
36944665394,obim_512_0_fifo,50542646,1
36900346318,obim_512_0_fifo,50542646,1
36934815472,obim_512_0_fifo,50542646,1
36893639922,obim_512_0_fifo,50542646,1
36901274566,obim_512_0_fifo,50542646,1
36951242634,obim_512_0_fifo,50542646,1
37028824386,obim_512_0_fifo,50542646,1
36937009066,obim_512_0_fifo,50542646,1
37064337838,obim_512_0_fifo,50542646,1
19625739468,obim_512_0_fifo,50542682,2
19687422946,obim_512_0_fifo,50542683,2
19601281802,obim_512_0_fifo,50542683,2
19648632166,obim_512_0_fifo,50542682,2
19646006980,obim_512_0_fifo,50542688,2
19634858916,obim_512_0_fifo,50542682,2
19620702536,obim_512_0_fifo,50542682,2
19626518598,obim_512_0_fifo,50542682,2
19741376798,obim_512_0_fifo,50542682,2
19707526064,obim_512_0_fifo,50542682,2
10113802158,obim_512_0_fifo,50542768,4
10119242390,obim_512_0_fifo,50542948,4
10129298386,obim_512_0_fifo,50542810,4
10118981504,obim_512_0_fifo,50543101,4
10120619854,obim_512_0_fifo,50542844,4
10132612930,obim_512_0_fifo,50543528,4
10126340982,obim_512_0_fifo,50543154,4
10127309682,obim_512_0_fifo,50542717,4
10106969554,obim_512_0_fifo,50543074,4
10111514190,obim_512_0_fifo,50542726,4
5307353392,obim_512_0_fifo,50542862,8
5300638068,obim_512_0_fifo,50543161,8
5304482804,obim_512_0_fifo,50543198,8
5317477996,obim_512_0_fifo,50542949,8
5296625474,obim_512_0_fifo,50543602,8
5302147190,obim_512_0_fifo,50543075,8
5296464778,obim_512_0_fifo,50543086,8
5316873174,obim_512_0_fifo,50543196,8
5301359980,obim_512_0_fifo,50542953,8
5306629628,obim_512_0_fifo,50542981,8
2965985660,obim_512_0_fifo,50543542,16
2960397698,obim_512_0_fifo,50543621,16
2962169838,obim_512_0_fifo,50544044,16
2969937878,obim_512_0_fifo,50543363,16
2960588386,obim_512_0_fifo,50543857,16
2966044210,obim_512_0_fifo,50543707,16
2969848204,obim_512_0_fifo,50545129,16
2960221630,obim_512_0_fifo,50543657,16
2964961904,obim_512_0_fifo,50543977,16
2966193916,obim_512_0_fifo,50544378,16
1550543208,obim_512_0_fifo,50554870,32
1553080696,obim_512_0_fifo,50555737,32
1549484864,obim_512_0_fifo,50554150,32
1559139454,obim_512_0_fifo,50558080,32
1567305974,obim_512_0_fifo,50552735,32
1562990074,obim_512_0_fifo,50554936,32
1565051282,obim_512_0_fifo,50553369,32
1557614414,obim_512_0_fifo,50558694,32
1552823410,obim_512_0_fifo,50547113,32
1550219390,obim_512_0_fifo,50557716,32
853789798,obim_512_0_fifo,50570040,64
845619916,obim_512_0_fifo,50571847,64
855111722,obim_512_0_fifo,50582754,64
844073042,obim_512_0_fifo,50564792,64
850529076,obim_512_0_fifo,50594963,64
844192218,obim_512_0_fifo,50574993,64
847841660,obim_512_0_fifo,50577731,64
844858982,obim_512_0_fifo,50580417,64
845715726,obim_512_0_fifo,50579988,64
851136310,obim_512_0_fifo,50577778,64
649169454,obim_512_0_fifo,50621819,128
645803670,obim_512_0_fifo,50661643,128
649468020,obim_512_0_fifo,50666205,128
648489408,obim_512_0_fifo,50696428,128
645852802,obim_512_0_fifo,50669370,128
643532888,obim_512_0_fifo,50659419,128
642058044,obim_512_0_fifo,50674498,128
644732324,obim_512_0_fifo,50639031,128
651764306,obim_512_0_fifo,50644241,128
650964290,obim_512_0_fifo,50651549,128
646400740,obim_512_0_fifo,50674975,128
644573044,obim_512_0_fifo,50661038,128
640296412,obim_512_0_fifo,50652031,128
646281908,obim_512_0_fifo,50710631,128
648700888,obim_512_0_fifo,50726972,128
645960868,obim_512_0_fifo,50668423,128
646998622,obim_512_0_fifo,50650569,128
645789164,obim_512_0_fifo,50672713,128
645825180,obim_512_0_fifo,50617527,128
645729918,obim_512_0_fifo,50672666,128
