149645404818,obim_256_4_fifo,35016137,1
149561466284,obim_256_4_fifo,35016137,1
149331203436,obim_256_4_fifo,35016137,1
149552097236,obim_256_4_fifo,35016137,1
149461493804,obim_256_4_fifo,35016137,1
149721361800,obim_256_4_fifo,35016137,1
149733113926,obim_256_4_fifo,35016137,1
149429061230,obim_256_4_fifo,35016137,1
149153438608,obim_256_4_fifo,35016137,1
149489642712,obim_256_4_fifo,35016137,1
77625280050,obim_256_4_fifo,38786636,2
77681371952,obim_256_4_fifo,38758742,2
77442095526,obim_256_4_fifo,38805169,2
77504042960,obim_256_4_fifo,38789407,2
77462483304,obim_256_4_fifo,38775438,2
77525310666,obim_256_4_fifo,38775560,2
77607517638,obim_256_4_fifo,38776156,2
77679798198,obim_256_4_fifo,38779622,2
77538677598,obim_256_4_fifo,38783486,2
77733342332,obim_256_4_fifo,38784413,2
39635491112,obim_256_4_fifo,40173334,4
39616231920,obim_256_4_fifo,39984555,4
39707516558,obim_256_4_fifo,40095477,4
39496578932,obim_256_4_fifo,39910467,4
39649871358,obim_256_4_fifo,39901581,4
39509418336,obim_256_4_fifo,39915779,4
39515588702,obim_256_4_fifo,39889355,4
39526657060,obim_256_4_fifo,39902402,4
39556158964,obim_256_4_fifo,39967794,4
39573846002,obim_256_4_fifo,39893519,4
20431202602,obim_256_4_fifo,41056328,8
20490083606,obim_256_4_fifo,41009528,8
20437172622,obim_256_4_fifo,40916637,8
20397867632,obim_256_4_fifo,40950097,8
20432192644,obim_256_4_fifo,41025783,8
20489465470,obim_256_4_fifo,40931284,8
20461910700,obim_256_4_fifo,40956243,8
20452277358,obim_256_4_fifo,40921180,8
20416785424,obim_256_4_fifo,40918779,8
20453174160,obim_256_4_fifo,41001056,8
10856053988,obim_256_4_fifo,42256048,16
10852995788,obim_256_4_fifo,42501738,16
10866486478,obim_256_4_fifo,42447325,16
10889028664,obim_256_4_fifo,42438284,16
10869648040,obim_256_4_fifo,42383523,16
10864979484,obim_256_4_fifo,42447494,16
10866770650,obim_256_4_fifo,42267402,16
10925465904,obim_256_4_fifo,42471435,16
10865395840,obim_256_4_fifo,42384863,16
10874455922,obim_256_4_fifo,42436559,16
5878509402,obim_256_4_fifo,43396428,32
5896721280,obim_256_4_fifo,44449915,32
5881412500,obim_256_4_fifo,43586497,32
5977793040,obim_256_4_fifo,45096356,32
5921337470,obim_256_4_fifo,44581302,32
5874048864,obim_256_4_fifo,44021975,32
5828457100,obim_256_4_fifo,42502154,32
5907637018,obim_256_4_fifo,44515188,32
5859171282,obim_256_4_fifo,43877613,32
6110742016,obim_256_4_fifo,47321224,32
3338500284,obim_256_4_fifo,47370686,64
3494614718,obim_256_4_fifo,51630652,64
3285669590,obim_256_4_fifo,45656984,64
3638148206,obim_256_4_fifo,53670861,64
3386794340,obim_256_4_fifo,47530662,64
3371472032,obim_256_4_fifo,48889254,64
3357684256,obim_256_4_fifo,48044729,64
3474444948,obim_256_4_fifo,48887291,64
3417924652,obim_256_4_fifo,50583221,64
3407558348,obim_256_4_fifo,48357941,64
2659663468,obim_256_4_fifo,50797778,128
2653195412,obim_256_4_fifo,49218056,128
2644392172,obim_256_4_fifo,51239788,128
2722296940,obim_256_4_fifo,52011983,128
2734106114,obim_256_4_fifo,55050070,128
3178749084,obim_256_4_fifo,68240780,128
2860133014,obim_256_4_fifo,58151799,128
2719777208,obim_256_4_fifo,53259854,128
2938923370,obim_256_4_fifo,59576206,128
2753671178,obim_256_4_fifo,54943860,128
2832721796,obim_256_4_fifo,54722536,128
2693818356,obim_256_4_fifo,50058568,128
2926133080,obim_256_4_fifo,57270249,128
2734740570,obim_256_4_fifo,53671435,128
2709471836,obim_256_4_fifo,52045863,128
2819848126,obim_256_4_fifo,53344562,128
2694192236,obim_256_4_fifo,51519767,128
3164670842,obim_256_4_fifo,67558327,128
2980335846,obim_256_4_fifo,57775049,128
2803903506,obim_256_4_fifo,57629241,128
