11476930706,pmod_64_2_fifo,23947347,1
11489003978,pmod_64_2_fifo,23947347,1
11489162080,pmod_64_2_fifo,23947347,1
11473376594,pmod_64_2_fifo,23947347,1
11624146436,pmod_64_2_fifo,23947347,1
11609640496,pmod_64_2_fifo,23947347,1
11507386440,pmod_64_2_fifo,23947347,1
11467344258,pmod_64_2_fifo,23947347,1
11605356448,pmod_64_2_fifo,23947347,1
11463107172,pmod_64_2_fifo,23947347,1
7098434776,pmod_64_2_fifo,23948518,2
7112851572,pmod_64_2_fifo,23948448,2
7104778782,pmod_64_2_fifo,23947833,2
7139403690,pmod_64_2_fifo,23948673,2
7112221774,pmod_64_2_fifo,23948488,2
7102069492,pmod_64_2_fifo,23948571,2
7163491902,pmod_64_2_fifo,23948133,2
7118937172,pmod_64_2_fifo,23948408,2
7114920184,pmod_64_2_fifo,23948098,2
7142051170,pmod_64_2_fifo,23948255,2
4023251946,pmod_64_2_fifo,23953203,4
4031117880,pmod_64_2_fifo,23954534,4
4029498410,pmod_64_2_fifo,23956021,4
4020770340,pmod_64_2_fifo,23952808,4
4038992980,pmod_64_2_fifo,23957698,4
4037378652,pmod_64_2_fifo,23956343,4
4034251636,pmod_64_2_fifo,23956038,4
4025202692,pmod_64_2_fifo,23955113,4
4039321200,pmod_64_2_fifo,23953286,4
4027652756,pmod_64_2_fifo,23957787,4
2177924822,pmod_64_2_fifo,24009744,8
2170408592,pmod_64_2_fifo,24004416,8
2171967756,pmod_64_2_fifo,23990766,8
2172656912,pmod_64_2_fifo,24003568,8
2170006026,pmod_64_2_fifo,24008079,8
2173285286,pmod_64_2_fifo,23985033,8
2173060890,pmod_64_2_fifo,24000799,8
2168045576,pmod_64_2_fifo,23990694,8
2171648338,pmod_64_2_fifo,23997429,8
2169010036,pmod_64_2_fifo,23991754,8
1240613546,pmod_64_2_fifo,24145903,16
1239479666,pmod_64_2_fifo,24134418,16
1240899972,pmod_64_2_fifo,24146232,16
1240582886,pmod_64_2_fifo,24144329,16
1241505688,pmod_64_2_fifo,24154451,16
1239958376,pmod_64_2_fifo,24140351,16
1240542816,pmod_64_2_fifo,24133881,16
1239298326,pmod_64_2_fifo,24137729,16
1245556468,pmod_64_2_fifo,24156755,16
1242258082,pmod_64_2_fifo,24148859,16
803430580,pmod_64_2_fifo,24707284,32
803350712,pmod_64_2_fifo,24716275,32
805341136,pmod_64_2_fifo,24697743,32
802171942,pmod_64_2_fifo,24706874,32
805383516,pmod_64_2_fifo,24729542,32
805737616,pmod_64_2_fifo,24700657,32
804674648,pmod_64_2_fifo,24675609,32
803511476,pmod_64_2_fifo,24704742,32
804930258,pmod_64_2_fifo,24715199,32
802274068,pmod_64_2_fifo,24705250,32
537941026,pmod_64_2_fifo,27806572,64
533433298,pmod_64_2_fifo,27649242,64
532546328,pmod_64_2_fifo,27583912,64
535683774,pmod_64_2_fifo,27827237,64
537596400,pmod_64_2_fifo,27643096,64
537306326,pmod_64_2_fifo,27716821,64
539217668,pmod_64_2_fifo,27646523,64
537740082,pmod_64_2_fifo,27586189,64
537466986,pmod_64_2_fifo,27661803,64
540430588,pmod_64_2_fifo,27667912,64
493986954,pmod_64_2_fifo,37404775,128
489760216,pmod_64_2_fifo,37040381,128
498143570,pmod_64_2_fifo,37297942,128
492307674,pmod_64_2_fifo,37398656,128
501278124,pmod_64_2_fifo,37536594,128
524481074,pmod_64_2_fifo,37331836,128
496076454,pmod_64_2_fifo,37245095,128
494526524,pmod_64_2_fifo,37094281,128
501933794,pmod_64_2_fifo,37200259,128
491507364,pmod_64_2_fifo,37236853,128
498819590,pmod_64_2_fifo,37465833,128
491445238,pmod_64_2_fifo,37263725,128
496105474,pmod_64_2_fifo,37112249,128
498303534,pmod_64_2_fifo,37213357,128
498717486,pmod_64_2_fifo,37211970,128
500007270,pmod_64_2_fifo,37691998,128
490850746,pmod_64_2_fifo,37304824,128
494530030,pmod_64_2_fifo,37430469,128
495243048,pmod_64_2_fifo,37265624,128
505432502,pmod_64_2_fifo,37270532,128
