57363233070,obim_512_0_fifo,47894693,1,0
57379403478,obim_512_0_fifo,47894693,1,0
57396847254,obim_512_0_fifo,47894693,1,0
57371211986,obim_512_0_fifo,47894693,1,0
57428957300,obim_512_0_fifo,47894693,1,0
57251817470,obim_512_0_fifo,47894693,1,0
57323465962,obim_512_0_fifo,47894693,1,0
57393082108,obim_512_0_fifo,47894693,1,0
57333702190,obim_512_0_fifo,47894693,1,0
57364621056,obim_512_0_fifo,47894693,1,0
30927132176,obim_512_0_fifo,47898860,2,0
30890824022,obim_512_0_fifo,47898835,2,0
30546206078,obim_512_0_fifo,47898831,2,0
31016283878,obim_512_0_fifo,47898749,2,0
30912126656,obim_512_0_fifo,47898398,2,0
30849258632,obim_512_0_fifo,47898788,2,0
30943171148,obim_512_0_fifo,47898749,2,0
30864026542,obim_512_0_fifo,47898855,2,0
30851408112,obim_512_0_fifo,47898871,2,0
30708536158,obim_512_0_fifo,47898666,2,0
15376310228,obim_512_0_fifo,47902374,4,0
15455566428,obim_512_0_fifo,47902330,4,0
15442379038,obim_512_0_fifo,47902201,4,0
15544692676,obim_512_0_fifo,47902302,4,0
15583782960,obim_512_0_fifo,47902094,4,0
15404561214,obim_512_0_fifo,47902338,4,0
16006125592,obim_512_0_fifo,47902337,4,0
15637351182,obim_512_0_fifo,47902179,4,0
15451466636,obim_512_0_fifo,47902082,4,0
15591483330,obim_512_0_fifo,47902305,4,0
8306452002,obim_512_0_fifo,47905541,8,0
8315509246,obim_512_0_fifo,47905361,8,0
8318789196,obim_512_0_fifo,47905627,8,0
8331905100,obim_512_0_fifo,47905275,8,0
8320296338,obim_512_0_fifo,47905521,8,0
8460549896,obim_512_0_fifo,47904982,8,0
8300957618,obim_512_0_fifo,47905799,8,0
8357790516,obim_512_0_fifo,47905483,8,0
8489762800,obim_512_0_fifo,47905694,8,0
8511594580,obim_512_0_fifo,47905607,8,0
6138672882,obim_512_0_fifo,47908703,16,0
5691010368,obim_512_0_fifo,47908211,16,0
5698292966,obim_512_0_fifo,47908410,16,0
6134549124,obim_512_0_fifo,47908199,16,0
5718321464,obim_512_0_fifo,47908285,16,0
5712445384,obim_512_0_fifo,47908456,16,0
5716753210,obim_512_0_fifo,47908538,16,0
5719468336,obim_512_0_fifo,47908540,16,0
5741458572,obim_512_0_fifo,47908554,16,0
5740985750,obim_512_0_fifo,47908368,16,0
7344616064,obim_512_0_fifo,47913125,32,0
7347481384,obim_512_0_fifo,47913116,32,0
7375489726,obim_512_0_fifo,47913320,32,0
7882453678,obim_512_0_fifo,47913211,32,0
7356139012,obim_512_0_fifo,47913323,32,0
7351590140,obim_512_0_fifo,47913160,32,0
7382809450,obim_512_0_fifo,47913120,32,0
7382197014,obim_512_0_fifo,47913415,32,0
7365748520,obim_512_0_fifo,47913126,32,0
7351761600,obim_512_0_fifo,47913353,32,0
9357097928,obim_512_0_fifo,47919268,64,0
9826150092,obim_512_0_fifo,47921133,64,0
7883774754,obim_512_0_fifo,47918846,64,0
7981882678,obim_512_0_fifo,47919272,64,0
9109742950,obim_512_0_fifo,47920056,64,0
7969885668,obim_512_0_fifo,47919095,64,0
8118134564,obim_512_0_fifo,47919325,64,0
7978192594,obim_512_0_fifo,47919432,64,0
8484331358,obim_512_0_fifo,47918532,64,0
7952435736,obim_512_0_fifo,47919089,64,0
11106240142,obim_512_0_fifo,47939784,128,0
8034159814,obim_512_0_fifo,47939066,128,0
7915834888,obim_512_0_fifo,47939267,128,0
8083040162,obim_512_0_fifo,47937930,128,0
10993609050,obim_512_0_fifo,47938093,128,0
10568525886,obim_512_0_fifo,47939482,128,0
8309483590,obim_512_0_fifo,47938470,128,0
9003326626,obim_512_0_fifo,47955196,128,0
12818911588,obim_512_0_fifo,47938725,128,0
12457164132,obim_512_0_fifo,47938431,128,0
