13521228098,obim_256_2_fifo,12524207,1,0
13455477170,obim_256_2_fifo,12524207,1,0
13442597812,obim_256_2_fifo,12524207,1,0
13471710322,obim_256_2_fifo,12524207,1,0
13459055118,obim_256_2_fifo,12524207,1,0
13444205938,obim_256_2_fifo,12524207,1,0
13473267154,obim_256_2_fifo,12524207,1,0
13450788090,obim_256_2_fifo,12524207,1,0
13467514328,obim_256_2_fifo,12524207,1,0
13522198706,obim_256_2_fifo,12524207,1,0
7282876860,obim_256_2_fifo,12526852,2,0
7280581116,obim_256_2_fifo,12526898,2,0
7283092116,obim_256_2_fifo,12526871,2,0
7295716790,obim_256_2_fifo,12526830,2,0
7274363944,obim_256_2_fifo,12526758,2,0
7283256644,obim_256_2_fifo,12526750,2,0
7283585632,obim_256_2_fifo,12526763,2,0
7284830660,obim_256_2_fifo,12526799,2,0
7284521460,obim_256_2_fifo,12526786,2,0
7273267806,obim_256_2_fifo,12526812,2,0
3801671130,obim_256_2_fifo,12528905,4,0
3815341802,obim_256_2_fifo,12528898,4,0
3810301264,obim_256_2_fifo,12528963,4,0
3800527748,obim_256_2_fifo,12529016,4,0
3809972092,obim_256_2_fifo,12528964,4,0
3802497704,obim_256_2_fifo,12528894,4,0
3804891298,obim_256_2_fifo,12529202,4,0
3803183796,obim_256_2_fifo,12528843,4,0
3802091652,obim_256_2_fifo,12528717,4,0
3803534770,obim_256_2_fifo,12528917,4,0
2062525800,obim_256_2_fifo,12531276,8,0
2061257348,obim_256_2_fifo,12531326,8,0
2063902412,obim_256_2_fifo,12531435,8,0
2068645104,obim_256_2_fifo,12531322,8,0
2066045928,obim_256_2_fifo,12531210,8,0
2062908230,obim_256_2_fifo,12531152,8,0
2064555582,obim_256_2_fifo,12531266,8,0
2061778844,obim_256_2_fifo,12531525,8,0
2065051824,obim_256_2_fifo,12531044,8,0
2064254024,obim_256_2_fifo,12531163,8,0
1419698506,obim_256_2_fifo,12533512,16,0
1414715030,obim_256_2_fifo,12533632,16,0
1419067468,obim_256_2_fifo,12533615,16,0
1418014048,obim_256_2_fifo,12533655,16,0
1416185578,obim_256_2_fifo,12533206,16,0
1415472946,obim_256_2_fifo,12533482,16,0
1414112818,obim_256_2_fifo,12533113,16,0
1416711634,obim_256_2_fifo,12533322,16,0
1417578964,obim_256_2_fifo,12533485,16,0
1416675538,obim_256_2_fifo,12533726,16,0
1829725464,obim_256_2_fifo,12537235,32,0
1826803520,obim_256_2_fifo,12537281,32,0
1830253376,obim_256_2_fifo,12537106,32,0
1833941898,obim_256_2_fifo,12537275,32,0
1826685128,obim_256_2_fifo,12536763,32,0
1828763660,obim_256_2_fifo,12537277,32,0
1829155878,obim_256_2_fifo,12537222,32,0
1835985332,obim_256_2_fifo,12537434,32,0
1835712474,obim_256_2_fifo,12537304,32,0
1831449038,obim_256_2_fifo,12537195,32,0
1956328566,obim_256_2_fifo,12541740,64,0
1949342464,obim_256_2_fifo,12542193,64,0
1954831226,obim_256_2_fifo,12541823,64,0
1942674288,obim_256_2_fifo,12541734,64,0
1971347864,obim_256_2_fifo,12541376,64,0
1956106838,obim_256_2_fifo,12542373,64,0
1943275748,obim_256_2_fifo,12541507,64,0
1961441200,obim_256_2_fifo,12541334,64,0
1957130836,obim_256_2_fifo,12541362,64,0
1953632598,obim_256_2_fifo,12542114,64,0
2120905774,obim_256_2_fifo,12554124,128,0
2074573324,obim_256_2_fifo,12554727,128,0
2044837760,obim_256_2_fifo,12553478,128,0
2126312544,obim_256_2_fifo,12554926,128,0
2142452504,obim_256_2_fifo,12554522,128,0
2136560856,obim_256_2_fifo,12554415,128,0
2133421302,obim_256_2_fifo,12554488,128,0
2103577908,obim_256_2_fifo,12554186,128,0
2134030404,obim_256_2_fifo,12553734,128,0
2094468198,obim_256_2_fifo,12553735,128,0
