13846386144,pmod_128_0_fifo,12524207,1,0
13844477562,pmod_128_0_fifo,12524207,1,0
13861073156,pmod_128_0_fifo,12524207,1,0
13838812660,pmod_128_0_fifo,12524207,1,0
13858870604,pmod_128_0_fifo,12524207,1,0
13881221024,pmod_128_0_fifo,12524207,1,0
13925142496,pmod_128_0_fifo,12524207,1,0
13899284344,pmod_128_0_fifo,12524207,1,0
13868985234,pmod_128_0_fifo,12524207,1,0
13872910406,pmod_128_0_fifo,12524207,1,0
7510633072,pmod_128_0_fifo,12532018,2,0
7514580904,pmod_128_0_fifo,12532408,2,0
7510220714,pmod_128_0_fifo,12532378,2,0
7515713996,pmod_128_0_fifo,12532263,2,0
7499594610,pmod_128_0_fifo,12532172,2,0
7514408982,pmod_128_0_fifo,12532195,2,0
7519117314,pmod_128_0_fifo,12532234,2,0
7501476128,pmod_128_0_fifo,12532240,2,0
7509157336,pmod_128_0_fifo,12532456,2,0
7505635158,pmod_128_0_fifo,12532265,2,0
3938434240,pmod_128_0_fifo,12537308,4,0
3936090426,pmod_128_0_fifo,12537572,4,0
3950673666,pmod_128_0_fifo,12537849,4,0
3934789076,pmod_128_0_fifo,12537628,4,0
3947201428,pmod_128_0_fifo,12539693,4,0
3939175718,pmod_128_0_fifo,12537495,4,0
3949448056,pmod_128_0_fifo,12537487,4,0
3931855182,pmod_128_0_fifo,12537406,4,0
3932288242,pmod_128_0_fifo,12537172,4,0
3936211288,pmod_128_0_fifo,12537489,4,0
2135450584,pmod_128_0_fifo,12540436,8,0
2135775542,pmod_128_0_fifo,12540368,8,0
2137700558,pmod_128_0_fifo,12540464,8,0
2142264106,pmod_128_0_fifo,12539753,8,0
2137528100,pmod_128_0_fifo,12540132,8,0
2137329652,pmod_128_0_fifo,12540682,8,0
2139430860,pmod_128_0_fifo,12540084,8,0
2142393410,pmod_128_0_fifo,12540270,8,0
2138814882,pmod_128_0_fifo,12540659,8,0
2137713876,pmod_128_0_fifo,12540512,8,0
1415098016,pmod_128_0_fifo,12542264,16,0
1413678152,pmod_128_0_fifo,12542430,16,0
1416720430,pmod_128_0_fifo,12542877,16,0
1412080100,pmod_128_0_fifo,12542889,16,0
1411451570,pmod_128_0_fifo,12542735,16,0
1413865204,pmod_128_0_fifo,12542646,16,0
1413374196,pmod_128_0_fifo,12542577,16,0
1413880736,pmod_128_0_fifo,12542493,16,0
1415915762,pmod_128_0_fifo,12542873,16,0
1413552152,pmod_128_0_fifo,12542893,16,0
1826841574,pmod_128_0_fifo,12546662,32,0
1827893104,pmod_128_0_fifo,12546909,32,0
1823373410,pmod_128_0_fifo,12546510,32,0
1823491950,pmod_128_0_fifo,12546885,32,0
1827047624,pmod_128_0_fifo,12546609,32,0
1818428672,pmod_128_0_fifo,12547293,32,0
1828525502,pmod_128_0_fifo,12546799,32,0
1826475072,pmod_128_0_fifo,12547102,32,0
1827367676,pmod_128_0_fifo,12546951,32,0
1828413914,pmod_128_0_fifo,12546710,32,0
1949817118,pmod_128_0_fifo,12551123,64,0
1940852028,pmod_128_0_fifo,12552009,64,0
1942353906,pmod_128_0_fifo,12550763,64,0
1946680930,pmod_128_0_fifo,12549889,64,0
1943740796,pmod_128_0_fifo,12550864,64,0
1960098870,pmod_128_0_fifo,12551808,64,0
1948024558,pmod_128_0_fifo,12549987,64,0
1943079934,pmod_128_0_fifo,12550496,64,0
1957114974,pmod_128_0_fifo,12551066,64,0
1933079124,pmod_128_0_fifo,12549591,64,0
2449508108,pmod_128_0_fifo,12567914,128,0
2128331870,pmod_128_0_fifo,12558543,128,0
2384910664,pmod_128_0_fifo,12564227,128,0
2123418490,pmod_128_0_fifo,12561959,128,0
2132432632,pmod_128_0_fifo,12560552,128,0
2114526356,pmod_128_0_fifo,12562434,128,0
2100565846,pmod_128_0_fifo,12561471,128,0
2143087810,pmod_128_0_fifo,12559800,128,0
2112361110,pmod_128_0_fifo,12561594,128,0
2113823782,pmod_128_0_fifo,12561148,128,0
