242843568240,obim_512_0_fifo,84823491,1,10
242818837206,obim_512_0_fifo,84823491,1,10
242604490988,obim_512_0_fifo,84823491,1,10
242471852614,obim_512_0_fifo,84823491,1,10
242698281814,obim_512_0_fifo,84823491,1,10
242504960774,obim_512_0_fifo,84823491,1,10
242379164702,obim_512_0_fifo,84823491,1,10
243764968182,obim_512_0_fifo,84823491,1,10
242516446322,obim_512_0_fifo,84823491,1,10
242616881164,obim_512_0_fifo,84823491,1,10
122646822834,obim_512_0_fifo,84825214,2,10
122636898280,obim_512_0_fifo,84825145,2,10
122471129126,obim_512_0_fifo,84825112,2,10
122727931734,obim_512_0_fifo,84824873,2,10
122625443396,obim_512_0_fifo,84825236,2,10
122738014272,obim_512_0_fifo,84824800,2,10
122837955706,obim_512_0_fifo,84824717,2,10
122685932400,obim_512_0_fifo,84825341,2,10
122665458928,obim_512_0_fifo,84825306,2,10
122653373870,obim_512_0_fifo,84825258,2,10
61839891586,obim_512_0_fifo,84824554,4,10
61858117452,obim_512_0_fifo,84823888,4,10
61823443342,obim_512_0_fifo,84823902,4,10
61970079164,obim_512_0_fifo,84824625,4,10
61837018524,obim_512_0_fifo,84823892,4,10
61830158360,obim_512_0_fifo,84825105,4,10
61797067622,obim_512_0_fifo,84825063,4,10
61863418438,obim_512_0_fifo,84823813,4,10
61798228652,obim_512_0_fifo,84824846,4,10
61861301168,obim_512_0_fifo,84824725,4,10
31669946398,obim_512_0_fifo,84830366,8,10
31668688160,obim_512_0_fifo,84830764,8,10
31672600770,obim_512_0_fifo,84830799,8,10
31750248820,obim_512_0_fifo,84830655,8,10
31678732916,obim_512_0_fifo,84830236,8,10
31662747940,obim_512_0_fifo,84830766,8,10
31671382686,obim_512_0_fifo,84830585,8,10
31691212086,obim_512_0_fifo,84831038,8,10
31638493832,obim_512_0_fifo,84829601,8,10
31632597960,obim_512_0_fifo,84830814,8,10
16676020762,obim_512_0_fifo,85153892,16,10
16682215850,obim_512_0_fifo,85152087,16,10
16728023224,obim_512_0_fifo,85153247,16,10
16677089352,obim_512_0_fifo,85152425,16,10
16683673718,obim_512_0_fifo,85154186,16,10
16682015080,obim_512_0_fifo,85152920,16,10
16677358374,obim_512_0_fifo,85152440,16,10
16687960946,obim_512_0_fifo,85154322,16,10
16678436044,obim_512_0_fifo,85152999,16,10
16677825214,obim_512_0_fifo,85153569,16,10
8784015488,obim_512_0_fifo,85250196,32,10
8773048934,obim_512_0_fifo,85252157,32,10
8771532838,obim_512_0_fifo,85252982,32,10
8775319460,obim_512_0_fifo,85247477,32,10
8863724430,obim_512_0_fifo,85251508,32,10
8764326672,obim_512_0_fifo,85241454,32,10
8768179230,obim_512_0_fifo,85253476,32,10
8775109474,obim_512_0_fifo,85241068,32,10
8770719694,obim_512_0_fifo,85255482,32,10
8764522934,obim_512_0_fifo,85250727,32,10
4874189552,obim_512_0_fifo,88695400,64,10
4866682378,obim_512_0_fifo,88557470,64,10
4867752510,obim_512_0_fifo,88798032,64,10
4862338706,obim_512_0_fifo,88370189,64,10
4900477200,obim_512_0_fifo,89331312,64,10
4900122742,obim_512_0_fifo,89404130,64,10
4888059966,obim_512_0_fifo,89114646,64,10
4887852062,obim_512_0_fifo,89057339,64,10
4888648912,obim_512_0_fifo,89020588,64,10
4882368194,obim_512_0_fifo,88982974,64,10
3645818318,obim_512_0_fifo,89757488,128,10
3617914988,obim_512_0_fifo,89329099,128,10
3625235870,obim_512_0_fifo,89247402,128,10
3624730134,obim_512_0_fifo,89747945,128,10
3653123118,obim_512_0_fifo,89904352,128,10
3623390402,obim_512_0_fifo,89284718,128,10
3627574456,obim_512_0_fifo,89438872,128,10
3645671082,obim_512_0_fifo,89732836,128,10
3640375614,obim_512_0_fifo,89736538,128,10
3650457790,obim_512_0_fifo,89245801,128,10
