249139249452,pmod_512_0_fifo,84823491,1,10
249120796184,pmod_512_0_fifo,84823491,1,10
249290883912,pmod_512_0_fifo,84823491,1,10
249218593644,pmod_512_0_fifo,84823491,1,10
249842693032,pmod_512_0_fifo,84823491,1,10
249267019790,pmod_512_0_fifo,84823491,1,10
249025421626,pmod_512_0_fifo,84823491,1,10
249021156600,pmod_512_0_fifo,84823491,1,10
249094284846,pmod_512_0_fifo,84823491,1,10
249027347014,pmod_512_0_fifo,84823491,1,10
126114711880,pmod_512_0_fifo,84824622,2,10
126187297114,pmod_512_0_fifo,84825241,2,10
126136400392,pmod_512_0_fifo,84825054,2,10
126176179888,pmod_512_0_fifo,84825424,2,10
126206590966,pmod_512_0_fifo,84824649,2,10
126129083220,pmod_512_0_fifo,84824970,2,10
126218999090,pmod_512_0_fifo,84824643,2,10
126038732874,pmod_512_0_fifo,84825068,2,10
126202905082,pmod_512_0_fifo,84824935,2,10
126270435008,pmod_512_0_fifo,84824468,2,10
63713703246,pmod_512_0_fifo,84825088,4,10
63806050724,pmod_512_0_fifo,84824887,4,10
63727356058,pmod_512_0_fifo,84824916,4,10
63815471274,pmod_512_0_fifo,84823782,4,10
63730016620,pmod_512_0_fifo,84824747,4,10
63954689618,pmod_512_0_fifo,84823597,4,10
63761933376,pmod_512_0_fifo,84824173,4,10
63777681820,pmod_512_0_fifo,84825077,4,10
63903591976,pmod_512_0_fifo,84825021,4,10
63714012734,pmod_512_0_fifo,84824855,4,10
32659780474,pmod_512_0_fifo,84830729,8,10
32702643142,pmod_512_0_fifo,84830100,8,10
32661567792,pmod_512_0_fifo,84829968,8,10
32682431414,pmod_512_0_fifo,84831107,8,10
32786083930,pmod_512_0_fifo,84831495,8,10
32726320430,pmod_512_0_fifo,84830426,8,10
32704914318,pmod_512_0_fifo,84831173,8,10
32706423332,pmod_512_0_fifo,84830929,8,10
32666508388,pmod_512_0_fifo,84830942,8,10
32710508090,pmod_512_0_fifo,84830925,8,10
17237703828,pmod_512_0_fifo,85139208,16,10
17263507210,pmod_512_0_fifo,85139222,16,10
17263169122,pmod_512_0_fifo,85139940,16,10
17268289080,pmod_512_0_fifo,85138326,16,10
17254100010,pmod_512_0_fifo,85139993,16,10
17267638030,pmod_512_0_fifo,85138660,16,10
17255159472,pmod_512_0_fifo,85139151,16,10
17251677916,pmod_512_0_fifo,85139561,16,10
17230238588,pmod_512_0_fifo,85139940,16,10
17232841338,pmod_512_0_fifo,85139554,16,10
9039234052,pmod_512_0_fifo,85252109,32,10
9044955736,pmod_512_0_fifo,85256508,32,10
9045211980,pmod_512_0_fifo,85254586,32,10
9048013556,pmod_512_0_fifo,85253394,32,10
9041225804,pmod_512_0_fifo,85254566,32,10
9050142406,pmod_512_0_fifo,85244216,32,10
9044371906,pmod_512_0_fifo,85253197,32,10
9044042998,pmod_512_0_fifo,85255773,32,10
9045537784,pmod_512_0_fifo,85259075,32,10
9054570744,pmod_512_0_fifo,85253978,32,10
5000887916,pmod_512_0_fifo,88710744,64,10
4999053810,pmod_512_0_fifo,88442860,64,10
4996520618,pmod_512_0_fifo,88643467,64,10
5028692700,pmod_512_0_fifo,89055817,64,10
5016968514,pmod_512_0_fifo,89025846,64,10
4985714102,pmod_512_0_fifo,88274182,64,10
4996181960,pmod_512_0_fifo,88652095,64,10
4982796990,pmod_512_0_fifo,88318958,64,10
5007273286,pmod_512_0_fifo,88919546,64,10
5001382122,pmod_512_0_fifo,88619097,64,10
3697749146,pmod_512_0_fifo,89398423,128,10
3715607430,pmod_512_0_fifo,89569568,128,10
3753043018,pmod_512_0_fifo,89716035,128,10
3710992628,pmod_512_0_fifo,89280918,128,10
3726578386,pmod_512_0_fifo,89455760,128,10
3735359558,pmod_512_0_fifo,89853086,128,10
3725203264,pmod_512_0_fifo,89292912,128,10
3708556454,pmod_512_0_fifo,89459330,128,10
3724319408,pmod_512_0_fifo,89579911,128,10
3711114326,pmod_512_0_fifo,89649978,128,10
