13478543568,pmod_64_18_fifo,27530625,1,10
13450898394,pmod_64_18_fifo,27530625,1,10
13734633886,pmod_64_18_fifo,27530625,1,10
13475636582,pmod_64_18_fifo,27530625,1,10
13529977664,pmod_64_18_fifo,27530625,1,10
13461930408,pmod_64_18_fifo,27530625,1,10
13580834624,pmod_64_18_fifo,27530625,1,10
13475785494,pmod_64_18_fifo,27530625,1,10
13500221468,pmod_64_18_fifo,27530625,1,10
13476312348,pmod_64_18_fifo,27530625,1,10
8732415894,pmod_64_18_fifo,27528738,2,10
8733847248,pmod_64_18_fifo,27524369,2,10
8729963472,pmod_64_18_fifo,27520225,2,10
8755090910,pmod_64_18_fifo,27522903,2,10
8755988188,pmod_64_18_fifo,27520993,2,10
8735745202,pmod_64_18_fifo,27527275,2,10
8739633744,pmod_64_18_fifo,27522064,2,10
8731962470,pmod_64_18_fifo,27521669,2,10
8747977416,pmod_64_18_fifo,27522749,2,10
8723748046,pmod_64_18_fifo,27523081,2,10
4860338966,pmod_64_18_fifo,27550678,4,10
4861809624,pmod_64_18_fifo,27549542,4,10
4867184988,pmod_64_18_fifo,27549745,4,10
4854874862,pmod_64_18_fifo,27549155,4,10
4855086860,pmod_64_18_fifo,27542163,4,10
4859669398,pmod_64_18_fifo,27559606,4,10
4863463106,pmod_64_18_fifo,27540401,4,10
4855492882,pmod_64_18_fifo,27544295,4,10
4854750452,pmod_64_18_fifo,27555389,4,10
4865277498,pmod_64_18_fifo,27554775,4,10
2590330316,pmod_64_18_fifo,27706672,8,10
2582773248,pmod_64_18_fifo,27707978,8,10
2578923174,pmod_64_18_fifo,27713613,8,10
2582406080,pmod_64_18_fifo,27734957,8,10
2581472300,pmod_64_18_fifo,27724530,8,10
2588306140,pmod_64_18_fifo,27715744,8,10
2586126860,pmod_64_18_fifo,27706874,8,10
2593423490,pmod_64_18_fifo,27738452,8,10
2584416050,pmod_64_18_fifo,27754664,8,10
2581275912,pmod_64_18_fifo,27720886,8,10
1489309716,pmod_64_18_fifo,29399182,16,10
1491426624,pmod_64_18_fifo,29398619,16,10
1495067628,pmod_64_18_fifo,29424196,16,10
1493566188,pmod_64_18_fifo,29511093,16,10
1493845892,pmod_64_18_fifo,29460002,16,10
1491966786,pmod_64_18_fifo,29375042,16,10
1492593550,pmod_64_18_fifo,29409225,16,10
1489258252,pmod_64_18_fifo,29458652,16,10
1490125390,pmod_64_18_fifo,29409168,16,10
1494441918,pmod_64_18_fifo,29516994,16,10
1109841010,pmod_64_18_fifo,36460510,32,10
1110964416,pmod_64_18_fifo,35994959,32,10
1109302214,pmod_64_18_fifo,36090060,32,10
1099116166,pmod_64_18_fifo,36040526,32,10
1098729566,pmod_64_18_fifo,35996944,32,10
1107355222,pmod_64_18_fifo,36212143,32,10
1175402758,pmod_64_18_fifo,35934499,32,10
1169261668,pmod_64_18_fifo,35645614,32,10
1112617846,pmod_64_18_fifo,36157007,32,10
1100162314,pmod_64_18_fifo,36086645,32,10
896824032,pmod_64_18_fifo,52617201,64,10
1030493470,pmod_64_18_fifo,51228389,64,10
1030856138,pmod_64_18_fifo,51407423,64,10
1013531816,pmod_64_18_fifo,51213412,64,10
896848946,pmod_64_18_fifo,51512989,64,10
981926296,pmod_64_18_fifo,52713145,64,10
1042987410,pmod_64_18_fifo,52216547,64,10
999134988,pmod_64_18_fifo,52356188,64,10
902662720,pmod_64_18_fifo,51896033,64,10
994797920,pmod_64_18_fifo,51554643,64,10
1143828568,pmod_64_18_fifo,75361151,128,10
1196484882,pmod_64_18_fifo,77082764,128,10
901452036,pmod_64_18_fifo,81133462,128,10
1027929678,pmod_64_18_fifo,78427076,128,10
1061935726,pmod_64_18_fifo,78854457,128,10
917358404,pmod_64_18_fifo,83612913,128,10
1082498218,pmod_64_18_fifo,80065225,128,10
1060365810,pmod_64_18_fifo,79861710,128,10
921424078,pmod_64_18_fifo,82328091,128,10
1017206162,pmod_64_18_fifo,79670665,128,10
