12516873656,obim_64_14_fifo,29625079,1,10
12485356826,obim_64_14_fifo,29625079,1,10
12490037582,obim_64_14_fifo,29625079,1,10
12513164728,obim_64_14_fifo,29625079,1,10
12543496620,obim_64_14_fifo,29625079,1,10
12496562686,obim_64_14_fifo,29625079,1,10
12470685512,obim_64_14_fifo,29625079,1,10
12519296628,obim_64_14_fifo,29625079,1,10
12507241510,obim_64_14_fifo,29625079,1,10
12547111274,obim_64_14_fifo,29625079,1,10
8352218818,obim_64_14_fifo,29567924,2,10
8350836130,obim_64_14_fifo,29566594,2,10
8341765406,obim_64_14_fifo,29566516,2,10
8351298220,obim_64_14_fifo,29568347,2,10
8368771826,obim_64_14_fifo,29563849,2,10
8354570922,obim_64_14_fifo,29566211,2,10
8353735912,obim_64_14_fifo,29568677,2,10
8349598074,obim_64_14_fifo,29569143,2,10
8352049106,obim_64_14_fifo,29567763,2,10
8350474850,obim_64_14_fifo,29567500,2,10
4675430394,obim_64_14_fifo,29542578,4,10
4679958798,obim_64_14_fifo,29543822,4,10
4671344366,obim_64_14_fifo,29532849,4,10
4669235570,obim_64_14_fifo,29546460,4,10
4681785706,obim_64_14_fifo,29546223,4,10
4700578404,obim_64_14_fifo,29542829,4,10
4672429488,obim_64_14_fifo,29531752,4,10
4699250150,obim_64_14_fifo,29549461,4,10
4677374788,obim_64_14_fifo,29540849,4,10
4682964888,obim_64_14_fifo,29534563,4,10
2497233072,obim_64_14_fifo,29689019,8,10
2491826270,obim_64_14_fifo,29676407,8,10
2495126894,obim_64_14_fifo,29653196,8,10
2499267524,obim_64_14_fifo,29680711,8,10
2487228854,obim_64_14_fifo,29685973,8,10
2490338224,obim_64_14_fifo,29659573,8,10
2493236218,obim_64_14_fifo,29688065,8,10
2486807566,obim_64_14_fifo,29652096,8,10
2495283626,obim_64_14_fifo,29676469,8,10
2488478696,obim_64_14_fifo,29680612,8,10
1408353300,obim_64_14_fifo,31085740,16,10
1405456194,obim_64_14_fifo,31044655,16,10
1404011042,obim_64_14_fifo,30955121,16,10
1412311538,obim_64_14_fifo,31103184,16,10
1407604076,obim_64_14_fifo,31017021,16,10
1418074676,obim_64_14_fifo,31080201,16,10
1407140354,obim_64_14_fifo,31014816,16,10
1403918646,obim_64_14_fifo,30960250,16,10
1408962244,obim_64_14_fifo,31029555,16,10
1408122234,obim_64_14_fifo,31114265,16,10
1016438816,obim_64_14_fifo,37441835,32,10
1019877070,obim_64_14_fifo,37539785,32,10
1008344064,obim_64_14_fifo,36966343,32,10
1010634836,obim_64_14_fifo,37330616,32,10
1013832264,obim_64_14_fifo,37399011,32,10
1016648212,obim_64_14_fifo,37301155,32,10
1012940198,obim_64_14_fifo,37044460,32,10
1013068936,obim_64_14_fifo,37403833,32,10
1007126520,obim_64_14_fifo,37048452,32,10
1010564398,obim_64_14_fifo,37133219,32,10
807131166,obim_64_14_fifo,52591687,64,10
796866794,obim_64_14_fifo,52086635,64,10
807669152,obim_64_14_fifo,52473405,64,10
800541784,obim_64_14_fifo,52469425,64,10
805428462,obim_64_14_fifo,52852132,64,10
806875332,obim_64_14_fifo,52683828,64,10
805990726,obim_64_14_fifo,53090743,64,10
802499348,obim_64_14_fifo,52531127,64,10
804380044,obim_64_14_fifo,52877295,64,10
808728670,obim_64_14_fifo,52798773,64,10
767641032,obim_64_14_fifo,84871873,128,10
764353158,obim_64_14_fifo,85526080,128,10
775285214,obim_64_14_fifo,86334447,128,10
756380202,obim_64_14_fifo,84293851,128,10
763495046,obim_64_14_fifo,84785665,128,10
767495542,obim_64_14_fifo,84450011,128,10
770631652,obim_64_14_fifo,84527219,128,10
776374672,obim_64_14_fifo,85870371,128,10
772453038,obim_64_14_fifo,86145655,128,10
765981996,obim_64_14_fifo,85560651,128,10
