3095042342,obim_32_14_fifo,7725006,1,10
3089651634,obim_32_14_fifo,7725006,1,10
3096258634,obim_32_14_fifo,7725006,1,10
3109890406,obim_32_14_fifo,7725006,1,10
3090535540,obim_32_14_fifo,7725006,1,10
3119985984,obim_32_14_fifo,7725006,1,10
3095418508,obim_32_14_fifo,7725006,1,10
3115135392,obim_32_14_fifo,7725006,1,10
3113990178,obim_32_14_fifo,7725006,1,10
3097295336,obim_32_14_fifo,7725006,1,10
2199714830,obim_32_14_fifo,7701660,2,10
2193574214,obim_32_14_fifo,7701704,2,10
2201127820,obim_32_14_fifo,7705347,2,10
2197658380,obim_32_14_fifo,7703199,2,10
2200520658,obim_32_14_fifo,7704839,2,10
2194097778,obim_32_14_fifo,7703921,2,10
2197887532,obim_32_14_fifo,7704210,2,10
2200546886,obim_32_14_fifo,7701907,2,10
2197223486,obim_32_14_fifo,7702525,2,10
2195736914,obim_32_14_fifo,7704330,2,10
1236920574,obim_32_14_fifo,7695982,4,10
1237640926,obim_32_14_fifo,7698602,4,10
1236959266,obim_32_14_fifo,7697084,4,10
1234207636,obim_32_14_fifo,7696363,4,10
1237813928,obim_32_14_fifo,7696375,4,10
1240671444,obim_32_14_fifo,7698193,4,10
1238019600,obim_32_14_fifo,7698556,4,10
1238925326,obim_32_14_fifo,7693415,4,10
1237648200,obim_32_14_fifo,7696603,4,10
1239451548,obim_32_14_fifo,7696560,4,10
669178258,obim_32_14_fifo,7737340,8,10
672148584,obim_32_14_fifo,7734102,8,10
670644678,obim_32_14_fifo,7729593,8,10
668139394,obim_32_14_fifo,7739084,8,10
668927458,obim_32_14_fifo,7725533,8,10
669009452,obim_32_14_fifo,7747475,8,10
671874846,obim_32_14_fifo,7748540,8,10
670177214,obim_32_14_fifo,7729558,8,10
669209344,obim_32_14_fifo,7734540,8,10
674865040,obim_32_14_fifo,7745252,8,10
386665008,obim_32_14_fifo,7932703,16,10
384901472,obim_32_14_fifo,7945021,16,10
386730162,obim_32_14_fifo,7949765,16,10
387475464,obim_32_14_fifo,7972258,16,10
386070450,obim_32_14_fifo,7942566,16,10
387850648,obim_32_14_fifo,7930088,16,10
384772456,obim_32_14_fifo,7982039,16,10
383857374,obim_32_14_fifo,7953980,16,10
384207458,obim_32_14_fifo,7929518,16,10
388122976,obim_32_14_fifo,7960617,16,10
299437570,obim_32_14_fifo,9269158,32,10
301294740,obim_32_14_fifo,9242280,32,10
299639842,obim_32_14_fifo,9244317,32,10
300149816,obim_32_14_fifo,9195204,32,10
297588904,obim_32_14_fifo,9156101,32,10
300211454,obim_32_14_fifo,9286146,32,10
298711616,obim_32_14_fifo,9189856,32,10
299639638,obim_32_14_fifo,9190652,32,10
300066010,obim_32_14_fifo,9327515,32,10
300322524,obim_32_14_fifo,9255442,32,10
288660596,obim_32_14_fifo,12947675,64,10
290372178,obim_32_14_fifo,12956024,64,10
291583846,obim_32_14_fifo,12753741,64,10
289306354,obim_32_14_fifo,12948222,64,10
289404448,obim_32_14_fifo,12744946,64,10
291300706,obim_32_14_fifo,12944476,64,10
290474532,obim_32_14_fifo,12889574,64,10
287590432,obim_32_14_fifo,12852277,64,10
289172264,obim_32_14_fifo,12944888,64,10
296319158,obim_32_14_fifo,12886066,64,10
270226060,obim_32_14_fifo,20161815,128,10
274517526,obim_32_14_fifo,20108643,128,10
279197278,obim_32_14_fifo,20394056,128,10
279605148,obim_32_14_fifo,20080143,128,10
274035944,obim_32_14_fifo,19866926,128,10
277096710,obim_32_14_fifo,20085286,128,10
273535268,obim_32_14_fifo,20217667,128,10
280568300,obim_32_14_fifo,20388428,128,10
276694284,obim_32_14_fifo,20087283,128,10
277158742,obim_32_14_fifo,20169238,128,10
