142917004916,obim_128_4_fifo,77195952,1,10
142989554872,obim_128_4_fifo,77195952,1,10
143037769232,obim_128_4_fifo,77195952,1,10
142934357024,obim_128_4_fifo,77195952,1,10
142942399390,obim_128_4_fifo,77195952,1,10
142892978644,obim_128_4_fifo,77195952,1,10
142995517882,obim_128_4_fifo,77195952,1,10
142801706186,obim_128_4_fifo,77195952,1,10
142894268168,obim_128_4_fifo,77195952,1,10
142905797940,obim_128_4_fifo,77195952,1,10
72630289490,obim_128_4_fifo,77192979,2,10
72614281788,obim_128_4_fifo,77192439,2,10
72673165442,obim_128_4_fifo,77190768,2,10
72667657630,obim_128_4_fifo,77193322,2,10
72673334498,obim_128_4_fifo,77194637,2,10
72687774844,obim_128_4_fifo,77192330,2,10
72689331186,obim_128_4_fifo,77193232,2,10
72649301356,obim_128_4_fifo,77188824,2,10
72627094588,obim_128_4_fifo,77191719,2,10
72710837458,obim_128_4_fifo,77190559,2,10
36773118262,obim_128_4_fifo,77192751,4,10
36790485626,obim_128_4_fifo,77191008,4,10
36752918924,obim_128_4_fifo,77192691,4,10
36773677098,obim_128_4_fifo,77189658,4,10
36770507796,obim_128_4_fifo,77186067,4,10
36802047068,obim_128_4_fifo,77190466,4,10
36779676112,obim_128_4_fifo,77189263,4,10
36813415690,obim_128_4_fifo,77187431,4,10
36786187556,obim_128_4_fifo,77189583,4,10
36790962206,obim_128_4_fifo,77187541,4,10
18869750548,obim_128_4_fifo,77191422,8,10
18864889478,obim_128_4_fifo,77190211,8,10
18869412726,obim_128_4_fifo,77199538,8,10
18854778248,obim_128_4_fifo,77190531,8,10
18850508318,obim_128_4_fifo,77185781,8,10
18848004276,obim_128_4_fifo,77191604,8,10
18858285770,obim_128_4_fifo,77193777,8,10
18866053352,obim_128_4_fifo,77193001,8,10
18867883728,obim_128_4_fifo,77189222,8,10
18862537382,obim_128_4_fifo,77190503,8,10
10008466370,obim_128_4_fifo,77284982,16,10
9993611810,obim_128_4_fifo,77223521,16,10
9985334722,obim_128_4_fifo,77216595,16,10
9990128318,obim_128_4_fifo,77213876,16,10
10001324424,obim_128_4_fifo,77301506,16,10
9995748790,obim_128_4_fifo,77282183,16,10
10001487570,obim_128_4_fifo,77295077,16,10
9993635374,obim_128_4_fifo,77204452,16,10
10007806666,obim_128_4_fifo,77281434,16,10
9993462472,obim_128_4_fifo,77211230,16,10
5092507956,obim_128_4_fifo,77398123,32,10
5124944844,obim_128_4_fifo,77564355,32,10
5121865938,obim_128_4_fifo,77637581,32,10
5105860996,obim_128_4_fifo,77545413,32,10
5102411180,obim_128_4_fifo,77403806,32,10
5104344580,obim_128_4_fifo,77483352,32,10
5085202684,obim_128_4_fifo,77347460,32,10
5115333812,obim_128_4_fifo,77445171,32,10
5139133888,obim_128_4_fifo,77805044,32,10
5102310000,obim_128_4_fifo,77431371,32,10
2756689522,obim_128_4_fifo,78286383,64,10
2744474880,obim_128_4_fifo,78137577,64,10
2746510380,obim_128_4_fifo,78274421,64,10
2740506516,obim_128_4_fifo,78185018,64,10
2777581782,obim_128_4_fifo,78847944,64,10
2788298510,obim_128_4_fifo,79028164,64,10
2751009554,obim_128_4_fifo,78288020,64,10
2755263606,obim_128_4_fifo,78406556,64,10
2753225184,obim_128_4_fifo,78381709,64,10
2738191772,obim_128_4_fifo,78155706,64,10
1963004380,obim_128_4_fifo,78863307,128,10
1969734014,obim_128_4_fifo,78885253,128,10
1971201528,obim_128_4_fifo,79028388,128,10
2034997660,obim_128_4_fifo,81593176,128,10
1978801696,obim_128_4_fifo,79036626,128,10
1975795766,obim_128_4_fifo,78965542,128,10
1986405928,obim_128_4_fifo,79094279,128,10
1974992634,obim_128_4_fifo,79399051,128,10
1961738204,obim_128_4_fifo,78843138,128,10
1977969354,obim_128_4_fifo,79850480,128,10
