28473578800,smq_default,31207717,1,14
28429667200,smq_default,31207717,1,14
28534276700,smq_default,31207717,1,14
28551623040,smq_default,31207717,1,14
28413493340,smq_default,31207717,1,14
28458617660,smq_default,31207717,1,14
28536989720,smq_default,31207717,1,14
28580152480,smq_default,31207717,1,14
28559081840,smq_default,31207717,1,14
28542327340,smq_default,31207717,1,14
14278353500,smq_default,28921522,2,14
14261984940,smq_default,28918132,2,14
14203644200,smq_default,28921700,2,14
14245541900,smq_default,28920464,2,14
14201393960,smq_default,28920990,2,14
14210467800,smq_default,28930983,2,14
14140233220,smq_default,28929006,2,14
14121669480,smq_default,28917555,2,14
14238003780,smq_default,28916643,2,14
14266954760,smq_default,28917807,2,14
6172649280,smq_default,28982849,4,14
6169802660,smq_default,28989041,4,14
6166958040,smq_default,28980956,4,14
6173922700,smq_default,28983038,4,14
6215617500,smq_default,29004574,4,14
6195200200,smq_default,29024996,4,14
6176111300,smq_default,28989604,4,14
6173790980,smq_default,28982916,4,14
6189753820,smq_default,29025360,4,14
6169030340,smq_default,28979308,4,14
4739396960,smq_default,29105526,8,14
4768139860,smq_default,29095686,8,14
4753647780,smq_default,29088147,8,14
4763342100,smq_default,29093007,8,14
4742305420,smq_default,29116888,8,14
4749375820,smq_default,29089505,8,14
4769338640,smq_default,29108123,8,14
4773804700,smq_default,29107696,8,14
4719532880,smq_default,29092552,8,14
4746649340,smq_default,29084888,8,14
2457211200,smq_default,29365172,16,14
2492704220,smq_default,29535642,16,14
2478051200,smq_default,29538080,16,14
2516793740,smq_default,29775755,16,14
2451840000,smq_default,29543133,16,14
2488062220,smq_default,29420695,16,14
2467751540,smq_default,29387566,16,14
2478550400,smq_default,29864694,16,14
2512009740,smq_default,29734903,16,14
2463879520,smq_default,29510179,16,14
1401841100,smq_default,32267817,32,14
1401037560,smq_default,32343059,32,14
1397158300,smq_default,32088309,32,14
1393149400,smq_default,31960514,32,14
1414220680,smq_default,32754572,32,14
1410128280,smq_default,32420961,32,14
1392698900,smq_default,32123223,32,14
1424108740,smq_default,32265667,32,14
1400661960,smq_default,32049290,32,14
1400895900,smq_default,32403763,32,14
875311460,smq_default,36679583,64,14
895450020,smq_default,37654452,64,14
939544260,smq_default,39475592,64,14
875345400,smq_default,36641148,64,14
892436860,smq_default,37427132,64,14
879735740,smq_default,36801735,64,14
894871180,smq_default,37600796,64,14
907667320,smq_default,38337588,64,14
874700800,smq_default,36570567,64,14
963430040,smq_default,40734479,64,14
577029600,smq_default,45567094,128,14
576597560,smq_default,45501839,128,14
579088300,smq_default,45837418,128,14
578177980,smq_default,45668895,128,14
577315100,smq_default,45699225,128,14
574628320,smq_default,45452216,128,14
574750160,smq_default,45559517,128,14
571084500,smq_default,45101767,128,14
580712920,smq_default,45955047,128,14
578402740,smq_default,45757886,128,14
431139880,smq_default,55707094,256,14
434127420,smq_default,55873523,256,14
430202120,smq_default,55596373,256,14
435874860,smq_default,55851795,256,14
434277480,smq_default,55704939,256,14
432329880,smq_default,55786792,256,14
432608680,smq_default,55749390,256,14
437740900,smq_default,56128999,256,14
431808700,smq_default,55749342,256,14
433338640,smq_default,55845063,256,14
