4226079000,smqhm_4_1,7717173,1,14
4233847780,smqhm_4_1,7717173,1,14
4390072380,smqhm_4_1,7717173,1,14
4233171760,smqhm_4_1,7717173,1,14
4253520200,smqhm_4_1,7717173,1,14
4241353580,smqhm_4_1,7717173,1,14
4246203880,smqhm_4_1,7717173,1,14
4224973480,smqhm_4_1,7717173,1,14
4227615740,smqhm_4_1,7717173,1,14
4233138600,smqhm_4_1,7717173,1,14
2809271440,smqhm_4_1,7738604,2,14
2748055640,smqhm_4_1,7740992,2,14
2738801500,smqhm_4_1,7740592,2,14
2737512260,smqhm_4_1,7742382,2,14
2746545820,smqhm_4_1,7738909,2,14
2730414700,smqhm_4_1,7738930,2,14
2727705480,smqhm_4_1,7739729,2,14
2720703760,smqhm_4_1,7742075,2,14
2743929200,smqhm_4_1,7738498,2,14
2728258620,smqhm_4_1,7740013,2,14
1164352180,smqhm_4_1,7770013,4,14
1164202800,smqhm_4_1,7770371,4,14
1166923480,smqhm_4_1,7771448,4,14
1164375640,smqhm_4_1,7769429,4,14
1168142580,smqhm_4_1,7772211,4,14
1163059440,smqhm_4_1,7769795,4,14
1161270420,smqhm_4_1,7770592,4,14
1165187620,smqhm_4_1,7773277,4,14
1165552480,smqhm_4_1,7770516,4,14
1163993200,smqhm_4_1,7771797,4,14
1019184880,smqhm_4_1,7811361,8,14
1019676920,smqhm_4_1,7814400,8,14
1005293600,smqhm_4_1,7813197,8,14
995220120,smqhm_4_1,7806370,8,14
1012446500,smqhm_4_1,7805509,8,14
997977840,smqhm_4_1,7807711,8,14
1004926700,smqhm_4_1,7806228,8,14
1017450260,smqhm_4_1,7811530,8,14
999426680,smqhm_4_1,7808660,8,14
999208960,smqhm_4_1,7810646,8,14
569068560,smqhm_4_1,7919476,16,14
567657080,smqhm_4_1,7925600,16,14
570783580,smqhm_4_1,7920038,16,14
572206980,smqhm_4_1,7948050,16,14
572364660,smqhm_4_1,7921414,16,14
569943920,smqhm_4_1,7920764,16,14
562874000,smqhm_4_1,7933060,16,14
566500360,smqhm_4_1,7918630,16,14
563214500,smqhm_4_1,7923939,16,14
563436440,smqhm_4_1,7919361,16,14
323720520,smqhm_4_1,8253897,32,14
322056020,smqhm_4_1,8234973,32,14
332510180,smqhm_4_1,8477046,32,14
324018500,smqhm_4_1,8251219,32,14
326004680,smqhm_4_1,8312598,32,14
322260560,smqhm_4_1,8224854,32,14
324330660,smqhm_4_1,8285197,32,14
321964440,smqhm_4_1,8230384,32,14
323837280,smqhm_4_1,8259528,32,14
325133380,smqhm_4_1,8227760,32,14
201698120,smqhm_4_1,9515656,64,14
208133120,smqhm_4_1,9797444,64,14
200108320,smqhm_4_1,9400828,64,14
197807160,smqhm_4_1,9262330,64,14
194709920,smqhm_4_1,9133090,64,14
200541360,smqhm_4_1,9395570,64,14
197945300,smqhm_4_1,9354741,64,14
196785680,smqhm_4_1,9259552,64,14
199405860,smqhm_4_1,9385952,64,14
196766660,smqhm_4_1,9284847,64,14
139708820,smqhm_4_1,10978909,128,14
141213700,smqhm_4_1,11134067,128,14
142557720,smqhm_4_1,11274683,128,14
140224660,smqhm_4_1,11079473,128,14
142783020,smqhm_4_1,11145729,128,14
144442440,smqhm_4_1,11371042,128,14
141430700,smqhm_4_1,11189464,128,14
142819740,smqhm_4_1,11313614,128,14
141595100,smqhm_4_1,11174107,128,14
141970580,smqhm_4_1,11230675,128,14
127169000,smqhm_4_1,13888499,256,14
113887720,smqhm_4_1,13768884,256,14
116849300,smqhm_4_1,13978089,256,14
112602360,smqhm_4_1,13819118,256,14
114322260,smqhm_4_1,13913720,256,14
114167420,smqhm_4_1,13871582,256,14
114642600,smqhm_4_1,13971486,256,14
114283000,smqhm_4_1,13938199,256,14
113957240,smqhm_4_1,13931527,256,14
114955420,smqhm_4_1,13951058,256,14
