6888364860,smq_default,7717196,1,14
6890499500,smq_default,7717196,1,14
6902113260,smq_default,7717196,1,14
6911341400,smq_default,7717196,1,14
6933612220,smq_default,7717196,1,14
6933037120,smq_default,7717196,1,14
6900605960,smq_default,7717196,1,14
6923605940,smq_default,7717196,1,14
6892271260,smq_default,7717196,1,14
6906425100,smq_default,7717196,1,14
3687968480,smq_default,7726662,2,14
3671118560,smq_default,7728409,2,14
3662810220,smq_default,7727354,2,14
3676285820,smq_default,7729152,2,14
3672570920,smq_default,7726558,2,14
3669422320,smq_default,7727075,2,14
3681735020,smq_default,7728666,2,14
3672860080,smq_default,7728843,2,14
3684342300,smq_default,7728619,2,14
3684025860,smq_default,7728854,2,14
1594563060,smq_default,7756919,4,14
1595921540,smq_default,7759009,4,14
1594103220,smq_default,7757522,4,14
1598180260,smq_default,7769452,4,14
1596203460,smq_default,7758949,4,14
1599875000,smq_default,7753919,4,14
1596975100,smq_default,7760866,4,14
1607067520,smq_default,7781238,4,14
1622140560,smq_default,7755304,4,14
1592020720,smq_default,7759649,4,14
1231976520,smq_default,7825466,8,14
1220099140,smq_default,7815383,8,14
1228792080,smq_default,7828837,8,14
1231651140,smq_default,7818248,8,14
1224974780,smq_default,7811460,8,14
1224977780,smq_default,7834238,8,14
1240891580,smq_default,7810132,8,14
1239063240,smq_default,7813566,8,14
1223971700,smq_default,7820831,8,14
1231987420,smq_default,7837619,8,14
664436620,smq_default,8112519,16,14
668135640,smq_default,8208277,16,14
657512500,smq_default,8111577,16,14
670578220,smq_default,8107479,16,14
659092580,smq_default,8058703,16,14
662100200,smq_default,8148466,16,14
658653820,smq_default,8072674,16,14
666905100,smq_default,8212878,16,14
666042100,smq_default,8147428,16,14
661482600,smq_default,8064004,16,14
385882940,smq_default,9342332,32,14
403761240,smq_default,9778910,32,14
389723060,smq_default,9471790,32,14
391752280,smq_default,9385832,32,14
390919680,smq_default,9457649,32,14
385051940,smq_default,9219987,32,14
389724660,smq_default,9468938,32,14
397961580,smq_default,9681697,32,14
392080000,smq_default,9427270,32,14
390230200,smq_default,9470083,32,14
271640340,smq_default,11885621,64,14
273309760,smq_default,11987973,64,14
278949820,smq_default,12219225,64,14
275022800,smq_default,12039613,64,14
264520760,smq_default,11549714,64,14
272704440,smq_default,11913869,64,14
268154120,smq_default,11669828,64,14
274274320,smq_default,11994096,64,14
275761780,smq_default,12036666,64,14
280720400,smq_default,12246950,64,14
174139460,smq_default,13965351,128,14
177610480,smq_default,14275431,128,14
176407520,smq_default,14107524,128,14
172974060,smq_default,13851925,128,14
174264140,smq_default,13937288,128,14
178170080,smq_default,14213834,128,14
177336840,smq_default,14185444,128,14
174346200,smq_default,13890581,128,14
175956160,smq_default,14139018,128,14
176123660,smq_default,14081485,128,14
149955440,smq_default,18952740,256,14
149577260,smq_default,19008144,256,14
148499680,smq_default,18850754,256,14
153248460,smq_default,19301621,256,14
150446100,smq_default,19076986,256,14
151254860,smq_default,19065616,256,14
150855320,smq_default,19156723,256,14
150954860,smq_default,19227085,256,14
150804100,smq_default,19238999,256,14
149874320,smq_default,19026786,256,14
