8600006600,smq_default,23947347,1,0
8466072540,smq_default,23947347,1,0
8824897680,smq_default,23947347,1,0
8562708200,smq_default,23947347,1,0
8571132520,smq_default,23947347,1,0
8539331160,smq_default,23947347,1,0
8587318740,smq_default,23947347,1,0
8531138060,smq_default,23947347,1,0
8503357960,smq_default,23947347,1,0
8480623660,smq_default,23947347,1,0
5014651940,smq_default,23968940,2,0
5009836240,smq_default,23949578,2,0
5076765320,smq_default,23949237,2,0
5047375480,smq_default,23959898,2,0
4947681260,smq_default,23949486,2,0
5011951080,smq_default,23949469,2,0
5032983780,smq_default,23949413,2,0
5017040620,smq_default,23961083,2,0
4997894440,smq_default,23949245,2,0
5005867500,smq_default,23950355,2,0
2180195720,smq_default,23957105,4,0
2171594260,smq_default,23956510,4,0
2176692360,smq_default,23956438,4,0
2177610820,smq_default,23956687,4,0
2180004160,smq_default,23956002,4,0
2176382660,smq_default,23955859,4,0
2176495720,smq_default,23956118,4,0
2200243920,smq_default,24074562,4,0
2171997860,smq_default,23956587,4,0
2192606660,smq_default,24020664,4,0
1744572580,smq_default,23952339,8,0
1742697160,smq_default,23952937,8,0
1755998360,smq_default,24032007,8,0
1754020220,smq_default,23953441,8,0
1737091400,smq_default,23951957,8,0
1755072640,smq_default,23957866,8,0
1747298920,smq_default,23953438,8,0
1742284980,smq_default,23953447,8,0
1749077600,smq_default,23952419,8,0
1739182100,smq_default,23952157,8,0
1042724220,smq_default,23968966,16,0
1033891920,smq_default,23968410,16,0
1055572700,smq_default,23975074,16,0
1051255180,smq_default,24004333,16,0
1047759920,smq_default,23967986,16,0
1045012560,smq_default,23970302,16,0
1059718360,smq_default,23967613,16,0
1053640080,smq_default,23967465,16,0
1038120860,smq_default,23967617,16,0
1040337380,smq_default,23970478,16,0
612475580,smq_default,24003885,32,0
600316220,smq_default,24006629,32,0
606399580,smq_default,24005647,32,0
607864600,smq_default,24016466,32,0
613290280,smq_default,24015104,32,0
602973000,smq_default,24014318,32,0
610438080,smq_default,24008603,32,0
612091600,smq_default,24009973,32,0
608101760,smq_default,24013123,32,0
608247460,smq_default,24016362,32,0
372339680,smq_default,24139822,64,0
374299960,smq_default,24140938,64,0
373986640,smq_default,24140777,64,0
372573600,smq_default,24153157,64,0
373827360,smq_default,24144145,64,0
372890640,smq_default,24146112,64,0
371905420,smq_default,24136850,64,0
373476220,smq_default,24156649,64,0
372782040,smq_default,24156113,64,0
371650580,smq_default,24136654,64,0
236424660,smq_default,24912313,128,0
235433220,smq_default,24907297,128,0
236496880,smq_default,24972437,128,0
236277560,smq_default,24947908,128,0
236126780,smq_default,24960677,128,0
234916800,smq_default,24918551,128,0
234078460,smq_default,24896792,128,0
235650460,smq_default,24971284,128,0
235502600,smq_default,24901125,128,0
234929100,smq_default,24899652,128,0
173898900,smq_default,27583848,256,0
174761000,smq_default,27663492,256,0
174499260,smq_default,27626863,256,0
173740500,smq_default,27588500,256,0
173793060,smq_default,27591704,256,0
173013080,smq_default,27485236,256,0
173346000,smq_default,27568448,256,0
173593200,smq_default,27562575,256,0
173255180,smq_default,27584434,256,0
173443420,smq_default,27636316,256,0
