8869323020,smqhmnuma_8_2_8,23947347,1,0
9006825920,smqhmnuma_8_2_8,23947347,1,0
8870488860,smqhmnuma_8_2_8,23947347,1,0
8896648760,smqhmnuma_8_2_8,23947347,1,0
8851335100,smqhmnuma_8_2_8,23947347,1,0
8904938140,smqhmnuma_8_2_8,23947347,1,0
8888888840,smqhmnuma_8_2_8,23947347,1,0
8872688220,smqhmnuma_8_2_8,23947347,1,0
8889388420,smqhmnuma_8_2_8,23947347,1,0
8925987720,smqhmnuma_8_2_8,23947347,1,0
5319398220,smqhmnuma_8_2_8,23967152,2,0
5319573480,smqhmnuma_8_2_8,23967171,2,0
5229456400,smqhmnuma_8_2_8,23957094,2,0
5279589020,smqhmnuma_8_2_8,23970144,2,0
5277791760,smqhmnuma_8_2_8,23954593,2,0
5354655660,smqhmnuma_8_2_8,23967098,2,0
5218621120,smqhmnuma_8_2_8,23957146,2,0
5230966080,smqhmnuma_8_2_8,23966942,2,0
5326141300,smqhmnuma_8_2_8,23965699,2,0
5294624680,smqhmnuma_8_2_8,23957680,2,0
2320717860,smqhmnuma_8_2_8,23971133,4,0
2317191380,smqhmnuma_8_2_8,23970929,4,0
2315203900,smqhmnuma_8_2_8,23971425,4,0
2316145600,smqhmnuma_8_2_8,23969875,4,0
2319296600,smqhmnuma_8_2_8,23970355,4,0
2321815680,smqhmnuma_8_2_8,23974168,4,0
2313765100,smqhmnuma_8_2_8,23970723,4,0
2315821500,smqhmnuma_8_2_8,23973795,4,0
2323132420,smqhmnuma_8_2_8,23970715,4,0
2321403060,smqhmnuma_8_2_8,23972947,4,0
1769965100,smqhmnuma_8_2_8,23964804,8,0
1793240400,smqhmnuma_8_2_8,24046479,8,0
1757802000,smqhmnuma_8_2_8,23963071,8,0
1781901900,smqhmnuma_8_2_8,23964766,8,0
1761300180,smqhmnuma_8_2_8,23964674,8,0
1765116520,smqhmnuma_8_2_8,23964028,8,0
1774868400,smqhmnuma_8_2_8,24000506,8,0
1762533520,smqhmnuma_8_2_8,23964379,8,0
1763743600,smqhmnuma_8_2_8,23964594,8,0
1802063820,smqhmnuma_8_2_8,24022757,8,0
1051241640,smqhmnuma_8_2_8,23981441,16,0
1048408220,smqhmnuma_8_2_8,23982405,16,0
1051451420,smqhmnuma_8_2_8,24016297,16,0
1045289600,smqhmnuma_8_2_8,23981784,16,0
1043459180,smqhmnuma_8_2_8,23981197,16,0
1055033340,smqhmnuma_8_2_8,23981557,16,0
1053172880,smqhmnuma_8_2_8,23990515,16,0
1053300600,smqhmnuma_8_2_8,23985433,16,0
1051104140,smqhmnuma_8_2_8,23982335,16,0
1047408040,smqhmnuma_8_2_8,24018207,16,0
594222000,smqhmnuma_8_2_8,24024771,32,0
593085760,smqhmnuma_8_2_8,24022735,32,0
592898720,smqhmnuma_8_2_8,24027339,32,0
603129000,smqhmnuma_8_2_8,24025793,32,0
596113620,smqhmnuma_8_2_8,24037518,32,0
593674780,smqhmnuma_8_2_8,24024559,32,0
600790280,smqhmnuma_8_2_8,24023013,32,0
603323020,smqhmnuma_8_2_8,24026553,32,0
604581680,smqhmnuma_8_2_8,24029363,32,0
603037360,smqhmnuma_8_2_8,24023904,32,0
348292540,smqhmnuma_8_2_8,24152061,64,0
348788000,smqhmnuma_8_2_8,24155401,64,0
348148520,smqhmnuma_8_2_8,24148020,64,0
348856480,smqhmnuma_8_2_8,24153448,64,0
349581500,smqhmnuma_8_2_8,24148292,64,0
349298220,smqhmnuma_8_2_8,24152268,64,0
349263520,smqhmnuma_8_2_8,24152974,64,0
348970400,smqhmnuma_8_2_8,24143608,64,0
348384720,smqhmnuma_8_2_8,24157708,64,0
350438700,smqhmnuma_8_2_8,24155268,64,0
205012500,smqhmnuma_8_2_8,24555580,128,0
205149480,smqhmnuma_8_2_8,24554711,128,0
204834180,smqhmnuma_8_2_8,24560601,128,0
205042880,smqhmnuma_8_2_8,24555338,128,0
205400600,smqhmnuma_8_2_8,24563482,128,0
204850600,smqhmnuma_8_2_8,24536202,128,0
205422260,smqhmnuma_8_2_8,24582175,128,0
205595380,smqhmnuma_8_2_8,24559703,128,0
215133840,smqhmnuma_8_2_8,24565746,128,0
204912760,smqhmnuma_8_2_8,24546216,128,0
146193900,smqhmnuma_8_2_8,26198100,256,0
145823180,smqhmnuma_8_2_8,26178865,256,0
146464280,smqhmnuma_8_2_8,26182985,256,0
146309500,smqhmnuma_8_2_8,26164036,256,0
146452100,smqhmnuma_8_2_8,26211839,256,0
146585140,smqhmnuma_8_2_8,26195947,256,0
146666080,smqhmnuma_8_2_8,26185754,256,0
146176740,smqhmnuma_8_2_8,26227842,256,0
146973920,smqhmnuma_8_2_8,26158610,256,0
146272140,smqhmnuma_8_2_8,26126382,256,0
