36423053000,smqhm_4_64,50542646,1,0
36492653700,smqhm_4_64,50542646,1,0
36452636780,smqhm_4_64,50542646,1,0
36448716800,smqhm_4_64,50542646,1,0
36428931660,smqhm_4_64,50542646,1,0
36470832460,smqhm_4_64,50542646,1,0
36510654060,smqhm_4_64,50542646,1,0
36462133540,smqhm_4_64,50542646,1,0
36469172200,smqhm_4_64,50542646,1,0
36496030780,smqhm_4_64,50542646,1,0
19936652140,smqhm_4_64,50547251,2,0
19630097740,smqhm_4_64,50547549,2,0
19647584900,smqhm_4_64,50546695,2,0
19638843700,smqhm_4_64,50546333,2,0
19672540640,smqhm_4_64,50546824,2,0
19604141100,smqhm_4_64,50547810,2,0
19746603060,smqhm_4_64,50548105,2,0
19615863440,smqhm_4_64,50547746,2,0
19665583860,smqhm_4_64,50547089,2,0
19762475980,smqhm_4_64,50546874,2,0
9787054620,smqhm_4_64,50554397,4,0
9743620960,smqhm_4_64,50558602,4,0
9781288760,smqhm_4_64,50561330,4,0
9789898840,smqhm_4_64,50563898,4,0
9764762360,smqhm_4_64,50563232,4,0
9761769100,smqhm_4_64,50558971,4,0
9801312720,smqhm_4_64,50557113,4,0
9784915140,smqhm_4_64,50556140,4,0
9819078780,smqhm_4_64,50563282,4,0
9748812180,smqhm_4_64,50560876,4,0
5614559140,smqhm_4_64,50570415,8,0
5606570200,smqhm_4_64,50566067,8,0
5627131560,smqhm_4_64,50579857,8,0
5577572200,smqhm_4_64,50560114,8,0
5583899160,smqhm_4_64,50567172,8,0
5644996860,smqhm_4_64,50570524,8,0
5654745800,smqhm_4_64,50571223,8,0
5626019340,smqhm_4_64,50565329,8,0
5634022820,smqhm_4_64,50569984,8,0
5622727960,smqhm_4_64,50575875,8,0
2987042320,smqhm_4_64,50586906,16,0
2992948000,smqhm_4_64,50594064,16,0
2990194480,smqhm_4_64,50580700,16,0
2963412420,smqhm_4_64,50594873,16,0
2963644000,smqhm_4_64,50585431,16,0
2993397080,smqhm_4_64,50592355,16,0
2986803920,smqhm_4_64,50577633,16,0
2979522480,smqhm_4_64,50599105,16,0
2978008300,smqhm_4_64,50590497,16,0
2970910040,smqhm_4_64,50588154,16,0
1606721220,smqhm_4_64,50595827,32,0
1621105920,smqhm_4_64,50612598,32,0
1600590200,smqhm_4_64,50593425,32,0
1616570740,smqhm_4_64,50623103,32,0
1620371080,smqhm_4_64,50603772,32,0
1622049860,smqhm_4_64,50626955,32,0
1630495880,smqhm_4_64,50604376,32,0
1606742860,smqhm_4_64,50603774,32,0
1614516600,smqhm_4_64,50591634,32,0
1622022080,smqhm_4_64,50625699,32,0
986479480,smqhm_4_64,50674850,64,0
986822880,smqhm_4_64,50758325,64,0
981088320,smqhm_4_64,50663493,64,0
994156960,smqhm_4_64,50704103,64,0
990434100,smqhm_4_64,51109042,64,0
997606640,smqhm_4_64,50643414,64,0
991206280,smqhm_4_64,50686348,64,0
994534620,smqhm_4_64,50703322,64,0
983074340,smqhm_4_64,50633454,64,0
986570440,smqhm_4_64,50678509,64,0
700076260,smqhm_4_64,50791493,128,0
729630180,smqhm_4_64,50791390,128,0
764611820,smqhm_4_64,51100704,128,0
734791440,smqhm_4_64,50797214,128,0
725437080,smqhm_4_64,50808870,128,0
738762980,smqhm_4_64,50864127,128,0
741375280,smqhm_4_64,50733075,128,0
735204820,smqhm_4_64,50760804,128,0
710158100,smqhm_4_64,50728475,128,0
713317160,smqhm_4_64,50797318,128,0
645338900,smqhm_4_64,51053961,256,0
682497980,smqhm_4_64,51633064,256,0
660043400,smqhm_4_64,51281291,256,0
641711000,smqhm_4_64,51140928,256,0
644590140,smqhm_4_64,51039547,256,0
645019160,smqhm_4_64,51679196,256,0
629537380,smqhm_4_64,51209986,256,0
671710160,smqhm_4_64,52486475,256,0
635890640,smqhm_4_64,51021541,256,0
802406680,smqhm_4_64,51437653,256,0
