2089259320,smq_default,6262104,1,0
2088809640,smq_default,6262104,1,0
2114081300,smq_default,6262104,1,0
2112351880,smq_default,6262104,1,0
2127907440,smq_default,6262104,1,0
2123276160,smq_default,6262104,1,0
2111685700,smq_default,6262104,1,0
2128748560,smq_default,6262104,1,0
2124289620,smq_default,6262104,1,0
2118053100,smq_default,6262104,1,0
1258034220,smq_default,6263019,2,0
1271408680,smq_default,6262789,2,0
1270757140,smq_default,6263350,2,0
1267073340,smq_default,6263556,2,0
1256312300,smq_default,6263203,2,0
1262783900,smq_default,6262957,2,0
1266473520,smq_default,6263323,2,0
1269744700,smq_default,6262941,2,0
1264724940,smq_default,6262877,2,0
1270267580,smq_default,6263147,2,0
546756660,smq_default,6263362,4,0
547506700,smq_default,6264591,4,0
546640560,smq_default,6263119,4,0
547852500,smq_default,6263631,4,0
551602600,smq_default,6271658,4,0
549027800,smq_default,6263213,4,0
548812920,smq_default,6263009,4,0
550225020,smq_default,6263051,4,0
549433000,smq_default,6262782,4,0
550442460,smq_default,6262903,4,0
456542760,smq_default,6276499,8,0
460183260,smq_default,6265315,8,0
453296120,smq_default,6267186,8,0
456917900,smq_default,6265299,8,0
453071460,smq_default,6266457,8,0
457727600,smq_default,6265250,8,0
458531880,smq_default,6267470,8,0
463697080,smq_default,6286111,8,0
458143580,smq_default,6265738,8,0
450514680,smq_default,6266241,8,0
284968880,smq_default,6277488,16,0
284561420,smq_default,6276230,16,0
284556660,smq_default,6280415,16,0
285896940,smq_default,6280174,16,0
286678760,smq_default,6280610,16,0
282213300,smq_default,6279667,16,0
280685300,smq_default,6279024,16,0
286905720,smq_default,6285624,16,0
286584240,smq_default,6379079,16,0
280319100,smq_default,6281212,16,0
169561220,smq_default,6317265,32,0
169703200,smq_default,6317411,32,0
168761020,smq_default,6328361,32,0
169391280,smq_default,6318294,32,0
169143240,smq_default,6325644,32,0
172775500,smq_default,6345353,32,0
169303580,smq_default,6319155,32,0
171391860,smq_default,6326489,32,0
169261460,smq_default,6320246,32,0
169164400,smq_default,6326480,32,0
106568220,smq_default,6454466,64,0
106913160,smq_default,6472725,64,0
107216100,smq_default,6456907,64,0
108140180,smq_default,6463017,64,0
107357700,smq_default,6452353,64,0
107490160,smq_default,6454414,64,0
107499540,smq_default,6444852,64,0
107515580,smq_default,6454834,64,0
107709320,smq_default,6446527,64,0
106724980,smq_default,6447892,64,0
72838760,smq_default,7106084,128,0
72590880,smq_default,7079329,128,0
73249540,smq_default,7100866,128,0
73211100,smq_default,7061468,128,0
73090800,smq_default,7128131,128,0
73935260,smq_default,7106772,128,0
73136520,smq_default,7128230,128,0
73618200,smq_default,7107093,128,0
74087060,smq_default,7115016,128,0
73288400,smq_default,7107324,128,0
59150020,smq_default,8312465,256,0
58293780,smq_default,8376060,256,0
59188300,smq_default,8380159,256,0
58647640,smq_default,8307317,256,0
59005900,smq_default,8344980,256,0
59637260,smq_default,8338745,256,0
57985380,smq_default,8344963,256,0
59377460,smq_default,8336405,256,0
59019740,smq_default,8381251,256,0
59082520,smq_default,8372824,256,0
