106915309200,smq_default,35016137,1,0
106827425860,smq_default,35016137,1,0
106531794760,smq_default,35016137,1,0
106744335800,smq_default,35016137,1,0
105447372580,smq_default,35016137,1,0
106639280580,smq_default,35016137,1,0
106648089200,smq_default,35016137,1,0
105763829080,smq_default,35016137,1,0
106603377220,smq_default,35016137,1,0
106676463680,smq_default,35016137,1,0
53918845100,smq_default,35478305,2,0
54303270760,smq_default,35469958,2,0
54187055840,smq_default,35469097,2,0
54206184840,smq_default,35472488,2,0
54360863080,smq_default,35474547,2,0
54175482260,smq_default,35441829,2,0
54239238840,smq_default,35446836,2,0
54173717900,smq_default,35451279,2,0
54332263460,smq_default,35440499,2,0
53521013900,smq_default,35448432,2,0
27812456580,smq_default,36527003,4,0
27744302760,smq_default,36441491,4,0
27862321960,smq_default,35883215,4,0
27779819620,smq_default,36505805,4,0
27906100820,smq_default,36351157,4,0
27671009320,smq_default,36480438,4,0
27897723680,smq_default,36113267,4,0
27609501420,smq_default,36211765,4,0
27858016720,smq_default,36416329,4,0
27936544760,smq_default,35926055,4,0
15214988160,smq_default,38111021,8,0
15154695140,smq_default,38395417,8,0
15182362000,smq_default,37964551,8,0
15184834040,smq_default,38841962,8,0
15207229900,smq_default,38502704,8,0
15018914660,smq_default,37862913,8,0
15103500560,smq_default,37983070,8,0
15223241060,smq_default,38339957,8,0
15154410080,smq_default,38334870,8,0
15105840240,smq_default,37181209,8,0
7796045900,smq_default,39380280,16,0
7831136360,smq_default,38759399,16,0
7874470560,smq_default,39583787,16,0
7800937400,smq_default,39326136,16,0
7735068080,smq_default,39523643,16,0
7779749060,smq_default,39391354,16,0
7864529400,smq_default,39686444,16,0
7745003860,smq_default,38757966,16,0
7800375680,smq_default,39114169,16,0
7882892280,smq_default,39413939,16,0
4525668620,smq_default,41167435,32,0
4528213740,smq_default,40852400,32,0
4382056440,smq_default,40520480,32,0
4284971020,smq_default,40404033,32,0
4338173560,smq_default,41381700,32,0
4368581560,smq_default,40835506,32,0
4555267000,smq_default,40926303,32,0
4430702760,smq_default,40705847,32,0
4318091820,smq_default,41062934,32,0
4240436760,smq_default,40230845,32,0
2922432180,smq_default,44380538,64,0
2952851880,smq_default,45868997,64,0
2863770480,smq_default,44945226,64,0
3018545040,smq_default,44702077,64,0
3192774080,smq_default,43904276,64,0
2997151440,smq_default,43275852,64,0
2926106900,smq_default,44526626,64,0
2915078000,smq_default,43607664,64,0
2939044660,smq_default,43678286,64,0
3098834120,smq_default,44234946,64,0
2742709700,smq_default,48351486,128,0
2755446160,smq_default,50051187,128,0
2886329060,smq_default,49456479,128,0
3200756200,smq_default,48308912,128,0
2593700820,smq_default,47601241,128,0
3271463400,smq_default,50360314,128,0
2899180580,smq_default,49827181,128,0
3108826580,smq_default,49094976,128,0
2894651540,smq_default,49830324,128,0
2745147900,smq_default,47841096,128,0
3399793340,smq_default,57675238,256,0
2931906540,smq_default,56065524,256,0
3033535860,smq_default,55609627,256,0
3472818900,smq_default,58536599,256,0
3547870380,smq_default,57486647,256,0
3112393900,smq_default,57373691,256,0
3197286020,smq_default,57748919,256,0
3218345300,smq_default,59011995,256,0
3067810840,smq_default,58144186,256,0
3122390020,smq_default,58456819,256,0
