104761935380,smqhmnuma_1_128_1,35016137,1,0
104488762340,smqhmnuma_1_128_1,35016137,1,0
106672039600,smqhmnuma_1_128_1,35016137,1,0
106938895240,smqhmnuma_1_128_1,35016137,1,0
106558715740,smqhmnuma_1_128_1,35016137,1,0
105629702640,smqhmnuma_1_128_1,35016137,1,0
104952506820,smqhmnuma_1_128_1,35016137,1,0
104168587740,smqhmnuma_1_128_1,35016137,1,0
106586121140,smqhmnuma_1_128_1,35016137,1,0
104449549600,smqhmnuma_1_128_1,35016137,1,0
54904248580,smqhmnuma_1_128_1,35020302,2,0
54446772780,smqhmnuma_1_128_1,35018925,2,0
55305006720,smqhmnuma_1_128_1,35020386,2,0
54807685600,smqhmnuma_1_128_1,35019286,2,0
54423492060,smqhmnuma_1_128_1,35019003,2,0
54710666980,smqhmnuma_1_128_1,35020354,2,0
54536001120,smqhmnuma_1_128_1,35018622,2,0
55316747940,smqhmnuma_1_128_1,35018783,2,0
54842559120,smqhmnuma_1_128_1,35018712,2,0
54399080380,smqhmnuma_1_128_1,35018647,2,0
27906298740,smqhmnuma_1_128_1,35024762,4,0
28078273580,smqhmnuma_1_128_1,35064602,4,0
27965269300,smqhmnuma_1_128_1,35041875,4,0
28186650260,smqhmnuma_1_128_1,35703641,4,0
28039574040,smqhmnuma_1_128_1,35023748,4,0
27797967100,smqhmnuma_1_128_1,35038099,4,0
27977680880,smqhmnuma_1_128_1,35689446,4,0
27918253860,smqhmnuma_1_128_1,35672795,4,0
27960636540,smqhmnuma_1_128_1,35022520,4,0
27899012480,smqhmnuma_1_128_1,35027222,4,0
15400760280,smqhmnuma_1_128_1,35820267,8,0
15420662520,smqhmnuma_1_128_1,36046840,8,0
15449423680,smqhmnuma_1_128_1,35986913,8,0
15441318480,smqhmnuma_1_128_1,35753693,8,0
15315425660,smqhmnuma_1_128_1,36127946,8,0
15455721940,smqhmnuma_1_128_1,35997398,8,0
15490833820,smqhmnuma_1_128_1,36004165,8,0
15435292120,smqhmnuma_1_128_1,35955799,8,0
15407688520,smqhmnuma_1_128_1,35714074,8,0
15381866320,smqhmnuma_1_128_1,36098548,8,0
7900401200,smqhmnuma_1_128_1,37856155,16,0
7834581100,smqhmnuma_1_128_1,37265605,16,0
7866572380,smqhmnuma_1_128_1,38156308,16,0
7928600400,smqhmnuma_1_128_1,37511278,16,0
7900589680,smqhmnuma_1_128_1,37674854,16,0
7931628140,smqhmnuma_1_128_1,37207565,16,0
7910960420,smqhmnuma_1_128_1,37374314,16,0
7960074440,smqhmnuma_1_128_1,38037037,16,0
7904553620,smqhmnuma_1_128_1,37777800,16,0
7862158960,smqhmnuma_1_128_1,37315378,16,0
4376490040,smqhmnuma_1_128_1,38659062,32,0
4224758380,smqhmnuma_1_128_1,38942501,32,0
4249213500,smqhmnuma_1_128_1,38552914,32,0
4235699220,smqhmnuma_1_128_1,38838354,32,0
4272948580,smqhmnuma_1_128_1,38594706,32,0
4248336460,smqhmnuma_1_128_1,38890702,32,0
4223556220,smqhmnuma_1_128_1,38697393,32,0
4281059200,smqhmnuma_1_128_1,38780914,32,0
4215826020,smqhmnuma_1_128_1,39372455,32,0
4238137920,smqhmnuma_1_128_1,37971830,32,0
2562267080,smqhmnuma_1_128_1,41011392,64,0
2532086580,smqhmnuma_1_128_1,40152893,64,0
2545743180,smqhmnuma_1_128_1,40916365,64,0
2535597060,smqhmnuma_1_128_1,40561660,64,0
2585378360,smqhmnuma_1_128_1,40640951,64,0
2605812660,smqhmnuma_1_128_1,42169600,64,0
2506783900,smqhmnuma_1_128_1,41048419,64,0
2552218560,smqhmnuma_1_128_1,40806249,64,0
2581492340,smqhmnuma_1_128_1,40456989,64,0
2562738300,smqhmnuma_1_128_1,41054148,64,0
2251891340,smqhmnuma_1_128_1,45735281,128,0
2215591320,smqhmnuma_1_128_1,43876277,128,0
2188988420,smqhmnuma_1_128_1,44023452,128,0
2188283700,smqhmnuma_1_128_1,43022619,128,0
2215344280,smqhmnuma_1_128_1,44696079,128,0
2195646620,smqhmnuma_1_128_1,43638707,128,0
2226906260,smqhmnuma_1_128_1,45475923,128,0
2163898080,smqhmnuma_1_128_1,43815335,128,0
2222108820,smqhmnuma_1_128_1,43981410,128,0
2240567180,smqhmnuma_1_128_1,44464544,128,0
2870676560,smqhmnuma_1_128_1,51195532,256,0
2473438560,smqhmnuma_1_128_1,47188963,256,0
2490525280,smqhmnuma_1_128_1,47611440,256,0
2396351660,smqhmnuma_1_128_1,46423148,256,0
2479666320,smqhmnuma_1_128_1,48351571,256,0
2449361520,smqhmnuma_1_128_1,50122533,256,0
2453675600,smqhmnuma_1_128_1,48112697,256,0
2467861760,smqhmnuma_1_128_1,47528514,256,0
2421006320,smqhmnuma_1_128_1,47397297,256,0
2460402140,smqhmnuma_1_128_1,47544760,256,0
