106790308220,smqhm_1_128,35016137,1,0
107527589860,smqhm_1_128,35016137,1,0
107352411920,smqhm_1_128,35016137,1,0
105700350540,smqhm_1_128,35016137,1,0
107081005640,smqhm_1_128,35016137,1,0
107903407420,smqhm_1_128,35016137,1,0
106494533740,smqhm_1_128,35016137,1,0
106064895620,smqhm_1_128,35016137,1,0
107110171940,smqhm_1_128,35016137,1,0
107690392980,smqhm_1_128,35016137,1,0
55512791720,smqhm_1_128,35018270,2,0
55645305400,smqhm_1_128,35018347,2,0
55551240540,smqhm_1_128,35018790,2,0
54865623840,smqhm_1_128,35018838,2,0
54732988120,smqhm_1_128,35018560,2,0
55145067840,smqhm_1_128,35017926,2,0
55162134920,smqhm_1_128,35018949,2,0
55188509640,smqhm_1_128,35019208,2,0
55558333300,smqhm_1_128,35019195,2,0
55336707380,smqhm_1_128,35018050,2,0
28214793180,smqhm_1_128,35026569,4,0
28121347460,smqhm_1_128,35034817,4,0
27880770760,smqhm_1_128,35023339,4,0
28263968060,smqhm_1_128,35340652,4,0
28200125340,smqhm_1_128,35024168,4,0
28342557560,smqhm_1_128,35705620,4,0
28013062620,smqhm_1_128,35700361,4,0
28217493320,smqhm_1_128,35030079,4,0
28211286500,smqhm_1_128,35028387,4,0
28085346920,smqhm_1_128,35025150,4,0
15487112320,smqhm_1_128,35967503,8,0
15394671900,smqhm_1_128,36131947,8,0
15472190260,smqhm_1_128,36090683,8,0
15446089400,smqhm_1_128,35944295,8,0
15470373180,smqhm_1_128,36087202,8,0
15489642420,smqhm_1_128,36250580,8,0
15252550800,smqhm_1_128,36032681,8,0
15426685860,smqhm_1_128,35910731,8,0
15306702180,smqhm_1_128,36178060,8,0
15456722920,smqhm_1_128,36076039,8,0
7853598560,smqhm_1_128,37473705,16,0
7885101400,smqhm_1_128,37269173,16,0
8055989500,smqhm_1_128,37622560,16,0
7876847240,smqhm_1_128,38258059,16,0
7875949760,smqhm_1_128,37959802,16,0
7888723420,smqhm_1_128,37382631,16,0
7860024580,smqhm_1_128,37564075,16,0
7918646580,smqhm_1_128,37593961,16,0
7867834920,smqhm_1_128,37837676,16,0
7922326580,smqhm_1_128,37309577,16,0
4298673160,smqhm_1_128,38872219,32,0
4216997020,smqhm_1_128,38467192,32,0
4256712380,smqhm_1_128,39112665,32,0
4258605480,smqhm_1_128,38580623,32,0
4221744420,smqhm_1_128,39812391,32,0
4272048860,smqhm_1_128,38412812,32,0
4258075160,smqhm_1_128,38414182,32,0
4149414680,smqhm_1_128,39961997,32,0
4271752260,smqhm_1_128,38552858,32,0
4244612000,smqhm_1_128,38657764,32,0
2598952800,smqhm_1_128,40911603,64,0
2564366160,smqhm_1_128,40298424,64,0
2543361400,smqhm_1_128,41353572,64,0
2580764440,smqhm_1_128,41634105,64,0
2540937960,smqhm_1_128,40902159,64,0
2556252840,smqhm_1_128,40830293,64,0
2536163300,smqhm_1_128,41197702,64,0
2560103960,smqhm_1_128,41097513,64,0
2548549080,smqhm_1_128,40346612,64,0
2552961280,smqhm_1_128,40423981,64,0
2163998640,smqhm_1_128,43289452,128,0
2196183340,smqhm_1_128,43094567,128,0
2163450160,smqhm_1_128,43956235,128,0
2309295400,smqhm_1_128,44886841,128,0
2183495820,smqhm_1_128,43622638,128,0
2192864080,smqhm_1_128,43471125,128,0
2259312360,smqhm_1_128,45318229,128,0
2155191800,smqhm_1_128,42763923,128,0
2175762000,smqhm_1_128,44720090,128,0
2176323560,smqhm_1_128,43157192,128,0
2464486720,smqhm_1_128,48178542,256,0
2500231660,smqhm_1_128,48229766,256,0
2430109140,smqhm_1_128,48038810,256,0
2468259280,smqhm_1_128,47005570,256,0
2538850160,smqhm_1_128,48623451,256,0
2495858940,smqhm_1_128,50642796,256,0
2368145000,smqhm_1_128,47654802,256,0
2485932240,smqhm_1_128,48049599,256,0
2482273200,smqhm_1_128,46535472,256,0
2581866780,smqhm_1_128,46766871,256,0
