55364833860,smq_default,47894693,1,0
55526160060,smq_default,47894693,1,0
55483706360,smq_default,47894693,1,0
55285374480,smq_default,47894693,1,0
55661161300,smq_default,47894693,1,0
55363409640,smq_default,47894693,1,0
55646772340,smq_default,47894693,1,0
55724073260,smq_default,47894693,1,0
55280766560,smq_default,47894693,1,0
55245361000,smq_default,47894693,1,0
30591261680,smq_default,47896823,2,0
30527810100,smq_default,47898147,2,0
30532648560,smq_default,47899112,2,0
30766276860,smq_default,47898114,2,0
30537385360,smq_default,47898874,2,0
30801532580,smq_default,47898203,2,0
30523742820,smq_default,47898953,2,0
30695827460,smq_default,47898323,2,0
30535404460,smq_default,47898248,2,0
30533505620,smq_default,47898113,2,0
16939967220,smq_default,47899058,4,0
17047795040,smq_default,47898673,4,0
17055051920,smq_default,47898917,4,0
17112233880,smq_default,47898146,4,0
16929139520,smq_default,47898414,4,0
17064518760,smq_default,47899331,4,0
17123304740,smq_default,47900556,4,0
17047996900,smq_default,47898538,4,0
16948275300,smq_default,47899170,4,0
17065414320,smq_default,47898699,4,0
10469115800,smq_default,47902496,8,0
10394990620,smq_default,47902727,8,0
10367022420,smq_default,47903021,8,0
10404176000,smq_default,47903546,8,0
10351459340,smq_default,47901211,8,0
10580777600,smq_default,47904820,8,0
10401735620,smq_default,47901902,8,0
10438255840,smq_default,47902104,8,0
10440765700,smq_default,47902309,8,0
10401516240,smq_default,47901925,8,0
6780009540,smq_default,47902908,16,0
6834817860,smq_default,47902913,16,0
6740730120,smq_default,47902352,16,0
6770394360,smq_default,47902885,16,0
6745162860,smq_default,47902370,16,0
6855687140,smq_default,47903161,16,0
6858896700,smq_default,47903085,16,0
6812045440,smq_default,47902613,16,0
6885455140,smq_default,47903289,16,0
6820021020,smq_default,47903206,16,0
5033617500,smq_default,47912043,32,0
5091263000,smq_default,47911671,32,0
5090773380,smq_default,47913920,32,0
5091098380,smq_default,47913266,32,0
5116691680,smq_default,47912928,32,0
5202906520,smq_default,47913027,32,0
5248943300,smq_default,47913342,32,0
5170654580,smq_default,47912223,32,0
5252520980,smq_default,47914145,32,0
5243695940,smq_default,47914792,32,0
4548341900,smq_default,47921863,64,0
4600296220,smq_default,47928772,64,0
4899620280,smq_default,47970628,64,0
4596826540,smq_default,47922379,64,0
4674456900,smq_default,47924260,64,0
4479248800,smq_default,47923871,64,0
4494885860,smq_default,47921641,64,0
4584010980,smq_default,47924948,64,0
4437515300,smq_default,47923675,64,0
4499131040,smq_default,47924332,64,0
4694075380,smq_default,48003187,128,0
4929500600,smq_default,48031342,128,0
4890400140,smq_default,48005110,128,0
5042168040,smq_default,48047718,128,0
4907176080,smq_default,47994528,128,0
4838849760,smq_default,47985860,128,0
4969563100,smq_default,48013649,128,0
4848417100,smq_default,47982157,128,0
5013908940,smq_default,48033575,128,0
4758372260,smq_default,48004154,128,0
3094860800,smq_default,48109475,256,0
3236890020,smq_default,48204532,256,0
3739757620,smq_default,48252627,256,0
2928694680,smq_default,48100294,256,0
3087196500,smq_default,48108850,256,0
2772150420,smq_default,48181648,256,0
3134925000,smq_default,48155070,256,0
3157680780,smq_default,48222447,256,0
3279940880,smq_default,48101461,256,0
2802027040,smq_default,48141399,256,0
