14102613020,smq_default,12524207,1,0
14250564040,smq_default,12524207,1,0
14183212400,smq_default,12524207,1,0
14246520880,smq_default,12524207,1,0
14245084280,smq_default,12524207,1,0
14255021520,smq_default,12524207,1,0
14271583600,smq_default,12524207,1,0
14274496700,smq_default,12524207,1,0
14103597120,smq_default,12524207,1,0
13807300220,smq_default,12524207,1,0
7541658760,smq_default,12527264,2,0
7532098860,smq_default,12527288,2,0
7610696040,smq_default,12527350,2,0
7593178380,smq_default,12526879,2,0
7549935360,smq_default,12527301,2,0
7545877840,smq_default,12527286,2,0
7552911040,smq_default,12527436,2,0
7512697120,smq_default,12527317,2,0
7556866440,smq_default,12527360,2,0
7539425980,smq_default,12527379,2,0
4183957960,smq_default,12526152,4,0
4210207400,smq_default,12526082,4,0
4223311060,smq_default,12526709,4,0
4178582040,smq_default,12526637,4,0
4156241660,smq_default,12526126,4,0
4208847140,smq_default,12526203,4,0
4170462160,smq_default,12526245,4,0
4207369000,smq_default,12526086,4,0
4182334120,smq_default,12526288,4,0
4207385160,smq_default,12526170,4,0
2585060600,smq_default,12527795,8,0
2599311860,smq_default,12527871,8,0
2608694720,smq_default,12527888,8,0
2593388280,smq_default,12527787,8,0
2618227600,smq_default,12527777,8,0
2573413220,smq_default,12527758,8,0
2596028940,smq_default,12527875,8,0
2598600940,smq_default,12527838,8,0
2610066380,smq_default,12527755,8,0
2607196740,smq_default,12527827,8,0
1746522480,smq_default,12529430,16,0
1748036880,smq_default,12529656,16,0
1766325200,smq_default,12529950,16,0
1747005340,smq_default,12529918,16,0
1759234640,smq_default,12530804,16,0
1770596540,smq_default,12530040,16,0
1738138060,smq_default,12529348,16,0
1753218240,smq_default,12529841,16,0
1749217100,smq_default,12529785,16,0
1793323500,smq_default,12529945,16,0
1252678260,smq_default,12533527,32,0
1253255060,smq_default,12533854,32,0
1301605840,smq_default,12535634,32,0
1266717920,smq_default,12534238,32,0
1326926720,smq_default,12534162,32,0
1253797780,smq_default,12534158,32,0
1339868560,smq_default,12534749,32,0
1268653740,smq_default,12533820,32,0
1258596260,smq_default,12533490,32,0
1253206700,smq_default,12534064,32,0
1291021460,smq_default,12542380,64,0
1336695420,smq_default,12539213,64,0
1292658020,smq_default,12539554,64,0
1301437500,smq_default,12540337,64,0
1344990900,smq_default,12540066,64,0
1366908580,smq_default,12541404,64,0
1254894300,smq_default,12539294,64,0
1255600880,smq_default,12539568,64,0
1347791680,smq_default,12539582,64,0
1299374460,smq_default,12540123,64,0
1303960980,smq_default,12571461,128,0
1429334620,smq_default,12571456,128,0
1374966180,smq_default,12571501,128,0
1466481400,smq_default,12571610,128,0
1559598680,smq_default,12571440,128,0
1629130700,smq_default,12572255,128,0
1670535380,smq_default,12571327,128,0
1705106220,smq_default,12571700,128,0
1662854680,smq_default,12568870,128,0
1588771160,smq_default,12573144,128,0
1548587600,smq_default,12660958,256,0
1972587060,smq_default,12701840,256,0
1775795640,smq_default,12648378,256,0
1788188160,smq_default,12669176,256,0
2146711920,smq_default,12699803,256,0
1898259460,smq_default,12674110,256,0
2012812240,smq_default,12631836,256,0
1952360340,smq_default,12640634,256,0
1956792880,smq_default,12665747,256,0
1961700000,smq_default,12647899,256,0
