2983553160,smqhm_4_1,6715867,1,14
2970557320,smqhm_4_1,6715867,1,14
2971471600,smqhm_4_1,6715867,1,14
2943204300,smqhm_4_1,6715867,1,14
2966244020,smqhm_4_1,6715867,1,14
2973968360,smqhm_4_1,6715867,1,14
2994438200,smqhm_4_1,6715867,1,14
2957911880,smqhm_4_1,6715867,1,14
2977830260,smqhm_4_1,6715867,1,14
3020950820,smqhm_4_1,6715867,1,14
1944611420,smqhm_4_1,6723288,2,14
1951848640,smqhm_4_1,6723750,2,14
1948930280,smqhm_4_1,6724655,2,14
1935986240,smqhm_4_1,6726348,2,14
1951683980,smqhm_4_1,6724248,2,14
1933796220,smqhm_4_1,6725200,2,14
1947997560,smqhm_4_1,6724130,2,14
1931249760,smqhm_4_1,6723837,2,14
1920890080,smqhm_4_1,6725138,2,14
1929540240,smqhm_4_1,6726439,2,14
808327960,smqhm_4_1,6720501,4,14
806985320,smqhm_4_1,6719127,4,14
807672360,smqhm_4_1,6719584,4,14
808096740,smqhm_4_1,6719903,4,14
807128020,smqhm_4_1,6719524,4,14
808355220,smqhm_4_1,6719428,4,14
810671920,smqhm_4_1,6730968,4,14
811134420,smqhm_4_1,6719793,4,14
807247540,smqhm_4_1,6719952,4,14
807544920,smqhm_4_1,6719135,4,14
731366940,smqhm_4_1,6734836,8,14
718542100,smqhm_4_1,6732092,8,14
732703680,smqhm_4_1,6733160,8,14
730345320,smqhm_4_1,6733698,8,14
731864940,smqhm_4_1,6731737,8,14
722049200,smqhm_4_1,6732535,8,14
714046600,smqhm_4_1,6733940,8,14
719326260,smqhm_4_1,6735881,8,14
715651560,smqhm_4_1,6733126,8,14
712552380,smqhm_4_1,6734028,8,14
417760060,smqhm_4_1,6810007,16,14
416772500,smqhm_4_1,6805130,16,14
420390600,smqhm_4_1,6818705,16,14
415076060,smqhm_4_1,6812379,16,14
418015960,smqhm_4_1,6815861,16,14
420312580,smqhm_4_1,6819273,16,14
418656980,smqhm_4_1,6808332,16,14
418092440,smqhm_4_1,6810645,16,14
417161480,smqhm_4_1,6807159,16,14
418161720,smqhm_4_1,6813286,16,14
238968560,smqhm_4_1,7103395,32,14
239481340,smqhm_4_1,7105139,32,14
240372640,smqhm_4_1,7106030,32,14
239462260,smqhm_4_1,7102033,32,14
238537480,smqhm_4_1,7083783,32,14
238947500,smqhm_4_1,7096109,32,14
238077880,smqhm_4_1,7092515,32,14
238794920,smqhm_4_1,7123024,32,14
238251180,smqhm_4_1,7088372,32,14
239473940,smqhm_4_1,7106436,32,14
154752920,smqhm_4_1,8167454,64,14
149123500,smqhm_4_1,8190891,64,14
148573040,smqhm_4_1,8189562,64,14
147636240,smqhm_4_1,8163058,64,14
153126620,smqhm_4_1,8103310,64,14
147521480,smqhm_4_1,8110030,64,14
154392200,smqhm_4_1,8134523,64,14
154959700,smqhm_4_1,8182725,64,14
153847760,smqhm_4_1,8170556,64,14
148128680,smqhm_4_1,8148593,64,14
110564340,smqhm_4_1,10121372,128,14
110629620,smqhm_4_1,10139906,128,14
110407920,smqhm_4_1,10104994,128,14
109209200,smqhm_4_1,10041613,128,14
110253360,smqhm_4_1,10128503,128,14
109794420,smqhm_4_1,10068480,128,14
110117400,smqhm_4_1,10037560,128,14
110461800,smqhm_4_1,9986188,128,14
110503880,smqhm_4_1,10077063,128,14
110685160,smqhm_4_1,10102699,128,14
93742320,smqhm_4_1,13286778,256,14
94906000,smqhm_4_1,13256490,256,14
94014080,smqhm_4_1,13212303,256,14
94368840,smqhm_4_1,13215411,256,14
94392720,smqhm_4_1,13190295,256,14
94749380,smqhm_4_1,13337638,256,14
96000400,smqhm_4_1,13257702,256,14
93579800,smqhm_4_1,13144300,256,14
94151660,smqhm_4_1,13189698,256,14
93858720,smqhm_4_1,13292012,256,14
