121321055100,smqhmnuma_32_16_8,75746843,1,0
120982328300,smqhmnuma_32_16_8,75746843,1,0
120927403760,smqhmnuma_32_16_8,75746843,1,0
121512537440,smqhmnuma_32_16_8,75746843,1,0
121354357520,smqhmnuma_32_16_8,75746843,1,0
120978554640,smqhmnuma_32_16_8,75746843,1,0
121096132280,smqhmnuma_32_16_8,75746843,1,0
121533024800,smqhmnuma_32_16_8,75746843,1,0
121338710340,smqhmnuma_32_16_8,75746843,1,0
121341625000,smqhmnuma_32_16_8,75746843,1,0
120614553340,smqhmnuma_32_16_8,75746843,1,0
60604206100,smqhmnuma_32_16_8,75746446,2,0
60900759300,smqhmnuma_32_16_8,75747083,2,0
60967594800,smqhmnuma_32_16_8,75816355,2,0
60654081340,smqhmnuma_32_16_8,75746111,2,0
60908096000,smqhmnuma_32_16_8,75745650,2,0
60865464840,smqhmnuma_32_16_8,75746082,2,0
60801230920,smqhmnuma_32_16_8,75745593,2,0
60945508880,smqhmnuma_32_16_8,75837498,2,0
60892891420,smqhmnuma_32_16_8,75793788,2,0
60947334900,smqhmnuma_32_16_8,75746181,2,0
31062480300,smqhmnuma_32_16_8,75747365,4,0
31706727300,smqhmnuma_32_16_8,77729339,4,0
31585026980,smqhmnuma_32_16_8,77597705,4,0
32955945280,smqhmnuma_32_16_8,81213619,4,0
31140818460,smqhmnuma_32_16_8,75749924,4,0
31051794560,smqhmnuma_32_16_8,75747734,4,0
31458352480,smqhmnuma_32_16_8,77092519,4,0
31113176460,smqhmnuma_32_16_8,75748152,4,0
32737798860,smqhmnuma_32_16_8,81386372,4,0
31041985320,smqhmnuma_32_16_8,75746278,4,0
16819577560,smqhmnuma_32_16_8,77240089,8,0
17977283540,smqhmnuma_32_16_8,83718415,8,0
16985266160,smqhmnuma_32_16_8,78187869,8,0
17540768400,smqhmnuma_32_16_8,82519885,8,0
16797099020,smqhmnuma_32_16_8,77443640,8,0
18081989920,smqhmnuma_32_16_8,85148149,8,0
17497204140,smqhmnuma_32_16_8,81317011,8,0
17519204260,smqhmnuma_32_16_8,81790897,8,0
17244633360,smqhmnuma_32_16_8,80119972,8,0
17159319520,smqhmnuma_32_16_8,79374520,8,0
10842402160,smqhmnuma_32_16_8,95114264,16,0
9365632320,smqhmnuma_32_16_8,83916027,16,0
9850856360,smqhmnuma_32_16_8,87570044,16,0
11185054340,smqhmnuma_32_16_8,97754061,16,0
9417743080,smqhmnuma_32_16_8,85456239,16,0
9719139180,smqhmnuma_32_16_8,87871589,16,0
9912086260,smqhmnuma_32_16_8,91752678,16,0
9033908480,smqhmnuma_32_16_8,83647404,16,0
10191716100,smqhmnuma_32_16_8,88054566,16,0
10420154040,smqhmnuma_32_16_8,95454531,16,0
4823949840,smqhmnuma_32_16_8,87606234,32,0
5852297300,smqhmnuma_32_16_8,98467014,32,0
4951710180,smqhmnuma_32_16_8,82493763,32,0
4497046280,smqhmnuma_32_16_8,80194267,32,0
4512502460,smqhmnuma_32_16_8,79726544,32,0
4940444380,smqhmnuma_32_16_8,82230179,32,0
4723398580,smqhmnuma_32_16_8,82038288,32,0
5562689720,smqhmnuma_32_16_8,90886068,32,0
4902574560,smqhmnuma_32_16_8,81890998,32,0
4892546820,smqhmnuma_32_16_8,81320304,32,0
3366652500,smqhmnuma_32_16_8,94506205,64,0
2822309920,smqhmnuma_32_16_8,80286785,64,0
2756693200,smqhmnuma_32_16_8,80038284,64,0
2731879040,smqhmnuma_32_16_8,79883749,64,0
2730473260,smqhmnuma_32_16_8,80321776,64,0
3137158960,smqhmnuma_32_16_8,85358930,64,0
2723572260,smqhmnuma_32_16_8,80298443,64,0
2669006900,smqhmnuma_32_16_8,79393119,64,0
2608986440,smqhmnuma_32_16_8,78755620,64,0
2707338820,smqhmnuma_32_16_8,80940866,64,0
1670476580,smqhmnuma_32_16_8,78943400,128,0
1652988700,smqhmnuma_32_16_8,79618558,128,0
1769121640,smqhmnuma_32_16_8,83050453,128,0
1743998080,smqhmnuma_32_16_8,81047395,128,0
2012245060,smqhmnuma_32_16_8,89484732,128,0
1733017440,smqhmnuma_32_16_8,79039628,128,0
1855746140,smqhmnuma_32_16_8,81120217,128,0
1747964200,smqhmnuma_32_16_8,80362444,128,0
2227633400,smqhmnuma_32_16_8,97151400,128,0
1710868960,smqhmnuma_32_16_8,78301563,128,0
1634742300,smqhmnuma_32_16_8,91052500,256,0
1650492200,smqhmnuma_32_16_8,91662937,256,0
1510704820,smqhmnuma_32_16_8,86599994,256,0
1573203440,smqhmnuma_32_16_8,91430268,256,0
1519563320,smqhmnuma_32_16_8,83600568,256,0
1692969680,smqhmnuma_32_16_8,93352696,256,0
1512268860,smqhmnuma_32_16_8,86489532,256,0
1625442440,smqhmnuma_32_16_8,90140126,256,0
1666360220,smqhmnuma_32_16_8,83480008,256,0
1451538420,smqhmnuma_32_16_8,84763192,256,0
