183576375220,smqhmnuma_8_64_64,84823000,1,0
183849318040,smqhmnuma_8_64_64,84823000,1,0
183753968140,smqhmnuma_8_64_64,84823000,1,0
183480830960,smqhmnuma_8_64_64,84823000,1,0
183980992620,smqhmnuma_8_64_64,84823000,1,0
93831423040,smqhmnuma_8_64_64,84820405,2,0
93658382660,smqhmnuma_8_64_64,84820342,2,0
93628445180,smqhmnuma_8_64_64,84825178,2,0
93860858380,smqhmnuma_8_64_64,84823209,2,0
93755366400,smqhmnuma_8_64_64,84822018,2,0
47248415900,smqhmnuma_8_64_64,84833746,4,0
47232491780,smqhmnuma_8_64_64,84824946,4,0
47308575040,smqhmnuma_8_64_64,84837643,4,0
47169674860,smqhmnuma_8_64_64,84830224,4,0
47247817160,smqhmnuma_8_64_64,84829376,4,0
25108828940,smqhmnuma_8_64_64,84831920,8,0
25239952080,smqhmnuma_8_64_64,84828987,8,0
25100336340,smqhmnuma_8_64_64,84855483,8,0
25264327860,smqhmnuma_8_64_64,84830336,8,0
25226406180,smqhmnuma_8_64_64,84843923,8,0
12950699340,smqhmnuma_8_64_64,84869287,16,0
12947540080,smqhmnuma_8_64_64,84866734,16,0
12964662080,smqhmnuma_8_64_64,84874010,16,0
13040393400,smqhmnuma_8_64_64,84857885,16,0
12951481540,smqhmnuma_8_64_64,84897651,16,0
6807963320,smqhmnuma_8_64_64,84921561,32,0
6797108020,smqhmnuma_8_64_64,84922608,32,0
6913303200,smqhmnuma_8_64_64,85881886,32,0
6964029500,smqhmnuma_8_64_64,86105321,32,0
6897660860,smqhmnuma_8_64_64,85706203,32,0
4144938460,smqhmnuma_8_64_64,85956591,64,0
4088682880,smqhmnuma_8_64_64,85771187,64,0
4272790220,smqhmnuma_8_64_64,85992530,64,0
4074923160,smqhmnuma_8_64_64,86045211,64,0
4009391740,smqhmnuma_8_64_64,86495620,64,0
3378764600,smqhmnuma_8_64_64,86189666,128,0
3125131560,smqhmnuma_8_64_64,86649689,128,0
3174141040,smqhmnuma_8_64_64,86283876,128,0
3172227820,smqhmnuma_8_64_64,86534675,128,0
3190852720,smqhmnuma_8_64_64,86162108,128,0
3327340640,smqhmnuma_8_64_64,87746648,256,0
3171208880,smqhmnuma_8_64_64,87698077,256,0
3124933960,smqhmnuma_8_64_64,87626543,256,0
3172434340,smqhmnuma_8_64_64,87866892,256,0
3700707720,smqhmnuma_8_64_64,87806140,256,0
