26741919060,smq_default,25660129,1,14
26805252720,smq_default,25660129,1,14
26794096460,smq_default,25660129,1,14
26792767120,smq_default,25660129,1,14
26776201840,smq_default,25660129,1,14
26564979100,smq_default,25660129,1,14
26820981940,smq_default,25660129,1,14
26803626920,smq_default,25660129,1,14
26830193060,smq_default,25660129,1,14
26831450160,smq_default,25660129,1,14
13374172060,smq_default,25677458,2,14
13381217280,smq_default,25684468,2,14
13409629160,smq_default,25686372,2,14
13382484580,smq_default,25683615,2,14
13380846780,smq_default,25682526,2,14
13393130740,smq_default,25686011,2,14
13405698520,smq_default,25686992,2,14
13391073480,smq_default,25685707,2,14
13438893700,smq_default,25689801,2,14
13413433000,smq_default,25687731,2,14
5816187240,smq_default,25721615,4,14
5819813140,smq_default,25716758,4,14
5834272560,smq_default,25775258,4,14
5825869680,smq_default,25744902,4,14
5809527980,smq_default,25748047,4,14
5806186440,smq_default,25720542,4,14
5818909380,smq_default,25739591,4,14
5819829820,smq_default,25738581,4,14
5813009860,smq_default,25892399,4,14
5818677260,smq_default,25742184,4,14
4100964700,smq_default,25749511,8,14
4119092560,smq_default,25772249,8,14
4097701200,smq_default,25737740,8,14
4094713760,smq_default,25731290,8,14
4100493780,smq_default,25732686,8,14
4116554420,smq_default,25731095,8,14
4113020240,smq_default,25753681,8,14
4065795860,smq_default,25748674,8,14
4090417040,smq_default,25737650,8,14
4083082500,smq_default,25764265,8,14
2133863020,smq_default,26256882,16,14
2127922000,smq_default,26062059,16,14
2160660780,smq_default,26330334,16,14
2143324660,smq_default,26376917,16,14
2115045920,smq_default,26130671,16,14
2145818320,smq_default,26063362,16,14
2120720220,smq_default,26199563,16,14
2142003120,smq_default,26122400,16,14
2131894060,smq_default,26251426,16,14
2120111740,smq_default,26135504,16,14
1179243720,smq_default,29719337,32,14
1192099260,smq_default,29821442,32,14
1171898580,smq_default,29500206,32,14
1169892140,smq_default,29274505,32,14
1169698860,smq_default,29352999,32,14
1185229340,smq_default,29600750,32,14
1181963260,smq_default,29712391,32,14
1179175180,smq_default,29538667,32,14
1172449140,smq_default,29512998,32,14
1174656220,smq_default,29302106,32,14
710398300,smq_default,33509147,64,14
712315400,smq_default,33625810,64,14
715599320,smq_default,33730042,64,14
714425480,smq_default,33637770,64,14
712476480,smq_default,33558186,64,14
715632720,smq_default,33747437,64,14
720378260,smq_default,34028978,64,14
721981020,smq_default,34059621,64,14
722711020,smq_default,34138932,64,14
720741080,smq_default,33876831,64,14
470945940,smq_default,44016115,128,14
472006280,smq_default,44005050,128,14
467180820,smq_default,43475987,128,14
471191080,smq_default,43910829,128,14
473626180,smq_default,43663212,128,14
476780400,smq_default,43961247,128,14
465762480,smq_default,43343964,128,14
470278740,smq_default,43813134,128,14
469455500,smq_default,43696561,128,14
471305820,smq_default,43689970,128,14
364036720,smq_default,55608931,256,14
368644340,smq_default,56049217,256,14
362910980,smq_default,55569177,256,14
369805140,smq_default,56009708,256,14
363909780,smq_default,55384529,256,14
367566600,smq_default,56184528,256,14
363142140,smq_default,55629252,256,14
363638700,smq_default,55762690,256,14
366407640,smq_default,55966005,256,14
365820280,smq_default,55789552,256,14
