11963469340,smqhm_4_1,25660197,1,14
12050911420,smqhm_4_1,25660197,1,14
11987394400,smqhm_4_1,25660197,1,14
11981017460,smqhm_4_1,25660197,1,14
12004988580,smqhm_4_1,25660197,1,14
12009395820,smqhm_4_1,25660197,1,14
11985465520,smqhm_4_1,25660197,1,14
11973265400,smqhm_4_1,25660197,1,14
11992715340,smqhm_4_1,25660197,1,14
12095674680,smqhm_4_1,25660197,1,14
7698484480,smqhm_4_1,25682513,2,14
7565438680,smqhm_4_1,25706086,2,14
7648465460,smqhm_4_1,25709229,2,14
7634758760,smqhm_4_1,25683425,2,14
7625159820,smqhm_4_1,25708287,2,14
7590878780,smqhm_4_1,25703608,2,14
7656607400,smqhm_4_1,25702773,2,14
7573228440,smqhm_4_1,25687206,2,14
7544641040,smqhm_4_1,25687024,2,14
7632612060,smqhm_4_1,25701332,2,14
3207334980,smqhm_4_1,25699634,4,14
3210653360,smqhm_4_1,25697780,4,14
3221104000,smqhm_4_1,25773196,4,14
3206494680,smqhm_4_1,25697730,4,14
3203170340,smqhm_4_1,25700041,4,14
3222911880,smqhm_4_1,25737563,4,14
3199799980,smqhm_4_1,25695166,4,14
3206160060,smqhm_4_1,25699955,4,14
3201561660,smqhm_4_1,25691696,4,14
3204596160,smqhm_4_1,25698911,4,14
2831445420,smqhm_4_1,25682879,8,14
2888223460,smqhm_4_1,25718434,8,14
2859265240,smqhm_4_1,25681569,8,14
2857998500,smqhm_4_1,25717011,8,14
2869552260,smqhm_4_1,25681827,8,14
2865631680,smqhm_4_1,25728756,8,14
2870907140,smqhm_4_1,25682262,8,14
2819035980,smqhm_4_1,25744077,8,14
2856552560,smqhm_4_1,25683385,8,14
2828361980,smqhm_4_1,25683588,8,14
1587907980,smqhm_4_1,25768748,16,14
1593033000,smqhm_4_1,25836538,16,14
1570827040,smqhm_4_1,25774809,16,14
1594426980,smqhm_4_1,25768017,16,14
1586571240,smqhm_4_1,25770143,16,14
1579354520,smqhm_4_1,25774415,16,14
1586506860,smqhm_4_1,25764962,16,14
1565645820,smqhm_4_1,25771786,16,14
1569851280,smqhm_4_1,25774732,16,14
1577541220,smqhm_4_1,25770940,16,14
886400440,smqhm_4_1,26195144,32,14
883650020,smqhm_4_1,26168832,32,14
881753980,smqhm_4_1,26196848,32,14
884653820,smqhm_4_1,26247244,32,14
885047620,smqhm_4_1,26165098,32,14
886294200,smqhm_4_1,26182894,32,14
885111840,smqhm_4_1,26186814,32,14
881116500,smqhm_4_1,26183232,32,14
885987700,smqhm_4_1,26174570,32,14
885639800,smqhm_4_1,26175948,32,14
500348040,smqhm_4_1,27924135,64,14
512601420,smqhm_4_1,27829371,64,14
498064760,smqhm_4_1,27886788,64,14
498460400,smqhm_4_1,27853369,64,14
499827220,smqhm_4_1,27866428,64,14
497605500,smqhm_4_1,27907406,64,14
497862640,smqhm_4_1,27823835,64,14
498854160,smqhm_4_1,27883161,64,14
499313500,smqhm_4_1,27898420,64,14
498205540,smqhm_4_1,27879246,64,14
333825460,smqhm_4_1,31315628,128,14
335677020,smqhm_4_1,31484208,128,14
336231980,smqhm_4_1,31434658,128,14
335958680,smqhm_4_1,31489629,128,14
335068540,smqhm_4_1,31355686,128,14
337697880,smqhm_4_1,31542352,128,14
335961140,smqhm_4_1,31504390,128,14
334071280,smqhm_4_1,31304288,128,14
336051900,smqhm_4_1,31391732,128,14
335355080,smqhm_4_1,31379784,128,14
263917520,smqhm_4_1,39514054,256,14
261841400,smqhm_4_1,39252439,256,14
263713420,smqhm_4_1,39442708,256,14
263177400,smqhm_4_1,39347849,256,14
261724300,smqhm_4_1,39285993,256,14
262822980,smqhm_4_1,39357797,256,14
264173640,smqhm_4_1,39404941,256,14
262189300,smqhm_4_1,39440623,256,14
262945740,smqhm_4_1,39464821,256,14
262422060,smqhm_4_1,39283432,256,14
