183551898940,smqhm_8_64,84823000,1,0
183029925380,smqhm_8_64,84823000,1,0
183525671780,smqhm_8_64,84823000,1,0
182717555620,smqhm_8_64,84823000,1,0
183262862200,smqhm_8_64,84823000,1,0
183910406080,smqhm_8_64,84823000,1,0
183262127980,smqhm_8_64,84823000,1,0
183816869420,smqhm_8_64,84823000,1,0
183917926160,smqhm_8_64,84823000,1,0
183978387020,smqhm_8_64,84823000,1,0
93556090380,smqhm_8_64,84818172,2,0
93588793000,smqhm_8_64,84821041,2,0
93770316360,smqhm_8_64,84824213,2,0
93821377940,smqhm_8_64,84819339,2,0
93813299260,smqhm_8_64,84821226,2,0
94072168920,smqhm_8_64,84821558,2,0
93716379420,smqhm_8_64,84821848,2,0
93624600560,smqhm_8_64,84816148,2,0
93893964480,smqhm_8_64,84819876,2,0
93849592400,smqhm_8_64,84822261,2,0
47190655340,smqhm_8_64,84822598,4,0
47212997220,smqhm_8_64,84821568,4,0
47236494800,smqhm_8_64,84826799,4,0
47340197700,smqhm_8_64,84873290,4,0
47286506060,smqhm_8_64,84831721,4,0
47222995060,smqhm_8_64,84839866,4,0
47303193220,smqhm_8_64,84826285,4,0
47208393480,smqhm_8_64,84820720,4,0
46879618400,smqhm_8_64,84827153,4,0
47166082460,smqhm_8_64,84830237,4,0
25184158520,smqhm_8_64,84915312,8,0
25289597840,smqhm_8_64,85160062,8,0
25215978760,smqhm_8_64,84830851,8,0
25166451280,smqhm_8_64,84928344,8,0
25313916560,smqhm_8_64,85037332,8,0
25058772280,smqhm_8_64,84831393,8,0
25447337180,smqhm_8_64,86100598,8,0
25258314780,smqhm_8_64,84828575,8,0
25194352080,smqhm_8_64,84853780,8,0
25121253400,smqhm_8_64,84832514,8,0
12955744900,smqhm_8_64,85029680,16,0
12963910620,smqhm_8_64,84884923,16,0
13040375100,smqhm_8_64,84886945,16,0
13037220040,smqhm_8_64,84916667,16,0
13043782260,smqhm_8_64,84877588,16,0
12951075000,smqhm_8_64,84851391,16,0
13078848120,smqhm_8_64,85049347,16,0
13037311940,smqhm_8_64,85147028,16,0
13035143440,smqhm_8_64,84909225,16,0
13065749100,smqhm_8_64,85002673,16,0
6847629760,smqhm_8_64,85385438,32,0
6962312340,smqhm_8_64,86258644,32,0
6807808800,smqhm_8_64,84939425,32,0
6937494220,smqhm_8_64,86308946,32,0
6820346960,smqhm_8_64,84943277,32,0
6818504300,smqhm_8_64,85352348,32,0
6798525520,smqhm_8_64,84926348,32,0
6794441360,smqhm_8_64,84996940,32,0
6835377640,smqhm_8_64,84931351,32,0
7141627280,smqhm_8_64,86133386,32,0
4130407140,smqhm_8_64,86799138,64,0
3949741540,smqhm_8_64,85514555,64,0
4195492220,smqhm_8_64,88506221,64,0
4068439660,smqhm_8_64,86391702,64,0
4169963160,smqhm_8_64,86075212,64,0
4167232600,smqhm_8_64,85858510,64,0
4176032040,smqhm_8_64,86136772,64,0
4040717760,smqhm_8_64,86015453,64,0
3952540260,smqhm_8_64,85726535,64,0
4230214500,smqhm_8_64,86973238,64,0
3281605540,smqhm_8_64,86749507,128,0
3108959440,smqhm_8_64,86336701,128,0
3297615840,smqhm_8_64,86326502,128,0
3350913060,smqhm_8_64,86440268,128,0
3185162640,smqhm_8_64,86349975,128,0
3227026840,smqhm_8_64,86930438,128,0
3169164580,smqhm_8_64,86741810,128,0
3114951200,smqhm_8_64,86296456,128,0
3122702840,smqhm_8_64,86277877,128,0
3210487260,smqhm_8_64,86223492,128,0
3036487480,smqhm_8_64,87632724,256,0
3126428800,smqhm_8_64,87433438,256,0
3217459860,smqhm_8_64,87713090,256,0
3232907200,smqhm_8_64,87663516,256,0
3123856140,smqhm_8_64,87729355,256,0
3175483900,smqhm_8_64,87376252,256,0
3137205720,smqhm_8_64,88413277,256,0
3310825900,smqhm_8_64,88757770,256,0
3276105280,smqhm_8_64,87284233,256,0
3073078960,smqhm_8_64,87520671,256,0
