181137291860,smq_default,84821939,1,0
180509948220,smq_default,84821939,1,0
181225194180,smq_default,84821939,1,0
179949427320,smq_default,84821939,1,0
180874851960,smq_default,84821939,1,0
180853746980,smq_default,84821939,1,0
180627321740,smq_default,84821939,1,0
179982772620,smq_default,84821939,1,0
180193395520,smq_default,84821939,1,0
181101399300,smq_default,84821939,1,0
92270137200,smq_default,84819976,2,0
92143516580,smq_default,84817000,2,0
92153026280,smq_default,84822184,2,0
92107021220,smq_default,84821201,2,0
92317138140,smq_default,84822354,2,0
92384111940,smq_default,84821961,2,0
92261970320,smq_default,84818256,2,0
92348733120,smq_default,84820065,2,0
92305011360,smq_default,84825367,2,0
92323956600,smq_default,84824165,2,0
46403738020,smq_default,84822286,4,0
46398620920,smq_default,84825214,4,0
46511034560,smq_default,84828091,4,0
46402922440,smq_default,84822289,4,0
46436241300,smq_default,84824883,4,0
46445091060,smq_default,84829061,4,0
46540767660,smq_default,84827312,4,0
46458565340,smq_default,84825524,4,0
46445844780,smq_default,84828265,4,0
46546224120,smq_default,84827892,4,0
24778805700,smq_default,84827498,8,0
24670707720,smq_default,84827026,8,0
24822571780,smq_default,84826600,8,0
24665200580,smq_default,84825668,8,0
24663942320,smq_default,84824992,8,0
24806502880,smq_default,84825500,8,0
24675327160,smq_default,84827120,8,0
24775365880,smq_default,84827156,8,0
24784413280,smq_default,84824728,8,0
24708658860,smq_default,84823768,8,0
12787239240,smq_default,84842536,16,0
12801998020,smq_default,84838120,16,0
12819322140,smq_default,84833014,16,0
12929486780,smq_default,84833930,16,0
12788225760,smq_default,84843074,16,0
12771539780,smq_default,84843080,16,0
12777175280,smq_default,84847655,16,0
12819998000,smq_default,84842099,16,0
12778416800,smq_default,84838337,16,0
12719461780,smq_default,84836013,16,0
6753370440,smq_default,84927403,32,0
6708120120,smq_default,84876881,32,0
6805251860,smq_default,84949309,32,0
6839502540,smq_default,84868566,32,0
6821243080,smq_default,84870974,32,0
6807218560,smq_default,84872006,32,0
6797460060,smq_default,84984692,32,0
6755496380,smq_default,84887714,32,0
6806524500,smq_default,84879815,32,0
6771711800,smq_default,84985335,32,0
4209333800,smq_default,85159685,64,0
4082959500,smq_default,85231617,64,0
4346376640,smq_default,85321239,64,0
4218088580,smq_default,85485446,64,0
4138614500,smq_default,85179107,64,0
4394282220,smq_default,85378918,64,0
4106946080,smq_default,85241451,64,0
4145970480,smq_default,85082968,64,0
4529416680,smq_default,85428084,64,0
4734153760,smq_default,85326801,64,0
3911908420,smq_default,86231448,128,0
3537059980,smq_default,86164731,128,0
3825341560,smq_default,86428367,128,0
3653129460,smq_default,86383488,128,0
3580617600,smq_default,86252238,128,0
3487581420,smq_default,86005895,128,0
3769155220,smq_default,86364451,128,0
3631754880,smq_default,86233502,128,0
3691291520,smq_default,86226537,128,0
4040033060,smq_default,87199194,128,0
4095281360,smq_default,90869062,256,0
3859316820,smq_default,89379452,256,0
4027830600,smq_default,88665118,256,0
3819748900,smq_default,89002046,256,0
3629345940,smq_default,88674276,256,0
3990924100,smq_default,88960584,256,0
3810833100,smq_default,88928350,256,0
3862773560,smq_default,88368160,256,0
3769081780,smq_default,88479678,256,0
3878799040,smq_default,88534052,256,0
