3906671700,mqpp_4_1_1,39932402,256
3876663180,mqpp_4_1_1,39901523,256
3822222800,mqpp_4_1_1,39918952,256
3966034060,mqpp_4_1_1,40146262,256
3758641080,mqpp_4_1_1,39867224,256
3616938860,mqpp_4_1_2,39931735,256
3690813340,mqpp_4_1_2,40129743,256
3606018760,mqpp_4_1_2,40058790,256
3611963920,mqpp_4_1_2,40127453,256
3649411660,mqpp_4_1_2,40162912,256
3744046800,mqpp_4_1_4,40051679,256
3872950580,mqpp_4_1_4,40167487,256
3839094340,mqpp_4_1_4,40272725,256
3442932380,mqpp_4_1_4,40127589,256
3649491080,mqpp_4_1_4,40192980,256
3554096300,mqpp_4_1_8,40314065,256
3555568220,mqpp_4_1_8,40278756,256
3798181860,mqpp_4_1_8,40489456,256
3589446220,mqpp_4_1_8,40399944,256
3712837680,mqpp_4_1_8,40448806,256
3341636380,mqpp_4_1_16,40554615,256
3532453620,mqpp_4_1_16,40301201,256
3422788020,mqpp_4_1_16,40413006,256
3527470360,mqpp_4_1_16,40134357,256
3500733040,mqpp_4_1_16,40597746,256
3577701980,mqpp_4_1_32,40477739,256
3652631040,mqpp_4_1_32,40510793,256
3356586660,mqpp_4_1_32,40293916,256
3636811060,mqpp_4_1_32,40428105,256
3763252520,mqpp_4_1_32,40576910,256
3603019980,mqpp_4_1_64,40393939,256
3377068920,mqpp_4_1_64,40577836,256
3408340580,mqpp_4_1_64,40571860,256
3444879040,mqpp_4_1_64,40523323,256
3233610660,mqpp_4_1_64,40555680,256
3364588380,mqpp_4_1_128,40380381,256
3502472120,mqpp_4_1_128,40387009,256
3404906380,mqpp_4_1_128,40463541,256
3246584240,mqpp_4_1_128,40470063,256
3398207820,mqpp_4_1_128,40582894,256
3341901760,mqpp_4_1_256,40478121,256
3196066660,mqpp_4_1_256,40598209,256
3502686600,mqpp_4_1_256,40513147,256
3435241660,mqpp_4_1_256,40489019,256
3360165380,mqpp_4_1_256,40549169,256
3285114200,mqpp_4_1_512,40670057,256
3423605680,mqpp_4_1_512,40649539,256
3321854280,mqpp_4_1_512,40479765,256
3257020980,mqpp_4_1_512,40172248,256
3310743040,mqpp_4_1_512,40533062,256
3847053660,mqpp_4_1_1024,40425358,256
3323065560,mqpp_4_1_1024,40714351,256
3376989140,mqpp_4_1_1024,40568331,256
3316245540,mqpp_4_1_1024,40504702,256
3703326880,mqpp_4_1_1024,40698286,256
3902635480,mqpp_4_2_1,39890916,256
3719259420,mqpp_4_2_1,39943242,256
3867097100,mqpp_4_2_1,40026998,256
3746678280,mqpp_4_2_1,39876113,256
3844209460,mqpp_4_2_1,40029344,256
3611969280,mqpp_4_2_2,40183842,256
3616015880,mqpp_4_2_2,39942707,256
3646676720,mqpp_4_2_2,39894160,256
3568583160,mqpp_4_2_2,39986269,256
3508658000,mqpp_4_2_2,40248193,256
3481693340,mqpp_4_2_4,40329743,256
3698899500,mqpp_4_2_4,40066981,256
3579815240,mqpp_4_2_4,40154641,256
3469634360,mqpp_4_2_4,40416104,256
3387623760,mqpp_4_2_4,39994496,256
3378873780,mqpp_4_2_8,40188750,256
3345426200,mqpp_4_2_8,40436911,256
3342163720,mqpp_4_2_8,40305399,256
3401814000,mqpp_4_2_8,40397785,256
3420060780,mqpp_4_2_8,40324796,256
3294564280,mqpp_4_2_16,40295436,256
3245695800,mqpp_4_2_16,40309458,256
3401266340,mqpp_4_2_16,40462416,256
3480506860,mqpp_4_2_16,40385166,256
3264037540,mqpp_4_2_16,40430192,256
3528850620,mqpp_4_2_32,40514018,256
3324099940,mqpp_4_2_32,40381045,256
3366951440,mqpp_4_2_32,40434111,256
3285430160,mqpp_4_2_32,40372495,256
3541976040,mqpp_4_2_32,40515516,256
3731357540,mqpp_4_2_64,40348421,256
3374161440,mqpp_4_2_64,40593217,256
3302097900,mqpp_4_2_64,40763344,256
3667678780,mqpp_4_2_64,40494600,256
3201054240,mqpp_4_2_64,40486925,256
3372217780,mqpp_4_2_128,40652349,256
3198456900,mqpp_4_2_128,40676906,256
3432189960,mqpp_4_2_128,40473005,256
3179938520,mqpp_4_2_128,40588212,256
3316593520,mqpp_4_2_128,40571981,256
3174011260,mqpp_4_2_256,40676942,256
3504730040,mqpp_4_2_256,40514253,256
3302877220,mqpp_4_2_256,40590087,256
3292723960,mqpp_4_2_256,40639672,256
3256619840,mqpp_4_2_256,40738624,256
3217057460,mqpp_4_2_512,40559311,256
3376329480,mqpp_4_2_512,40618466,256
3203273440,mqpp_4_2_512,40594357,256
3363384100,mqpp_4_2_512,40647283,256
3626417720,mqpp_4_2_512,40682082,256
3338262940,mqpp_4_2_1024,40612089,256
3216120040,mqpp_4_2_1024,40780861,256
3139412900,mqpp_4_2_1024,40612823,256
3600126120,mqpp_4_2_1024,40874868,256
3165301840,mqpp_4_2_1024,40701629,256
3808036080,mqpp_4_4_1,40064567,256
3948554740,mqpp_4_4_1,40106265,256
3843369980,mqpp_4_4_1,39918646,256
3847400900,mqpp_4_4_1,40004632,256
3703417740,mqpp_4_4_1,40160218,256
3686765940,mqpp_4_4_2,40216449,256
3751128700,mqpp_4_4_2,39985941,256
3690271740,mqpp_4_4_2,40054122,256
3505919860,mqpp_4_4_2,40232110,256
3646462680,mqpp_4_4_2,40239733,256
3407815600,mqpp_4_4_4,40173603,256
3420886560,mqpp_4_4_4,40095355,256
3384319980,mqpp_4_4_4,40294640,256
3350272620,mqpp_4_4_4,40097410,256
3550728820,mqpp_4_4_4,40150008,256
3407186520,mqpp_4_4_8,40333268,256
3350210120,mqpp_4_4_8,40372562,256
3380032140,mqpp_4_4_8,40242422,256
3588623680,mqpp_4_4_8,40474553,256
3431940340,mqpp_4_4_8,40242122,256
3389402320,mqpp_4_4_16,40505523,256
3339873660,mqpp_4_4_16,40449006,256
3235718520,mqpp_4_4_16,40638725,256
3526558940,mqpp_4_4_16,40425642,256
3261107540,mqpp_4_4_16,40348628,256
3159346780,mqpp_4_4_32,40588159,256
3208804080,mqpp_4_4_32,40654354,256
3191678460,mqpp_4_4_32,40512682,256
3272935060,mqpp_4_4_32,40575861,256
3292873840,mqpp_4_4_32,40624535,256
3318485520,mqpp_4_4_64,40782595,256
3384692320,mqpp_4_4_64,40584505,256
3273089180,mqpp_4_4_64,40642137,256
3317437840,mqpp_4_4_64,40691778,256
3148909480,mqpp_4_4_64,40534775,256
3228637820,mqpp_4_4_128,40638775,256
3177858500,mqpp_4_4_128,40546263,256
3157179200,mqpp_4_4_128,40805058,256
3163609500,mqpp_4_4_128,40664717,256
3199255320,mqpp_4_4_128,40593297,256
3209379820,mqpp_4_4_256,40696372,256
3300329000,mqpp_4_4_256,40636165,256
3214667940,mqpp_4_4_256,40785605,256
3098337380,mqpp_4_4_256,40711661,256
3209859540,mqpp_4_4_256,40692642,256
3446376360,mqpp_4_4_512,41009227,256
3164859220,mqpp_4_4_512,40593864,256
3122126220,mqpp_4_4_512,40749686,256
3152000900,mqpp_4_4_512,40757350,256
3295249500,mqpp_4_4_512,40619141,256
3134869680,mqpp_4_4_1024,40810262,256
3163864000,mqpp_4_4_1024,40811346,256
3407746980,mqpp_4_4_1024,40969960,256
3138191380,mqpp_4_4_1024,40813832,256
3224247560,mqpp_4_4_1024,40715101,256
3698731700,mqpp_4_8_1,40073845,256
3772148920,mqpp_4_8_1,40139852,256
4207376240,mqpp_4_8_1,40289422,256
3861136540,mqpp_4_8_1,40434383,256
3875231000,mqpp_4_8_1,40144983,256
3458978560,mqpp_4_8_2,40409871,256
3610490540,mqpp_4_8_2,40316493,256
3761577980,mqpp_4_8_2,40332337,256
3575646760,mqpp_4_8_2,40182025,256
3590990420,mqpp_4_8_2,40291958,256
3457209560,mqpp_4_8_4,40657430,256
3633438920,mqpp_4_8_4,40379807,256
3465784660,mqpp_4_8_4,40438298,256
3304327520,mqpp_4_8_4,40364010,256
3402584460,mqpp_4_8_4,40407873,256
3255976560,mqpp_4_8_8,40467418,256
3530109500,mqpp_4_8_8,40660738,256
3242822620,mqpp_4_8_8,40504118,256
3421660240,mqpp_4_8_8,40581852,256
3498716460,mqpp_4_8_8,40726419,256
3317149300,mqpp_4_8_16,40603322,256
3493760620,mqpp_4_8_16,40516716,256
3292466480,mqpp_4_8_16,40324038,256
3228837100,mqpp_4_8_16,40523344,256
3357420780,mqpp_4_8_16,40470571,256
3296943140,mqpp_4_8_32,40655873,256
3466515420,mqpp_4_8_32,40779226,256
3563591620,mqpp_4_8_32,40764711,256
3238712620,mqpp_4_8_32,40688683,256
3365539560,mqpp_4_8_32,40452945,256
3467124140,mqpp_4_8_64,40528603,256
3501098020,mqpp_4_8_64,40529221,256
3188785600,mqpp_4_8_64,40726361,256
3392625840,mqpp_4_8_64,40740343,256
3442934820,mqpp_4_8_64,40627751,256
3548995120,mqpp_4_8_128,40720105,256
3606860660,mqpp_4_8_128,40531535,256
3648797900,mqpp_4_8_128,40721352,256
3166536020,mqpp_4_8_128,40702225,256
3148141380,mqpp_4_8_128,40888289,256
3294919480,mqpp_4_8_256,41132995,256
3130154900,mqpp_4_8_256,40909465,256
3243469040,mqpp_4_8_256,40970569,256
3109000680,mqpp_4_8_256,40805785,256
3279677760,mqpp_4_8_256,40810005,256
3410567700,mqpp_4_8_512,40775705,256
3601456920,mqpp_4_8_512,40916941,256
3235056600,mqpp_4_8_512,40895275,256
3295423480,mqpp_4_8_512,40899087,256
3515095820,mqpp_4_8_512,40845479,256
3175660980,mqpp_4_8_1024,40793296,256
3144290760,mqpp_4_8_1024,40860430,256
3474713000,mqpp_4_8_1024,40913700,256
3229056520,mqpp_4_8_1024,40830313,256
3280984600,mqpp_4_8_1024,41272983,256
3807262060,mqpp_4_16_1,40516267,256
3857877240,mqpp_4_16_1,40477972,256
3908910060,mqpp_4_16_1,40439230,256
4012381740,mqpp_4_16_1,40431859,256
3822686000,mqpp_4_16_1,40391893,256
3763668500,mqpp_4_16_2,40498208,256
3878295220,mqpp_4_16_2,40455238,256
3549668360,mqpp_4_16_2,40465683,256
3810865000,mqpp_4_16_2,40537384,256
3552693740,mqpp_4_16_2,40483335,256
3664925140,mqpp_4_16_4,40499701,256
3343660220,mqpp_4_16_4,40429931,256
3476056820,mqpp_4_16_4,40476291,256
3442341460,mqpp_4_16_4,40720397,256
3396344360,mqpp_4_16_4,40529149,256
3386735040,mqpp_4_16_8,40892357,256
3610212360,mqpp_4_16_8,40599242,256
3417478460,mqpp_4_16_8,40651531,256
3513020720,mqpp_4_16_8,40495046,256
3408451180,mqpp_4_16_8,40603348,256
3182722340,mqpp_4_16_16,40913156,256
3352988000,mqpp_4_16_16,40643619,256
3733961940,mqpp_4_16_16,40787168,256
3474552260,mqpp_4_16_16,40730964,256
3513890840,mqpp_4_16_16,40657279,256
3183258580,mqpp_4_16_32,40767911,256
3346447000,mqpp_4_16_32,40926167,256
3209350620,mqpp_4_16_32,40739945,256
3595135500,mqpp_4_16_32,40906412,256
3297553820,mqpp_4_16_32,40691983,256
3349161360,mqpp_4_16_64,40823052,256
3352820160,mqpp_4_16_64,40992027,256
3267595740,mqpp_4_16_64,40696432,256
3246821920,mqpp_4_16_64,41151947,256
3339764040,mqpp_4_16_64,40993393,256
3153317060,mqpp_4_16_128,41037865,256
3403340420,mqpp_4_16_128,40878973,256
3263738520,mqpp_4_16_128,40929039,256
3177311080,mqpp_4_16_128,40812194,256
3363891660,mqpp_4_16_128,41027125,256
3278702400,mqpp_4_16_256,41056909,256
3433716840,mqpp_4_16_256,41221179,256
3315721460,mqpp_4_16_256,40957739,256
3376255320,mqpp_4_16_256,41006566,256
3325404920,mqpp_4_16_256,40986129,256
3150030120,mqpp_4_16_512,41242928,256
3356068440,mqpp_4_16_512,41067120,256
3263305980,mqpp_4_16_512,41301053,256
3212446760,mqpp_4_16_512,41372389,256
3101155760,mqpp_4_16_512,41259013,256
3110324700,mqpp_4_16_1024,41102426,256
3132083620,mqpp_4_16_1024,41303076,256
3112904740,mqpp_4_16_1024,41162659,256
3194104820,mqpp_4_16_1024,41164286,256
3260206000,mqpp_4_16_1024,41109209,256
3932980620,mqpp_4_32_1,40607311,256
3962045080,mqpp_4_32_1,40983360,256
4130352860,mqpp_4_32_1,40534477,256
3998317420,mqpp_4_32_1,40553763,256
4065079960,mqpp_4_32_1,40945415,256
3737338440,mqpp_4_32_2,40635055,256
3930311460,mqpp_4_32_2,40618828,256
3642758480,mqpp_4_32_2,40800004,256
3779488880,mqpp_4_32_2,40724386,256
3870126540,mqpp_4_32_2,41124260,256
3574670660,mqpp_4_32_4,40659091,256
3752253260,mqpp_4_32_4,40671034,256
3490863860,mqpp_4_32_4,40741231,256
3503142260,mqpp_4_32_4,40597663,256
3656205920,mqpp_4_32_4,40737042,256
3537711060,mqpp_4_32_8,40751317,256
3531205760,mqpp_4_32_8,41278931,256
3533739460,mqpp_4_32_8,40618848,256
3512887220,mqpp_4_32_8,40636288,256
3471041940,mqpp_4_32_8,40693555,256
3352015640,mqpp_4_32_16,40584419,256
3532676200,mqpp_4_32_16,40744018,256
3338279380,mqpp_4_32_16,41069493,256
3453671620,mqpp_4_32_16,40692143,256
3609742100,mqpp_4_32_16,40716182,256
3384554180,mqpp_4_32_32,40882454,256
3308648240,mqpp_4_32_32,40867847,256
3382736340,mqpp_4_32_32,40814727,256
3382830040,mqpp_4_32_32,40882957,256
3505995820,mqpp_4_32_32,40624001,256
3199151940,mqpp_4_32_64,41256173,256
3547397040,mqpp_4_32_64,41187593,256
3428634860,mqpp_4_32_64,40996665,256
3811807000,mqpp_4_32_64,41122529,256
3454381140,mqpp_4_32_64,40780120,256
3391031820,mqpp_4_32_128,40841384,256
3318143600,mqpp_4_32_128,41381428,256
3326508320,mqpp_4_32_128,41090579,256
3482985420,mqpp_4_32_128,41015385,256
3464183640,mqpp_4_32_128,41087464,256
3228966180,mqpp_4_32_256,41367171,256
3277526900,mqpp_4_32_256,41258739,256
3765322740,mqpp_4_32_256,41110086,256
3305385500,mqpp_4_32_256,41085776,256
3405891860,mqpp_4_32_256,41116727,256
3409310460,mqpp_4_32_512,41206171,256
3379611680,mqpp_4_32_512,41240031,256
3504306060,mqpp_4_32_512,41532046,256
3167180500,mqpp_4_32_512,41288513,256
3478448820,mqpp_4_32_512,41688012,256
3434496900,mqpp_4_32_1024,41448087,256
3215246280,mqpp_4_32_1024,41387755,256
3399091900,mqpp_4_32_1024,42079696,256
3238119320,mqpp_4_32_1024,41369116,256
3241557980,mqpp_4_32_1024,41636457,256
4398519760,mqpp_4_64_1,40957318,256
3894872620,mqpp_4_64_1,40846835,256
4007249820,mqpp_4_64_1,40935741,256
4048296280,mqpp_4_64_1,40891855,256
4425933620,mqpp_4_64_1,41024610,256
4105131160,mqpp_4_64_2,40906426,256
3754465760,mqpp_4_64_2,40712064,256
3929628660,mqpp_4_64_2,40725849,256
3902733760,mqpp_4_64_2,40909286,256
3932466560,mqpp_4_64_2,40914895,256
3807176040,mqpp_4_64_4,41125456,256
4036619520,mqpp_4_64_4,41263642,256
3650889820,mqpp_4_64_4,40732971,256
3644409440,mqpp_4_64_4,40934855,256
3790534880,mqpp_4_64_4,40847713,256
3746803140,mqpp_4_64_8,40973654,256
3955670600,mqpp_4_64_8,40859137,256
3989106240,mqpp_4_64_8,40892078,256
3780592060,mqpp_4_64_8,41005795,256
3408760800,mqpp_4_64_8,40883817,256
3647427860,mqpp_4_64_16,41310807,256
3578397900,mqpp_4_64_16,40785226,256
3414394500,mqpp_4_64_16,40999915,256
3586385740,mqpp_4_64_16,41168218,256
3797034580,mqpp_4_64_16,41116537,256
3678260560,mqpp_4_64_32,41523947,256
3561297340,mqpp_4_64_32,41232413,256
3514218160,mqpp_4_64_32,41321197,256
3524274460,mqpp_4_64_32,41338079,256
3553771540,mqpp_4_64_32,41098787,256
3736956260,mqpp_4_64_64,41068621,256
3357011600,mqpp_4_64_64,41120912,256
3627940880,mqpp_4_64_64,41038067,256
3630657820,mqpp_4_64_64,41058256,256
3469574800,mqpp_4_64_64,41053439,256
3369760780,mqpp_4_64_128,41349187,256
3482360280,mqpp_4_64_128,40990862,256
3323066460,mqpp_4_64_128,41129678,256
3390560120,mqpp_4_64_128,41201524,256
3526712500,mqpp_4_64_128,41482344,256
3473472840,mqpp_4_64_256,41238965,256
3724632340,mqpp_4_64_256,41464306,256
3341628840,mqpp_4_64_256,41558149,256
3598463520,mqpp_4_64_256,41844017,256
3522894940,mqpp_4_64_256,41449981,256
3571671740,mqpp_4_64_512,41525137,256
3459283300,mqpp_4_64_512,41503599,256
3196265560,mqpp_4_64_512,42111610,256
4009735220,mqpp_4_64_512,41366656,256
3600901520,mqpp_4_64_512,41920144,256
3516211180,mqpp_4_64_1024,42016127,256
3818216500,mqpp_4_64_1024,42159281,256
3369534580,mqpp_4_64_1024,42030264,256
3289433080,mqpp_4_64_1024,42229154,256
3580721680,mqpp_4_64_1024,42403444,256
4139970560,mqpp_4_128_1,41342725,256
4249457600,mqpp_4_128_1,41010023,256
4037899640,mqpp_4_128_1,40838380,256
4302731200,mqpp_4_128_1,40834570,256
4216804600,mqpp_4_128_1,41164640,256
4338338720,mqpp_4_128_2,41263554,256
4060471040,mqpp_4_128_2,40995333,256
4052745760,mqpp_4_128_2,41293770,256
4125413840,mqpp_4_128_2,40993022,256
3981178760,mqpp_4_128_2,41146924,256
3686764360,mqpp_4_128_4,41105424,256
3819756720,mqpp_4_128_4,41011017,256
3844527360,mqpp_4_128_4,41304928,256
3758376720,mqpp_4_128_4,41239669,256
3761704120,mqpp_4_128_4,41446681,256
3920050640,mqpp_4_128_8,40996636,256
4019663780,mqpp_4_128_8,41357886,256
3950040820,mqpp_4_128_8,41050004,256
3574876460,mqpp_4_128_8,40997785,256
3623941840,mqpp_4_128_8,41154793,256
3565162740,mqpp_4_128_16,41161995,256
3682414240,mqpp_4_128_16,41427352,256
3776127180,mqpp_4_128_16,41316176,256
3568623180,mqpp_4_128_16,40888609,256
3765784160,mqpp_4_128_16,41643089,256
3897973840,mqpp_4_128_32,41138697,256
3617576180,mqpp_4_128_32,40909100,256
3606058480,mqpp_4_128_32,40976571,256
3465820080,mqpp_4_128_32,41251154,256
3999943460,mqpp_4_128_32,41623306,256
3781849920,mqpp_4_128_64,41439599,256
3848771400,mqpp_4_128_64,41134469,256
3642813780,mqpp_4_128_64,41440487,256
3298066240,mqpp_4_128_64,41396505,256
3513044320,mqpp_4_128_64,42065517,256
3750408640,mqpp_4_128_128,42013511,256
3444327340,mqpp_4_128_128,41684340,256
3875223520,mqpp_4_128_128,42633366,256
3403568640,mqpp_4_128_128,41823196,256
3645161300,mqpp_4_128_128,42314927,256
3613470060,mqpp_4_128_256,42154185,256
3355565800,mqpp_4_128_256,41654589,256
3508192080,mqpp_4_128_256,42111749,256
3615516400,mqpp_4_128_256,42300908,256
3484669000,mqpp_4_128_256,42051496,256
3882422240,mqpp_4_128_512,42862573,256
3694369620,mqpp_4_128_512,42223790,256
3564524060,mqpp_4_128_512,41908149,256
3815361220,mqpp_4_128_512,42361937,256
3364646600,mqpp_4_128_512,42008141,256
3367098920,mqpp_4_128_1024,43083834,256
3696894340,mqpp_4_128_1024,42614015,256
3541940700,mqpp_4_128_1024,43460686,256
3479385720,mqpp_4_128_1024,43061208,256
3370617740,mqpp_4_128_1024,42406260,256
4003425820,mqpp_4_256_1,41415179,256
4073919280,mqpp_4_256_1,41713686,256
4248812960,mqpp_4_256_1,41459324,256
4183802580,mqpp_4_256_1,41879083,256
4276052180,mqpp_4_256_1,41327875,256
3981320580,mqpp_4_256_2,41914309,256
3964469640,mqpp_4_256_2,41221027,256
4273147860,mqpp_4_256_2,42227434,256
4044800440,mqpp_4_256_2,41369516,256
3798106340,mqpp_4_256_2,41215589,256
3916614280,mqpp_4_256_4,41432543,256
3820807360,mqpp_4_256_4,41554781,256
3638936880,mqpp_4_256_4,41287093,256
3927395680,mqpp_4_256_4,41501156,256
3579138820,mqpp_4_256_4,42298016,256
3418813760,mqpp_4_256_8,41561996,256
3716830220,mqpp_4_256_8,41834922,256
3849880320,mqpp_4_256_8,41419643,256
3928057760,mqpp_4_256_8,42188141,256
3686798580,mqpp_4_256_8,41299967,256
3420766820,mqpp_4_256_16,42300708,256
3716226960,mqpp_4_256_16,41334673,256
3679581300,mqpp_4_256_16,42014597,256
3840777760,mqpp_4_256_16,41689048,256
3453211620,mqpp_4_256_16,42891251,256
3568116700,mqpp_4_256_32,41737838,256
3390187680,mqpp_4_256_32,41706426,256
3402863620,mqpp_4_256_32,42019785,256
3165099800,mqpp_4_256_32,41700002,256
3478777400,mqpp_4_256_32,41345618,256
3481091620,mqpp_4_256_64,42361868,256
3479026680,mqpp_4_256_64,41917628,256
3892845820,mqpp_4_256_64,42588897,256
3472394300,mqpp_4_256_64,41807121,256
3379122600,mqpp_4_256_64,41859110,256
3489448760,mqpp_4_256_128,42102154,256
3377937100,mqpp_4_256_128,43490960,256
3298603720,mqpp_4_256_128,42900586,256
3427819520,mqpp_4_256_128,41649471,256
3507095040,mqpp_4_256_128,42752587,256
3501666340,mqpp_4_256_256,42409284,256
3538085960,mqpp_4_256_256,43179714,256
3384013920,mqpp_4_256_256,42726713,256
3323609660,mqpp_4_256_256,42909413,256
3626896240,mqpp_4_256_256,43389594,256
3420711740,mqpp_4_256_512,43958606,256
3171924400,mqpp_4_256_512,43276875,256
3350901260,mqpp_4_256_512,43773323,256
3355211320,mqpp_4_256_512,42601250,256
3590144520,mqpp_4_256_512,43640763,256
3542208460,mqpp_4_256_1024,44898457,256
3412778280,mqpp_4_256_1024,44537892,256
3409946760,mqpp_4_256_1024,45421646,256
3533901180,mqpp_4_256_1024,44847353,256
3414895000,mqpp_4_256_1024,43733916,256
4046271080,mqpp_4_512_1,42298981,256
4085515540,mqpp_4_512_1,42021235,256
3930746360,mqpp_4_512_1,41713193,256
3983472620,mqpp_4_512_1,42589049,256
4249714380,mqpp_4_512_1,41735858,256
3944130540,mqpp_4_512_2,42331472,256
3736463140,mqpp_4_512_2,41678350,256
3782311340,mqpp_4_512_2,42123927,256
3915150360,mqpp_4_512_2,42146094,256
3977639240,mqpp_4_512_2,41929206,256
3503078500,mqpp_4_512_4,42322734,256
3633290320,mqpp_4_512_4,41782936,256
3599902460,mqpp_4_512_4,41963939,256
3985450320,mqpp_4_512_4,41643125,256
3720267280,mqpp_4_512_4,42313796,256
3749090620,mqpp_4_512_8,42720561,256
3504218980,mqpp_4_512_8,42567171,256
3659786920,mqpp_4_512_8,42394317,256
3217550960,mqpp_4_512_8,42151816,256
3784685200,mqpp_4_512_8,42972873,256
3790916920,mqpp_4_512_16,43185793,256
3839774660,mqpp_4_512_16,42987715,256
3606285900,mqpp_4_512_16,42756063,256
3381251300,mqpp_4_512_16,42209350,256
3458799080,mqpp_4_512_16,42102428,256
3483030580,mqpp_4_512_32,43977790,256
3675781860,mqpp_4_512_32,43820329,256
3515572760,mqpp_4_512_32,42381585,256
3550125240,mqpp_4_512_32,42858352,256
3653438620,mqpp_4_512_32,43080544,256
3454136960,mqpp_4_512_64,43323471,256
3380728300,mqpp_4_512_64,42437419,256
3450950420,mqpp_4_512_64,42715745,256
3544012960,mqpp_4_512_64,44068020,256
3183425020,mqpp_4_512_64,43500327,256
3192216360,mqpp_4_512_128,42688706,256
3597310940,mqpp_4_512_128,43929019,256
3259431080,mqpp_4_512_128,43650984,256
3485478260,mqpp_4_512_128,44477454,256
3491309800,mqpp_4_512_128,45042340,256
3626707220,mqpp_4_512_256,45935289,256
3525520140,mqpp_4_512_256,44830052,256
3835687860,mqpp_4_512_256,46736077,256
3646455080,mqpp_4_512_256,46647512,256
3448314360,mqpp_4_512_256,43868515,256
3403361240,mqpp_4_512_512,45334898,256
3503720500,mqpp_4_512_512,44787147,256
3615869640,mqpp_4_512_512,46225513,256
3414432600,mqpp_4_512_512,44860439,256
3658430460,mqpp_4_512_512,45309279,256
3699796960,mqpp_4_512_1024,46611862,256
3362870580,mqpp_4_512_1024,45634203,256
3780421300,mqpp_4_512_1024,46799968,256
3521960280,mqpp_4_512_1024,47166233,256
3733751940,mqpp_4_512_1024,49310226,256
4391391460,mqpp_4_1024_1,42563645,256
4137312080,mqpp_4_1024_1,42152582,256
4192027680,mqpp_4_1024_1,43648733,256
4225365060,mqpp_4_1024_1,42678460,256
4078557400,mqpp_4_1024_1,43386518,256
3535534060,mqpp_4_1024_2,42717827,256
3652282960,mqpp_4_1024_2,43036399,256
3817000980,mqpp_4_1024_2,42357424,256
3779426320,mqpp_4_1024_2,42524758,256
3809948640,mqpp_4_1024_2,42748190,256
3743295800,mqpp_4_1024_4,42664202,256
3579146580,mqpp_4_1024_4,44029636,256
3852765180,mqpp_4_1024_4,44591358,256
3722156820,mqpp_4_1024_4,43127871,256
3753764000,mqpp_4_1024_4,42386477,256
3598239340,mqpp_4_1024_8,44585048,256
3644655740,mqpp_4_1024_8,43735384,256
3625151120,mqpp_4_1024_8,44402158,256
3353532760,mqpp_4_1024_8,42852220,256
3639575480,mqpp_4_1024_8,43221704,256
3489188020,mqpp_4_1024_16,43071588,256
3472702320,mqpp_4_1024_16,43782273,256
3550614400,mqpp_4_1024_16,43017779,256
3552781200,mqpp_4_1024_16,43986005,256
3674663780,mqpp_4_1024_16,43975187,256
3433995800,mqpp_4_1024_32,43887433,256
3635797460,mqpp_4_1024_32,45556812,256
3473615140,mqpp_4_1024_32,43655123,256
3546769860,mqpp_4_1024_32,44233340,256
3433925980,mqpp_4_1024_32,43072653,256
3334044220,mqpp_4_1024_64,43898806,256
3328939360,mqpp_4_1024_64,44488687,256
3645312860,mqpp_4_1024_64,45456138,256
3554595380,mqpp_4_1024_64,45173956,256
3526032780,mqpp_4_1024_64,44292967,256
3646534640,mqpp_4_1024_128,46963359,256
3651925560,mqpp_4_1024_128,48602824,256
3625162480,mqpp_4_1024_128,44261512,256
3335373500,mqpp_4_1024_128,44861923,256
3585656600,mqpp_4_1024_128,45291492,256
3510007900,mqpp_4_1024_256,45536320,256
3598320640,mqpp_4_1024_256,45812021,256
3870743920,mqpp_4_1024_256,46520297,256
3641106980,mqpp_4_1024_256,47108385,256
3472892440,mqpp_4_1024_256,47652386,256
3599893880,mqpp_4_1024_512,50053884,256
3677867740,mqpp_4_1024_512,49907168,256
4025581840,mqpp_4_1024_512,54067949,256
3446869760,mqpp_4_1024_512,46609289,256
3533443180,mqpp_4_1024_512,48642152,256
3618260900,mqpp_4_1024_1024,49799274,256
3591774000,mqpp_4_1024_1024,49719696,256
3721513260,mqpp_4_1024_1024,49887362,256
3307159720,mqpp_4_1024_1024,47106478,256
3597507280,mqpp_4_1024_1024,51720916,256
