135023060,mqpp_4_1_1,6554365,256
140807460,mqpp_4_1_1,6551895,256
148147980,mqpp_4_1_1,6556615,256
173471820,mqpp_4_1_1,6557062,256
131483820,mqpp_4_1_1,6555708,256
196375780,mqpp_4_1_2,6706124,256
154506920,mqpp_4_1_2,6687361,256
126691280,mqpp_4_1_2,6696098,256
122773740,mqpp_4_1_2,6685935,256
143409260,mqpp_4_1_2,6696497,256
135310900,mqpp_4_1_4,6831243,256
120256560,mqpp_4_1_4,6831402,256
115408980,mqpp_4_1_4,6839773,256
126513800,mqpp_4_1_4,6853680,256
117229960,mqpp_4_1_4,6833154,256
189042820,mqpp_4_1_8,6991871,256
137390620,mqpp_4_1_8,6966585,256
111503780,mqpp_4_1_8,6977685,256
119625980,mqpp_4_1_8,6989505,256
127317760,mqpp_4_1_8,7000778,256
174764100,mqpp_4_1_16,7125521,256
113015620,mqpp_4_1_16,7111939,256
143137140,mqpp_4_1_16,7098079,256
107318300,mqpp_4_1_16,7113994,256
141872160,mqpp_4_1_16,7117858,256
110185160,mqpp_4_1_32,7206331,256
152023360,mqpp_4_1_32,7201592,256
106097820,mqpp_4_1_32,7179874,256
106139220,mqpp_4_1_32,7197095,256
136442620,mqpp_4_1_32,7215297,256
134451060,mqpp_4_1_64,7265183,256
105796940,mqpp_4_1_64,7268916,256
104329240,mqpp_4_1_64,7266594,256
107113320,mqpp_4_1_64,7270900,256
108833080,mqpp_4_1_64,7279902,256
112364460,mqpp_4_1_128,7324942,256
131759780,mqpp_4_1_128,7305373,256
111640660,mqpp_4_1_128,7320493,256
135666140,mqpp_4_1_128,7293977,256
106883320,mqpp_4_1_128,7323145,256
109035700,mqpp_4_1_256,7334008,256
177821120,mqpp_4_1_256,7345894,256
105411580,mqpp_4_1_256,7305584,256
134327920,mqpp_4_1_256,7343986,256
133073560,mqpp_4_1_256,7342157,256
125324980,mqpp_4_1_512,7314807,256
160172340,mqpp_4_1_512,7335023,256
105500420,mqpp_4_1_512,7310655,256
110953100,mqpp_4_1_512,7338652,256
111953880,mqpp_4_1_512,7336905,256
172974020,mqpp_4_1_1024,7352783,256
134397080,mqpp_4_1_1024,7380680,256
106454140,mqpp_4_1_1024,7323042,256
109344920,mqpp_4_1_1024,7340700,256
109704860,mqpp_4_1_1024,7361957,256
168628800,mqpp_4_2_1,6617274,256
163911160,mqpp_4_2_1,6615361,256
159074900,mqpp_4_2_1,6615268,256
182313940,mqpp_4_2_1,6620546,256
165993180,mqpp_4_2_1,6613490,256
146070000,mqpp_4_2_2,6712647,256
174622780,mqpp_4_2_2,6728246,256
142134880,mqpp_4_2_2,6722358,256
182866560,mqpp_4_2_2,6721467,256
132994780,mqpp_4_2_2,6712493,256
173337040,mqpp_4_2_4,6823097,256
152984280,mqpp_4_2_4,6820332,256
171623340,mqpp_4_2_4,6825130,256
129568180,mqpp_4_2_4,6813863,256
111777380,mqpp_4_2_4,6805033,256
128482960,mqpp_4_2_8,6896141,256
115731900,mqpp_4_2_8,6890764,256
116765040,mqpp_4_2_8,6899683,256
106323240,mqpp_4_2_8,6885760,256
109794840,mqpp_4_2_8,6883219,256
111171000,mqpp_4_2_16,6959891,256
103856300,mqpp_4_2_16,6931492,256
106335620,mqpp_4_2_16,6954892,256
111449700,mqpp_4_2_16,6959227,256
136112920,mqpp_4_2_16,6964416,256
102497820,mqpp_4_2_32,6991605,256
102315400,mqpp_4_2_32,6980588,256
105550880,mqpp_4_2_32,7009310,256
106784680,mqpp_4_2_32,6998456,256
120036720,mqpp_4_2_32,6981160,256
168188420,mqpp_4_2_64,7050537,256
103014040,mqpp_4_2_64,7007131,256
107199200,mqpp_4_2_64,7018916,256
106124100,mqpp_4_2_64,7034519,256
117930460,mqpp_4_2_64,7031794,256
101942340,mqpp_4_2_128,7013628,256
114655660,mqpp_4_2_128,7055974,256
99661780,mqpp_4_2_128,7031312,256
106424480,mqpp_4_2_128,7032797,256
108205860,mqpp_4_2_128,7039208,256
106393700,mqpp_4_2_256,7036669,256
100412700,mqpp_4_2_256,7053173,256
102636700,mqpp_4_2_256,7048398,256
112188100,mqpp_4_2_256,7051792,256
100576820,mqpp_4_2_256,7030475,256
101579960,mqpp_4_2_512,7054903,256
165910340,mqpp_4_2_512,7089599,256
100408720,mqpp_4_2_512,7048961,256
107773860,mqpp_4_2_512,7043420,256
106113640,mqpp_4_2_512,7048670,256
99135920,mqpp_4_2_1024,7044055,256
101734860,mqpp_4_2_1024,7036103,256
118117600,mqpp_4_2_1024,7103961,256
107107300,mqpp_4_2_1024,7059744,256
108628340,mqpp_4_2_1024,7067605,256
175686120,mqpp_4_4_1,6618237,256
209064240,mqpp_4_4_1,6626957,256
199720840,mqpp_4_4_1,6614882,256
194096220,mqpp_4_4_1,6632739,256
157631140,mqpp_4_4_1,6621341,256
227770380,mqpp_4_4_2,6708949,256
135513840,mqpp_4_4_2,6701842,256
159479300,mqpp_4_4_2,6712173,256
174351300,mqpp_4_4_2,6704500,256
185126500,mqpp_4_4_2,6700889,256
126821360,mqpp_4_4_4,6778737,256
116100160,mqpp_4_4_4,6765840,256
121553280,mqpp_4_4_4,6780510,256
125292840,mqpp_4_4_4,6787989,256
125548460,mqpp_4_4_4,6783740,256
125375300,mqpp_4_4_8,6848653,256
111010280,mqpp_4_4_8,6841965,256
109672520,mqpp_4_4_8,6834232,256
122907480,mqpp_4_4_8,6849881,256
142504680,mqpp_4_4_8,6851955,256
109563020,mqpp_4_4_16,6884903,256
108244920,mqpp_4_4_16,6877901,256
113759480,mqpp_4_4_16,6907836,256
105708280,mqpp_4_4_16,6883664,256
119356400,mqpp_4_4_16,6896200,256
104557680,mqpp_4_4_32,6909065,256
105230620,mqpp_4_4_32,6898402,256
110191420,mqpp_4_4_32,6903746,256
107602760,mqpp_4_4_32,6896144,256
115334580,mqpp_4_4_32,6910091,256
102483980,mqpp_4_4_64,6911822,256
106717540,mqpp_4_4_64,6908107,256
106635680,mqpp_4_4_64,6916391,256
101058320,mqpp_4_4_64,6918302,256
107428860,mqpp_4_4_64,6922089,256
109889160,mqpp_4_4_128,6939698,256
110773800,mqpp_4_4_128,6925747,256
99780780,mqpp_4_4_128,6915536,256
102992740,mqpp_4_4_128,6910059,256
106216340,mqpp_4_4_128,6918468,256
108486800,mqpp_4_4_256,6915441,256
108597540,mqpp_4_4_256,6929916,256
103429880,mqpp_4_4_256,6923653,256
104152500,mqpp_4_4_256,6928846,256
108907860,mqpp_4_4_256,6937521,256
105127220,mqpp_4_4_512,6928713,256
103786420,mqpp_4_4_512,6909899,256
101146960,mqpp_4_4_512,6921439,256
102951340,mqpp_4_4_512,6947231,256
103582820,mqpp_4_4_512,6937187,256
101401840,mqpp_4_4_1024,6924690,256
102498220,mqpp_4_4_1024,6915094,256
104005580,mqpp_4_4_1024,6929487,256
113841200,mqpp_4_4_1024,6942800,256
110568660,mqpp_4_4_1024,6935465,256
267721720,mqpp_4_8_1,6636792,256
220727660,mqpp_4_8_1,6636598,256
176302400,mqpp_4_8_1,6626095,256
216407000,mqpp_4_8_1,6629339,256
208699640,mqpp_4_8_1,6622129,256
140837660,mqpp_4_8_2,6697089,256
151741140,mqpp_4_8_2,6707518,256
158113560,mqpp_4_8_2,6707817,256
150327460,mqpp_4_8_2,6696836,256
136504140,mqpp_4_8_2,6700475,256
145490760,mqpp_4_8_4,6782364,256
141677240,mqpp_4_8_4,6769485,256
135405100,mqpp_4_8_4,6756384,256
133753000,mqpp_4_8_4,6766173,256
129606200,mqpp_4_8_4,6760639,256
120053820,mqpp_4_8_8,6814530,256
111298940,mqpp_4_8_8,6816884,256
128770100,mqpp_4_8_8,6833017,256
119371180,mqpp_4_8_8,6812871,256
128192780,mqpp_4_8_8,6815696,256
134118140,mqpp_4_8_16,6859222,256
112894680,mqpp_4_8_16,6857764,256
109993000,mqpp_4_8_16,6844753,256
113887180,mqpp_4_8_16,6846986,256
119446140,mqpp_4_8_16,6857318,256
116959100,mqpp_4_8_32,6884444,256
108634420,mqpp_4_8_32,6865846,256
114832720,mqpp_4_8_32,6890397,256
109400180,mqpp_4_8_32,6880846,256
109503040,mqpp_4_8_32,6858906,256
114022540,mqpp_4_8_64,6881137,256
108686780,mqpp_4_8_64,6887132,256
106671580,mqpp_4_8_64,6873668,256
120549560,mqpp_4_8_64,6913289,256
104454700,mqpp_4_8_64,6880169,256
102964680,mqpp_4_8_128,6879298,256
109536920,mqpp_4_8_128,6891632,256
121570240,mqpp_4_8_128,6903503,256
111135720,mqpp_4_8_128,6887331,256
110226660,mqpp_4_8_128,6902639,256
108665920,mqpp_4_8_256,6876631,256
104928760,mqpp_4_8_256,6880517,256
106971120,mqpp_4_8_256,6883688,256
119050240,mqpp_4_8_256,6902377,256
108679360,mqpp_4_8_256,6876150,256
106775280,mqpp_4_8_512,6906245,256
108802000,mqpp_4_8_512,6902181,256
103971300,mqpp_4_8_512,6881793,256
122676880,mqpp_4_8_512,6922715,256
129423300,mqpp_4_8_512,6937418,256
106864300,mqpp_4_8_1024,6892234,256
104860620,mqpp_4_8_1024,6886164,256
109228120,mqpp_4_8_1024,6901669,256
104300040,mqpp_4_8_1024,6884128,256
105245560,mqpp_4_8_1024,6888263,256
194218940,mqpp_4_16_1,6618046,256
214674220,mqpp_4_16_1,6623287,256
211758360,mqpp_4_16_1,6625517,256
178242420,mqpp_4_16_1,6631486,256
182563300,mqpp_4_16_1,6625858,256
206121320,mqpp_4_16_2,6689868,256
150340660,mqpp_4_16_2,6700088,256
197265440,mqpp_4_16_2,6697865,256
177971680,mqpp_4_16_2,6695119,256
240248440,mqpp_4_16_2,6713607,256
152483560,mqpp_4_16_4,6776644,256
132803740,mqpp_4_16_4,6744766,256
136768580,mqpp_4_16_4,6757859,256
149957380,mqpp_4_16_4,6748113,256
150249100,mqpp_4_16_4,6749827,256
113575520,mqpp_4_16_8,6803205,256
117424180,mqpp_4_16_8,6807801,256
115319300,mqpp_4_16_8,6792183,256
179081400,mqpp_4_16_8,6795321,256
124462960,mqpp_4_16_8,6810745,256
111764760,mqpp_4_16_16,6831664,256
116437240,mqpp_4_16_16,6831713,256
121430660,mqpp_4_16_16,6834694,256
115096020,mqpp_4_16_16,6838649,256
112184460,mqpp_4_16_16,6824666,256
110321120,mqpp_4_16_32,6854062,256
108355920,mqpp_4_16_32,6850159,256
111717120,mqpp_4_16_32,6848935,256
109312740,mqpp_4_16_32,6852643,256
114770560,mqpp_4_16_32,6876010,256
107611660,mqpp_4_16_64,6855826,256
104246180,mqpp_4_16_64,6859358,256
111459420,mqpp_4_16_64,6875951,256
108386000,mqpp_4_16_64,6878608,256
116304700,mqpp_4_16_64,6887088,256
105825300,mqpp_4_16_128,6871700,256
107308200,mqpp_4_16_128,6880149,256
110395760,mqpp_4_16_128,6863754,256
107372680,mqpp_4_16_128,6876630,256
115908960,mqpp_4_16_128,6903504,256
109695020,mqpp_4_16_256,6880510,256
119216540,mqpp_4_16_256,6914094,256
105658720,mqpp_4_16_256,6888636,256
108616060,mqpp_4_16_256,6878648,256
109220260,mqpp_4_16_256,6876552,256
110080220,mqpp_4_16_512,6872740,256
112708920,mqpp_4_16_512,6896163,256
110946860,mqpp_4_16_512,6896668,256
108971640,mqpp_4_16_512,6885494,256
103754040,mqpp_4_16_512,6875177,256
122569540,mqpp_4_16_1024,6915395,256
106769260,mqpp_4_16_1024,6884126,256
111491200,mqpp_4_16_1024,6888251,256
120713420,mqpp_4_16_1024,6912249,256
111343880,mqpp_4_16_1024,6899956,256
167994420,mqpp_4_32_1,6616436,256
187218780,mqpp_4_32_1,6624887,256
251473140,mqpp_4_32_1,6638111,256
181891400,mqpp_4_32_1,6604705,256
209847260,mqpp_4_32_1,6629898,256
152249420,mqpp_4_32_2,6689074,256
156900000,mqpp_4_32_2,6689326,256
179239840,mqpp_4_32_2,6693765,256
149686620,mqpp_4_32_2,6679448,256
143969820,mqpp_4_32_2,6693769,256
125470760,mqpp_4_32_4,6749535,256
129440860,mqpp_4_32_4,6733628,256
130793900,mqpp_4_32_4,6744462,256
126027700,mqpp_4_32_4,6755188,256
125300840,mqpp_4_32_4,6744400,256
121383840,mqpp_4_32_8,6807425,256
115367660,mqpp_4_32_8,6799606,256
128361520,mqpp_4_32_8,6796575,256
128921780,mqpp_4_32_8,6815811,256
128730020,mqpp_4_32_8,6804898,256
115322560,mqpp_4_32_16,6836114,256
117706580,mqpp_4_32_16,6841214,256
116383140,mqpp_4_32_16,6840443,256
121496940,mqpp_4_32_16,6843237,256
112428420,mqpp_4_32_16,6837897,256
107931720,mqpp_4_32_32,6843413,256
110021620,mqpp_4_32_32,6864403,256
118313920,mqpp_4_32_32,6851559,256
108342680,mqpp_4_32_32,6837233,256
109419840,mqpp_4_32_32,6857874,256
108860140,mqpp_4_32_64,6857183,256
110491500,mqpp_4_32_64,6867787,256
113306140,mqpp_4_32_64,6868415,256
108422440,mqpp_4_32_64,6853562,256
108521860,mqpp_4_32_64,6871172,256
113962760,mqpp_4_32_128,6883548,256
105750380,mqpp_4_32_128,6880770,256
109093920,mqpp_4_32_128,6881730,256
105706000,mqpp_4_32_128,6877068,256
108007000,mqpp_4_32_128,6868550,256
111734400,mqpp_4_32_256,6878138,256
106676460,mqpp_4_32_256,6873870,256
107151120,mqpp_4_32_256,6885461,256
106203560,mqpp_4_32_256,6890300,256
105512800,mqpp_4_32_256,6883198,256
107247960,mqpp_4_32_512,6878613,256
108103880,mqpp_4_32_512,6887077,256
111179220,mqpp_4_32_512,6865879,256
109840760,mqpp_4_32_512,6904237,256
115590960,mqpp_4_32_512,6894761,256
119891280,mqpp_4_32_1024,6918751,256
109779120,mqpp_4_32_1024,6897311,256
106876480,mqpp_4_32_1024,6867089,256
104723860,mqpp_4_32_1024,6871269,256
106481860,mqpp_4_32_1024,6888119,256
205937280,mqpp_4_64_1,6627231,256
212976960,mqpp_4_64_1,6641338,256
203240720,mqpp_4_64_1,6623202,256
224597480,mqpp_4_64_1,6620580,256
190796380,mqpp_4_64_1,6640004,256
153571420,mqpp_4_64_2,6682728,256
154226840,mqpp_4_64_2,6691439,256
147167900,mqpp_4_64_2,6677199,256
173547580,mqpp_4_64_2,6702231,256
153365680,mqpp_4_64_2,6691497,256
126471580,mqpp_4_64_4,6750046,256
127550960,mqpp_4_64_4,6740022,256
142653560,mqpp_4_64_4,6760008,256
144915820,mqpp_4_64_4,6749714,256
139303600,mqpp_4_64_4,6749493,256
128024120,mqpp_4_64_8,6802407,256
117055680,mqpp_4_64_8,6791555,256
127535700,mqpp_4_64_8,6809451,256
127128040,mqpp_4_64_8,6809184,256
134975840,mqpp_4_64_8,6802110,256
116816380,mqpp_4_64_16,6838882,256
110978260,mqpp_4_64_16,6830364,256
111467660,mqpp_4_64_16,6834847,256
115609560,mqpp_4_64_16,6810692,256
116411540,mqpp_4_64_16,6831136,256
109310500,mqpp_4_64_32,6843378,256
113524020,mqpp_4_64_32,6849183,256
115239440,mqpp_4_64_32,6848997,256
112671960,mqpp_4_64_32,6862185,256
115642440,mqpp_4_64_32,6871767,256
109935740,mqpp_4_64_64,6863378,256
118885680,mqpp_4_64_64,6893902,256
110162240,mqpp_4_64_64,6864384,256
108343080,mqpp_4_64_64,6858760,256
114344760,mqpp_4_64_64,6884515,256
111217660,mqpp_4_64_128,6881597,256
108701960,mqpp_4_64_128,6869642,256
115972560,mqpp_4_64_128,6900696,256
114054740,mqpp_4_64_128,6874351,256
114009120,mqpp_4_64_128,6879885,256
109649580,mqpp_4_64_256,6884481,256
116299880,mqpp_4_64_256,6895146,256
110198940,mqpp_4_64_256,6902158,256
106750080,mqpp_4_64_256,6868803,256
113839000,mqpp_4_64_256,6886620,256
107410880,mqpp_4_64_512,6921536,256
129150180,mqpp_4_64_512,6883215,256
113362880,mqpp_4_64_512,6888347,256
112773860,mqpp_4_64_512,6904429,256
121386400,mqpp_4_64_512,6901668,256
111963920,mqpp_4_64_1024,6911999,256
126555840,mqpp_4_64_1024,6877313,256
120984580,mqpp_4_64_1024,6925509,256
109087660,mqpp_4_64_1024,6892069,256
111226140,mqpp_4_64_1024,6904253,256
207849760,mqpp_4_128_1,6640333,256
201957800,mqpp_4_128_1,6635264,256
190641760,mqpp_4_128_1,6619936,256
228099140,mqpp_4_128_1,6638734,256
187775000,mqpp_4_128_1,6607199,256
172325560,mqpp_4_128_2,6702133,256
165250860,mqpp_4_128_2,6691042,256
149065240,mqpp_4_128_2,6696391,256
158071160,mqpp_4_128_2,6692630,256
158846720,mqpp_4_128_2,6685475,256
129169400,mqpp_4_128_4,6742370,256
137272140,mqpp_4_128_4,6748844,256
144699760,mqpp_4_128_4,6732518,256
137364620,mqpp_4_128_4,6748101,256
130919400,mqpp_4_128_4,6747564,256
127185520,mqpp_4_128_8,6795096,256
119912300,mqpp_4_128_8,6794651,256
122755040,mqpp_4_128_8,6794487,256
118146560,mqpp_4_128_8,6787377,256
120890920,mqpp_4_128_8,6785417,256
125247240,mqpp_4_128_16,6833135,256
117687520,mqpp_4_128_16,6826139,256
110898660,mqpp_4_128_16,6840273,256
120852480,mqpp_4_128_16,6839149,256
118747760,mqpp_4_128_16,6831281,256
113046840,mqpp_4_128_32,6858587,256
112181680,mqpp_4_128_32,6842455,256
111209000,mqpp_4_128_32,6849933,256
120548080,mqpp_4_128_32,6868872,256
112813740,mqpp_4_128_32,6861796,256
125468360,mqpp_4_128_64,6893412,256
109728420,mqpp_4_128_64,6871450,256
110635200,mqpp_4_128_64,6869427,256
107523760,mqpp_4_128_64,6875305,256
112706980,mqpp_4_128_64,6871424,256
120288200,mqpp_4_128_128,6899084,256
106846060,mqpp_4_128_128,6861370,256
116329160,mqpp_4_128_128,6913347,256
107928040,mqpp_4_128_128,6864556,256
115400660,mqpp_4_128_128,6867098,256
107467300,mqpp_4_128_256,6867479,256
117754500,mqpp_4_128_256,6912356,256
110677080,mqpp_4_128_256,6897086,256
112885200,mqpp_4_128_256,6901955,256
105872180,mqpp_4_128_256,6904061,256
112057900,mqpp_4_128_512,6899258,256
106368260,mqpp_4_128_512,6903683,256
115082000,mqpp_4_128_512,6917463,256
106273740,mqpp_4_128_512,6884888,256
115332320,mqpp_4_128_512,6899680,256
112254940,mqpp_4_128_1024,6892839,256
109149120,mqpp_4_128_1024,6900954,256
117651820,mqpp_4_128_1024,6905059,256
106487960,mqpp_4_128_1024,6878118,256
106548560,mqpp_4_128_1024,6907391,256
205893540,mqpp_4_256_1,6622924,256
187356720,mqpp_4_256_1,6621728,256
205738080,mqpp_4_256_1,6623725,256
205263280,mqpp_4_256_1,6643315,256
214061260,mqpp_4_256_1,6629334,256
162153480,mqpp_4_256_2,6690587,256
156926680,mqpp_4_256_2,6683994,256
166380700,mqpp_4_256_2,6700108,256
154431160,mqpp_4_256_2,6673152,256
156002760,mqpp_4_256_2,6691258,256
132059800,mqpp_4_256_4,6749144,256
132895540,mqpp_4_256_4,6747646,256
124590860,mqpp_4_256_4,6736307,256
150128500,mqpp_4_256_4,6755339,256
135185660,mqpp_4_256_4,6762942,256
121991040,mqpp_4_256_8,6792180,256
118675640,mqpp_4_256_8,6777803,256
126815040,mqpp_4_256_8,6795995,256
123673300,mqpp_4_256_8,6774117,256
123284860,mqpp_4_256_8,6791688,256
117063960,mqpp_4_256_16,6824365,256
111489460,mqpp_4_256_16,6825413,256
124379360,mqpp_4_256_16,6828685,256
120759740,mqpp_4_256_16,6834019,256
111062000,mqpp_4_256_16,6821745,256
129939580,mqpp_4_256_32,6876239,256
122057640,mqpp_4_256_32,6858496,256
110092180,mqpp_4_256_32,6844594,256
112447400,mqpp_4_256_32,6851678,256
108347040,mqpp_4_256_32,6847925,256
106198740,mqpp_4_256_64,6867030,256
112560280,mqpp_4_256_64,6884503,256
112185280,mqpp_4_256_64,6887384,256
111484620,mqpp_4_256_64,6877028,256
112787380,mqpp_4_256_64,6873555,256
119006600,mqpp_4_256_128,6888087,256
107842020,mqpp_4_256_128,6869720,256
111610920,mqpp_4_256_128,6875147,256
111232800,mqpp_4_256_128,6889327,256
116927520,mqpp_4_256_128,6895603,256
105434340,mqpp_4_256_256,6877808,256
108714600,mqpp_4_256_256,6885562,256
111452740,mqpp_4_256_256,6898634,256
145732500,mqpp_4_256_256,6910226,256
106345760,mqpp_4_256_256,6885330,256
107233560,mqpp_4_256_512,6877855,256
117693440,mqpp_4_256_512,6912381,256
111878520,mqpp_4_256_512,6901820,256
107384780,mqpp_4_256_512,6905319,256
106058360,mqpp_4_256_512,6891632,256
110957260,mqpp_4_256_1024,6889795,256
105937060,mqpp_4_256_1024,6883766,256
108462040,mqpp_4_256_1024,6892101,256
118669480,mqpp_4_256_1024,6918270,256
107110080,mqpp_4_256_1024,6882817,256
191704080,mqpp_4_512_1,6635707,256
222253720,mqpp_4_512_1,6617618,256
226968420,mqpp_4_512_1,6618135,256
245532060,mqpp_4_512_1,6647815,256
207977200,mqpp_4_512_1,6624830,256
205874120,mqpp_4_512_2,6685953,256
160948180,mqpp_4_512_2,6685738,256
172525780,mqpp_4_512_2,6683061,256
155205640,mqpp_4_512_2,6690221,256
154099000,mqpp_4_512_2,6683580,256
156081220,mqpp_4_512_4,6757008,256
144682100,mqpp_4_512_4,6744282,256
130651080,mqpp_4_512_4,6726756,256
136246980,mqpp_4_512_4,6755620,256
127939300,mqpp_4_512_4,6745936,256
124251840,mqpp_4_512_8,6803769,256
119645080,mqpp_4_512_8,6792806,256
136586720,mqpp_4_512_8,6785957,256
121193800,mqpp_4_512_8,6776664,256
122175520,mqpp_4_512_8,6801483,256
113349540,mqpp_4_512_16,6833528,256
118236480,mqpp_4_512_16,6847926,256
118534460,mqpp_4_512_16,6838753,256
117097220,mqpp_4_512_16,6826065,256
113092900,mqpp_4_512_16,6837407,256
113427260,mqpp_4_512_32,6844835,256
109146960,mqpp_4_512_32,6847811,256
109719500,mqpp_4_512_32,6848774,256
111318980,mqpp_4_512_32,6857211,256
118442200,mqpp_4_512_32,6849536,256
121260980,mqpp_4_512_64,6860911,256
121507760,mqpp_4_512_64,6861446,256
125941620,mqpp_4_512_64,6894562,256
116992700,mqpp_4_512_64,6880755,256
113384440,mqpp_4_512_64,6862415,256
112734860,mqpp_4_512_128,6887960,256
107248500,mqpp_4_512_128,6865801,256
119475000,mqpp_4_512_128,6898471,256
126077840,mqpp_4_512_128,6907981,256
129454840,mqpp_4_512_128,6899958,256
117133920,mqpp_4_512_256,6917809,256
113731020,mqpp_4_512_256,6887792,256
108916620,mqpp_4_512_256,6901638,256
105948120,mqpp_4_512_256,6879614,256
107910180,mqpp_4_512_256,6909358,256
112157740,mqpp_4_512_512,6905834,256
116219420,mqpp_4_512_512,6913631,256
109749100,mqpp_4_512_512,6909643,256
113293180,mqpp_4_512_512,6894131,256
108160500,mqpp_4_512_512,6889323,256
106202860,mqpp_4_512_1024,6902599,256
106918960,mqpp_4_512_1024,6898007,256
137053480,mqpp_4_512_1024,6892808,256
107867980,mqpp_4_512_1024,6890550,256
108006540,mqpp_4_512_1024,6906778,256
234146440,mqpp_4_1024_1,6641305,256
233800960,mqpp_4_1024_1,6619977,256
219246760,mqpp_4_1024_1,6632540,256
225902860,mqpp_4_1024_1,6627222,256
180655080,mqpp_4_1024_1,6618278,256
212845320,mqpp_4_1024_2,6683331,256
147460400,mqpp_4_1024_2,6678613,256
157777040,mqpp_4_1024_2,6687264,256
152031100,mqpp_4_1024_2,6683195,256
173331560,mqpp_4_1024_2,6702552,256
128386860,mqpp_4_1024_4,6746624,256
129978660,mqpp_4_1024_4,6745638,256
155008200,mqpp_4_1024_4,6761697,256
128221380,mqpp_4_1024_4,6745017,256
131772620,mqpp_4_1024_4,6749863,256
121376680,mqpp_4_1024_8,6795365,256
128119880,mqpp_4_1024_8,6799261,256
122227340,mqpp_4_1024_8,6799172,256
115722800,mqpp_4_1024_8,6782568,256
119521940,mqpp_4_1024_8,6800664,256
113817060,mqpp_4_1024_16,6823171,256
112686980,mqpp_4_1024_16,6830566,256
117539940,mqpp_4_1024_16,6827512,256
117210720,mqpp_4_1024_16,6840189,256
117271340,mqpp_4_1024_16,6828406,256
125452520,mqpp_4_1024_32,6851171,256
112939760,mqpp_4_1024_32,6859637,256
112992660,mqpp_4_1024_32,6856771,256
111081900,mqpp_4_1024_32,6865780,256
115972080,mqpp_4_1024_32,6862764,256
115625860,mqpp_4_1024_64,6878134,256
112849700,mqpp_4_1024_64,6883712,256
108809260,mqpp_4_1024_64,6858497,256
111427380,mqpp_4_1024_64,6864783,256
123482580,mqpp_4_1024_64,6875671,256
121443040,mqpp_4_1024_128,6899942,256
114375480,mqpp_4_1024_128,6898935,256
106516180,mqpp_4_1024_128,6879100,256
113719920,mqpp_4_1024_128,6902848,256
113349540,mqpp_4_1024_128,6875474,256
114943520,mqpp_4_1024_256,6912081,256
108262860,mqpp_4_1024_256,6877885,256
110000200,mqpp_4_1024_256,6917050,256
110929940,mqpp_4_1024_256,6891270,256
116020660,mqpp_4_1024_256,6903501,256
107378500,mqpp_4_1024_512,6874125,256
115802740,mqpp_4_1024_512,6917158,256
116139580,mqpp_4_1024_512,6921482,256
120175800,mqpp_4_1024_512,6921412,256
111834360,mqpp_4_1024_512,6902996,256
110929240,mqpp_4_1024_1024,6901009,256
105033580,mqpp_4_1024_1024,6894994,256
109488920,mqpp_4_1024_1024,6889657,256
111010000,mqpp_4_1024_1024,6890589,256
106512720,mqpp_4_1024_1024,6890619,256
