6043305988,smqhm_8_4,7717149,1
6040817498,smqhm_8_4,7717149,1
6052763098,smqhm_8_4,7717149,1
6041597252,smqhm_8_4,7717149,1
6065998960,smqhm_8_4,7717149,1
3614204622,smqhm_8_4,7742977,2
3633862264,smqhm_8_4,7743734,2
3618372642,smqhm_8_4,7743742,2
3624366320,smqhm_8_4,7743907,2
3616220688,smqhm_8_4,7742938,2
1903643640,smqhm_8_4,7763530,4
1908731868,smqhm_8_4,7764429,4
1906208282,smqhm_8_4,7762081,4
1904468122,smqhm_8_4,7763729,4
1903454708,smqhm_8_4,7762558,4
1014572390,smqhm_8_4,7802832,8
1018840812,smqhm_8_4,7808329,8
1016737916,smqhm_8_4,7805565,8
1016676554,smqhm_8_4,7805635,8
1011501958,smqhm_8_4,7805838,8
583271774,smqhm_8_4,7944367,16
583897348,smqhm_8_4,7945175,16
584472494,smqhm_8_4,7951815,16
586452666,smqhm_8_4,7961414,16
582666752,smqhm_8_4,7936162,16
397014958,smqhm_8_4,8375351,32
399054260,smqhm_8_4,8404177,32
398903580,smqhm_8_4,8395144,32
399147792,smqhm_8_4,8404113,32
397438256,smqhm_8_4,8390071,32
276373102,smqhm_8_4,10327537,64
283915028,smqhm_8_4,10640531,64
275283392,smqhm_8_4,10287484,64
272165116,smqhm_8_4,10078418,64
279150256,smqhm_8_4,10467827,64
212224246,smqhm_8_4,12843623,128
212185704,smqhm_8_4,12805576,128
213869736,smqhm_8_4,12891677,128
214807172,smqhm_8_4,13001629,128
211931592,smqhm_8_4,12844241,128
