13318620642,smqhm_8_4,23947347,1
13324783522,smqhm_8_4,23947347,1
13254148276,smqhm_8_4,23947347,1
13259666828,smqhm_8_4,23947347,1
13270439000,smqhm_8_4,23947347,1
7249606398,smqhm_8_4,23948832,2
7266595316,smqhm_8_4,23948712,2
7251639526,smqhm_8_4,23948757,2
7259778224,smqhm_8_4,23948686,2
7245200556,smqhm_8_4,23948623,2
3733516828,smqhm_8_4,23951483,4
3718940934,smqhm_8_4,23951592,4
3734811622,smqhm_8_4,23951630,4
3734590660,smqhm_8_4,23951332,4
3708226700,smqhm_8_4,23951427,4
2042514632,smqhm_8_4,23956777,8
2015162250,smqhm_8_4,23957051,8
2030744836,smqhm_8_4,23958119,8
2034404572,smqhm_8_4,23957022,8
2019071202,smqhm_8_4,23957443,8
1157495166,smqhm_8_4,23976666,16
1159151230,smqhm_8_4,23973668,16
1157789398,smqhm_8_4,23973141,16
1159659444,smqhm_8_4,23974628,16
1164743310,smqhm_8_4,23974701,16
800990628,smqhm_8_4,24011726,32
801403836,smqhm_8_4,24006970,32
799873300,smqhm_8_4,24005874,32
800533962,smqhm_8_4,24006751,32
800493440,smqhm_8_4,24009297,32
483738170,smqhm_8_4,24124580,64
480890288,smqhm_8_4,24105973,64
481065544,smqhm_8_4,24105975,64
481173248,smqhm_8_4,24105331,64
480974938,smqhm_8_4,24108903,64
296885456,smqhm_8_4,24531982,128
296924690,smqhm_8_4,24530455,128
295601566,smqhm_8_4,24521788,128
295779302,smqhm_8_4,24546219,128
295906758,smqhm_8_4,24552588,128
