158152666046,smqhm_8_4,35016137,1
158215642018,smqhm_8_4,35016137,1
158258767054,smqhm_8_4,35016137,1
158426860868,smqhm_8_4,35016137,1
157815858884,smqhm_8_4,35016137,1
81388113486,smqhm_8_4,35503910,2
81455910906,smqhm_8_4,35532739,2
81143554384,smqhm_8_4,35530801,2
81492102722,smqhm_8_4,35531031,2
81422755504,smqhm_8_4,35553159,2
41914584348,smqhm_8_4,36638690,4
41639493904,smqhm_8_4,36398043,4
41869865372,smqhm_8_4,36635993,4
41891904136,smqhm_8_4,36233008,4
41806296934,smqhm_8_4,36653177,4
21893896908,smqhm_8_4,39126411,8
21876064574,smqhm_8_4,39135904,8
21890916112,smqhm_8_4,38581149,8
21832078498,smqhm_8_4,38400143,8
21987965356,smqhm_8_4,38343241,8
12133554720,smqhm_8_4,40558514,16
12628557004,smqhm_8_4,41166606,16
12384248100,smqhm_8_4,40672537,16
12202682090,smqhm_8_4,41604897,16
12177563446,smqhm_8_4,40992109,16
8496753590,smqhm_8_4,42823929,32
8178622140,smqhm_8_4,42333780,32
8548850460,smqhm_8_4,43112945,32
8162628876,smqhm_8_4,41952833,32
8495117772,smqhm_8_4,43217147,32
6280928928,smqhm_8_4,45473684,64
6430560758,smqhm_8_4,45353711,64
6290093034,smqhm_8_4,45980413,64
6273656582,smqhm_8_4,45487329,64
6506388138,smqhm_8_4,45564143,64
5481486892,smqhm_8_4,53275370,128
4996550430,smqhm_8_4,50946584,128
4677010996,smqhm_8_4,51285503,128
6029438756,smqhm_8_4,52213767,128
4852076092,smqhm_8_4,51199859,128
