3182083412,smqhm_8_4,6262104,1
3195293496,smqhm_8_4,6262104,1
3180046510,smqhm_8_4,6262104,1
3201523050,smqhm_8_4,6262104,1
3184879054,smqhm_8_4,6262104,1
1801241058,smqhm_8_4,6262526,2
1802921702,smqhm_8_4,6262582,2
1809392588,smqhm_8_4,6262544,2
1804319934,smqhm_8_4,6262656,2
1805348054,smqhm_8_4,6262529,2
979120614,smqhm_8_4,6264144,4
978972322,smqhm_8_4,6263978,4
976108020,smqhm_8_4,6264006,4
976803698,smqhm_8_4,6263832,4
977148514,smqhm_8_4,6264030,4
540422126,smqhm_8_4,6268315,8
544769192,smqhm_8_4,6267106,8
544186896,smqhm_8_4,6267699,8
542208942,smqhm_8_4,6267521,8
542427418,smqhm_8_4,6267283,8
305479264,smqhm_8_4,6280958,16
304642954,smqhm_8_4,6280522,16
304461268,smqhm_8_4,6282376,16
306446292,smqhm_8_4,6279569,16
306003376,smqhm_8_4,6279675,16
215300560,smqhm_8_4,6308517,32
214406894,smqhm_8_4,6305525,32
214521306,smqhm_8_4,6304756,32
214528928,smqhm_8_4,6305476,32
214721994,smqhm_8_4,6305938,32
132317128,smqhm_8_4,6398816,64
132569868,smqhm_8_4,6401578,64
132373622,smqhm_8_4,6393347,64
132207338,smqhm_8_4,6392774,64
132253146,smqhm_8_4,6395918,64
86664636,smqhm_8_4,6769475,128
87370008,smqhm_8_4,6786533,128
86529932,smqhm_8_4,6757758,128
87371296,smqhm_8_4,6777865,128
86988848,smqhm_8_4,6798694,128
