15451387822,smqhm_8_4,12524207,1,0
15432480992,smqhm_8_4,12524207,1,0
15453560726,smqhm_8_4,12524207,1,0
15446936194,smqhm_8_4,12524207,1,0
15500730770,smqhm_8_4,12524207,1,0
8896122132,smqhm_8_4,12527582,2,0
8912719662,smqhm_8_4,12527292,2,0
8926048186,smqhm_8_4,12527621,2,0
8849326340,smqhm_8_4,12527447,2,0
8881384540,smqhm_8_4,12527526,2,0
4930054614,smqhm_8_4,12526057,4,0
4930896042,smqhm_8_4,12526307,4,0
4935943258,smqhm_8_4,12526110,4,0
4935109894,smqhm_8_4,12526264,4,0
4923959372,smqhm_8_4,12526015,4,0
3007075448,smqhm_8_4,12527537,8,0
3009384624,smqhm_8_4,12527617,8,0
3012011582,smqhm_8_4,12527800,8,0
3019317694,smqhm_8_4,12527583,8,0
3015651940,smqhm_8_4,12527862,8,0
2129647848,smqhm_8_4,12528742,16,0
2128755060,smqhm_8_4,12528599,16,0
2127776684,smqhm_8_4,12528747,16,0
2137539118,smqhm_8_4,12528909,16,0
2122988414,smqhm_8_4,12528622,16,0
2090572332,smqhm_8_4,12542836,32,0
2090707544,smqhm_8_4,12542192,32,0
2097543312,smqhm_8_4,12543484,32,0
2087681628,smqhm_8_4,12542487,32,0
2093111408,smqhm_8_4,12542599,32,0
2157359080,smqhm_8_4,12549820,64,0
2246996984,smqhm_8_4,12546994,64,0
2155924154,smqhm_8_4,12548829,64,0
2692376716,smqhm_8_4,12551767,64,0
2156119050,smqhm_8_4,12549836,64,0
2640031900,smqhm_8_4,12574446,128,0
2428258190,smqhm_8_4,12570701,128,0
2408163036,smqhm_8_4,12576197,128,0
2314074958,smqhm_8_4,12573078,128,0
2462940692,smqhm_8_4,12572818,128,0
