390875578,mqlp_4_1_1,9148165,128
392629262,mqlp_4_1_1,9179074,128
400042756,mqlp_4_1_1,9163070,128
392098304,mqlp_4_1_1,9160897,128
390036864,mqlp_4_1_1,9165851,128
403384416,mqlp_4_1_2,10346665,128
400721658,mqlp_4_1_2,10342832,128
400897000,mqlp_4_1_2,10323769,128
408324054,mqlp_4_1_2,10354557,128
399586646,mqlp_4_1_2,10351070,128
448196320,mqlp_4_1_4,12458452,128
449989820,mqlp_4_1_4,12500847,128
449664964,mqlp_4_1_4,12512952,128
447570754,mqlp_4_1_4,12438057,128
449567252,mqlp_4_1_4,12476656,128
529482794,mqlp_4_1_8,15526166,128
527181986,mqlp_4_1_8,15513882,128
524998014,mqlp_4_1_8,15393781,128
528485948,mqlp_4_1_8,15505026,128
529255012,mqlp_4_1_8,15487881,128
624520050,mqlp_4_1_16,18946009,128
620312534,mqlp_4_1_16,18854920,128
622321958,mqlp_4_1_16,18923013,128
624178936,mqlp_4_1_16,18986459,128
624715020,mqlp_4_1_16,18914589,128
711600312,mqlp_4_1_32,22135470,128
717600592,mqlp_4_1_32,22273965,128
719247066,mqlp_4_1_32,22195399,128
713623810,mqlp_4_1_32,22173537,128
714672150,mqlp_4_1_32,22148161,128
784126492,mqlp_4_1_64,24748812,128
781327874,mqlp_4_1_64,24618782,128
782352010,mqlp_4_1_64,24600006,128
778528530,mqlp_4_1_64,24412286,128
792159836,mqlp_4_1_64,24866809,128
825784806,mqlp_4_1_128,26171272,128
839799334,mqlp_4_1_128,26615309,128
833027714,mqlp_4_1_128,26409240,128
840940896,mqlp_4_1_128,26474305,128
834119738,mqlp_4_1_128,26453101,128
860049194,mqlp_4_1_256,27309533,128
870566670,mqlp_4_1_256,27705732,128
871277402,mqlp_4_1_256,27740670,128
863481904,mqlp_4_1_256,27447450,128
853834334,mqlp_4_1_256,27174760,128
875470098,mqlp_4_1_512,27794898,128
890375692,mqlp_4_1_512,28266820,128
875675944,mqlp_4_1_512,27823390,128
890048400,mqlp_4_1_512,28284051,128
885211028,mqlp_4_1_512,28160817,128
896329474,mqlp_4_1_1024,28567052,128
877895600,mqlp_4_1_1024,27771464,128
884906088,mqlp_4_1_1024,28249621,128
888280786,mqlp_4_1_1024,28260091,128
888146490,mqlp_4_1_1024,28346906,128
475696270,mqlp_4_2_1,10852649,128
435579698,mqlp_4_2_1,11044712,128
371915072,mqlp_4_2_1,9585946,128
427769880,mqlp_4_2_1,9646077,128
369502694,mqlp_4_2_1,9577125,128
495065782,mqlp_4_2_2,14291603,128
374459654,mqlp_4_2_2,10950010,128
432436256,mqlp_4_2_2,12402708,128
458947722,mqlp_4_2_2,11304535,128
454894070,mqlp_4_2_2,13188621,128
412409888,mqlp_4_2_4,13187555,128
487248624,mqlp_4_2_4,15119437,128
409830206,mqlp_4_2_4,13177151,128
411556266,mqlp_4_2_4,13191967,128
487618744,mqlp_4_2_4,13185776,128
474443704,mqlp_4_2_8,16413340,128
576104240,mqlp_4_2_8,16478972,128
476464992,mqlp_4_2_8,16372668,128
598094952,mqlp_4_2_8,16558762,128
572622510,mqlp_4_2_8,19272249,128
702417938,mqlp_4_2_16,20663493,128
569403348,mqlp_4_2_16,20330266,128
567897874,mqlp_4_2_16,20247194,128
637740728,mqlp_4_2_16,22517155,128
603486832,mqlp_4_2_16,21126830,128
649025090,mqlp_4_2_32,24093528,128
658027968,mqlp_4_2_32,24502865,128
854406630,mqlp_4_2_32,25359158,128
871802178,mqlp_4_2_32,25773448,128
846591368,mqlp_4_2_32,25502505,128
985598864,mqlp_4_2_64,29948971,128
1035129850,mqlp_4_2_64,30618205,128
997996906,mqlp_4_2_64,29412350,128
940799214,mqlp_4_2_64,28695190,128
720782506,mqlp_4_2_64,27226116,128
781433106,mqlp_4_2_128,29654982,128
1105085034,mqlp_4_2_128,33438788,128
1084952232,mqlp_4_2_128,33462913,128
1071391600,mqlp_4_2_128,33061505,128
786561696,mqlp_4_2_128,30148944,128
823684818,mqlp_4_2_256,31660393,128
1147243206,mqlp_4_2_256,35736669,128
1154704688,mqlp_4_2_256,35054332,128
814853908,mqlp_4_2_256,30565448,128
835954270,mqlp_4_2_256,32186844,128
841541144,mqlp_4_2_512,32515279,128
839126218,mqlp_4_2_512,32431597,128
831037146,mqlp_4_2_512,32060208,128
830380878,mqlp_4_2_512,31217010,128
1235314874,mqlp_4_2_512,37156264,128
1244910054,mqlp_4_2_1024,37301521,128
1231271696,mqlp_4_2_1024,38084904,128
1147100786,mqlp_4_2_1024,35888093,128
882326234,mqlp_4_2_1024,34174639,128
875986358,mqlp_4_2_1024,33967133,128
395801716,mqlp_4_4_1,10433983,128
393012946,mqlp_4_4_1,10509030,128
393001910,mqlp_4_4_1,10505994,128
396009634,mqlp_4_4_1,10446991,128
404092328,mqlp_4_4_1,10733078,128
393846846,mqlp_4_4_2,12128525,128
410836850,mqlp_4_4_2,12596329,128
391725598,mqlp_4_4_2,12151718,128
391962560,mqlp_4_4_2,12113482,128
428173950,mqlp_4_4_2,12910991,128
422228064,mqlp_4_4_4,14622630,128
440098572,mqlp_4_4_4,15096833,128
416762256,mqlp_4_4_4,14494154,128
417751338,mqlp_4_4_4,14476583,128
416820802,mqlp_4_4_4,14511951,128
465615504,mqlp_4_4_8,17550603,128
467922510,mqlp_4_4_8,17687998,128
478322458,mqlp_4_4_8,17800334,128
473120000,mqlp_4_4_8,17707851,128
478039710,mqlp_4_4_8,17880417,128
538564442,mqlp_4_4_16,21579144,128
539841352,mqlp_4_4_16,21570020,128
550438514,mqlp_4_4_16,21837689,128
543380890,mqlp_4_4_16,21689401,128
547422114,mqlp_4_4_16,21602807,128
623475592,mqlp_4_4_32,25574222,128
627763130,mqlp_4_4_32,26134357,128
625848654,mqlp_4_4_32,25782823,128
630065706,mqlp_4_4_32,25991393,128
630149880,mqlp_4_4_32,26101862,128
706934822,mqlp_4_4_64,30076147,128
709122836,mqlp_4_4_64,30143439,128
693294444,mqlp_4_4_64,29146701,128
702190816,mqlp_4_4_64,29352815,128
707973402,mqlp_4_4_64,30147202,128
772027436,mqlp_4_4_128,33155691,128
762406438,mqlp_4_4_128,31966181,128
778985160,mqlp_4_4_128,33558815,128
759520572,mqlp_4_4_128,32034911,128
759504752,mqlp_4_4_128,31827506,128
809889394,mqlp_4_4_256,35220528,128
820477276,mqlp_4_4_256,35618097,128
811324648,mqlp_4_4_256,35139833,128
815245606,mqlp_4_4_256,35556393,128
789964152,mqlp_4_4_256,34244870,128
851216194,mqlp_4_4_512,37000926,128
797804998,mqlp_4_4_512,33742512,128
827980682,mqlp_4_4_512,35866133,128
832645384,mqlp_4_4_512,36225891,128
855775926,mqlp_4_4_512,37229711,128
822850468,mqlp_4_4_1024,35543374,128
847151194,mqlp_4_4_1024,36951051,128
820408684,mqlp_4_4_1024,35516053,128
827739920,mqlp_4_4_1024,35588845,128
827164786,mqlp_4_4_1024,36136299,128
471904410,mqlp_4_8_1,12467260,128
473856004,mqlp_4_8_1,12506970,128
469819252,mqlp_4_8_1,12488198,128
484869228,mqlp_4_8_1,12688928,128
472088882,mqlp_4_8_1,12465941,128
453041276,mqlp_4_8_2,14269368,128
456914296,mqlp_4_8_2,14378530,128
451330890,mqlp_4_8_2,14255251,128
452371162,mqlp_4_8_2,14330895,128
485528482,mqlp_4_8_2,14953494,128
470908908,mqlp_4_8_4,16830449,128
464939236,mqlp_4_8_4,16674833,128
465393654,mqlp_4_8_4,16761569,128
522068522,mqlp_4_8_4,18159508,128
465815622,mqlp_4_8_4,16795916,128
574303732,mqlp_4_8_8,22008431,128
507082740,mqlp_4_8_8,20042594,128
506118756,mqlp_4_8_8,19943945,128
500648594,mqlp_4_8_8,19918250,128
516154028,mqlp_4_8_8,20146016,128
571585040,mqlp_4_8_16,23996496,128
605086402,mqlp_4_8_16,24947368,128
575074222,mqlp_4_8_16,23940799,128
613315732,mqlp_4_8_16,25170876,128
568088024,mqlp_4_8_16,23759387,128
660095684,mqlp_4_8_32,28742549,128
650568518,mqlp_4_8_32,28703201,128
657530962,mqlp_4_8_32,29341680,128
647616606,mqlp_4_8_32,28524425,128
651026508,mqlp_4_8_32,28943739,128
724893816,mqlp_4_8_64,32920805,128
727683958,mqlp_4_8_64,33241513,128
737613138,mqlp_4_8_64,33914315,128
737005172,mqlp_4_8_64,33600728,128
728428256,mqlp_4_8_64,32843036,128
799952858,mqlp_4_8_128,36441386,128
805896648,mqlp_4_8_128,37571177,128
825211194,mqlp_4_8_128,38414367,128
820741624,mqlp_4_8_128,38344422,128
804626198,mqlp_4_8_128,37559579,128
874456166,mqlp_4_8_256,41315180,128
863009574,mqlp_4_8_256,40618396,128
861924820,mqlp_4_8_256,40604654,128
871757116,mqlp_4_8_256,41147251,128
835494186,mqlp_4_8_256,38362958,128
853788146,mqlp_4_8_512,39801886,128
869961752,mqlp_4_8_512,40628565,128
903228886,mqlp_4_8_512,42908198,128
849588914,mqlp_4_8_512,39334491,128
903344396,mqlp_4_8_512,42721926,128
869251518,mqlp_4_8_1024,40527936,128
882302768,mqlp_4_8_1024,41366988,128
856327948,mqlp_4_8_1024,40116741,128
862418342,mqlp_4_8_1024,40085607,128
915238428,mqlp_4_8_1024,43377801,128
624882666,mqlp_4_16_1,15463956,128
618986568,mqlp_4_16_1,15468754,128
619634914,mqlp_4_16_1,15446649,128
615194646,mqlp_4_16_1,15462657,128
627901280,mqlp_4_16_1,15516165,128
580709960,mqlp_4_16_2,17567655,128
579019572,mqlp_4_16_2,17484562,128
577353152,mqlp_4_16_2,17567107,128
589034652,mqlp_4_16_2,17734454,128
574940656,mqlp_4_16_2,17380348,128
569213422,mqlp_4_16_4,20188793,128
579033072,mqlp_4_16_4,20229701,128
563118448,mqlp_4_16_4,19931128,128
596546250,mqlp_4_16_4,20499643,128
565838326,mqlp_4_16_4,20105164,128
584300272,mqlp_4_16_8,23147349,128
608988798,mqlp_4_16_8,23532199,128
586416540,mqlp_4_16_8,23361096,128
587189936,mqlp_4_16_8,23409458,128
591889244,mqlp_4_16_8,23403559,128
635463920,mqlp_4_16_16,27365124,128
634826112,mqlp_4_16_16,27410007,128
648271966,mqlp_4_16_16,27366177,128
640221472,mqlp_4_16_16,27722412,128
637325650,mqlp_4_16_16,27659271,128
715461334,mqlp_4_16_32,32431527,128
715462548,mqlp_4_16_32,33215217,128
714213514,mqlp_4_16_32,32893656,128
712346114,mqlp_4_16_32,33001670,128
720581734,mqlp_4_16_32,33283505,128
816717906,mqlp_4_16_64,39237090,128
806167850,mqlp_4_16_64,38322369,128
816069192,mqlp_4_16_64,39085176,128
793381292,mqlp_4_16_64,37412581,128
812491438,mqlp_4_16_64,38872856,128
915353710,mqlp_4_16_128,45002565,128
895957436,mqlp_4_16_128,43853594,128
899556694,mqlp_4_16_128,43809666,128
910566058,mqlp_4_16_128,44744341,128
924365180,mqlp_4_16_128,45581148,128
969817674,mqlp_4_16_256,47989331,128
992436736,mqlp_4_16_256,49478344,128
948822912,mqlp_4_16_256,46672092,128
961206220,mqlp_4_16_256,47159951,128
1006517358,mqlp_4_16_256,50127196,128
985507152,mqlp_4_16_512,49066069,128
1035991402,mqlp_4_16_512,51914652,128
973672328,mqlp_4_16_512,48323533,128
988530356,mqlp_4_16_512,48986456,128
1024670234,mqlp_4_16_512,51121865,128
1028376504,mqlp_4_16_1024,51001915,128
1059607610,mqlp_4_16_1024,53150843,128
1051791522,mqlp_4_16_1024,52603516,128
1010811770,mqlp_4_16_1024,50340135,128
1043736494,mqlp_4_16_1024,52252501,128
645638398,mqlp_4_32_1,14554153,128
691945614,mqlp_4_32_1,14831315,128
646871990,mqlp_4_32_1,14576597,128
662346878,mqlp_4_32_1,14976077,128
646835144,mqlp_4_32_1,14704400,128
658876260,mqlp_4_32_2,18451879,128
654572456,mqlp_4_32_2,18300386,128
661194930,mqlp_4_32_2,18447937,128
661243574,mqlp_4_32_2,18555400,128
665952714,mqlp_4_32_2,18722857,128
679552884,mqlp_4_32_4,22628367,128
677937766,mqlp_4_32_4,22512772,128
672168420,mqlp_4_32_4,22408880,128
677150682,mqlp_4_32_4,22146980,128
687454660,mqlp_4_32_4,22715613,128
696520408,mqlp_4_32_8,26490163,128
699386654,mqlp_4_32_8,26464203,128
696091028,mqlp_4_32_8,26007376,128
693351750,mqlp_4_32_8,26660433,128
688542900,mqlp_4_32_8,26356512,128
733054658,mqlp_4_32_16,30380668,128
716330370,mqlp_4_32_16,30452284,128
742506980,mqlp_4_32_16,30921887,128
720709466,mqlp_4_32_16,30576073,128
725009758,mqlp_4_32_16,30426552,128
786080558,mqlp_4_32_32,36092881,128
791528128,mqlp_4_32_32,36306039,128
783037154,mqlp_4_32_32,35652534,128
786374898,mqlp_4_32_32,36061146,128
782155322,mqlp_4_32_32,35458319,128
887305846,mqlp_4_32_64,42948832,128
876184670,mqlp_4_32_64,42197590,128
874337334,mqlp_4_32_64,42205155,128
875105644,mqlp_4_32_64,42319626,128
883898288,mqlp_4_32_64,42236959,128
1027536454,mqlp_4_32_128,51943754,128
1008080388,mqlp_4_32_128,50999169,128
1012199376,mqlp_4_32_128,50134174,128
1005334408,mqlp_4_32_128,50652552,128
1019869120,mqlp_4_32_128,51711272,128
1072039918,mqlp_4_32_256,54529600,128
1147901954,mqlp_4_32_256,59375866,128
1095665696,mqlp_4_32_256,56420973,128
1154801582,mqlp_4_32_256,59767548,128
1084352352,mqlp_4_32_256,55284991,128
1201465142,mqlp_4_32_512,62502702,128
1233001640,mqlp_4_32_512,64661124,128
1151991796,mqlp_4_32_512,59481320,128
1257770558,mqlp_4_32_512,65917090,128
1263199650,mqlp_4_32_512,66150679,128
1227246768,mqlp_4_32_1024,64027863,128
1295557412,mqlp_4_32_1024,68121163,128
1213795552,mqlp_4_32_1024,63047764,128
1315906610,mqlp_4_32_1024,68998738,128
1323791864,mqlp_4_32_1024,69739859,128
494398160,mqlp_4_64_1,10391711,128
530919932,mqlp_4_64_1,10395174,128
492075546,mqlp_4_64_1,10479826,128
498591232,mqlp_4_64_1,10399884,128
508479208,mqlp_4_64_1,10408772,128
472604650,mqlp_4_64_2,10631503,128
504516062,mqlp_4_64_2,10690720,128
472876666,mqlp_4_64_2,10595277,128
466712834,mqlp_4_64_2,10599229,128
489654586,mqlp_4_64_2,10579254,128
495820090,mqlp_4_64_4,12078867,128
488197876,mqlp_4_64_4,12086985,128
459721202,mqlp_4_64_4,11223062,128
508109180,mqlp_4_64_4,12887285,128
455520812,mqlp_4_64_4,10910845,128
545718596,mqlp_4_64_8,15971118,128
542972560,mqlp_4_64_8,16199654,128
580707154,mqlp_4_64_8,16939154,128
579150344,mqlp_4_64_8,17119634,128
548326290,mqlp_4_64_8,16224155,128
606223970,mqlp_4_64_16,21261127,128
609580012,mqlp_4_64_16,21220858,128
602048690,mqlp_4_64_16,20771469,128
597426636,mqlp_4_64_16,20518130,128
593818888,mqlp_4_64_16,20728654,128
632906884,mqlp_4_64_32,24928890,128
631065394,mqlp_4_64_32,24224598,128
627706636,mqlp_4_64_32,24494626,128
618773090,mqlp_4_64_32,24043113,128
638868204,mqlp_4_64_32,25280160,128
773250112,mqlp_4_64_64,34846759,128
722088630,mqlp_4_64_64,32069270,128
789195472,mqlp_4_64_64,35673744,128
815157236,mqlp_4_64_64,36757884,128
724546864,mqlp_4_64_64,32211109,128
1070985086,mqlp_4_64_128,53899934,128
982508328,mqlp_4_64_128,48739049,128
1047869930,mqlp_4_64_128,52646140,128
992569002,mqlp_4_64_128,49549206,128
985018448,mqlp_4_64_128,49225971,128
1184896486,mqlp_4_64_256,62097061,128
1154374196,mqlp_4_64_256,59991518,128
1217961430,mqlp_4_64_256,64045461,128
1186420714,mqlp_4_64_256,61890984,128
1197726650,mqlp_4_64_256,62463277,128
1370981392,mqlp_4_64_512,73606542,128
1263366376,mqlp_4_64_512,67061577,128
1332973998,mqlp_4_64_512,71227398,128
1339843666,mqlp_4_64_512,71845648,128
1331037758,mqlp_4_64_512,71442154,128
1482140654,mqlp_4_64_1024,80272532,128
1507671016,mqlp_4_64_1024,81847649,128
1517478406,mqlp_4_64_1024,82393111,128
1522620566,mqlp_4_64_1024,82813736,128
1404342378,mqlp_4_64_1024,76007376,128
498714136,mqlp_4_128_1,10610029,128
506457588,mqlp_4_128_1,10640076,128
512085498,mqlp_4_128_1,10597389,128
567240092,mqlp_4_128_1,10530609,128
523449102,mqlp_4_128_1,10572679,128
473160624,mqlp_4_128_2,10745729,128
463239536,mqlp_4_128_2,10645207,128
484617778,mqlp_4_128_2,10740814,128
486301080,mqlp_4_128_2,10801910,128
476989728,mqlp_4_128_2,10678176,128
462678538,mqlp_4_128_4,10826468,128
476041170,mqlp_4_128_4,10852688,128
486594838,mqlp_4_128_4,10878760,128
464986226,mqlp_4_128_4,10876714,128
466388176,mqlp_4_128_4,10834431,128
456797924,mqlp_4_128_8,11113172,128
455663642,mqlp_4_128_8,11171432,128
452189316,mqlp_4_128_8,11226470,128
481968380,mqlp_4_128_8,11104135,128
455053590,mqlp_4_128_8,11126297,128
438856018,mqlp_4_128_16,11547398,128
436918844,mqlp_4_128_16,11555312,128
468379692,mqlp_4_128_16,11521047,128
442103066,mqlp_4_128_16,11611671,128
464572200,mqlp_4_128_16,11629479,128
418631034,mqlp_4_128_32,12368396,128
436644164,mqlp_4_128_32,12388183,128
419994340,mqlp_4_128_32,12369390,128
416804122,mqlp_4_128_32,12382784,128
420748454,mqlp_4_128_32,12376262,128
401912384,mqlp_4_128_64,13935054,128
402782198,mqlp_4_128_64,13893302,128
397700084,mqlp_4_128_64,13712551,128
397557118,mqlp_4_128_64,13713467,128
399501250,mqlp_4_128_64,13851800,128
369717152,mqlp_4_128_128,15879749,128
374088260,mqlp_4_128_128,16099755,128
371629092,mqlp_4_128_128,15934783,128
374182118,mqlp_4_128_128,16004841,128
380873678,mqlp_4_128_128,16227148,128
356750052,mqlp_4_128_256,18952077,128
364273758,mqlp_4_128_256,19252735,128
369786600,mqlp_4_128_256,19785271,128
370939894,mqlp_4_128_256,18849953,128
359324810,mqlp_4_128_256,19140717,128
517285992,mqlp_4_128_512,30190975,128
599694064,mqlp_4_128_512,34512461,128
607081780,mqlp_4_128_512,34900887,128
556404240,mqlp_4_128_512,32203993,128
577721200,mqlp_4_128_512,33154264,128
1135882060,mqlp_4_128_1024,64789264,128
1243426466,mqlp_4_128_1024,70031099,128
1301361316,mqlp_4_128_1024,73289505,128
1128492656,mqlp_4_128_1024,64265779,128
998171806,mqlp_4_128_1024,57222883,128
549988122,mqlp_4_256_1,10599861,128
519878460,mqlp_4_256_1,10609368,128
527944908,mqlp_4_256_1,10825212,128
511130662,mqlp_4_256_1,10653640,128
515287350,mqlp_4_256_1,10620642,128
473476094,mqlp_4_256_2,10775341,128
469298826,mqlp_4_256_2,10767453,128
487102606,mqlp_4_256_2,10711800,128
469483270,mqlp_4_256_2,10792617,128
479282942,mqlp_4_256_2,10800785,128
472680118,mqlp_4_256_4,10971458,128
463106812,mqlp_4_256_4,10948979,128
457205846,mqlp_4_256_4,10984304,128
466996324,mqlp_4_256_4,11041333,128
460816128,mqlp_4_256_4,10910097,128
484824996,mqlp_4_256_8,11126094,128
456467626,mqlp_4_256_8,11234566,128
451300214,mqlp_4_256_8,11211785,128
454100652,mqlp_4_256_8,11236073,128
460148296,mqlp_4_256_8,11246773,128
472554548,mqlp_4_256_16,11740846,128
443090736,mqlp_4_256_16,11696137,128
475458686,mqlp_4_256_16,11635623,128
442579664,mqlp_4_256_16,11655361,128
439098594,mqlp_4_256_16,11695056,128
425203256,mqlp_4_256_32,12541994,128
421806504,mqlp_4_256_32,12512650,128
431106726,mqlp_4_256_32,12574847,128
428260976,mqlp_4_256_32,12579858,128
422603500,mqlp_4_256_32,12479229,128
400139778,mqlp_4_256_64,13947388,128
401936036,mqlp_4_256_64,14024868,128
422776950,mqlp_4_256_64,13856245,128
397251780,mqlp_4_256_64,13820683,128
413872012,mqlp_4_256_64,14160238,128
374944166,mqlp_4_256_128,16141660,128
385278970,mqlp_4_256_128,16212829,128
387445364,mqlp_4_256_128,16169631,128
377244674,mqlp_4_256_128,16119419,128
378967546,mqlp_4_256_128,16276302,128
359011670,mqlp_4_256_256,19311880,128
357939892,mqlp_4_256_256,19264199,128
362487634,mqlp_4_256_256,19530165,128
358302736,mqlp_4_256_256,19490325,128
367469292,mqlp_4_256_256,20244377,128
362079590,mqlp_4_256_512,24252635,128
359044680,mqlp_4_256_512,24036713,128
368100082,mqlp_4_256_512,24263244,128
361544148,mqlp_4_256_512,23640774,128
359330710,mqlp_4_256_512,23518011,128
400873284,mqlp_4_256_1024,30592712,128
402101114,mqlp_4_256_1024,30087849,128
378352974,mqlp_4_256_1024,29040580,128
390199284,mqlp_4_256_1024,29586317,128
389950804,mqlp_4_256_1024,29650089,128
506234300,mqlp_4_512_1,10679282,128
517695528,mqlp_4_512_1,10637947,128
499720034,mqlp_4_512_1,10555516,128
522120278,mqlp_4_512_1,10629511,128
512212570,mqlp_4_512_1,10564122,128
474973396,mqlp_4_512_2,10712881,128
477249614,mqlp_4_512_2,10771910,128
494104966,mqlp_4_512_2,10900103,128
485034346,mqlp_4_512_2,10889840,128
482603736,mqlp_4_512_2,10782015,128
486363898,mqlp_4_512_4,10964542,128
472823764,mqlp_4_512_4,10933345,128
474024982,mqlp_4_512_4,10998825,128
468723160,mqlp_4_512_4,10956351,128
467897608,mqlp_4_512_4,10932800,128
453668318,mqlp_4_512_8,11273918,128
453277500,mqlp_4_512_8,11169241,128
457976048,mqlp_4_512_8,11333400,128
446487362,mqlp_4_512_8,11166190,128
452860104,mqlp_4_512_8,11175197,128
447688404,mqlp_4_512_16,11783772,128
445091024,mqlp_4_512_16,11731050,128
441804466,mqlp_4_512_16,11820896,128
439172678,mqlp_4_512_16,11686120,128
443431234,mqlp_4_512_16,11712072,128
420268288,mqlp_4_512_32,12526247,128
437251772,mqlp_4_512_32,12634576,128
427577762,mqlp_4_512_32,12527261,128
421108270,mqlp_4_512_32,12507559,128
426419080,mqlp_4_512_32,12712244,128
399115702,mqlp_4_512_64,13881633,128
410869418,mqlp_4_512_64,14119103,128
403382664,mqlp_4_512_64,13985522,128
399317752,mqlp_4_512_64,13949598,128
405718452,mqlp_4_512_64,13881232,128
375564202,mqlp_4_512_128,16122106,128
375763052,mqlp_4_512_128,16085209,128
375422044,mqlp_4_512_128,16178946,128
378420166,mqlp_4_512_128,16076866,128
376864326,mqlp_4_512_128,16343565,128
362144906,mqlp_4_512_256,19882083,128
365475316,mqlp_4_512_256,19253932,128
365606622,mqlp_4_512_256,19531094,128
357450142,mqlp_4_512_256,19405130,128
361226304,mqlp_4_512_256,19494965,128
364069344,mqlp_4_512_512,24357394,128
363278976,mqlp_4_512_512,23501083,128
362622824,mqlp_4_512_512,24377301,128
369161618,mqlp_4_512_512,24192199,128
379381228,mqlp_4_512_512,24087208,128
417147932,mqlp_4_512_1024,32183717,128
394418720,mqlp_4_512_1024,30802497,128
400798868,mqlp_4_512_1024,30244520,128
386494890,mqlp_4_512_1024,29589303,128
397007716,mqlp_4_512_1024,30175603,128
496787656,mqlp_4_1024_1,10600848,128
509724726,mqlp_4_1024_1,10600662,128
514080654,mqlp_4_1024_1,10589040,128
509028606,mqlp_4_1024_1,10587532,128
507785960,mqlp_4_1024_1,10569195,128
514788502,mqlp_4_1024_2,10721645,128
482749952,mqlp_4_1024_2,10776958,128
472577288,mqlp_4_1024_2,10854046,128
477411238,mqlp_4_1024_2,10695720,128
481289830,mqlp_4_1024_2,10853277,128
483208674,mqlp_4_1024_4,11095480,128
466832022,mqlp_4_1024_4,11072346,128
460446974,mqlp_4_1024_4,11020031,128
525818268,mqlp_4_1024_4,11123872,128
462417932,mqlp_4_1024_4,10967244,128
453859484,mqlp_4_1024_8,11217429,128
471463516,mqlp_4_1024_8,11155721,128
464173512,mqlp_4_1024_8,11232416,128
455270732,mqlp_4_1024_8,11228898,128
453654128,mqlp_4_1024_8,11201047,128
435508452,mqlp_4_1024_16,11611919,128
440398054,mqlp_4_1024_16,11673230,128
438053052,mqlp_4_1024_16,11648689,128
437265428,mqlp_4_1024_16,11627960,128
447067294,mqlp_4_1024_16,11655307,128
429005850,mqlp_4_1024_32,12534223,128
428714110,mqlp_4_1024_32,12638537,128
422691912,mqlp_4_1024_32,12693448,128
420395946,mqlp_4_1024_32,12504075,128
421803990,mqlp_4_1024_32,12422231,128
398759446,mqlp_4_1024_64,13856563,128
399843682,mqlp_4_1024_64,13948137,128
406429740,mqlp_4_1024_64,14122506,128
399410448,mqlp_4_1024_64,13908295,128
405917698,mqlp_4_1024_64,14010223,128
377348232,mqlp_4_1024_128,16259600,128
376254432,mqlp_4_1024_128,16147834,128
379747762,mqlp_4_1024_128,16382096,128
383540966,mqlp_4_1024_128,16586736,128
382200280,mqlp_4_1024_128,16105916,128
363657816,mqlp_4_1024_256,19547052,128
370233456,mqlp_4_1024_256,20444107,128
359885768,mqlp_4_1024_256,19400975,128
358138382,mqlp_4_1024_256,19287783,128
362884364,mqlp_4_1024_256,19638100,128
363342424,mqlp_4_1024_512,24271509,128
362353840,mqlp_4_1024_512,23949326,128
368281360,mqlp_4_1024_512,24726243,128
366840210,mqlp_4_1024_512,23891638,128
363033222,mqlp_4_1024_512,23771609,128
402840102,mqlp_4_1024_1024,32011993,128
413458752,mqlp_4_1024_1024,32143139,128
423136620,mqlp_4_1024_1024,31214711,128
405335750,mqlp_4_1024_1024,31612174,128
417768726,mqlp_4_1024_1024,32450239,128
