1367381308,mqlp_4_1_1,31671156,128
1369363458,mqlp_4_1_1,31695260,128
1376499836,mqlp_4_1_1,31668246,128
1367070518,mqlp_4_1_1,31688752,128
1369809008,mqlp_4_1_1,31727124,128
1311101136,mqlp_4_1_2,33873096,128
1310282778,mqlp_4_1_2,33888933,128
1312499786,mqlp_4_1_2,33911161,128
1307390364,mqlp_4_1_2,33888752,128
1317805902,mqlp_4_1_2,33953337,128
1390448574,mqlp_4_1_4,38619190,128
1385583450,mqlp_4_1_4,38547325,128
1401687674,mqlp_4_1_4,38462399,128
1387148156,mqlp_4_1_4,38510818,128
1392486522,mqlp_4_1_4,38679648,128
1560518900,mqlp_4_1_8,45730388,128
1563291816,mqlp_4_1_8,45766108,128
1562950236,mqlp_4_1_8,45671451,128
1573781572,mqlp_4_1_8,45840827,128
1559894982,mqlp_4_1_8,45684980,128
1804381112,mqlp_4_1_16,54752243,128
1818108344,mqlp_4_1_16,54562350,128
1806949486,mqlp_4_1_16,54788051,128
1807002742,mqlp_4_1_16,54794421,128
1805767010,mqlp_4_1_16,54822876,128
2175453628,mqlp_4_1_32,63771546,128
2088875610,mqlp_4_1_32,63741591,128
2059233880,mqlp_4_1_32,63836737,128
2133523188,mqlp_4_1_32,63521727,128
2064583864,mqlp_4_1_32,63978997,128
2277334140,mqlp_4_1_64,71405868,128
2264054604,mqlp_4_1_64,71119494,128
2260413100,mqlp_4_1_64,70968737,128
2270445034,mqlp_4_1_64,71259374,128
2263018854,mqlp_4_1_64,71013446,128
2410905614,mqlp_4_1_128,76185732,128
2406416652,mqlp_4_1_128,76152361,128
2405868098,mqlp_4_1_128,75916824,128
2413405094,mqlp_4_1_128,76264988,128
2409907402,mqlp_4_1_128,76163485,128
2479062418,mqlp_4_1_256,78759044,128
2493053732,mqlp_4_1_256,78999358,128
2488187662,mqlp_4_1_256,78944050,128
2515459404,mqlp_4_1_256,79393763,128
2506362868,mqlp_4_1_256,79448205,128
2535660192,mqlp_4_1_512,80657917,128
2564686542,mqlp_4_1_512,81004468,128
2536337584,mqlp_4_1_512,80539385,128
2547858802,mqlp_4_1_512,80809428,128
2540471744,mqlp_4_1_512,80493763,128
2575681016,mqlp_4_1_1024,81937157,128
2563861390,mqlp_4_1_1024,81370073,128
2555205480,mqlp_4_1_1024,81271738,128
2560243464,mqlp_4_1_1024,81291636,128
2564802522,mqlp_4_1_1024,81583639,128
1331596670,mqlp_4_2_1,34211965,128
1434046744,mqlp_4_2_1,32880440,128
1530123676,mqlp_4_2_1,34489216,128
1430366014,mqlp_4_2_1,32289473,128
1424583602,mqlp_4_2_1,32311027,128
1428309950,mqlp_4_2_2,35878881,128
1234601224,mqlp_4_2_2,36041013,128
1451579232,mqlp_4_2_2,36872093,128
1275578520,mqlp_4_2_2,37415225,128
1181741186,mqlp_4_2_2,34876732,128
1236688660,mqlp_4_2_4,39826360,128
1472022742,mqlp_4_2_4,39858096,128
1487264088,mqlp_4_2_4,39848516,128
1458566746,mqlp_4_2_4,39817176,128
1242708688,mqlp_4_2_4,40011424,128
1664195852,mqlp_4_2_8,56725297,128
1684969090,mqlp_4_2_8,48203621,128
1393438604,mqlp_4_2_8,47771416,128
1372064232,mqlp_4_2_8,47298442,128
1448258886,mqlp_4_2_8,49416395,128
2061418442,mqlp_4_2_16,59230368,128
2005958528,mqlp_4_2_16,59046111,128
1777053400,mqlp_4_2_16,63210115,128
2076974268,mqlp_4_2_16,59285603,128
1850278692,mqlp_4_2_16,65876108,128
2475107724,mqlp_4_2_32,72990532,128
2421761638,mqlp_4_2_32,72812698,128
2423829066,mqlp_4_2_32,73253274,128
2493160854,mqlp_4_2_32,72857189,128
2460337942,mqlp_4_2_32,73036203,128
2783752544,mqlp_4_2_64,86035558,128
2820834282,mqlp_4_2_64,86017154,128
2110816888,mqlp_4_2_64,79323320,128
2865680458,mqlp_4_2_64,85900717,128
2125955524,mqlp_4_2_64,80544727,128
2434402584,mqlp_4_2_128,88457047,128
3105574974,mqlp_4_2_128,96695048,128
2269796908,mqlp_4_2_128,86994764,128
2309367886,mqlp_4_2_128,88654430,128
2312062812,mqlp_4_2_128,88863297,128
3373033132,mqlp_4_2_256,104367768,128
3375191200,mqlp_4_2_256,101710455,128
3264990798,mqlp_4_2_256,101345009,128
3488224036,mqlp_4_2_256,105834714,128
3310779554,mqlp_4_2_256,101788332,128
3509740610,mqlp_4_2_512,109432211,128
3564719596,mqlp_4_2_512,109607213,128
2422298304,mqlp_4_2_512,92828735,128
3329167134,mqlp_4_2_512,103398398,128
3497208516,mqlp_4_2_512,108440199,128
2546539172,mqlp_4_2_1024,98597353,128
3493391474,mqlp_4_2_1024,109249893,128
3477999876,mqlp_4_2_1024,108775021,128
3587677102,mqlp_4_2_1024,111002797,128
3515328802,mqlp_4_2_1024,109094043,128
1260740668,mqlp_4_4_1,33554108,128
1256076376,mqlp_4_4_1,33875527,128
1304113642,mqlp_4_4_1,34904153,128
1299508732,mqlp_4_4_1,34954246,128
1274084240,mqlp_4_4_1,34217248,128
1322329628,mqlp_4_4_2,41062278,128
1190824134,mqlp_4_4_2,37028029,128
1201491656,mqlp_4_4_2,37557093,128
1209904606,mqlp_4_4_2,37786288,128
1233338916,mqlp_4_4_2,38511867,128
1206278282,mqlp_4_4_4,42179213,128
1372273110,mqlp_4_4_4,47495244,128
1211418974,mqlp_4_4_4,42273736,128
1209291852,mqlp_4_4_4,42325007,128
1210572790,mqlp_4_4_4,42354228,128
1331555326,mqlp_4_4_8,50405772,128
1333260004,mqlp_4_4_8,50465247,128
1376787718,mqlp_4_4_8,51610674,128
1337769414,mqlp_4_4_8,50542339,128
1572503834,mqlp_4_4_8,58836971,128
1687336218,mqlp_4_4_16,66895330,128
1637441170,mqlp_4_4_16,64970236,128
1545615734,mqlp_4_4_16,61720531,128
1541419058,mqlp_4_4_16,61753192,128
1531012094,mqlp_4_4_16,61403251,128
1864943916,mqlp_4_4_32,76535273,128
1834444276,mqlp_4_4_32,75661590,128
1782626528,mqlp_4_4_32,74276948,128
1799426542,mqlp_4_4_32,74691733,128
1924861618,mqlp_4_4_32,78688631,128
2043705184,mqlp_4_4_64,85957733,128
2051138326,mqlp_4_4_64,87525545,128
2023722584,mqlp_4_4_64,85716706,128
2044294156,mqlp_4_4_64,87307013,128
2067785736,mqlp_4_4_64,86936988,128
2256237118,mqlp_4_4_128,97494238,128
2213613026,mqlp_4_4_128,95123688,128
2231889386,mqlp_4_4_128,96231501,128
2212179394,mqlp_4_4_128,94106511,128
2276976362,mqlp_4_4_128,98318910,128
2342719036,mqlp_4_4_256,101902315,128
2352295530,mqlp_4_4_256,102434146,128
2287977650,mqlp_4_4_256,98747114,128
2390942376,mqlp_4_4_256,103975521,128
2399097804,mqlp_4_4_256,104892481,128
2470699310,mqlp_4_4_512,107766190,128
2471163072,mqlp_4_4_512,107796268,128
2454382932,mqlp_4_4_512,106969225,128
2430654434,mqlp_4_4_512,105685031,128
2462566114,mqlp_4_4_512,107362020,128
2444691104,mqlp_4_4_1024,106298382,128
2446356756,mqlp_4_4_1024,106673086,128
2394981118,mqlp_4_4_1024,103909751,128
2517039346,mqlp_4_4_1024,109911694,128
2403417316,mqlp_4_4_1024,104478985,128
1430005534,mqlp_4_8_1,38023795,128
1381438650,mqlp_4_8_1,37119823,128
1394995748,mqlp_4_8_1,37364073,128
1405682098,mqlp_4_8_1,37154041,128
1396244096,mqlp_4_8_1,37396489,128
1326386030,mqlp_4_8_2,42126218,128
1330745770,mqlp_4_8_2,42223988,128
1352026524,mqlp_4_8_2,42801015,128
1319676432,mqlp_4_8_2,41860212,128
1318977926,mqlp_4_8_2,41883357,128
1309762414,mqlp_4_8_4,47520181,128
1306753652,mqlp_4_8_4,47467731,128
1308775918,mqlp_4_8_4,47459006,128
1305342628,mqlp_4_8_4,47406519,128
1307917198,mqlp_4_8_4,47453305,128
1420507912,mqlp_4_8_8,56477640,128
1448139238,mqlp_4_8_8,57287488,128
1477526342,mqlp_4_8_8,57948739,128
1405697744,mqlp_4_8_8,56105153,128
1410248286,mqlp_4_8_8,56001756,128
1606914930,mqlp_4_8_16,68240459,128
1710008908,mqlp_4_8_16,71851686,128
1601732736,mqlp_4_8_16,68199778,128
1587164896,mqlp_4_8_16,67682298,128
1594709132,mqlp_4_8_16,68167718,128
1846854220,mqlp_4_8_32,82511200,128
1865128124,mqlp_4_8_32,83446097,128
1943389268,mqlp_4_8_32,82861764,128
1883089618,mqlp_4_8_32,82752324,128
1838076260,mqlp_4_8_32,82483834,128
2123538528,mqlp_4_8_64,97958481,128
2153724510,mqlp_4_8_64,98892043,128
2131502728,mqlp_4_8_64,98643817,128
2098957542,mqlp_4_8_64,96572250,128
2114857232,mqlp_4_8_64,97544248,128
2327190212,mqlp_4_8_128,108119672,128
2388993454,mqlp_4_8_128,112418578,128
2396102090,mqlp_4_8_128,112767935,128
2329781600,mqlp_4_8_128,108049923,128
2340234606,mqlp_4_8_128,109845112,128
2454288122,mqlp_4_8_256,115166742,128
2450569832,mqlp_4_8_256,115091412,128
2453135974,mqlp_4_8_256,115261953,128
2565973774,mqlp_4_8_256,122040103,128
2475088488,mqlp_4_8_256,116341274,128
2524236390,mqlp_4_8_512,119248522,128
2680392410,mqlp_4_8_512,127983571,128
2698954748,mqlp_4_8_512,129093019,128
2545413116,mqlp_4_8_512,119968875,128
2705889478,mqlp_4_8_512,128764327,128
2739805328,mqlp_4_8_1024,131355643,128
2720110560,mqlp_4_8_1024,130061551,128
2740905036,mqlp_4_8_1024,131515036,128
2763443376,mqlp_4_8_1024,132315446,128
2745355546,mqlp_4_8_1024,131482780,128
1744429178,mqlp_4_16_1,44564127,128
1747675170,mqlp_4_16_1,44469641,128
1743605370,mqlp_4_16_1,44608671,128
1736387188,mqlp_4_16_1,44555850,128
1771009048,mqlp_4_16_1,44622009,128
1604270358,mqlp_4_16_2,49919402,128
1609507396,mqlp_4_16_2,49923346,128
1600369844,mqlp_4_16_2,49727172,128
1605704130,mqlp_4_16_2,49909568,128
1627704168,mqlp_4_16_2,50153844,128
1621602046,mqlp_4_16_4,57795639,128
1563554954,mqlp_4_16_4,56521093,128
1566217172,mqlp_4_16_4,56452499,128
1584177314,mqlp_4_16_4,56628254,128
1609855060,mqlp_4_16_4,57387856,128
1702161626,mqlp_4_16_8,67707061,128
1618308462,mqlp_4_16_8,65658396,128
1629671632,mqlp_4_16_8,65871407,128
1681539926,mqlp_4_16_8,67063258,128
1651658134,mqlp_4_16_8,66279447,128
1782790508,mqlp_4_16_16,78486146,128
1782998544,mqlp_4_16_16,78546271,128
1791930596,mqlp_4_16_16,78834675,128
1793878708,mqlp_4_16_16,78655666,128
1796554712,mqlp_4_16_16,78115495,128
2077304168,mqlp_4_16_32,96003424,128
2048618314,mqlp_4_16_32,95914557,128
2041742068,mqlp_4_16_32,95631392,128
2169209014,mqlp_4_16_32,95210879,128
2028458018,mqlp_4_16_32,95348437,128
2378806756,mqlp_4_16_64,115619426,128
2383952950,mqlp_4_16_64,116011656,128
2386841952,mqlp_4_16_64,115934300,128
2342391870,mqlp_4_16_64,112244563,128
2345535452,mqlp_4_16_64,112954991,128
2710650260,mqlp_4_16_128,135127718,128
2644734680,mqlp_4_16_128,130425414,128
2734283712,mqlp_4_16_128,136073682,128
2727084618,mqlp_4_16_128,135834257,128
2630085414,mqlp_4_16_128,129566478,128
2900251794,mqlp_4_16_256,145254313,128
3029990170,mqlp_4_16_256,148406897,128
3005121434,mqlp_4_16_256,151148816,128
3006248172,mqlp_4_16_256,151171212,128
3017915494,mqlp_4_16_256,151560259,128
2975479554,mqlp_4_16_512,149185382,128
3115214036,mqlp_4_16_512,157402967,128
3163998644,mqlp_4_16_512,160357162,128
3047120000,mqlp_4_16_512,153757725,128
3198838262,mqlp_4_16_512,162253908,128
3376925148,mqlp_4_16_1024,171387428,128
3238543498,mqlp_4_16_1024,164169876,128
3302312896,mqlp_4_16_1024,167772287,128
3268396004,mqlp_4_16_1024,166237241,128
3095147390,mqlp_4_16_1024,156080336,128
2041829200,mqlp_4_32_1,47958004,128
2051122450,mqlp_4_32_1,47683056,128
2020119734,mqlp_4_32_1,47947573,128
2008985548,mqlp_4_32_1,47760079,128
2013411910,mqlp_4_32_1,47738248,128
1943886084,mqlp_4_32_2,55821969,128
1925262592,mqlp_4_32_2,55676011,128
1932230270,mqlp_4_32_2,55848932,128
1920270730,mqlp_4_32_2,55515267,128
1938523586,mqlp_4_32_2,55874918,128
2013857182,mqlp_4_32_4,66088910,128
1917211492,mqlp_4_32_4,65714216,128
1905700220,mqlp_4_32_4,65237211,128
1913881756,mqlp_4_32_4,65322705,128
1935350722,mqlp_4_32_4,66430545,128
2000077876,mqlp_4_32_8,78062771,128
1990239010,mqlp_4_32_8,78126512,128
2011753520,mqlp_4_32_8,78369532,128
1992104900,mqlp_4_32_8,78070845,128
1989776066,mqlp_4_32_8,78717617,128
2148613254,mqlp_4_32_16,92582181,128
2108469098,mqlp_4_32_16,92520344,128
2112649378,mqlp_4_32_16,91974443,128
2113339878,mqlp_4_32_16,92780930,128
2112190474,mqlp_4_32_16,92635185,128
2354498722,mqlp_4_32_32,111435709,128
2352313960,mqlp_4_32_32,111217512,128
2340843394,mqlp_4_32_32,111012205,128
2356814684,mqlp_4_32_32,110877699,128
2363692794,mqlp_4_32_32,111673714,128
2691870964,mqlp_4_32_64,132915502,128
2674178056,mqlp_4_32_64,131914121,128
2732353940,mqlp_4_32_64,136643026,128
2732381646,mqlp_4_32_64,136493300,128
2751184892,mqlp_4_32_64,137306926,128
3141722856,mqlp_4_32_128,161281969,128
3096543356,mqlp_4_32_128,158062271,128
3167140562,mqlp_4_32_128,163449031,128
3136670510,mqlp_4_32_128,160379002,128
3200020690,mqlp_4_32_128,165149581,128
3530285980,mqlp_4_32_256,183630022,128
3672591422,mqlp_4_32_256,192235963,128
3684313204,mqlp_4_32_256,192399007,128
3663886288,mqlp_4_32_256,191780265,128
3642745042,mqlp_4_32_256,190741119,128
4085483476,mqlp_4_32_512,214932572,128
4004636126,mqlp_4_32_512,210784468,128
3819301650,mqlp_4_32_512,200104944,128
4047204518,mqlp_4_32_512,213547564,128
4047112534,mqlp_4_32_512,212977873,128
4057788268,mqlp_4_32_1024,213586429,128
4301148580,mqlp_4_32_1024,227611545,128
4318622122,mqlp_4_32_1024,228862667,128
4274102848,mqlp_4_32_1024,226321780,128
4217457404,mqlp_4_32_1024,223446825,128
1629952564,mqlp_4_64_1,34006588,128
1641724770,mqlp_4_64_1,34021193,128
1628528770,mqlp_4_64_1,33961001,128
1585817890,mqlp_4_64_1,33951141,128
1586212470,mqlp_4_64_1,34081214,128
1953122246,mqlp_4_64_2,51186608,128
1936320358,mqlp_4_64_2,50550971,128
1965584428,mqlp_4_64_2,50659436,128
1989291256,mqlp_4_64_2,51806084,128
2110585080,mqlp_4_64_2,52150609,128
2068789004,mqlp_4_64_4,62452546,128
2035868056,mqlp_4_64_4,62444451,128
2053823640,mqlp_4_64_4,62164262,128
2051148356,mqlp_4_64_4,62449804,128
2154796124,mqlp_4_64_4,62772747,128
2030785080,mqlp_4_64_8,70610437,128
2054029896,mqlp_4_64_8,71044383,128
2050644610,mqlp_4_64_8,70916549,128
2047857860,mqlp_4_64_8,70361102,128
2028858470,mqlp_4_64_8,70869902,128
2062420148,mqlp_4_64_16,80991806,128
2065059074,mqlp_4_64_16,80752613,128
2072286762,mqlp_4_64_16,81205218,128
2080659334,mqlp_4_64_16,81783164,128
2059854312,mqlp_4_64_16,80604057,128
2170090430,mqlp_4_64_32,93868997,128
2183617798,mqlp_4_64_32,93853147,128
2190358942,mqlp_4_64_32,94912916,128
2164167894,mqlp_4_64_32,93398558,128
2179161834,mqlp_4_64_32,94101040,128
2518143648,mqlp_4_64_64,118034743,128
2534553772,mqlp_4_64_64,120818199,128
2488960684,mqlp_4_64_64,117463330,128
2506100150,mqlp_4_64_64,118863640,128
2524747596,mqlp_4_64_64,119720345,128
3359018648,mqlp_4_64_128,172155030,128
2983524656,mqlp_4_64_128,151223243,128
3324489776,mqlp_4_64_128,170364835,128
3419146208,mqlp_4_64_128,175868501,128
3281483718,mqlp_4_64_128,167372317,128
4164203470,mqlp_4_64_256,221354513,128
4285687372,mqlp_4_64_256,225179605,128
4114231400,mqlp_4_64_256,218764904,128
4183670404,mqlp_4_64_256,221840203,128
4169555268,mqlp_4_64_256,220991217,128
5057554644,mqlp_4_64_512,272676910,128
4837172612,mqlp_4_64_512,260616107,128
4916581904,mqlp_4_64_512,265118860,128
4646946906,mqlp_4_64_512,249635689,128
5003184682,mqlp_4_64_512,269510886,128
5380245026,mqlp_4_64_1024,290809166,128
5598817886,mqlp_4_64_1024,303752520,128
5533014180,mqlp_4_64_1024,299341565,128
5568418782,mqlp_4_64_1024,301434383,128
5686919086,mqlp_4_64_1024,308787513,128
1717830662,mqlp_4_128_1,34936292,128
1723733468,mqlp_4_128_1,35098208,128
1656869284,mqlp_4_128_1,34951360,128
1637422526,mqlp_4_128_1,35193352,128
1750298978,mqlp_4_128_1,35056906,128
1587156980,mqlp_4_128_2,35259133,128
1514440970,mqlp_4_128_2,35287354,128
1508262620,mqlp_4_128_2,35292209,128
1635849756,mqlp_4_128_2,35354316,128
1502563438,mqlp_4_128_2,35218549,128
1525303754,mqlp_4_128_4,35683119,128
1482798890,mqlp_4_128_4,35654786,128
1483352206,mqlp_4_128_4,35628176,128
1458947196,mqlp_4_128_4,35621584,128
1479405066,mqlp_4_128_4,35617283,128
1412228048,mqlp_4_128_8,36243848,128
1433249370,mqlp_4_128_8,36389953,128
1441241394,mqlp_4_128_8,36337678,128
1482216564,mqlp_4_128_8,36250044,128
1439448440,mqlp_4_128_8,36328969,128
1370828740,mqlp_4_128_16,37410171,128
1369021948,mqlp_4_128_16,37590760,128
1389477748,mqlp_4_128_16,37493724,128
1405498308,mqlp_4_128_16,37432121,128
1381852676,mqlp_4_128_16,37653606,128
1313037178,mqlp_4_128_32,40033918,128
1321844490,mqlp_4_128_32,39694589,128
1318007738,mqlp_4_128_32,39629149,128
1318495604,mqlp_4_128_32,39652840,128
1312592254,mqlp_4_128_32,39736869,128
1244719796,mqlp_4_128_64,43456644,128
1230074640,mqlp_4_128_64,43563544,128
1232602566,mqlp_4_128_64,43539637,128
1227900558,mqlp_4_128_64,43446816,128
1232073312,mqlp_4_128_64,43560324,128
1143568110,mqlp_4_128_128,49314740,128
1149389394,mqlp_4_128_128,49935224,128
1143201934,mqlp_4_128_128,49657174,128
1145326654,mqlp_4_128_128,49571747,128
1143434356,mqlp_4_128_128,49306909,128
1083583614,mqlp_4_128_256,57730654,128
1083068994,mqlp_4_128_256,57968611,128
1089951062,mqlp_4_128_256,57971441,128
1102490744,mqlp_4_128_256,58785303,128
1084190148,mqlp_4_128_256,57668845,128
3963731762,mqlp_4_128_512,220144951,128
4028631308,mqlp_4_128_512,222602800,128
3960833046,mqlp_4_128_512,219607431,128
3958169228,mqlp_4_128_512,220294780,128
3959537172,mqlp_4_128_512,219383417,128
5577611144,mqlp_4_128_1024,308248980,128
5689956876,mqlp_4_128_1024,312739137,128
5520183168,mqlp_4_128_1024,306063089,128
4997163070,mqlp_4_128_1024,278778055,128
5460331336,mqlp_4_128_1024,302625448,128
1649517744,mqlp_4_256_1,35705777,128
1684237954,mqlp_4_256_1,35684815,128
1718597252,mqlp_4_256_1,35742148,128
1703636200,mqlp_4_256_1,35719619,128
1761764018,mqlp_4_256_1,35943761,128
1549023756,mqlp_4_256_2,36309036,128
1577268178,mqlp_4_256_2,36385661,128
1540510068,mqlp_4_256_2,36161246,128
1558204468,mqlp_4_256_2,36060307,128
1588975688,mqlp_4_256_2,36510884,128
1509206316,mqlp_4_256_4,36655803,128
1629179384,mqlp_4_256_4,36974575,128
1523535126,mqlp_4_256_4,36549859,128
1586870700,mqlp_4_256_4,36543673,128
1651467970,mqlp_4_256_4,36809271,128
1458123274,mqlp_4_256_8,37224576,128
1455393422,mqlp_4_256_8,37434183,128
1463818856,mqlp_4_256_8,37189435,128
1479795292,mqlp_4_256_8,37291311,128
1456845630,mqlp_4_256_8,37615787,128
1444138600,mqlp_4_256_16,38553464,128
1426177400,mqlp_4_256_16,38578975,128
1439330590,mqlp_4_256_16,38721038,128
1419266140,mqlp_4_256_16,38422921,128
1403903472,mqlp_4_256_16,38483674,128
1357005422,mqlp_4_256_32,40791930,128
1358169942,mqlp_4_256_32,40728545,128
1398282852,mqlp_4_256_32,40779476,128
1352419340,mqlp_4_256_32,40954777,128
1341703358,mqlp_4_256_32,40744627,128
1271533692,mqlp_4_256_64,45283872,128
1259866994,mqlp_4_256_64,44777709,128
1255869642,mqlp_4_256_64,44791679,128
1272114778,mqlp_4_256_64,45033107,128
1264526648,mqlp_4_256_64,44804334,128
1166911928,mqlp_4_256_128,51388395,128
1178836504,mqlp_4_256_128,50964121,128
1166949844,mqlp_4_256_128,51087821,128
1172559598,mqlp_4_256_128,51116570,128
1166894978,mqlp_4_256_128,51176694,128
1097052458,mqlp_4_256_256,60441209,128
1097174046,mqlp_4_256_256,60130314,128
1107649862,mqlp_4_256_256,60506830,128
1110216664,mqlp_4_256_256,61641143,128
1108899322,mqlp_4_256_256,60636322,128
1074501844,mqlp_4_256_512,72027138,128
1079996544,mqlp_4_256_512,72014981,128
1071747670,mqlp_4_256_512,72155172,128
1070747752,mqlp_4_256_512,72058974,128
1077890122,mqlp_4_256_512,72744958,128
1168674678,mqlp_4_256_1024,88363638,128
1159279240,mqlp_4_256_1024,90547578,128
1149692288,mqlp_4_256_1024,89088582,128
1107112814,mqlp_4_256_1024,86353334,128
1139984270,mqlp_4_256_1024,87078963,128
1764551616,mqlp_4_512_1,35795676,128
1702914644,mqlp_4_512_1,36341267,128
1704619204,mqlp_4_512_1,36446232,128
1736569810,mqlp_4_512_1,35708311,128
1828411806,mqlp_4_512_1,36445560,128
1563318182,mqlp_4_512_2,36219235,128
1578409138,mqlp_4_512_2,36225500,128
1567180426,mqlp_4_512_2,36396869,128
1648978576,mqlp_4_512_2,36202858,128
1536070494,mqlp_4_512_2,36206546,128
1518071084,mqlp_4_512_4,36575465,128
1505700062,mqlp_4_512_4,36652701,128
1541336748,mqlp_4_512_4,36813693,128
1620296444,mqlp_4_512_4,36695488,128
1487207056,mqlp_4_512_4,36688051,128
1482656208,mqlp_4_512_8,37667547,128
1480580966,mqlp_4_512_8,37380564,128
1446459618,mqlp_4_512_8,37372338,128
1461811104,mqlp_4_512_8,37646624,128
1482913640,mqlp_4_512_8,37746784,128
1410947900,mqlp_4_512_16,38514976,128
1410831466,mqlp_4_512_16,38601334,128
1405328186,mqlp_4_512_16,38592900,128
1441781672,mqlp_4_512_16,38504367,128
1414070792,mqlp_4_512_16,38512090,128
1358213052,mqlp_4_512_32,40818940,128
1354862266,mqlp_4_512_32,40830753,128
1383272492,mqlp_4_512_32,40889649,128
1354248320,mqlp_4_512_32,40820092,128
1373627928,mqlp_4_512_32,40857840,128
1295167978,mqlp_4_512_64,45403530,128
1268069772,mqlp_4_512_64,44880369,128
1265293284,mqlp_4_512_64,44942551,128
1272556918,mqlp_4_512_64,44905627,128
1268007256,mqlp_4_512_64,45090135,128
1166099708,mqlp_4_512_128,51081247,128
1168317000,mqlp_4_512_128,51172577,128
1182268770,mqlp_4_512_128,51194121,128
1175897272,mqlp_4_512_128,51133709,128
1195819974,mqlp_4_512_128,51364041,128
1102316134,mqlp_4_512_256,60527601,128
1099793766,mqlp_4_512_256,59988574,128
1120721864,mqlp_4_512_256,62110614,128
1100359898,mqlp_4_512_256,60661538,128
1111925078,mqlp_4_512_256,60368800,128
1096059424,mqlp_4_512_512,73988689,128
1115321708,mqlp_4_512_512,75393091,128
1083782388,mqlp_4_512_512,72708670,128
1075423112,mqlp_4_512_512,71984324,128
1087750828,mqlp_4_512_512,72821229,128
1123482580,mqlp_4_512_1024,87265651,128
1149855300,mqlp_4_512_1024,89296169,128
1155591670,mqlp_4_512_1024,90948435,128
1124894806,mqlp_4_512_1024,87486592,128
1161356220,mqlp_4_512_1024,90914414,128
1698123496,mqlp_4_1024_1,35753707,128
1650057816,mqlp_4_1024_1,35896260,128
1679247656,mqlp_4_1024_1,35772610,128
1732353698,mqlp_4_1024_1,35974030,128
1666305798,mqlp_4_1024_1,36092211,128
1551823268,mqlp_4_1024_2,36607333,128
1572287922,mqlp_4_1024_2,36608738,128
1592272428,mqlp_4_1024_2,36422611,128
1574367918,mqlp_4_1024_2,36359222,128
1528847606,mqlp_4_1024_2,36112947,128
1488014530,mqlp_4_1024_4,36619868,128
1487669862,mqlp_4_1024_4,36736634,128
1486890576,mqlp_4_1024_4,36589250,128
1518094568,mqlp_4_1024_4,36729700,128
1488135006,mqlp_4_1024_4,36748582,128
1458000986,mqlp_4_1024_8,37649730,128
1450945584,mqlp_4_1024_8,37342217,128
1490381994,mqlp_4_1024_8,37446570,128
1531484222,mqlp_4_1024_8,37413610,128
1480465438,mqlp_4_1024_8,37568726,128
1406308444,mqlp_4_1024_16,38483855,128
1399803124,mqlp_4_1024_16,38486251,128
1416322082,mqlp_4_1024_16,38610651,128
1428119202,mqlp_4_1024_16,38682282,128
1415342404,mqlp_4_1024_16,38602399,128
1385573690,mqlp_4_1024_32,40786262,128
1365286604,mqlp_4_1024_32,40762849,128
1371565764,mqlp_4_1024_32,40894042,128
1359412216,mqlp_4_1024_32,41017423,128
1342346214,mqlp_4_1024_32,40855737,128
1268063496,mqlp_4_1024_64,44903145,128
1285547486,mqlp_4_1024_64,45637325,128
1267288444,mqlp_4_1024_64,44835322,128
1262668130,mqlp_4_1024_64,44848045,128
1274182416,mqlp_4_1024_64,45434869,128
1187437782,mqlp_4_1024_128,51535568,128
1194917340,mqlp_4_1024_128,51868784,128
1171941260,mqlp_4_1024_128,51150505,128
1175672934,mqlp_4_1024_128,51264822,128
1206980672,mqlp_4_1024_128,51334618,128
1125004938,mqlp_4_1024_256,61572337,128
1100896604,mqlp_4_1024_256,60052360,128
1117066960,mqlp_4_1024_256,60575241,128
1097314130,mqlp_4_1024_256,60131894,128
1108888094,mqlp_4_1024_256,60706795,128
1080513574,mqlp_4_1024_512,72647073,128
1091618806,mqlp_4_1024_512,73061978,128
1095257446,mqlp_4_1024_512,72989538,128
1127613662,mqlp_4_1024_512,75464418,128
1089412670,mqlp_4_1024_512,72939672,128
1120978844,mqlp_4_1024_1024,87245543,128
1128943926,mqlp_4_1024_1024,88306090,128
1156582530,mqlp_4_1024_1024,89839377,128
1125269916,mqlp_4_1024_1024,88062068,128
1185787288,mqlp_4_1024_1024,92261002,128
