6322138710,mqlp_4_1_1,38626732,128
5461596424,mqlp_4_1_1,38493820,128
5487316288,mqlp_4_1_1,38523452,128
5585550682,mqlp_4_1_1,38604454,128
5570739578,mqlp_4_1_1,38827039,128
4887911598,mqlp_4_1_2,38689552,128
4899818756,mqlp_4_1_2,38600005,128
4857141758,mqlp_4_1_2,38923540,128
4961295666,mqlp_4_1_2,38741201,128
4889004834,mqlp_4_1_2,38744505,128
4780696914,mqlp_4_1_4,38914396,128
4845247946,mqlp_4_1_4,38760477,128
4467294202,mqlp_4_1_4,38919839,128
4498464782,mqlp_4_1_4,38574939,128
4633857028,mqlp_4_1_4,38929732,128
4235320328,mqlp_4_1_8,38977858,128
4393624846,mqlp_4_1_8,38922603,128
4285577514,mqlp_4_1_8,38932598,128
4363575342,mqlp_4_1_8,39026873,128
4284961916,mqlp_4_1_8,39076135,128
4229800070,mqlp_4_1_16,39111504,128
4221926730,mqlp_4_1_16,38803731,128
4173077254,mqlp_4_1_16,38850590,128
4486434602,mqlp_4_1_16,38994980,128
4560694472,mqlp_4_1_16,39089041,128
4670063452,mqlp_4_1_32,38995782,128
4113267244,mqlp_4_1_32,39100220,128
4161786268,mqlp_4_1_32,38964273,128
4217126880,mqlp_4_1_32,38862281,128
4149955070,mqlp_4_1_32,38926378,128
4228291968,mqlp_4_1_64,39130714,128
4187113558,mqlp_4_1_64,38958305,128
4113435410,mqlp_4_1_64,38765737,128
4117879174,mqlp_4_1_64,38671955,128
4062049696,mqlp_4_1_64,38810106,128
4139847872,mqlp_4_1_128,39049502,128
4083893838,mqlp_4_1_128,39125091,128
4297440942,mqlp_4_1_128,38986855,128
4321995236,mqlp_4_1_128,39068195,128
4088845048,mqlp_4_1_128,39101779,128
4101662680,mqlp_4_1_256,39182748,128
4059838876,mqlp_4_1_256,39022951,128
4094223012,mqlp_4_1_256,39235761,128
4092992196,mqlp_4_1_256,39340533,128
4084555096,mqlp_4_1_256,38904818,128
4236965486,mqlp_4_1_512,39077930,128
4033292598,mqlp_4_1_512,38855866,128
4176301580,mqlp_4_1_512,38997792,128
4274148000,mqlp_4_1_512,39043211,128
4086119644,mqlp_4_1_512,39113754,128
4081377628,mqlp_4_1_1024,39085681,128
4097150942,mqlp_4_1_1024,38815809,128
4103082170,mqlp_4_1_1024,39214493,128
4166528722,mqlp_4_1_1024,38865988,128
4126473094,mqlp_4_1_1024,38994336,128
5382141660,mqlp_4_2_1,38891981,128
5444916298,mqlp_4_2_1,39084846,128
5628453900,mqlp_4_2_1,38661138,128
5450847062,mqlp_4_2_1,38693586,128
5496440748,mqlp_4_2_1,38750616,128
4765260774,mqlp_4_2_2,38676283,128
4670557652,mqlp_4_2_2,38664703,128
4740871838,mqlp_4_2_2,39079915,128
4706306162,mqlp_4_2_2,39116128,128
4720792606,mqlp_4_2_2,39181917,128
4489108202,mqlp_4_2_4,39345255,128
4481964188,mqlp_4_2_4,38834655,128
4323106028,mqlp_4_2_4,38821832,128
4381743798,mqlp_4_2_4,38985458,128
4576420384,mqlp_4_2_4,38923770,128
4252848256,mqlp_4_2_8,39036473,128
4118912400,mqlp_4_2_8,38972526,128
4329819384,mqlp_4_2_8,39133956,128
4162103740,mqlp_4_2_8,38816250,128
4088733198,mqlp_4_2_8,39046336,128
4122657072,mqlp_4_2_16,39004904,128
4065742832,mqlp_4_2_16,38976260,128
4011081420,mqlp_4_2_16,39266499,128
4191923062,mqlp_4_2_16,39002885,128
4017307714,mqlp_4_2_16,39073600,128
4073654380,mqlp_4_2_32,39249358,128
3978856874,mqlp_4_2_32,39120743,128
4225421588,mqlp_4_2_32,39030883,128
4453719902,mqlp_4_2_32,39150348,128
3978507904,mqlp_4_2_32,38888231,128
4067337778,mqlp_4_2_64,39178963,128
4130686876,mqlp_4_2_64,39121967,128
4047129720,mqlp_4_2_64,39001464,128
4371333722,mqlp_4_2_64,38965296,128
4080003176,mqlp_4_2_64,39178239,128
3995066226,mqlp_4_2_128,39301851,128
3945666576,mqlp_4_2_128,39086024,128
3955571350,mqlp_4_2_128,39247645,128
4126955548,mqlp_4_2_128,39283502,128
3955502166,mqlp_4_2_128,39028223,128
4241220550,mqlp_4_2_256,39326597,128
3988939478,mqlp_4_2_256,39099628,128
4381011580,mqlp_4_2_256,39289662,128
3978171076,mqlp_4_2_256,39019636,128
3989081386,mqlp_4_2_256,39052540,128
4000721682,mqlp_4_2_512,39221091,128
3983150634,mqlp_4_2_512,39009302,128
3900908516,mqlp_4_2_512,39292752,128
3841876488,mqlp_4_2_512,39120131,128
3919482520,mqlp_4_2_512,38784696,128
4005198602,mqlp_4_2_1024,39281183,128
3949845532,mqlp_4_2_1024,39106510,128
4115983196,mqlp_4_2_1024,39305489,128
4190024978,mqlp_4_2_1024,39157312,128
3819169434,mqlp_4_2_1024,39555773,128
5287603990,mqlp_4_4_1,38749194,128
5469419400,mqlp_4_4_1,38719745,128
5336817624,mqlp_4_4_1,38946379,128
5267799006,mqlp_4_4_1,38897621,128
5333365876,mqlp_4_4_1,38645556,128
4625781998,mqlp_4_4_2,38835525,128
4970593272,mqlp_4_4_2,38676335,128
4711165830,mqlp_4_4_2,38782017,128
4665239060,mqlp_4_4_2,38660133,128
4704012580,mqlp_4_4_2,38685037,128
4277102814,mqlp_4_4_4,38601066,128
4286661220,mqlp_4_4_4,39066427,128
4362366930,mqlp_4_4_4,39112930,128
4492335316,mqlp_4_4_4,39075903,128
4252818464,mqlp_4_4_4,39158641,128
4125184094,mqlp_4_4_8,38836837,128
4132062058,mqlp_4_4_8,38969664,128
4367094092,mqlp_4_4_8,38613688,128
4379419186,mqlp_4_4_8,39187488,128
4091988552,mqlp_4_4_8,38868042,128
4020391660,mqlp_4_4_16,39477147,128
4203218438,mqlp_4_4_16,39100870,128
3848106220,mqlp_4_4_16,38984315,128
4265293728,mqlp_4_4_16,39308025,128
3930690324,mqlp_4_4_16,39270935,128
4071788204,mqlp_4_4_32,39051090,128
4010304844,mqlp_4_4_32,38902176,128
4116439334,mqlp_4_4_32,39108082,128
3862215816,mqlp_4_4_32,38941010,128
3921221302,mqlp_4_4_32,39025757,128
3797063366,mqlp_4_4_64,39468956,128
3913102096,mqlp_4_4_64,38870592,128
3783102378,mqlp_4_4_64,39574211,128
4226689632,mqlp_4_4_64,38864905,128
4046309850,mqlp_4_4_64,39111382,128
3971337830,mqlp_4_4_128,39335896,128
3940754114,mqlp_4_4_128,39358208,128
4167410838,mqlp_4_4_128,38976420,128
3810693828,mqlp_4_4_128,39157643,128
4194280052,mqlp_4_4_128,39269889,128
3805675954,mqlp_4_4_256,39422860,128
4471310690,mqlp_4_4_256,39363642,128
3936248566,mqlp_4_4_256,39248568,128
4176521834,mqlp_4_4_256,39137181,128
4402909240,mqlp_4_4_256,39332133,128
4062041524,mqlp_4_4_512,38896331,128
4354432128,mqlp_4_4_512,38942283,128
3896476208,mqlp_4_4_512,38842464,128
3839395892,mqlp_4_4_512,38961557,128
3926298568,mqlp_4_4_512,39224332,128
3677993330,mqlp_4_4_1024,39479816,128
3925851366,mqlp_4_4_1024,39275857,128
3774939884,mqlp_4_4_1024,39140711,128
3887638218,mqlp_4_4_1024,39636121,128
3956169566,mqlp_4_4_1024,39247591,128
5284341102,mqlp_4_8_1,39099712,128
5396374602,mqlp_4_8_1,38852280,128
5358839064,mqlp_4_8_1,38807547,128
5382271034,mqlp_4_8_1,39000740,128
5378121154,mqlp_4_8_1,38515530,128
4781181456,mqlp_4_8_2,38873476,128
4673199836,mqlp_4_8_2,38810404,128
4727457990,mqlp_4_8_2,39064190,128
4929712712,mqlp_4_8_2,38701899,128
4533081344,mqlp_4_8_2,38878757,128
4381123726,mqlp_4_8_4,38925101,128
4253696930,mqlp_4_8_4,39274134,128
4130771656,mqlp_4_8_4,39105673,128
4266960768,mqlp_4_8_4,39144001,128
4151879880,mqlp_4_8_4,38959208,128
4056940408,mqlp_4_8_8,38956108,128
4308115258,mqlp_4_8_8,39094337,128
4275315302,mqlp_4_8_8,38819048,128
4125603366,mqlp_4_8_8,39301689,128
4062519852,mqlp_4_8_8,38803707,128
4278608548,mqlp_4_8_16,39017418,128
4055564338,mqlp_4_8_16,39178799,128
4681788636,mqlp_4_8_16,39619453,128
4093642824,mqlp_4_8_16,39008077,128
4193432902,mqlp_4_8_16,39180384,128
3841393432,mqlp_4_8_32,39249457,128
3859919938,mqlp_4_8_32,39035497,128
3918842102,mqlp_4_8_32,39188500,128
3929456898,mqlp_4_8_32,39220074,128
3928657726,mqlp_4_8_32,39078236,128
4012239224,mqlp_4_8_64,39238380,128
3947843848,mqlp_4_8_64,39083097,128
3898432948,mqlp_4_8_64,39301848,128
4089694716,mqlp_4_8_64,39183250,128
3778295698,mqlp_4_8_64,39216465,128
4029270656,mqlp_4_8_128,39189210,128
4051171092,mqlp_4_8_128,39287806,128
3973132138,mqlp_4_8_128,39437713,128
3831103754,mqlp_4_8_128,38857697,128
3748882814,mqlp_4_8_128,39091193,128
3787906650,mqlp_4_8_256,39346122,128
3810443142,mqlp_4_8_256,39865089,128
3762074246,mqlp_4_8_256,39303136,128
3991663692,mqlp_4_8_256,39419604,128
4002736906,mqlp_4_8_256,39545771,128
3859739198,mqlp_4_8_512,39269350,128
4880331786,mqlp_4_8_512,39306198,128
3740420542,mqlp_4_8_512,39222718,128
3547505950,mqlp_4_8_512,39539707,128
3796012004,mqlp_4_8_512,39368362,128
3717435864,mqlp_4_8_1024,39618809,128
3813021578,mqlp_4_8_1024,39023165,128
3893503786,mqlp_4_8_1024,39177561,128
3851745146,mqlp_4_8_1024,39365685,128
3951705792,mqlp_4_8_1024,39190256,128
5409844210,mqlp_4_16_1,39439396,128
5246181374,mqlp_4_16_1,39303954,128
5388225704,mqlp_4_16_1,39261977,128
5315412938,mqlp_4_16_1,38982104,128
5502298142,mqlp_4_16_1,39519653,128
4647399088,mqlp_4_16_2,39149666,128
4618696572,mqlp_4_16_2,39002174,128
4635771810,mqlp_4_16_2,39136169,128
4854153930,mqlp_4_16_2,39110009,128
4576091976,mqlp_4_16_2,39151498,128
5159799446,mqlp_4_16_4,39001275,128
4286204264,mqlp_4_16_4,39228601,128
4346704670,mqlp_4_16_4,39006664,128
4543157424,mqlp_4_16_4,39290342,128
4326049122,mqlp_4_16_4,39159538,128
4127717694,mqlp_4_16_8,39281062,128
3838198532,mqlp_4_16_8,39590067,128
4750134122,mqlp_4_16_8,39096868,128
4230731382,mqlp_4_16_8,39222103,128
4136019512,mqlp_4_16_8,39334975,128
3950956488,mqlp_4_16_16,39522109,128
4055383790,mqlp_4_16_16,39301147,128
4003505920,mqlp_4_16_16,39197578,128
3946453946,mqlp_4_16_16,39039905,128
3936623018,mqlp_4_16_16,39085702,128
4028438092,mqlp_4_16_32,39076525,128
4317048130,mqlp_4_16_32,39254407,128
4205114822,mqlp_4_16_32,38890153,128
4005143214,mqlp_4_16_32,38895065,128
4274361350,mqlp_4_16_32,39183281,128
3975252908,mqlp_4_16_64,39155881,128
3840078152,mqlp_4_16_64,39654082,128
3801973460,mqlp_4_16_64,39228432,128
3753491556,mqlp_4_16_64,39493200,128
3863056820,mqlp_4_16_64,39033656,128
4098782024,mqlp_4_16_128,39339648,128
4167370972,mqlp_4_16_128,39224564,128
3769561400,mqlp_4_16_128,39191925,128
3790135178,mqlp_4_16_128,39460764,128
3615226998,mqlp_4_16_128,39639700,128
3848637530,mqlp_4_16_256,39315573,128
4076648308,mqlp_4_16_256,39289931,128
3800840516,mqlp_4_16_256,39123296,128
3996494996,mqlp_4_16_256,39309305,128
3488467512,mqlp_4_16_256,39530491,128
4236673846,mqlp_4_16_512,39362071,128
3762174546,mqlp_4_16_512,39433847,128
4028575806,mqlp_4_16_512,39397254,128
3807801352,mqlp_4_16_512,39429843,128
3679926882,mqlp_4_16_512,39711289,128
3903660028,mqlp_4_16_1024,39414146,128
3664855512,mqlp_4_16_1024,39618599,128
3881553684,mqlp_4_16_1024,39514956,128
3744291276,mqlp_4_16_1024,39245055,128
4461024738,mqlp_4_16_1024,39687873,128
5210017586,mqlp_4_32_1,39355498,128
5869064584,mqlp_4_32_1,39056573,128
5449119524,mqlp_4_32_1,39462331,128
5594962896,mqlp_4_32_1,39200093,128
5403596002,mqlp_4_32_1,39210705,128
4673405556,mqlp_4_32_2,39436698,128
4539293346,mqlp_4_32_2,39442003,128
4978425092,mqlp_4_32_2,39208184,128
4876226422,mqlp_4_32_2,39451771,128
4464956200,mqlp_4_32_2,38997318,128
3805446652,mqlp_4_32_4,39164905,128
4257331356,mqlp_4_32_4,39377053,128
4397983704,mqlp_4_32_4,39194933,128
4291077564,mqlp_4_32_4,39382003,128
4329981496,mqlp_4_32_4,39287569,128
4032649790,mqlp_4_32_8,39192156,128
4037326682,mqlp_4_32_8,39402654,128
3610435386,mqlp_4_32_8,39453503,128
4467226662,mqlp_4_32_8,39420216,128
4229898350,mqlp_4_32_8,39443197,128
3884937728,mqlp_4_32_16,39311212,128
3842593720,mqlp_4_32_16,39159428,128
3887105538,mqlp_4_32_16,39122845,128
4000532710,mqlp_4_32_16,39111507,128
3872593830,mqlp_4_32_16,39369369,128
3833097486,mqlp_4_32_32,38948089,128
3858795946,mqlp_4_32_32,39520468,128
3819585712,mqlp_4_32_32,39397024,128
4068289930,mqlp_4_32_32,39416520,128
3500154578,mqlp_4_32_32,39910286,128
3845750586,mqlp_4_32_64,39506651,128
4165544856,mqlp_4_32_64,39254830,128
4060394054,mqlp_4_32_64,39512970,128
4313431898,mqlp_4_32_64,39519372,128
4077802560,mqlp_4_32_64,39279250,128
4158971950,mqlp_4_32_128,39197360,128
3773154762,mqlp_4_32_128,39488945,128
3904953812,mqlp_4_32_128,39598494,128
3821994904,mqlp_4_32_128,39606880,128
3598949174,mqlp_4_32_128,39878544,128
3690151520,mqlp_4_32_256,39884196,128
3779259836,mqlp_4_32_256,39606684,128
3880972450,mqlp_4_32_256,39365275,128
3809068420,mqlp_4_32_256,39356859,128
4056874944,mqlp_4_32_256,39542214,128
3561485350,mqlp_4_32_512,39983406,128
3587584184,mqlp_4_32_512,40225297,128
3465340024,mqlp_4_32_512,40068875,128
3820646122,mqlp_4_32_512,39328295,128
3787841190,mqlp_4_32_512,39177606,128
3820652740,mqlp_4_32_1024,39417932,128
3800915680,mqlp_4_32_1024,39569579,128
4071274250,mqlp_4_32_1024,39601366,128
3757151268,mqlp_4_32_1024,39492424,128
3782445236,mqlp_4_32_1024,39658828,128
5062373562,mqlp_4_64_1,39321475,128
5914352280,mqlp_4_64_1,39388977,128
5374694502,mqlp_4_64_1,39290985,128
5436824528,mqlp_4_64_1,39667643,128
5146033160,mqlp_4_64_1,39379626,128
4603129052,mqlp_4_64_2,39224927,128
4872376606,mqlp_4_64_2,39462250,128
4453545892,mqlp_4_64_2,39469490,128
4333171360,mqlp_4_64_2,39312817,128
4832187348,mqlp_4_64_2,39355774,128
4210217626,mqlp_4_64_4,39371223,128
4450203950,mqlp_4_64_4,39246051,128
4320980012,mqlp_4_64_4,39531992,128
4262238066,mqlp_4_64_4,39231069,128
4585732152,mqlp_4_64_4,39310115,128
3961905464,mqlp_4_64_8,39288995,128
3881037136,mqlp_4_64_8,39567562,128
3968497748,mqlp_4_64_8,39316268,128
4406139658,mqlp_4_64_8,39614157,128
4071849070,mqlp_4_64_8,39390242,128
3841433414,mqlp_4_64_16,39464947,128
3823415126,mqlp_4_64_16,39468381,128
3965838888,mqlp_4_64_16,39352832,128
3949408964,mqlp_4_64_16,39627816,128
3692242092,mqlp_4_64_16,39699301,128
3792754486,mqlp_4_64_32,39288920,128
3890914798,mqlp_4_64_32,39404671,128
3851092990,mqlp_4_64_32,39368645,128
3768967776,mqlp_4_64_32,39267605,128
4039015180,mqlp_4_64_32,40001364,128
3602645116,mqlp_4_64_64,39942564,128
3737201426,mqlp_4_64_64,39902286,128
3695566828,mqlp_4_64_64,39324880,128
3756942282,mqlp_4_64_64,39572975,128
3397175128,mqlp_4_64_64,39863925,128
3926637814,mqlp_4_64_128,39705593,128
3742375512,mqlp_4_64_128,39459007,128
3749579408,mqlp_4_64_128,40213095,128
3965452868,mqlp_4_64_128,39958474,128
3749980464,mqlp_4_64_128,40477405,128
4423384414,mqlp_4_64_256,39953874,128
4768384642,mqlp_4_64_256,40005615,128
4728537424,mqlp_4_64_256,39552985,128
3716546806,mqlp_4_64_256,39454309,128
3715095232,mqlp_4_64_256,39302053,128
3714266826,mqlp_4_64_512,39535988,128
4238025868,mqlp_4_64_512,39775861,128
3926898326,mqlp_4_64_512,39576665,128
3629409890,mqlp_4_64_512,39952163,128
3766415484,mqlp_4_64_512,39489714,128
3849326380,mqlp_4_64_1024,39889696,128
3839814378,mqlp_4_64_1024,39562343,128
4020078002,mqlp_4_64_1024,39748420,128
3789737988,mqlp_4_64_1024,39628785,128
4367757428,mqlp_4_64_1024,40066491,128
5127187734,mqlp_4_128_1,40184936,128
5867522298,mqlp_4_128_1,39677133,128
5677679970,mqlp_4_128_1,39877427,128
5410550508,mqlp_4_128_1,40025084,128
5514569848,mqlp_4_128_1,39634239,128
5180765220,mqlp_4_128_2,39657028,128
4427496636,mqlp_4_128_2,40143407,128
4694489428,mqlp_4_128_2,39602865,128
4299932896,mqlp_4_128_2,40004140,128
4679172578,mqlp_4_128_2,39591388,128
3791006296,mqlp_4_128_4,40104128,128
4185212162,mqlp_4_128_4,39765073,128
4193285536,mqlp_4_128_4,39731995,128
4180124444,mqlp_4_128_4,39479268,128
4112027588,mqlp_4_128_4,39557923,128
4179843122,mqlp_4_128_8,39712963,128
3949172832,mqlp_4_128_8,40145762,128
3895574186,mqlp_4_128_8,39922067,128
4003158334,mqlp_4_128_8,39791772,128
4044929784,mqlp_4_128_8,40215834,128
3955554012,mqlp_4_128_16,39870270,128
4252124488,mqlp_4_128_16,39725577,128
3676338634,mqlp_4_128_16,40018277,128
3809575646,mqlp_4_128_16,39385706,128
3524055794,mqlp_4_128_16,39759512,128
3755083970,mqlp_4_128_32,39727496,128
3708839244,mqlp_4_128_32,40167789,128
4226547330,mqlp_4_128_32,39994307,128
3927829956,mqlp_4_128_32,39607743,128
3791046274,mqlp_4_128_32,39655909,128
3858486132,mqlp_4_128_64,39833032,128
3475594310,mqlp_4_128_64,39806161,128
3547135628,mqlp_4_128_64,39729479,128
5015988118,mqlp_4_128_64,39728400,128
3958241504,mqlp_4_128_64,39785131,128
3649016152,mqlp_4_128_128,39930238,128
3866231774,mqlp_4_128_128,39998920,128
4262813146,mqlp_4_128_128,39993754,128
3736026406,mqlp_4_128_128,40153525,128
3669527646,mqlp_4_128_128,40150327,128
3703735236,mqlp_4_128_256,40128572,128
3892587278,mqlp_4_128_256,40077150,128
3581349026,mqlp_4_128_256,40328502,128
3630342268,mqlp_4_128_256,39928089,128
3757995262,mqlp_4_128_256,40249641,128
3865421754,mqlp_4_128_512,39926801,128
3616564278,mqlp_4_128_512,39980424,128
3461402504,mqlp_4_128_512,40358005,128
3482418820,mqlp_4_128_512,41049085,128
3412737626,mqlp_4_128_512,40620272,128
4001984046,mqlp_4_128_1024,40549920,128
3536363834,mqlp_4_128_1024,40950737,128
3999650338,mqlp_4_128_1024,40000786,128
3505779054,mqlp_4_128_1024,41282787,128
4803647854,mqlp_4_128_1024,39920614,128
5022075916,mqlp_4_256_1,39981584,128
5533683962,mqlp_4_256_1,39970830,128
5352927322,mqlp_4_256_1,40124596,128
5682963354,mqlp_4_256_1,40228858,128
5499674090,mqlp_4_256_1,40226118,128
4701836310,mqlp_4_256_2,40333435,128
4471305944,mqlp_4_256_2,39786471,128
4528349574,mqlp_4_256_2,40014432,128
4636924052,mqlp_4_256_2,39838274,128
4448711794,mqlp_4_256_2,39856314,128
4169200200,mqlp_4_256_4,40072854,128
4087219218,mqlp_4_256_4,39684660,128
3851761296,mqlp_4_256_4,40201349,128
3863644692,mqlp_4_256_4,40818791,128
3755569148,mqlp_4_256_4,40241203,128
4028900342,mqlp_4_256_8,39966521,128
3575993466,mqlp_4_256_8,40047052,128
3990852276,mqlp_4_256_8,39691885,128
4215014214,mqlp_4_256_8,39811628,128
3903750426,mqlp_4_256_8,39843595,128
3635005122,mqlp_4_256_16,39820798,128
4177090552,mqlp_4_256_16,40561997,128
3369631738,mqlp_4_256_16,40393933,128
3762226196,mqlp_4_256_16,39841628,128
4036675598,mqlp_4_256_16,40063802,128
3635070602,mqlp_4_256_32,40037708,128
3867054790,mqlp_4_256_32,39544950,128
3903774774,mqlp_4_256_32,39964048,128
4234138304,mqlp_4_256_32,39820354,128
3644612910,mqlp_4_256_32,39884575,128
3655252410,mqlp_4_256_64,40373923,128
3561993952,mqlp_4_256_64,39991543,128
3713186168,mqlp_4_256_64,39593113,128
3660474346,mqlp_4_256_64,40312014,128
3653045144,mqlp_4_256_64,39819436,128
3402580632,mqlp_4_256_128,40515824,128
3696282076,mqlp_4_256_128,40577500,128
3963140662,mqlp_4_256_128,40288121,128
3771553094,mqlp_4_256_128,40517404,128
3857517100,mqlp_4_256_128,40595721,128
3760567766,mqlp_4_256_256,40057210,128
3703696474,mqlp_4_256_256,40293878,128
3732830330,mqlp_4_256_256,40806198,128
3739117870,mqlp_4_256_256,40445615,128
3609153574,mqlp_4_256_256,39664640,128
3432548068,mqlp_4_256_512,41341440,128
3734040444,mqlp_4_256_512,40266243,128
3660289106,mqlp_4_256_512,40312520,128
3527613152,mqlp_4_256_512,40158851,128
3764442834,mqlp_4_256_512,40691000,128
3761253060,mqlp_4_256_1024,40429801,128
3933260074,mqlp_4_256_1024,40587220,128
3526812584,mqlp_4_256_1024,40228023,128
3715290580,mqlp_4_256_1024,40759287,128
3672039192,mqlp_4_256_1024,40766186,128
5239103750,mqlp_4_512_1,40147102,128
5132545942,mqlp_4_512_1,40212306,128
5219906240,mqlp_4_512_1,40590224,128
5380555154,mqlp_4_512_1,40370101,128
5422493292,mqlp_4_512_1,40191735,128
4482726544,mqlp_4_512_2,40077358,128
4294332750,mqlp_4_512_2,40589353,128
5364096188,mqlp_4_512_2,40094627,128
4445720694,mqlp_4_512_2,40491603,128
4220327420,mqlp_4_512_2,40171954,128
4080459278,mqlp_4_512_4,40192022,128
4045146758,mqlp_4_512_4,39864971,128
3988391896,mqlp_4_512_4,40024287,128
3851711080,mqlp_4_512_4,40269814,128
3970670096,mqlp_4_512_4,40161973,128
3843755774,mqlp_4_512_8,40157710,128
3828294736,mqlp_4_512_8,40367009,128
3841635160,mqlp_4_512_8,39818781,128
3774026350,mqlp_4_512_8,40004789,128
3737644726,mqlp_4_512_8,40135620,128
3699960764,mqlp_4_512_16,40866050,128
3611596360,mqlp_4_512_16,40352282,128
3669214330,mqlp_4_512_16,40380396,128
3461020514,mqlp_4_512_16,40192304,128
3605663932,mqlp_4_512_16,40138377,128
3677044814,mqlp_4_512_32,39881410,128
3546471640,mqlp_4_512_32,40266488,128
3496854758,mqlp_4_512_32,40078929,128
3652732250,mqlp_4_512_32,40573524,128
3757385684,mqlp_4_512_32,39788312,128
3560125870,mqlp_4_512_64,40542788,128
3598259530,mqlp_4_512_64,40171830,128
3613199716,mqlp_4_512_64,40325944,128
3601488434,mqlp_4_512_64,40444806,128
3427283484,mqlp_4_512_64,39880998,128
3477778484,mqlp_4_512_128,40196278,128
3506871580,mqlp_4_512_128,40106599,128
3428729240,mqlp_4_512_128,41754224,128
3295949218,mqlp_4_512_128,40771716,128
3542708876,mqlp_4_512_128,40238936,128
3426965242,mqlp_4_512_256,40632624,128
3739196070,mqlp_4_512_256,40345917,128
3599442330,mqlp_4_512_256,41068994,128
3534640938,mqlp_4_512_256,41991664,128
3454974852,mqlp_4_512_256,40398241,128
3557299512,mqlp_4_512_512,40287714,128
3350372120,mqlp_4_512_512,40987859,128
3580070316,mqlp_4_512_512,40337455,128
3361785940,mqlp_4_512_512,41185124,128
3504807506,mqlp_4_512_512,40280807,128
3416694834,mqlp_4_512_1024,41163525,128
3795896540,mqlp_4_512_1024,40626960,128
3246385338,mqlp_4_512_1024,40726423,128
3489747788,mqlp_4_512_1024,40254842,128
3571526528,mqlp_4_512_1024,40930332,128
5643181750,mqlp_4_1024_1,41122708,128
5190499832,mqlp_4_1024_1,40949214,128
5285536776,mqlp_4_1024_1,41969653,128
5590126102,mqlp_4_1024_1,41707010,128
5253155642,mqlp_4_1024_1,41308983,128
4548586424,mqlp_4_1024_2,40965362,128
4281958696,mqlp_4_1024_2,40937912,128
4431528348,mqlp_4_1024_2,41418762,128
4457455862,mqlp_4_1024_2,40975061,128
4427864772,mqlp_4_1024_2,41098424,128
3936469404,mqlp_4_1024_4,41386613,128
3782106426,mqlp_4_1024_4,40953553,128
4027404042,mqlp_4_1024_4,41431731,128
4053992262,mqlp_4_1024_4,40814090,128
3900965792,mqlp_4_1024_4,41501893,128
3565359218,mqlp_4_1024_8,40870143,128
3934198814,mqlp_4_1024_8,40963821,128
3636645108,mqlp_4_1024_8,41606554,128
3774993952,mqlp_4_1024_8,40981375,128
4258234734,mqlp_4_1024_8,40968823,128
3718297678,mqlp_4_1024_16,41288013,128
3580934604,mqlp_4_1024_16,40924579,128
3586425086,mqlp_4_1024_16,41305194,128
3525410720,mqlp_4_1024_16,41249762,128
3503849100,mqlp_4_1024_16,40836399,128
3716341162,mqlp_4_1024_32,40255654,128
3416625622,mqlp_4_1024_32,40817379,128
3821229538,mqlp_4_1024_32,40186485,128
3521505714,mqlp_4_1024_32,41893341,128
3700047984,mqlp_4_1024_32,43208193,128
3352369930,mqlp_4_1024_64,40365749,128
3742337274,mqlp_4_1024_64,41340715,128
3398188330,mqlp_4_1024_64,41923241,128
3460919766,mqlp_4_1024_64,42178276,128
3662581472,mqlp_4_1024_64,40678553,128
3667389262,mqlp_4_1024_128,40629412,128
3428202114,mqlp_4_1024_128,40696966,128
3778513106,mqlp_4_1024_128,40523837,128
3640829918,mqlp_4_1024_128,42698529,128
3495126002,mqlp_4_1024_128,40943754,128
3648490232,mqlp_4_1024_256,41641248,128
3688357152,mqlp_4_1024_256,42895293,128
3472725222,mqlp_4_1024_256,41060651,128
3663255922,mqlp_4_1024_256,42336474,128
3604402968,mqlp_4_1024_256,41924077,128
3555990854,mqlp_4_1024_512,40983024,128
3685703384,mqlp_4_1024_512,41339224,128
3418834944,mqlp_4_1024_512,41195782,128
3540872926,mqlp_4_1024_512,41262278,128
3467207250,mqlp_4_1024_512,41032453,128
3522638108,mqlp_4_1024_1024,43474798,128
3393972846,mqlp_4_1024_1024,41596135,128
3658901794,mqlp_4_1024_1024,42853095,128
3684682334,mqlp_4_1024_1024,42314209,128
3488029096,mqlp_4_1024_1024,41946531,128
