12457642074,mqlp_4_1_1,47925433,128,0
12979075342,mqlp_4_1_1,47926314,128,0
12640080976,mqlp_4_1_1,47925565,128,0
12805567550,mqlp_4_1_1,47929143,128,0
12723100476,mqlp_4_1_1,47925845,128,0
11814225656,mqlp_4_1_2,47930493,128,0
11779524218,mqlp_4_1_2,47930593,128,0
12123789610,mqlp_4_1_2,47933545,128,0
12115108750,mqlp_4_1_2,47933273,128,0
12151148660,mqlp_4_1_2,47932158,128,0
11866362140,mqlp_4_1_4,47938387,128,0
11684320116,mqlp_4_1_4,47935324,128,0
12116388002,mqlp_4_1_4,47946071,128,0
11401297978,mqlp_4_1_4,47933984,128,0
11901497058,mqlp_4_1_4,47939969,128,0
13069768560,mqlp_4_1_8,47937115,128,0
12850940204,mqlp_4_1_8,47942909,128,0
12092913732,mqlp_4_1_8,47947838,128,0
12433767124,mqlp_4_1_8,47954778,128,0
11728572906,mqlp_4_1_8,47945320,128,0
11470559606,mqlp_4_1_16,47942639,128,0
11825324572,mqlp_4_1_16,47945045,128,0
11321022634,mqlp_4_1_16,47943589,128,0
12422298656,mqlp_4_1_16,47945908,128,0
11396522956,mqlp_4_1_16,47939513,128,0
11494478552,mqlp_4_1_32,47960381,128,0
11724380538,mqlp_4_1_32,47967115,128,0
12147092950,mqlp_4_1_32,47969948,128,0
12340545754,mqlp_4_1_32,47971088,128,0
12001224120,mqlp_4_1_32,47967698,128,0
12819690548,mqlp_4_1_64,47988941,128,0
12807219474,mqlp_4_1_64,47987008,128,0
12262057716,mqlp_4_1_64,47984716,128,0
12304349256,mqlp_4_1_64,47983492,128,0
12722190076,mqlp_4_1_64,47988887,128,0
15206822452,mqlp_4_1_128,48009811,128,0
13305576702,mqlp_4_1_128,47995540,128,0
16003910808,mqlp_4_1_128,48005061,128,0
13282680540,mqlp_4_1_128,47997189,128,0
16527989668,mqlp_4_1_128,48001057,128,0
14376887270,mqlp_4_1_256,48014838,128,0
14413823990,mqlp_4_1_256,48014912,128,0
14006891088,mqlp_4_1_256,48017226,128,0
15416362358,mqlp_4_1_256,48034119,128,0
14435955478,mqlp_4_1_256,48019952,128,0
14186167400,mqlp_4_1_512,48020554,128,0
15507353106,mqlp_4_1_512,48017853,128,0
14137651036,mqlp_4_1_512,48019731,128,0
14889954332,mqlp_4_1_512,48022462,128,0
14657614466,mqlp_4_1_512,48020367,128,0
15808030438,mqlp_4_1_1024,48025171,128,0
14181577488,mqlp_4_1_1024,48020097,128,0
15210209078,mqlp_4_1_1024,48029535,128,0
14278447374,mqlp_4_1_1024,48023383,128,0
14690369428,mqlp_4_1_1024,48025173,128,0
13717617044,mqlp_4_2_1,48071776,128,0
13083282410,mqlp_4_2_1,48062208,128,0
12384915072,mqlp_4_2_1,48065215,128,0
12882685870,mqlp_4_2_1,48059128,128,0
12846013102,mqlp_4_2_1,48064531,128,0
12656084034,mqlp_4_2_2,48049679,128,0
11705677910,mqlp_4_2_2,48057773,128,0
12182076412,mqlp_4_2_2,48046738,128,0
12137528134,mqlp_4_2_2,48048920,128,0
12403361060,mqlp_4_2_2,48047852,128,0
12478486364,mqlp_4_2_4,48033759,128,0
11513922442,mqlp_4_2_4,48027774,128,0
11251323518,mqlp_4_2_4,48030731,128,0
14224389792,mqlp_4_2_4,48033678,128,0
11277241950,mqlp_4_2_4,48031605,128,0
11023772550,mqlp_4_2_8,48011094,128,0
11306455406,mqlp_4_2_8,48013473,128,0
12031762076,mqlp_4_2_8,48024006,128,0
11959913796,mqlp_4_2_8,48020809,128,0
13777539076,mqlp_4_2_8,48016317,128,0
11685834592,mqlp_4_2_16,47992626,128,0
11602550364,mqlp_4_2_16,47992643,128,0
12746389676,mqlp_4_2_16,47990129,128,0
11751190506,mqlp_4_2_16,47997846,128,0
13604258378,mqlp_4_2_16,48000703,128,0
11292293364,mqlp_4_2_32,47991573,128,0
11907764926,mqlp_4_2_32,47988910,128,0
12454585988,mqlp_4_2_32,47996616,128,0
12400164614,mqlp_4_2_32,47996485,128,0
13046944964,mqlp_4_2_32,47999651,128,0
16271352232,mqlp_4_2_64,47993901,128,0
15462396296,mqlp_4_2_64,48000509,128,0
15476312832,mqlp_4_2_64,48000072,128,0
13704090160,mqlp_4_2_64,48010069,128,0
14399733306,mqlp_4_2_64,48007551,128,0
20162786558,mqlp_4_2_128,48022984,128,0
23744543372,mqlp_4_2_128,48028015,128,0
19016700134,mqlp_4_2_128,48009837,128,0
18958736932,mqlp_4_2_128,48009774,128,0
22635109402,mqlp_4_2_128,48012004,128,0
37319200766,mqlp_4_2_256,48040679,128,0
22792395790,mqlp_4_2_256,48029497,128,0
39576362002,mqlp_4_2_256,48012797,128,0
42245268178,mqlp_4_2_256,48050785,128,0
24998986858,mqlp_4_2_256,48035924,128,0
30424797420,mqlp_4_2_512,48050518,128,0
32289970362,mqlp_4_2_512,48067752,128,0
47949525250,mqlp_4_2_512,48050802,128,0
33355923364,mqlp_4_2_512,48034315,128,0
34109979532,mqlp_4_2_512,48046969,128,0
56786323340,mqlp_4_2_1024,48047112,128,0
57724420294,mqlp_4_2_1024,48043586,128,0
26444229584,mqlp_4_2_1024,48031704,128,0
37861820448,mqlp_4_2_1024,48070134,128,0
42906206972,mqlp_4_2_1024,48060342,128,0
12683174442,mqlp_4_4_1,48166942,128,0
13813041932,mqlp_4_4_1,48166469,128,0
13451866074,mqlp_4_4_1,48164787,128,0
12690863044,mqlp_4_4_1,48166289,128,0
12835465558,mqlp_4_4_1,48160227,128,0
11573780944,mqlp_4_4_2,48140655,128,0
13832132706,mqlp_4_4_2,48145177,128,0
12028781122,mqlp_4_4_2,48140015,128,0
12749239252,mqlp_4_4_2,48142568,128,0
11988463728,mqlp_4_4_2,48136254,128,0
12582968420,mqlp_4_4_4,48105336,128,0
11746259474,mqlp_4_4_4,48107640,128,0
11620285132,mqlp_4_4_4,48099396,128,0
11509646522,mqlp_4_4_4,48106139,128,0
11365171694,mqlp_4_4_4,48104613,128,0
11020053284,mqlp_4_4_8,48066611,128,0
11710208032,mqlp_4_4_8,48070512,128,0
12868747818,mqlp_4_4_8,48070934,128,0
10971455778,mqlp_4_4_8,48067426,128,0
11246742560,mqlp_4_4_8,48067686,128,0
12236666654,mqlp_4_4_16,48037810,128,0
10781672992,mqlp_4_4_16,48028241,128,0
11150505018,mqlp_4_4_16,48031635,128,0
11282986910,mqlp_4_4_16,48027149,128,0
12341772694,mqlp_4_4_16,48040152,128,0
10982987120,mqlp_4_4_32,48003765,128,0
12172834540,mqlp_4_4_32,48015916,128,0
12700025680,mqlp_4_4_32,48009473,128,0
10936666072,mqlp_4_4_32,48002929,128,0
11024795644,mqlp_4_4_32,48004249,128,0
12636757446,mqlp_4_4_64,47999381,128,0
13481410166,mqlp_4_4_64,47999271,128,0
12692259694,mqlp_4_4_64,48015251,128,0
14330738146,mqlp_4_4_64,48007773,128,0
12471662906,mqlp_4_4_64,48001042,128,0
14647437478,mqlp_4_4_128,48008211,128,0
19328074558,mqlp_4_4_128,48012451,128,0
15008538250,mqlp_4_4_128,48005774,128,0
16153486752,mqlp_4_4_128,48015246,128,0
15794362702,mqlp_4_4_128,48007019,128,0
19847678334,mqlp_4_4_256,48008489,128,0
22124467310,mqlp_4_4_256,48027964,128,0
22801315402,mqlp_4_4_256,48020982,128,0
20188357118,mqlp_4_4_256,48015364,128,0
31679946486,mqlp_4_4_256,48024403,128,0
35339427600,mqlp_4_4_512,48020018,128,0
39482273364,mqlp_4_4_512,48014643,128,0
30604884452,mqlp_4_4_512,48030431,128,0
32625972178,mqlp_4_4_512,48010346,128,0
26661746588,mqlp_4_4_512,48025322,128,0
25343022894,mqlp_4_4_1024,48026913,128,0
31465960938,mqlp_4_4_1024,48023880,128,0
30217630242,mqlp_4_4_1024,48046415,128,0
26375971882,mqlp_4_4_1024,48045193,128,0
27235320320,mqlp_4_4_1024,48021732,128,0
12341175830,mqlp_4_8_1,48227062,128,0
12416784082,mqlp_4_8_1,48224169,128,0
12322267282,mqlp_4_8_1,48233890,128,0
14327928958,mqlp_4_8_1,48227851,128,0
13801275604,mqlp_4_8_1,48241287,128,0
11553546430,mqlp_4_8_2,48200221,128,0
11883196860,mqlp_4_8_2,48198848,128,0
11903555506,mqlp_4_8_2,48183695,128,0
12512022550,mqlp_4_8_2,48187173,128,0
12025238306,mqlp_4_8_2,48193227,128,0
11896357290,mqlp_4_8_4,48154817,128,0
11460588084,mqlp_4_8_4,48149910,128,0
11096718188,mqlp_4_8_4,48152115,128,0
11293148500,mqlp_4_8_4,48154007,128,0
11444893148,mqlp_4_8_4,48152563,128,0
11036690766,mqlp_4_8_8,48098062,128,0
11949863580,mqlp_4_8_8,48105426,128,0
10860980324,mqlp_4_8_8,48106251,128,0
11153248936,mqlp_4_8_8,48096594,128,0
12047609208,mqlp_4_8_8,48111838,128,0
11246201760,mqlp_4_8_16,48050739,128,0
11048865132,mqlp_4_8_16,48051705,128,0
10754989596,mqlp_4_8_16,48050543,128,0
14920122116,mqlp_4_8_16,48051536,128,0
10787181814,mqlp_4_8_16,48055779,128,0
11919138350,mqlp_4_8_32,48020849,128,0
11340487920,mqlp_4_8_32,48015346,128,0
10764488036,mqlp_4_8_32,48011469,128,0
10804706362,mqlp_4_8_32,48017800,128,0
10803522688,mqlp_4_8_32,48016366,128,0
11675325938,mqlp_4_8_64,47998853,128,0
12148185908,mqlp_4_8_64,48007185,128,0
12078718148,mqlp_4_8_64,47997278,128,0
11309860912,mqlp_4_8_64,47995630,128,0
12086899832,mqlp_4_8_64,48002582,128,0
15558968898,mqlp_4_8_128,47991375,128,0
14729836958,mqlp_4_8_128,47996545,128,0
12865043700,mqlp_4_8_128,47998402,128,0
13828768226,mqlp_4_8_128,48002067,128,0
13466386610,mqlp_4_8_128,47997238,128,0
19836252014,mqlp_4_8_256,47993591,128,0
14916769386,mqlp_4_8_256,47996762,128,0
18047552156,mqlp_4_8_256,48007421,128,0
18839481118,mqlp_4_8_256,48015888,128,0
16444619390,mqlp_4_8_256,48015437,128,0
18074455408,mqlp_4_8_512,48010272,128,0
20606975154,mqlp_4_8_512,48015595,128,0
19303366832,mqlp_4_8_512,47993011,128,0
20329188706,mqlp_4_8_512,48015770,128,0
16920212220,mqlp_4_8_512,47997396,128,0
23422274076,mqlp_4_8_1024,48008409,128,0
19335124716,mqlp_4_8_1024,48001353,128,0
26036352584,mqlp_4_8_1024,48008315,128,0
25701401168,mqlp_4_8_1024,48009424,128,0
20926896994,mqlp_4_8_1024,48007872,128,0
12163298434,mqlp_4_16_1,48243967,128,0
12170209100,mqlp_4_16_1,48243347,128,0
12763109226,mqlp_4_16_1,48236307,128,0
12390789776,mqlp_4_16_1,48238870,128,0
12536419186,mqlp_4_16_1,48245309,128,0
11661961278,mqlp_4_16_2,48208740,128,0
11817617412,mqlp_4_16_2,48198349,128,0
11695047654,mqlp_4_16_2,48212303,128,0
12572404682,mqlp_4_16_2,48202982,128,0
11766990012,mqlp_4_16_2,48196493,128,0
11239631284,mqlp_4_16_4,48162906,128,0
11582698502,mqlp_4_16_4,48161257,128,0
11140453706,mqlp_4_16_4,48156658,128,0
11581470840,mqlp_4_16_4,48165026,128,0
11667137566,mqlp_4_16_4,48162952,128,0
11323906786,mqlp_4_16_8,48115591,128,0
11949464210,mqlp_4_16_8,48123580,128,0
12406103658,mqlp_4_16_8,48111449,128,0
11053683514,mqlp_4_16_8,48116734,128,0
11806957024,mqlp_4_16_8,48108757,128,0
11012599166,mqlp_4_16_16,48060157,128,0
11336328674,mqlp_4_16_16,48057886,128,0
11469127170,mqlp_4_16_16,48065990,128,0
10881699780,mqlp_4_16_16,48061779,128,0
10738255246,mqlp_4_16_16,48063686,128,0
11713563980,mqlp_4_16_32,48023824,128,0
10629810824,mqlp_4_16_32,48020882,128,0
10976245490,mqlp_4_16_32,48018943,128,0
12310027302,mqlp_4_16_32,48018003,128,0
13011451216,mqlp_4_16_32,48020040,128,0
10640353458,mqlp_4_16_64,47994783,128,0
11324338044,mqlp_4_16_64,47990912,128,0
10880311400,mqlp_4_16_64,47988320,128,0
11015608148,mqlp_4_16_64,47989274,128,0
11181054360,mqlp_4_16_64,47994304,128,0
12438401692,mqlp_4_16_128,47993217,128,0
14332988320,mqlp_4_16_128,47992731,128,0
13433689132,mqlp_4_16_128,47994221,128,0
11916720942,mqlp_4_16_128,47985139,128,0
11603512346,mqlp_4_16_128,47975312,128,0
12711365162,mqlp_4_16_256,47985925,128,0
12589986956,mqlp_4_16_256,47985310,128,0
12758780072,mqlp_4_16_256,47994111,128,0
12612788984,mqlp_4_16_256,47992033,128,0
12392676092,mqlp_4_16_256,47984192,128,0
14996925420,mqlp_4_16_512,47991283,128,0
13573750160,mqlp_4_16_512,47993131,128,0
16398769266,mqlp_4_16_512,47996018,128,0
12647230760,mqlp_4_16_512,47987789,128,0
14603199106,mqlp_4_16_512,47995375,128,0
15057943858,mqlp_4_16_1024,48013160,128,0
15284582280,mqlp_4_16_1024,47983579,128,0
16367746786,mqlp_4_16_1024,47996357,128,0
14157792618,mqlp_4_16_1024,47984077,128,0
22566844036,mqlp_4_16_1024,48002752,128,0
12513686662,mqlp_4_32_1,48216074,128,0
12971309630,mqlp_4_32_1,48222398,128,0
14409987612,mqlp_4_32_1,48219315,128,0
12730134470,mqlp_4_32_1,48214262,128,0
12500916666,mqlp_4_32_1,48209636,128,0
11721524606,mqlp_4_32_2,48193291,128,0
11941205876,mqlp_4_32_2,48187947,128,0
11481811656,mqlp_4_32_2,48192694,128,0
11791517280,mqlp_4_32_2,48179773,128,0
11848758652,mqlp_4_32_2,48187141,128,0
11407066370,mqlp_4_32_4,48158142,128,0
11370623838,mqlp_4_32_4,48140744,128,0
11106927948,mqlp_4_32_4,48147537,128,0
11133860924,mqlp_4_32_4,48149892,128,0
11507772828,mqlp_4_32_4,48150299,128,0
10955377074,mqlp_4_32_8,48100535,128,0
10999497046,mqlp_4_32_8,48098261,128,0
11313249152,mqlp_4_32_8,48101136,128,0
10818496480,mqlp_4_32_8,48103100,128,0
11101452136,mqlp_4_32_8,48105643,128,0
11426148832,mqlp_4_32_16,48054412,128,0
10621528812,mqlp_4_32_16,48058166,128,0
11577353440,mqlp_4_32_16,48077943,128,0
11453565478,mqlp_4_32_16,48073655,128,0
11105160518,mqlp_4_32_16,48063537,128,0
10606159044,mqlp_4_32_32,48013473,128,0
11483656752,mqlp_4_32_32,48025652,128,0
10596666746,mqlp_4_32_32,48022071,128,0
11659911144,mqlp_4_32_32,48035003,128,0
11513344066,mqlp_4_32_32,48028829,128,0
10746093028,mqlp_4_32_64,47989290,128,0
11679199940,mqlp_4_32_64,48002624,128,0
10723388980,mqlp_4_32_64,47993727,128,0
10847843288,mqlp_4_32_64,47999718,128,0
10748159282,mqlp_4_32_64,47991525,128,0
10798641438,mqlp_4_32_128,47975515,128,0
11018821872,mqlp_4_32_128,47966660,128,0
11770371070,mqlp_4_32_128,47989655,128,0
10885505066,mqlp_4_32_128,47975608,128,0
10658139326,mqlp_4_32_128,47973270,128,0
11999704832,mqlp_4_32_256,47969756,128,0
11692269348,mqlp_4_32_256,47972988,128,0
11275733688,mqlp_4_32_256,47972275,128,0
11859779910,mqlp_4_32_256,47975132,128,0
11252623412,mqlp_4_32_256,47974633,128,0
11988692410,mqlp_4_32_512,47974665,128,0
15165898970,mqlp_4_32_512,47982309,128,0
13388299158,mqlp_4_32_512,47988238,128,0
12554928724,mqlp_4_32_512,47976521,128,0
14032748314,mqlp_4_32_512,47994373,128,0
11562486980,mqlp_4_32_1024,47973511,128,0
12680746124,mqlp_4_32_1024,47977245,128,0
12922552210,mqlp_4_32_1024,47987494,128,0
13361585456,mqlp_4_32_1024,47987589,128,0
12011820422,mqlp_4_32_1024,47974987,128,0
12498290098,mqlp_4_64_1,48191845,128,0
12593446944,mqlp_4_64_1,48189212,128,0
14400007032,mqlp_4_64_1,48189753,128,0
12130312540,mqlp_4_64_1,48191642,128,0
12488044864,mqlp_4_64_1,48191351,128,0
11954850604,mqlp_4_64_2,48164771,128,0
12016939738,mqlp_4_64_2,48169173,128,0
11793291090,mqlp_4_64_2,48176571,128,0
11461299432,mqlp_4_64_2,48174622,128,0
12100383540,mqlp_4_64_2,48178354,128,0
11630164404,mqlp_4_64_4,48142684,128,0
11537748126,mqlp_4_64_4,48123470,128,0
12287656398,mqlp_4_64_4,48165438,128,0
11471711894,mqlp_4_64_4,48136904,128,0
11051994142,mqlp_4_64_4,48136754,128,0
11656248644,mqlp_4_64_8,48098741,128,0
11302636716,mqlp_4_64_8,48099437,128,0
11329795152,mqlp_4_64_8,48099662,128,0
10907943696,mqlp_4_64_8,48096302,128,0
11836496884,mqlp_4_64_8,48105724,128,0
11289000048,mqlp_4_64_16,48048400,128,0
10741615262,mqlp_4_64_16,48049760,128,0
11945381978,mqlp_4_64_16,48066543,128,0
10910776894,mqlp_4_64_16,48048419,128,0
10790122882,mqlp_4_64_16,48062971,128,0
11649388758,mqlp_4_64_32,48038903,128,0
10577448852,mqlp_4_64_32,48024732,128,0
10575000796,mqlp_4_64_32,48021565,128,0
10975303960,mqlp_4_64_32,48016056,128,0
11248560582,mqlp_4_64_32,48025722,128,0
10596952242,mqlp_4_64_64,47994333,128,0
11610800950,mqlp_4_64_64,48010670,128,0
11178037076,mqlp_4_64_64,47993847,128,0
10961417750,mqlp_4_64_64,47992182,128,0
10695754822,mqlp_4_64_64,47996204,128,0
10735580840,mqlp_4_64_128,47975680,128,0
11169438306,mqlp_4_64_128,47982300,128,0
11759707560,mqlp_4_64_128,47988268,128,0
11558382394,mqlp_4_64_128,47987753,128,0
10613551808,mqlp_4_64_128,47971077,128,0
11440336678,mqlp_4_64_256,47974055,128,0
10821228070,mqlp_4_64_256,47969002,128,0
10867351960,mqlp_4_64_256,47969174,128,0
11111482612,mqlp_4_64_256,47966362,128,0
11934610754,mqlp_4_64_256,47974580,128,0
11702435156,mqlp_4_64_512,47978273,128,0
11978883384,mqlp_4_64_512,47985130,128,0
12250834548,mqlp_4_64_512,47973461,128,0
11684782178,mqlp_4_64_512,47974541,128,0
11003219330,mqlp_4_64_512,47963682,128,0
13611388408,mqlp_4_64_1024,47980727,128,0
11962176566,mqlp_4_64_1024,47967453,128,0
14138666288,mqlp_4_64_1024,47978844,128,0
11655571008,mqlp_4_64_1024,47965668,128,0
12362331804,mqlp_4_64_1024,47966940,128,0
12784820228,mqlp_4_128_1,48194858,128,0
12592270674,mqlp_4_128_1,48192794,128,0
12321429376,mqlp_4_128_1,48195105,128,0
13255820350,mqlp_4_128_1,48192588,128,0
12123804358,mqlp_4_128_1,48193702,128,0
12364321104,mqlp_4_128_2,48179505,128,0
12074118052,mqlp_4_128_2,48169123,128,0
11587455100,mqlp_4_128_2,48185611,128,0
11980955830,mqlp_4_128_2,48160158,128,0
11627643666,mqlp_4_128_2,48174519,128,0
11507867860,mqlp_4_128_4,48130271,128,0
11083404236,mqlp_4_128_4,48143001,128,0
11335857724,mqlp_4_128_4,48125133,128,0
13634068600,mqlp_4_128_4,48139028,128,0
11843066086,mqlp_4_128_4,48147132,128,0
10904800276,mqlp_4_128_8,48097415,128,0
10917719894,mqlp_4_128_8,48110294,128,0
10900253060,mqlp_4_128_8,48101964,128,0
10906686798,mqlp_4_128_8,48099274,128,0
11201027082,mqlp_4_128_8,48088888,128,0
11662432576,mqlp_4_128_16,48074054,128,0
10878892876,mqlp_4_128_16,48052765,128,0
12861583748,mqlp_4_128_16,48068205,128,0
10869145474,mqlp_4_128_16,48053939,128,0
11830066402,mqlp_4_128_16,48053509,128,0
11014945928,mqlp_4_128_32,48025918,128,0
10942245930,mqlp_4_128_32,48023174,128,0
11208140540,mqlp_4_128_32,48032618,128,0
11536179508,mqlp_4_128_32,48038472,128,0
11167929486,mqlp_4_128_32,48023351,128,0
11106693982,mqlp_4_128_64,47991303,128,0
11044728472,mqlp_4_128_64,47994167,128,0
10823748288,mqlp_4_128_64,47987890,128,0
11514402622,mqlp_4_128_64,47992859,128,0
11723580378,mqlp_4_128_64,47990046,128,0
11461236978,mqlp_4_128_128,47972313,128,0
10391385608,mqlp_4_128_128,47971640,128,0
11610479936,mqlp_4_128_128,47982344,128,0
11851751404,mqlp_4_128_128,47993172,128,0
10653782426,mqlp_4_128_128,47975342,128,0
10575883704,mqlp_4_128_256,47961238,128,0
10583650040,mqlp_4_128_256,47964732,128,0
11904560016,mqlp_4_128_256,47987087,128,0
10612985266,mqlp_4_128_256,47958022,128,0
11239125618,mqlp_4_128_256,47967340,128,0
11100838830,mqlp_4_128_512,47956428,128,0
11459730690,mqlp_4_128_512,47968845,128,0
10921824880,mqlp_4_128_512,47961073,128,0
11103860016,mqlp_4_128_512,47958478,128,0
10720159978,mqlp_4_128_512,47957559,128,0
11908761916,mqlp_4_128_1024,47965183,128,0
11015840720,mqlp_4_128_1024,47963170,128,0
11409257552,mqlp_4_128_1024,47961415,128,0
11192433610,mqlp_4_128_1024,47959570,128,0
10800798476,mqlp_4_128_1024,47956291,128,0
12678823912,mqlp_4_256_1,48173959,128,0
12900052304,mqlp_4_256_1,48176785,128,0
12385660794,mqlp_4_256_1,48171844,128,0
12645648026,mqlp_4_256_1,48172055,128,0
12818284000,mqlp_4_256_1,48169217,128,0
11766258086,mqlp_4_256_2,48152491,128,0
12232641782,mqlp_4_256_2,48158248,128,0
12979300046,mqlp_4_256_2,48152860,128,0
11702541312,mqlp_4_256_2,48151032,128,0
12218302550,mqlp_4_256_2,48165629,128,0
11841130172,mqlp_4_256_4,48121596,128,0
11172141250,mqlp_4_256_4,48126586,128,0
11433958890,mqlp_4_256_4,48120822,128,0
11173129860,mqlp_4_256_4,48120819,128,0
11657363006,mqlp_4_256_4,48118441,128,0
11793012696,mqlp_4_256_8,48102997,128,0
11436181916,mqlp_4_256_8,48078187,128,0
10805577216,mqlp_4_256_8,48081018,128,0
11458633488,mqlp_4_256_8,48077124,128,0
11086967442,mqlp_4_256_8,48090568,128,0
11262690986,mqlp_4_256_16,48042351,128,0
10680200282,mqlp_4_256_16,48040982,128,0
11017337008,mqlp_4_256_16,48047618,128,0
11050991910,mqlp_4_256_16,48039044,128,0
10830343220,mqlp_4_256_16,48051568,128,0
11926178914,mqlp_4_256_32,48033327,128,0
11530748838,mqlp_4_256_32,48023982,128,0
10586343680,mqlp_4_256_32,48009709,128,0
10939235276,mqlp_4_256_32,48007929,128,0
11012217082,mqlp_4_256_32,48010667,128,0
10541300956,mqlp_4_256_64,47990264,128,0
10819759272,mqlp_4_256_64,47984642,128,0
11851445378,mqlp_4_256_64,48005987,128,0
10847371800,mqlp_4_256_64,47989940,128,0
10524346352,mqlp_4_256_64,47988974,128,0
11261710102,mqlp_4_256_128,47983844,128,0
10782713394,mqlp_4_256_128,47969985,128,0
11279539448,mqlp_4_256_128,47973545,128,0
11151771736,mqlp_4_256_128,47977064,128,0
11265382840,mqlp_4_256_128,47976250,128,0
10541455708,mqlp_4_256_256,47957363,128,0
11603124858,mqlp_4_256_256,47975945,128,0
11390872682,mqlp_4_256_256,47971907,128,0
11204006250,mqlp_4_256_256,47963953,128,0
10421903178,mqlp_4_256_256,47956495,128,0
11025990590,mqlp_4_256_512,47960046,128,0
11185084256,mqlp_4_256_512,47954884,128,0
10447106748,mqlp_4_256_512,47951403,128,0
10950779016,mqlp_4_256_512,47953685,128,0
11839304254,mqlp_4_256_512,47971892,128,0
11954563316,mqlp_4_256_1024,47968879,128,0
11617947612,mqlp_4_256_1024,47968340,128,0
10720442924,mqlp_4_256_1024,47952513,128,0
11353852272,mqlp_4_256_1024,47963343,128,0
10997343686,mqlp_4_256_1024,47959381,128,0
12533380846,mqlp_4_512_1,48167410,128,0
13428562688,mqlp_4_512_1,48165169,128,0
12985208478,mqlp_4_512_1,48169874,128,0
12656276670,mqlp_4_512_1,48176010,128,0
12675586532,mqlp_4_512_1,48164390,128,0
11472921134,mqlp_4_512_2,48149809,128,0
11899499894,mqlp_4_512_2,48141149,128,0
11566311440,mqlp_4_512_2,48146066,128,0
11767863874,mqlp_4_512_2,48149677,128,0
11633873756,mqlp_4_512_2,48148361,128,0
11571615288,mqlp_4_512_4,48122872,128,0
11761933864,mqlp_4_512_4,48111714,128,0
11437612622,mqlp_4_512_4,48117877,128,0
11348385194,mqlp_4_512_4,48116516,128,0
11574154722,mqlp_4_512_4,48120302,128,0
10801382320,mqlp_4_512_8,48081022,128,0
11845492292,mqlp_4_512_8,48089134,128,0
11124850600,mqlp_4_512_8,48079837,128,0
10942618314,mqlp_4_512_8,48080546,128,0
11752230108,mqlp_4_512_8,48080675,128,0
11006636970,mqlp_4_512_16,48039368,128,0
11969378104,mqlp_4_512_16,48053856,128,0
10686337794,mqlp_4_512_16,48040336,128,0
12263831430,mqlp_4_512_16,48044810,128,0
10794175570,mqlp_4_512_16,48045430,128,0
11100764070,mqlp_4_512_32,48009080,128,0
11443400476,mqlp_4_512_32,48011711,128,0
11156369804,mqlp_4_512_32,48007675,128,0
11042577092,mqlp_4_512_32,48012805,128,0
11327400844,mqlp_4_512_32,48010775,128,0
12711910596,mqlp_4_512_64,48025234,128,0
11268103320,mqlp_4_512_64,47995099,128,0
10790446160,mqlp_4_512_64,47984978,128,0
10546769082,mqlp_4_512_64,47986474,128,0
12174992454,mqlp_4_512_64,47992371,128,0
10442694470,mqlp_4_512_128,47969359,128,0
11339513958,mqlp_4_512_128,47971752,128,0
11945259322,mqlp_4_512_128,47991046,128,0
11023433294,mqlp_4_512_128,47974042,128,0
10763910224,mqlp_4_512_128,47972410,128,0
12018966554,mqlp_4_512_256,47982521,128,0
12276357624,mqlp_4_512_256,47987442,128,0
11627048154,mqlp_4_512_256,47966939,128,0
11101244818,mqlp_4_512_256,47965524,128,0
11055255694,mqlp_4_512_256,47961074,128,0
11282657754,mqlp_4_512_512,47957151,128,0
10514515574,mqlp_4_512_512,47952087,128,0
13112277988,mqlp_4_512_512,47991053,128,0
11036701032,mqlp_4_512_512,47955189,128,0
10817824874,mqlp_4_512_512,47955427,128,0
10861132052,mqlp_4_512_1024,47949388,128,0
10921644396,mqlp_4_512_1024,47948805,128,0
10749960024,mqlp_4_512_1024,47951936,128,0
10953598978,mqlp_4_512_1024,47954228,128,0
13303374200,mqlp_4_512_1024,47966212,128,0
12321062430,mqlp_4_1024_1,48180649,128,0
12272916412,mqlp_4_1024_1,48169284,128,0
12130752498,mqlp_4_1024_1,48173123,128,0
12721355582,mqlp_4_1024_1,48171336,128,0
12680146036,mqlp_4_1024_1,48178681,128,0
12184805718,mqlp_4_1024_2,48149687,128,0
11358098486,mqlp_4_1024_2,48151434,128,0
11903344284,mqlp_4_1024_2,48154220,128,0
13330346008,mqlp_4_1024_2,48156039,128,0
11433432218,mqlp_4_1024_2,48151828,128,0
11723536238,mqlp_4_1024_4,48125717,128,0
11668085448,mqlp_4_1024_4,48118820,128,0
10953087884,mqlp_4_1024_4,48118592,128,0
13173297624,mqlp_4_1024_4,48116403,128,0
11599860130,mqlp_4_1024_4,48122530,128,0
12253642772,mqlp_4_1024_8,48100793,128,0
11074434014,mqlp_4_1024_8,48076229,128,0
11905729206,mqlp_4_1024_8,48095413,128,0
10862581626,mqlp_4_1024_8,48079693,128,0
11111920292,mqlp_4_1024_8,48082764,128,0
10864953924,mqlp_4_1024_16,48040788,128,0
10590883572,mqlp_4_1024_16,48039394,128,0
10730738626,mqlp_4_1024_16,48040490,128,0
11460367734,mqlp_4_1024_16,48065484,128,0
10673533970,mqlp_4_1024_16,48042244,128,0
10910654930,mqlp_4_1024_32,48016565,128,0
13332385846,mqlp_4_1024_32,48013665,128,0
10622519462,mqlp_4_1024_32,48009692,128,0
10620835132,mqlp_4_1024_32,48004962,128,0
11155013950,mqlp_4_1024_32,48013591,128,0
10542870758,mqlp_4_1024_64,47984066,128,0
11193550908,mqlp_4_1024_64,47982251,128,0
10380690922,mqlp_4_1024_64,47981840,128,0
11658151856,mqlp_4_1024_64,48011162,128,0
10663467104,mqlp_4_1024_64,47982189,128,0
10757291248,mqlp_4_1024_128,47967855,128,0
11071844214,mqlp_4_1024_128,47972167,128,0
11553675468,mqlp_4_1024_128,47986306,128,0
12499516962,mqlp_4_1024_128,47969122,128,0
10514812284,mqlp_4_1024_128,47966429,128,0
11007571024,mqlp_4_1024_256,47960290,128,0
10576471532,mqlp_4_1024_256,47953403,128,0
11357210564,mqlp_4_1024_256,47968229,128,0
10393621610,mqlp_4_1024_256,47953162,128,0
10351501894,mqlp_4_1024_256,47954336,128,0
11094275420,mqlp_4_1024_512,47957837,128,0
10508467856,mqlp_4_1024_512,47950825,128,0
11553195094,mqlp_4_1024_512,47947533,128,0
10108837326,mqlp_4_1024_512,47948532,128,0
11024460660,mqlp_4_1024_512,47954457,128,0
10878931832,mqlp_4_1024_1024,47947310,128,0
10896134302,mqlp_4_1024_1024,47950687,128,0
10525175788,mqlp_4_1024_1024,47950378,128,0
10308566592,mqlp_4_1024_1024,47945898,128,0
11337565974,mqlp_4_1024_1024,47941942,128,0
