3090969930,mqlp_4_1_1,12546626,128,0
3046762852,mqlp_4_1_1,12546841,128,0
3047160774,mqlp_4_1_1,12547065,128,0
3037018322,mqlp_4_1_1,12546182,128,0
3048745716,mqlp_4_1_1,12546100,128,0
2860109312,mqlp_4_1_2,12550759,128,0
2858188186,mqlp_4_1_2,12550295,128,0
2846131354,mqlp_4_1_2,12549724,128,0
2870429142,mqlp_4_1_2,12551097,128,0
2871604510,mqlp_4_1_2,12550095,128,0
2779645880,mqlp_4_1_4,12553111,128,0
2748919430,mqlp_4_1_4,12553582,128,0
2787288828,mqlp_4_1_4,12552566,128,0
2756208028,mqlp_4_1_4,12553274,128,0
2756691690,mqlp_4_1_4,12553072,128,0
3372053466,mqlp_4_1_8,12554796,128,0
2719826546,mqlp_4_1_8,12554796,128,0
2805044232,mqlp_4_1_8,12555328,128,0
2734588394,mqlp_4_1_8,12554441,128,0
2728295478,mqlp_4_1_8,12554857,128,0
2744906098,mqlp_4_1_16,12556015,128,0
2766381438,mqlp_4_1_16,12556266,128,0
2715060012,mqlp_4_1_16,12555904,128,0
2941843486,mqlp_4_1_16,12556205,128,0
2691882994,mqlp_4_1_16,12555374,128,0
2739571486,mqlp_4_1_32,12559306,128,0
2712539442,mqlp_4_1_32,12559937,128,0
2694338678,mqlp_4_1_32,12560250,128,0
2955598228,mqlp_4_1_32,12559831,128,0
2678913336,mqlp_4_1_32,12559382,128,0
2703874638,mqlp_4_1_64,12564287,128,0
2696676962,mqlp_4_1_64,12563890,128,0
2722663442,mqlp_4_1_64,12563709,128,0
2702592754,mqlp_4_1_64,12563198,128,0
2783395502,mqlp_4_1_64,12562777,128,0
2736037936,mqlp_4_1_128,12565709,128,0
2705731196,mqlp_4_1_128,12566437,128,0
2718057922,mqlp_4_1_128,12566928,128,0
3001861162,mqlp_4_1_128,12569262,128,0
2741291690,mqlp_4_1_128,12566409,128,0
2721633138,mqlp_4_1_256,12566659,128,0
2772503030,mqlp_4_1_256,12569026,128,0
2742681640,mqlp_4_1_256,12567219,128,0
2781873510,mqlp_4_1_256,12569644,128,0
2741315398,mqlp_4_1_256,12568798,128,0
2751031708,mqlp_4_1_512,12569183,128,0
2769721238,mqlp_4_1_512,12571404,128,0
2762390972,mqlp_4_1_512,12569292,128,0
2742821216,mqlp_4_1_512,12568762,128,0
2755817274,mqlp_4_1_512,12571565,128,0
2763160430,mqlp_4_1_1024,12570045,128,0
2793560028,mqlp_4_1_1024,12571522,128,0
2872313610,mqlp_4_1_1024,12569165,128,0
2772099804,mqlp_4_1_1024,12570857,128,0
2774869790,mqlp_4_1_1024,12572905,128,0
2984236084,mqlp_4_2_1,12582740,128,0
2949457278,mqlp_4_2_1,12582857,128,0
3003935764,mqlp_4_2_1,12582164,128,0
3031616018,mqlp_4_2_1,12581221,128,0
2976929180,mqlp_4_2_1,12582800,128,0
3072166338,mqlp_4_2_2,12580967,128,0
2851052324,mqlp_4_2_2,12579326,128,0
2867692038,mqlp_4_2_2,12580015,128,0
2828915444,mqlp_4_2_2,12581714,128,0
2830556620,mqlp_4_2_2,12580384,128,0
2755457818,mqlp_4_2_4,12576934,128,0
2748925120,mqlp_4_2_4,12576471,128,0
2749433544,mqlp_4_2_4,12577184,128,0
2731999584,mqlp_4_2_4,12577532,128,0
3623628350,mqlp_4_2_4,12576770,128,0
2781517134,mqlp_4_2_8,12572347,128,0
2751994672,mqlp_4_2_8,12572976,128,0
2688833774,mqlp_4_2_8,12571281,128,0
2677495696,mqlp_4_2_8,12571855,128,0
2677851132,mqlp_4_2_8,12572676,128,0
2640111704,mqlp_4_2_16,12566973,128,0
2653215864,mqlp_4_2_16,12567968,128,0
2933091232,mqlp_4_2_16,12568113,128,0
2702655218,mqlp_4_2_16,12567665,128,0
2771796034,mqlp_4_2_16,12567894,128,0
2637763546,mqlp_4_2_32,12565474,128,0
2897667438,mqlp_4_2_32,12565114,128,0
2639999342,mqlp_4_2_32,12565757,128,0
3701358712,mqlp_4_2_32,12568171,128,0
2638594526,mqlp_4_2_32,12565930,128,0
2641729252,mqlp_4_2_64,12567222,128,0
2664329004,mqlp_4_2_64,12566326,128,0
2706903310,mqlp_4_2_64,12567159,128,0
2924471454,mqlp_4_2_64,12566267,128,0
2708020434,mqlp_4_2_64,12566923,128,0
2651689476,mqlp_4_2_128,12566862,128,0
2680718990,mqlp_4_2_128,12567553,128,0
2757302220,mqlp_4_2_128,12567541,128,0
2681733130,mqlp_4_2_128,12567352,128,0
2678280992,mqlp_4_2_128,12567597,128,0
2655192226,mqlp_4_2_256,12567691,128,0
2918359220,mqlp_4_2_256,12570022,128,0
2695048344,mqlp_4_2_256,12568209,128,0
2688675530,mqlp_4_2_256,12566527,128,0
2666316282,mqlp_4_2_256,12567040,128,0
2701989798,mqlp_4_2_512,12568849,128,0
2941008860,mqlp_4_2_512,12568960,128,0
2681777402,mqlp_4_2_512,12569621,128,0
2685741058,mqlp_4_2_512,12567805,128,0
2671510758,mqlp_4_2_512,12568179,128,0
2735445652,mqlp_4_2_1024,12568861,128,0
2697353788,mqlp_4_2_1024,12571123,128,0
2696793334,mqlp_4_2_1024,12568743,128,0
2703275506,mqlp_4_2_1024,12567865,128,0
2666220062,mqlp_4_2_1024,12567424,128,0
3192782632,mqlp_4_4_1,12609233,128,0
3003332168,mqlp_4_4_1,12608973,128,0
3033725238,mqlp_4_4_1,12608184,128,0
2973117014,mqlp_4_4_1,12609146,128,0
3360436942,mqlp_4_4_1,12609061,128,0
2837259798,mqlp_4_4_2,12604961,128,0
3579886474,mqlp_4_4_2,12603778,128,0
2814640498,mqlp_4_4_2,12604278,128,0
3560683124,mqlp_4_4_2,12605374,128,0
2795834964,mqlp_4_4_2,12605489,128,0
2734207886,mqlp_4_4_4,12596336,128,0
2721055342,mqlp_4_4_4,12597079,128,0
3977068132,mqlp_4_4_4,12597012,128,0
2729821216,mqlp_4_4_4,12596091,128,0
2721818740,mqlp_4_4_4,12597412,128,0
2669636266,mqlp_4_4_8,12586044,128,0
2718307634,mqlp_4_4_8,12587267,128,0
2748471668,mqlp_4_4_8,12586404,128,0
2742052434,mqlp_4_4_8,12586993,128,0
2928357044,mqlp_4_4_8,12588089,128,0
2647864210,mqlp_4_4_16,12576708,128,0
2639104236,mqlp_4_4_16,12578123,128,0
2940165712,mqlp_4_4_16,12577808,128,0
2637138136,mqlp_4_4_16,12576967,128,0
2662240588,mqlp_4_4_16,12578755,128,0
2639359176,mqlp_4_4_32,12571201,128,0
2649601176,mqlp_4_4_32,12571310,128,0
2644792364,mqlp_4_4_32,12570655,128,0
2662770518,mqlp_4_4_32,12572354,128,0
3108303142,mqlp_4_4_32,12572869,128,0
2668156314,mqlp_4_4_64,12569643,128,0
2630535176,mqlp_4_4_64,12569704,128,0
2674971674,mqlp_4_4_64,12570810,128,0
2650036708,mqlp_4_4_64,12569460,128,0
2631073838,mqlp_4_4_64,12568808,128,0
2927247924,mqlp_4_4_128,12568605,128,0
3205543044,mqlp_4_4_128,12568049,128,0
2649218872,mqlp_4_4_128,12567798,128,0
2709947308,mqlp_4_4_128,12569447,128,0
2650181316,mqlp_4_4_128,12567598,128,0
2675232688,mqlp_4_4_256,12568857,128,0
2662196860,mqlp_4_4_256,12568371,128,0
2670734160,mqlp_4_4_256,12569006,128,0
2712080058,mqlp_4_4_256,12569028,128,0
2689366292,mqlp_4_4_256,12567876,128,0
2668173324,mqlp_4_4_512,12567032,128,0
2782456754,mqlp_4_4_512,12568006,128,0
2653112544,mqlp_4_4_512,12567008,128,0
2670770972,mqlp_4_4_512,12568327,128,0
2829391364,mqlp_4_4_512,12567553,128,0
2725914752,mqlp_4_4_1024,12567946,128,0
2684573544,mqlp_4_4_1024,12568663,128,0
2672325884,mqlp_4_4_1024,12567570,128,0
2677123260,mqlp_4_4_1024,12568736,128,0
2650572424,mqlp_4_4_1024,12567899,128,0
3789782844,mqlp_4_8_1,12624825,128,0
2981846176,mqlp_4_8_1,12625316,128,0
2979702478,mqlp_4_8_1,12625351,128,0
3285100386,mqlp_4_8_1,12624525,128,0
3043244900,mqlp_4_8_1,12623350,128,0
3108375710,mqlp_4_8_2,12620530,128,0
2846070830,mqlp_4_8_2,12620124,128,0
3058160348,mqlp_4_8_2,12620441,128,0
2841292934,mqlp_4_8_2,12619499,128,0
2828061158,mqlp_4_8_2,12620825,128,0
3124097218,mqlp_4_8_4,12608759,128,0
2713760974,mqlp_4_8_4,12609981,128,0
2719226526,mqlp_4_8_4,12609183,128,0
2750305108,mqlp_4_8_4,12609236,128,0
2742493844,mqlp_4_8_4,12610715,128,0
2712439404,mqlp_4_8_8,12597540,128,0
2953431858,mqlp_4_8_8,12598136,128,0
2701547398,mqlp_4_8_8,12596594,128,0
2706227890,mqlp_4_8_8,12596426,128,0
2678692126,mqlp_4_8_8,12597878,128,0
2859221234,mqlp_4_8_16,12584523,128,0
2863709830,mqlp_4_8_16,12585009,128,0
2644856438,mqlp_4_8_16,12583977,128,0
2911029784,mqlp_4_8_16,12582772,128,0
3142285550,mqlp_4_8_16,12586739,128,0
2636997924,mqlp_4_8_32,12575108,128,0
2633126054,mqlp_4_8_32,12573637,128,0
2865580440,mqlp_4_8_32,12572976,128,0
2658173596,mqlp_4_8_32,12574909,128,0
2906671070,mqlp_4_8_32,12574087,128,0
2653466544,mqlp_4_8_64,12570581,128,0
2647985138,mqlp_4_8_64,12571703,128,0
2630620216,mqlp_4_8_64,12570887,128,0
2674678628,mqlp_4_8_64,12570073,128,0
2711412048,mqlp_4_8_64,12571018,128,0
2672078634,mqlp_4_8_128,12569576,128,0
3048930106,mqlp_4_8_128,12569353,128,0
2660464876,mqlp_4_8_128,12567097,128,0
2760984506,mqlp_4_8_128,12568459,128,0
2836711488,mqlp_4_8_128,12566630,128,0
3243717268,mqlp_4_8_256,12572959,128,0
2664603780,mqlp_4_8_256,12567163,128,0
2926606372,mqlp_4_8_256,12566808,128,0
2657928376,mqlp_4_8_256,12567831,128,0
2884823274,mqlp_4_8_256,12567998,128,0
2696927934,mqlp_4_8_512,12565931,128,0
2672578440,mqlp_4_8_512,12566781,128,0
2932017902,mqlp_4_8_512,12567188,128,0
2708420808,mqlp_4_8_512,12567606,128,0
2660443008,mqlp_4_8_512,12566688,128,0
2700232880,mqlp_4_8_1024,12566955,128,0
2716123194,mqlp_4_8_1024,12566566,128,0
2904750156,mqlp_4_8_1024,12566707,128,0
2933228856,mqlp_4_8_1024,12566554,128,0
3620864232,mqlp_4_8_1024,12568040,128,0
3257098340,mqlp_4_16_1,12625405,128,0
3168817620,mqlp_4_16_1,12628316,128,0
3041568614,mqlp_4_16_1,12627742,128,0
3098453646,mqlp_4_16_1,12628973,128,0
3226102872,mqlp_4_16_1,12628117,128,0
2836220568,mqlp_4_16_2,12622420,128,0
2818072360,mqlp_4_16_2,12623350,128,0
3060749486,mqlp_4_16_2,12624197,128,0
2793306632,mqlp_4_16_2,12624253,128,0
2806561782,mqlp_4_16_2,12622848,128,0
2919679734,mqlp_4_16_4,12612889,128,0
2983653490,mqlp_4_16_4,12613685,128,0
2763494488,mqlp_4_16_4,12611932,128,0
2883564408,mqlp_4_16_4,12614435,128,0
2852684104,mqlp_4_16_4,12613929,128,0
2682089600,mqlp_4_16_8,12599568,128,0
2914609190,mqlp_4_16_8,12599770,128,0
2703690674,mqlp_4_16_8,12600358,128,0
2712694346,mqlp_4_16_8,12598289,128,0
2711951418,mqlp_4_16_8,12598321,128,0
2920924218,mqlp_4_16_16,12587837,128,0
2642540320,mqlp_4_16_16,12586136,128,0
2750231858,mqlp_4_16_16,12585365,128,0
2636461858,mqlp_4_16_16,12587716,128,0
2651545632,mqlp_4_16_16,12586641,128,0
2856606786,mqlp_4_16_32,12574624,128,0
2642360300,mqlp_4_16_32,12575220,128,0
3315247140,mqlp_4_16_32,12574758,128,0
2791704594,mqlp_4_16_32,12574776,128,0
3087312590,mqlp_4_16_32,12575263,128,0
2639031160,mqlp_4_16_64,12569569,128,0
2603894806,mqlp_4_16_64,12568578,128,0
2727709618,mqlp_4_16_64,12570282,128,0
3208608806,mqlp_4_16_64,12574899,128,0
2634528218,mqlp_4_16_64,12567426,128,0
2625128366,mqlp_4_16_128,12564886,128,0
3303920846,mqlp_4_16_128,12575631,128,0
2627011978,mqlp_4_16_128,12567001,128,0
2639481348,mqlp_4_16_128,12565902,128,0
2897932150,mqlp_4_16_128,12566165,128,0
2683735190,mqlp_4_16_256,12564900,128,0
2891081410,mqlp_4_16_256,12564854,128,0
2657267360,mqlp_4_16_256,12565925,128,0
2766888296,mqlp_4_16_256,12567382,128,0
2811980066,mqlp_4_16_256,12564618,128,0
2650623220,mqlp_4_16_512,12564610,128,0
2671922352,mqlp_4_16_512,12564248,128,0
2928647256,mqlp_4_16_512,12564427,128,0
2938276096,mqlp_4_16_512,12565790,128,0
2843799308,mqlp_4_16_512,12564543,128,0
2667479262,mqlp_4_16_1024,12564251,128,0
2692339026,mqlp_4_16_1024,12564267,128,0
2665346436,mqlp_4_16_1024,12563478,128,0
2834267264,mqlp_4_16_1024,12566464,128,0
2665519580,mqlp_4_16_1024,12564002,128,0
2962282820,mqlp_4_32_1,12622516,128,0
2949420618,mqlp_4_32_1,12623537,128,0
2948909412,mqlp_4_32_1,12622800,128,0
3217396186,mqlp_4_32_1,12622072,128,0
2954817756,mqlp_4_32_1,12621878,128,0
2839855468,mqlp_4_32_2,12616880,128,0
2831540150,mqlp_4_32_2,12618305,128,0
3100037214,mqlp_4_32_2,12619046,128,0
4756357580,mqlp_4_32_2,12620028,128,0
2847318618,mqlp_4_32_2,12619226,128,0
2808019368,mqlp_4_32_4,12610398,128,0
2984260058,mqlp_4_32_4,12608955,128,0
2990109108,mqlp_4_32_4,12611854,128,0
3222365460,mqlp_4_32_4,12611841,128,0
2808913840,mqlp_4_32_4,12610520,128,0
2672393264,mqlp_4_32_8,12597642,128,0
2643343584,mqlp_4_32_8,12598158,128,0
3614157110,mqlp_4_32_8,12606113,128,0
2643117102,mqlp_4_32_8,12598703,128,0
2687062372,mqlp_4_32_8,12601427,128,0
2640870544,mqlp_4_32_16,12584965,128,0
2639176778,mqlp_4_32_16,12585597,128,0
2977232818,mqlp_4_32_16,12586015,128,0
3260303376,mqlp_4_32_16,12585449,128,0
2675929314,mqlp_4_32_16,12584612,128,0
2611850452,mqlp_4_32_32,12573198,128,0
2707753162,mqlp_4_32_32,12576719,128,0
2621749344,mqlp_4_32_32,12573940,128,0
3900984824,mqlp_4_32_32,12575506,128,0
2620632318,mqlp_4_32_32,12575372,128,0
2595797556,mqlp_4_32_64,12565795,128,0
2618051684,mqlp_4_32_64,12567875,128,0
2594693026,mqlp_4_32_64,12567161,128,0
2773651734,mqlp_4_32_64,12567687,128,0
2584181006,mqlp_4_32_64,12566703,128,0
2820208078,mqlp_4_32_128,12565353,128,0
2582692988,mqlp_4_32_128,12563873,128,0
2614200778,mqlp_4_32_128,12564644,128,0
2586032108,mqlp_4_32_128,12564430,128,0
2598831604,mqlp_4_32_128,12563987,128,0
2835346778,mqlp_4_32_256,12564646,128,0
2603718692,mqlp_4_32_256,12561746,128,0
2866065290,mqlp_4_32_256,12565305,128,0
2640683028,mqlp_4_32_256,12564631,128,0
2883490894,mqlp_4_32_256,12562723,128,0
2680913104,mqlp_4_32_512,12563473,128,0
3025930304,mqlp_4_32_512,12566573,128,0
3182396540,mqlp_4_32_512,12562468,128,0
2637557702,mqlp_4_32_512,12561707,128,0
2821231514,mqlp_4_32_512,12565001,128,0
2664824806,mqlp_4_32_1024,12563318,128,0
2660040604,mqlp_4_32_1024,12562341,128,0
2619232838,mqlp_4_32_1024,12562224,128,0
2783967136,mqlp_4_32_1024,12564105,128,0
3156252464,mqlp_4_32_1024,12563185,128,0
2991121856,mqlp_4_64_1,12614261,128,0
2992084210,mqlp_4_64_1,12615306,128,0
2966823626,mqlp_4_64_1,12614102,128,0
3028367814,mqlp_4_64_1,12613209,128,0
3135899552,mqlp_4_64_1,12615082,128,0
3083998074,mqlp_4_64_2,12614243,128,0
2806061292,mqlp_4_64_2,12613628,128,0
2865937826,mqlp_4_64_2,12614722,128,0
2838322918,mqlp_4_64_2,12614872,128,0
2833231624,mqlp_4_64_2,12613098,128,0
2744212112,mqlp_4_64_4,12605526,128,0
2729582740,mqlp_4_64_4,12606054,128,0
2702115102,mqlp_4_64_4,12606006,128,0
2743799628,mqlp_4_64_4,12606195,128,0
3585228420,mqlp_4_64_4,12605810,128,0
2690133636,mqlp_4_64_8,12594897,128,0
2696921998,mqlp_4_64_8,12597421,128,0
2668629706,mqlp_4_64_8,12594883,128,0
2667845496,mqlp_4_64_8,12595379,128,0
2672385486,mqlp_4_64_8,12599170,128,0
2633026380,mqlp_4_64_16,12588596,128,0
2691277524,mqlp_4_64_16,12589106,128,0
2993392562,mqlp_4_64_16,12586171,128,0
2633365490,mqlp_4_64_16,12584232,128,0
2937028352,mqlp_4_64_16,12585697,128,0
2615253808,mqlp_4_64_32,12574281,128,0
2644838188,mqlp_4_64_32,12574411,128,0
2590802438,mqlp_4_64_32,12574127,128,0
2802048140,mqlp_4_64_32,12577136,128,0
2894838370,mqlp_4_64_32,12575999,128,0
2580943030,mqlp_4_64_64,12568222,128,0
2604475168,mqlp_4_64_64,12566565,128,0
2599239490,mqlp_4_64_64,12564994,128,0
2597764744,mqlp_4_64_64,12566468,128,0
2579245204,mqlp_4_64_64,12566219,128,0
2594131134,mqlp_4_64_128,12562503,128,0
3433278980,mqlp_4_64_128,12570698,128,0
2596448372,mqlp_4_64_128,12562361,128,0
2794661060,mqlp_4_64_128,12564544,128,0
2616584650,mqlp_4_64_128,12562288,128,0
2635471540,mqlp_4_64_256,12560592,128,0
2635881498,mqlp_4_64_256,12560188,128,0
2616128186,mqlp_4_64_256,12560721,128,0
3817610956,mqlp_4_64_256,12561446,128,0
2649087030,mqlp_4_64_256,12560411,128,0
2776128034,mqlp_4_64_512,12560052,128,0
3053925422,mqlp_4_64_512,12560359,128,0
2595705584,mqlp_4_64_512,12560320,128,0
2632278938,mqlp_4_64_512,12560295,128,0
2623205020,mqlp_4_64_512,12560351,128,0
2654916342,mqlp_4_64_1024,12560136,128,0
2671190510,mqlp_4_64_1024,12562432,128,0
2679265824,mqlp_4_64_1024,12561018,128,0
3474817978,mqlp_4_64_1024,12561390,128,0
2639614862,mqlp_4_64_1024,12561152,128,0
3200457388,mqlp_4_128_1,12613835,128,0
3547491974,mqlp_4_128_1,12615969,128,0
3002443598,mqlp_4_128_1,12613770,128,0
2945076202,mqlp_4_128_1,12614403,128,0
3053040648,mqlp_4_128_1,12615125,128,0
3055038536,mqlp_4_128_2,12614992,128,0
2843500676,mqlp_4_128_2,12611765,128,0
3040769784,mqlp_4_128_2,12612754,128,0
3101354974,mqlp_4_128_2,12612758,128,0
2826750240,mqlp_4_128_2,12614185,128,0
2756794368,mqlp_4_128_4,12607577,128,0
2722802954,mqlp_4_128_4,12603742,128,0
2759879468,mqlp_4_128_4,12604160,128,0
2725218294,mqlp_4_128_4,12606948,128,0
2735578954,mqlp_4_128_4,12605005,128,0
2607114870,mqlp_4_128_8,12600436,128,0
2654830140,mqlp_4_128_8,12594590,128,0
2832275106,mqlp_4_128_8,12595603,128,0
2681815846,mqlp_4_128_8,12596400,128,0
2888892290,mqlp_4_128_8,12594930,128,0
2733873318,mqlp_4_128_16,12588741,128,0
2875692644,mqlp_4_128_16,12588073,128,0
2926355108,mqlp_4_128_16,12585834,128,0
2737644702,mqlp_4_128_16,12586657,128,0
2659874168,mqlp_4_128_16,12587030,128,0
2630473742,mqlp_4_128_32,12573153,128,0
2883865680,mqlp_4_128_32,12574287,128,0
2638493234,mqlp_4_128_32,12572344,128,0
2597464364,mqlp_4_128_32,12574864,128,0
2613414918,mqlp_4_128_32,12576127,128,0
2940820546,mqlp_4_128_64,12567199,128,0
2585469938,mqlp_4_128_64,12567892,128,0
2600075338,mqlp_4_128_64,12567693,128,0
2740359596,mqlp_4_128_64,12567069,128,0
2683152618,mqlp_4_128_64,12567423,128,0
2596636348,mqlp_4_128_128,12561644,128,0
3412319610,mqlp_4_128_128,12572086,128,0
2584865254,mqlp_4_128_128,12562043,128,0
2990235570,mqlp_4_128_128,12561642,128,0
2579281176,mqlp_4_128_128,12562163,128,0
2889460920,mqlp_4_128_256,12559758,128,0
2858932588,mqlp_4_128_256,12558641,128,0
2573923886,mqlp_4_128_256,12560061,128,0
2739537036,mqlp_4_128_256,12559801,128,0
2604443054,mqlp_4_128_256,12558554,128,0
2635648898,mqlp_4_128_512,12558481,128,0
2715481832,mqlp_4_128_512,12558972,128,0
2608981296,mqlp_4_128_512,12558950,128,0
2611891334,mqlp_4_128_512,12558475,128,0
2630853842,mqlp_4_128_512,12557650,128,0
2806689874,mqlp_4_128_1024,12557284,128,0
2640560546,mqlp_4_128_1024,12559266,128,0
2612300216,mqlp_4_128_1024,12558716,128,0
2645213622,mqlp_4_128_1024,12559470,128,0
2857572100,mqlp_4_128_1024,12558951,128,0
2959875010,mqlp_4_256_1,12609910,128,0
3180415132,mqlp_4_256_1,12609261,128,0
3219918710,mqlp_4_256_1,12609643,128,0
2997044608,mqlp_4_256_1,12609767,128,0
2965025612,mqlp_4_256_1,12609273,128,0
2954234518,mqlp_4_256_2,12612164,128,0
2760688362,mqlp_4_256_2,12609822,128,0
2852236560,mqlp_4_256_2,12609544,128,0
2868921038,mqlp_4_256_2,12610630,128,0
2840151566,mqlp_4_256_2,12608209,128,0
2690886656,mqlp_4_256_4,12601391,128,0
2755571608,mqlp_4_256_4,12603095,128,0
2744010314,mqlp_4_256_4,12602167,128,0
2693400784,mqlp_4_256_4,12602321,128,0
2753777902,mqlp_4_256_4,12600383,128,0
2975524738,mqlp_4_256_8,12591802,128,0
2734788690,mqlp_4_256_8,12592773,128,0
2786742116,mqlp_4_256_8,12595442,128,0
2635634642,mqlp_4_256_8,12593944,128,0
2662853348,mqlp_4_256_8,12594453,128,0
2572822838,mqlp_4_256_16,12585341,128,0
2634838832,mqlp_4_256_16,12580867,128,0
2647002844,mqlp_4_256_16,12582730,128,0
3162291926,mqlp_4_256_16,12587287,128,0
2755526200,mqlp_4_256_16,12583481,128,0
2593858106,mqlp_4_256_32,12572603,128,0
2618050248,mqlp_4_256_32,12573440,128,0
3274215860,mqlp_4_256_32,12579342,128,0
2603728434,mqlp_4_256_32,12573579,128,0
2627595508,mqlp_4_256_32,12572846,128,0
3086583332,mqlp_4_256_64,12565578,128,0
2584455920,mqlp_4_256_64,12562990,128,0
2788357664,mqlp_4_256_64,12564261,128,0
2598330714,mqlp_4_256_64,12563716,128,0
2576110052,mqlp_4_256_64,12564760,128,0
2628876284,mqlp_4_256_128,12561323,128,0
2579864630,mqlp_4_256_128,12559771,128,0
2540123826,mqlp_4_256_128,12559194,128,0
2602016670,mqlp_4_256_128,12560038,128,0
2721029680,mqlp_4_256_128,12561752,128,0
2737705144,mqlp_4_256_256,12558054,128,0
3365881322,mqlp_4_256_256,12557929,128,0
2583931550,mqlp_4_256_256,12556857,128,0
2549383242,mqlp_4_256_256,12557367,128,0
2689215140,mqlp_4_256_256,12556642,128,0
3452627316,mqlp_4_256_512,12555564,128,0
4839481708,mqlp_4_256_512,12557145,128,0
2586301752,mqlp_4_256_512,12554846,128,0
2660245144,mqlp_4_256_512,12556561,128,0
2612361916,mqlp_4_256_512,12555900,128,0
2608299212,mqlp_4_256_1024,12555520,128,0
3580295364,mqlp_4_256_1024,12556018,128,0
2729441760,mqlp_4_256_1024,12556124,128,0
2599915820,mqlp_4_256_1024,12557668,128,0
2579482698,mqlp_4_256_1024,12556637,128,0
3320266962,mqlp_4_512_1,12606464,128,0
2898670168,mqlp_4_512_1,12608847,128,0
4228261464,mqlp_4_512_1,12606845,128,0
2974956482,mqlp_4_512_1,12607442,128,0
2943751882,mqlp_4_512_1,12606806,128,0
2778895636,mqlp_4_512_2,12604405,128,0
2829779234,mqlp_4_512_2,12604786,128,0
2754036582,mqlp_4_512_2,12606017,128,0
2816000960,mqlp_4_512_2,12604763,128,0
2872186806,mqlp_4_512_2,12604815,128,0
2674292830,mqlp_4_512_4,12596880,128,0
2754762448,mqlp_4_512_4,12596771,128,0
2665993996,mqlp_4_512_4,12601745,128,0
2737284228,mqlp_4_512_4,12596135,128,0
2721018340,mqlp_4_512_4,12598312,128,0
2708035956,mqlp_4_512_8,12588756,128,0
2903125138,mqlp_4_512_8,12588700,128,0
2850054516,mqlp_4_512_8,12587812,128,0
2659816680,mqlp_4_512_8,12590360,128,0
2676205530,mqlp_4_512_8,12591521,128,0
2612845050,mqlp_4_512_16,12579155,128,0
2637963562,mqlp_4_512_16,12578486,128,0
2772156570,mqlp_4_512_16,12579972,128,0
2608054780,mqlp_4_512_16,12577576,128,0
2560316416,mqlp_4_512_16,12578636,128,0
2592971780,mqlp_4_512_32,12569051,128,0
2755607980,mqlp_4_512_32,12569289,128,0
2699900254,mqlp_4_512_32,12568215,128,0
2651062610,mqlp_4_512_32,12569007,128,0
2843665476,mqlp_4_512_32,12569283,128,0
2571960640,mqlp_4_512_64,12562855,128,0
2633116258,mqlp_4_512_64,12565399,128,0
2608913666,mqlp_4_512_64,12562868,128,0
3563504176,mqlp_4_512_64,12561873,128,0
2640377618,mqlp_4_512_64,12563281,128,0
2519554648,mqlp_4_512_128,12557477,128,0
2794530394,mqlp_4_512_128,12557199,128,0
2599334380,mqlp_4_512_128,12558393,128,0
2525617704,mqlp_4_512_128,12557900,128,0
2727039848,mqlp_4_512_128,12558051,128,0
2552232026,mqlp_4_512_256,12555142,128,0
2583924344,mqlp_4_512_256,12554615,128,0
2527394966,mqlp_4_512_256,12555417,128,0
2517011778,mqlp_4_512_256,12555670,128,0
2475646528,mqlp_4_512_256,12554769,128,0
2508675558,mqlp_4_512_512,12553370,128,0
2518832262,mqlp_4_512_512,12552801,128,0
2576511608,mqlp_4_512_512,12554694,128,0
2615401972,mqlp_4_512_512,12554680,128,0
3190607086,mqlp_4_512_512,12559114,128,0
2810256588,mqlp_4_512_1024,12553863,128,0
2507750730,mqlp_4_512_1024,12552982,128,0
2541108080,mqlp_4_512_1024,12553067,128,0
3407641076,mqlp_4_512_1024,12554613,128,0
2594365066,mqlp_4_512_1024,12553620,128,0
2977913906,mqlp_4_1024_1,12612162,128,0
3276756754,mqlp_4_1024_1,12612867,128,0
2999404918,mqlp_4_1024_1,12611683,128,0
3030211576,mqlp_4_1024_1,12613247,128,0
2967685002,mqlp_4_1024_1,12613668,128,0
2745598758,mqlp_4_1024_2,12608427,128,0
2821089382,mqlp_4_1024_2,12608650,128,0
2778623176,mqlp_4_1024_2,12608651,128,0
2774395530,mqlp_4_1024_2,12607949,128,0
2830426112,mqlp_4_1024_2,12608192,128,0
2732215030,mqlp_4_1024_4,12599704,128,0
2853310890,mqlp_4_1024_4,12599504,128,0
2757387974,mqlp_4_1024_4,12599108,128,0
3223574584,mqlp_4_1024_4,12599874,128,0
2837115158,mqlp_4_1024_4,12598684,128,0
2675276866,mqlp_4_1024_8,12590138,128,0
2672384918,mqlp_4_1024_8,12589688,128,0
2648723638,mqlp_4_1024_8,12589597,128,0
4795380168,mqlp_4_1024_8,12588727,128,0
2684529506,mqlp_4_1024_8,12592556,128,0
2612135962,mqlp_4_1024_16,12578846,128,0
2604469250,mqlp_4_1024_16,12578928,128,0
2606657054,mqlp_4_1024_16,12577434,128,0
2595156996,mqlp_4_1024_16,12578225,128,0
2581027220,mqlp_4_1024_16,12577831,128,0
2559856018,mqlp_4_1024_32,12569065,128,0
2811301306,mqlp_4_1024_32,12569325,128,0
2616843666,mqlp_4_1024_32,12569742,128,0
2615449258,mqlp_4_1024_32,12569410,128,0
2549079568,mqlp_4_1024_32,12569255,128,0
2557153692,mqlp_4_1024_64,12562599,128,0
2807322804,mqlp_4_1024_64,12563235,128,0
2598193764,mqlp_4_1024_64,12563337,128,0
2583167780,mqlp_4_1024_64,12562285,128,0
2530237790,mqlp_4_1024_64,12562195,128,0
2552187466,mqlp_4_1024_128,12558038,128,0
2540063676,mqlp_4_1024_128,12558077,128,0
2533487324,mqlp_4_1024_128,12558152,128,0
2790186220,mqlp_4_1024_128,12558059,128,0
2555074796,mqlp_4_1024_128,12557937,128,0
3434275070,mqlp_4_1024_256,12555054,128,0
2529136616,mqlp_4_1024_256,12555927,128,0
2509981512,mqlp_4_1024_256,12555211,128,0
2486036818,mqlp_4_1024_256,12555049,128,0
2596383090,mqlp_4_1024_256,12556337,128,0
2522012602,mqlp_4_1024_512,12552684,128,0
2728762590,mqlp_4_1024_512,12557415,128,0
2533555114,mqlp_4_1024_512,12553202,128,0
2491045788,mqlp_4_1024_512,12553661,128,0
2500444146,mqlp_4_1024_512,12552928,128,0
3001578090,mqlp_4_1024_1024,12553524,128,0
2524050962,mqlp_4_1024_1024,12554189,128,0
2564792640,mqlp_4_1024_1024,12553914,128,0
2481368680,mqlp_4_1024_1024,12553226,128,0
2532877350,mqlp_4_1024_1024,12553319,128,0
