7333790034,mqlp_4_1_1,75783839,128,10
7411472954,mqlp_4_1_1,75767302,128,10
7401078046,mqlp_4_1_1,75775473,128,10
7314030848,mqlp_4_1_1,75778584,128,10
7351897646,mqlp_4_1_1,75762719,128,10
6285457194,mqlp_4_1_2,75807763,128,10
6320234552,mqlp_4_1_2,75779083,128,10
6327870766,mqlp_4_1_2,75798109,128,10
6257562226,mqlp_4_1_2,75789941,128,10
6313516224,mqlp_4_1_2,75784764,128,10
5560539028,mqlp_4_1_4,75856998,128,10
5662634374,mqlp_4_1_4,75809637,128,10
5740342756,mqlp_4_1_4,75824081,128,10
5535968318,mqlp_4_1_4,75868532,128,10
5537326792,mqlp_4_1_4,75872579,128,10
5229629178,mqlp_4_1_8,75882986,128,10
5190760064,mqlp_4_1_8,75881207,128,10
5200607586,mqlp_4_1_8,75889975,128,10
5169826814,mqlp_4_1_8,75973543,128,10
5199371034,mqlp_4_1_8,75917265,128,10
4914910760,mqlp_4_1_16,76078656,128,10
4885225586,mqlp_4_1_16,75982368,128,10
4970088762,mqlp_4_1_16,75959364,128,10
5006899090,mqlp_4_1_16,75954214,128,10
4923648196,mqlp_4_1_16,76017652,128,10
4784412984,mqlp_4_1_32,76123573,128,10
4870352556,mqlp_4_1_32,76024685,128,10
4861990302,mqlp_4_1_32,76042283,128,10
4850999496,mqlp_4_1_32,75973480,128,10
4766187742,mqlp_4_1_32,76063327,128,10
4818882078,mqlp_4_1_64,76114644,128,10
4750752224,mqlp_4_1_64,76029435,128,10
4774680176,mqlp_4_1_64,76092687,128,10
4826869448,mqlp_4_1_64,76112037,128,10
5018649548,mqlp_4_1_64,76076808,128,10
4750115246,mqlp_4_1_128,76132226,128,10
4734131694,mqlp_4_1_128,76085234,128,10
4659964956,mqlp_4_1_128,76228346,128,10
4636493962,mqlp_4_1_128,76173912,128,10
4727147042,mqlp_4_1_128,76076884,128,10
4868891196,mqlp_4_1_256,76334195,128,10
4636109846,mqlp_4_1_256,76324961,128,10
4749318778,mqlp_4_1_256,76132556,128,10
4717596230,mqlp_4_1_256,76251757,128,10
4702855698,mqlp_4_1_256,76142700,128,10
4662513672,mqlp_4_1_512,76173201,128,10
4686280308,mqlp_4_1_512,76216261,128,10
4712439884,mqlp_4_1_512,76173649,128,10
4671671818,mqlp_4_1_512,76217452,128,10
4737852702,mqlp_4_1_512,76313936,128,10
4700318654,mqlp_4_1_1024,76348281,128,10
4654082620,mqlp_4_1_1024,76202121,128,10
4677979164,mqlp_4_1_1024,76236597,128,10
4683470498,mqlp_4_1_1024,76254981,128,10
4604456866,mqlp_4_1_1024,76310993,128,10
7014522462,mqlp_4_2_1,76023806,128,10
7069237050,mqlp_4_2_1,75784791,128,10
7042335294,mqlp_4_2_1,75784849,128,10
7040331362,mqlp_4_2_1,75836267,128,10
7053904752,mqlp_4_2_1,75778720,128,10
6029400882,mqlp_4_2_2,75825494,128,10
6006053128,mqlp_4_2_2,75791357,128,10
6057121990,mqlp_4_2_2,75802800,128,10
6038587150,mqlp_4_2_2,75788002,128,10
6021842880,mqlp_4_2_2,75796397,128,10
5383546264,mqlp_4_2_4,75854671,128,10
5351213612,mqlp_4_2_4,75815891,128,10
5224084652,mqlp_4_2_4,76148249,128,10
5407560216,mqlp_4_2_4,75825210,128,10
5294851054,mqlp_4_2_4,75878549,128,10
4978523468,mqlp_4_2_8,75875604,128,10
4982379136,mqlp_4_2_8,75928884,128,10
4866821658,mqlp_4_2_8,76127966,128,10
4964863948,mqlp_4_2_8,75875804,128,10
4961131276,mqlp_4_2_8,75909184,128,10
5059243828,mqlp_4_2_16,75937828,128,10
4699610584,mqlp_4_2_16,76011990,128,10
4686206684,mqlp_4_2_16,76017780,128,10
4687045164,mqlp_4_2_16,76003223,128,10
4643581666,mqlp_4_2_16,76657183,128,10
4563246262,mqlp_4_2_32,76131278,128,10
4520183294,mqlp_4_2_32,77015212,128,10
4580413462,mqlp_4_2_32,76074616,128,10
4584721436,mqlp_4_2_32,76115591,128,10
4486313526,mqlp_4_2_32,76495717,128,10
4446816470,mqlp_4_2_64,76703236,128,10
4518566462,mqlp_4_2_64,76167080,128,10
4484971390,mqlp_4_2_64,76615904,128,10
4568682124,mqlp_4_2_64,76178726,128,10
4507220132,mqlp_4_2_64,76275412,128,10
4338346364,mqlp_4_2_128,77101470,128,10
4455504486,mqlp_4_2_128,76259201,128,10
4487856644,mqlp_4_2_128,76368691,128,10
4387782550,mqlp_4_2_128,76631636,128,10
4419351956,mqlp_4_2_128,76505448,128,10
4468459668,mqlp_4_2_256,76275154,128,10
4409191994,mqlp_4_2_256,76293831,128,10
4407283910,mqlp_4_2_256,76486106,128,10
4417282000,mqlp_4_2_256,76390011,128,10
4371922066,mqlp_4_2_256,76815061,128,10
4380590120,mqlp_4_2_512,76499497,128,10
4425280940,mqlp_4_2_512,76580989,128,10
4371441284,mqlp_4_2_512,76671914,128,10
4394736720,mqlp_4_2_512,76511751,128,10
4383638450,mqlp_4_2_512,76632519,128,10
4317635816,mqlp_4_2_1024,76851816,128,10
4420246260,mqlp_4_2_1024,76426875,128,10
4409298354,mqlp_4_2_1024,76543550,128,10
4461795004,mqlp_4_2_1024,76800840,128,10
4364623158,mqlp_4_2_1024,76587613,128,10
6812209824,mqlp_4_4_1,75953008,128,10
6881833298,mqlp_4_4_1,75790506,128,10
6810002540,mqlp_4_4_1,76116955,128,10
6883713548,mqlp_4_4_1,75790756,128,10
6898518556,mqlp_4_4_1,75775330,128,10
5847611184,mqlp_4_4_2,75800681,128,10
5783681178,mqlp_4_4_2,75896809,128,10
5919110456,mqlp_4_4_2,75823914,128,10
5863490682,mqlp_4_4_2,75849931,128,10
5780832162,mqlp_4_4_2,75918816,128,10
5133656758,mqlp_4_4_4,75997235,128,10
5238311080,mqlp_4_4_4,75825394,128,10
5243158804,mqlp_4_4_4,75843209,128,10
5204283574,mqlp_4_4_4,75839272,128,10
5197965836,mqlp_4_4_4,75841427,128,10
4858128006,mqlp_4_4_8,75908421,128,10
4708854844,mqlp_4_4_8,76680269,128,10
4800181816,mqlp_4_4_8,75944400,128,10
4694006032,mqlp_4_4_8,76294294,128,10
4814970744,mqlp_4_4_8,75903271,128,10
4606781638,mqlp_4_4_16,76027834,128,10
4473806644,mqlp_4_4_16,76713758,128,10
4567482992,mqlp_4_4_16,76052684,128,10
4608378240,mqlp_4_4_16,76030121,128,10
4526381958,mqlp_4_4_16,76141032,128,10
4367657436,mqlp_4_4_32,76528239,128,10
4486941086,mqlp_4_4_32,76142468,128,10
4464092844,mqlp_4_4_32,76121918,128,10
4477470890,mqlp_4_4_32,76091373,128,10
4470900740,mqlp_4_4_32,76111845,128,10
4388455976,mqlp_4_4_64,76403896,128,10
4368278838,mqlp_4_4_64,76339414,128,10
4398480374,mqlp_4_4_64,76263515,128,10
4339432028,mqlp_4_4_64,76464873,128,10
4401219226,mqlp_4_4_64,76315389,128,10
4247916152,mqlp_4_4_128,76780528,128,10
4273053690,mqlp_4_4_128,77115486,128,10
4426444320,mqlp_4_4_128,76408085,128,10
4315213532,mqlp_4_4_128,76401230,128,10
4211076368,mqlp_4_4_128,77553959,128,10
4283350748,mqlp_4_4_256,76444355,128,10
4224472972,mqlp_4_4_256,78791951,128,10
4223157350,mqlp_4_4_256,77399559,128,10
4289734600,mqlp_4_4_256,76513258,128,10
4214571630,mqlp_4_4_256,76885279,128,10
4123180816,mqlp_4_4_512,78376980,128,10
4247161324,mqlp_4_4_512,76795959,128,10
4283272910,mqlp_4_4_512,77258306,128,10
4225456422,mqlp_4_4_512,76770578,128,10
4179077640,mqlp_4_4_512,76927026,128,10
4225161806,mqlp_4_4_1024,76729752,128,10
4131705562,mqlp_4_4_1024,77480217,128,10
4252792256,mqlp_4_4_1024,76602955,128,10
4225926020,mqlp_4_4_1024,76743981,128,10
4216368774,mqlp_4_4_1024,76738898,128,10
6769532724,mqlp_4_8_1,75782585,128,10
6768049090,mqlp_4_8_1,75953451,128,10
6780224372,mqlp_4_8_1,75787778,128,10
6723204346,mqlp_4_8_1,75799483,128,10
6787161640,mqlp_4_8_1,75792885,128,10
5716062058,mqlp_4_8_2,75941474,128,10
5655454030,mqlp_4_8_2,76247245,128,10
5775270788,mqlp_4_8_2,75841755,128,10
5778249226,mqlp_4_8_2,75821882,128,10
5700803490,mqlp_4_8_2,75868309,128,10
5066285792,mqlp_4_8_4,75955126,128,10
5103259280,mqlp_4_8_4,75847633,128,10
5076261768,mqlp_4_8_4,75903805,128,10
5094689316,mqlp_4_8_4,75820398,128,10
5117644272,mqlp_4_8_4,75836294,128,10
4679359860,mqlp_4_8_8,75969136,128,10
4727310464,mqlp_4_8_8,75898011,128,10
4739515500,mqlp_4_8_8,75937486,128,10
4708796260,mqlp_4_8_8,75892930,128,10
4714387670,mqlp_4_8_8,75918667,128,10
4409592392,mqlp_4_8_16,76519163,128,10
4507135262,mqlp_4_8_16,76058524,128,10
4494217402,mqlp_4_8_16,76032820,128,10
4481325790,mqlp_4_8_16,76271944,128,10
4448273508,mqlp_4_8_16,76166489,128,10
4277230622,mqlp_4_8_32,77001223,128,10
4332356210,mqlp_4_8_32,76397938,128,10
4344760058,mqlp_4_8_32,76382529,128,10
4403203026,mqlp_4_8_32,76801226,128,10
4280557850,mqlp_4_8_32,79605058,128,10
4277619756,mqlp_4_8_64,76667687,128,10
4256263180,mqlp_4_8_64,76582504,128,10
4290321332,mqlp_4_8_64,76450593,128,10
4265951128,mqlp_4_8_64,76288199,128,10
4169646562,mqlp_4_8_64,77154348,128,10
4187523374,mqlp_4_8_128,76664906,128,10
4150457800,mqlp_4_8_128,76998759,128,10
4113626574,mqlp_4_8_128,77324473,128,10
4139358682,mqlp_4_8_128,79127193,128,10
4111875718,mqlp_4_8_128,78094794,128,10
4105908320,mqlp_4_8_256,77004119,128,10
4137399772,mqlp_4_8_256,77409298,128,10
4141228744,mqlp_4_8_256,76882976,128,10
4130228134,mqlp_4_8_256,77401192,128,10
4122811334,mqlp_4_8_256,77074023,128,10
4095932042,mqlp_4_8_512,77440499,128,10
4050704232,mqlp_4_8_512,77695990,128,10
4088371828,mqlp_4_8_512,76879112,128,10
4075414508,mqlp_4_8_512,77243664,128,10
4060031032,mqlp_4_8_512,77200275,128,10
4011164972,mqlp_4_8_1024,77786550,128,10
4070708454,mqlp_4_8_1024,77091738,128,10
4031199058,mqlp_4_8_1024,78735007,128,10
4218306038,mqlp_4_8_1024,76977875,128,10
3995369620,mqlp_4_8_1024,80010964,128,10
6685762366,mqlp_4_16_1,75809888,128,10
6653089386,mqlp_4_16_1,75813640,128,10
6695181940,mqlp_4_16_1,75834448,128,10
6684766916,mqlp_4_16_1,75792372,128,10
6718795838,mqlp_4_16_1,75791160,128,10
5698006220,mqlp_4_16_2,76038062,128,10
5697861610,mqlp_4_16_2,75852771,128,10
5745116416,mqlp_4_16_2,76028349,128,10
5700689950,mqlp_4_16_2,75849056,128,10
5608580152,mqlp_4_16_2,75972797,128,10
5029090340,mqlp_4_16_4,75886271,128,10
5025988322,mqlp_4_16_4,75858590,128,10
4993847844,mqlp_4_16_4,75873339,128,10
5031520290,mqlp_4_16_4,75900052,128,10
5002764088,mqlp_4_16_4,75848125,128,10
4545756546,mqlp_4_16_8,76404668,128,10
4641211272,mqlp_4_16_8,75993836,128,10
4582781910,mqlp_4_16_8,76295528,128,10
4641311502,mqlp_4_16_8,75990759,128,10
4703634580,mqlp_4_16_8,75923765,128,10
4342735252,mqlp_4_16_16,77378938,128,10
4402246896,mqlp_4_16_16,76038354,128,10
4417872984,mqlp_4_16_16,76039446,128,10
4381065796,mqlp_4_16_16,76431086,128,10
4412123286,mqlp_4_16_16,76091620,128,10
4281247742,mqlp_4_16_32,76214141,128,10
4291102698,mqlp_4_16_32,76257609,128,10
4284375498,mqlp_4_16_32,76343490,128,10
4268169244,mqlp_4_16_32,76413490,128,10
4210081788,mqlp_4_16_32,76906144,128,10
4165444350,mqlp_4_16_64,76619745,128,10
4165568644,mqlp_4_16_64,76809609,128,10
4182079672,mqlp_4_16_64,76506482,128,10
4161729358,mqlp_4_16_64,76551828,128,10
4148564410,mqlp_4_16_64,77001724,128,10
4033696486,mqlp_4_16_128,77985797,128,10
4073871676,mqlp_4_16_128,78720613,128,10
4073616948,mqlp_4_16_128,77520421,128,10
4064761860,mqlp_4_16_128,77281838,128,10
4077717154,mqlp_4_16_128,76695736,128,10
4045910576,mqlp_4_16_256,83553553,128,10
3992720870,mqlp_4_16_256,77752541,128,10
4042844726,mqlp_4_16_256,83798897,128,10
4003060996,mqlp_4_16_256,78071354,128,10
4021712832,mqlp_4_16_256,77238601,128,10
3953535404,mqlp_4_16_512,77528857,128,10
3963068464,mqlp_4_16_512,77444723,128,10
3961581448,mqlp_4_16_512,77504803,128,10
3933199614,mqlp_4_16_512,79894509,128,10
3947941200,mqlp_4_16_512,77997511,128,10
3931093474,mqlp_4_16_1024,77942392,128,10
4030656912,mqlp_4_16_1024,78422460,128,10
3898515182,mqlp_4_16_1024,77760122,128,10
3899470402,mqlp_4_16_1024,79178656,128,10
3931165930,mqlp_4_16_1024,77962040,128,10
6596847490,mqlp_4_32_1,76064072,128,10
6620258686,mqlp_4_32_1,75849560,128,10
6756097400,mqlp_4_32_1,76052609,128,10
6660907398,mqlp_4_32_1,75823562,128,10
6594962062,mqlp_4_32_1,75823319,128,10
5661367276,mqlp_4_32_2,75839947,128,10
5641408280,mqlp_4_32_2,75869548,128,10
5516766502,mqlp_4_32_2,76222385,128,10
5599198544,mqlp_4_32_2,76060196,128,10
5636366386,mqlp_4_32_2,75867495,128,10
4986530208,mqlp_4_32_4,75945022,128,10
4959622276,mqlp_4_32_4,75862043,128,10
4939241124,mqlp_4_32_4,75954909,128,10
4950085224,mqlp_4_32_4,76254900,128,10
5006806950,mqlp_4_32_4,75881604,128,10
4499274612,mqlp_4_32_8,76581184,128,10
4528147362,mqlp_4_32_8,76816716,128,10
4514177342,mqlp_4_32_8,76421872,128,10
4545196856,mqlp_4_32_8,76139980,128,10
4609524066,mqlp_4_32_8,76016347,128,10
4377565634,mqlp_4_32_16,76298717,128,10
4390680806,mqlp_4_32_16,76214282,128,10
4446779492,mqlp_4_32_16,76630528,128,10
4369011322,mqlp_4_32_16,76227946,128,10
4357118202,mqlp_4_32_16,76207875,128,10
4242975166,mqlp_4_32_32,76368479,128,10
4237938730,mqlp_4_32_32,80959569,128,10
4238123202,mqlp_4_32_32,76441454,128,10
4195292746,mqlp_4_32_32,77459145,128,10
4173005072,mqlp_4_32_32,78982080,128,10
4126499730,mqlp_4_32_64,76884223,128,10
4163930462,mqlp_4_32_64,76853148,128,10
4130395168,mqlp_4_32_64,76774249,128,10
4148875288,mqlp_4_32_64,77563885,128,10
4133725210,mqlp_4_32_64,82250368,128,10
3988650982,mqlp_4_32_128,79916600,128,10
4007518310,mqlp_4_32_128,77784260,128,10
4011270420,mqlp_4_32_128,77469986,128,10
4055885882,mqlp_4_32_128,77087243,128,10
4040332604,mqlp_4_32_128,77433878,128,10
4141850914,mqlp_4_32_256,78028058,128,10
3947903664,mqlp_4_32_256,79782482,128,10
3970258610,mqlp_4_32_256,77915995,128,10
3968568420,mqlp_4_32_256,78422666,128,10
4007698306,mqlp_4_32_256,78418065,128,10
3836631358,mqlp_4_32_512,79774918,128,10
3965185882,mqlp_4_32_512,85635366,128,10
3913401644,mqlp_4_32_512,78940412,128,10
3868554970,mqlp_4_32_512,80626142,128,10
3886507710,mqlp_4_32_512,78572356,128,10
3869447136,mqlp_4_32_1024,84483766,128,10
3923344530,mqlp_4_32_1024,78961674,128,10
3905327438,mqlp_4_32_1024,85588107,128,10
3832906822,mqlp_4_32_1024,79267407,128,10
3830733286,mqlp_4_32_1024,83202865,128,10
6617158250,mqlp_4_64_1,75972869,128,10
6590289968,mqlp_4_64_1,75892328,128,10
6735671554,mqlp_4_64_1,75841619,128,10
6630767986,mqlp_4_64_1,75916718,128,10
6532661430,mqlp_4_64_1,76102469,128,10
5547103560,mqlp_4_64_2,76190114,128,10
5581908892,mqlp_4_64_2,75883295,128,10
5547358454,mqlp_4_64_2,75926628,128,10
5529361664,mqlp_4_64_2,75864876,128,10
5558885740,mqlp_4_64_2,75889298,128,10
4889101228,mqlp_4_64_4,76425915,128,10
4867723928,mqlp_4_64_4,76155196,128,10
4930799428,mqlp_4_64_4,75945389,128,10
4872433620,mqlp_4_64_4,76033529,128,10
4939185464,mqlp_4_64_4,76121413,128,10
4490434578,mqlp_4_64_8,76167764,128,10
4495874158,mqlp_4_64_8,76291277,128,10
4620873594,mqlp_4_64_8,76008293,128,10
4492945878,mqlp_4_64_8,76070464,128,10
4466979348,mqlp_4_64_8,76288332,128,10
4229862134,mqlp_4_64_16,77295038,128,10
4305007614,mqlp_4_64_16,76220965,128,10
4284711330,mqlp_4_64_16,76223997,128,10
4193756304,mqlp_4_64_16,78817858,128,10
4282818822,mqlp_4_64_16,76133316,128,10
4158745700,mqlp_4_64_32,76567272,128,10
4139391698,mqlp_4_64_32,76569969,128,10
4126582148,mqlp_4_64_32,79048704,128,10
4154834884,mqlp_4_64_32,76802100,128,10
4130191396,mqlp_4_64_32,80906825,128,10
4034869388,mqlp_4_64_64,76861273,128,10
4041203662,mqlp_4_64_64,77183400,128,10
4105742066,mqlp_4_64_64,77191322,128,10
4034904766,mqlp_4_64_64,77079334,128,10
4059880658,mqlp_4_64_64,77479992,128,10
3912075504,mqlp_4_64_128,77958363,128,10
3904754118,mqlp_4_64_128,80793880,128,10
3913608352,mqlp_4_64_128,81476699,128,10
3916981434,mqlp_4_64_128,77404383,128,10
3924842310,mqlp_4_64_128,80067534,128,10
4160472668,mqlp_4_64_256,82322558,128,10
4211212858,mqlp_4_64_256,78889351,128,10
3890028132,mqlp_4_64_256,82527065,128,10
3943725660,mqlp_4_64_256,83947119,128,10
3924415526,mqlp_4_64_256,86622751,128,10
3702099230,mqlp_4_64_512,79502245,128,10
3733407784,mqlp_4_64_512,80019852,128,10
3854271464,mqlp_4_64_512,83694638,128,10
3705968742,mqlp_4_64_512,80196940,128,10
3719484522,mqlp_4_64_512,80583557,128,10
3685827636,mqlp_4_64_1024,81032071,128,10
3674612664,mqlp_4_64_1024,83780700,128,10
3712481032,mqlp_4_64_1024,81698874,128,10
3801443738,mqlp_4_64_1024,87035158,128,10
3739628204,mqlp_4_64_1024,85686201,128,10
6488429456,mqlp_4_128_1,75945401,128,10
6548216412,mqlp_4_128_1,75921143,128,10
6560524828,mqlp_4_128_1,75887606,128,10
6525472416,mqlp_4_128_1,75965961,128,10
6500469104,mqlp_4_128_1,75879766,128,10
5479800800,mqlp_4_128_2,76024398,128,10
5440162610,mqlp_4_128_2,76211961,128,10
5502068214,mqlp_4_128_2,76001201,128,10
5478899576,mqlp_4_128_2,76016567,128,10
9801968082,mqlp_4_128_2,76220432,128,10
4835730420,mqlp_4_128_4,76113714,128,10
4861608886,mqlp_4_128_4,75995205,128,10
4800359476,mqlp_4_128_4,76206392,128,10
4817842284,mqlp_4_128_4,76024297,128,10
4806694044,mqlp_4_128_4,76068654,128,10
4420861620,mqlp_4_128_8,76375510,128,10
4422723958,mqlp_4_128_8,76057116,128,10
4421229802,mqlp_4_128_8,76192874,128,10
4447265918,mqlp_4_128_8,76164071,128,10
4342429828,mqlp_4_128_8,77057815,128,10
4367632232,mqlp_4_128_16,77051589,128,10
4196055084,mqlp_4_128_16,76377983,128,10
4209128246,mqlp_4_128_16,76213650,128,10
4220837038,mqlp_4_128_16,76296445,128,10
4205364578,mqlp_4_128_16,76582952,128,10
4084701300,mqlp_4_128_32,76532534,128,10
4077082022,mqlp_4_128_32,76792209,128,10
4057802678,mqlp_4_128_32,76522602,128,10
4026259782,mqlp_4_128_32,78362186,128,10
4052918214,mqlp_4_128_32,76868919,128,10
3983617744,mqlp_4_128_64,82063842,128,10
3951558664,mqlp_4_128_64,77629411,128,10
3950151092,mqlp_4_128_64,79383657,128,10
3942980368,mqlp_4_128_64,77032348,128,10
3929304438,mqlp_4_128_64,77334438,128,10
3885141830,mqlp_4_128_128,78835824,128,10
3843205194,mqlp_4_128_128,80155421,128,10
3828161312,mqlp_4_128_128,77756208,128,10
3854201140,mqlp_4_128_128,78796739,128,10
3859804922,mqlp_4_128_128,78629346,128,10
3721623334,mqlp_4_128_256,79712261,128,10
3833575478,mqlp_4_128_256,86703333,128,10
3776718070,mqlp_4_128_256,84492763,128,10
3747157378,mqlp_4_128_256,83483570,128,10
3683466810,mqlp_4_128_256,79063212,128,10
3614168474,mqlp_4_128_512,81311425,128,10
3634707172,mqlp_4_128_512,82236426,128,10
3724911412,mqlp_4_128_512,87640372,128,10
3689707536,mqlp_4_128_512,87965798,128,10
3689707082,mqlp_4_128_512,85829038,128,10
3572016072,mqlp_4_128_1024,86675513,128,10
3749028986,mqlp_4_128_1024,91857849,128,10
3659938948,mqlp_4_128_1024,83830465,128,10
3682364626,mqlp_4_128_1024,89349444,128,10
3545017776,mqlp_4_128_1024,83777967,128,10
6478353056,mqlp_4_256_1,76281530,128,10
6459558040,mqlp_4_256_1,75953062,128,10
6497906828,mqlp_4_256_1,75925182,128,10
6446343018,mqlp_4_256_1,76038682,128,10
6449931118,mqlp_4_256_1,76204472,128,10
5418265244,mqlp_4_256_2,76006190,128,10
5366011226,mqlp_4_256_2,76176772,128,10
5385359674,mqlp_4_256_2,76131647,128,10
5390097836,mqlp_4_256_2,76079117,128,10
5355509748,mqlp_4_256_2,76200336,128,10
4703372810,mqlp_4_256_4,76112465,128,10
4897997882,mqlp_4_256_4,76491908,128,10
4716194694,mqlp_4_256_4,76300261,128,10
4739429066,mqlp_4_256_4,76057471,128,10
4718258970,mqlp_4_256_4,76211585,128,10
4332187870,mqlp_4_256_8,76290272,128,10
4350895462,mqlp_4_256_8,77086815,128,10
4372162840,mqlp_4_256_8,76672715,128,10
4289188552,mqlp_4_256_8,77025983,128,10
4306797224,mqlp_4_256_8,76473836,128,10
4124160850,mqlp_4_256_16,77843108,128,10
4111556548,mqlp_4_256_16,76543707,128,10
4135954776,mqlp_4_256_16,76700916,128,10
4201325904,mqlp_4_256_16,79524216,128,10
4183838186,mqlp_4_256_16,76703231,128,10
3978750070,mqlp_4_256_32,79080168,128,10
3965993596,mqlp_4_256_32,76674019,128,10
4078006162,mqlp_4_256_32,81298190,128,10
3978213752,mqlp_4_256_32,76732825,128,10
3975024178,mqlp_4_256_32,76804378,128,10
3841648772,mqlp_4_256_64,77102195,128,10
3846288844,mqlp_4_256_64,76988376,128,10
3924405358,mqlp_4_256_64,77668242,128,10
3825115578,mqlp_4_256_64,78491201,128,10
3870679886,mqlp_4_256_64,77915662,128,10
3803351560,mqlp_4_256_128,82628354,128,10
3715715766,mqlp_4_256_128,78943010,128,10
3794452754,mqlp_4_256_128,81693445,128,10
3967073704,mqlp_4_256_128,78555605,128,10
3722945926,mqlp_4_256_128,78267196,128,10
3639371024,mqlp_4_256_256,84183781,128,10
3832397436,mqlp_4_256_256,81526652,128,10
3581964666,mqlp_4_256_256,79356973,128,10
3611917214,mqlp_4_256_256,79482410,128,10
3650428496,mqlp_4_256_256,80172473,128,10
3424335552,mqlp_4_256_512,81405278,128,10
3446197332,mqlp_4_256_512,81624137,128,10
3488186960,mqlp_4_256_512,83613037,128,10
3679552416,mqlp_4_256_512,84334727,128,10
3694004288,mqlp_4_256_512,88479955,128,10
3402695578,mqlp_4_256_1024,84527428,128,10
3482951858,mqlp_4_256_1024,85562772,128,10
3799447792,mqlp_4_256_1024,94126528,128,10
3412439628,mqlp_4_256_1024,86392882,128,10
3440636264,mqlp_4_256_1024,86133624,128,10
6389282508,mqlp_4_512_1,76011684,128,10
6376034196,mqlp_4_512_1,76143026,128,10
6445383560,mqlp_4_512_1,76159238,128,10
6431076638,mqlp_4_512_1,76150901,128,10
6435820046,mqlp_4_512_1,76024305,128,10
5284884150,mqlp_4_512_2,76554669,128,10
5315116908,mqlp_4_512_2,76226609,128,10
5364247798,mqlp_4_512_2,76103228,128,10
5257961782,mqlp_4_512_2,76240215,128,10
5262433398,mqlp_4_512_2,76144659,128,10
4639076778,mqlp_4_512_4,76379268,128,10
4581698648,mqlp_4_512_4,76679127,128,10
4630765658,mqlp_4_512_4,76142918,128,10
4602027786,mqlp_4_512_4,77121548,128,10
4632480014,mqlp_4_512_4,76187373,128,10
4188278524,mqlp_4_512_8,76320980,128,10
4220905102,mqlp_4_512_8,76643500,128,10
4206369238,mqlp_4_512_8,76609067,128,10
4194358360,mqlp_4_512_8,76292743,128,10
4216103206,mqlp_4_512_8,77766968,128,10
4009297684,mqlp_4_512_16,76442560,128,10
3934834468,mqlp_4_512_16,76526031,128,10
4005685182,mqlp_4_512_16,77329646,128,10
3976848608,mqlp_4_512_16,76425195,128,10
3955499678,mqlp_4_512_16,76819398,128,10
3838879892,mqlp_4_512_32,76753400,128,10
3903754658,mqlp_4_512_32,77418353,128,10
3889001580,mqlp_4_512_32,79266823,128,10
3840311706,mqlp_4_512_32,76748434,128,10
3859919318,mqlp_4_512_32,77403610,128,10
3706019518,mqlp_4_512_64,77934461,128,10
3798898516,mqlp_4_512_64,79543185,128,10
3722556460,mqlp_4_512_64,77704337,128,10
3726278308,mqlp_4_512_64,77719621,128,10
3717091180,mqlp_4_512_64,76971504,128,10
3622140020,mqlp_4_512_128,78087057,128,10
3877400966,mqlp_4_512_128,84232752,128,10
3637922372,mqlp_4_512_128,81815219,128,10
3602221872,mqlp_4_512_128,78473981,128,10
3596369814,mqlp_4_512_128,78017261,128,10
3596681736,mqlp_4_512_256,85213749,128,10
3471878200,mqlp_4_512_256,80608436,128,10
3564280270,mqlp_4_512_256,84071459,128,10
3451742110,mqlp_4_512_256,79553995,128,10
3509182830,mqlp_4_512_256,80302620,128,10
3453034830,mqlp_4_512_512,84611821,128,10
3551167018,mqlp_4_512_512,86667047,128,10
3439443440,mqlp_4_512_512,84059981,128,10
3351676654,mqlp_4_512_512,81574667,128,10
3531515388,mqlp_4_512_512,89760588,128,10
3493926884,mqlp_4_512_1024,89555963,128,10
3645034308,mqlp_4_512_1024,89799766,128,10
3344503138,mqlp_4_512_1024,87180501,128,10
3380063578,mqlp_4_512_1024,88142553,128,10
3393340330,mqlp_4_512_1024,89891505,128,10
6319209988,mqlp_4_1024_1,76296127,128,10
6286526086,mqlp_4_1024_1,76248604,128,10
6249375656,mqlp_4_1024_1,76684884,128,10
6297600650,mqlp_4_1024_1,76596182,128,10
6232374292,mqlp_4_1024_1,76275555,128,10
5139896674,mqlp_4_1024_2,76309002,128,10
5089075404,mqlp_4_1024_2,76359357,128,10
5256593116,mqlp_4_1024_2,76306680,128,10
5150632742,mqlp_4_1024_2,76445273,128,10
5157096892,mqlp_4_1024_2,76346298,128,10
4477093236,mqlp_4_1024_4,76678441,128,10
4492018130,mqlp_4_1024_4,76394272,128,10
4452091938,mqlp_4_1024_4,76399856,128,10
4474714482,mqlp_4_1024_4,76387224,128,10
4490348756,mqlp_4_1024_4,76427600,128,10
4082531806,mqlp_4_1024_8,77326390,128,10
4057114040,mqlp_4_1024_8,76524618,128,10
4051753002,mqlp_4_1024_8,76608645,128,10
4061310166,mqlp_4_1024_8,76641953,128,10
4059571678,mqlp_4_1024_8,76598533,128,10
3839275374,mqlp_4_1024_16,76892249,128,10
3854761202,mqlp_4_1024_16,77844238,128,10
3844780712,mqlp_4_1024_16,77016251,128,10
3839886670,mqlp_4_1024_16,77299800,128,10
3851414228,mqlp_4_1024_16,76750283,128,10
3766147282,mqlp_4_1024_32,80818224,128,10
3721048400,mqlp_4_1024_32,78081502,128,10
3699760462,mqlp_4_1024_32,77014443,128,10
3700357378,mqlp_4_1024_32,78123015,128,10
3669650832,mqlp_4_1024_32,76842621,128,10
3641400488,mqlp_4_1024_64,78527485,128,10
3625230872,mqlp_4_1024_64,80088063,128,10
3679383928,mqlp_4_1024_64,81685989,128,10
3595474786,mqlp_4_1024_64,78053081,128,10
3595513722,mqlp_4_1024_64,77634546,128,10
3467574540,mqlp_4_1024_128,79350125,128,10
3447354128,mqlp_4_1024_128,78232457,128,10
3493839378,mqlp_4_1024_128,78860652,128,10
3458619002,mqlp_4_1024_128,78185524,128,10
3618747866,mqlp_4_1024_128,84126033,128,10
3372718824,mqlp_4_1024_256,79539404,128,10
3447855606,mqlp_4_1024_256,82225489,128,10
3487906178,mqlp_4_1024_256,81470198,128,10
3358245350,mqlp_4_1024_256,80207340,128,10
3379960840,mqlp_4_1024_256,81209286,128,10
3224297292,mqlp_4_1024_512,82326718,128,10
3284248746,mqlp_4_1024_512,82657002,128,10
3657411752,mqlp_4_1024_512,91236669,128,10
3244196130,mqlp_4_1024_512,81735404,128,10
3625819758,mqlp_4_1024_512,90170166,128,10
3380787826,mqlp_4_1024_1024,93154567,128,10
3266316530,mqlp_4_1024_1024,90170237,128,10
3256808326,mqlp_4_1024_1024,88868435,128,10
3522530810,mqlp_4_1024_1024,97303046,128,10
3257334552,mqlp_4_1024_1024,88344067,128,10
