123148920,smqhm_1_1,6290867,128,0
122385890,smqhm_1_1,6290513,128,0
124748230,smqhm_1_1,6291559,128,0
123107472,smqhm_1_1,6289597,128,0
122870874,smqhm_1_1,6288471,128,0
120469688,smqhm_1_2,6284235,128,0
119729332,smqhm_1_2,6281570,128,0
120520782,smqhm_1_2,6281938,128,0
120772986,smqhm_1_2,6282944,128,0
120585998,smqhm_1_2,6282986,128,0
190929608,smqhm_1_4,6299861,128,0
193463682,smqhm_1_4,6300925,128,0
197822304,smqhm_1_4,6303132,128,0
195634698,smqhm_1_4,6305168,128,0
198838434,smqhm_1_4,6301355,128,0
129239308,smqhm_1_8,6329652,128,0
130382862,smqhm_1_8,6327160,128,0
133196248,smqhm_1_8,6327611,128,0
132477780,smqhm_1_8,6340252,128,0
129900640,smqhm_1_8,6331522,128,0
133386082,smqhm_1_16,6399644,128,0
132142118,smqhm_1_16,6400225,128,0
140661550,smqhm_1_16,6409327,128,0
132302104,smqhm_1_16,6402536,128,0
131012686,smqhm_1_16,6398296,128,0
169014016,smqhm_1_32,6554918,128,0
168738316,smqhm_1_32,6550476,128,0
164192936,smqhm_1_32,6548562,128,0
156838416,smqhm_1_32,6545600,128,0
165868014,smqhm_1_32,6555964,128,0
345193488,smqhm_1_64,6841064,128,0
309261166,smqhm_1_64,6778553,128,0
255088418,smqhm_1_64,6791386,128,0
274589580,smqhm_1_64,6776864,128,0
293386192,smqhm_1_64,6833721,128,0
410229838,smqhm_1_128,7065444,128,0
417875114,smqhm_1_128,7071459,128,0
480049804,smqhm_1_128,7076686,128,0
466596244,smqhm_1_128,7064655,128,0
471047044,smqhm_1_128,7067365,128,0
568203904,smqhm_1_256,7666129,128,0
672302228,smqhm_1_256,7822429,128,0
891804916,smqhm_1_256,8012526,128,0
791156192,smqhm_1_256,7931071,128,0
680558324,smqhm_1_256,7871459,128,0
995564308,smqhm_1_512,8477800,128,0
1001089850,smqhm_1_512,9012470,128,0
978138726,smqhm_1_512,8921857,128,0
982323020,smqhm_1_512,8775450,128,0
1073720010,smqhm_1_512,9074800,128,0
2421978574,smqhm_1_1024,14568022,128,0
1774200172,smqhm_1_1024,12390561,128,0
1771771974,smqhm_1_1024,10879377,128,0
1768556698,smqhm_1_1024,12486575,128,0
1877405332,smqhm_1_1024,12745663,128,0
93817222,smqhm_2_1,6360159,128,0
93454254,smqhm_2_1,6359018,128,0
93097802,smqhm_2_1,6354118,128,0
93910784,smqhm_2_1,6362260,128,0
94111824,smqhm_2_1,6364302,128,0
92781076,smqhm_2_2,6319552,128,0
92918484,smqhm_2_2,6325034,128,0
93675920,smqhm_2_2,6325182,128,0
93172902,smqhm_2_2,6322431,128,0
93196876,smqhm_2_2,6320476,128,0
126606838,smqhm_2_4,6354202,128,0
125019188,smqhm_2_4,6346642,128,0
124684012,smqhm_2_4,6345916,128,0
123158144,smqhm_2_4,6346689,128,0
126854680,smqhm_2_4,6351919,128,0
108044622,smqhm_2_8,6414468,128,0
108754116,smqhm_2_8,6441858,128,0
107991838,smqhm_2_8,6427101,128,0
108920416,smqhm_2_8,6445214,128,0
107791104,smqhm_2_8,6430348,128,0
117428740,smqhm_2_16,6662010,128,0
117900370,smqhm_2_16,6671448,128,0
115051538,smqhm_2_16,6669163,128,0
114556958,smqhm_2_16,6655314,128,0
116290088,smqhm_2_16,6685146,128,0
140761578,smqhm_2_32,6951027,128,0
145994088,smqhm_2_32,6970975,128,0
151707862,smqhm_2_32,6975878,128,0
141001972,smqhm_2_32,6964752,128,0
145338680,smqhm_2_32,6954009,128,0
241187654,smqhm_2_64,7329028,128,0
274726296,smqhm_2_64,7333016,128,0
206180358,smqhm_2_64,7265013,128,0
243409818,smqhm_2_64,7313167,128,0
262597816,smqhm_2_64,7310953,128,0
301130628,smqhm_2_128,7551318,128,0
306335944,smqhm_2_128,7599282,128,0
268938502,smqhm_2_128,7498661,128,0
408118228,smqhm_2_128,7701695,128,0
398911768,smqhm_2_128,7730411,128,0
558960274,smqhm_2_256,8660555,128,0
561695490,smqhm_2_256,8659104,128,0
762688292,smqhm_2_256,9229779,128,0
567581528,smqhm_2_256,8620855,128,0
664593390,smqhm_2_256,8980291,128,0
828458918,smqhm_2_512,9761700,128,0
867792394,smqhm_2_512,9964107,128,0
898002804,smqhm_2_512,10243351,128,0
926130300,smqhm_2_512,10322365,128,0
967562180,smqhm_2_512,10478401,128,0
1514901632,smqhm_2_1024,12699583,128,0
1879939290,smqhm_2_1024,14283295,128,0
1608195606,smqhm_2_1024,13224851,128,0
2175062506,smqhm_2_1024,15737177,128,0
2003328066,smqhm_2_1024,15395277,128,0
81877316,smqhm_4_1,6614352,128,0
81969196,smqhm_4_1,6632599,128,0
82393818,smqhm_4_1,6621590,128,0
82059550,smqhm_4_1,6625039,128,0
81426644,smqhm_4_1,6608993,128,0
82173834,smqhm_4_2,6430608,128,0
81680890,smqhm_4_2,6441261,128,0
81607488,smqhm_4_2,6426370,128,0
81733328,smqhm_4_2,6435354,128,0
81743618,smqhm_4_2,6422867,128,0
94783180,smqhm_4_4,6453270,128,0
95323518,smqhm_4_4,6437755,128,0
95039322,smqhm_4_4,6455258,128,0
95266048,smqhm_4_4,6450497,128,0
94876020,smqhm_4_4,6445365,128,0
98502140,smqhm_4_8,6695506,128,0
98228678,smqhm_4_8,6691132,128,0
98818160,smqhm_4_8,6698170,128,0
98231032,smqhm_4_8,6703417,128,0
98421516,smqhm_4_8,6717949,128,0
111576792,smqhm_4_16,7282353,128,0
110614516,smqhm_4_16,7237765,128,0
110517344,smqhm_4_16,7241900,128,0
110086620,smqhm_4_16,7262147,128,0
109666486,smqhm_4_16,7232971,128,0
137121382,smqhm_4_32,7788234,128,0
141143686,smqhm_4_32,7843168,128,0
135506412,smqhm_4_32,7799953,128,0
135430254,smqhm_4_32,7758136,128,0
135333730,smqhm_4_32,7833497,128,0
211295554,smqhm_4_64,8339284,128,0
218798174,smqhm_4_64,8443448,128,0
213708156,smqhm_4_64,8427417,128,0
208355618,smqhm_4_64,8418406,128,0
177022778,smqhm_4_64,8310400,128,0
336278774,smqhm_4_128,8851186,128,0
230555604,smqhm_4_128,8654064,128,0
231654148,smqhm_4_128,8627823,128,0
241641566,smqhm_4_128,8699558,128,0
236279884,smqhm_4_128,8612827,128,0
479770486,smqhm_4_256,10072174,128,0
437159218,smqhm_4_256,9800999,128,0
454989890,smqhm_4_256,9906871,128,0
513319908,smqhm_4_256,10146851,128,0
418794918,smqhm_4_256,9772526,128,0
662365838,smqhm_4_512,10794523,128,0
679942338,smqhm_4_512,11071435,128,0
783695882,smqhm_4_512,11260875,128,0
675043336,smqhm_4_512,10728297,128,0
771673764,smqhm_4_512,11577168,128,0
1533177038,smqhm_4_1024,14781990,128,0
1389935760,smqhm_4_1024,14259080,128,0
1217426646,smqhm_4_1024,13994922,128,0
1235437574,smqhm_4_1024,13196098,128,0
1240723978,smqhm_4_1024,14035957,128,0
80941406,smqhm_8_1,7472485,128,0
81288020,smqhm_8_1,7500518,128,0
80549986,smqhm_8_1,7439929,128,0
80165446,smqhm_8_1,7471280,128,0
81154740,smqhm_8_1,7499874,128,0
77145954,smqhm_8_2,6781475,128,0
77370742,smqhm_8_2,6786519,128,0
76727852,smqhm_8_2,6777505,128,0
77651200,smqhm_8_2,6787808,128,0
76971222,smqhm_8_2,6799650,128,0
85836986,smqhm_8_4,6704778,128,0
86315724,smqhm_8_4,6716011,128,0
86382816,smqhm_8_4,6699823,128,0
85965896,smqhm_8_4,6708997,128,0
86372194,smqhm_8_4,6716669,128,0
93546466,smqhm_8_8,7122171,128,0
93291880,smqhm_8_8,7122762,128,0
93986120,smqhm_8_8,7118049,128,0
93352630,smqhm_8_8,7125531,128,0
93427548,smqhm_8_8,7109790,128,0
110933752,smqhm_8_16,8051018,128,0
110668834,smqhm_8_16,8003863,128,0
110577490,smqhm_8_16,8016548,128,0
110768040,smqhm_8_16,8063487,128,0
110992848,smqhm_8_16,8034896,128,0
145876352,smqhm_8_32,9154457,128,0
146967738,smqhm_8_32,9250795,128,0
145448588,smqhm_8_32,9155627,128,0
147174764,smqhm_8_32,9190784,128,0
146308266,smqhm_8_32,9188771,128,0
203776012,smqhm_8_64,10921415,128,0
196424634,smqhm_8_64,10769324,128,0
206353144,smqhm_8_64,10609910,128,0
195500544,smqhm_8_64,10776900,128,0
199328378,smqhm_8_64,10590409,128,0
249503932,smqhm_8_128,11647334,128,0
241506930,smqhm_8_128,11604051,128,0
245861896,smqhm_8_128,11444463,128,0
262317932,smqhm_8_128,11508933,128,0
261704030,smqhm_8_128,11284786,128,0
414691090,smqhm_8_256,13677820,128,0
420186962,smqhm_8_256,13386220,128,0
473934606,smqhm_8_256,13174756,128,0
413856332,smqhm_8_256,13691738,128,0
400568832,smqhm_8_256,13744972,128,0
724067382,smqhm_8_512,16819527,128,0
710765192,smqhm_8_512,15845155,128,0
740727930,smqhm_8_512,16844812,128,0
680077334,smqhm_8_512,15479296,128,0
773352528,smqhm_8_512,17084103,128,0
2359566340,smqhm_8_1024,25728463,128,0
2317963256,smqhm_8_1024,25701701,128,0
2287244652,smqhm_8_1024,25675764,128,0
2546830468,smqhm_8_1024,26661908,128,0
2402550566,smqhm_8_1024,25917548,128,0
88375908,smqhm_16_1,9403658,128,0
90488574,smqhm_16_1,9621827,128,0
87555946,smqhm_16_1,9209261,128,0
89566176,smqhm_16_1,9406214,128,0
88462460,smqhm_16_1,9373730,128,0
80791112,smqhm_16_2,7776298,128,0
79058824,smqhm_16_2,7709283,128,0
79510502,smqhm_16_2,7731668,128,0
79511102,smqhm_16_2,7763629,128,0
80292786,smqhm_16_2,7742892,128,0
82823594,smqhm_16_4,7245210,128,0
84424780,smqhm_16_4,7317691,128,0
83793266,smqhm_16_4,7298994,128,0
83329680,smqhm_16_4,7265150,128,0
83843510,smqhm_16_4,7243676,128,0
91479306,smqhm_16_8,7637209,128,0
91164792,smqhm_16_8,7676595,128,0
92423888,smqhm_16_8,7713899,128,0
92833102,smqhm_16_8,7723331,128,0
92075622,smqhm_16_8,7735246,128,0
114390934,smqhm_16_16,8949029,128,0
115419418,smqhm_16_16,8963835,128,0
114062448,smqhm_16_16,8909590,128,0
114426426,smqhm_16_16,8945627,128,0
113085560,smqhm_16_16,8865426,128,0
172949814,smqhm_16_32,11139768,128,0
170439380,smqhm_16_32,10985627,128,0
168353990,smqhm_16_32,10887611,128,0
167505782,smqhm_16_32,10830210,128,0
168765230,smqhm_16_32,10938704,128,0
286269130,smqhm_16_64,15003024,128,0
289301778,smqhm_16_64,15295156,128,0
278204578,smqhm_16_64,14737810,128,0
288976352,smqhm_16_64,15152051,128,0
276250126,smqhm_16_64,14667985,128,0
399293638,smqhm_16_128,18081606,128,0
389342162,smqhm_16_128,17422660,128,0
442265864,smqhm_16_128,18964197,128,0
416226984,smqhm_16_128,18174159,128,0
428348114,smqhm_16_128,18666236,128,0
932850116,smqhm_16_256,25176667,128,0
688030592,smqhm_16_256,20307774,128,0
889948784,smqhm_16_256,24616384,128,0
908721018,smqhm_16_256,24295735,128,0
936675392,smqhm_16_256,25000755,128,0
1653010540,smqhm_16_512,29821234,128,0
1384544184,smqhm_16_512,26417453,128,0
1693994434,smqhm_16_512,29470253,128,0
1676435854,smqhm_16_512,30014385,128,0
1755701096,smqhm_16_512,30255982,128,0
4601958784,smqhm_16_1024,40539530,128,0
4903114310,smqhm_16_1024,42223280,128,0
4561664366,smqhm_16_1024,40173988,128,0
4675993900,smqhm_16_1024,40394182,128,0
4977875904,smqhm_16_1024,42418431,128,0
102208784,smqhm_32_1,12424058,128,0
101572260,smqhm_32_1,12331221,128,0
103130970,smqhm_32_1,12499637,128,0
105185480,smqhm_32_1,12770586,128,0
102440034,smqhm_32_1,12508992,128,0
87488542,smqhm_32_2,9572006,128,0
88490860,smqhm_32_2,9675480,128,0
89171692,smqhm_32_2,9788674,128,0
89691896,smqhm_32_2,9756045,128,0
88147172,smqhm_32_2,9621726,128,0
86663006,smqhm_32_4,8423885,128,0
86365752,smqhm_32_4,8404464,128,0
85152594,smqhm_32_4,8359831,128,0
86153112,smqhm_32_4,8358600,128,0
85508158,smqhm_32_4,8342905,128,0
94249010,smqhm_32_8,8526289,128,0
93271082,smqhm_32_8,8509036,128,0
93528260,smqhm_32_8,8481942,128,0
94689498,smqhm_32_8,8568797,128,0
94101850,smqhm_32_8,8520912,128,0
120525258,smqhm_32_16,9970587,128,0
118891982,smqhm_32_16,9853473,128,0
118997374,smqhm_32_16,9878846,128,0
118861602,smqhm_32_16,9921124,128,0
117648594,smqhm_32_16,9720919,128,0
194397558,smqhm_32_32,12671891,128,0
192784926,smqhm_32_32,12520476,128,0
190022326,smqhm_32_32,12443419,128,0
193145126,smqhm_32_32,12530612,128,0
193144522,smqhm_32_32,12530364,128,0
385705358,smqhm_32_64,18349152,128,0
396074620,smqhm_32_64,18740106,128,0
388844822,smqhm_32_64,18496320,128,0
410179612,smqhm_32_64,19303725,128,0
407663382,smqhm_32_64,19151507,128,0
799512806,smqhm_32_128,27788159,128,0
741348900,smqhm_32_128,26215592,128,0
832688474,smqhm_32_128,28432410,128,0
829558158,smqhm_32_128,28136507,128,0
781512470,smqhm_32_128,27111084,128,0
2178580112,smqhm_32_256,39227275,128,0
2350361848,smqhm_32_256,41398193,128,0
2286414344,smqhm_32_256,40974740,128,0
2136451252,smqhm_32_256,39478076,128,0
2098274844,smqhm_32_256,38908501,128,0
4024573842,smqhm_32_512,48899148,128,0
3629897082,smqhm_32_512,46770069,128,0
4053862172,smqhm_32_512,50570886,128,0
3455713282,smqhm_32_512,45696281,128,0
3698366594,smqhm_32_512,47730391,128,0
7801316160,smqhm_32_1024,57154339,128,0
7400589834,smqhm_32_1024,56146095,128,0
7073378662,smqhm_32_1024,53533009,128,0
7752364972,smqhm_32_1024,55385503,128,0
7500753290,smqhm_32_1024,56644085,128,0
125147186,smqhm_64_1,17094832,128,0
125699468,smqhm_64_1,16845108,128,0
135443292,smqhm_64_1,18609343,128,0
127996202,smqhm_64_1,17463572,128,0
125214380,smqhm_64_1,16995382,128,0
105774936,smqhm_64_2,12877244,128,0
105585600,smqhm_64_2,12879897,128,0
105611752,smqhm_64_2,12913713,128,0
107103092,smqhm_64_2,13233526,128,0
103421880,smqhm_64_2,12600855,128,0
94563038,smqhm_64_4,10237480,128,0
94543870,smqhm_64_4,10293190,128,0
95764438,smqhm_64_4,10540945,128,0
95732352,smqhm_64_4,10426169,128,0
95027132,smqhm_64_4,10282706,128,0
98176356,smqhm_64_8,9732631,128,0
96907568,smqhm_64_8,9677351,128,0
97313086,smqhm_64_8,9670483,128,0
97864894,smqhm_64_8,9688464,128,0
96830260,smqhm_64_8,9676023,128,0
123960182,smqhm_64_16,10873764,128,0
124627160,smqhm_64_16,10939085,128,0
122985060,smqhm_64_16,10824979,128,0
124732336,smqhm_64_16,10960818,128,0
124445874,smqhm_64_16,10864259,128,0
210187736,smqhm_64_32,13758420,128,0
208975892,smqhm_64_32,13710089,128,0
212289404,smqhm_64_32,13972670,128,0
209539614,smqhm_64_32,13753519,128,0
211159214,smqhm_64_32,13906197,128,0
471711582,smqhm_64_64,21141743,128,0
484401582,smqhm_64_64,21604011,128,0
482919784,smqhm_64_64,21426812,128,0
457943496,smqhm_64_64,20572169,128,0
458304734,smqhm_64_64,20512790,128,0
1046121708,smqhm_64_128,32731623,128,0
993093272,smqhm_64_128,31263459,128,0
1052505462,smqhm_64_128,32165073,128,0
1046313022,smqhm_64_128,32178939,128,0
1125403298,smqhm_64_128,33522934,128,0
2711874998,smqhm_64_256,45375518,128,0
2943705744,smqhm_64_256,48488016,128,0
2996006238,smqhm_64_256,48867135,128,0
2783372986,smqhm_64_256,46565460,128,0
2794473468,smqhm_64_256,46063094,128,0
5357016340,smqhm_64_512,59253735,128,0
5440004046,smqhm_64_512,60389061,128,0
4623793254,smqhm_64_512,54226160,128,0
5641472346,smqhm_64_512,63603157,128,0
4941853190,smqhm_64_512,56698080,128,0
9402996178,smqhm_64_1024,66400341,128,0
8878885164,smqhm_64_1024,62706637,128,0
10269646296,smqhm_64_1024,71810247,128,0
9624739886,smqhm_64_1024,66922192,128,0
8829878166,smqhm_64_1024,61043938,128,0
160830104,smqhm_128_1,24152411,128,0
161019180,smqhm_128_1,24183494,128,0
160810102,smqhm_128_1,23901461,128,0
160976150,smqhm_128_1,23986794,128,0
156324714,smqhm_128_1,23371298,128,0
131526224,smqhm_128_2,18131338,128,0
129727378,smqhm_128_2,17749934,128,0
127142676,smqhm_128_2,17503967,128,0
128917926,smqhm_128_2,17737059,128,0
132766614,smqhm_128_2,18191371,128,0
110178980,smqhm_128_4,13418917,128,0
112589164,smqhm_128_4,13803665,128,0
112256476,smqhm_128_4,13670790,128,0
111851882,smqhm_128_4,13715795,128,0
109329628,smqhm_128_4,13192901,128,0
108022074,smqhm_128_8,11675313,128,0
107362710,smqhm_128_8,11591888,128,0
108798406,smqhm_128_8,11906005,128,0
106488864,smqhm_128_8,11541859,128,0
109135852,smqhm_128_8,11823284,128,0
134385758,smqhm_128_16,12443539,128,0
131450286,smqhm_128_16,12177850,128,0
133281092,smqhm_128_16,12349919,128,0
133824642,smqhm_128_16,12353480,128,0
134609052,smqhm_128_16,12401413,128,0
233054594,smqhm_128_32,15397643,128,0
229132826,smqhm_128_32,15294927,128,0
229135332,smqhm_128_32,15213763,128,0
232581870,smqhm_128_32,15552951,128,0
225592126,smqhm_128_32,14965440,128,0
532659104,smqhm_128_64,23218913,128,0
547848618,smqhm_128_64,23682402,128,0
533521642,smqhm_128_64,23207252,128,0
517366946,smqhm_128_64,22779644,128,0
528946790,smqhm_128_64,23110439,128,0
1204334568,smqhm_128_128,35645526,128,0
1178932518,smqhm_128_128,34874050,128,0
1178975708,smqhm_128_128,34712678,128,0
1177333878,smqhm_128_128,35323610,128,0
1238622020,smqhm_128_128,36584379,128,0
3505046500,smqhm_128_256,52297684,128,0
3445713622,smqhm_128_256,55479448,128,0
2994416840,smqhm_128_256,49074123,128,0
3028406242,smqhm_128_256,51365820,128,0
3247816526,smqhm_128_256,51582586,128,0
6003216866,smqhm_128_512,67658055,128,0
5242026122,smqhm_128_512,58616861,128,0
5480446496,smqhm_128_512,62761633,128,0
6231379732,smqhm_128_512,68066886,128,0
5611157694,smqhm_128_512,63235268,128,0
10820659892,smqhm_128_1024,72332691,128,0
9988458734,smqhm_128_1024,68520861,128,0
10180432154,smqhm_128_1024,68168664,128,0
10182007754,smqhm_128_1024,68985084,128,0
10618125580,smqhm_128_1024,71306561,128,0
202830508,smqhm_256_1,31240714,128,0
199203888,smqhm_256_1,31741334,128,0
189660734,smqhm_256_1,30795874,128,0
200529342,smqhm_256_1,32479916,128,0
197227292,smqhm_256_1,31926451,128,0
158536800,smqhm_256_2,23623802,128,0
158842708,smqhm_256_2,23834146,128,0
166865724,smqhm_256_2,25108649,128,0
160002156,smqhm_256_2,23875648,128,0
163274362,smqhm_256_2,24683798,128,0
135790696,smqhm_256_4,18558607,128,0
131872136,smqhm_256_4,17982520,128,0
137260206,smqhm_256_4,18919789,128,0
134314536,smqhm_256_4,18327528,128,0
130597896,smqhm_256_4,17722005,128,0
125539400,smqhm_256_8,14954905,128,0
124202950,smqhm_256_8,14712400,128,0
128555106,smqhm_256_8,15430483,128,0
124426582,smqhm_256_8,14784210,128,0
164807628,smqhm_256_8,15222519,128,0
145787098,smqhm_256_16,14321503,128,0
147218492,smqhm_256_16,14425912,128,0
149439418,smqhm_256_16,14700019,128,0
147056926,smqhm_256_16,14429660,128,0
149708234,smqhm_256_16,14756414,128,0
252432012,smqhm_256_32,17274872,128,0
245983374,smqhm_256_32,16782296,128,0
245286226,smqhm_256_32,16830624,128,0
243572044,smqhm_256_32,16783684,128,0
245868196,smqhm_256_32,16810831,128,0
620635492,smqhm_256_64,27005681,128,0
580436474,smqhm_256_64,25332905,128,0
614556860,smqhm_256_64,26639178,128,0
604296722,smqhm_256_64,26196515,128,0
611001646,smqhm_256_64,26435840,128,0
1211841536,smqhm_256_128,36008280,128,0
1281642766,smqhm_256_128,37384018,128,0
1326523734,smqhm_256_128,38455061,128,0
1242253746,smqhm_256_128,37155127,128,0
1306986894,smqhm_256_128,39330129,128,0
3491307816,smqhm_256_256,56243118,128,0
3098096802,smqhm_256_256,50338441,128,0
3026293002,smqhm_256_256,49775703,128,0
3564187268,smqhm_256_256,57885133,128,0
3602451890,smqhm_256_256,57311878,128,0
6065537742,smqhm_256_512,68185743,128,0
6317141096,smqhm_256_512,69879912,128,0
6424624118,smqhm_256_512,70449464,128,0
6667284212,smqhm_256_512,73003628,128,0
6119714424,smqhm_256_512,66997468,128,0
11586485944,smqhm_256_1024,76203852,128,0
11695332770,smqhm_256_1024,78882626,128,0
10511629630,smqhm_256_1024,69343763,128,0
12828412630,smqhm_256_1024,82794205,128,0
11965603136,smqhm_256_1024,79534731,128,0
265736980,smqhm_512_1,44831433,128,0
269357410,smqhm_512_1,45769997,128,0
247237832,smqhm_512_1,41607383,128,0
249901762,smqhm_512_1,42354947,128,0
233433776,smqhm_512_1,39097103,128,0
211667938,smqhm_512_2,33973704,128,0
204657402,smqhm_512_2,32580177,128,0
211046574,smqhm_512_2,33973342,128,0
202114980,smqhm_512_2,32082855,128,0
213441138,smqhm_512_2,34382905,128,0
166167920,smqhm_512_4,25017442,128,0
168393270,smqhm_512_4,25073287,128,0
174868922,smqhm_512_4,26422324,128,0
168390464,smqhm_512_4,25044126,128,0
173426618,smqhm_512_4,25978631,128,0
156090118,smqhm_512_8,20681067,128,0
147394476,smqhm_512_8,19349396,128,0
145926150,smqhm_512_8,19033912,128,0
150835614,smqhm_512_8,19896492,128,0
151366622,smqhm_512_8,19800053,128,0
164919098,smqhm_512_16,17383153,128,0
164712720,smqhm_512_16,17474789,128,0
167067316,smqhm_512_16,17825791,128,0
167544924,smqhm_512_16,17848411,128,0
166571236,smqhm_512_16,17560512,128,0
281595062,smqhm_512_32,20093060,128,0
273567626,smqhm_512_32,19623975,128,0
275734918,smqhm_512_32,19678412,128,0
275390574,smqhm_512_32,19762050,128,0
286862334,smqhm_512_32,20718564,128,0
657134554,smqhm_512_64,29022388,128,0
667721086,smqhm_512_64,29070030,128,0
629030422,smqhm_512_64,27861697,128,0
645897430,smqhm_512_64,28362159,128,0
670261762,smqhm_512_64,29522565,128,0
1363161136,smqhm_512_128,40931562,128,0
1367000584,smqhm_512_128,40378356,128,0
1233235958,smqhm_512_128,37025029,128,0
1328213810,smqhm_512_128,39885492,128,0
1347143526,smqhm_512_128,40044877,128,0
3413023370,smqhm_512_256,53851929,128,0
3597530480,smqhm_512_256,58722696,128,0
3634250130,smqhm_512_256,57304434,128,0
3600475508,smqhm_512_256,57124264,128,0
3415375906,smqhm_512_256,54060569,128,0
6661827974,smqhm_512_512,71239457,128,0
6792795274,smqhm_512_512,72966046,128,0
6956218306,smqhm_512_512,74680875,128,0
6454214372,smqhm_512_512,69310642,128,0
7064456060,smqhm_512_512,76192832,128,0
11729799992,smqhm_512_1024,76816741,128,0
11918656684,smqhm_512_1024,76083130,128,0
13000237354,smqhm_512_1024,82683383,128,0
12558201638,smqhm_512_1024,81104661,128,0
11952786694,smqhm_512_1024,77181369,128,0
311699478,smqhm_1024_1,54049429,128,0
291766758,smqhm_1024_1,50340443,128,0
305350728,smqhm_1024_1,52496358,128,0
277102132,smqhm_1024_1,47284851,128,0
294242836,smqhm_1024_1,51309131,128,0
249003114,smqhm_1024_2,41090956,128,0
260911694,smqhm_1024_2,42834559,128,0
256810662,smqhm_1024_2,41884467,128,0
273977782,smqhm_1024_2,45041032,128,0
248267122,smqhm_1024_2,40619581,128,0
215763870,smqhm_1024_4,34276766,128,0
207872806,smqhm_1024_4,33236912,128,0
214280294,smqhm_1024_4,34260829,128,0
218709470,smqhm_1024_4,34957886,128,0
196216768,smqhm_1024_4,31268050,128,0
177932770,smqhm_1024_8,25221755,128,0
185361280,smqhm_1024_8,26359404,128,0
183688654,smqhm_1024_8,26127030,128,0
183691580,smqhm_1024_8,25784465,128,0
176343842,smqhm_1024_8,25000669,128,0
197943324,smqhm_1024_16,22918559,128,0
201802492,smqhm_1024_16,23208061,128,0
201735962,smqhm_1024_16,23400115,128,0
195064184,smqhm_1024_16,22269633,128,0
190403342,smqhm_1024_16,21653575,128,0
308803140,smqhm_1024_32,23275106,128,0
307997114,smqhm_1024_32,23198498,128,0
308577970,smqhm_1024_32,23219070,128,0
310491908,smqhm_1024_32,23329384,128,0
316054130,smqhm_1024_32,23994152,128,0
716081042,smqhm_1024_64,32750397,128,0
676139470,smqhm_1024_64,30360552,128,0
700535962,smqhm_1024_64,31769453,128,0
707103852,smqhm_1024_64,31915761,128,0
694197730,smqhm_1024_64,30953125,128,0
1500123974,smqhm_1024_128,43990645,128,0
1352546506,smqhm_1024_128,40018509,128,0
1486719090,smqhm_1024_128,44192982,128,0
1479980990,smqhm_1024_128,44213916,128,0
1393754920,smqhm_1024_128,41708467,128,0
3598421776,smqhm_1024_256,56498332,128,0
3426505388,smqhm_1024_256,54503120,128,0
3696049616,smqhm_1024_256,58447278,128,0
3682183088,smqhm_1024_256,57640201,128,0
3591222408,smqhm_1024_256,56748579,128,0
7047808492,smqhm_1024_512,75200145,128,0
7008479604,smqhm_1024_512,73146082,128,0
7104434508,smqhm_1024_512,73206370,128,0
7277977478,smqhm_1024_512,75822612,128,0
7016202138,smqhm_1024_512,73913500,128,0
13775115338,smqhm_1024_1024,86685090,128,0
12147782750,smqhm_1024_1024,79329903,128,0
12836508092,smqhm_1024_1024,79251637,128,0
12158656380,smqhm_1024_1024,78177811,128,0
12541767364,smqhm_1024_1024,79964141,128,0
