2908499828,smqhm_1_1,54249621,128
4137223930,smqhm_1_1,55741295,128
1987492830,smqhm_1_1,53175282,128
3913206086,smqhm_1_1,55282079,128
2462174800,smqhm_1_1,54838563,128
5003803718,smqhm_1_2,51594492,128
5454856752,smqhm_1_2,53298462,128
2958948700,smqhm_1_2,52226703,128
2258420834,smqhm_1_2,51296119,128
2296141290,smqhm_1_2,51764287,128
1456085526,smqhm_1_4,51000794,128
1474792004,smqhm_1_4,50963361,128
1451151614,smqhm_1_4,50982579,128
1448496770,smqhm_1_4,51003886,128
1447541174,smqhm_1_4,51049457,128
2001529130,smqhm_1_8,50835598,128
2073694584,smqhm_1_8,50802424,128
2032416330,smqhm_1_8,50960666,128
1989346110,smqhm_1_8,50813517,128
2261964856,smqhm_1_8,50945597,128
3014713550,smqhm_1_16,50749441,128
3457272628,smqhm_1_16,50734324,128
2881376428,smqhm_1_16,50806208,128
2849280946,smqhm_1_16,50712804,128
2951546748,smqhm_1_16,50766430,128
3783314176,smqhm_1_32,50678487,128
4048206562,smqhm_1_32,50726140,128
3992258536,smqhm_1_32,50715886,128
3932765150,smqhm_1_32,50715776,128
4124461094,smqhm_1_32,50668283,128
5164279522,smqhm_1_64,50691434,128
4268064336,smqhm_1_64,50648296,128
4212780980,smqhm_1_64,50685945,128
4193523284,smqhm_1_64,50692671,128
5165788094,smqhm_1_64,50725855,128
5021485980,smqhm_1_128,50764489,128
5183518610,smqhm_1_128,50692062,128
5090861964,smqhm_1_128,50733611,128
5041587218,smqhm_1_128,50710100,128
4937353316,smqhm_1_128,50652845,128
5774271594,smqhm_1_256,50652295,128
6040973376,smqhm_1_256,50653737,128
6121292652,smqhm_1_256,50846348,128
5761285636,smqhm_1_256,50659342,128
5948874192,smqhm_1_256,50682794,128
6173377896,smqhm_1_512,50816028,128
6433318462,smqhm_1_512,50672103,128
6017308436,smqhm_1_512,50681956,128
5826352476,smqhm_1_512,50863917,128
6436490066,smqhm_1_512,50706898,128
5724717036,smqhm_1_1024,52648618,128
5844008134,smqhm_1_1024,50811567,128
6252243400,smqhm_1_1024,50767370,128
6144990284,smqhm_1_1024,50982914,128
6152917422,smqhm_1_1024,51156463,128
4029910234,smqhm_2_1,64273929,128
2482888024,smqhm_2_1,59298109,128
2943116820,smqhm_2_1,57470665,128
3758941912,smqhm_2_1,56668921,128
2061451536,smqhm_2_1,59022804,128
1766228910,smqhm_2_2,53033179,128
2421320942,smqhm_2_2,52991966,128
1644644686,smqhm_2_2,52504230,128
1750108752,smqhm_2_2,53902850,128
2256966516,smqhm_2_2,52761077,128
1268520698,smqhm_2_4,52035434,128
1280316794,smqhm_2_4,51496236,128
1271182948,smqhm_2_4,51525920,128
1464903420,smqhm_2_4,51397624,128
1299934690,smqhm_2_4,51575783,128
1392545774,smqhm_2_8,50918403,128
1361658504,smqhm_2_8,51101164,128
1764586302,smqhm_2_8,51488288,128
1462540420,smqhm_2_8,51177068,128
1349553646,smqhm_2_8,50963550,128
1747663116,smqhm_2_16,50853441,128
1764256484,smqhm_2_16,50815363,128
1690963542,smqhm_2_16,50804165,128
1733865444,smqhm_2_16,50828467,128
1719202416,smqhm_2_16,51030563,128
2371025324,smqhm_2_32,50707376,128
2217008574,smqhm_2_32,50737120,128
2213841584,smqhm_2_32,50725435,128
2414393924,smqhm_2_32,50732567,128
2319162658,smqhm_2_32,50840205,128
2911489362,smqhm_2_64,50748058,128
2774041380,smqhm_2_64,50661328,128
2764977872,smqhm_2_64,51075650,128
2676599996,smqhm_2_64,50815433,128
2754301060,smqhm_2_64,50793963,128
3683239256,smqhm_2_128,50690997,128
3591649986,smqhm_2_128,50717655,128
3570750826,smqhm_2_128,51533476,128
3419526572,smqhm_2_128,51156629,128
3521867878,smqhm_2_128,50713386,128
4494344138,smqhm_2_256,50652934,128
4489640588,smqhm_2_256,50679091,128
4732135374,smqhm_2_256,52046050,128
4249456878,smqhm_2_256,50805216,128
4319852684,smqhm_2_256,50933579,128
4909082268,smqhm_2_512,50698828,128
4725565022,smqhm_2_512,50790054,128
4871628006,smqhm_2_512,50691998,128
4598393960,smqhm_2_512,50726883,128
4393390328,smqhm_2_512,50809173,128
4721811846,smqhm_2_1024,50966688,128
4078683126,smqhm_2_1024,51433829,128
4826818686,smqhm_2_1024,50839611,128
4310330200,smqhm_2_1024,51244354,128
4791683614,smqhm_2_1024,50760853,128
3863799832,smqhm_4_1,65084859,128
3840402844,smqhm_4_1,70382411,128
4693039138,smqhm_4_1,73803652,128
3220569846,smqhm_4_1,69190066,128
6454852550,smqhm_4_1,79587492,128
2262370440,smqhm_4_2,56903841,128
1695953114,smqhm_4_2,55366090,128
2266987000,smqhm_4_2,56134616,128
1765915224,smqhm_4_2,55503440,128
1735424722,smqhm_4_2,57044948,128
1169179320,smqhm_4_4,51652479,128
1622173194,smqhm_4_4,52756614,128
1587808964,smqhm_4_4,52162016,128
1688285370,smqhm_4_4,53106546,128
1759751572,smqhm_4_4,52307992,128
1244688384,smqhm_4_8,51458344,128
1226087386,smqhm_4_8,51271236,128
1277913152,smqhm_4_8,51504176,128
1182539204,smqhm_4_8,51447250,128
1179809260,smqhm_4_8,51191602,128
1293984552,smqhm_4_16,50863055,128
1343050518,smqhm_4_16,51160959,128
1258430212,smqhm_4_16,50964913,128
1279305942,smqhm_4_16,50898999,128
1295919462,smqhm_4_16,50938304,128
1511617874,smqhm_4_32,50975150,128
1485353820,smqhm_4_32,50964152,128
1669435068,smqhm_4_32,50950311,128
1497903364,smqhm_4_32,51062101,128
1433261538,smqhm_4_32,50902633,128
1642570500,smqhm_4_64,50753451,128
1628989138,smqhm_4_64,50869172,128
1669681908,smqhm_4_64,50890206,128
1807477426,smqhm_4_64,50740284,128
1685142018,smqhm_4_64,50754204,128
2305915368,smqhm_4_128,50860374,128
2362914464,smqhm_4_128,50879819,128
2272619524,smqhm_4_128,51060254,128
2300308430,smqhm_4_128,51164165,128
2243606056,smqhm_4_128,50871027,128
3187187172,smqhm_4_256,50900200,128
3012426936,smqhm_4_256,50764276,128
3546755762,smqhm_4_256,50939653,128
2973414648,smqhm_4_256,50740031,128
3132551698,smqhm_4_256,50699301,128
3108351946,smqhm_4_512,51795281,128
3186646390,smqhm_4_512,50781347,128
3331199690,smqhm_4_512,50815525,128
3012433090,smqhm_4_512,51115585,128
3078595088,smqhm_4_512,50903320,128
3298299960,smqhm_4_1024,51157961,128
2916082278,smqhm_4_1024,52215293,128
3195566664,smqhm_4_1024,51721318,128
3017518374,smqhm_4_1024,51682248,128
3073166382,smqhm_4_1024,51444236,128
5197370804,smqhm_8_1,86321157,128
8822993562,smqhm_8_1,84800707,128
5918376578,smqhm_8_1,88379093,128
10901059170,smqhm_8_1,94056377,128
5817891584,smqhm_8_1,87602857,128
3655189628,smqhm_8_2,68524142,128
2836917958,smqhm_8_2,64406010,128
3433844816,smqhm_8_2,71768835,128
5577369474,smqhm_8_2,72480645,128
3056997854,smqhm_8_2,67353112,128
1397521692,smqhm_8_4,56083552,128
1587230390,smqhm_8_4,59191600,128
1503348098,smqhm_8_4,58277173,128
1450599154,smqhm_8_4,56277058,128
1456240584,smqhm_8_4,56192798,128
1379500570,smqhm_8_8,52250521,128
1286321340,smqhm_8_8,52039673,128
1109899702,smqhm_8_8,51602930,128
1224067218,smqhm_8_8,52424851,128
1190553246,smqhm_8_8,52178945,128
1168962682,smqhm_8_16,51116190,128
1184366914,smqhm_8_16,51152679,128
1270174682,smqhm_8_16,51312993,128
1645934770,smqhm_8_16,51082009,128
1135873316,smqhm_8_16,51191632,128
1163257966,smqhm_8_32,51009912,128
1146404754,smqhm_8_32,51037052,128
1197425256,smqhm_8_32,51089443,128
1157476212,smqhm_8_32,51284622,128
1187700374,smqhm_8_32,50930450,128
1804061536,smqhm_8_64,51513286,128
1253402074,smqhm_8_64,50869293,128
1286515348,smqhm_8_64,51353287,128
1267473540,smqhm_8_64,51371507,128
1317750240,smqhm_8_64,50835694,128
1552364990,smqhm_8_128,51071800,128
1628442562,smqhm_8_128,50781877,128
1543576960,smqhm_8_128,50837586,128
1539801246,smqhm_8_128,51376007,128
1594004240,smqhm_8_128,50757967,128
1984296682,smqhm_8_256,50789975,128
1966003734,smqhm_8_256,51317162,128
2078101080,smqhm_8_256,50776793,128
1978761114,smqhm_8_256,50823979,128
1949636490,smqhm_8_256,51313544,128
2134525414,smqhm_8_512,51447156,128
2222797364,smqhm_8_512,50969954,128
2257789058,smqhm_8_512,51995333,128
2112480484,smqhm_8_512,51230677,128
2103449912,smqhm_8_512,51168384,128
2654722396,smqhm_8_1024,52117813,128
2741631142,smqhm_8_1024,51337504,128
2536705102,smqhm_8_1024,51803087,128
2987554050,smqhm_8_1024,52115709,128
2720391744,smqhm_8_1024,53182475,128
6488490768,smqhm_16_1,101181975,128
8318289864,smqhm_16_1,98915107,128
7496348486,smqhm_16_1,104540369,128
7869953852,smqhm_16_1,93703434,128
7559592312,smqhm_16_1,104198493,128
4895082356,smqhm_16_2,87033103,128
3666565390,smqhm_16_2,79473181,128
3516920664,smqhm_16_2,82219132,128
3749306954,smqhm_16_2,81314789,128
5642377492,smqhm_16_2,92270124,128
2088438294,smqhm_16_4,67516740,128
1579482396,smqhm_16_4,62163928,128
1747349746,smqhm_16_4,61274247,128
2160560666,smqhm_16_4,66240138,128
2064092842,smqhm_16_4,72693475,128
1130880102,smqhm_16_8,53436753,128
1318687414,smqhm_16_8,53447575,128
1260383120,smqhm_16_8,54195606,128
1195987732,smqhm_16_8,54515767,128
2121410126,smqhm_16_8,54236505,128
1153929908,smqhm_16_16,51759976,128
1429771398,smqhm_16_16,52840901,128
1140013338,smqhm_16_16,51746887,128
1154350006,smqhm_16_16,52000221,128
1106814008,smqhm_16_16,51693596,128
1121970714,smqhm_16_32,51253421,128
1153864722,smqhm_16_32,51215952,128
1228404838,smqhm_16_32,51329135,128
1308819184,smqhm_16_32,51376671,128
1213197178,smqhm_16_32,51351696,128
1167460126,smqhm_16_64,51331016,128
1322630248,smqhm_16_64,51561907,128
1177714794,smqhm_16_64,51026050,128
1133746348,smqhm_16_64,50974179,128
1176482300,smqhm_16_64,51073283,128
1423458068,smqhm_16_128,51807258,128
1215105636,smqhm_16_128,50883754,128
1678124664,smqhm_16_128,51386943,128
1298989494,smqhm_16_128,51129376,128
1232838480,smqhm_16_128,50909594,128
1487790872,smqhm_16_256,51117415,128
1445092372,smqhm_16_256,51179488,128
1449144326,smqhm_16_256,51071101,128
1925511470,smqhm_16_256,51452376,128
1459579444,smqhm_16_256,51104054,128
1739482220,smqhm_16_512,51922297,128
1793437032,smqhm_16_512,51251801,128
1770336242,smqhm_16_512,52038508,128
1762127242,smqhm_16_512,51690430,128
1767265264,smqhm_16_512,51413574,128
2717909116,smqhm_16_1024,52406616,128
3526827436,smqhm_16_1024,53124762,128
3328270164,smqhm_16_1024,52585387,128
3325466096,smqhm_16_1024,53071101,128
3541481974,smqhm_16_1024,54121978,128
11520247340,smqhm_32_1,132896361,128
8346716508,smqhm_32_1,118021360,128
9219136360,smqhm_32_1,132608929,128
13652697826,smqhm_32_1,117921142,128
8822980646,smqhm_32_1,119074324,128
5004128760,smqhm_32_2,98394409,128
4994314022,smqhm_32_2,101615049,128
8395211334,smqhm_32_2,100218891,128
3695734318,smqhm_32_2,88322549,128
4304708768,smqhm_32_2,92877827,128
3146110522,smqhm_32_4,87293249,128
2411046792,smqhm_32_4,78551857,128
2556852146,smqhm_32_4,78467063,128
2695110896,smqhm_32_4,79654514,128
2341554392,smqhm_32_4,73689469,128
1718591676,smqhm_32_8,59855284,128
1618656410,smqhm_32_8,63029768,128
1530681972,smqhm_32_8,60339169,128
1291438008,smqhm_32_8,58922759,128
1410475722,smqhm_32_8,59244391,128
1302186134,smqhm_32_16,53411479,128
1221523814,smqhm_32_16,55085820,128
1141614502,smqhm_32_16,53444070,128
1347005866,smqhm_32_16,54561641,128
1266637566,smqhm_32_16,53485913,128
1226469594,smqhm_32_32,51972483,128
1223688638,smqhm_32_32,51837433,128
1069385392,smqhm_32_32,51849677,128
1230923562,smqhm_32_32,52408932,128
1203649518,smqhm_32_32,52021882,128
1238543008,smqhm_32_64,51391398,128
1099074224,smqhm_32_64,51190897,128
1121934858,smqhm_32_64,51270177,128
1951934962,smqhm_32_64,51796655,128
1451558308,smqhm_32_64,51570500,128
1198642106,smqhm_32_128,51713786,128
1188059704,smqhm_32_128,51765479,128
1624124932,smqhm_32_128,60124043,128
1146999174,smqhm_32_128,51275595,128
1150070016,smqhm_32_128,51298630,128
1312783218,smqhm_32_256,51706778,128
1279249296,smqhm_32_256,51028425,128
1271837430,smqhm_32_256,51223752,128
1319671486,smqhm_32_256,51042941,128
1311675644,smqhm_32_256,52459488,128
1903137148,smqhm_32_512,51955309,128
1881262494,smqhm_32_512,52340063,128
1677545898,smqhm_32_512,51330045,128
1672145228,smqhm_32_512,51351650,128
1665355152,smqhm_32_512,51658058,128
3788040346,smqhm_32_1024,52461523,128
3425421922,smqhm_32_1024,52593208,128
4231799738,smqhm_32_1024,53522890,128
4444790948,smqhm_32_1024,53429436,128
3919139140,smqhm_32_1024,53687301,128
16372486808,smqhm_64_1,146995389,128
10853310828,smqhm_64_1,128725293,128
11469592852,smqhm_64_1,141272460,128
10211817088,smqhm_64_1,136028080,128
8955822492,smqhm_64_1,133517425,128
9507620240,smqhm_64_2,119390756,128
9086973116,smqhm_64_2,115162500,128
7887379586,smqhm_64_2,111745790,128
5611630248,smqhm_64_2,113053255,128
5196737890,smqhm_64_2,108337810,128
2844945604,smqhm_64_4,89772022,128
3180933374,smqhm_64_4,88713377,128
3551763808,smqhm_64_4,93034976,128
3020669336,smqhm_64_4,93406280,128
2836130322,smqhm_64_4,97228244,128
1960502204,smqhm_64_8,72956765,128
1899725394,smqhm_64_8,75997242,128
1815496206,smqhm_64_8,73176348,128
1817391324,smqhm_64_8,68697792,128
2337781504,smqhm_64_8,74269840,128
1264820374,smqhm_64_16,59270710,128
1543347840,smqhm_64_16,62386754,128
1345763872,smqhm_64_16,62159522,128
1819671100,smqhm_64_16,62045367,128
1302725488,smqhm_64_16,58327403,128
1159028750,smqhm_64_32,53682113,128
1112473836,smqhm_64_32,54155633,128
1474644598,smqhm_64_32,53574482,128
1689503190,smqhm_64_32,53567311,128
1221079336,smqhm_64_32,54053042,128
1248008146,smqhm_64_64,52072161,128
1070688162,smqhm_64_64,52054775,128
2247373202,smqhm_64_64,53184211,128
1228891892,smqhm_64_64,51903334,128
1709219134,smqhm_64_64,51934692,128
1222837850,smqhm_64_128,51554494,128
1393815530,smqhm_64_128,51900168,128
1278075936,smqhm_64_128,51663864,128
1284820926,smqhm_64_128,51780201,128
1335035676,smqhm_64_128,53100428,128
1604902328,smqhm_64_256,51696018,128
1233915870,smqhm_64_256,51204214,128
1370186806,smqhm_64_256,51431237,128
1251156830,smqhm_64_256,51553026,128
1378186702,smqhm_64_256,52102812,128
1710211192,smqhm_64_512,51711695,128
1733379364,smqhm_64_512,51692929,128
1795653250,smqhm_64_512,52476797,128
1664799444,smqhm_64_512,51489025,128
1932844612,smqhm_64_512,53398022,128
4127553760,smqhm_64_1024,53364255,128
3932766316,smqhm_64_1024,52983385,128
3841746648,smqhm_64_1024,54015460,128
3860200434,smqhm_64_1024,53641279,128
4337125824,smqhm_64_1024,55528024,128
11624705854,smqhm_128_1,145906767,128
16640280184,smqhm_128_1,161729610,128
12164895488,smqhm_128_1,154142236,128
11459147040,smqhm_128_1,151422432,128
12354197246,smqhm_128_1,132819171,128
7654102206,smqhm_128_2,126791520,128
7060938094,smqhm_128_2,131841147,128
8193377800,smqhm_128_2,124608685,128
9074095390,smqhm_128_2,139099689,128
6638462878,smqhm_128_2,130750754,128
2779179832,smqhm_128_4,106333744,128
2883141102,smqhm_128_4,99376929,128
4698044918,smqhm_128_4,117038252,128
4253148818,smqhm_128_4,111820832,128
3294920462,smqhm_128_4,106131093,128
2270696214,smqhm_128_8,85482237,128
2671670766,smqhm_128_8,82505051,128
2456088776,smqhm_128_8,97464817,128
2854711032,smqhm_128_8,81524500,128
2251469502,smqhm_128_8,90450152,128
1561452962,smqhm_128_16,72274246,128
1629721450,smqhm_128_16,73556882,128
1610777390,smqhm_128_16,73208221,128
1627969186,smqhm_128_16,70487806,128
1706410334,smqhm_128_16,71525962,128
2802815048,smqhm_128_32,59997352,128
3367627474,smqhm_128_32,59150542,128
1274271834,smqhm_128_32,61042523,128
3320243402,smqhm_128_32,64072238,128
3030745018,smqhm_128_32,57433863,128
1386192378,smqhm_128_64,54137335,128
1147996824,smqhm_128_64,54384763,128
1292968582,smqhm_128_64,55248118,128
1417327978,smqhm_128_64,55109809,128
1227553654,smqhm_128_64,53883965,128
1547450660,smqhm_128_128,52258411,128
1458771668,smqhm_128_128,52145912,128
1171502090,smqhm_128_128,52869354,128
1176338138,smqhm_128_128,52566543,128
1160588632,smqhm_128_128,52261043,128
1432499092,smqhm_128_256,52095918,128
1317286690,smqhm_128_256,51687100,128
1354954148,smqhm_128_256,52311652,128
1384925752,smqhm_128_256,52014868,128
1488238020,smqhm_128_256,55296052,128
2004501662,smqhm_128_512,52070728,128
1912603854,smqhm_128_512,52946391,128
1903058542,smqhm_128_512,53025770,128
2004941238,smqhm_128_512,53016386,128
2219033362,smqhm_128_512,57629473,128
4066465836,smqhm_128_1024,54328475,128
3788878540,smqhm_128_1024,53406161,128
3963474752,smqhm_128_1024,53560174,128
4400761936,smqhm_128_1024,54564955,128
3885281466,smqhm_128_1024,52813419,128
18629509904,smqhm_256_1,174366796,128
14454871036,smqhm_256_1,174376467,128
16030577584,smqhm_256_1,170633263,128
10052059870,smqhm_256_1,153884118,128
15911002600,smqhm_256_1,154583056,128
8727025928,smqhm_256_2,143279765,128
8240395508,smqhm_256_2,129413917,128
8240747892,smqhm_256_2,154113882,128
10419374798,smqhm_256_2,160662787,128
11358471496,smqhm_256_2,160844487,128
4396647532,smqhm_256_4,133696843,128
4430259222,smqhm_256_4,123215453,128
4068451744,smqhm_256_4,113292684,128
4458316156,smqhm_256_4,129966205,128
4204752690,smqhm_256_4,126491867,128
2583405946,smqhm_256_8,98311962,128
2678945218,smqhm_256_8,98994950,128
3191318000,smqhm_256_8,117442362,128
2830619752,smqhm_256_8,103492432,128
2356109570,smqhm_256_8,93214589,128
1884158410,smqhm_256_16,86195797,128
1956708296,smqhm_256_16,86433578,128
1928342896,smqhm_256_16,86832698,128
1850530294,smqhm_256_16,83474741,128
1884650520,smqhm_256_16,89146062,128
1518608014,smqhm_256_32,72881367,128
1411383628,smqhm_256_32,67518660,128
2541367394,smqhm_256_32,70664500,128
1400247466,smqhm_256_32,69122162,128
1677066772,smqhm_256_32,78397927,128
1415267836,smqhm_256_64,60670256,128
1325649460,smqhm_256_64,64648601,128
4974646954,smqhm_256_64,60953734,128
1365885942,smqhm_256_64,58265335,128
4997929818,smqhm_256_64,58488910,128
3223399378,smqhm_256_128,53828978,128
1341273608,smqhm_256_128,54094017,128
1431838742,smqhm_256_128,54206006,128
2690878346,smqhm_256_128,55086766,128
1207398250,smqhm_256_128,55238048,128
1383593720,smqhm_256_256,52194538,128
1360180240,smqhm_256_256,52525486,128
1364073642,smqhm_256_256,52900430,128
1370908226,smqhm_256_256,52774290,128
1354665584,smqhm_256_256,52969520,128
1821423794,smqhm_256_512,52639435,128
2045818968,smqhm_256_512,52721102,128
1856681248,smqhm_256_512,53058176,128
1815000076,smqhm_256_512,52201858,128
2078879622,smqhm_256_512,53088177,128
4116799066,smqhm_256_1024,54170693,128
4426061802,smqhm_256_1024,54456573,128
3858427124,smqhm_256_1024,53331725,128
3860998236,smqhm_256_1024,52983446,128
3900958872,smqhm_256_1024,53268559,128
12099302718,smqhm_512_1,162243882,128
17725426408,smqhm_512_1,174993458,128
8677519814,smqhm_512_1,156740267,128
13390068588,smqhm_512_1,168375950,128
10158345044,smqhm_512_1,152698135,128
6656356342,smqhm_512_2,146950070,128
6240907734,smqhm_512_2,149382880,128
8084358314,smqhm_512_2,149556716,128
10192213808,smqhm_512_2,137655238,128
8714949906,smqhm_512_2,145757661,128
5033439864,smqhm_512_4,146972338,128
4227823072,smqhm_512_4,131399351,128
4523033680,smqhm_512_4,136863849,128
3978417390,smqhm_512_4,136647865,128
4116764326,smqhm_512_4,134009999,128
4170373052,smqhm_512_8,134080222,128
3071761598,smqhm_512_8,112189718,128
3610138580,smqhm_512_8,110156578,128
3101824324,smqhm_512_8,107821451,128
2912598260,smqhm_512_8,115836181,128
2284395704,smqhm_512_16,108522376,128
2125503990,smqhm_512_16,99245249,128
2334031620,smqhm_512_16,109795825,128
1942728418,smqhm_512_16,94603192,128
2103941230,smqhm_512_16,99722186,128
1843913848,smqhm_512_32,84278186,128
1750666004,smqhm_512_32,80466915,128
2317822206,smqhm_512_32,96040228,128
1904732560,smqhm_512_32,84063150,128
1818727318,smqhm_512_32,84635082,128
1620208686,smqhm_512_64,73413817,128
2372070314,smqhm_512_64,73725392,128
2379706912,smqhm_512_64,66408137,128
2827091416,smqhm_512_64,70228770,128
1484698524,smqhm_512_64,72673719,128
2120676472,smqhm_512_128,64768293,128
1414665936,smqhm_512_128,63824181,128
1507640578,smqhm_512_128,62172570,128
1510399986,smqhm_512_128,61438774,128
1264997570,smqhm_512_128,59594201,128
1414897466,smqhm_512_256,55392782,128
1378970554,smqhm_512_256,56263656,128
1525760794,smqhm_512_256,58171309,128
1473889902,smqhm_512_256,57053312,128
1424514990,smqhm_512_256,56460713,128
1899328124,smqhm_512_512,53498669,128
1882305818,smqhm_512_512,54683731,128
2061426330,smqhm_512_512,55769190,128
1817646598,smqhm_512_512,53793035,128
1925063922,smqhm_512_512,53447289,128
4111104310,smqhm_512_1024,54155988,128
4098236864,smqhm_512_1024,53541956,128
4208583864,smqhm_512_1024,54901270,128
4582723978,smqhm_512_1024,55924012,128
4172811656,smqhm_512_1024,54598048,128
12995329790,smqhm_1024_1,179565556,128
13963837660,smqhm_1024_1,183244346,128
15729547484,smqhm_1024_1,179018255,128
11183135270,smqhm_1024_1,164575564,128
16277861752,smqhm_1024_1,176494096,128
6820781610,smqhm_1024_2,153253921,128
9548338042,smqhm_1024_2,149105862,128
13912854664,smqhm_1024_2,166946638,128
7494684828,smqhm_1024_2,150048864,128
15349671574,smqhm_1024_2,170242735,128
4325659640,smqhm_1024_4,122207468,128
4835011546,smqhm_1024_4,150646564,128
4138796606,smqhm_1024_4,131274696,128
5881631320,smqhm_1024_4,143764432,128
4201422132,smqhm_1024_4,140350834,128
3513556732,smqhm_1024_8,119488252,128
2686560726,smqhm_1024_8,121106433,128
2957510946,smqhm_1024_8,124405412,128
3495940884,smqhm_1024_8,129532893,128
2639891274,smqhm_1024_8,117420850,128
2612325272,smqhm_1024_16,122672570,128
2457860692,smqhm_1024_16,113909812,128
2912491060,smqhm_1024_16,127341486,128
2106522604,smqhm_1024_16,104413835,128
2780774938,smqhm_1024_16,123383204,128
2370681802,smqhm_1024_32,92056549,128
2071266404,smqhm_1024_32,89710669,128
2266923504,smqhm_1024_32,96979746,128
1880688804,smqhm_1024_32,86765071,128
1969364986,smqhm_1024_32,96275739,128
2068794336,smqhm_1024_64,85247418,128
2752101626,smqhm_1024_64,87832020,128
1828915294,smqhm_1024_64,84651318,128
1968452912,smqhm_1024_64,84293134,128
2050180940,smqhm_1024_64,92687273,128
1832647426,smqhm_1024_128,76715316,128
2279969326,smqhm_1024_128,71255025,128
1750289612,smqhm_1024_128,77447893,128
2046248732,smqhm_1024_128,69537008,128
1857186858,smqhm_1024_128,72567774,128
1778889162,smqhm_1024_256,67102224,128
1846680162,smqhm_1024_256,65933748,128
1669740692,smqhm_1024_256,62181849,128
1590597750,smqhm_1024_256,62560927,128
1720268140,smqhm_1024_256,62887428,128
2437131838,smqhm_1024_512,62556076,128
2196321180,smqhm_1024_512,57912491,128
2195738140,smqhm_1024_512,58629462,128
2353581112,smqhm_1024_512,60325514,128
2309549598,smqhm_1024_512,61443945,128
5822125920,smqhm_1024_1024,63844273,128
6568055188,smqhm_1024_1024,66581590,128
6191488638,smqhm_1024_1024,64290146,128
5326279696,smqhm_1024_1024,60027418,128
5771033832,smqhm_1024_1024,61328726,128
