463116970,smqhm_1_1,23988264,128
451083026,smqhm_1_1,23989749,128
458942042,smqhm_1_1,23988822,128
463685394,smqhm_1_1,23989484,128
462287668,smqhm_1_1,23989225,128
808758500,smqhm_1_2,23987447,128
784885310,smqhm_1_2,23986423,128
818931502,smqhm_1_2,23986489,128
804666700,smqhm_1_2,23988432,128
787538220,smqhm_1_2,23985723,128
476305336,smqhm_1_4,23987420,128
477059416,smqhm_1_4,23984897,128
472564708,smqhm_1_4,23984033,128
492185770,smqhm_1_4,23985448,128
473020712,smqhm_1_4,23987205,128
810642446,smqhm_1_8,24027410,128
759022346,smqhm_1_8,24031103,128
750573524,smqhm_1_8,24036771,128
765407802,smqhm_1_8,24027494,128
810548918,smqhm_1_8,24031738,128
1176114682,smqhm_1_16,24180248,128
1183423162,smqhm_1_16,24191338,128
1025259094,smqhm_1_16,24185163,128
1193201762,smqhm_1_16,24187426,128
1205252508,smqhm_1_16,24188597,128
1390600582,smqhm_1_32,24584897,128
1451720264,smqhm_1_32,24570480,128
1540493406,smqhm_1_32,24582392,128
1526703494,smqhm_1_32,24589144,128
1361312612,smqhm_1_32,24575991,128
1448055528,smqhm_1_64,25031299,128
2060112550,smqhm_1_64,25099289,128
2069831578,smqhm_1_64,25073058,128
1572575224,smqhm_1_64,25030357,128
1619065964,smqhm_1_64,25046387,128
2081415990,smqhm_1_128,25755256,128
2970653968,smqhm_1_128,26008273,128
2099907964,smqhm_1_128,25715798,128
2053562918,smqhm_1_128,25749163,128
2558932708,smqhm_1_128,25827505,128
3373498720,smqhm_1_256,27002833,128
3317007358,smqhm_1_256,27067845,128
3900874186,smqhm_1_256,27515042,128
3296502734,smqhm_1_256,26914785,128
3561341786,smqhm_1_256,26966308,128
5228490414,smqhm_1_512,29389262,128
5872183166,smqhm_1_512,29633160,128
5572624246,smqhm_1_512,29775555,128
5265666784,smqhm_1_512,29323660,128
5611459290,smqhm_1_512,29539967,128
9743856358,smqhm_1_1024,35983625,128
10088726112,smqhm_1_1024,37135845,128
9976569586,smqhm_1_1024,39265217,128
10336552136,smqhm_1_1024,38266434,128
10540096348,smqhm_1_1024,37119256,128
341635014,smqhm_2_1,24091299,128
341188626,smqhm_2_1,24092441,128
343386750,smqhm_2_1,24082824,128
342180386,smqhm_2_1,24090369,128
341887558,smqhm_2_1,24083565,128
458277504,smqhm_2_2,24039162,128
458464942,smqhm_2_2,24036360,128
464376736,smqhm_2_2,24043131,128
458609740,smqhm_2_2,24038279,128
455754120,smqhm_2_2,24040868,128
360669430,smqhm_2_4,24039374,128
361619416,smqhm_2_4,24040208,128
358884232,smqhm_2_4,24035464,128
361882090,smqhm_2_4,24034927,128
360228260,smqhm_2_4,24032538,128
468128426,smqhm_2_8,24123287,128
455347798,smqhm_2_8,24127004,128
454050240,smqhm_2_8,24117559,128
455696862,smqhm_2_8,24118571,128
462328102,smqhm_2_8,24193756,128
634690642,smqhm_2_16,24542151,128
725921892,smqhm_2_16,24554027,128
701783582,smqhm_2_16,24556475,128
730343080,smqhm_2_16,24559585,128
743687006,smqhm_2_16,24562108,128
1157389628,smqhm_2_32,25505572,128
1075202842,smqhm_2_32,25489394,128
1085798336,smqhm_2_32,25489193,128
866540642,smqhm_2_32,25481497,128
1125252834,smqhm_2_32,25459158,128
1311880772,smqhm_2_64,26359171,128
1427249196,smqhm_2_64,26402563,128
1297983484,smqhm_2_64,26382087,128
1208409242,smqhm_2_64,26369840,128
1240833970,smqhm_2_64,26288096,128
2483002510,smqhm_2_128,28542269,128
2114088044,smqhm_2_128,28043987,128
2303110922,smqhm_2_128,28178572,128
1816445492,smqhm_2_128,27853526,128
2142454614,smqhm_2_128,28105827,128
4296858208,smqhm_2_256,32936800,128
3922381172,smqhm_2_256,31735601,128
3524201366,smqhm_2_256,31431177,128
3466106194,smqhm_2_256,31266733,128
3938295850,smqhm_2_256,31737917,128
6418862056,smqhm_2_512,38590716,128
8049785218,smqhm_2_512,41911820,128
6542620030,smqhm_2_512,38841119,128
6595754598,smqhm_2_512,39046408,128
7716621792,smqhm_2_512,42548101,128
13974298812,smqhm_2_1024,60035631,128
15583733914,smqhm_2_1024,61566500,128
14094721174,smqhm_2_1024,59530195,128
13420647354,smqhm_2_1024,58111640,128
13661463754,smqhm_2_1024,57498936,128
291025338,smqhm_4_1,24441261,128
291751608,smqhm_4_1,24425146,128
291462624,smqhm_4_1,24448053,128
291078874,smqhm_4_1,24429046,128
290507768,smqhm_4_1,24443824,128
332248778,smqhm_4_2,24171797,128
332509098,smqhm_4_2,24175460,128
329955210,smqhm_4_2,24171460,128
330376134,smqhm_4_2,24171050,128
331623976,smqhm_4_2,24178832,128
308458652,smqhm_4_4,24133897,128
309263640,smqhm_4_4,24144030,128
308064490,smqhm_4_4,24139491,128
308549248,smqhm_4_4,24139720,128
307778074,smqhm_4_4,24133954,128
355405028,smqhm_4_8,24427194,128
356064336,smqhm_4_8,24420682,128
358392248,smqhm_4_8,24410228,128
359143036,smqhm_4_8,24386251,128
355927754,smqhm_4_8,24412973,128
464945008,smqhm_4_16,25431224,128
480874848,smqhm_4_16,25397432,128
487225704,smqhm_4_16,25433405,128
470268232,smqhm_4_16,25391787,128
464148122,smqhm_4_16,25410794,128
729347634,smqhm_4_32,27172150,128
820185650,smqhm_4_32,27325487,128
689365936,smqhm_4_32,27218257,128
649868640,smqhm_4_32,27250483,128
765586938,smqhm_4_32,27281756,128
1010499410,smqhm_4_64,28999878,128
1231823970,smqhm_4_64,29228671,128
961387292,smqhm_4_64,28923130,128
998327034,smqhm_4_64,28851050,128
1007383970,smqhm_4_64,28861332,128
1967939692,smqhm_4_128,32325611,128
1856525970,smqhm_4_128,31975601,128
1884948410,smqhm_4_128,32082804,128
2118212778,smqhm_4_128,31931027,128
1420317546,smqhm_4_128,30942916,128
3820470802,smqhm_4_256,39292583,128
3639421878,smqhm_4_256,37129498,128
2864447442,smqhm_4_256,36320835,128
3753714504,smqhm_4_256,39452243,128
3884935624,smqhm_4_256,40397937,128
6731086354,smqhm_4_512,49383417,128
8813665114,smqhm_4_512,56235939,128
6556695002,smqhm_4_512,49596023,128
6370780166,smqhm_4_512,49116982,128
6431370648,smqhm_4_512,49964157,128
14199439480,smqhm_4_1024,74334166,128
15188500758,smqhm_4_1024,76542119,128
14017990550,smqhm_4_1024,75610589,128
17460768188,smqhm_4_1024,83136170,128
12446683082,smqhm_4_1024,71807536,128
272523316,smqhm_8_1,25917344,128
273182202,smqhm_8_1,25888870,128
271307726,smqhm_8_1,25853596,128
271845384,smqhm_8_1,25865557,128
271863742,smqhm_8_1,25884208,128
285170648,smqhm_8_2,24682819,128
284917674,smqhm_8_2,24655813,128
283572356,smqhm_8_2,24627142,128
284179398,smqhm_8_2,24644267,128
283767712,smqhm_8_2,24646271,128
283381322,smqhm_8_4,24461212,128
282351750,smqhm_8_4,24436277,128
282863126,smqhm_8_4,24441748,128
283764614,smqhm_8_4,24446852,128
283760912,smqhm_8_4,24466092,128
321679342,smqhm_8_8,25031413,128
321914724,smqhm_8_8,25044247,128
321273184,smqhm_8_8,25012833,128
322497890,smqhm_8_8,25002565,128
322949168,smqhm_8_8,25065407,128
425250074,smqhm_8_16,27029539,128
426538572,smqhm_8_16,26967553,128
424275132,smqhm_8_16,26977365,128
424706976,smqhm_8_16,27091686,128
425651212,smqhm_8_16,26998838,128
603316098,smqhm_8_32,30163518,128
633540020,smqhm_8_32,30194144,128
620983042,smqhm_8_32,30143735,128
579435978,smqhm_8_32,30026547,128
643347728,smqhm_8_32,30033525,128
830714792,smqhm_8_64,33817587,128
911358036,smqhm_8_64,33597657,128
835349104,smqhm_8_64,33634991,128
808470874,smqhm_8_64,33946553,128
845780462,smqhm_8_64,33672572,128
1229616954,smqhm_8_128,37879820,128
1199792592,smqhm_8_128,37988341,128
1342712090,smqhm_8_128,37909561,128
1162319812,smqhm_8_128,37657565,128
1378742142,smqhm_8_128,37785669,128
2428666366,smqhm_8_256,42630093,128
2412166714,smqhm_8_256,40205715,128
1924594652,smqhm_8_256,41989669,128
2475734542,smqhm_8_256,42269876,128
1858756352,smqhm_8_256,41151549,128
5406003286,smqhm_8_512,54940243,128
3984589152,smqhm_8_512,50119951,128
4542819864,smqhm_8_512,52132823,128
5610075292,smqhm_8_512,56070214,128
4316906624,smqhm_8_512,52550703,128
9819462550,smqhm_8_1024,69233469,128
8677060300,smqhm_8_1024,62423708,128
9716472582,smqhm_8_1024,68667438,128
9706650288,smqhm_8_1024,68790087,128
9709887978,smqhm_8_1024,68913758,128
286268486,smqhm_16_1,30334689,128
286233512,smqhm_16_1,30152245,128
286840754,smqhm_16_1,30481009,128
285362700,smqhm_16_1,30275968,128
286878594,smqhm_16_1,30235324,128
277601478,smqhm_16_2,26343373,128
276548142,smqhm_16_2,26408316,128
276108714,smqhm_16_2,26376805,128
277333598,smqhm_16_2,26429920,128
275563214,smqhm_16_2,26331059,128
272143804,smqhm_16_4,25290430,128
272732392,smqhm_16_4,25303210,128
271824094,smqhm_16_4,25326513,128
272393252,smqhm_16_4,25330220,128
273421214,smqhm_16_4,25332582,128
307901478,smqhm_16_8,25984912,128
308480040,smqhm_16_8,26000113,128
307712230,smqhm_16_8,25984485,128
306648724,smqhm_16_8,25986249,128
306061524,smqhm_16_8,25919777,128
418745128,smqhm_16_16,29008301,128
418010486,smqhm_16_16,29010014,128
419923998,smqhm_16_16,29130285,128
417548768,smqhm_16_16,28986978,128
415580338,smqhm_16_16,28757875,128
595839370,smqhm_16_32,33637685,128
600042946,smqhm_16_32,33916262,128
605410576,smqhm_16_32,33988378,128
602739356,smqhm_16_32,33904465,128
596062218,smqhm_16_32,33663721,128
977239890,smqhm_16_64,42790998,128
970183544,smqhm_16_64,42583047,128
974854260,smqhm_16_64,42544917,128
960607048,smqhm_16_64,42384143,128
971983406,smqhm_16_64,42833771,128
1967778222,smqhm_16_128,59177521,128
1915916490,smqhm_16_128,57900196,128
1958947064,smqhm_16_128,59224955,128
1935872054,smqhm_16_128,58426203,128
2017902638,smqhm_16_128,60264923,128
4480300128,smqhm_16_256,81909680,128
4362032472,smqhm_16_256,81057278,128
4023110036,smqhm_16_256,76974509,128
3990841694,smqhm_16_256,76397864,128
4328562170,smqhm_16_256,79435249,128
11308049204,smqhm_16_512,107316233,128
10134069726,smqhm_16_512,101146289,128
10689472868,smqhm_16_512,106219355,128
9998513762,smqhm_16_512,100836225,128
10885322084,smqhm_16_512,103369568,128
24554083654,smqhm_16_1024,127976904,128
23462128156,smqhm_16_1024,121870637,128
25289037588,smqhm_16_1024,127163709,128
23219602692,smqhm_16_1024,120407742,128
24934792304,smqhm_16_1024,126132459,128
326402288,smqhm_32_1,38741920,128
325323994,smqhm_32_1,38803582,128
326626824,smqhm_32_1,38993655,128
327932066,smqhm_32_1,38989720,128
324486444,smqhm_32_1,38517294,128
290198290,smqhm_32_2,31114614,128
289608016,smqhm_32_2,30954535,128
290062708,smqhm_32_2,31032379,128
288646142,smqhm_32_2,30842322,128
291711682,smqhm_32_2,31099723,128
273083372,smqhm_32_4,27442857,128
273125198,smqhm_32_4,27515294,128
274055174,smqhm_32_4,27486035,128
272887834,smqhm_32_4,27402736,128
272341544,smqhm_32_4,27450841,128
304003652,smqhm_32_8,27567444,128
303413132,smqhm_32_8,27519818,128
304655594,smqhm_32_8,27695034,128
304590134,smqhm_32_8,27632711,128
302570612,smqhm_32_8,27465570,128
423916990,smqhm_32_16,31272564,128
420695676,smqhm_32_16,31095589,128
422921266,smqhm_32_16,31277010,128
426148604,smqhm_32_16,31558534,128
426044824,smqhm_32_16,31331084,128
637149688,smqhm_32_32,37434174,128
632775928,smqhm_32_32,37332831,128
636253184,smqhm_32_32,37339374,128
633941440,smqhm_32_32,37388098,128
629522366,smqhm_32_32,37322103,128
1223090176,smqhm_32_64,50913729,128
1232084688,smqhm_32_64,50888359,128
1223307886,smqhm_32_64,50803127,128
1225536070,smqhm_32_64,50909893,128
1227286996,smqhm_32_64,50578898,128
3328168490,smqhm_32_128,80136097,128
3342434136,smqhm_32_128,80107038,128
3310510702,smqhm_32_128,79427551,128
3309001444,smqhm_32_128,79245879,128
3286486364,smqhm_32_128,79216651,128
8620662740,smqhm_32_256,116100759,128
8641931706,smqhm_32_256,116938671,128
8584883950,smqhm_32_256,117609626,128
8696524476,smqhm_32_256,117003319,128
9203263758,smqhm_32_256,121665013,128
23483149220,smqhm_32_512,161222496,128
25641121892,smqhm_32_512,172998497,128
22590242078,smqhm_32_512,164065693,128
26362397262,smqhm_32_512,171081539,128
24169968742,smqhm_32_512,167343989,128
47643728204,smqhm_32_1024,189595872,128
44484000312,smqhm_32_1024,181867436,128
48043377590,smqhm_32_1024,193662579,128
47262176170,smqhm_32_1024,190904502,128
53695151896,smqhm_32_1024,209546353,128
400188390,smqhm_64_1,52852278,128
403641020,smqhm_64_1,52948591,128
411965966,smqhm_64_1,54663600,128
408564576,smqhm_64_1,54215185,128
408204772,smqhm_64_1,53835451,128
342843660,smqhm_64_2,40527188,128
341505292,smqhm_64_2,40296641,128
338546864,smqhm_64_2,39779596,128
337310470,smqhm_64_2,39894716,128
336669942,smqhm_64_2,39876478,128
295335064,smqhm_64_4,32482581,128
295816694,smqhm_64_4,32426435,128
293096710,smqhm_64_4,32360101,128
294513716,smqhm_64_4,32398715,128
294000238,smqhm_64_4,32207898,128
309495686,smqhm_64_8,30406198,128
311904414,smqhm_64_8,30453369,128
312127498,smqhm_64_8,30672685,128
310917832,smqhm_64_8,30497698,128
310726370,smqhm_64_8,30492508,128
425723390,smqhm_64_16,33504688,128
428039502,smqhm_64_16,33745039,128
426994076,smqhm_64_16,33643571,128
429524886,smqhm_64_16,33946012,128
424862132,smqhm_64_16,33477485,128
669906684,smqhm_64_32,40736026,128
670170688,smqhm_64_32,40955533,128
665659240,smqhm_64_32,40546009,128
674178816,smqhm_64_32,40885207,128
679275506,smqhm_64_32,41342737,128
1422611466,smqhm_64_64,56273288,128
1448588652,smqhm_64_64,56889871,128
1447930660,smqhm_64_64,57015423,128
1419614088,smqhm_64_64,56034409,128
1440942578,smqhm_64_64,57027604,128
4013426108,smqhm_64_128,88293185,128
4042113172,smqhm_64_128,88929561,128
4049107470,smqhm_64_128,89240730,128
4013355548,smqhm_64_128,88487953,128
3985857134,smqhm_64_128,87649250,128
11600995536,smqhm_64_256,140563851,128
11896664044,smqhm_64_256,141601943,128
12673490100,smqhm_64_256,146618402,128
11748962620,smqhm_64_256,140537787,128
11869488498,smqhm_64_256,141537034,128
34009587912,smqhm_64_512,206830775,128
33730514682,smqhm_64_512,205184097,128
34385107732,smqhm_64_512,202451306,128
36300546244,smqhm_64_512,213975376,128
33563374860,smqhm_64_512,202213003,128
81435163602,smqhm_64_1024,283660969,128
77786189904,smqhm_64_1024,274160519,128
73937565326,smqhm_64_1024,268613052,128
76745205094,smqhm_64_1024,273558476,128
85818297804,smqhm_64_1024,293596160,128
517287964,smqhm_128_1,75185214,128
513142458,smqhm_128_1,74431375,128
499575328,smqhm_128_1,72249432,128
517733076,smqhm_128_1,75192697,128
507622884,smqhm_128_1,73463653,128
402009666,smqhm_128_2,52208662,128
422639642,smqhm_128_2,55701138,128
414822698,smqhm_128_2,54343473,128
414537018,smqhm_128_2,54439649,128
413556086,smqhm_128_2,54116089,128
343048620,smqhm_128_4,41462893,128
348275300,smqhm_128_4,41926305,128
344428364,smqhm_128_4,41588508,128
344643166,smqhm_128_4,41414320,128
349721406,smqhm_128_4,42310271,128
333358584,smqhm_128_8,35811018,128
336270124,smqhm_128_8,36094786,128
336337668,smqhm_128_8,35931282,128
336515606,smqhm_128_8,35904960,128
334728380,smqhm_128_8,35957198,128
441599322,smqhm_128_16,36787366,128
442433182,smqhm_128_16,37071066,128
448524772,smqhm_128_16,37449848,128
448052342,smqhm_128_16,37582021,128
441640092,smqhm_128_16,36821087,128
708814070,smqhm_128_32,44928223,128
708163354,smqhm_128_32,44947007,128
704539370,smqhm_128_32,44462890,128
705129298,smqhm_128_32,44554737,128
710408102,smqhm_128_32,44986500,128
1581049740,smqhm_128_64,61825485,128
1563385840,smqhm_128_64,61820644,128
1578206724,smqhm_128_64,62059364,128
1601793084,smqhm_128_64,62529932,128
1584622358,smqhm_128_64,62023798,128
4604149482,smqhm_128_128,97783134,128
4700659402,smqhm_128_128,98788712,128
4501528032,smqhm_128_128,95834899,128
4699039480,smqhm_128_128,98773769,128
4391505000,smqhm_128_128,93490232,128
13666044392,smqhm_128_256,154412224,128
13052027206,smqhm_128_256,149465820,128
13508688310,smqhm_128_256,153461277,128
13895785704,smqhm_128_256,157441415,128
13523716782,smqhm_128_256,152553572,128
42040066364,smqhm_128_512,233703593,128
37289135380,smqhm_128_512,219255725,128
40150144408,smqhm_128_512,228977768,128
40385870066,smqhm_128_512,230080561,128
41949448806,smqhm_128_512,240834736,128
89360038042,smqhm_128_1024,292434990,128
97224798462,smqhm_128_1024,331676342,128
96850300238,smqhm_128_1024,309958684,128
90802673220,smqhm_128_1024,311325881,128
92196300208,smqhm_128_1024,310187036,128
667775278,smqhm_256_1,102864796,128
691373420,smqhm_256_1,106666883,128
662254950,smqhm_256_1,102103950,128
679702522,smqhm_256_1,105120867,128
641297308,smqhm_256_1,98919472,128
522013930,smqhm_256_2,74434855,128
512989984,smqhm_256_2,73256918,128
532068650,smqhm_256_2,76306328,128
527652472,smqhm_256_2,75610541,128
530371512,smqhm_256_2,76242496,128
427969784,smqhm_256_4,56962694,128
425802232,smqhm_256_4,56230924,128
424529360,smqhm_256_4,56286698,128
433373780,smqhm_256_4,57499598,128
420620210,smqhm_256_4,55729339,128
388317760,smqhm_256_8,45404846,128
386875206,smqhm_256_8,45098574,128
387981878,smqhm_256_8,45327669,128
385490670,smqhm_256_8,45231928,128
382965112,smqhm_256_8,44909024,128
478689370,smqhm_256_16,42866332,128
482332402,smqhm_256_16,43300408,128
486261892,smqhm_256_16,43541819,128
484433318,smqhm_256_16,43429514,128
476684692,smqhm_256_16,42635523,128
753402012,smqhm_256_32,50103652,128
764913570,smqhm_256_32,50545292,128
767248086,smqhm_256_32,50593906,128
753751438,smqhm_256_32,50060597,128
750346536,smqhm_256_32,49491588,128
1725550212,smqhm_256_64,69079825,128
1735377914,smqhm_256_64,69278832,128
1734027922,smqhm_256_64,68577560,128
1715479880,smqhm_256_64,68250638,128
1724234580,smqhm_256_64,68679635,128
5065805200,smqhm_256_128,105303643,128
5014939852,smqhm_256_128,104799406,128
4892377378,smqhm_256_128,102757427,128
5086745466,smqhm_256_128,106238053,128
5262702416,smqhm_256_128,108018616,128
13725454712,smqhm_256_256,155139965,128
14118348734,smqhm_256_256,159873443,128
14606733742,smqhm_256_256,163073766,128
14597977062,smqhm_256_256,164981823,128
14117463592,smqhm_256_256,159736708,128
43309851524,smqhm_256_512,247583327,128
40281210588,smqhm_256_512,229546187,128
41798071158,smqhm_256_512,243580502,128
45886890324,smqhm_256_512,261624058,128
41902791104,smqhm_256_512,241420443,128
107369488544,smqhm_256_1024,356685146,128
105230959230,smqhm_256_1024,343800046,128
104090896082,smqhm_256_1024,348801590,128
105797154406,smqhm_256_1024,342133247,128
105337566570,smqhm_256_1024,340586347,128
847600904,smqhm_512_1,137225931,128
874540150,smqhm_512_1,141335649,128
857557726,smqhm_512_1,137654029,128
904587004,smqhm_512_1,146139274,128
835584748,smqhm_512_1,134532851,128
655644430,smqhm_512_2,99849825,128
652787814,smqhm_512_2,99392107,128
676684510,smqhm_512_2,103412891,128
689763764,smqhm_512_2,105739855,128
657962996,smqhm_512_2,100748745,128
559780226,smqhm_512_4,81248255,128
539000498,smqhm_512_4,77207794,128
548464624,smqhm_512_4,79324597,128
531424596,smqhm_512_4,76203017,128
551011816,smqhm_512_4,79064137,128
467993370,smqhm_512_8,59789720,128
461149274,smqhm_512_8,59201422,128
475686266,smqhm_512_8,61508233,128
460961874,smqhm_512_8,59162950,128
467186580,smqhm_512_8,59900752,128
547655226,smqhm_512_16,53156369,128
539385824,smqhm_512_16,52389582,128
555275956,smqhm_512_16,53596868,128
543791568,smqhm_512_16,52847461,128
550448354,smqhm_512_16,53422848,128
807344426,smqhm_512_32,56097117,128
825023152,smqhm_512_32,57717832,128
823969290,smqhm_512_32,57718973,128
824895302,smqhm_512_32,57548658,128
824437222,smqhm_512_32,57552951,128
1849720508,smqhm_512_64,76028728,128
1853339898,smqhm_512_64,76503695,128
1901523822,smqhm_512_64,77702288,128
1890243806,smqhm_512_64,77557583,128
1859982066,smqhm_512_64,76041608,128
5653118326,smqhm_512_128,118669700,128
5439414626,smqhm_512_128,114774645,128
5238520114,smqhm_512_128,110584300,128
5634650452,smqhm_512_128,118049752,128
5522060164,smqhm_512_128,117258520,128
15447429778,smqhm_512_256,172568241,128
15444185366,smqhm_512_256,175141651,128
15879365606,smqhm_512_256,175334595,128
15148774982,smqhm_512_256,169975256,128
15345611866,smqhm_512_256,169683755,128
44260527352,smqhm_512_512,250027851,128
44824788248,smqhm_512_512,256295701,128
42109562684,smqhm_512_512,245038950,128
43519410798,smqhm_512_512,251037440,128
41741745806,smqhm_512_512,242900612,128
100944685652,smqhm_512_1024,337797414,128
117350781186,smqhm_512_1024,375220028,128
108555158614,smqhm_512_1024,347804887,128
112751756538,smqhm_512_1024,368641893,128
114786685490,smqhm_512_1024,377045949,128
1001402338,smqhm_1024_1,163626864,128
1070185946,smqhm_1024_1,174033987,128
1053994470,smqhm_1024_1,171150920,128
1204515992,smqhm_1024_1,196153150,128
1168538660,smqhm_1024_1,189706487,128
868939666,smqhm_1024_2,138463833,128
851940744,smqhm_1024_2,134850406,128
909363162,smqhm_1024_2,144360333,128
866777656,smqhm_1024_2,136660975,128
859176932,smqhm_1024_2,136275222,128
688764804,smqhm_1024_4,105801218,128
668214592,smqhm_1024_4,102087049,128
693614296,smqhm_1024_4,106261354,128
715578336,smqhm_1024_4,110325897,128
682626432,smqhm_1024_4,104157004,128
573014386,smqhm_1024_8,79149596,128
618908674,smqhm_1024_8,87431141,128
570766890,smqhm_1024_8,78955221,128
571016782,smqhm_1024_8,79173615,128
568168268,smqhm_1024_8,78771281,128
647832134,smqhm_1024_16,68992431,128
655105884,smqhm_1024_16,70051691,128
659439442,smqhm_1024_16,70568094,128
659214452,smqhm_1024_16,70144603,128
642618856,smqhm_1024_16,67941516,128
925507684,smqhm_1024_32,69219620,128
900234516,smqhm_1024_32,67017852,128
907194096,smqhm_1024_32,67528218,128
940156862,smqhm_1024_32,70571216,128
911478436,smqhm_1024_32,68600990,128
2021696410,smqhm_1024_64,86491379,128
2011780844,smqhm_1024_64,86446659,128
2112858498,smqhm_1024_64,91147518,128
2046987666,smqhm_1024_64,87214229,128
2025817020,smqhm_1024_64,87064581,128
6020878780,smqhm_1024_128,129689878,128
5868321976,smqhm_1024_128,127621945,128
6009996154,smqhm_1024_128,129060261,128
5865622892,smqhm_1024_128,127629387,128
5838838654,smqhm_1024_128,126185989,128
15974297412,smqhm_1024_256,180338324,128
16475307608,smqhm_1024_256,185301456,128
15879987868,smqhm_1024_256,181375735,128
15164833788,smqhm_1024_256,172597843,128
16283114154,smqhm_1024_256,179470028,128
48285331058,smqhm_1024_512,273647418,128
47961254546,smqhm_1024_512,270304086,128
48339032166,smqhm_1024_512,266017810,128
45610299832,smqhm_1024_512,259423339,128
48158651014,smqhm_1024_512,273989062,128
117269055666,smqhm_1024_1024,376250049,128
115845777052,smqhm_1024_1024,367709022,128
125523220096,smqhm_1024_1024,396804154,128
122384870330,smqhm_1024_1024,385938923,128
118409406828,smqhm_1024_1024,376766565,128
