2397957582,smqhm_1_1,12602733,128,0
2450460084,smqhm_1_1,12593530,128,0
2300760638,smqhm_1_1,12604776,128,0
2493009140,smqhm_1_1,12596008,128,0
2578983446,smqhm_1_1,12599897,128,0
2342180778,smqhm_1_2,12605446,128,0
2543344892,smqhm_1_2,12595049,128,0
2408094840,smqhm_1_2,12600159,128,0
2389451296,smqhm_1_2,12596254,128,0
2509348926,smqhm_1_2,12600151,128,0
2494687558,smqhm_1_4,12597107,128,0
2463672482,smqhm_1_4,12592149,128,0
2404458294,smqhm_1_4,12596120,128,0
2448202038,smqhm_1_4,12588707,128,0
2385660044,smqhm_1_4,12591536,128,0
2374470638,smqhm_1_8,12583638,128,0
2749158022,smqhm_1_8,12587248,128,0
2320136890,smqhm_1_8,12585545,128,0
2313166060,smqhm_1_8,12582234,128,0
2312677786,smqhm_1_8,12581490,128,0
2732583984,smqhm_1_16,12578329,128,0
2383729980,smqhm_1_16,12563397,128,0
2363096048,smqhm_1_16,12573474,128,0
4244480988,smqhm_1_16,12562335,128,0
2428809300,smqhm_1_16,12565005,128,0
2367065136,smqhm_1_32,12559903,128,0
2413397642,smqhm_1_32,12560490,128,0
2316564278,smqhm_1_32,12562391,128,0
2459710620,smqhm_1_32,12560737,128,0
2335446554,smqhm_1_32,12561602,128,0
2332425876,smqhm_1_64,12553045,128,0
2348483164,smqhm_1_64,12555479,128,0
2365590714,smqhm_1_64,12554344,128,0
2285699238,smqhm_1_64,12552222,128,0
2335366322,smqhm_1_64,12553245,128,0
2300789948,smqhm_1_128,12549189,128,0
2439161058,smqhm_1_128,12550377,128,0
2923798824,smqhm_1_128,12559532,128,0
2395692136,smqhm_1_128,12549357,128,0
2346710056,smqhm_1_128,12549467,128,0
2328177870,smqhm_1_256,12548513,128,0
2264598466,smqhm_1_256,12547290,128,0
2228490544,smqhm_1_256,12544327,128,0
2256312690,smqhm_1_256,12542916,128,0
2335055616,smqhm_1_256,12546898,128,0
2325852652,smqhm_1_512,12545643,128,0
2429871070,smqhm_1_512,12544982,128,0
2417419536,smqhm_1_512,12548207,128,0
2443292624,smqhm_1_512,12544387,128,0
2414903306,smqhm_1_512,12545021,128,0
2839666988,smqhm_1_1024,12548154,128,0
2795748374,smqhm_1_1024,12545248,128,0
2859123324,smqhm_1_1024,12546768,128,0
2751171662,smqhm_1_1024,12561774,128,0
2840821652,smqhm_1_1024,12548125,128,0
2468255630,smqhm_2_1,12581710,128,0
2413493184,smqhm_2_1,12593414,128,0
2448911988,smqhm_2_1,12582862,128,0
2378436614,smqhm_2_1,12580073,128,0
3097132240,smqhm_2_1,12591571,128,0
2343626364,smqhm_2_2,12582964,128,0
2371710304,smqhm_2_2,12592222,128,0
2252322280,smqhm_2_2,12591638,128,0
2870248594,smqhm_2_2,12595563,128,0
2399734254,smqhm_2_2,12579615,128,0
2366417610,smqhm_2_4,12585221,128,0
2403373312,smqhm_2_4,12592386,128,0
2400031466,smqhm_2_4,12579936,128,0
2342395566,smqhm_2_4,12580581,128,0
2320955404,smqhm_2_4,12588659,128,0
2271125736,smqhm_2_8,12582187,128,0
2321248204,smqhm_2_8,12574961,128,0
2340961422,smqhm_2_8,12578913,128,0
2487694974,smqhm_2_8,12581937,128,0
2288973506,smqhm_2_8,12580567,128,0
2254715596,smqhm_2_16,12559223,128,0
2546667458,smqhm_2_16,12572355,128,0
2320217820,smqhm_2_16,12569819,128,0
2315908244,smqhm_2_16,12572156,128,0
2572750442,smqhm_2_16,12567970,128,0
2353899920,smqhm_2_32,12561927,128,0
2325314250,smqhm_2_32,12565404,128,0
2394367958,smqhm_2_32,12566709,128,0
2291687692,smqhm_2_32,12562447,128,0
2566697444,smqhm_2_32,12563731,128,0
2313874512,smqhm_2_64,12554254,128,0
2428493646,smqhm_2_64,12557311,128,0
2275377000,smqhm_2_64,12552735,128,0
2286886312,smqhm_2_64,12557174,128,0
2431411156,smqhm_2_64,12558476,128,0
2345590682,smqhm_2_128,12549651,128,0
2282425184,smqhm_2_128,12549600,128,0
2527154706,smqhm_2_128,12555187,128,0
2244335848,smqhm_2_128,12549232,128,0
2238147898,smqhm_2_128,12549910,128,0
2312057266,smqhm_2_256,12548520,128,0
2277552112,smqhm_2_256,12548530,128,0
2276720930,smqhm_2_256,12549149,128,0
2199281416,smqhm_2_256,12545407,128,0
2327787226,smqhm_2_256,12549526,128,0
2409272450,smqhm_2_512,12544174,128,0
2354153254,smqhm_2_512,12547778,128,0
2372687590,smqhm_2_512,12546995,128,0
2345198756,smqhm_2_512,12548747,128,0
2391775048,smqhm_2_512,12549112,128,0
2879037720,smqhm_2_1024,12550072,128,0
2756075274,smqhm_2_1024,12556292,128,0
2812872986,smqhm_2_1024,12546986,128,0
2729360074,smqhm_2_1024,12555697,128,0
2870022272,smqhm_2_1024,12548464,128,0
2453780390,smqhm_4_1,12575909,128,0
2511524394,smqhm_4_1,12578111,128,0
2630334656,smqhm_4_1,12586585,128,0
2387989280,smqhm_4_1,12586294,128,0
2580720714,smqhm_4_1,12581042,128,0
2451426726,smqhm_4_2,12578197,128,0
2441893048,smqhm_4_2,12579143,128,0
2368185234,smqhm_4_2,12583253,128,0
2413644314,smqhm_4_2,12573958,128,0
2418187518,smqhm_4_2,12576943,128,0
2316520688,smqhm_4_4,12575753,128,0
2381699680,smqhm_4_4,12572084,128,0
2561730368,smqhm_4_4,12576370,128,0
2307484406,smqhm_4_4,12577967,128,0
2395021820,smqhm_4_4,12572415,128,0
2226681348,smqhm_4_8,12576816,128,0
2640724754,smqhm_4_8,12571790,128,0
2334205508,smqhm_4_8,12567015,128,0
2350503016,smqhm_4_8,12571807,128,0
2437038636,smqhm_4_8,12574475,128,0
2406608550,smqhm_4_16,12563455,128,0
2207056154,smqhm_4_16,12563537,128,0
2305870768,smqhm_4_16,12562231,128,0
2279275432,smqhm_4_16,12562016,128,0
2348486864,smqhm_4_16,12569856,128,0
2280242340,smqhm_4_32,12560832,128,0
2322521610,smqhm_4_32,12560768,128,0
2326334258,smqhm_4_32,12560684,128,0
2327853222,smqhm_4_32,12561223,128,0
2306690542,smqhm_4_32,12561906,128,0
2192480460,smqhm_4_64,12553697,128,0
2407402930,smqhm_4_64,12559735,128,0
2258629120,smqhm_4_64,12556181,128,0
2411886540,smqhm_4_64,12555963,128,0
2328075296,smqhm_4_64,12556482,128,0
2309100736,smqhm_4_128,12549747,128,0
2337756122,smqhm_4_128,12550688,128,0
2239455120,smqhm_4_128,12549297,128,0
2304164282,smqhm_4_128,12549967,128,0
2212360844,smqhm_4_128,12548587,128,0
2263755388,smqhm_4_256,12549678,128,0
2335474366,smqhm_4_256,12544610,128,0
2178627934,smqhm_4_256,12546735,128,0
2270061048,smqhm_4_256,12544572,128,0
2324762328,smqhm_4_256,12546880,128,0
2256054156,smqhm_4_512,12547920,128,0
2389874874,smqhm_4_512,12545459,128,0
2397776384,smqhm_4_512,12544720,128,0
2245984634,smqhm_4_512,12546238,128,0
2361718496,smqhm_4_512,12547697,128,0
2779017448,smqhm_4_1024,12557075,128,0
2685225274,smqhm_4_1024,12552248,128,0
2692070852,smqhm_4_1024,12557288,128,0
2707770738,smqhm_4_1024,12553288,128,0
2752027108,smqhm_4_1024,12556064,128,0
2562189808,smqhm_8_1,12580262,128,0
2609846542,smqhm_8_1,12585491,128,0
2469590556,smqhm_8_1,12582821,128,0
2512970382,smqhm_8_1,12580652,128,0
2691747822,smqhm_8_1,12586831,128,0
3013419764,smqhm_8_2,12583494,128,0
2551410182,smqhm_8_2,12582782,128,0
2483990148,smqhm_8_2,12576827,128,0
2475255226,smqhm_8_2,12579648,128,0
2439481800,smqhm_8_2,12582847,128,0
2468073144,smqhm_8_4,12583275,128,0
2392703292,smqhm_8_4,12574014,128,0
2424227798,smqhm_8_4,12573736,128,0
2430558256,smqhm_8_4,12571907,128,0
2424175828,smqhm_8_4,12571933,128,0
2270067660,smqhm_8_8,12566496,128,0
2387614172,smqhm_8_8,12569131,128,0
2405560480,smqhm_8_8,12567247,128,0
2304726874,smqhm_8_8,12568000,128,0
2518249050,smqhm_8_8,12577116,128,0
2494595360,smqhm_8_16,12564443,128,0
2299417792,smqhm_8_16,12561306,128,0
2317105198,smqhm_8_16,12562310,128,0
2329602000,smqhm_8_16,12564155,128,0
2288306814,smqhm_8_16,12556843,128,0
2279668972,smqhm_8_32,12560031,128,0
2274770120,smqhm_8_32,12558330,128,0
2653457078,smqhm_8_32,12562006,128,0
2280395116,smqhm_8_32,12558212,128,0
2324778904,smqhm_8_32,12560989,128,0
2234555366,smqhm_8_64,12553489,128,0
2363474710,smqhm_8_64,12555488,128,0
2649409958,smqhm_8_64,12559905,128,0
2304635136,smqhm_8_64,12555017,128,0
2288380944,smqhm_8_64,12553714,128,0
2515850612,smqhm_8_128,12550852,128,0
2278179012,smqhm_8_128,12548614,128,0
2328480682,smqhm_8_128,12549981,128,0
2243088942,smqhm_8_128,12549649,128,0
2267585330,smqhm_8_128,12548625,128,0
2338377132,smqhm_8_256,12543934,128,0
2273733352,smqhm_8_256,12543185,128,0
2355459738,smqhm_8_256,12544594,128,0
2758240884,smqhm_8_256,12551501,128,0
2392690122,smqhm_8_256,12545540,128,0
2391364770,smqhm_8_512,12545093,128,0
2472817452,smqhm_8_512,12542617,128,0
2382408130,smqhm_8_512,12542892,128,0
2397805406,smqhm_8_512,12541443,128,0
2430492268,smqhm_8_512,12542142,128,0
3085606056,smqhm_8_1024,12543041,128,0
2689798814,smqhm_8_1024,12553257,128,0
2972356030,smqhm_8_1024,12546474,128,0
2952535162,smqhm_8_1024,12549415,128,0
2631067808,smqhm_8_1024,12553563,128,0
2665527206,smqhm_16_1,12587466,128,0
2602301710,smqhm_16_1,12587116,128,0
2563879026,smqhm_16_1,12589621,128,0
4553803724,smqhm_16_1,12587155,128,0
2632369026,smqhm_16_1,12592209,128,0
2804618616,smqhm_16_2,12590407,128,0
2482145550,smqhm_16_2,12577053,128,0
2560525142,smqhm_16_2,12580624,128,0
2591512698,smqhm_16_2,12586789,128,0
2647940630,smqhm_16_2,12582564,128,0
2560012412,smqhm_16_4,12577967,128,0
2512707910,smqhm_16_4,12577766,128,0
2630952684,smqhm_16_4,12575781,128,0
2624593166,smqhm_16_4,12574370,128,0
2566417342,smqhm_16_4,12575782,128,0
2423921892,smqhm_16_8,12568299,128,0
2356583118,smqhm_16_8,12569123,128,0
2360926028,smqhm_16_8,12567119,128,0
2288597858,smqhm_16_8,12569089,128,0
2330132450,smqhm_16_8,12563843,128,0
2326081876,smqhm_16_16,12561030,128,0
2551806922,smqhm_16_16,12562846,128,0
2207614984,smqhm_16_16,12560629,128,0
2353192324,smqhm_16_16,12562230,128,0
2349661760,smqhm_16_16,12561450,128,0
2352772318,smqhm_16_32,12559835,128,0
2427905958,smqhm_16_32,12561024,128,0
2414874016,smqhm_16_32,12558729,128,0
2205938994,smqhm_16_32,12559648,128,0
2278723904,smqhm_16_32,12556887,128,0
2246202558,smqhm_16_64,12553635,128,0
2310222586,smqhm_16_64,12554327,128,0
2260550758,smqhm_16_64,12554700,128,0
2283203456,smqhm_16_64,12555154,128,0
2260658632,smqhm_16_64,12555124,128,0
2299016372,smqhm_16_128,12549062,128,0
2178164968,smqhm_16_128,12546663,128,0
2696556996,smqhm_16_128,12552848,128,0
2258969214,smqhm_16_128,12547591,128,0
2198773164,smqhm_16_128,12546037,128,0
2328018624,smqhm_16_256,12542817,128,0
2271266330,smqhm_16_256,12542915,128,0
2321960600,smqhm_16_256,12542432,128,0
2225825772,smqhm_16_256,12543064,128,0
2469897230,smqhm_16_256,12545215,128,0
2460813578,smqhm_16_512,12540241,128,0
2458360028,smqhm_16_512,12541081,128,0
2402065294,smqhm_16_512,12540584,128,0
2452732200,smqhm_16_512,12539530,128,0
2405813378,smqhm_16_512,12542666,128,0
3228549140,smqhm_16_1024,12544190,128,0
3153862380,smqhm_16_1024,12542221,128,0
3177571356,smqhm_16_1024,12542132,128,0
3144618888,smqhm_16_1024,12544267,128,0
3245688924,smqhm_16_1024,12546224,128,0
2552551172,smqhm_32_1,12588908,128,0
2582210290,smqhm_32_1,12587296,128,0
2623258770,smqhm_32_1,12592593,128,0
2935814394,smqhm_32_1,12597284,128,0
2885011738,smqhm_32_1,12599826,128,0
2599249746,smqhm_32_2,12588049,128,0
2552779932,smqhm_32_2,12587016,128,0
2628152716,smqhm_32_2,12590026,128,0
2713325342,smqhm_32_2,12589917,128,0
2618121912,smqhm_32_2,12585401,128,0
2620878260,smqhm_32_4,12584886,128,0
2788289232,smqhm_32_4,12579985,128,0
2658897250,smqhm_32_4,12584976,128,0
2585878420,smqhm_32_4,12578333,128,0
2613371766,smqhm_32_4,12579485,128,0
2585584680,smqhm_32_8,12572285,128,0
2472087532,smqhm_32_8,12573340,128,0
2531071154,smqhm_32_8,12574140,128,0
2562684038,smqhm_32_8,12578753,128,0
2682653116,smqhm_32_8,12576616,128,0
2414761684,smqhm_32_16,12563011,128,0
2406133662,smqhm_32_16,12570182,128,0
2669396240,smqhm_32_16,12570197,128,0
2361932898,smqhm_32_16,12567635,128,0
2782372200,smqhm_32_16,12571452,128,0
2349079362,smqhm_32_32,12562226,128,0
2301258344,smqhm_32_32,12561737,128,0
2252767166,smqhm_32_32,12556766,128,0
2869149106,smqhm_32_32,12568577,128,0
2296645078,smqhm_32_32,12557980,128,0
2266062432,smqhm_32_64,12552565,128,0
2246239780,smqhm_32_64,12552612,128,0
3287951128,smqhm_32_64,12552470,128,0
2293704428,smqhm_32_64,12552468,128,0
2298254364,smqhm_32_64,12552836,128,0
2287385442,smqhm_32_128,12547300,128,0
2263931332,smqhm_32_128,12547732,128,0
2259129766,smqhm_32_128,12547501,128,0
2159694472,smqhm_32_128,12544398,128,0
2240689418,smqhm_32_128,12547084,128,0
2321648926,smqhm_32_256,12540832,128,0
2335469988,smqhm_32_256,12541924,128,0
2400268192,smqhm_32_256,12543004,128,0
2329049402,smqhm_32_256,12542891,128,0
2328330954,smqhm_32_256,12542418,128,0
2439996602,smqhm_32_512,12539301,128,0
2520302476,smqhm_32_512,12541104,128,0
2452721546,smqhm_32_512,12538575,128,0
2375869026,smqhm_32_512,12538553,128,0
2427724274,smqhm_32_512,12538030,128,0
3197550714,smqhm_32_1024,12541002,128,0
3270880286,smqhm_32_1024,12541120,128,0
3137805090,smqhm_32_1024,12542614,128,0
3248568180,smqhm_32_1024,12542307,128,0
3142854152,smqhm_32_1024,12540969,128,0
2802702352,smqhm_64_1,12604948,128,0
2593576758,smqhm_64_1,12592364,128,0
2647126862,smqhm_64_1,12592558,128,0
2661823316,smqhm_64_1,12598317,128,0
2726101450,smqhm_64_1,12596867,128,0
3504166274,smqhm_64_2,12597435,128,0
2773891930,smqhm_64_2,12594033,128,0
2852021352,smqhm_64_2,12596804,128,0
2780632538,smqhm_64_2,12591478,128,0
2773980546,smqhm_64_2,12592369,128,0
2809361522,smqhm_64_4,12586596,128,0
3064737534,smqhm_64_4,12607158,128,0
2673686604,smqhm_64_4,12585042,128,0
2573329128,smqhm_64_4,12583237,128,0
2920618126,smqhm_64_4,12589527,128,0
2678926924,smqhm_64_8,12586634,128,0
2938997576,smqhm_64_8,12587391,128,0
2615951810,smqhm_64_8,12584265,128,0
2740000364,smqhm_64_8,12585200,128,0
2599606802,smqhm_64_8,12577275,128,0
2652679378,smqhm_64_16,12581690,128,0
2560078046,smqhm_64_16,12573019,128,0
2600732538,smqhm_64_16,12573891,128,0
3309678562,smqhm_64_16,12584536,128,0
2747182182,smqhm_64_16,12573838,128,0
2374660856,smqhm_64_32,12567311,128,0
2355564786,smqhm_64_32,12565118,128,0
2363241978,smqhm_64_32,12561989,128,0
2560382422,smqhm_64_32,12564059,128,0
2603799252,smqhm_64_32,12568492,128,0
2255351954,smqhm_64_64,12551898,128,0
2373419262,smqhm_64_64,12556382,128,0
2297330258,smqhm_64_64,12559585,128,0
2280670600,smqhm_64_64,12555088,128,0
2291036044,smqhm_64_64,12553377,128,0
2296035096,smqhm_64_128,12545492,128,0
2332725916,smqhm_64_128,12546330,128,0
2341622084,smqhm_64_128,12548813,128,0
2306343166,smqhm_64_128,12546306,128,0
2237332406,smqhm_64_128,12546032,128,0
2230459510,smqhm_64_256,12539784,128,0
2254309744,smqhm_64_256,12540026,128,0
2262765938,smqhm_64_256,12539799,128,0
2195860788,smqhm_64_256,12539412,128,0
2479794346,smqhm_64_256,12542991,128,0
2438923498,smqhm_64_512,12538484,128,0
2458183832,smqhm_64_512,12538702,128,0
2388061956,smqhm_64_512,12538696,128,0
2448837340,smqhm_64_512,12538866,128,0
2477861896,smqhm_64_512,12538181,128,0
3251122364,smqhm_64_1024,12541690,128,0
3284656948,smqhm_64_1024,12542007,128,0
3155995606,smqhm_64_1024,12538681,128,0
3342844884,smqhm_64_1024,12541393,128,0
3230058134,smqhm_64_1024,12541181,128,0
2836271754,smqhm_128_1,12605480,128,0
2907457882,smqhm_128_1,12599634,128,0
2797471722,smqhm_128_1,12596714,128,0
2723487256,smqhm_128_1,12598545,128,0
3086780172,smqhm_128_1,12610639,128,0
2780083932,smqhm_128_2,12603111,128,0
2943450664,smqhm_128_2,12598651,128,0
2837452278,smqhm_128_2,12600734,128,0
2928919668,smqhm_128_2,12599293,128,0
2870031908,smqhm_128_2,12597686,128,0
2728410558,smqhm_128_4,12586863,128,0
2943491352,smqhm_128_4,12597771,128,0
2984282826,smqhm_128_4,12596478,128,0
2813954050,smqhm_128_4,12591106,128,0
2824368376,smqhm_128_4,12589312,128,0
2893293694,smqhm_128_8,12592843,128,0
2803155976,smqhm_128_8,12591919,128,0
2825641778,smqhm_128_8,12589540,128,0
2682750222,smqhm_128_8,12588980,128,0
2903546458,smqhm_128_8,12588246,128,0
2889011238,smqhm_128_16,12581340,128,0
2598530224,smqhm_128_16,12583495,128,0
2823186246,smqhm_128_16,12582891,128,0
2661348350,smqhm_128_16,12584412,128,0
3104823226,smqhm_128_16,12588484,128,0
2648240472,smqhm_128_32,12575570,128,0
2695821502,smqhm_128_32,12575601,128,0
2548417006,smqhm_128_32,12569726,128,0
2512709082,smqhm_128_32,12570360,128,0
2718950066,smqhm_128_32,12573605,128,0
2293784528,smqhm_128_64,12562142,128,0
2390327344,smqhm_128_64,12557519,128,0
2410749930,smqhm_128_64,12561072,128,0
2447785244,smqhm_128_64,12560999,128,0
2351656952,smqhm_128_64,12560409,128,0
2477038814,smqhm_128_128,12547270,128,0
2335251550,smqhm_128_128,12545183,128,0
2369469560,smqhm_128_128,12545801,128,0
2206401748,smqhm_128_128,12545390,128,0
2657949518,smqhm_128_128,12547549,128,0
2325352768,smqhm_128_256,12541263,128,0
2386025926,smqhm_128_256,12542665,128,0
2715535910,smqhm_128_256,12546329,128,0
2315313780,smqhm_128_256,12540596,128,0
2278899808,smqhm_128_256,12540702,128,0
2481773892,smqhm_128_512,12538322,128,0
2455737820,smqhm_128_512,12538928,128,0
2393145158,smqhm_128_512,12537917,128,0
3149244536,smqhm_128_512,12548901,128,0
2403506642,smqhm_128_512,12537793,128,0
3173413012,smqhm_128_1024,12537380,128,0
3215297058,smqhm_128_1024,12539044,128,0
3197331384,smqhm_128_1024,12538773,128,0
4764030450,smqhm_128_1024,12542688,128,0
3137369240,smqhm_128_1024,12541595,128,0
2746128126,smqhm_256_1,12602824,128,0
2799301012,smqhm_256_1,12599923,128,0
2858967376,smqhm_256_1,12603898,128,0
2968550934,smqhm_256_1,12608860,128,0
2778208696,smqhm_256_1,12602480,128,0
2703384914,smqhm_256_2,12596080,128,0
2817860592,smqhm_256_2,12594789,128,0
2733504058,smqhm_256_2,12602691,128,0
2884605798,smqhm_256_2,12609008,128,0
2807597862,smqhm_256_2,12596982,128,0
3530786816,smqhm_256_4,12603381,128,0
3025497956,smqhm_256_4,12602035,128,0
3494777964,smqhm_256_4,12597549,128,0
2870387120,smqhm_256_4,12598577,128,0
3008970120,smqhm_256_4,12600986,128,0
2884513938,smqhm_256_8,12594880,128,0
2836439362,smqhm_256_8,12600574,128,0
3016675160,smqhm_256_8,12596484,128,0
3359300408,smqhm_256_8,12595115,128,0
3014751138,smqhm_256_8,12596807,128,0
2937942906,smqhm_256_16,12587538,128,0
2948497280,smqhm_256_16,12589971,128,0
2945352370,smqhm_256_16,12591120,128,0
3111946142,smqhm_256_16,12592862,128,0
3018594174,smqhm_256_16,12592367,128,0
2797492626,smqhm_256_32,12576827,128,0
2802893368,smqhm_256_32,12578069,128,0
2809371452,smqhm_256_32,12583003,128,0
2813148650,smqhm_256_32,12587298,128,0
2666350032,smqhm_256_32,12577543,128,0
2510827960,smqhm_256_64,12570989,128,0
2366959936,smqhm_256_64,12566667,128,0
2577885344,smqhm_256_64,12574966,128,0
2365079852,smqhm_256_64,12561910,128,0
2543596400,smqhm_256_64,12567643,128,0
2250935590,smqhm_256_128,12545268,128,0
2256534356,smqhm_256_128,12549155,128,0
2341775070,smqhm_256_128,12554452,128,0
2243306648,smqhm_256_128,12545790,128,0
2307869764,smqhm_256_128,12545494,128,0
2204331812,smqhm_256_256,12539238,128,0
2251158932,smqhm_256_256,12539980,128,0
2269534194,smqhm_256_256,12539892,128,0
2309176430,smqhm_256_256,12540276,128,0
2306231348,smqhm_256_256,12540764,128,0
2416713174,smqhm_256_512,12536930,128,0
2424529962,smqhm_256_512,12536681,128,0
2409998082,smqhm_256_512,12537304,128,0
2458727566,smqhm_256_512,12536886,128,0
2461316280,smqhm_256_512,12537301,128,0
3237761750,smqhm_256_1024,12537776,128,0
3177210724,smqhm_256_1024,12536869,128,0
3290354670,smqhm_256_1024,12540042,128,0
3227764012,smqhm_256_1024,12540126,128,0
3289589118,smqhm_256_1024,12538063,128,0
2879525532,smqhm_512_1,12602483,128,0
2773926088,smqhm_512_1,12603082,128,0
2974987016,smqhm_512_1,12615920,128,0
2739564998,smqhm_512_1,12603578,128,0
2957303604,smqhm_512_1,12611491,128,0
2894182046,smqhm_512_2,12601424,128,0
2996361474,smqhm_512_2,12611283,128,0
2854953244,smqhm_512_2,12601178,128,0
2998157254,smqhm_512_2,12603502,128,0
2756867124,smqhm_512_2,12602660,128,0
3068610050,smqhm_512_4,12609307,128,0
3379898970,smqhm_512_4,12607108,128,0
3039503212,smqhm_512_4,12603285,128,0
3120028554,smqhm_512_4,12598990,128,0
3096833978,smqhm_512_4,12601952,128,0
2902485480,smqhm_512_8,12594539,128,0
3119765956,smqhm_512_8,12607657,128,0
2877305550,smqhm_512_8,12595193,128,0
2867048934,smqhm_512_8,12604498,128,0
3383164752,smqhm_512_8,12611830,128,0
2965061092,smqhm_512_16,12594241,128,0
3424968882,smqhm_512_16,12606164,128,0
3051984322,smqhm_512_16,12607250,128,0
2882686766,smqhm_512_16,12597650,128,0
2942295832,smqhm_512_16,12593345,128,0
2934755116,smqhm_512_32,12591824,128,0
4106704490,smqhm_512_32,12595759,128,0
2875677466,smqhm_512_32,12587090,128,0
2793840928,smqhm_512_32,12589745,128,0
3077837684,smqhm_512_32,12590855,128,0
2655059160,smqhm_512_64,12580703,128,0
2931913420,smqhm_512_64,12577973,128,0
2961474330,smqhm_512_64,12581565,128,0
2820891786,smqhm_512_64,12579278,128,0
2639114870,smqhm_512_64,12580836,128,0
2363799938,smqhm_512_128,12553460,128,0
2356174012,smqhm_512_128,12553218,128,0
2359341580,smqhm_512_128,12553889,128,0
2599323434,smqhm_512_128,12556569,128,0
2329172224,smqhm_512_128,12557014,128,0
2289187726,smqhm_512_256,12539655,128,0
2418229214,smqhm_512_256,12541896,128,0
2258649348,smqhm_512_256,12540948,128,0
2265068564,smqhm_512_256,12541134,128,0
2317554614,smqhm_512_256,12540924,128,0
2473831376,smqhm_512_512,12537209,128,0
2449949270,smqhm_512_512,12536395,128,0
2437787792,smqhm_512_512,12536470,128,0
2341375120,smqhm_512_512,12536635,128,0
2540307704,smqhm_512_512,12537882,128,0
3219303062,smqhm_512_1024,12536701,128,0
3149621248,smqhm_512_1024,12538782,128,0
3225072084,smqhm_512_1024,12535897,128,0
3178465218,smqhm_512_1024,12536052,128,0
3269056914,smqhm_512_1024,12536543,128,0
2908455504,smqhm_1024_1,12610424,128,0
2899846108,smqhm_1024_1,12604809,128,0
2715344068,smqhm_1024_1,12601006,128,0
2964049484,smqhm_1024_1,12620509,128,0
3288408110,smqhm_1024_1,12614701,128,0
2817105218,smqhm_1024_2,12608731,128,0
2910275120,smqhm_1024_2,12603744,128,0
3007061400,smqhm_1024_2,12606320,128,0
3183521538,smqhm_1024_2,12606771,128,0
2783205496,smqhm_1024_2,12603523,128,0
3063887894,smqhm_1024_4,12604859,128,0
3671526316,smqhm_1024_4,12621019,128,0
2971516852,smqhm_1024_4,12602027,128,0
3072603512,smqhm_1024_4,12597795,128,0
3125479966,smqhm_1024_4,12603896,128,0
3075559206,smqhm_1024_8,12604715,128,0
2969730816,smqhm_1024_8,12606346,128,0
3262359356,smqhm_1024_8,12616135,128,0
3117184106,smqhm_1024_8,12604566,128,0
3033705944,smqhm_1024_8,12608292,128,0
3529032410,smqhm_1024_16,12606092,128,0
3168827192,smqhm_1024_16,12599332,128,0
3455295816,smqhm_1024_16,12606100,128,0
3224701246,smqhm_1024_16,12605530,128,0
3175123212,smqhm_1024_16,12603378,128,0
3155255498,smqhm_1024_32,12597247,128,0
3125486850,smqhm_1024_32,12600125,128,0
3081156826,smqhm_1024_32,12597797,128,0
3279921150,smqhm_1024_32,12596038,128,0
3123451208,smqhm_1024_32,12595851,128,0
3691784958,smqhm_1024_64,12598472,128,0
3215269324,smqhm_1024_64,12599786,128,0
3182570256,smqhm_1024_64,12591451,128,0
3238634180,smqhm_1024_64,12588396,128,0
2990734022,smqhm_1024_64,12594426,128,0
2580945444,smqhm_1024_128,12566293,128,0
2648386002,smqhm_1024_128,12565548,128,0
2511081836,smqhm_1024_128,12562568,128,0
2657310126,smqhm_1024_128,12571720,128,0
3001170782,smqhm_1024_128,12569519,128,0
2254965068,smqhm_1024_256,12542604,128,0
2551025978,smqhm_1024_256,12544720,128,0
2215540584,smqhm_1024_256,12543378,128,0
2317258322,smqhm_1024_256,12544108,128,0
2246061890,smqhm_1024_256,12543541,128,0
2386274772,smqhm_1024_512,12536989,128,0
2401430572,smqhm_1024_512,12537294,128,0
2445862566,smqhm_1024_512,12536786,128,0
2331510558,smqhm_1024_512,12536471,128,0
2442774168,smqhm_1024_512,12536962,128,0
3282807308,smqhm_1024_1024,12536014,128,0
3282481864,smqhm_1024_1024,12536162,128,0
3224399500,smqhm_1024_1024,12536264,128,0
3243016822,smqhm_1024_1024,12534541,128,0
3238037182,smqhm_1024_1024,12536111,128,0
