8970305524,smqhm_1_1,86124103,128,0
9974901008,smqhm_1_1,85934077,128,0
10133613100,smqhm_1_1,86356957,128,0
9111857624,smqhm_1_1,85976840,128,0
8636627546,smqhm_1_1,86192052,128,0
7820564238,smqhm_1_2,85564154,128,0
6569969760,smqhm_1_2,85389047,128,0
6933120796,smqhm_1_2,85634112,128,0
8065384188,smqhm_1_2,85377798,128,0
5537945856,smqhm_1_2,85424929,128,0
6787632028,smqhm_1_4,85455249,128,0
5868317174,smqhm_1_4,85421131,128,0
5617355392,smqhm_1_4,85463599,128,0
5638540986,smqhm_1_4,86000920,128,0
5762300782,smqhm_1_4,85730659,128,0
5025326812,smqhm_1_8,85870304,128,0
4701820352,smqhm_1_8,85965027,128,0
5572960314,smqhm_1_8,85657683,128,0
4839016168,smqhm_1_8,85880555,128,0
5712734450,smqhm_1_8,85930552,128,0
5186731286,smqhm_1_16,85820186,128,0
4926397218,smqhm_1_16,86040646,128,0
5095154970,smqhm_1_16,85799434,128,0
4939086398,smqhm_1_16,86230746,128,0
5285497814,smqhm_1_16,85694493,128,0
5761887518,smqhm_1_32,86725421,128,0
5700464478,smqhm_1_32,86219536,128,0
5523654576,smqhm_1_32,86263283,128,0
6054411582,smqhm_1_32,86028283,128,0
5725563846,smqhm_1_32,86286470,128,0
9270017772,smqhm_1_64,86724673,128,0
8871508928,smqhm_1_64,87032312,128,0
7334292736,smqhm_1_64,86848150,128,0
8799129720,smqhm_1_64,86365284,128,0
8351324342,smqhm_1_64,86857387,128,0
7879438172,smqhm_1_128,86972418,128,0
7849641124,smqhm_1_128,86996070,128,0
7757114378,smqhm_1_128,86453417,128,0
8019949060,smqhm_1_128,86773432,128,0
8076622860,smqhm_1_128,86517633,128,0
9719467836,smqhm_1_256,86890214,128,0
9553689814,smqhm_1_256,87263995,128,0
9116874174,smqhm_1_256,87665861,128,0
10666446936,smqhm_1_256,87118550,128,0
9670872094,smqhm_1_256,86858429,128,0
8862295520,smqhm_1_512,89083599,128,0
7727196546,smqhm_1_512,89805811,128,0
9187717646,smqhm_1_512,89163171,128,0
10583537012,smqhm_1_512,88418333,128,0
8363654604,smqhm_1_512,88708936,128,0
6024589294,smqhm_1_1024,89610377,128,0
5891259284,smqhm_1_1024,91684251,128,0
5684228916,smqhm_1_1024,90609392,128,0
5811564818,smqhm_1_1024,90666242,128,0
5961298470,smqhm_1_1024,89540871,128,0
9331181484,smqhm_2_1,86946160,128,0
9756686272,smqhm_2_1,86901888,128,0
8432483836,smqhm_2_1,87218114,128,0
10505652954,smqhm_2_1,87442680,128,0
7484150794,smqhm_2_1,87072620,128,0
7257031822,smqhm_2_2,85836627,128,0
8698018790,smqhm_2_2,85859278,128,0
7869321008,smqhm_2_2,86003248,128,0
7593195152,smqhm_2_2,85824651,128,0
7925355502,smqhm_2_2,86158029,128,0
8462625426,smqhm_2_4,85605559,128,0
10249740436,smqhm_2_4,86007644,128,0
6340233136,smqhm_2_4,85611363,128,0
6346709368,smqhm_2_4,85586069,128,0
6300466282,smqhm_2_4,85697966,128,0
5199000060,smqhm_2_8,85569453,128,0
4801447358,smqhm_2_8,85735264,128,0
4549568384,smqhm_2_8,85610911,128,0
5095828660,smqhm_2_8,85850820,128,0
5169751022,smqhm_2_8,85865696,128,0
4704689624,smqhm_2_16,85770308,128,0
4566352808,smqhm_2_16,85875873,128,0
4586146232,smqhm_2_16,85813025,128,0
4603212200,smqhm_2_16,85769552,128,0
5176040914,smqhm_2_16,85650719,128,0
5090409704,smqhm_2_32,86585391,128,0
5010887880,smqhm_2_32,86363699,128,0
5058077840,smqhm_2_32,86127401,128,0
4910230624,smqhm_2_32,86228040,128,0
5010259622,smqhm_2_32,86550892,128,0
6798559032,smqhm_2_64,86333820,128,0
7035845660,smqhm_2_64,86735128,128,0
7260674026,smqhm_2_64,86538057,128,0
6512247572,smqhm_2_64,86916132,128,0
7042742400,smqhm_2_64,86645493,128,0
5994742082,smqhm_2_128,87262257,128,0
6027551548,smqhm_2_128,86412081,128,0
5884271626,smqhm_2_128,86624566,128,0
5909420218,smqhm_2_128,86769423,128,0
6100942958,smqhm_2_128,86721298,128,0
6877382844,smqhm_2_256,87026137,128,0
6778848586,smqhm_2_256,87384738,128,0
8000893648,smqhm_2_256,87536369,128,0
7198700322,smqhm_2_256,87175537,128,0
6899063308,smqhm_2_256,86924572,128,0
7080743894,smqhm_2_512,87915056,128,0
7876084058,smqhm_2_512,88269181,128,0
7259616194,smqhm_2_512,88233200,128,0
6664797620,smqhm_2_512,88053168,128,0
8135031862,smqhm_2_512,87931776,128,0
6403338632,smqhm_2_1024,89616402,128,0
5887635022,smqhm_2_1024,91545357,128,0
6218445866,smqhm_2_1024,90439091,128,0
6058466494,smqhm_2_1024,91340462,128,0
5925715332,smqhm_2_1024,89608006,128,0
10541242694,smqhm_4_1,91145660,128,0
10369338734,smqhm_4_1,90084470,128,0
8532618960,smqhm_4_1,90890588,128,0
8700817962,smqhm_4_1,91186209,128,0
10466341728,smqhm_4_1,91646305,128,0
7619436094,smqhm_4_2,88007250,128,0
8339129944,smqhm_4_2,87876921,128,0
7056460524,smqhm_4_2,87290661,128,0
6289923316,smqhm_4_2,87530004,128,0
6818574396,smqhm_4_2,87177272,128,0
6798616320,smqhm_4_4,85767344,128,0
7709481692,smqhm_4_4,86098791,128,0
6062284282,smqhm_4_4,85937811,128,0
5806670796,smqhm_4_4,85937626,128,0
6914261856,smqhm_4_4,86774529,128,0
5154491762,smqhm_4_8,86083858,128,0
5277354844,smqhm_4_8,85731874,128,0
5254338806,smqhm_4_8,85773025,128,0
6115759270,smqhm_4_8,85877757,128,0
5567425020,smqhm_4_8,85823923,128,0
4980889926,smqhm_4_16,86120240,128,0
4788721592,smqhm_4_16,85982062,128,0
4708365580,smqhm_4_16,85884544,128,0
5180435718,smqhm_4_16,85918968,128,0
4958610480,smqhm_4_16,85772484,128,0
4808962270,smqhm_4_32,86216842,128,0
4591750356,smqhm_4_32,85690527,128,0
5065699870,smqhm_4_32,86167617,128,0
4963723360,smqhm_4_32,85936138,128,0
4943393646,smqhm_4_32,85928206,128,0
6836969628,smqhm_4_64,86403866,128,0
10589355298,smqhm_4_64,86511147,128,0
8512351118,smqhm_4_64,86399264,128,0
8000402760,smqhm_4_64,86283677,128,0
5471254592,smqhm_4_64,86586481,128,0
5129740904,smqhm_4_128,86210786,128,0
5245659174,smqhm_4_128,86661392,128,0
5074573108,smqhm_4_128,86526875,128,0
5130741132,smqhm_4_128,86524799,128,0
5136147934,smqhm_4_128,86640934,128,0
6012125328,smqhm_4_256,87320736,128,0
5975788672,smqhm_4_256,87761536,128,0
6394119664,smqhm_4_256,86657453,128,0
6233983250,smqhm_4_256,86957942,128,0
6174814224,smqhm_4_256,86691284,128,0
6755052110,smqhm_4_512,87966719,128,0
6538635374,smqhm_4_512,87899149,128,0
7554761376,smqhm_4_512,87963577,128,0
7328938996,smqhm_4_512,87598245,128,0
6837761024,smqhm_4_512,88270868,128,0
7946708222,smqhm_4_1024,89866876,128,0
10577753698,smqhm_4_1024,89692297,128,0
7037370124,smqhm_4_1024,90659004,128,0
7536038650,smqhm_4_1024,90357850,128,0
7338253286,smqhm_4_1024,90923348,128,0
10448971230,smqhm_8_1,97415137,128,0
10703482040,smqhm_8_1,97126280,128,0
9445587608,smqhm_8_1,96801303,128,0
10594573268,smqhm_8_1,97295165,128,0
9765946636,smqhm_8_1,96615092,128,0
8885104778,smqhm_8_2,91100622,128,0
7845702688,smqhm_8_2,91182036,128,0
7696837596,smqhm_8_2,89841208,128,0
7633768020,smqhm_8_2,91344984,128,0
8752632042,smqhm_8_2,91173529,128,0
7500009660,smqhm_8_4,87950109,128,0
6084973098,smqhm_8_4,87038872,128,0
9580977082,smqhm_8_4,87475439,128,0
8408283622,smqhm_8_4,87834886,128,0
7448730390,smqhm_8_4,87686831,128,0
5199953342,smqhm_8_8,86240218,128,0
5780856440,smqhm_8_8,86466057,128,0
5472952066,smqhm_8_8,86476243,128,0
4652412426,smqhm_8_8,86534978,128,0
5529658800,smqhm_8_8,86289890,128,0
4864116322,smqhm_8_16,85845115,128,0
5184372760,smqhm_8_16,86086487,128,0
4987907104,smqhm_8_16,86259077,128,0
4980671274,smqhm_8_16,85919521,128,0
4704555690,smqhm_8_16,85868873,128,0
5430477090,smqhm_8_32,86618539,128,0
4869994820,smqhm_8_32,86152296,128,0
4929550044,smqhm_8_32,86386130,128,0
4832700722,smqhm_8_32,85965482,128,0
4734540108,smqhm_8_32,85999015,128,0
6672166504,smqhm_8_64,86534974,128,0
8385611136,smqhm_8_64,86219087,128,0
11660485546,smqhm_8_64,86654585,128,0
6444736280,smqhm_8_64,86360003,128,0
6541004954,smqhm_8_64,86267993,128,0
5002710676,smqhm_8_128,86690722,128,0
5115279884,smqhm_8_128,86706798,128,0
4899298788,smqhm_8_128,87056456,128,0
4809493708,smqhm_8_128,86353469,128,0
4853263422,smqhm_8_128,86560677,128,0
5983248050,smqhm_8_256,86816575,128,0
5936596600,smqhm_8_256,86788459,128,0
6333379070,smqhm_8_256,86874117,128,0
6060156704,smqhm_8_256,87431782,128,0
7039868556,smqhm_8_256,86723691,128,0
8291052920,smqhm_8_512,88085785,128,0
7795918156,smqhm_8_512,87888605,128,0
8042485818,smqhm_8_512,88266336,128,0
8056095760,smqhm_8_512,89202632,128,0
7393318790,smqhm_8_512,88104458,128,0
17540314844,smqhm_8_1024,90603462,128,0
17174636308,smqhm_8_1024,90388865,128,0
10751025650,smqhm_8_1024,90183783,128,0
16938985276,smqhm_8_1024,90200511,128,0
15441274478,smqhm_8_1024,90249891,128,0
10778302160,smqhm_16_1,101535846,128,0
9908752040,smqhm_16_1,100524010,128,0
11856065308,smqhm_16_1,101516062,128,0
9564758296,smqhm_16_1,100736701,128,0
10997475652,smqhm_16_1,100635461,128,0
9839063758,smqhm_16_2,95340860,128,0
9329039272,smqhm_16_2,96726905,128,0
9222176942,smqhm_16_2,95508418,128,0
8803135070,smqhm_16_2,95461243,128,0
8807659458,smqhm_16_2,95838623,128,0
9195662510,smqhm_16_4,91173695,128,0
6522697722,smqhm_16_4,90140207,128,0
6775462370,smqhm_16_4,90270316,128,0
9916497448,smqhm_16_4,89926804,128,0
8208893868,smqhm_16_4,89958599,128,0
5768636526,smqhm_16_8,87833596,128,0
5310313954,smqhm_16_8,88013228,128,0
5488251740,smqhm_16_8,87223602,128,0
7382442418,smqhm_16_8,87702816,128,0
6270415010,smqhm_16_8,87839086,128,0
5235319666,smqhm_16_16,86633749,128,0
5037616888,smqhm_16_16,86408871,128,0
5087836480,smqhm_16_16,86360496,128,0
5070715124,smqhm_16_16,86227751,128,0
5362774924,smqhm_16_16,86469832,128,0
5102188182,smqhm_16_32,86436062,128,0
4841684274,smqhm_16_32,86437521,128,0
4621662340,smqhm_16_32,86438200,128,0
4855137748,smqhm_16_32,86273808,128,0
6192999998,smqhm_16_32,86205250,128,0
7034219948,smqhm_16_64,86462851,128,0
6824487076,smqhm_16_64,86658545,128,0
7142826074,smqhm_16_64,86153537,128,0
10165229766,smqhm_16_64,86763682,128,0
6424353482,smqhm_16_64,86691493,128,0
6962777880,smqhm_16_128,86659912,128,0
4930042988,smqhm_16_128,86649423,128,0
5182116872,smqhm_16_128,86927591,128,0
6033556824,smqhm_16_128,86792702,128,0
4879781028,smqhm_16_128,86612785,128,0
6144975956,smqhm_16_256,87268242,128,0
6037575684,smqhm_16_256,87300797,128,0
6178860964,smqhm_16_256,86883192,128,0
6097580030,smqhm_16_256,87488978,128,0
6110034716,smqhm_16_256,86773489,128,0
9770030690,smqhm_16_512,88498666,128,0
9980915630,smqhm_16_512,88080843,128,0
8918634820,smqhm_16_512,87998913,128,0
9601816208,smqhm_16_512,88723059,128,0
9980389300,smqhm_16_512,88258326,128,0
32029140494,smqhm_16_1024,89217417,128,0
32142282768,smqhm_16_1024,89662948,128,0
29120880982,smqhm_16_1024,89870452,128,0
32249656554,smqhm_16_1024,90245832,128,0
29349551018,smqhm_16_1024,89734110,128,0
10593112286,smqhm_32_1,105762454,128,0
11585525676,smqhm_32_1,107935702,128,0
12050362324,smqhm_32_1,106342797,128,0
11261756414,smqhm_32_1,107306646,128,0
12660809926,smqhm_32_1,107391785,128,0
10795037840,smqhm_32_2,100591864,128,0
9430264034,smqhm_32_2,101142789,128,0
9031570274,smqhm_32_2,102507999,128,0
9477492150,smqhm_32_2,101936981,128,0
9314816890,smqhm_32_2,101429685,128,0
7907762366,smqhm_32_4,96405864,128,0
9120601436,smqhm_32_4,95354642,128,0
8995585036,smqhm_32_4,94956670,128,0
8270283108,smqhm_32_4,96139571,128,0
9472620628,smqhm_32_4,95945176,128,0
5748284742,smqhm_32_8,91290671,128,0
6208520738,smqhm_32_8,91919008,128,0
6358145750,smqhm_32_8,91307084,128,0
6206112684,smqhm_32_8,92073862,128,0
5975397966,smqhm_32_8,91581719,128,0
5556231964,smqhm_32_16,87427889,128,0
5147681678,smqhm_32_16,87348885,128,0
5564218356,smqhm_32_16,88495971,128,0
5644662740,smqhm_32_16,87992078,128,0
5245717588,smqhm_32_16,88133687,128,0
4748444456,smqhm_32_32,86924411,128,0
4814571430,smqhm_32_32,86743733,128,0
5057189194,smqhm_32_32,87316326,128,0
5163718666,smqhm_32_32,86970681,128,0
5012429136,smqhm_32_32,89670345,128,0
6640514384,smqhm_32_64,87079273,128,0
6036783744,smqhm_32_64,86897774,128,0
8627259374,smqhm_32_64,86819001,128,0
5824085964,smqhm_32_64,87097052,128,0
7517254742,smqhm_32_64,87404416,128,0
4902120732,smqhm_32_128,87373587,128,0
4855840852,smqhm_32_128,86649145,128,0
5105995570,smqhm_32_128,86864102,128,0
4875292724,smqhm_32_128,86865236,128,0
4983664878,smqhm_32_128,86668690,128,0
6219236932,smqhm_32_256,86913629,128,0
6233024752,smqhm_32_256,87150579,128,0
6284379722,smqhm_32_256,87722656,128,0
6716106938,smqhm_32_256,88577765,128,0
6306902250,smqhm_32_256,87519195,128,0
11846454780,smqhm_32_512,87980165,128,0
11668046308,smqhm_32_512,88352790,128,0
11598175412,smqhm_32_512,88589401,128,0
11975321194,smqhm_32_512,88230739,128,0
11710051310,smqhm_32_512,88158143,128,0
38563565860,smqhm_32_1024,89141807,128,0
37391635142,smqhm_32_1024,90735777,128,0
37137516758,smqhm_32_1024,90363255,128,0
37499029242,smqhm_32_1024,89493874,128,0
37412348334,smqhm_32_1024,90516361,128,0
11030439660,smqhm_64_1,113134615,128,0
10820404724,smqhm_64_1,112042827,128,0
12425039064,smqhm_64_1,112058256,128,0
14348192856,smqhm_64_1,113470850,128,0
11248833770,smqhm_64_1,113335474,128,0
8053885878,smqhm_64_2,106606800,128,0
9802189056,smqhm_64_2,107708696,128,0
10911396094,smqhm_64_2,106376799,128,0
9397161342,smqhm_64_2,108855384,128,0
9693027088,smqhm_64_2,107295815,128,0
7340435244,smqhm_64_4,103042036,128,0
8386431200,smqhm_64_4,99811474,128,0
10289253434,smqhm_64_4,101513179,128,0
8681396322,smqhm_64_4,101199880,128,0
7871635302,smqhm_64_4,100406297,128,0
7948381892,smqhm_64_8,95845358,128,0
6326175478,smqhm_64_8,95951686,128,0
6593725988,smqhm_64_8,95332271,128,0
6390085380,smqhm_64_8,97059859,128,0
7245237916,smqhm_64_8,98184330,128,0
5758176150,smqhm_64_16,92478861,128,0
5156686054,smqhm_64_16,92033925,128,0
5599895904,smqhm_64_16,92219768,128,0
5620802372,smqhm_64_16,92133868,128,0
5284560994,smqhm_64_16,91031048,128,0
5267469592,smqhm_64_32,88914108,128,0
5136468522,smqhm_64_32,89384404,128,0
5590669066,smqhm_64_32,89812022,128,0
5283888484,smqhm_64_32,88522905,128,0
5125075154,smqhm_64_32,89140377,128,0
4821384160,smqhm_64_64,87332461,128,0
5304390336,smqhm_64_64,87210389,128,0
5740024460,smqhm_64_64,87546650,128,0
6266768384,smqhm_64_64,87626129,128,0
6342578828,smqhm_64_64,87945750,128,0
5086867578,smqhm_64_128,87479005,128,0
5108443798,smqhm_64_128,87390347,128,0
4997071884,smqhm_64_128,87482948,128,0
5184848902,smqhm_64_128,86974429,128,0
4884232280,smqhm_64_128,87362421,128,0
6441863302,smqhm_64_256,87888302,128,0
6325455586,smqhm_64_256,87918722,128,0
6536691418,smqhm_64_256,87517767,128,0
6283175674,smqhm_64_256,88398990,128,0
6379357304,smqhm_64_256,87847573,128,0
12620541968,smqhm_64_512,88349592,128,0
12341233030,smqhm_64_512,88718614,128,0
12625151248,smqhm_64_512,88828453,128,0
12459645140,smqhm_64_512,88803928,128,0
12460046006,smqhm_64_512,88454670,128,0
42565721676,smqhm_64_1024,89205470,128,0
41545852756,smqhm_64_1024,91608410,128,0
41250907544,smqhm_64_1024,90709882,128,0
42350651560,smqhm_64_1024,89525650,128,0
42381929474,smqhm_64_1024,89917900,128,0
13234509322,smqhm_128_1,116665576,128,0
14517457206,smqhm_128_1,118489956,128,0
13624654568,smqhm_128_1,117938093,128,0
14192580474,smqhm_128_1,117841389,128,0
12909798258,smqhm_128_1,116538904,128,0
11136087034,smqhm_128_2,111530740,128,0
11072148380,smqhm_128_2,110688177,128,0
10193463582,smqhm_128_2,112759113,128,0
9421509414,smqhm_128_2,112118626,128,0
8710986856,smqhm_128_2,112381334,128,0
8317141268,smqhm_128_4,106125220,128,0
10398698702,smqhm_128_4,107892955,128,0
8035480572,smqhm_128_4,107966590,128,0
8915693078,smqhm_128_4,107013569,128,0
9210645420,smqhm_128_4,106801047,128,0
6715076182,smqhm_128_8,101242714,128,0
7481488966,smqhm_128_8,103173531,128,0
7044079962,smqhm_128_8,101898811,128,0
6497957656,smqhm_128_8,101663799,128,0
8519240004,smqhm_128_8,103746744,128,0
5762473248,smqhm_128_16,97674985,128,0
5720543252,smqhm_128_16,97338470,128,0
6009011688,smqhm_128_16,97595246,128,0
5710688642,smqhm_128_16,96762311,128,0
5889441910,smqhm_128_16,97649373,128,0
5218885896,smqhm_128_32,92119037,128,0
5563042036,smqhm_128_32,92389164,128,0
5244815210,smqhm_128_32,93728738,128,0
5291226436,smqhm_128_32,92151780,128,0
5580212806,smqhm_128_32,92900155,128,0
5365400810,smqhm_128_64,90669724,128,0
5487017770,smqhm_128_64,89493514,128,0
5342369032,smqhm_128_64,90136376,128,0
5739878072,smqhm_128_64,89747169,128,0
5247667204,smqhm_128_64,89466560,128,0
6527776206,smqhm_128_128,88113123,128,0
5771444086,smqhm_128_128,88234619,128,0
7918790200,smqhm_128_128,88624373,128,0
6533759576,smqhm_128_128,88658656,128,0
5128642368,smqhm_128_128,89029511,128,0
6379237950,smqhm_128_256,88152480,128,0
6547114864,smqhm_128_256,88762019,128,0
6449966746,smqhm_128_256,88766556,128,0
6438715602,smqhm_128_256,88801548,128,0
6670640534,smqhm_128_256,87824889,128,0
13155763926,smqhm_128_512,88994629,128,0
13156680796,smqhm_128_512,88825984,128,0
13280709228,smqhm_128_512,89431457,128,0
13039337454,smqhm_128_512,89264367,128,0
13176580294,smqhm_128_512,89760165,128,0
44606226478,smqhm_128_1024,89937656,128,0
44821654662,smqhm_128_1024,90667540,128,0
45015500648,smqhm_128_1024,90933881,128,0
45072373488,smqhm_128_1024,89544467,128,0
44820842380,smqhm_128_1024,89854218,128,0
13305754768,smqhm_256_1,119990552,128,0
13704095770,smqhm_256_1,121369409,128,0
14177430654,smqhm_256_1,120845582,128,0
12915048390,smqhm_256_1,120894128,128,0
13515485464,smqhm_256_1,120329604,128,0
10336209504,smqhm_256_2,117014093,128,0
9695280392,smqhm_256_2,116108101,128,0
11011148960,smqhm_256_2,118743268,128,0
10096238752,smqhm_256_2,116543319,128,0
10791157354,smqhm_256_2,118101553,128,0
9399366144,smqhm_256_4,113411407,128,0
9228988176,smqhm_256_4,112389876,128,0
9215383894,smqhm_256_4,111376437,128,0
9687740342,smqhm_256_4,112946448,128,0
8826970302,smqhm_256_4,113481741,128,0
7682752936,smqhm_256_8,109988266,128,0
8764642390,smqhm_256_8,110133782,128,0
7745129974,smqhm_256_8,108610855,128,0
7374582662,smqhm_256_8,107389914,128,0
7205699656,smqhm_256_8,106880875,128,0
6168192156,smqhm_256_16,101258170,128,0
6137808568,smqhm_256_16,102831341,128,0
6301109318,smqhm_256_16,103140884,128,0
6392560520,smqhm_256_16,102083310,128,0
6379837146,smqhm_256_16,104797388,128,0
5749112158,smqhm_256_32,97710187,128,0
6000216388,smqhm_256_32,98312801,128,0
5770833342,smqhm_256_32,97600547,128,0
5760258354,smqhm_256_32,97344511,128,0
5668918526,smqhm_256_32,99206605,128,0
5676210606,smqhm_256_64,94356531,128,0
5954058380,smqhm_256_64,93345212,128,0
5592979772,smqhm_256_64,93804797,128,0
5599388680,smqhm_256_64,93583399,128,0
5690110996,smqhm_256_64,95304450,128,0
6331071588,smqhm_256_128,90788276,128,0
6767147278,smqhm_256_128,90601076,128,0
9865477812,smqhm_256_128,90622992,128,0
8232642904,smqhm_256_128,91049536,128,0
6584981454,smqhm_256_128,91362496,128,0
6738136626,smqhm_256_256,89495791,128,0
7123230620,smqhm_256_256,90030422,128,0
6766123944,smqhm_256_256,90491667,128,0
6624229260,smqhm_256_256,89918469,128,0
8980150918,smqhm_256_256,89563908,128,0
13373668460,smqhm_256_512,89370873,128,0
13562628282,smqhm_256_512,90668563,128,0
13505078458,smqhm_256_512,89691054,128,0
13528934200,smqhm_256_512,90365040,128,0
13359981606,smqhm_256_512,90152504,128,0
46051410908,smqhm_256_1024,91057734,128,0
46154894104,smqhm_256_1024,91776783,128,0
46093614846,smqhm_256_1024,89944201,128,0
45737128552,smqhm_256_1024,90361435,128,0
46039919256,smqhm_256_1024,91327624,128,0
13584011846,smqhm_512_1,123354568,128,0
13243520848,smqhm_512_1,125905719,128,0
12972594934,smqhm_512_1,123747349,128,0
13014332526,smqhm_512_1,123873143,128,0
13619530988,smqhm_512_1,124736839,128,0
11657287680,smqhm_512_2,121570512,128,0
11576467508,smqhm_512_2,119919899,128,0
12856723868,smqhm_512_2,122562564,128,0
11282519776,smqhm_512_2,121952963,128,0
9824376596,smqhm_512_2,118522415,128,0
9363594338,smqhm_512_4,119157306,128,0
10037586996,smqhm_512_4,116581053,128,0
10900116486,smqhm_512_4,117480681,128,0
9278152276,smqhm_512_4,118073099,128,0
9954926708,smqhm_512_4,117476425,128,0
8767334876,smqhm_512_8,113227340,128,0
7510391008,smqhm_512_8,114032780,128,0
8381740450,smqhm_512_8,117078284,128,0
7611807166,smqhm_512_8,114274955,128,0
8553716124,smqhm_512_8,114779489,128,0
9454716120,smqhm_512_16,111725827,128,0
6583902516,smqhm_512_16,109928795,128,0
7252164738,smqhm_512_16,110948721,128,0
7025185272,smqhm_512_16,108952216,128,0
6584995312,smqhm_512_16,109761913,128,0
6188144558,smqhm_512_32,106161445,128,0
6106849708,smqhm_512_32,104547512,128,0
6180179736,smqhm_512_32,104016334,128,0
6177154162,smqhm_512_32,104828485,128,0
6452121422,smqhm_512_32,103757178,128,0
7562273488,smqhm_512_64,99087531,128,0
6857066302,smqhm_512_64,101295334,128,0
6923550764,smqhm_512_64,99007610,128,0
6886797164,smqhm_512_64,101227565,128,0
6463907082,smqhm_512_64,100814178,128,0
7079177416,smqhm_512_128,96460523,128,0
6013020804,smqhm_512_128,96356002,128,0
9134985732,smqhm_512_128,96903642,128,0
6263495292,smqhm_512_128,96051943,128,0
9014142590,smqhm_512_128,96873620,128,0
8304990146,smqhm_512_256,93128546,128,0
7720150006,smqhm_512_256,92826239,128,0
7300203844,smqhm_512_256,94060906,128,0
6882252268,smqhm_512_256,93109554,128,0
7208406218,smqhm_512_256,92788252,128,0
13637767796,smqhm_512_512,91419707,128,0
13724311382,smqhm_512_512,92758817,128,0
13709632452,smqhm_512_512,91624811,128,0
13744929464,smqhm_512_512,92731009,128,0
13668018836,smqhm_512_512,90978131,128,0
45343993208,smqhm_512_1024,91471362,128,0
46728631056,smqhm_512_1024,91650124,128,0
46848221922,smqhm_512_1024,93272885,128,0
45955161404,smqhm_512_1024,90590173,128,0
43187130174,smqhm_512_1024,92105329,128,0
13757034440,smqhm_1024_1,126362921,128,0
14353840722,smqhm_1024_1,125667626,128,0
13301241054,smqhm_1024_1,127050197,128,0
15532352486,smqhm_1024_1,126372357,128,0
15328018838,smqhm_1024_1,126941469,128,0
11853705598,smqhm_1024_2,124133429,128,0
10889295874,smqhm_1024_2,123902636,128,0
10890547488,smqhm_1024_2,120760212,128,0
11088839628,smqhm_1024_2,122711119,128,0
10875918656,smqhm_1024_2,123022860,128,0
10567816872,smqhm_1024_4,122682772,128,0
8831333258,smqhm_1024_4,122143123,128,0
10479270664,smqhm_1024_4,122135084,128,0
10110435556,smqhm_1024_4,121535789,128,0
11250399736,smqhm_1024_4,122647676,128,0
8437863862,smqhm_1024_8,120399808,128,0
8894608790,smqhm_1024_8,118898700,128,0
7560565944,smqhm_1024_8,116734470,128,0
8456093970,smqhm_1024_8,118502956,128,0
8958282018,smqhm_1024_8,119487067,128,0
7056330982,smqhm_1024_16,114246975,128,0
7135562110,smqhm_1024_16,116797359,128,0
6943972626,smqhm_1024_16,115048051,128,0
7025237034,smqhm_1024_16,115449840,128,0
6925160826,smqhm_1024_16,114766235,128,0
6676294938,smqhm_1024_32,111041653,128,0
6536474364,smqhm_1024_32,111037180,128,0
6951383192,smqhm_1024_32,112090219,128,0
6350877450,smqhm_1024_32,109829587,128,0
6543579658,smqhm_1024_32,112140255,128,0
6911712852,smqhm_1024_64,106838204,128,0
7017836062,smqhm_1024_64,108361777,128,0
6866303086,smqhm_1024_64,107821065,128,0
6846320866,smqhm_1024_64,106836544,128,0
8104912068,smqhm_1024_64,105037010,128,0
8561996098,smqhm_1024_128,102015130,128,0
6948501996,smqhm_1024_128,99778922,128,0
8811358486,smqhm_1024_128,99342576,128,0
7452076692,smqhm_1024_128,102957150,128,0
7935355424,smqhm_1024_128,101593008,128,0
8307371662,smqhm_1024_256,98053731,128,0
7117924444,smqhm_1024_256,96132792,128,0
7465692636,smqhm_1024_256,98261021,128,0
7508639092,smqhm_1024_256,97424792,128,0
7631218622,smqhm_1024_256,95927170,128,0
13603610240,smqhm_1024_512,95302259,128,0
13611101776,smqhm_1024_512,96451298,128,0
13626964026,smqhm_1024_512,96082019,128,0
13550051904,smqhm_1024_512,95697610,128,0
13468258712,smqhm_1024_512,94899085,128,0
38021404528,smqhm_1024_1024,94009567,128,0
37993498718,smqhm_1024_1024,93516408,128,0
39564820396,smqhm_1024_1024,95125518,128,0
37179189798,smqhm_1024_1024,92719928,128,0
34115785728,smqhm_1024_1024,93722447,128,0
