3059768318,smqhm_1_1,77924013,128,0
4427484942,smqhm_1_1,80411872,128,0
3970564336,smqhm_1_1,80462749,128,0
6045922530,smqhm_1_1,81632847,128,0
3566398374,smqhm_1_1,79156943,128,0
4150913500,smqhm_1_2,80813652,128,0
5305499604,smqhm_1_2,81985161,128,0
5568563442,smqhm_1_2,85385734,128,0
5206309486,smqhm_1_2,80268991,128,0
4749292436,smqhm_1_2,81753322,128,0
4390077088,smqhm_1_4,81076958,128,0
4529464136,smqhm_1_4,86032049,128,0
5004703302,smqhm_1_4,81894248,128,0
3766043736,smqhm_1_4,79709542,128,0
5158357162,smqhm_1_4,81605503,128,0
3156444226,smqhm_1_8,79280924,128,0
3719268284,smqhm_1_8,82946671,128,0
3641377236,smqhm_1_8,80788620,128,0
3721231776,smqhm_1_8,82626222,128,0
4640097518,smqhm_1_8,81983609,128,0
4029003430,smqhm_1_16,81884871,128,0
4195114072,smqhm_1_16,83030669,128,0
4449683996,smqhm_1_16,80959231,128,0
3901671100,smqhm_1_16,82566923,128,0
4322446826,smqhm_1_16,84511940,128,0
5548655280,smqhm_1_32,95226821,128,0
5352455452,smqhm_1_32,86066990,128,0
4753488222,smqhm_1_32,79960964,128,0
7166571860,smqhm_1_32,130343854,128,0
5172443710,smqhm_1_32,82295213,128,0
5744484450,smqhm_1_64,81761403,128,0
7819858834,smqhm_1_64,94028624,128,0
5924766050,smqhm_1_64,86889610,128,0
6112716690,smqhm_1_64,85169868,128,0
5789665612,smqhm_1_64,83002555,128,0
8386848318,smqhm_1_128,87743815,128,0
9416961458,smqhm_1_128,85180442,128,0
10186162100,smqhm_1_128,88555794,128,0
9492444150,smqhm_1_128,90346364,128,0
8440090538,smqhm_1_128,89538670,128,0
7414070616,smqhm_1_256,88842911,128,0
9047098862,smqhm_1_256,89865964,128,0
8785445408,smqhm_1_256,89845364,128,0
9219709872,smqhm_1_256,89913187,128,0
9249473606,smqhm_1_256,89585073,128,0
6977196068,smqhm_1_512,89130988,128,0
7169464006,smqhm_1_512,90804012,128,0
7326506482,smqhm_1_512,88316348,128,0
7195466324,smqhm_1_512,89377189,128,0
5775173720,smqhm_1_512,92980376,128,0
5337446222,smqhm_1_1024,100108133,128,0
5266023330,smqhm_1_1024,98243333,128,0
5593779322,smqhm_1_1024,94411260,128,0
5177484818,smqhm_1_1024,91155257,128,0
5614088042,smqhm_1_1024,94652314,128,0
4860938090,smqhm_2_1,80534206,128,0
3942582542,smqhm_2_1,81077295,128,0
5121806288,smqhm_2_1,78858660,128,0
4083089822,smqhm_2_1,78858605,128,0
5098560466,smqhm_2_1,84195640,128,0
4060652742,smqhm_2_2,82432567,128,0
6477309648,smqhm_2_2,79824225,128,0
4819128270,smqhm_2_2,81812072,128,0
5131562260,smqhm_2_2,81230180,128,0
5774592602,smqhm_2_2,82345634,128,0
4306014322,smqhm_2_4,80117517,128,0
6351520266,smqhm_2_4,82672186,128,0
3804943466,smqhm_2_4,80410285,128,0
3978937194,smqhm_2_4,80422614,128,0
4230949310,smqhm_2_4,82433008,128,0
3515928538,smqhm_2_8,87362748,128,0
3291184216,smqhm_2_8,81976712,128,0
3395975060,smqhm_2_8,79685711,128,0
3405712242,smqhm_2_8,81995015,128,0
3905186600,smqhm_2_8,93910237,128,0
3421818086,smqhm_2_16,83446878,128,0
3563199826,smqhm_2_16,81370098,128,0
3388308096,smqhm_2_16,82827949,128,0
3667033794,smqhm_2_16,78743727,128,0
3386181490,smqhm_2_16,80610966,128,0
3651339980,smqhm_2_32,81080538,128,0
4158033466,smqhm_2_32,89268032,128,0
3532647720,smqhm_2_32,81299532,128,0
3634999736,smqhm_2_32,82036070,128,0
3689632908,smqhm_2_32,82758382,128,0
4181351382,smqhm_2_64,81746851,128,0
4360795980,smqhm_2_64,85825535,128,0
4459373624,smqhm_2_64,82489811,128,0
3999055702,smqhm_2_64,82220774,128,0
4311204018,smqhm_2_64,88514608,128,0
6237356044,smqhm_2_128,85666470,128,0
6275927086,smqhm_2_128,85945953,128,0
5730367488,smqhm_2_128,86628227,128,0
5981849142,smqhm_2_128,89384783,128,0
6019138126,smqhm_2_128,87326897,128,0
7048071762,smqhm_2_256,96813188,128,0
7690345332,smqhm_2_256,85841409,128,0
7342088246,smqhm_2_256,91903879,128,0
6750593556,smqhm_2_256,85646471,128,0
7104696984,smqhm_2_256,89305295,128,0
6079453518,smqhm_2_512,88955416,128,0
6468607752,smqhm_2_512,89079528,128,0
6595434172,smqhm_2_512,90234070,128,0
6107917874,smqhm_2_512,89867176,128,0
6900672986,smqhm_2_512,91149907,128,0
6462991256,smqhm_2_1024,94745554,128,0
6476880608,smqhm_2_1024,97469628,128,0
7367888972,smqhm_2_1024,118731706,128,0
6437971876,smqhm_2_1024,99763197,128,0
6743921696,smqhm_2_1024,95676855,128,0
4476972494,smqhm_4_1,91052989,128,0
5089823684,smqhm_4_1,98145046,128,0
3998375054,smqhm_4_1,91090411,128,0
4585424000,smqhm_4_1,91573284,128,0
4280970132,smqhm_4_1,92114979,128,0
3372076766,smqhm_4_2,78698839,128,0
3619894922,smqhm_4_2,79067253,128,0
4051053006,smqhm_4_2,81029708,128,0
4115022410,smqhm_4_2,81163334,128,0
3911341026,smqhm_4_2,78777560,128,0
3779041530,smqhm_4_4,79073432,128,0
4520399148,smqhm_4_4,79669120,128,0
4169330920,smqhm_4_4,83691842,128,0
3117737392,smqhm_4_4,77914981,128,0
4571593448,smqhm_4_4,80161401,128,0
3280560320,smqhm_4_8,79532339,128,0
3376380284,smqhm_4_8,81762976,128,0
3694254722,smqhm_4_8,80685558,128,0
3282500478,smqhm_4_8,79371571,128,0
3409269514,smqhm_4_8,81899142,128,0
3194769096,smqhm_4_16,80164238,128,0
2945302490,smqhm_4_16,78799172,128,0
3457164908,smqhm_4_16,82431528,128,0
3185766918,smqhm_4_16,82193361,128,0
3244066244,smqhm_4_16,80267440,128,0
3505058188,smqhm_4_32,81793023,128,0
3718660624,smqhm_4_32,81434404,128,0
3394010788,smqhm_4_32,83448243,128,0
3892257080,smqhm_4_32,92762474,128,0
3313694366,smqhm_4_32,80737761,128,0
4427181782,smqhm_4_64,86962444,128,0
4133468124,smqhm_4_64,86849967,128,0
3979176626,smqhm_4_64,85905294,128,0
4032554280,smqhm_4_64,84487991,128,0
4523473078,smqhm_4_64,85041284,128,0
5650332740,smqhm_4_128,85151900,128,0
5108248650,smqhm_4_128,86555976,128,0
6003457030,smqhm_4_128,87673513,128,0
5647063462,smqhm_4_128,86502938,128,0
5090849778,smqhm_4_128,84986193,128,0
6968421322,smqhm_4_256,88241755,128,0
7224804602,smqhm_4_256,89348592,128,0
7075356186,smqhm_4_256,86400912,128,0
7130414234,smqhm_4_256,88195605,128,0
6848697184,smqhm_4_256,87665747,128,0
8938372480,smqhm_4_512,94445010,128,0
8326389240,smqhm_4_512,91681649,128,0
9450884416,smqhm_4_512,93668605,128,0
9017289996,smqhm_4_512,95590702,128,0
8702022556,smqhm_4_512,96056973,128,0
17803449130,smqhm_4_1024,108894395,128,0
16491939730,smqhm_4_1024,108824650,128,0
19105438916,smqhm_4_1024,117000031,128,0
15257306136,smqhm_4_1024,103865762,128,0
20391416784,smqhm_4_1024,117171459,128,0
6241922034,smqhm_8_1,121913162,128,0
7095647586,smqhm_8_1,122071397,128,0
6466283240,smqhm_8_1,114427305,128,0
6506473516,smqhm_8_1,116548243,128,0
6996847790,smqhm_8_1,123658018,128,0
3466489090,smqhm_8_2,88587259,128,0
3289112726,smqhm_8_2,86120966,128,0
3245320176,smqhm_8_2,84843033,128,0
5149782266,smqhm_8_2,96620066,128,0
5407659544,smqhm_8_2,94269797,128,0
3653999292,smqhm_8_4,80929198,128,0
4094565986,smqhm_8_4,82277280,128,0
4130823948,smqhm_8_4,80317241,128,0
3927951152,smqhm_8_4,79399249,128,0
3685051622,smqhm_8_4,80948516,128,0
3287413428,smqhm_8_8,79879199,128,0
3301371752,smqhm_8_8,77984335,128,0
3670241674,smqhm_8_8,79381811,128,0
3342835622,smqhm_8_8,79659169,128,0
3419240028,smqhm_8_8,82966287,128,0
3259728130,smqhm_8_16,81355827,128,0
3318945578,smqhm_8_16,81313295,128,0
3076335472,smqhm_8_16,79047762,128,0
3655946686,smqhm_8_16,80942124,128,0
3280242748,smqhm_8_16,80182157,128,0
3139461754,smqhm_8_32,79192316,128,0
3133549706,smqhm_8_32,80865067,128,0
3254208124,smqhm_8_32,81885340,128,0
3363449316,smqhm_8_32,80682216,128,0
3595068394,smqhm_8_32,82827424,128,0
3866739248,smqhm_8_64,84004679,128,0
4023211438,smqhm_8_64,83248036,128,0
4109945574,smqhm_8_64,82526730,128,0
3997782368,smqhm_8_64,83171514,128,0
3738009856,smqhm_8_64,80874210,128,0
5383991922,smqhm_8_128,84452230,128,0
5184685088,smqhm_8_128,82384220,128,0
5313791668,smqhm_8_128,83266601,128,0
5739712582,smqhm_8_128,86753746,128,0
5735415194,smqhm_8_128,85041519,128,0
9518381776,smqhm_8_256,86395146,128,0
9779003604,smqhm_8_256,87835383,128,0
11205575662,smqhm_8_256,92018949,128,0
9825799546,smqhm_8_256,88600429,128,0
12025075132,smqhm_8_256,102809752,128,0
22784794542,smqhm_8_512,110405478,128,0
21302704626,smqhm_8_512,96383695,128,0
24410139626,smqhm_8_512,108471200,128,0
21500460212,smqhm_8_512,102284970,128,0
21568616882,smqhm_8_512,101954459,128,0
66588420796,smqhm_8_1024,132639581,128,0
56651206960,smqhm_8_1024,117081126,128,0
52898804956,smqhm_8_1024,113877866,128,0
55023872654,smqhm_8_1024,119209647,128,0
56796698480,smqhm_8_1024,118210324,128,0
10280778292,smqhm_16_1,155528171,128,0
8505242680,smqhm_16_1,149825624,128,0
12161356142,smqhm_16_1,156853171,128,0
10544531652,smqhm_16_1,161150587,128,0
9045745994,smqhm_16_1,149641207,128,0
5080375780,smqhm_16_2,114334673,128,0
4157617166,smqhm_16_2,106643564,128,0
6273795320,smqhm_16_2,117651920,128,0
4291546978,smqhm_16_2,113571348,128,0
5167852474,smqhm_16_2,113576975,128,0
3806400494,smqhm_16_4,89794272,128,0
3253949176,smqhm_16_4,87261353,128,0
3172700500,smqhm_16_4,83305020,128,0
3162723502,smqhm_16_4,85738140,128,0
3298433542,smqhm_16_4,85877758,128,0
4313236868,smqhm_16_8,85530442,128,0
3395135364,smqhm_16_8,81546576,128,0
3180358038,smqhm_16_8,79069472,128,0
3141069196,smqhm_16_8,78919872,128,0
3320256922,smqhm_16_8,84505614,128,0
3156694264,smqhm_16_16,80623536,128,0
3177020564,smqhm_16_16,78884874,128,0
3131009076,smqhm_16_16,79174236,128,0
3154306912,smqhm_16_16,79364111,128,0
3122830706,smqhm_16_16,79816401,128,0
3521773706,smqhm_16_32,87157729,128,0
3285997314,smqhm_16_32,80353378,128,0
3305983814,smqhm_16_32,80539982,128,0
3207814124,smqhm_16_32,80626249,128,0
3357862084,smqhm_16_32,80074691,128,0
4026602200,smqhm_16_64,81187798,128,0
3990525744,smqhm_16_64,81684854,128,0
4021252946,smqhm_16_64,82703536,128,0
3874725042,smqhm_16_64,81628037,128,0
4180584140,smqhm_16_64,83206626,128,0
6644199854,smqhm_16_128,87893586,128,0
6688650182,smqhm_16_128,88642308,128,0
6575078086,smqhm_16_128,88683662,128,0
6481408344,smqhm_16_128,88090289,128,0
6348404274,smqhm_16_128,85870455,128,0
15390503836,smqhm_16_256,98317318,128,0
15078618172,smqhm_16_256,98182533,128,0
13981993482,smqhm_16_256,91264047,128,0
13733236188,smqhm_16_256,90437919,128,0
14771544222,smqhm_16_256,95221288,128,0
37420443742,smqhm_16_512,101304104,128,0
44551306878,smqhm_16_512,109571834,128,0
39519994938,smqhm_16_512,100891307,128,0
37344897352,smqhm_16_512,100262389,128,0
40530978062,smqhm_16_512,107243406,128,0
92975080500,smqhm_16_1024,113282272,128,0
80296296142,smqhm_16_1024,102626502,128,0
85493926750,smqhm_16_1024,103165497,128,0
89086677624,smqhm_16_1024,111151834,128,0
82312946774,smqhm_16_1024,103717979,128,0
14401759264,smqhm_32_1,207421454,128,0
13313816024,smqhm_32_1,204432871,128,0
12625306700,smqhm_32_1,194699031,128,0
15367898140,smqhm_32_1,197882013,128,0
10925912968,smqhm_32_1,193826045,128,0
7025727948,smqhm_32_2,153861396,128,0
5542898778,smqhm_32_2,142726464,128,0
5834414024,smqhm_32_2,134061170,128,0
6553552100,smqhm_32_2,154389672,128,0
6313235672,smqhm_32_2,148617465,128,0
4426311194,smqhm_32_4,120139414,128,0
4949384486,smqhm_32_4,111813777,128,0
4575121920,smqhm_32_4,109510832,128,0
5094293578,smqhm_32_4,116086206,128,0
4112798652,smqhm_32_4,110307571,128,0
4972796952,smqhm_32_8,92977495,128,0
3030072794,smqhm_32_8,87201204,128,0
2988801238,smqhm_32_8,85986251,128,0
3263858854,smqhm_32_8,88013069,128,0
3091378654,smqhm_32_8,85497947,128,0
3010558110,smqhm_32_16,79120970,128,0
3083682792,smqhm_32_16,80801311,128,0
3044618070,smqhm_32_16,80859484,128,0
3039825756,smqhm_32_16,79931949,128,0
3371265760,smqhm_32_16,79907395,128,0
3243692580,smqhm_32_32,79916427,128,0
3254427224,smqhm_32_32,79812501,128,0
3236160542,smqhm_32_32,79837913,128,0
3315162708,smqhm_32_32,80442660,128,0
3640292198,smqhm_32_32,84470421,128,0
3955680458,smqhm_32_64,82198950,128,0
3781480900,smqhm_32_64,80102782,128,0
4028603268,smqhm_32_64,81185549,128,0
4043687322,smqhm_32_64,80966096,128,0
3904028462,smqhm_32_64,80860473,128,0
6275641366,smqhm_32_128,82864280,128,0
6383702208,smqhm_32_128,86559152,128,0
7281844826,smqhm_32_128,90402955,128,0
6399982622,smqhm_32_128,85516584,128,0
6116184856,smqhm_32_128,84445734,128,0
20156953582,smqhm_32_256,108352508,128,0
16833200604,smqhm_32_256,95874368,128,0
17315108758,smqhm_32_256,98714917,128,0
15219889098,smqhm_32_256,90499529,128,0
16306079246,smqhm_32_256,95721456,128,0
46824952706,smqhm_32_512,110655666,128,0
43493445352,smqhm_32_512,104318275,128,0
41845360978,smqhm_32_512,98124692,128,0
43978040852,smqhm_32_512,102909493,128,0
42157042016,smqhm_32_512,101163289,128,0
94935308998,smqhm_32_1024,99308915,128,0
95944250048,smqhm_32_1024,97161091,128,0
94292911124,smqhm_32_1024,99570274,128,0
96819871556,smqhm_32_1024,96020652,128,0
90902968626,smqhm_32_1024,95861050,128,0
13066833274,smqhm_64_1,233640218,128,0
17524303952,smqhm_64_1,241156923,128,0
16330174572,smqhm_64_1,231159784,128,0
13585210466,smqhm_64_1,214801974,128,0
16798022150,smqhm_64_1,238240090,128,0
10374114954,smqhm_64_2,188531729,128,0
9514986686,smqhm_64_2,177856017,128,0
10333998028,smqhm_64_2,213452930,128,0
8706348370,smqhm_64_2,187860327,128,0
9334453262,smqhm_64_2,199604052,128,0
6101302544,smqhm_64_4,158043826,128,0
6554051668,smqhm_64_4,156856213,128,0
7292882856,smqhm_64_4,160938633,128,0
5230997228,smqhm_64_4,143780150,128,0
6124289580,smqhm_64_4,149761836,128,0
3450704192,smqhm_64_8,103619549,128,0
4215255046,smqhm_64_8,113561006,128,0
3892260160,smqhm_64_8,112650313,128,0
4397594218,smqhm_64_8,116031381,128,0
3642536048,smqhm_64_8,107733412,128,0
3426329592,smqhm_64_16,92212514,128,0
2958300470,smqhm_64_16,86707044,128,0
2993959390,smqhm_64_16,85201568,128,0
3101036674,smqhm_64_16,87035317,128,0
2892065832,smqhm_64_16,83183677,128,0
3179664116,smqhm_64_32,79766478,128,0
3094747304,smqhm_64_32,79599046,128,0
3147213678,smqhm_64_32,80714499,128,0
3259073900,smqhm_64_32,81781875,128,0
3101048358,smqhm_64_32,80371523,128,0
3826653598,smqhm_64_64,82556830,128,0
3964308802,smqhm_64_64,82550042,128,0
5461627510,smqhm_64_64,102822750,128,0
4086955420,smqhm_64_64,82630468,128,0
3814172240,smqhm_64_64,80684717,128,0
6647035796,smqhm_64_128,86919416,128,0
5896946322,smqhm_64_128,82078408,128,0
6044701282,smqhm_64_128,82172223,128,0
6381758586,smqhm_64_128,84975468,128,0
6608499212,smqhm_64_128,86896170,128,0
14822440804,smqhm_64_256,91238286,128,0
15179299256,smqhm_64_256,89975540,128,0
14237348100,smqhm_64_256,87012023,128,0
14586128298,smqhm_64_256,88125044,128,0
14332746106,smqhm_64_256,88070192,128,0
42202497774,smqhm_64_512,98190920,128,0
43740047350,smqhm_64_512,98041268,128,0
42615241274,smqhm_64_512,98808912,128,0
39318185616,smqhm_64_512,94783729,128,0
39817926856,smqhm_64_512,94478523,128,0
112997799322,smqhm_64_1024,107209516,128,0
109770988638,smqhm_64_1024,106279282,128,0
107350934892,smqhm_64_1024,104984300,128,0
106453617918,smqhm_64_1024,105611546,128,0
108316881068,smqhm_64_1024,108586769,128,0
18661381744,smqhm_128_1,260753096,128,0
19705965984,smqhm_128_1,280580591,128,0
18318571294,smqhm_128_1,276309670,128,0
15367189450,smqhm_128_1,260892433,128,0
15770439210,smqhm_128_1,268385419,128,0
10977701388,smqhm_128_2,242210021,128,0
9621706742,smqhm_128_2,221510205,128,0
8203741840,smqhm_128_2,203594355,128,0
11604853740,smqhm_128_2,258968325,128,0
10734348614,smqhm_128_2,231042135,128,0
6862663214,smqhm_128_4,197447763,128,0
6637391370,smqhm_128_4,175505886,128,0
7158176118,smqhm_128_4,188145983,128,0
7389996598,smqhm_128_4,186029208,128,0
7345870922,smqhm_128_4,189417722,128,0
5173700072,smqhm_128_8,151766890,128,0
5270106738,smqhm_128_8,155274994,128,0
5068975856,smqhm_128_8,147165459,128,0
5162977612,smqhm_128_8,146755010,128,0
5189446028,smqhm_128_8,148259918,128,0
3899183156,smqhm_128_16,113907259,128,0
3645800056,smqhm_128_16,110917407,128,0
4012513084,smqhm_128_16,118588920,128,0
3597523756,smqhm_128_16,107053074,128,0
3755350596,smqhm_128_16,113546035,128,0
3465409700,smqhm_128_32,94876551,128,0
3189755080,smqhm_128_32,87973349,128,0
3872903596,smqhm_128_32,97507905,128,0
3188078244,smqhm_128_32,87579825,128,0
3213864118,smqhm_128_32,88220317,128,0
3670114494,smqhm_128_64,81569686,128,0
3733275328,smqhm_128_64,82047737,128,0
3695129756,smqhm_128_64,82044154,128,0
3813031648,smqhm_128_64,83562000,128,0
3680037624,smqhm_128_64,81781054,128,0
5678648690,smqhm_128_128,83365517,128,0
5984026832,smqhm_128_128,84061921,128,0
5827848562,smqhm_128_128,84240147,128,0
6154564448,smqhm_128_128,85229137,128,0
5748653662,smqhm_128_128,83308850,128,0
14463700924,smqhm_128_256,89889806,128,0
13782039700,smqhm_128_256,87750315,128,0
14964498466,smqhm_128_256,92480540,128,0
13941785046,smqhm_128_256,88820224,128,0
14406243866,smqhm_128_256,90778150,128,0
42296549984,smqhm_128_512,97740736,128,0
41977684708,smqhm_128_512,97123401,128,0
43788141342,smqhm_128_512,103489529,128,0
43012220218,smqhm_128_512,100167100,128,0
42418059188,smqhm_128_512,99519192,128,0
124267884334,smqhm_128_1024,118220458,128,0
118961344546,smqhm_128_1024,119384085,128,0
115116754920,smqhm_128_1024,113354161,128,0
121988290372,smqhm_128_1024,116272660,128,0
119569246954,smqhm_128_1024,114036560,128,0
18997667234,smqhm_256_1,290079060,128,0
20627190196,smqhm_256_1,305022757,128,0
20174219950,smqhm_256_1,328650256,128,0
21628017932,smqhm_256_1,314140041,128,0
18704501392,smqhm_256_1,310776314,128,0
12630110448,smqhm_256_2,260264259,128,0
11246045452,smqhm_256_2,243760179,128,0
10358149304,smqhm_256_2,225261169,128,0
12726343578,smqhm_256_2,257790943,128,0
13032365150,smqhm_256_2,247421692,128,0
10165828590,smqhm_256_4,236206945,128,0
9398717272,smqhm_256_4,236698487,128,0
9075240824,smqhm_256_4,204256368,128,0
9892374676,smqhm_256_4,222712188,128,0
8099917770,smqhm_256_4,212835211,128,0
6085492434,smqhm_256_8,181471622,128,0
5596707070,smqhm_256_8,173920062,128,0
6209226448,smqhm_256_8,178340016,128,0
7199970214,smqhm_256_8,201939810,128,0
6325675958,smqhm_256_8,182121281,128,0
5216428988,smqhm_256_16,153237003,128,0
4644335826,smqhm_256_16,141987772,128,0
5436089210,smqhm_256_16,161069200,128,0
5035861422,smqhm_256_16,152340781,128,0
5031291230,smqhm_256_16,148781068,128,0
4088894292,smqhm_256_32,113451304,128,0
4088853178,smqhm_256_32,114797904,128,0
4118781714,smqhm_256_32,113641026,128,0
4540416896,smqhm_256_32,122199976,128,0
4454629790,smqhm_256_32,122001114,128,0
4597872344,smqhm_256_64,101931278,128,0
4281192584,smqhm_256_64,99287867,128,0
4295824318,smqhm_256_64,98361575,128,0
4006758550,smqhm_256_64,94727671,128,0
4264422264,smqhm_256_64,97430794,128,0
6310336252,smqhm_256_128,93705073,128,0
6899493170,smqhm_256_128,99778073,128,0
6114036886,smqhm_256_128,92373311,128,0
6157041554,smqhm_256_128,92402742,128,0
6939058650,smqhm_256_128,99045042,128,0
14025850830,smqhm_256_256,92230938,128,0
15264153578,smqhm_256_256,98108089,128,0
15757650208,smqhm_256_256,99913929,128,0
15609115858,smqhm_256_256,96918280,128,0
16085357346,smqhm_256_256,101608064,128,0
41725703952,smqhm_256_512,103065201,128,0
42684117178,smqhm_256_512,101974405,128,0
50227869380,smqhm_256_512,117037131,128,0
48500538776,smqhm_256_512,116861109,128,0
45892029740,smqhm_256_512,112007800,128,0
123846937468,smqhm_256_1024,127511232,128,0
125050885394,smqhm_256_1024,126211483,128,0
125742127438,smqhm_256_1024,124229816,128,0
123786081218,smqhm_256_1024,122116892,128,0
121864892378,smqhm_256_1024,122660621,128,0
21867080916,smqhm_512_1,350919751,128,0
19514230032,smqhm_512_1,304382834,128,0
20132772316,smqhm_512_1,322669868,128,0
25674527356,smqhm_512_1,343744730,128,0
20911580004,smqhm_512_1,316563871,128,0
12988784826,smqhm_512_2,296388708,128,0
14880734880,smqhm_512_2,303207242,128,0
15201550000,smqhm_512_2,297315675,128,0
10868197846,smqhm_512_2,286222984,128,0
12456664164,smqhm_512_2,281931038,128,0
9487822960,smqhm_512_4,244998968,128,0
11535023784,smqhm_512_4,264602546,128,0
11502635060,smqhm_512_4,281539159,128,0
9318768770,smqhm_512_4,229217476,128,0
11031031950,smqhm_512_4,261405925,128,0
8423991906,smqhm_512_8,217510127,128,0
7633272296,smqhm_512_8,223244698,128,0
7824975082,smqhm_512_8,217995744,128,0
7866712698,smqhm_512_8,224321220,128,0
7386149340,smqhm_512_8,224729916,128,0
5997240380,smqhm_512_16,178379188,128,0
5834374124,smqhm_512_16,171388973,128,0
7030903496,smqhm_512_16,201117503,128,0
6622366920,smqhm_512_16,196858037,128,0
6604080218,smqhm_512_16,193912292,128,0
5527860078,smqhm_512_32,147522248,128,0
5482327360,smqhm_512_32,146704168,128,0
6249220010,smqhm_512_32,162627515,128,0
6082207268,smqhm_512_32,161172975,128,0
5261952036,smqhm_512_32,143823577,128,0
5756844420,smqhm_512_64,121200310,128,0
6119123022,smqhm_512_64,128727283,128,0
6227534668,smqhm_512_64,126611844,128,0
6081060014,smqhm_512_64,128746251,128,0
5757614612,smqhm_512_64,123167393,128,0
9507050082,smqhm_512_128,123053487,128,0
8058948926,smqhm_512_128,112681074,128,0
9718774524,smqhm_512_128,127045033,128,0
8955132148,smqhm_512_128,120408879,128,0
8136611738,smqhm_512_128,113025185,128,0
18077236146,smqhm_512_256,112164539,128,0
16472813538,smqhm_512_256,104911454,128,0
20306257096,smqhm_512_256,122303837,128,0
21570229536,smqhm_512_256,125493031,128,0
17968493766,smqhm_512_256,112945567,128,0
48759699942,smqhm_512_512,118802937,128,0
46349872406,smqhm_512_512,119546714,128,0
43615233802,smqhm_512_512,110854363,128,0
47443790308,smqhm_512_512,120629290,128,0
54392200424,smqhm_512_512,132133111,128,0
138275204202,smqhm_512_1024,139811494,128,0
135462813104,smqhm_512_1024,136520401,128,0
125867341316,smqhm_512_1024,128416469,128,0
127192385824,smqhm_512_1024,133022704,128,0
136764224398,smqhm_512_1024,133442832,128,0
18624898416,smqhm_1024_1,317628055,128,0
24566392744,smqhm_1024_1,363137829,128,0
24903742398,smqhm_1024_1,332064808,128,0
24018404390,smqhm_1024_1,334628189,128,0
20627160514,smqhm_1024_1,340020944,128,0
15320000270,smqhm_1024_2,316051773,128,0
11926688760,smqhm_1024_2,286906166,128,0
17475418110,smqhm_1024_2,293459562,128,0
15609249126,smqhm_1024_2,293964639,128,0
14465522128,smqhm_1024_2,302692543,128,0
13816517858,smqhm_1024_4,291947925,128,0
12325042336,smqhm_1024_4,306816103,128,0
14616522606,smqhm_1024_4,317001783,128,0
14430783436,smqhm_1024_4,302178643,128,0
13835365918,smqhm_1024_4,308845601,128,0
9126836968,smqhm_1024_8,257539461,128,0
7674757572,smqhm_1024_8,233407974,128,0
8424271108,smqhm_1024_8,247078673,128,0
9508715868,smqhm_1024_8,270445530,128,0
8585148514,smqhm_1024_8,252256480,128,0
7439450414,smqhm_1024_16,221241377,128,0
7169569662,smqhm_1024_16,218959709,128,0
7039163584,smqhm_1024_16,214287134,128,0
7697532386,smqhm_1024_16,222172531,128,0
7577621248,smqhm_1024_16,227154096,128,0
6251447132,smqhm_1024_32,168897372,128,0
8295272872,smqhm_1024_32,208418205,128,0
7154808896,smqhm_1024_32,183777102,128,0
7529703016,smqhm_1024_32,194463210,128,0
7199082394,smqhm_1024_32,187355668,128,0
8140234650,smqhm_1024_64,159656995,128,0
7462682092,smqhm_1024_64,149608715,128,0
8354696868,smqhm_1024_64,160494592,128,0
8734007890,smqhm_1024_64,165067249,128,0
7675292358,smqhm_1024_64,148869291,128,0
12570776816,smqhm_1024_128,151610919,128,0
12669251760,smqhm_1024_128,155432386,128,0
13833970766,smqhm_1024_128,162294725,128,0
11124712202,smqhm_1024_128,139360412,128,0
12995573720,smqhm_1024_128,154687123,128,0
25108901986,smqhm_1024_256,142464411,128,0
23604269984,smqhm_1024_256,134745969,128,0
21783283140,smqhm_1024_256,130342384,128,0
22781755876,smqhm_1024_256,135690794,128,0
26886319256,smqhm_1024_256,156947152,128,0
59971524048,smqhm_1024_512,141824640,128,0
53189647876,smqhm_1024_512,131989251,128,0
57284322582,smqhm_1024_512,139370081,128,0
54935570538,smqhm_1024_512,136897322,128,0
52783599182,smqhm_1024_512,131742139,128,0
140819080716,smqhm_1024_1024,146505934,128,0
149676224234,smqhm_1024_1024,150780742,128,0
144787028886,smqhm_1024_1024,148262600,128,0
146874432912,smqhm_1024_1024,150644337,128,0
137466401830,smqhm_1024_1024,137437688,128,0
