213951848,smqhm_1_1,8098513,128,14
218272484,smqhm_1_1,8164784,128,14
210643070,smqhm_1_1,8138956,128,14
213407052,smqhm_1_1,8144580,128,14
213173914,smqhm_1_1,8080185,128,14
201741152,smqhm_1_2,8685578,128,14
205001610,smqhm_1_2,8816613,128,14
207798340,smqhm_1_2,8700582,128,14
203783720,smqhm_1_2,8770591,128,14
206329706,smqhm_1_2,8743262,128,14
328379970,smqhm_1_4,10018358,128,14
332081694,smqhm_1_4,10014295,128,14
331597466,smqhm_1_4,10047992,128,14
333653942,smqhm_1_4,10081965,128,14
335440160,smqhm_1_4,10003712,128,14
247873930,smqhm_1_8,11898907,128,14
251779582,smqhm_1_8,11989080,128,14
252108908,smqhm_1_8,11986518,128,14
253212860,smqhm_1_8,12002180,128,14
259503614,smqhm_1_8,12132747,128,14
312275528,smqhm_1_16,15444517,128,14
324579182,smqhm_1_16,15702427,128,14
328349860,smqhm_1_16,15748270,128,14
315675114,smqhm_1_16,15611598,128,14
315033180,smqhm_1_16,15583417,128,14
415543328,smqhm_1_32,19283307,128,14
395859582,smqhm_1_32,19295040,128,14
435776470,smqhm_1_32,19584157,128,14
434022716,smqhm_1_32,19852939,128,14
437181598,smqhm_1_32,19717673,128,14
716487124,smqhm_1_64,22576938,128,14
636324912,smqhm_1_64,22811753,128,14
609737790,smqhm_1_64,22250333,128,14
550852144,smqhm_1_64,21964476,128,14
731828250,smqhm_1_64,22395310,128,14
806847930,smqhm_1_128,24197856,128,14
851728168,smqhm_1_128,24097863,128,14
789782150,smqhm_1_128,23472234,128,14
762386802,smqhm_1_128,23385388,128,14
780467818,smqhm_1_128,23968036,128,14
1236372510,smqhm_1_256,27195028,128,14
1125468578,smqhm_1_256,26915037,128,14
1438213740,smqhm_1_256,29114382,128,14
1254616854,smqhm_1_256,27345635,128,14
1177728642,smqhm_1_256,25986099,128,14
2037674204,smqhm_1_512,35339084,128,14
1965996910,smqhm_1_512,34658299,128,14
2181824744,smqhm_1_512,35437678,128,14
1902579486,smqhm_1_512,34561663,128,14
2008173742,smqhm_1_512,33745831,128,14
3570858994,smqhm_1_1024,54280881,128,14
3620777150,smqhm_1_1024,55834848,128,14
3516687500,smqhm_1_1024,53584836,128,14
3599038228,smqhm_1_1024,54847528,128,14
3439854772,smqhm_1_1024,51292043,128,14
167116094,smqhm_2_1,8991457,128,14
164570082,smqhm_2_1,8881036,128,14
166107042,smqhm_2_1,8910976,128,14
164863654,smqhm_2_1,8848419,128,14
165740310,smqhm_2_1,8885274,128,14
169611716,smqhm_2_2,9370546,128,14
172077082,smqhm_2_2,9369145,128,14
168555014,smqhm_2_2,9273108,128,14
169165986,smqhm_2_2,9346281,128,14
169950764,smqhm_2_2,9377765,128,14
264772114,smqhm_2_4,10370993,128,14
261355004,smqhm_2_4,10345946,128,14
262729952,smqhm_2_4,10563392,128,14
266060770,smqhm_2_4,10502968,128,14
259465520,smqhm_2_4,10371322,128,14
219841274,smqhm_2_8,11935228,128,14
216221914,smqhm_2_8,11772726,128,14
216076652,smqhm_2_8,11854823,128,14
221744774,smqhm_2_8,11905140,128,14
218603292,smqhm_2_8,11918292,128,14
266464108,smqhm_2_16,14487938,128,14
268963184,smqhm_2_16,14498360,128,14
266158438,smqhm_2_16,14538353,128,14
259171228,smqhm_2_16,14378706,128,14
261642814,smqhm_2_16,14372523,128,14
345484322,smqhm_2_32,17303582,128,14
349242436,smqhm_2_32,17376456,128,14
358703456,smqhm_2_32,17788388,128,14
348849282,smqhm_2_32,17284327,128,14
355688102,smqhm_2_32,17613463,128,14
478223904,smqhm_2_64,18785307,128,14
486997344,smqhm_2_64,18825437,128,14
501260556,smqhm_2_64,18962813,128,14
512789692,smqhm_2_64,19008793,128,14
480164358,smqhm_2_64,18778966,128,14
672271486,smqhm_2_128,19749110,128,14
584821584,smqhm_2_128,19836328,128,14
612024440,smqhm_2_128,19650338,128,14
557138030,smqhm_2_128,19226952,128,14
634548010,smqhm_2_128,19259425,128,14
1026414006,smqhm_2_256,24239751,128,14
1057889718,smqhm_2_256,24262294,128,14
1115648014,smqhm_2_256,24352458,128,14
1256526406,smqhm_2_256,25097230,128,14
1210714392,smqhm_2_256,24697866,128,14
1693298846,smqhm_2_512,29905094,128,14
1713023964,smqhm_2_512,29892027,128,14
1739163330,smqhm_2_512,31610233,128,14
1656029624,smqhm_2_512,30966807,128,14
1763583718,smqhm_2_512,30983147,128,14
3007114838,smqhm_2_1024,43683781,128,14
2894764668,smqhm_2_1024,42906256,128,14
2975518282,smqhm_2_1024,42657971,128,14
2912869736,smqhm_2_1024,43028650,128,14
2943580326,smqhm_2_1024,44848980,128,14
146977404,smqhm_4_1,10215872,128,14
147940754,smqhm_4_1,10265483,128,14
147227154,smqhm_4_1,10220895,128,14
146176386,smqhm_4_1,10138917,128,14
146057412,smqhm_4_1,10156801,128,14
152094076,smqhm_4_2,10296126,128,14
152557252,smqhm_4_2,10369728,128,14
153810644,smqhm_4_2,10431949,128,14
154035804,smqhm_4_2,10485000,128,14
153888684,smqhm_4_2,10455393,128,14
226517554,smqhm_4_4,11296205,128,14
230344676,smqhm_4_4,11372790,128,14
221502672,smqhm_4_4,11207835,128,14
220094528,smqhm_4_4,11292605,128,14
222579244,smqhm_4_4,11246097,128,14
203136732,smqhm_4_8,12715272,128,14
202728802,smqhm_4_8,12747418,128,14
203682382,smqhm_4_8,12697422,128,14
201921070,smqhm_4_8,12771241,128,14
200043414,smqhm_4_8,12644195,128,14
240495648,smqhm_4_16,14958261,128,14
242798502,smqhm_4_16,15022897,128,14
239756946,smqhm_4_16,15009907,128,14
241260798,smqhm_4_16,14915420,128,14
240626994,smqhm_4_16,15037984,128,14
310370694,smqhm_4_32,17385864,128,14
322591064,smqhm_4_32,18005513,128,14
318539810,smqhm_4_32,17896519,128,14
318130032,smqhm_4_32,17621486,128,14
324594306,smqhm_4_32,18026192,128,14
461872404,smqhm_4_64,19407132,128,14
420252450,smqhm_4_64,19662451,128,14
469768482,smqhm_4_64,19646884,128,14
396237040,smqhm_4_64,19093607,128,14
435150872,smqhm_4_64,19453288,128,14
561488482,smqhm_4_128,21946719,128,14
537264772,smqhm_4_128,20992936,128,14
524998580,smqhm_4_128,20928544,128,14
532416514,smqhm_4_128,21358168,128,14
530515552,smqhm_4_128,20451692,128,14
951371260,smqhm_4_256,25912880,128,14
855460544,smqhm_4_256,24187580,128,14
907227948,smqhm_4_256,24998246,128,14
922902410,smqhm_4_256,24643972,128,14
774119138,smqhm_4_256,23943689,128,14
1345896700,smqhm_4_512,28399290,128,14
1369878072,smqhm_4_512,28140993,128,14
1314777300,smqhm_4_512,27394156,128,14
1363015098,smqhm_4_512,27852098,128,14
1348379732,smqhm_4_512,28180723,128,14
2871160694,smqhm_4_1024,37280566,128,14
2936285740,smqhm_4_1024,37500986,128,14
2753957350,smqhm_4_1024,35597354,128,14
3029540258,smqhm_4_1024,37781695,128,14
3253299836,smqhm_4_1024,40811308,128,14
148288976,smqhm_8_1,12376988,128,14
146906962,smqhm_8_1,12298008,128,14
147964478,smqhm_8_1,12383490,128,14
147680578,smqhm_8_1,12371497,128,14
150323852,smqhm_8_1,12613705,128,14
148583634,smqhm_8_2,11655045,128,14
148878250,smqhm_8_2,11656977,128,14
150686008,smqhm_8_2,11594859,128,14
153438744,smqhm_8_2,11912529,128,14
150143552,smqhm_8_2,11631897,128,14
209298176,smqhm_8_4,12556265,128,14
198585646,smqhm_8_4,12374920,128,14
200223512,smqhm_8_4,12531615,128,14
201503934,smqhm_8_4,12441888,128,14
206237188,smqhm_8_4,12507918,128,14
199816752,smqhm_8_8,14151873,128,14
201124588,smqhm_8_8,14192639,128,14
199019802,smqhm_8_8,14124905,128,14
202460932,smqhm_8_8,14151740,128,14
198641596,smqhm_8_8,14072870,128,14
245519154,smqhm_8_16,16753915,128,14
241640468,smqhm_8_16,16607800,128,14
241747072,smqhm_8_16,16622226,128,14
244763856,smqhm_8_16,16606855,128,14
243597698,smqhm_8_16,16593554,128,14
343367146,smqhm_8_32,20455892,128,14
348133642,smqhm_8_32,20635088,128,14
347368278,smqhm_8_32,20633574,128,14
340906594,smqhm_8_32,20170707,128,14
337540132,smqhm_8_32,20019739,128,14
473882878,smqhm_8_64,23906740,128,14
485436200,smqhm_8_64,23986672,128,14
475710656,smqhm_8_64,23698299,128,14
462128102,smqhm_8_64,23253907,128,14
475585562,smqhm_8_64,23547986,128,14
629306422,smqhm_8_128,26000832,128,14
562277616,smqhm_8_128,24810683,128,14
573988196,smqhm_8_128,25313740,128,14
562256318,smqhm_8_128,24759354,128,14
597796950,smqhm_8_128,26070675,128,14
993078572,smqhm_8_256,29225239,128,14
954582148,smqhm_8_256,29007502,128,14
912937912,smqhm_8_256,28789811,128,14
989958732,smqhm_8_256,30361647,128,14
879225372,smqhm_8_256,28441049,128,14
1727748682,smqhm_8_512,34653749,128,14
1733849996,smqhm_8_512,34882097,128,14
1713606164,smqhm_8_512,34305952,128,14
1860593114,smqhm_8_512,36495491,128,14
1877586036,smqhm_8_512,36522366,128,14
4883748908,smqhm_8_1024,46583761,128,14
4979380334,smqhm_8_1024,47504287,128,14
4169532252,smqhm_8_1024,42722831,128,14
5029692494,smqhm_8_1024,48013560,128,14
4626919076,smqhm_8_1024,45211766,128,14
162503964,smqhm_16_1,15791768,128,14
163682098,smqhm_16_1,16033026,128,14
160897890,smqhm_16_1,15622677,128,14
159910986,smqhm_16_1,15481441,128,14
160341298,smqhm_16_1,15544745,128,14
157174826,smqhm_16_2,13941346,128,14
161243016,smqhm_16_2,14077764,128,14
157804582,smqhm_16_2,13880876,128,14
155229012,smqhm_16_2,13664216,128,14
158520202,smqhm_16_2,13948734,128,14
198520026,smqhm_16_4,14284864,128,14
207427740,smqhm_16_4,14109926,128,14
200007628,smqhm_16_4,14107058,128,14
199595160,smqhm_16_4,13943114,128,14
197176848,smqhm_16_4,14370798,128,14
204686154,smqhm_16_8,15898166,128,14
201839564,smqhm_16_8,15564801,128,14
206591646,smqhm_16_8,15947939,128,14
207204000,smqhm_16_8,15903311,128,14
208096330,smqhm_16_8,16062692,128,14
260626754,smqhm_16_16,18800231,128,14
261710734,smqhm_16_16,19012531,128,14
261290080,smqhm_16_16,18924849,128,14
260831942,smqhm_16_16,18907751,128,14
259785640,smqhm_16_16,18771215,128,14
394504322,smqhm_16_32,23498441,128,14
407919572,smqhm_16_32,24015474,128,14
413684050,smqhm_16_32,24333664,128,14
411189172,smqhm_16_32,24253357,128,14
409523106,smqhm_16_32,24169514,128,14
701141086,smqhm_16_64,31206736,128,14
740913582,smqhm_16_64,32609167,128,14
728761698,smqhm_16_64,32069264,128,14
724252882,smqhm_16_64,31505312,128,14
746981240,smqhm_16_64,32472622,128,14
1243817346,smqhm_16_128,39284691,128,14
1307339902,smqhm_16_128,39328131,128,14
1199618726,smqhm_16_128,38507321,128,14
1130042456,smqhm_16_128,37271576,128,14
1211300630,smqhm_16_128,38125102,128,14
2134453352,smqhm_16_256,45386922,128,14
1921937890,smqhm_16_256,42853636,128,14
1960376666,smqhm_16_256,43103767,128,14
1883359922,smqhm_16_256,42635902,128,14
1922508708,smqhm_16_256,43672307,128,14
3608314810,smqhm_16_512,52054367,128,14
3564623546,smqhm_16_512,50847136,128,14
3595935768,smqhm_16_512,52145127,128,14
3580237964,smqhm_16_512,50221745,128,14
3926649458,smqhm_16_512,51790513,128,14
7789097356,smqhm_16_1024,60822077,128,14
7737648524,smqhm_16_1024,60497838,128,14
7192401340,smqhm_16_1024,57553694,128,14
7692046168,smqhm_16_1024,59936835,128,14
7878824070,smqhm_16_1024,61009163,128,14
183694974,smqhm_32_1,20632489,128,14
183066168,smqhm_32_1,20532757,128,14
184747270,smqhm_32_1,20798490,128,14
191523638,smqhm_32_1,21617309,128,14
185986530,smqhm_32_1,20855485,128,14
176224970,smqhm_32_2,17278519,128,14
182810488,smqhm_32_2,17785651,128,14
177499206,smqhm_32_2,17431514,128,14
176168434,smqhm_32_2,17349845,128,14
179367510,smqhm_32_2,17455827,128,14
196142826,smqhm_32_4,16380337,128,14
199062030,smqhm_32_4,16418722,128,14
192336190,smqhm_32_4,16529162,128,14
193847610,smqhm_32_4,16545872,128,14
193490078,smqhm_32_4,16376357,128,14
224955278,smqhm_32_8,18410715,128,14
223054772,smqhm_32_8,18126914,128,14
216044044,smqhm_32_8,17685971,128,14
220206794,smqhm_32_8,18002090,128,14
223462654,smqhm_32_8,18310250,128,14
287206744,smqhm_32_16,21123163,128,14
286392476,smqhm_32_16,21184819,128,14
283775218,smqhm_32_16,21009690,128,14
288089088,smqhm_32_16,21162811,128,14
285743464,smqhm_32_16,21116838,128,14
461382482,smqhm_32_32,26640372,128,14
467614784,smqhm_32_32,26969855,128,14
476099580,smqhm_32_32,27352807,128,14
481580246,smqhm_32_32,27809443,128,14
474914756,smqhm_32_32,27332586,128,14
1000468490,smqhm_32_64,38075479,128,14
1042338922,smqhm_32_64,39341740,128,14
983511920,smqhm_32_64,37686165,128,14
1044812340,smqhm_32_64,39115597,128,14
1075519424,smqhm_32_64,38911582,128,14
2160287264,smqhm_32_128,53047500,128,14
2301185880,smqhm_32_128,53763581,128,14
1993372770,smqhm_32_128,51073458,128,14
2124353252,smqhm_32_128,51746853,128,14
2088391654,smqhm_32_128,51774295,128,14
4425530060,smqhm_32_256,63268564,128,14
4186595758,smqhm_32_256,63663863,128,14
4240724718,smqhm_32_256,64811522,128,14
4188679136,smqhm_32_256,64726997,128,14
4072210390,smqhm_32_256,64278447,128,14
6619846826,smqhm_32_512,73120384,128,14
6020602806,smqhm_32_512,67874364,128,14
5561014816,smqhm_32_512,66964804,128,14
6464710540,smqhm_32_512,72748648,128,14
6086731866,smqhm_32_512,68212663,128,14
11360631518,smqhm_32_1024,78415395,128,14
13233691012,smqhm_32_1024,91475460,128,14
12348003402,smqhm_32_1024,85049857,128,14
10604003454,smqhm_32_1024,72152933,128,14
9905860188,smqhm_32_1024,69824997,128,14
224674620,smqhm_64_1,28373955,128,14
219707652,smqhm_64_1,27707937,128,14
222012836,smqhm_64_1,27708001,128,14
219676284,smqhm_64_1,27699759,128,14
218407742,smqhm_64_1,27498775,128,14
211081450,smqhm_64_2,22911754,128,14
211882882,smqhm_64_2,22813217,128,14
209214998,smqhm_64_2,22251227,128,14
214880658,smqhm_64_2,23255883,128,14
214293648,smqhm_64_2,22865119,128,14
235147818,smqhm_64_4,20428649,128,14
246570098,smqhm_64_4,20405551,128,14
222145286,smqhm_64_4,20374552,128,14
239133154,smqhm_64_4,19840592,128,14
216407410,smqhm_64_4,20051142,128,14
241653874,smqhm_64_8,20541730,128,14
248885958,smqhm_64_8,20896586,128,14
244415792,smqhm_64_8,20764906,128,14
281994636,smqhm_64_8,20952649,128,14
243523880,smqhm_64_8,20750873,128,14
321130002,smqhm_64_16,23721447,128,14
319003638,smqhm_64_16,23567420,128,14
327438240,smqhm_64_16,24026851,128,14
321884898,smqhm_64_16,23854071,128,14
324760388,smqhm_64_16,23963662,128,14
544415086,smqhm_64_32,29788439,128,14
542666624,smqhm_64_32,29835800,128,14
548379170,smqhm_64_32,30009420,128,14
544919190,smqhm_64_32,29766881,128,14
545762924,smqhm_64_32,29818568,128,14
1215138140,smqhm_64_64,41487445,128,14
1284412650,smqhm_64_64,43058512,128,14
1256149048,smqhm_64_64,42082252,128,14
1265132932,smqhm_64_64,42518642,128,14
1256555892,smqhm_64_64,42528442,128,14
2840360614,smqhm_64_128,60435902,128,14
2770231264,smqhm_64_128,59525190,128,14
2886191362,smqhm_64_128,61166858,128,14
2831889390,smqhm_64_128,60275276,128,14
2775723460,smqhm_64_128,59287294,128,14
5313648938,smqhm_64_256,72643997,128,14
5370514050,smqhm_64_256,74148695,128,14
5798079962,smqhm_64_256,77885293,128,14
5696899234,smqhm_64_256,76494144,128,14
5973871708,smqhm_64_256,79090891,128,14
8623526056,smqhm_64_512,86557522,128,14
8546015236,smqhm_64_512,92098181,128,14
8667840356,smqhm_64_512,89317697,128,14
8493365580,smqhm_64_512,89185573,128,14
9079266628,smqhm_64_512,92351233,128,14
14380419222,smqhm_64_1024,95486713,128,14
15851504792,smqhm_64_1024,105667160,128,14
13718273930,smqhm_64_1024,93099073,128,14
14333201856,smqhm_64_1024,95144304,128,14
12539378318,smqhm_64_1024,84435652,128,14
274068598,smqhm_128_1,37532977,128,14
255557718,smqhm_128_1,34442918,128,14
257130468,smqhm_128_1,34709780,128,14
252764626,smqhm_128_1,34017716,128,14
277751914,smqhm_128_1,38072454,128,14
263072002,smqhm_128_2,30944656,128,14
257857246,smqhm_128_2,29824312,128,14
264396612,smqhm_128_2,30579784,128,14
259881388,smqhm_128_2,30315754,128,14
273934992,smqhm_128_2,31903364,128,14
269475532,smqhm_128_4,26539748,128,14
295719598,smqhm_128_4,26412286,128,14
272094390,smqhm_128_4,26620044,128,14
296733422,smqhm_128_4,26115803,128,14
308335034,smqhm_128_4,26264033,128,14
289607842,smqhm_128_8,25184167,128,14
287790288,smqhm_128_8,25039654,128,14
296184458,smqhm_128_8,25893373,128,14
294500078,smqhm_128_8,25625389,128,14
299304784,smqhm_128_8,26086641,128,14
407474158,smqhm_128_16,29468958,128,14
378551844,smqhm_128_16,27294311,128,14
378362560,smqhm_128_16,27222466,128,14
373844760,smqhm_128_16,26997667,128,14
384972630,smqhm_128_16,27553317,128,14
633913352,smqhm_128_32,32789328,128,14
632428410,smqhm_128_32,32763618,128,14
595465006,smqhm_128_32,31334304,128,14
629097548,smqhm_128_32,32639047,128,14
635057114,smqhm_128_32,32995046,128,14
1485331982,smqhm_128_64,44328012,128,14
1502542220,smqhm_128_64,45679666,128,14
1530107794,smqhm_128_64,46177818,128,14
1419343398,smqhm_128_64,44387004,128,14
1433442556,smqhm_128_64,44665615,128,14
3114077668,smqhm_128_128,59879092,128,14
2985550928,smqhm_128_128,58982256,128,14
3237553696,smqhm_128_128,63270915,128,14
3105958090,smqhm_128_128,61780168,128,14
3125563092,smqhm_128_128,61734090,128,14
6534117242,smqhm_128_256,86181324,128,14
6400482782,smqhm_128_256,86494441,128,14
7447680786,smqhm_128_256,93113264,128,14
6840530896,smqhm_128_256,91311368,128,14
7361339320,smqhm_128_256,91192296,128,14
9480537800,smqhm_128_512,98956554,128,14
10181757706,smqhm_128_512,100666076,128,14
10704928170,smqhm_128_512,109035450,128,14
8971926920,smqhm_128_512,97069319,128,14
9304971326,smqhm_128_512,95218166,128,14
17704285404,smqhm_128_1024,115259369,128,14
15806900782,smqhm_128_1024,105743606,128,14
18260399432,smqhm_128_1024,118304271,128,14
17508682002,smqhm_128_1024,114667681,128,14
19657440634,smqhm_128_1024,130314543,128,14
296321988,smqhm_256_1,42875826,128,14
307164790,smqhm_256_1,44847355,128,14
301891886,smqhm_256_1,43730427,128,14
318855338,smqhm_256_1,46753150,128,14
311455204,smqhm_256_1,45609454,128,14
310015042,smqhm_256_2,37980207,128,14
309499440,smqhm_256_2,37945509,128,14
317644046,smqhm_256_2,38922408,128,14
324592804,smqhm_256_2,40017390,128,14
325877234,smqhm_256_2,40246219,128,14
337336386,smqhm_256_4,32730984,128,14
385083260,smqhm_256_4,35580658,128,14
369593512,smqhm_256_4,34206648,128,14
338799810,smqhm_256_4,34896750,128,14
394668364,smqhm_256_4,36758469,128,14
355049442,smqhm_256_8,30953701,128,14
379055202,smqhm_256_8,33131582,128,14
359387448,smqhm_256_8,31135470,128,14
367182368,smqhm_256_8,32050189,128,14
364842880,smqhm_256_8,31799613,128,14
485619968,smqhm_256_16,33554846,128,14
467324378,smqhm_256_16,32584262,128,14
463277688,smqhm_256_16,32215193,128,14
452654208,smqhm_256_16,31685027,128,14
480116394,smqhm_256_16,33382866,128,14
713212494,smqhm_256_32,34806638,128,14
761639202,smqhm_256_32,36961799,128,14
728293300,smqhm_256_32,35293669,128,14
741920730,smqhm_256_32,36124895,128,14
753646750,smqhm_256_32,36436790,128,14
1794593840,smqhm_256_64,49266929,128,14
1753538486,smqhm_256_64,47660138,128,14
1715839302,smqhm_256_64,47618804,128,14
1628438578,smqhm_256_64,46293436,128,14
1707115492,smqhm_256_64,47242964,128,14
3632598780,smqhm_256_128,66207655,128,14
3399540120,smqhm_256_128,64866341,128,14
3321963102,smqhm_256_128,62734874,128,14
3750992354,smqhm_256_128,69303254,128,14
3589988814,smqhm_256_128,66278095,128,14
7190239242,smqhm_256_256,88773381,128,14
7956700982,smqhm_256_256,99436120,128,14
7136960962,smqhm_256_256,93973843,128,14
7569616262,smqhm_256_256,93357054,128,14
7363742676,smqhm_256_256,90683772,128,14
11789112538,smqhm_256_512,118112147,128,14
12161286052,smqhm_256_512,117645946,128,14
10725111710,smqhm_256_512,109490623,128,14
10758425140,smqhm_256_512,107175532,128,14
10711320092,smqhm_256_512,105711069,128,14
18754752676,smqhm_256_1024,113868759,128,14
19807863846,smqhm_256_1024,121652018,128,14
19336438710,smqhm_256_1024,125143258,128,14
20036700920,smqhm_256_1024,123053355,128,14
16562326102,smqhm_256_1024,109476879,128,14
424633438,smqhm_512_1,63367230,128,14
356115580,smqhm_512_1,53535786,128,14
413307212,smqhm_512_1,61863784,128,14
338652022,smqhm_512_1,50610368,128,14
417652520,smqhm_512_1,62045017,128,14
363387834,smqhm_512_2,45486176,128,14
384289786,smqhm_512_2,48309038,128,14
365784034,smqhm_512_2,45869841,128,14
383964212,smqhm_512_2,48147837,128,14
356847260,smqhm_512_2,44730975,128,14
460001678,smqhm_512_4,43118026,128,14
428834278,smqhm_512_4,42806299,128,14
429008220,smqhm_512_4,41671639,128,14
433053254,smqhm_512_4,43674236,128,14
417083134,smqhm_512_4,42530056,128,14
440558372,smqhm_512_8,38312305,128,14
447565086,smqhm_512_8,38771675,128,14
446006576,smqhm_512_8,38645857,128,14
464111756,smqhm_512_8,40720739,128,14
435133416,smqhm_512_8,37925724,128,14
582106082,smqhm_512_16,38777778,128,14
591211758,smqhm_512_16,39522645,128,14
559540538,smqhm_512_16,37618276,128,14
596396824,smqhm_512_16,39583133,128,14
576292302,smqhm_512_16,38600648,128,14
862955322,smqhm_512_32,39157536,128,14
890349860,smqhm_512_32,40236812,128,14
921496210,smqhm_512_32,41443737,128,14
925632756,smqhm_512_32,41597234,128,14
940131692,smqhm_512_32,41743256,128,14
2212215842,smqhm_512_64,56935698,128,14
1986599652,smqhm_512_64,50542770,128,14
1987503754,smqhm_512_64,49713539,128,14
2010655482,smqhm_512_64,51598062,128,14
2046138802,smqhm_512_64,51764531,128,14
3793128896,smqhm_512_128,67712635,128,14
3892668848,smqhm_512_128,70421172,128,14
4019187228,smqhm_512_128,68710029,128,14
3710955926,smqhm_512_128,69887751,128,14
3646044540,smqhm_512_128,62470889,128,14
8019656108,smqhm_512_256,96264569,128,14
8494092346,smqhm_512_256,100254911,128,14
8447736534,smqhm_512_256,108285220,128,14
9003198428,smqhm_512_256,115970585,128,14
7814327532,smqhm_512_256,97166539,128,14
12662025958,smqhm_512_512,124449438,128,14
11378883778,smqhm_512_512,109987025,128,14
11154858654,smqhm_512_512,106761513,128,14
12584316574,smqhm_512_512,119854626,128,14
13350892460,smqhm_512_512,131808053,128,14
20159772710,smqhm_512_1024,123827033,128,14
19777244788,smqhm_512_1024,126301983,128,14
17309063118,smqhm_512_1024,106761579,128,14
16266393088,smqhm_512_1024,99767252,128,14
22320890378,smqhm_512_1024,139666057,128,14
407117408,smqhm_1024_1,61323083,128,14
414221902,smqhm_1024_1,63043267,128,14
409662380,smqhm_1024_1,61671530,128,14
483923538,smqhm_1024_1,73275419,128,14
435548070,smqhm_1024_1,65406487,128,14
506578084,smqhm_1024_2,65343868,128,14
417196700,smqhm_1024_2,53017876,128,14
499967582,smqhm_1024_2,64229604,128,14
467654292,smqhm_1024_2,59684391,128,14
442920960,smqhm_1024_2,56331449,128,14
525380884,smqhm_1024_4,54045698,128,14
522129508,smqhm_1024_4,53262802,128,14
642298022,smqhm_1024_4,65868167,128,14
532025232,smqhm_1024_4,48345526,128,14
582308330,smqhm_1024_4,52888210,128,14
562912724,smqhm_1024_8,47534213,128,14
564176966,smqhm_1024_8,47658353,128,14
522672382,smqhm_1024_8,44272200,128,14
547906356,smqhm_1024_8,46067163,128,14
560055410,smqhm_1024_8,47503283,128,14
740754802,smqhm_1024_16,47725778,128,14
733984210,smqhm_1024_16,46217658,128,14
703482064,smqhm_1024_16,45035992,128,14
720631108,smqhm_1024_16,45357140,128,14
736930686,smqhm_1024_16,46851148,128,14
1147673994,smqhm_1024_32,48149616,128,14
1214530430,smqhm_1024_32,50240077,128,14
1069461732,smqhm_1024_32,44955758,128,14
1167921164,smqhm_1024_32,49303701,128,14
1087287980,smqhm_1024_32,45166270,128,14
2688114986,smqhm_1024_64,61389781,128,14
2488059256,smqhm_1024_64,57695020,128,14
2216808212,smqhm_1024_64,52192234,128,14
2562628110,smqhm_1024_64,59500019,128,14
2506112608,smqhm_1024_64,57937672,128,14
4323587908,smqhm_1024_128,67622255,128,14
4973468980,smqhm_1024_128,80483304,128,14
4622009518,smqhm_1024_128,72854295,128,14
4970946602,smqhm_1024_128,73391582,128,14
4998530332,smqhm_1024_128,75786876,128,14
8689606782,smqhm_1024_256,102532046,128,14
9225222178,smqhm_1024_256,107670806,128,14
9085216308,smqhm_1024_256,107795291,128,14
8712598462,smqhm_1024_256,93503323,128,14
9516590740,smqhm_1024_256,112722396,128,14
13315591776,smqhm_1024_512,130477418,128,14
13757021044,smqhm_1024_512,126572213,128,14
11797836086,smqhm_1024_512,109547194,128,14
11882646074,smqhm_1024_512,115551150,128,14
12996432562,smqhm_1024_512,121077858,128,14
18922138184,smqhm_1024_1024,117469669,128,14
20489486844,smqhm_1024_1024,125768542,128,14
24123560258,smqhm_1024_1024,151037941,128,14
17519242908,smqhm_1024_1024,104323784,128,14
20708283012,smqhm_1024_1024,127728533,128,14
