18120602400,mqpl_4_1_2,28890917,1
18192842340,mqpl_4_1_2,28890835,1
18140708760,mqpl_4_1_2,28890363,1
18137584520,mqpl_4_1_2,28890624,1
18284459000,mqpl_4_1_2,28891782,1
11472658840,mqpl_4_1_2,28967170,2
11443769160,mqpl_4_1_2,28962825,2
11507577540,mqpl_4_1_2,28968515,2
11385173560,mqpl_4_1_2,28967967,2
11686053800,mqpl_4_1_2,28969585,2
5510513900,mqpl_4_1_2,29073678,4
5523613640,mqpl_4_1_2,29074378,4
5532489640,mqpl_4_1_2,29078576,4
5514347540,mqpl_4_1_2,29076207,4
5522816980,mqpl_4_1_2,29075469,4
6333334060,mqpl_4_1_2,29244439,8
6374007980,mqpl_4_1_2,29242029,8
6278380800,mqpl_4_1_2,29245455,8
6081234780,mqpl_4_1_2,29237925,8
6325763040,mqpl_4_1_2,29240052,8
3631331160,mqpl_4_1_2,29579138,16
3673943960,mqpl_4_1_2,29568473,16
3698877800,mqpl_4_1_2,29566498,16
3712330620,mqpl_4_1_2,29580369,16
3714820860,mqpl_4_1_2,29574776,16
2084067120,mqpl_4_1_2,30211326,32
2109362180,mqpl_4_1_2,30217401,32
2068787080,mqpl_4_1_2,30221266,32
2053639780,mqpl_4_1_2,30202689,32
2072464120,mqpl_4_1_2,30220890,32
1186479580,mqpl_4_1_2,31584759,64
1183800660,mqpl_4_1_2,31624536,64
1249672280,mqpl_4_1_2,31530495,64
1186197500,mqpl_4_1_2,31623319,64
1185167300,mqpl_4_1_2,31561297,64
835192020,mqpl_4_1_2,34918535,128
832291380,mqpl_4_1_2,34979482,128
839880640,mqpl_4_1_2,34973780,128
834634600,mqpl_4_1_2,34947476,128
834845740,mqpl_4_1_2,35005546,128
646658540,mqpl_4_1_2,43739445,256
643356020,mqpl_4_1_2,43599680,256
642473580,mqpl_4_1_2,43728254,256
637345200,mqpl_4_1_2,43769089,256
641805620,mqpl_4_1_2,43604944,256
