30675880,47346420,78634080,26744060,46869180,29534340,38380800,82682440,100350260,28769720,1569744220,mqpl_4_512_256,6397997,2
1544328880,mqpl_4_512_256,6394890,2
1546735360,mqpl_4_512_256,6400524,2
1546202080,mqpl_4_512_256,6403228,2
1534827280,mqpl_4_512_256,6401377,2
1549598560,mqpl_4_512_256,6387508,2
1521715700,mqpl_4_512_256,6394159,2
1547153980,mqpl_4_512_256,6411188,2
1537484760,mqpl_4_512_256,6405968,2
1543364360,mqpl_4_512_256,6401388,2
780878780,mqpl_4_512_256,6492353,4
771001200,mqpl_4_512_256,6490376,4
769258800,mqpl_4_512_256,6474479,4
783594220,mqpl_4_512_256,6472346,4
743508720,mqpl_4_512_256,6498340,4
662356860,mqpl_4_512_256,6491285,4
780117140,mqpl_4_512_256,6469487,4
789554320,mqpl_4_512_256,6489201,4
788102080,mqpl_4_512_256,6486823,4
771427580,mqpl_4_512_256,6500899,4
639160200,mqpl_4_512_256,6579253,8
645099520,mqpl_4_512_256,6585492,8
642918900,mqpl_4_512_256,6582141,8
645347080,mqpl_4_512_256,6599816,8
648518120,mqpl_4_512_256,6593654,8
641890620,mqpl_4_512_256,6599584,8
638550900,mqpl_4_512_256,6589729,8
644387040,mqpl_4_512_256,6589183,8
640378780,mqpl_4_512_256,6579331,8
638904740,mqpl_4_512_256,6584462,8
354860280,mqpl_4_512_256,6653127,16
356265580,mqpl_4_512_256,6662752,16
359698620,mqpl_4_512_256,6675887,16
375451600,mqpl_4_512_256,6653931,16
357877000,mqpl_4_512_256,6645693,16
350503560,mqpl_4_512_256,6654680,16
354700960,mqpl_4_512_256,6682421,16
354166040,mqpl_4_512_256,6666249,16
377824020,mqpl_4_512_256,6673287,16
365269640,mqpl_4_512_256,6653299,16
219530780,mqpl_4_512_256,6689456,32
219149060,mqpl_4_512_256,6696994,32
219982360,mqpl_4_512_256,6681337,32
217856060,mqpl_4_512_256,6685044,32
220520560,mqpl_4_512_256,6694926,32
217967620,mqpl_4_512_256,6688580,32
218472960,mqpl_4_512_256,6684530,32
217235520,mqpl_4_512_256,6690943,32
218650160,mqpl_4_512_256,6694626,32
219405480,mqpl_4_512_256,6682508,32
138033760,mqpl_4_512_256,6732864,64
139179560,mqpl_4_512_256,6744732,64
138789040,mqpl_4_512_256,6727524,64
138895940,mqpl_4_512_256,6731970,64
139750380,mqpl_4_512_256,6731580,64
138474100,mqpl_4_512_256,6738022,64
138806220,mqpl_4_512_256,6739639,64
139142900,mqpl_4_512_256,6749116,64
138568580,mqpl_4_512_256,6740090,64
138876680,mqpl_4_512_256,6738637,64
99425940,mqpl_4_512_256,6829457,128
98443920,mqpl_4_512_256,6840790,128
98398440,mqpl_4_512_256,6829612,128
98556500,mqpl_4_512_256,6820063,128
98249000,mqpl_4_512_256,6826307,128
99149520,mqpl_4_512_256,6808033,128
98450760,mqpl_4_512_256,6839350,128
98827980,mqpl_4_512_256,6848671,128
99537300,mqpl_4_512_256,6842668,128
98758520,mqpl_4_512_256,6831743,128
84041500,mqpl_4_512_256,7067398,256
86788460,mqpl_4_512_256,7028697,256
83405660,mqpl_4_512_256,7027863,256
84387580,mqpl_4_512_256,7042253,256
80269440,mqpl_4_512_256,7017662,256
91760560,mqpl_4_512_256,7040676,256
81969060,mqpl_4_512_256,7037568,256
79714340,mqpl_4_512_256,7026588,256
80889120,mqpl_4_512_256,7024230,256
83679640,mqpl_4_512_256,7017965,256
