13166021540,mqpl_4_4_16,7338240,1,0
13153544240,mqpl_4_4_16,7363932,1,0
12637004900,mqpl_4_4_16,7386594,1,0
12359021240,mqpl_4_4_16,7367393,1,0
12444964560,mqpl_4_4_16,7317794,1,0
12378453500,mqpl_4_4_16,7296923,1,0
12170573420,mqpl_4_4_16,7413427,1,0
11639985400,mqpl_4_4_16,7350886,1,0
11893549520,mqpl_4_4_16,7579277,1,0
11651244960,mqpl_4_4_16,7464604,1,0
10178660240,mqpl_4_4_16,12528960,2,0
10182888840,mqpl_4_4_16,12528763,2,0
10027530820,mqpl_4_4_16,12528883,2,0
10030152820,mqpl_4_4_16,12528789,2,0
9798678280,mqpl_4_4_16,12528773,2,0
9875147380,mqpl_4_4_16,12528780,2,0
9702821540,mqpl_4_4_16,12528751,2,0
9733882240,mqpl_4_4_16,12528674,2,0
9624046740,mqpl_4_4_16,12528461,2,0
9628001920,mqpl_4_4_16,12528845,2,0
5352827560,mqpl_4_4_16,12529705,4,0
5366915240,mqpl_4_4_16,12529834,4,0
5341864040,mqpl_4_4_16,12529715,4,0
5324526360,mqpl_4_4_16,12529762,4,0
5295361260,mqpl_4_4_16,12530106,4,0
5306233660,mqpl_4_4_16,12529845,4,0
5341405380,mqpl_4_4_16,12529530,4,0
5282172640,mqpl_4_4_16,12529832,4,0
5305844620,mqpl_4_4_16,12529631,4,0
5292102180,mqpl_4_4_16,12529626,4,0
3438032260,mqpl_4_4_16,12531003,8,0
3430385660,mqpl_4_4_16,12531027,8,0
3422662520,mqpl_4_4_16,12531025,8,0
3418482640,mqpl_4_4_16,12530854,8,0
3434214260,mqpl_4_4_16,12530916,8,0
3420306760,mqpl_4_4_16,12531068,8,0
3431191640,mqpl_4_4_16,12530842,8,0
3423520520,mqpl_4_4_16,12530887,8,0
3425257860,mqpl_4_4_16,12530986,8,0
3428559480,mqpl_4_4_16,12531098,8,0
2162398380,mqpl_4_4_16,12533182,16,0
2163769460,mqpl_4_4_16,12533122,16,0
2164722840,mqpl_4_4_16,12533257,16,0
2157933480,mqpl_4_4_16,12533022,16,0
2156073120,mqpl_4_4_16,12533045,16,0
2157761900,mqpl_4_4_16,12533118,16,0
2158378220,mqpl_4_4_16,12533268,16,0
2143201440,mqpl_4_4_16,12533533,16,0
2154812100,mqpl_4_4_16,12533256,16,0
2151978820,mqpl_4_4_16,12533206,16,0
1541179160,mqpl_4_4_16,12537394,32,0
1523491140,mqpl_4_4_16,12537452,32,0
1520330220,mqpl_4_4_16,12537390,32,0
1528110640,mqpl_4_4_16,12537250,32,0
1522359140,mqpl_4_4_16,12537461,32,0
1527119820,mqpl_4_4_16,12537441,32,0
1520814260,mqpl_4_4_16,12537239,32,0
1530283200,mqpl_4_4_16,12537121,32,0
1523438580,mqpl_4_4_16,12537584,32,0
1527095960,mqpl_4_4_16,12537392,32,0
1434633060,mqpl_4_4_16,12546519,64,0
1451714140,mqpl_4_4_16,12546344,64,0
1469397620,mqpl_4_4_16,12545959,64,0
1442639540,mqpl_4_4_16,12546346,64,0
1443649620,mqpl_4_4_16,12546054,64,0
1461958260,mqpl_4_4_16,12546688,64,0
1453374000,mqpl_4_4_16,12546170,64,0
1445258280,mqpl_4_4_16,12546529,64,0
1468729680,mqpl_4_4_16,12546230,64,0
1461258740,mqpl_4_4_16,12546845,64,0
1722588880,mqpl_4_4_16,12569091,128,0
1742522260,mqpl_4_4_16,12569756,128,0
1687035000,mqpl_4_4_16,12567687,128,0
1683794120,mqpl_4_4_16,12570811,128,0
1701133600,mqpl_4_4_16,12570936,128,0
1682935760,mqpl_4_4_16,12569762,128,0
1713258600,mqpl_4_4_16,12570646,128,0
1683272940,mqpl_4_4_16,12569081,128,0
1661465180,mqpl_4_4_16,12570550,128,0
1713593980,mqpl_4_4_16,12570589,128,0
1690425640,mqpl_4_4_16,12618815,256,0
1706974840,mqpl_4_4_16,12606936,256,0
1740143880,mqpl_4_4_16,12613795,256,0
1737109180,mqpl_4_4_16,12619438,256,0
1761352580,mqpl_4_4_16,12613451,256,0
1805021120,mqpl_4_4_16,12616687,256,0
1745644000,mqpl_4_4_16,12606501,256,0
1779161460,mqpl_4_4_16,12608986,256,0
1787623880,mqpl_4_4_16,12611277,256,0
1805378640,mqpl_4_4_16,12610364,256,0
18657347400,mqpl_4_4_16,7486526,1,0
18184472500,mqpl_4_4_16,7644959,1,0
16722939400,mqpl_4_4_16,7350774,1,0
15922899240,mqpl_4_4_16,7324706,1,0
15591206980,mqpl_4_4_16,7418176,1,0
14912177680,mqpl_4_4_16,7434453,1,0
14335372360,mqpl_4_4_16,7318022,1,0
13966442760,mqpl_4_4_16,7390987,1,0
13548277680,mqpl_4_4_16,7319982,1,0
12992726080,mqpl_4_4_16,7321926,1,0
10616104860,mqpl_4_4_16,12528637,2,0
10394936740,mqpl_4_4_16,12528813,2,0
10094960360,mqpl_4_4_16,12528770,2,0
10099663660,mqpl_4_4_16,12528701,2,0
9912657820,mqpl_4_4_16,12528761,2,0
9710381220,mqpl_4_4_16,12528657,2,0
9746450700,mqpl_4_4_16,12528531,2,0
9672466220,mqpl_4_4_16,12528633,2,0
9540887860,mqpl_4_4_16,12528515,2,0
9545098340,mqpl_4_4_16,12528623,2,0
5326737740,mqpl_4_4_16,12529930,4,0
5320387660,mqpl_4_4_16,12529592,4,0
5303162800,mqpl_4_4_16,12529836,4,0
5301085160,mqpl_4_4_16,12529859,4,0
5286737320,mqpl_4_4_16,12529658,4,0
5298166780,mqpl_4_4_16,12529721,4,0
5315666080,mqpl_4_4_16,12529668,4,0
5298861600,mqpl_4_4_16,12529650,4,0
5270989520,mqpl_4_4_16,12529669,4,0
5305700840,mqpl_4_4_16,12529744,4,0
3419931620,mqpl_4_4_16,12530987,8,0
3419257540,mqpl_4_4_16,12531106,8,0
3422003140,mqpl_4_4_16,12530989,8,0
3418933740,mqpl_4_4_16,12530984,8,0
3408880460,mqpl_4_4_16,12531039,8,0
3410922500,mqpl_4_4_16,12531024,8,0
3419814860,mqpl_4_4_16,12531020,8,0
3422245440,mqpl_4_4_16,12530963,8,0
3416396440,mqpl_4_4_16,12531104,8,0
3404643100,mqpl_4_4_16,12531259,8,0
2163408920,mqpl_4_4_16,12533274,16,0
2161453920,mqpl_4_4_16,12533117,16,0
2148067160,mqpl_4_4_16,12532904,16,0
2150346160,mqpl_4_4_16,12533079,16,0
2151583720,mqpl_4_4_16,12533236,16,0
2148309340,mqpl_4_4_16,12533225,16,0
2162861840,mqpl_4_4_16,12533293,16,0
2153461940,mqpl_4_4_16,12533204,16,0
2150783400,mqpl_4_4_16,12533280,16,0
2155467400,mqpl_4_4_16,12533098,16,0
1517531160,mqpl_4_4_16,12537574,32,0
1525915160,mqpl_4_4_16,12537613,32,0
1517767200,mqpl_4_4_16,12537255,32,0
1521518680,mqpl_4_4_16,12537545,32,0
1516257920,mqpl_4_4_16,12537473,32,0
1522178840,mqpl_4_4_16,12537552,32,0
1520964900,mqpl_4_4_16,12537492,32,0
1530629520,mqpl_4_4_16,12537646,32,0
1515400380,mqpl_4_4_16,12537513,32,0
1498255800,mqpl_4_4_16,12538017,32,0
1417245900,mqpl_4_4_16,12546530,64,0
1469464280,mqpl_4_4_16,12546752,64,0
1480247520,mqpl_4_4_16,12546118,64,0
1476678740,mqpl_4_4_16,12546300,64,0
1508269320,mqpl_4_4_16,12546366,64,0
1503096260,mqpl_4_4_16,12546082,64,0
1510682100,mqpl_4_4_16,12546105,64,0
1502809880,mqpl_4_4_16,12546042,64,0
1467564720,mqpl_4_4_16,12546318,64,0
1494476180,mqpl_4_4_16,12546603,64,0
1688467420,mqpl_4_4_16,12569791,128,0
1795369680,mqpl_4_4_16,12569427,128,0
1821802280,mqpl_4_4_16,12571661,128,0
1784041320,mqpl_4_4_16,12570596,128,0
1791116100,mqpl_4_4_16,12568906,128,0
1754406420,mqpl_4_4_16,12568645,128,0
1720159580,mqpl_4_4_16,12569654,128,0
1735653420,mqpl_4_4_16,12569837,128,0
1736094900,mqpl_4_4_16,12570913,128,0
1718187400,mqpl_4_4_16,12569157,128,0
1673844940,mqpl_4_4_16,12617082,256,0
1718565260,mqpl_4_4_16,12610759,256,0
1746516740,mqpl_4_4_16,12610730,256,0
1758963200,mqpl_4_4_16,12617763,256,0
1759537520,mqpl_4_4_16,12613762,256,0
1770116380,mqpl_4_4_16,12611380,256,0
1817668020,mqpl_4_4_16,12612627,256,0
1780435600,mqpl_4_4_16,12613932,256,0
1810797580,mqpl_4_4_16,12606856,256,0
1865192060,mqpl_4_4_16,12629097,256,0
