123874880500,mqpl_4_1024_1024,75882375,1,10
123991015820,mqpl_4_1024_1024,75865468,1,10
124177964780,mqpl_4_1024_1024,75870124,1,10
123876169140,mqpl_4_1024_1024,75834690,1,10
123843781800,mqpl_4_1024_1024,75842420,1,10
124048140000,mqpl_4_1024_1024,75867261,1,10
124030765920,mqpl_4_1024_1024,75865204,1,10
123805847720,mqpl_4_1024_1024,75848838,1,10
124045780580,mqpl_4_1024_1024,75855236,1,10
123832472780,mqpl_4_1024_1024,75869723,1,10
61790596500,mqpl_4_1024_1024,76002962,2,10
62034269720,mqpl_4_1024_1024,76007750,2,10
61890574660,mqpl_4_1024_1024,75934818,2,10
61993989780,mqpl_4_1024_1024,76185244,2,10
61831937600,mqpl_4_1024_1024,76012819,2,10
62032223080,mqpl_4_1024_1024,76070196,2,10
61874503800,mqpl_4_1024_1024,76024820,2,10
61885961540,mqpl_4_1024_1024,75968922,2,10
61928114400,mqpl_4_1024_1024,76090202,2,10
61950631260,mqpl_4_1024_1024,75994545,2,10
31450480460,mqpl_4_1024_1024,76357262,4,10
31413472840,mqpl_4_1024_1024,76493052,4,10
31433013140,mqpl_4_1024_1024,76638610,4,10
31341138420,mqpl_4_1024_1024,76209512,4,10
31367392680,mqpl_4_1024_1024,76377975,4,10
31392963760,mqpl_4_1024_1024,76390954,4,10
31341162280,mqpl_4_1024_1024,76191681,4,10
31330642840,mqpl_4_1024_1024,76261047,4,10
31412567840,mqpl_4_1024_1024,76294859,4,10
31399528160,mqpl_4_1024_1024,76310063,4,10
16963623940,mqpl_4_1024_1024,76943847,8,10
16956160300,mqpl_4_1024_1024,76958593,8,10
16896956860,mqpl_4_1024_1024,76948002,8,10
16915016880,mqpl_4_1024_1024,76983194,8,10
16964948160,mqpl_4_1024_1024,76989938,8,10
16878642160,mqpl_4_1024_1024,76758477,8,10
16899708880,mqpl_4_1024_1024,76922813,8,10
16865512020,mqpl_4_1024_1024,76664749,8,10
16902318300,mqpl_4_1024_1024,76894969,8,10
16885059240,mqpl_4_1024_1024,76812292,8,10
8677241020,mqpl_4_1024_1024,77725791,16,10
8727538380,mqpl_4_1024_1024,78173862,16,10
8696254900,mqpl_4_1024_1024,77846003,16,10
8719583960,mqpl_4_1024_1024,78005460,16,10
8745613580,mqpl_4_1024_1024,78024916,16,10
8718581560,mqpl_4_1024_1024,77685744,16,10
8705933100,mqpl_4_1024_1024,77841491,16,10
8745014040,mqpl_4_1024_1024,78396066,16,10
8692902000,mqpl_4_1024_1024,77691483,16,10
8723910760,mqpl_4_1024_1024,77920359,16,10
4590011040,mqpl_4_1024_1024,80433679,32,10
4552391860,mqpl_4_1024_1024,79628624,32,10
4542182080,mqpl_4_1024_1024,79439388,32,10
4569156960,mqpl_4_1024_1024,79868246,32,10
4558394400,mqpl_4_1024_1024,79715987,32,10
4557679100,mqpl_4_1024_1024,79600920,32,10
4576030880,mqpl_4_1024_1024,79905162,32,10
4560263680,mqpl_4_1024_1024,79986686,32,10
4595432160,mqpl_4_1024_1024,80366440,32,10
4597699840,mqpl_4_1024_1024,80266573,32,10
2770215300,mqpl_4_1024_1024,85258403,64,10
2734436720,mqpl_4_1024_1024,84700070,64,10
2746374800,mqpl_4_1024_1024,84129388,64,10
2711893240,mqpl_4_1024_1024,83418915,64,10
2756387960,mqpl_4_1024_1024,85484555,64,10
2710961460,mqpl_4_1024_1024,83508931,64,10
2705355180,mqpl_4_1024_1024,83073408,64,10
2735727640,mqpl_4_1024_1024,83818532,64,10
2764577680,mqpl_4_1024_1024,85379228,64,10
2728960140,mqpl_4_1024_1024,84431746,64,10
2450222960,mqpl_4_1024_1024,90947520,128,10
2395023760,mqpl_4_1024_1024,91487065,128,10
2437294460,mqpl_4_1024_1024,91444663,128,10
2450870220,mqpl_4_1024_1024,93129445,128,10
2461682680,mqpl_4_1024_1024,91609314,128,10
2441092680,mqpl_4_1024_1024,91255846,128,10
2505398480,mqpl_4_1024_1024,93048463,128,10
2448222900,mqpl_4_1024_1024,91502409,128,10
2449315300,mqpl_4_1024_1024,91023085,128,10
2515886660,mqpl_4_1024_1024,94142846,128,10
2753844360,mqpl_4_1024_1024,105995657,256,10
2708107280,mqpl_4_1024_1024,104247986,256,10
2810434160,mqpl_4_1024_1024,107985223,256,10
2810218360,mqpl_4_1024_1024,105323169,256,10
2858982660,mqpl_4_1024_1024,107278886,256,10
2914839400,mqpl_4_1024_1024,106563315,256,10
2832642000,mqpl_4_1024_1024,104847866,256,10
2822342540,mqpl_4_1024_1024,106346382,256,10
2817791320,mqpl_4_1024_1024,107166502,256,10
2721889080,mqpl_4_1024_1024,105752975,256,10
