12655972100,mqpl_4_1_2,25660576,1,10
12465269800,mqpl_4_1_2,25660686,1,10
12525420260,mqpl_4_1_2,25660738,1,10
12355449780,mqpl_4_1_2,25660949,1,10
12293530740,mqpl_4_1_2,25660824,1,10
12262153080,mqpl_4_1_2,25660752,1,10
12265687760,mqpl_4_1_2,25660767,1,10
12274535780,mqpl_4_1_2,25660650,1,10
12186030220,mqpl_4_1_2,25660701,1,10
12248181540,mqpl_4_1_2,25660632,1,10
8099215660,mqpl_4_1_2,25663346,2,10
8091575020,mqpl_4_1_2,25665433,2,10
8105764920,mqpl_4_1_2,25665047,2,10
7881149960,mqpl_4_1_2,25666589,2,10
8059018320,mqpl_4_1_2,25664236,2,10
7979431140,mqpl_4_1_2,25663938,2,10
7997018540,mqpl_4_1_2,25664672,2,10
7983223380,mqpl_4_1_2,25664320,2,10
8030252420,mqpl_4_1_2,25665455,2,10
8031933820,mqpl_4_1_2,25663887,2,10
3819227860,mqpl_4_1_2,25675380,4,10
3815935460,mqpl_4_1_2,25675750,4,10
3824100240,mqpl_4_1_2,25679549,4,10
3814911280,mqpl_4_1_2,25680031,4,10
3851441780,mqpl_4_1_2,25675975,4,10
3822622480,mqpl_4_1_2,25675108,4,10
3832364420,mqpl_4_1_2,25676012,4,10
3825525720,mqpl_4_1_2,25677664,4,10
3816751740,mqpl_4_1_2,25676976,4,10
3820683540,mqpl_4_1_2,25678069,4,10
4568470780,mqpl_4_1_2,25717558,8,10
4547664240,mqpl_4_1_2,25717851,8,10
4550332380,mqpl_4_1_2,25717183,8,10
4615870300,mqpl_4_1_2,25717146,8,10
4644170040,mqpl_4_1_2,25717234,8,10
4540144020,mqpl_4_1_2,25716821,8,10
4535638260,mqpl_4_1_2,25717722,8,10
4643500980,mqpl_4_1_2,25716685,8,10
4635304500,mqpl_4_1_2,25717013,8,10
4717190000,mqpl_4_1_2,25716933,8,10
2807417800,mqpl_4_1_2,25891890,16,10
2850122700,mqpl_4_1_2,25889148,16,10
2793092700,mqpl_4_1_2,25889731,16,10
2798317180,mqpl_4_1_2,25891040,16,10
2792392480,mqpl_4_1_2,25889791,16,10
2847095780,mqpl_4_1_2,25889403,16,10
2764319580,mqpl_4_1_2,25888650,16,10
2826393340,mqpl_4_1_2,25894036,16,10
2823176960,mqpl_4_1_2,25891290,16,10
2840858000,mqpl_4_1_2,25891198,16,10
1603621040,mqpl_4_1_2,26487671,32,10
1596643220,mqpl_4_1_2,26500575,32,10
1582787320,mqpl_4_1_2,26503476,32,10
1588545860,mqpl_4_1_2,26497412,32,10
1602383900,mqpl_4_1_2,26493928,32,10
1584269600,mqpl_4_1_2,26490079,32,10
1602804580,mqpl_4_1_2,26490987,32,10
1589797640,mqpl_4_1_2,26491952,32,10
1606124100,mqpl_4_1_2,26488977,32,10
1587899440,mqpl_4_1_2,26495213,32,10
941971320,mqpl_4_1_2,28290664,64,10
940193720,mqpl_4_1_2,28283338,64,10
937827360,mqpl_4_1_2,28277095,64,10
937873460,mqpl_4_1_2,28286931,64,10
937806140,mqpl_4_1_2,28296342,64,10
942831040,mqpl_4_1_2,28284492,64,10
937309320,mqpl_4_1_2,28286116,64,10
939997240,mqpl_4_1_2,28279954,64,10
937370260,mqpl_4_1_2,28307979,64,10
939423620,mqpl_4_1_2,28291738,64,10
703321220,mqpl_4_1_2,32860691,128,10
710179820,mqpl_4_1_2,32838951,128,10
702521220,mqpl_4_1_2,32820647,128,10
701011920,mqpl_4_1_2,32819610,128,10
702024160,mqpl_4_1_2,32853235,128,10
703440360,mqpl_4_1_2,32825762,128,10
702337140,mqpl_4_1_2,32820454,128,10
703406220,mqpl_4_1_2,32825777,128,10
700638340,mqpl_4_1_2,32802814,128,10
700893680,mqpl_4_1_2,32842806,128,10
612760600,mqpl_4_1_2,42756020,256,10
580177840,mqpl_4_1_2,42824213,256,10
574863240,mqpl_4_1_2,42762322,256,10
588404020,mqpl_4_1_2,42887550,256,10
748693860,mqpl_4_1_2,42778467,256,10
566049020,mqpl_4_1_2,42717341,256,10
584621820,mqpl_4_1_2,42890770,256,10
582405380,mqpl_4_1_2,43005686,256,10
590146160,mqpl_4_1_2,42782464,256,10
698409880,mqpl_4_1_2,42811691,256,10
