14138297900,slsmqhm_16_2,23947347,1
14208535900,slsmqhm_16_2,23947347,1
13937817260,slsmqhm_16_2,23947347,1
13997353580,slsmqhm_16_2,23947347,1
14172053720,slsmqhm_16_2,23947347,1
8382156520,slsmqhm_16_2,23960440,2
8359238920,slsmqhm_16_2,23959675,2
8502327080,slsmqhm_16_2,23960417,2
8387176440,slsmqhm_16_2,23959051,2
8391995120,slsmqhm_16_2,23960935,2
3798106440,slsmqhm_16_2,23981005,4
3794490940,slsmqhm_16_2,23978923,4
3820884220,slsmqhm_16_2,23978617,4
3788860420,slsmqhm_16_2,23978035,4
3812092460,slsmqhm_16_2,23985644,4
2782690980,slsmqhm_16_2,23992802,8
2749172560,slsmqhm_16_2,23989627,8
2756805120,slsmqhm_16_2,23992255,8
2737546520,slsmqhm_16_2,23990998,8
2755355820,slsmqhm_16_2,23990412,8
1696643640,slsmqhm_16_2,24033257,16
1693304540,slsmqhm_16_2,24032519,16
1675923140,slsmqhm_16_2,24034187,16
1686321780,slsmqhm_16_2,24033043,16
1687860080,slsmqhm_16_2,24033783,16
982802780,slsmqhm_16_2,24162960,32
979621420,slsmqhm_16_2,24159634,32
965902640,slsmqhm_16_2,24168802,32
973801640,slsmqhm_16_2,24166207,32
959572060,slsmqhm_16_2,24166241,32
558563520,slsmqhm_16_2,24589976,64
557768360,slsmqhm_16_2,24607670,64
564139640,slsmqhm_16_2,24614971,64
558352040,slsmqhm_16_2,24627477,64
557648700,slsmqhm_16_2,24606456,64
336932120,slsmqhm_16_2,26026959,128
335986180,slsmqhm_16_2,26009266,128
333944580,slsmqhm_16_2,26035369,128
334381420,slsmqhm_16_2,26044085,128
337361000,slsmqhm_16_2,26013504,128
251657460,slsmqhm_16_2,29374372,256
250499840,slsmqhm_16_2,29375108,256
252095280,slsmqhm_16_2,29380220,256
250908720,slsmqhm_16_2,29295547,256
247819260,slsmqhm_16_2,29283370,256
