118199347520,slsmqhm_8_32,35016137,1
117851559260,slsmqhm_8_32,35016137,1
118715747820,slsmqhm_8_32,35016137,1
118020248260,slsmqhm_8_32,35016137,1
118518846040,slsmqhm_8_32,35016137,1
59810654480,slsmqhm_8_32,35034961,2
59509426360,slsmqhm_8_32,35030289,2
59546393060,slsmqhm_8_32,35026676,2
59565378800,slsmqhm_8_32,35026053,2
59617623080,slsmqhm_8_32,35022565,2
30193979080,slsmqhm_8_32,35069822,4
30105043920,slsmqhm_8_32,35105454,4
30340131680,slsmqhm_8_32,35071430,4
30176113240,slsmqhm_8_32,35060025,4
30441241280,slsmqhm_8_32,35103724,4
16283690540,slsmqhm_8_32,35219055,8
16396653300,slsmqhm_8_32,35429080,8
16384241360,slsmqhm_8_32,35318126,8
16228253680,slsmqhm_8_32,35335969,8
16468633920,slsmqhm_8_32,35477959,8
8458945940,slsmqhm_8_32,35806040,16
8412410900,slsmqhm_8_32,36184350,16
8430883260,slsmqhm_8_32,35650520,16
8429316380,slsmqhm_8_32,35729050,16
8410551220,slsmqhm_8_32,35731408,16
4592127840,slsmqhm_8_32,36866317,32
4533337100,slsmqhm_8_32,36539206,32
5002720280,slsmqhm_8_32,37658621,32
4851535060,slsmqhm_8_32,36903064,32
4842835820,slsmqhm_8_32,38320889,32
3172062140,slsmqhm_8_32,40361529,64
3224969720,slsmqhm_8_32,40186850,64
3450499580,slsmqhm_8_32,40406990,64
3860815000,slsmqhm_8_32,39843059,64
4335905000,slsmqhm_8_32,40517709,64
6155445320,slsmqhm_8_32,43097996,128
5236283860,slsmqhm_8_32,42761838,128
4190503980,slsmqhm_8_32,42472220,128
4331387680,slsmqhm_8_32,41524220,128
4811070820,slsmqhm_8_32,43017824,128
3770939160,slsmqhm_8_32,45742884,256
4137167120,slsmqhm_8_32,47441467,256
5300171420,slsmqhm_8_32,45060196,256
4373885980,slsmqhm_8_32,45338548,256
4070157880,slsmqhm_8_32,46327356,256
