2005536680,obim_32_0_fifo,50551221,256,0
2064915440,obim_32_0_fifo,50555918,256,0
2076947900,obim_32_0_fifo,50551128,256,0
2038737800,obim_32_0_fifo,50556378,256,0
2066094720,obim_32_0_fifo,50552470,256,0
2525844060,obim_32_2_fifo,53958961,256,0
2428000360,obim_32_2_fifo,52279328,256,0
2370253820,obim_32_2_fifo,51807519,256,0
2506006400,obim_32_2_fifo,52652535,256,0
2524317820,obim_32_2_fifo,56476863,256,0
3366864740,obim_32_4_fifo,71970971,256,0
2965670360,obim_32_4_fifo,63566887,256,0
3455274060,obim_32_4_fifo,74200402,256,0
3468283220,obim_32_4_fifo,75156899,256,0
2892262980,obim_32_4_fifo,62080838,256,0
4682133500,obim_32_8_fifo,99427740,256,0
3104963800,obim_32_8_fifo,65971437,256,0
3885318840,obim_32_8_fifo,83528567,256,0
2868032660,obim_32_8_fifo,61282763,256,0
3567730100,obim_32_8_fifo,76242292,256,0
3444273580,obim_32_10_fifo,73912890,256,0
3585863980,obim_32_10_fifo,73481398,256,0
3721275000,obim_32_10_fifo,79915396,256,0
2794333500,obim_32_10_fifo,60027358,256,0
4112948180,obim_32_10_fifo,88129850,256,0
1125929640,obim_64_0_fifo,50560673,256,0
1122256200,obim_64_0_fifo,50560832,256,0
1115705940,obim_64_0_fifo,50563427,256,0
1125372260,obim_64_0_fifo,50570595,256,0
1132499360,obim_64_0_fifo,50569314,256,0
1350046920,obim_64_2_fifo,53527289,256,0
1320254440,obim_64_2_fifo,51591893,256,0
1309753380,obim_64_2_fifo,52113628,256,0
1308310820,obim_64_2_fifo,51689426,256,0
1309852880,obim_64_2_fifo,51892415,256,0
1815665020,obim_64_4_fifo,70832669,256,0
1783809020,obim_64_4_fifo,70919557,256,0
1503579460,obim_64_4_fifo,59039262,256,0
1597031060,obim_64_4_fifo,61784486,256,0
1670122120,obim_64_4_fifo,64852242,256,0
2208071180,obim_64_8_fifo,86033025,256,0
1918680920,obim_64_8_fifo,74602491,256,0
1711710440,obim_64_8_fifo,64738757,256,0
2266401800,obim_64_8_fifo,87393109,256,0
1740732680,obim_64_8_fifo,67030283,256,0
1782354220,obim_64_10_fifo,69305876,256,0
1950891580,obim_64_10_fifo,75493737,256,0
2119790660,obim_64_10_fifo,81398654,256,0
2601916200,obim_64_10_fifo,101743259,256,0
2052254380,obim_64_10_fifo,79552290,256,0
619526880,obim_128_0_fifo,50615530,256,0
620277980,obim_128_0_fifo,50605788,256,0
612228980,obim_128_0_fifo,50600498,256,0
614753100,obim_128_0_fifo,50631415,256,0
619107500,obim_128_0_fifo,50570832,256,0
730290800,obim_128_2_fifo,52624290,256,0
741620180,obim_128_2_fifo,51746952,256,0
740518520,obim_128_2_fifo,52923440,256,0
740375200,obim_128_2_fifo,52822034,256,0
738352280,obim_128_2_fifo,52358351,256,0
1147767620,obim_128_4_fifo,83244936,256,0
1074298580,obim_128_4_fifo,77003021,256,0
917071540,obim_128_4_fifo,63605320,256,0
910661640,obim_128_4_fifo,63660897,256,0
905249900,obim_128_4_fifo,62512829,256,0
925388380,obim_128_8_fifo,63053638,256,0
1168035720,obim_128_8_fifo,82200084,256,0
1306350020,obim_128_8_fifo,90505506,256,0
1203356000,obim_128_8_fifo,84449120,256,0
1098723620,obim_128_8_fifo,75999648,256,0
975294700,obim_128_10_fifo,66689255,256,0
941304160,obim_128_10_fifo,64082991,256,0
1365953120,obim_128_10_fifo,95976364,256,0
799882460,obim_128_10_fifo,53989890,256,0
1396088280,obim_128_10_fifo,96434162,256,0
378776720,obim_256_0_fifo,50637232,256,0
378498420,obim_256_0_fifo,50628539,256,0
439623460,obim_256_0_fifo,50657255,256,0
373297200,obim_256_0_fifo,50619040,256,0
372785560,obim_256_0_fifo,50656598,256,0
452787860,obim_256_2_fifo,53483859,256,0
436580680,obim_256_2_fifo,51758846,256,0
410706520,obim_256_2_fifo,51323168,256,0
439247940,obim_256_2_fifo,51930183,256,0
450530780,obim_256_2_fifo,52389208,256,0
473988400,obim_256_4_fifo,56913824,256,0
508545460,obim_256_4_fifo,61840435,256,0
537679700,obim_256_4_fifo,65349451,256,0
478970080,obim_256_4_fifo,58458225,256,0
463359300,obim_256_4_fifo,57281377,256,0
504555640,obim_256_8_fifo,63806926,256,0
649195000,obim_256_8_fifo,79265544,256,0
575723620,obim_256_8_fifo,74621694,256,0
464347140,obim_256_8_fifo,58398149,256,0
664213520,obim_256_8_fifo,85883364,256,0
492459500,obim_256_10_fifo,62169703,256,0
769347940,obim_256_10_fifo,99637168,256,0
538002440,obim_256_10_fifo,67317044,256,0
513168660,obim_256_10_fifo,64271695,256,0
617859600,obim_256_10_fifo,78758265,256,0
343434080,obim_512_0_fifo,51011132,256,0
347676060,obim_512_0_fifo,51095635,256,0
344134460,obim_512_0_fifo,50894392,256,0
346106440,obim_512_0_fifo,51050976,256,0
344159880,obim_512_0_fifo,50799584,256,0
350374400,obim_512_2_fifo,51729112,256,0
358452820,obim_512_2_fifo,51248360,256,0
361575480,obim_512_2_fifo,52280915,256,0
359889660,obim_512_2_fifo,53954658,256,0
369098920,obim_512_2_fifo,52713346,256,0
441645900,obim_512_4_fifo,64563167,256,0
438279520,obim_512_4_fifo,63370665,256,0
519111840,obim_512_4_fifo,76747810,256,0
404468640,obim_512_4_fifo,58252361,256,0
410828580,obim_512_4_fifo,59526856,256,0
440600020,obim_512_8_fifo,67700724,256,0
401591120,obim_512_8_fifo,61011151,256,0
614342100,obim_512_8_fifo,96508499,256,0
509056580,obim_512_8_fifo,77121957,256,0
427671600,obim_512_8_fifo,63511996,256,0
485112380,obim_512_10_fifo,74916500,256,0
458811520,obim_512_10_fifo,69408126,256,0
503934280,obim_512_10_fifo,78608288,256,0
412542780,obim_512_10_fifo,64847627,256,0
492066800,obim_512_10_fifo,74538026,256,0
