1388512460,obim_32_0_fifo,24470802,256,0
1366642600,obim_32_0_fifo,24334002,256,0
1448780020,obim_32_0_fifo,24390424,256,0
1440746840,obim_32_0_fifo,24407514,256,0
1479273000,obim_32_0_fifo,24332072,256,0
760534260,obim_32_2_fifo,32905515,256,0
749948360,obim_32_2_fifo,33138025,256,0
739972640,obim_32_2_fifo,33736598,256,0
745656100,obim_32_2_fifo,33325789,256,0
758625300,obim_32_2_fifo,33554007,256,0
1181665500,obim_32_4_fifo,43995180,256,0
1181704900,obim_32_4_fifo,43836062,256,0
1176432780,obim_32_4_fifo,43608092,256,0
1194357940,obim_32_4_fifo,44247716,256,0
1176926400,obim_32_4_fifo,43916595,256,0
3440673400,obim_32_8_fifo,76664545,256,0
3457527040,obim_32_8_fifo,76071883,256,0
3381758040,obim_32_8_fifo,75436562,256,0
3467871960,obim_32_8_fifo,76948403,256,0
3358798540,obim_32_8_fifo,74697100,256,0
5389132520,obim_32_10_fifo,116416826,256,0
5302685880,obim_32_10_fifo,116403705,256,0
5528252040,obim_32_10_fifo,119405764,256,0
5789639820,obim_32_10_fifo,124396512,256,0
5512619120,obim_32_10_fifo,118393188,256,0
1774019360,obim_64_0_fifo,25085973,256,0
2282518180,obim_64_0_fifo,24048004,256,0
2588188040,obim_64_0_fifo,24133622,256,0
2536010980,obim_64_0_fifo,24101397,256,0
1799242340,obim_64_0_fifo,26539911,256,0
326350280,obim_64_2_fifo,60385317,256,0
335321300,obim_64_2_fifo,59286619,256,0
329789040,obim_64_2_fifo,59466435,256,0
327003860,obim_64_2_fifo,59876766,256,0
329223460,obim_64_2_fifo,60073781,256,0
521446120,obim_64_4_fifo,69484623,256,0
511130400,obim_64_4_fifo,69191274,256,0
525736280,obim_64_4_fifo,70413706,256,0
521016520,obim_64_4_fifo,70075059,256,0
535474680,obim_64_4_fifo,69820602,256,0
1979897680,obim_64_8_fifo,96595503,256,0
1962557280,obim_64_8_fifo,98295410,256,0
1935951420,obim_64_8_fifo,95248101,256,0
2002117180,obim_64_8_fifo,97043823,256,0
2013606060,obim_64_8_fifo,95736352,256,0
3297192660,obim_64_10_fifo,140746296,256,0
3302700460,obim_64_10_fifo,140392254,256,0
3182753200,obim_64_10_fifo,133575398,256,0
3404175440,obim_64_10_fifo,141825101,256,0
3266100620,obim_64_10_fifo,138210662,256,0
2405128080,obim_128_0_fifo,24414752,256,0
1361317520,obim_128_0_fifo,27521414,256,0
1527829940,obim_128_0_fifo,27736683,256,0
2032460040,obim_128_0_fifo,26620216,256,0
1172357900,obim_128_0_fifo,32908826,256,0
460695720,obim_128_2_fifo,104015699,256,0
462576320,obim_128_2_fifo,103702067,256,0
451226200,obim_128_2_fifo,101410489,256,0
463572380,obim_128_2_fifo,102679173,256,0
456026980,obim_128_2_fifo,103834175,256,0
449619280,obim_128_4_fifo,114318829,256,0
426821720,obim_128_4_fifo,108131665,256,0
442875820,obim_128_4_fifo,114595991,256,0
452865760,obim_128_4_fifo,115109003,256,0
436150600,obim_128_4_fifo,109742394,256,0
1052691600,obim_128_8_fifo,143119784,256,0
1038657220,obim_128_8_fifo,142631205,256,0
1036961680,obim_128_8_fifo,140582774,256,0
1042515820,obim_128_8_fifo,141583851,256,0
1046935040,obim_128_8_fifo,144252360,256,0
1793984580,obim_128_10_fifo,158392092,256,0
1860404420,obim_128_10_fifo,161946091,256,0
1865610740,obim_128_10_fifo,163772781,256,0
1871950100,obim_128_10_fifo,162616033,256,0
1924762760,obim_128_10_fifo,162774571,256,0
1189228460,obim_256_0_fifo,69539057,256,0
1120315400,obim_256_0_fifo,79780018,256,0
1114306560,obim_256_0_fifo,79145420,256,0
1339838620,obim_256_0_fifo,74997466,256,0
1126644600,obim_256_0_fifo,90396998,256,0
709698320,obim_256_2_fifo,163057377,256,0
731955240,obim_256_2_fifo,162264648,256,0
708821360,obim_256_2_fifo,164042305,256,0
701539420,obim_256_2_fifo,159409505,256,0
689249440,obim_256_2_fifo,158654592,256,0
666758120,obim_256_4_fifo,174544509,256,0
661751560,obim_256_4_fifo,175645606,256,0
631853640,obim_256_4_fifo,172035496,256,0
647749620,obim_256_4_fifo,174364789,256,0
666699340,obim_256_4_fifo,179808899,256,0
822779240,obim_256_8_fifo,205631292,256,0
803100820,obim_256_8_fifo,201002109,256,0
852461140,obim_256_8_fifo,210976960,256,0
853499040,obim_256_8_fifo,215407477,256,0
834304660,obim_256_8_fifo,206252760,256,0
972137560,obim_256_10_fifo,202962255,256,0
936380460,obim_256_10_fifo,204229718,256,0
940111760,obim_256_10_fifo,197155004,256,0
924579980,obim_256_10_fifo,198855862,256,0
973150720,obim_256_10_fifo,202459390,256,0
1795044300,obim_512_0_fifo,133245949,256,0
1850834240,obim_512_0_fifo,132315090,256,0
1744103360,obim_512_0_fifo,143913938,256,0
1688308160,obim_512_0_fifo,120048399,256,0
1713302560,obim_512_0_fifo,124691678,256,0
1441517920,obim_512_2_fifo,238385907,256,0
1295045680,obim_512_2_fifo,224512205,256,0
1393537120,obim_512_2_fifo,262795073,256,0
1340610240,obim_512_2_fifo,241775346,256,0
1378124900,obim_512_2_fifo,240492759,256,0
1321016580,obim_512_4_fifo,273996714,256,0
1242230720,obim_512_4_fifo,265221646,256,0
1317351140,obim_512_4_fifo,278877774,256,0
1288178120,obim_512_4_fifo,272038025,256,0
1295677420,obim_512_4_fifo,280915001,256,0
1233675040,obim_512_8_fifo,265374649,256,0
1229430780,obim_512_8_fifo,267538600,256,0
1188338840,obim_512_8_fifo,262073660,256,0
1213135720,obim_512_8_fifo,277954934,256,0
1251378680,obim_512_8_fifo,277119414,256,0
1179577040,obim_512_10_fifo,269467247,256,0
1227669240,obim_512_10_fifo,256157815,256,0
1190977380,obim_512_10_fifo,258854829,256,0
1169974460,obim_512_10_fifo,250062832,256,0
1133042260,obim_512_10_fifo,252798988,256,0
