3129987080,obim_32_0_fifo,54501146,256,0
2762342440,obim_32_0_fifo,48904984,256,0
2790361060,obim_32_0_fifo,54388014,256,0
2323426800,obim_32_0_fifo,38860841,256,0
2709787940,obim_32_0_fifo,48658644,256,0
3096651420,obim_32_2_fifo,49491624,256,0
2945900640,obim_32_2_fifo,49047424,256,0
3723785260,obim_32_2_fifo,59455608,256,0
2696928960,obim_32_2_fifo,45071216,256,0
2949924720,obim_32_2_fifo,52720535,256,0
4854172000,obim_32_4_fifo,64692882,256,0
6677131100,obim_32_4_fifo,70979849,256,0
6198493720,obim_32_4_fifo,64052191,256,0
4134055700,obim_32_4_fifo,58350913,256,0
8438174760,obim_32_4_fifo,70841455,256,0
3332408660,obim_32_8_fifo,50597306,256,0
4728586820,obim_32_8_fifo,60173053,256,0
3686160400,obim_32_8_fifo,53923654,256,0
6039811580,obim_32_8_fifo,69368291,256,0
4282757620,obim_32_8_fifo,61765028,256,0
3632286220,obim_32_10_fifo,53105692,256,0
3515695220,obim_32_10_fifo,54611274,256,0
6013574180,obim_32_10_fifo,61229293,256,0
3779935600,obim_32_10_fifo,52372630,256,0
5688861920,obim_32_10_fifo,59424487,256,0
2266301040,obim_64_0_fifo,52772591,256,0
1960388720,obim_64_0_fifo,39721027,256,0
2123786780,obim_64_0_fifo,44500351,256,0
2393352820,obim_64_0_fifo,50440713,256,0
2263419060,obim_64_0_fifo,54743906,256,0
2467625040,obim_64_2_fifo,58275507,256,0
3054885580,obim_64_2_fifo,73325229,256,0
2633462940,obim_64_2_fifo,62286267,256,0
3004884500,obim_64_2_fifo,70951811,256,0
2575237380,obim_64_2_fifo,57961071,256,0
2980299100,obim_64_4_fifo,64495226,256,0
2723755020,obim_64_4_fifo,57591010,256,0
2730959000,obim_64_4_fifo,55871288,256,0
3001920720,obim_64_4_fifo,52866091,256,0
2925120020,obim_64_4_fifo,64431546,256,0
2746738200,obim_64_8_fifo,60115355,256,0
2689191700,obim_64_8_fifo,52413084,256,0
2814531080,obim_64_8_fifo,56676586,256,0
2928745700,obim_64_8_fifo,64221094,256,0
3069015840,obim_64_8_fifo,64383900,256,0
2890150780,obim_64_10_fifo,57818534,256,0
2837381280,obim_64_10_fifo,60331099,256,0
2899509160,obim_64_10_fifo,63041190,256,0
2904403080,obim_64_10_fifo,66936470,256,0
2682947360,obim_64_10_fifo,59237424,256,0
2276744820,obim_128_0_fifo,49250837,256,0
2383763140,obim_128_0_fifo,60136959,256,0
2493155520,obim_128_0_fifo,62722308,256,0
2375236080,obim_128_0_fifo,60805670,256,0
2500128620,obim_128_0_fifo,62632764,256,0
2475767400,obim_128_2_fifo,59999563,256,0
2759712480,obim_128_2_fifo,73940659,256,0
2322014880,obim_128_2_fifo,53833401,256,0
2359544880,obim_128_2_fifo,52106234,256,0
2684014360,obim_128_2_fifo,74942385,256,0
2587412800,obim_128_4_fifo,58479475,256,0
2557080180,obim_128_4_fifo,62719745,256,0
2674013100,obim_128_4_fifo,65744964,256,0
2584957940,obim_128_4_fifo,68046294,256,0
2608216820,obim_128_4_fifo,65685694,256,0
2711505920,obim_128_8_fifo,61434138,256,0
2639252460,obim_128_8_fifo,58188415,256,0
2530719660,obim_128_8_fifo,52859957,256,0
2600988140,obim_128_8_fifo,60481836,256,0
2572789980,obim_128_8_fifo,61638788,256,0
2669480300,obim_128_10_fifo,73976082,256,0
2614695760,obim_128_10_fifo,61575849,256,0
2606404520,obim_128_10_fifo,71092476,256,0
2658772640,obim_128_10_fifo,63637629,256,0
2732387980,obim_128_10_fifo,67634015,256,0
2665498680,obim_256_0_fifo,71472716,256,0
2802965500,obim_256_0_fifo,79057531,256,0
2575784040,obim_256_0_fifo,68012902,256,0
2761774480,obim_256_0_fifo,77100730,256,0
2641688320,obim_256_0_fifo,71729884,256,0
2794255620,obim_256_2_fifo,78217966,256,0
2847335580,obim_256_2_fifo,77196048,256,0
2707637440,obim_256_2_fifo,72341009,256,0
2895950220,obim_256_2_fifo,78280073,256,0
2923336560,obim_256_2_fifo,77750597,256,0
2579366660,obim_256_4_fifo,65573116,256,0
2543174840,obim_256_4_fifo,66558520,256,0
2553526720,obim_256_4_fifo,73170834,256,0
2666784240,obim_256_4_fifo,72602919,256,0
2633185240,obim_256_4_fifo,74544406,256,0
2680700400,obim_256_8_fifo,79733161,256,0
2585302840,obim_256_8_fifo,61296504,256,0
2634534040,obim_256_8_fifo,73610566,256,0
2573162900,obim_256_8_fifo,65498708,256,0
2654829680,obim_256_8_fifo,66752455,256,0
2465146180,obim_256_10_fifo,60701805,256,0
2671105100,obim_256_10_fifo,78922060,256,0
2452530280,obim_256_10_fifo,59565386,256,0
2527859500,obim_256_10_fifo,65476662,256,0
2531954080,obim_256_10_fifo,61440663,256,0
3094116900,obim_512_0_fifo,85031806,256,0
3164291360,obim_512_0_fifo,88487256,256,0
3068866120,obim_512_0_fifo,81959993,256,0
3160826380,obim_512_0_fifo,86673037,256,0
2998136960,obim_512_0_fifo,83653123,256,0
3007003960,obim_512_2_fifo,79246920,256,0
3220609940,obim_512_2_fifo,80136783,256,0
3277164520,obim_512_2_fifo,81117871,256,0
3172566500,obim_512_2_fifo,83642764,256,0
3103438680,obim_512_2_fifo,87694541,256,0
2757381680,obim_512_4_fifo,64846273,256,0
2762066740,obim_512_4_fifo,77538467,256,0
2633865900,obim_512_4_fifo,64399237,256,0
2621378660,obim_512_4_fifo,70378817,256,0
2651450340,obim_512_4_fifo,64674789,256,0
2664161780,obim_512_8_fifo,62596798,256,0
2623461800,obim_512_8_fifo,63907812,256,0
2611194440,obim_512_8_fifo,61363476,256,0
2534887340,obim_512_8_fifo,65818089,256,0
2570562960,obim_512_8_fifo,64325307,256,0
2864358280,obim_512_10_fifo,78961974,256,0
2617324260,obim_512_10_fifo,71488598,256,0
2606055680,obim_512_10_fifo,69674379,256,0
2519289340,obim_512_10_fifo,65977908,256,0
2638106660,obim_512_10_fifo,77045821,256,0
