3591922320,obim_32_0_fifo,48124082,256,0
3645766140,obim_32_0_fifo,48120551,256,0
3653168420,obim_32_0_fifo,48114978,256,0
3797757020,obim_32_0_fifo,48125915,256,0
3622948180,obim_32_0_fifo,48115330,256,0
6056647940,obim_32_2_fifo,48494063,256,0
4708695540,obim_32_2_fifo,48494400,256,0
7326479700,obim_32_2_fifo,48464816,256,0
3971489620,obim_32_2_fifo,48495742,256,0
6115763940,obim_32_2_fifo,48466841,256,0
4829333380,obim_32_4_fifo,49087782,256,0
5430311660,obim_32_4_fifo,49103069,256,0
4474332240,obim_32_4_fifo,49168015,256,0
5795526160,obim_32_4_fifo,49111768,256,0
3997343400,obim_32_4_fifo,49126771,256,0
5148287500,obim_32_8_fifo,49243189,256,0
6514534380,obim_32_8_fifo,49143460,256,0
4177435860,obim_32_8_fifo,49146354,256,0
7450464760,obim_32_8_fifo,49059175,256,0
3749626220,obim_32_8_fifo,49112147,256,0
7600534960,obim_32_10_fifo,49061591,256,0
5270724420,obim_32_10_fifo,49145644,256,0
8786022800,obim_32_10_fifo,49280464,256,0
5924474440,obim_32_10_fifo,49099171,256,0
5797513720,obim_32_10_fifo,49219349,256,0
3569159460,obim_64_0_fifo,48085535,256,0
3656680940,obim_64_0_fifo,48092493,256,0
3498672960,obim_64_0_fifo,48079888,256,0
3805031500,obim_64_0_fifo,48075459,256,0
3575434260,obim_64_0_fifo,48096072,256,0
6021575700,obim_64_2_fifo,48351848,256,0
3939800440,obim_64_2_fifo,48365034,256,0
10461658300,obim_64_2_fifo,48368549,256,0
3937885920,obim_64_2_fifo,48344213,256,0
7523572820,obim_64_2_fifo,48366181,256,0
5371970080,obim_64_4_fifo,48784049,256,0
3326709880,obim_64_4_fifo,48871139,256,0
3449379820,obim_64_4_fifo,48789628,256,0
3471878420,obim_64_4_fifo,48791163,256,0
4779201120,obim_64_4_fifo,48734885,256,0
3319149260,obim_64_8_fifo,48852558,256,0
7020471360,obim_64_8_fifo,48793981,256,0
3642493000,obim_64_8_fifo,48936491,256,0
7696215780,obim_64_8_fifo,48821072,256,0
3757873520,obim_64_8_fifo,48907695,256,0
3387766420,obim_64_10_fifo,48867263,256,0
3440635360,obim_64_10_fifo,48829928,256,0
3440603660,obim_64_10_fifo,48853316,256,0
3460431000,obim_64_10_fifo,48805679,256,0
7095735840,obim_64_10_fifo,48791667,256,0
3639970280,obim_128_0_fifo,48045865,256,0
3486081200,obim_128_0_fifo,48041747,256,0
3499354300,obim_128_0_fifo,48036874,256,0
3433910420,obim_128_0_fifo,48045387,256,0
3647208620,obim_128_0_fifo,48041471,256,0
3726293900,obim_128_2_fifo,48231403,256,0
3987910480,obim_128_2_fifo,48237295,256,0
7315257560,obim_128_2_fifo,48220810,256,0
3614135320,obim_128_2_fifo,48222730,256,0
4008721200,obim_128_2_fifo,48241834,256,0
7277549540,obim_128_4_fifo,48521387,256,0
3384381820,obim_128_4_fifo,48548508,256,0
6837398920,obim_128_4_fifo,48500171,256,0
3423779300,obim_128_4_fifo,48577579,256,0
3512292200,obim_128_4_fifo,48548912,256,0
3522401700,obim_128_8_fifo,48524628,256,0
3382613440,obim_128_8_fifo,48517345,256,0
3347731600,obim_128_8_fifo,48542731,256,0
3421230040,obim_128_8_fifo,48536324,256,0
5082180920,obim_128_8_fifo,48504619,256,0
3452798840,obim_128_10_fifo,48518997,256,0
3461608920,obim_128_10_fifo,48555431,256,0
3377701240,obim_128_10_fifo,48528012,256,0
3447060660,obim_128_10_fifo,48553802,256,0
37332656800,obim_128_10_fifo,48849041,256,0
3727807000,obim_256_0_fifo,48009880,256,0
3699226840,obim_256_0_fifo,48013952,256,0
3707481440,obim_256_0_fifo,48011792,256,0
3900638780,obim_256_0_fifo,48014033,256,0
3601959400,obim_256_0_fifo,48016492,256,0
9584006400,obim_256_2_fifo,48120862,256,0
3713482760,obim_256_2_fifo,48127059,256,0
3946733920,obim_256_2_fifo,48130528,256,0
7470461560,obim_256_2_fifo,48122924,256,0
3542087460,obim_256_2_fifo,48127061,256,0
3243843080,obim_256_4_fifo,48332776,256,0
3507119220,obim_256_4_fifo,48312269,256,0
3319655300,obim_256_4_fifo,48297899,256,0
3355285580,obim_256_4_fifo,48290615,256,0
5693740060,obim_256_4_fifo,48295015,256,0
3401161900,obim_256_8_fifo,48304295,256,0
12174842120,obim_256_8_fifo,48348991,256,0
3292394420,obim_256_8_fifo,48350337,256,0
3397039940,obim_256_8_fifo,48313499,256,0
7368448180,obim_256_8_fifo,48356086,256,0
3384643680,obim_256_10_fifo,48296896,256,0
3530733820,obim_256_10_fifo,48324733,256,0
3249224080,obim_256_10_fifo,48298796,256,0
4542992120,obim_256_10_fifo,48290744,256,0
6424090000,obim_256_10_fifo,48308424,256,0
3575206200,obim_512_0_fifo,47996378,256,0
3585117320,obim_512_0_fifo,47990388,256,0
3910213780,obim_512_0_fifo,47992422,256,0
4092112600,obim_512_0_fifo,47995296,256,0
3793846760,obim_512_0_fifo,47995933,256,0
3802959800,obim_512_2_fifo,48057687,256,0
5613980760,obim_512_2_fifo,48046475,256,0
4965749580,obim_512_2_fifo,48046171,256,0
4236880600,obim_512_2_fifo,48060081,256,0
3857378060,obim_512_2_fifo,48053852,256,0
3370034440,obim_512_4_fifo,48153546,256,0
6191217880,obim_512_4_fifo,48164576,256,0
3323211560,obim_512_4_fifo,48157719,256,0
3778146960,obim_512_4_fifo,48161545,256,0
3321975340,obim_512_4_fifo,48148890,256,0
8404029680,obim_512_8_fifo,48210940,256,0
3298479560,obim_512_8_fifo,48163366,256,0
4342858480,obim_512_8_fifo,48157063,256,0
3255783260,obim_512_8_fifo,48153019,256,0
6776307560,obim_512_8_fifo,48158086,256,0
3264723640,obim_512_10_fifo,48149702,256,0
4468000480,obim_512_10_fifo,48152949,256,0
5240136800,obim_512_10_fifo,48142785,256,0
5419300320,obim_512_10_fifo,48149222,256,0
3206454380,obim_512_10_fifo,48140336,256,0
