2957193200,obim_32_0_fifo,84863192,256,0
2901554500,obim_32_0_fifo,84295922,256,0
2880574820,obim_32_0_fifo,76497167,256,0
2889487160,obim_32_0_fifo,79420540,256,0
2908825020,2577956400,obim_32_2_fifo,76976917,256,0
2582736660,obim_32_2_fifo,76443102,256,0
2586729900,obim_32_2_fifo,76878494,256,0
2571895860,obim_32_2_fifo,77501109,256,0
2582321400,obim_32_2_fifo,76395791,256,0
2609985360,obim_32_4_fifo,78120416,256,0
2596542980,obim_32_4_fifo,78350680,256,0
2600281020,obim_32_4_fifo,78669190,256,0
2601116120,obim_32_4_fifo,78319411,256,0
2627608180,obim_32_4_fifo,78510560,256,0
5861139160,obim_32_8_fifo,145266549,256,0
6077288560,obim_32_8_fifo,155922091,256,0
6598540460,obim_32_8_fifo,158006006,256,0
6765975480,obim_32_8_fifo,174266571,256,0
6457135880,obim_32_8_fifo,149840228,256,0
17348245080,obim_32_10_fifo,408411864,256,0
16778180920,obim_32_10_fifo,363492980,256,0
17937616820,obim_32_10_fifo,389080087,256,0
18159123820,obim_32_10_fifo,408091664,256,0
20763350400,obim_32_10_fifo,505509826,256,0
1869067140,obim_64_0_fifo,76765207,256,0
1805139960,1884398780,obim_64_0_fifo,76509768,256,0
1843594800,obim_64_0_fifo,76424797,256,0
1871420780,obim_64_0_fifo,76809730,256,0
1550134000,obim_64_2_fifo,76815922,256,0
1555631300,1561734340,obim_64_2_fifo,77263700,256,0
1565059000,obim_64_2_fifo,76967485,256,0
1563753280,obim_64_2_fifo,77523243,256,0
1507417400,obim_64_4_fifo,78864488,256,0
1506888440,obim_64_4_fifo,80013668,256,0
1507101860,obim_64_4_fifo,78778824,256,0
1526554660,obim_64_4_fifo,79481992,256,0
1507391600,obim_64_4_fifo,78829333,256,0
3541357180,obim_64_8_fifo,149094778,256,0
3432841060,obim_64_8_fifo,146250053,256,0
3717472960,obim_64_8_fifo,173548018,256,0
3475927580,obim_64_8_fifo,157004141,256,0
3378818820,obim_64_8_fifo,148037039,256,0
9966074180,obim_64_10_fifo,387359693,256,0
9807137080,obim_64_10_fifo,382574589,256,0
9758509340,obim_64_10_fifo,381618173,256,0
9729454940,obim_64_10_fifo,411499079,256,0
9289760340,obim_64_10_fifo,402622807,256,0
1650426040,obim_128_0_fifo,82929799,256,0
1568512320,obim_128_0_fifo,78253354,256,0
1582722800,obim_128_0_fifo,82026256,256,0
1697025460,obim_128_0_fifo,82797104,256,0
1686861360,obim_128_0_fifo,82387240,256,0
1337500980,obim_128_2_fifo,77596249,256,0
1311941620,obim_128_2_fifo,77692364,256,0
1305798560,obim_128_2_fifo,77284231,256,0
1314165020,obim_128_2_fifo,77342354,256,0
1371086920,obim_128_2_fifo,77299766,256,0
1176089140,obim_128_4_fifo,81117200,256,0
1179870000,obim_128_4_fifo,81449930,256,0
1172191740,obim_128_4_fifo,80917569,256,0
1175765300,obim_128_4_fifo,81485219,256,0
1154160440,obim_128_4_fifo,80056114,256,0
2016385760,obim_128_8_fifo,161250012,256,0
2067644940,obim_128_8_fifo,179096232,256,0
2216094880,obim_128_8_fifo,174686923,256,0
1939008920,obim_128_8_fifo,150130332,256,0
2095170540,obim_128_8_fifo,172552971,256,0
5036528300,obim_128_10_fifo,350045206,256,0
5163854040,obim_128_10_fifo,360220526,256,0
5490486800,obim_128_10_fifo,382933755,256,0
5032031600,obim_128_10_fifo,355432821,256,0
5368877280,obim_128_10_fifo,376641186,256,0
1635449740,obim_256_0_fifo,78405870,256,0
1679124860,obim_256_0_fifo,84348935,256,0
1722257500,obim_256_0_fifo,80491111,256,0
1759404060,obim_256_0_fifo,81037975,256,0
1669030720,obim_256_0_fifo,78607156,256,0
1317680680,obim_256_2_fifo,78085229,256,0
1303228840,obim_256_2_fifo,77906136,256,0
1292725940,obim_256_2_fifo,78085300,256,0
1331651320,obim_256_2_fifo,78545701,256,0
1276378820,obim_256_2_fifo,78130423,256,0
1225510920,obim_256_4_fifo,83767878,256,0
1170983320,obim_256_4_fifo,82476288,256,0
1219749620,obim_256_4_fifo,83210937,256,0
1174969300,obim_256_4_fifo,82932743,256,0
1222960660,obim_256_4_fifo,82326663,256,0
1758884720,obim_256_8_fifo,189055598,256,0
1800514900,obim_256_8_fifo,195475519,256,0
1949963340,obim_256_8_fifo,205951808,256,0
2009655120,obim_256_8_fifo,212182824,256,0
1855577000,obim_256_8_fifo,198259000,256,0
3694950240,obim_256_10_fifo,391598576,256,0
3347258520,obim_256_10_fifo,368171142,256,0
3564795960,obim_256_10_fifo,389455768,256,0
3231654400,obim_256_10_fifo,344904851,256,0
3496916560,obim_256_10_fifo,367820532,256,0
2095945880,obim_512_0_fifo,82842171,256,0
2173316160,obim_512_0_fifo,82296373,256,0
2449626480,obim_512_0_fifo,83034579,256,0
2456534880,obim_512_0_fifo,84992188,256,0
2144205100,obim_512_0_fifo,83788287,256,0
1294702100,obim_512_2_fifo,81134898,256,0
1274080240,obim_512_2_fifo,79994693,256,0
1345194700,obim_512_2_fifo,80026040,256,0
1316876460,obim_512_2_fifo,79242345,256,0
1299371960,obim_512_2_fifo,79392314,256,0
1201175040,obim_512_4_fifo,83954447,256,0
1214130320,obim_512_4_fifo,85233171,256,0
1209002600,obim_512_4_fifo,85638349,256,0
1210809560,obim_512_4_fifo,83743151,256,0
1210444760,obim_512_4_fifo,84710054,256,0
2059884440,obim_512_8_fifo,225803437,256,0
2094807080,obim_512_8_fifo,222645684,256,0
2126752380,obim_512_8_fifo,233037595,256,0
2210441700,obim_512_8_fifo,246894379,256,0
1964369740,obim_512_8_fifo,211946506,256,0
3772371940,obim_512_10_fifo,420293365,256,0
3623322480,obim_512_10_fifo,406170456,256,0
3258211620,obim_512_10_fifo,370858355,256,0
3417537180,obim_512_10_fifo,386534589,256,0
3385285800,obim_512_10_fifo,383323537,256,0
