5018029140,obim_32_0_fifo,104911158,256,0
5096833060,obim_32_0_fifo,105420813,256,0
5038314340,obim_32_0_fifo,105040883,256,0
5008090520,obim_32_0_fifo,104543347,256,0
5026538500,obim_32_0_fifo,104705307,256,0
4878381500,obim_32_2_fifo,105799428,256,0
4908006200,obim_32_2_fifo,105580511,256,0
4878139760,obim_32_2_fifo,106042571,256,0
4840050300,obim_32_2_fifo,105258859,256,0
4957032800,obim_32_2_fifo,106086889,256,0
4911134960,obim_32_4_fifo,106704114,256,0
4765605340,obim_32_4_fifo,107327656,256,0
4844175720,obim_32_4_fifo,107519013,256,0
4821946880,obim_32_4_fifo,106376483,256,0
4872032760,obim_32_4_fifo,107411272,256,0
7451062680,obim_32_8_fifo,141152522,256,0
7348470920,obim_32_8_fifo,138700194,256,0
7466319160,obim_32_8_fifo,140992355,256,0
7544685600,obim_32_8_fifo,142493394,256,0
7519891720,obim_32_8_fifo,141017251,256,0
8675821900,obim_32_10_fifo,147601227,256,0
9119163520,obim_32_10_fifo,145834463,256,0
8942735180,obim_32_10_fifo,144457334,256,0
8541580040,obim_32_10_fifo,147418319,256,0
8797905720,obim_32_10_fifo,147711168,256,0
3972020180,obim_64_0_fifo,105602036,256,0
3982716440,obim_64_0_fifo,105644560,256,0
3953280140,obim_64_0_fifo,105677937,256,0
3925171980,obim_64_0_fifo,104975950,256,0
3968929720,obim_64_0_fifo,106246410,256,0
3835995900,obim_64_2_fifo,105617220,256,0
3872635940,obim_64_2_fifo,106058073,256,0
3883325600,obim_64_2_fifo,106608006,256,0
3856792320,obim_64_2_fifo,106062751,256,0
3911360460,obim_64_2_fifo,106356065,256,0
3909266200,obim_64_4_fifo,108929657,256,0
3945298820,obim_64_4_fifo,109068772,256,0
3877646740,obim_64_4_fifo,108533472,256,0
3916255860,obim_64_4_fifo,108049962,256,0
3933523680,obim_64_4_fifo,108737324,256,0
5331041420,obim_64_8_fifo,147831790,256,0
5172869920,obim_64_8_fifo,144340679,256,0
5252997740,obim_64_8_fifo,142367116,256,0
5179078860,obim_64_8_fifo,144702764,256,0
5002234960,obim_64_8_fifo,141409212,256,0
5879833780,obim_64_10_fifo,151760327,256,0
5931649340,obim_64_10_fifo,149932631,256,0
5664408760,obim_64_10_fifo,144100760,256,0
5751572600,obim_64_10_fifo,150336452,256,0
5845774160,obim_64_10_fifo,146815760,256,0
3499406940,obim_128_0_fifo,106342395,256,0
3503027060,obim_128_0_fifo,106041404,256,0
3498312840,obim_128_0_fifo,106036254,256,0
3463586940,obim_128_0_fifo,105873258,256,0
3482662500,obim_128_0_fifo,106017981,256,0
3435290740,obim_128_2_fifo,106937209,256,0
3491761600,obim_128_2_fifo,107879759,256,0
3494010020,obim_128_2_fifo,107787698,256,0
3499292880,obim_128_2_fifo,108169664,256,0
3502738620,obim_128_2_fifo,108182612,256,0
3531323480,obim_128_4_fifo,109688324,256,0
3518146260,obim_128_4_fifo,109762093,256,0
3502966980,obim_128_4_fifo,109417113,256,0
3502048600,obim_128_4_fifo,109788075,256,0
3502991180,obim_128_4_fifo,109515809,256,0
4834386280,obim_128_8_fifo,143648784,256,0
4788363580,obim_128_8_fifo,143698638,256,0
4719021720,obim_128_8_fifo,139772969,256,0
4850413080,obim_128_8_fifo,144943591,256,0
4763800400,obim_128_8_fifo,140445806,256,0
5073951740,obim_128_10_fifo,144366127,256,0
5116868160,obim_128_10_fifo,148269154,256,0
4963518740,obim_128_10_fifo,145147849,256,0
5109129120,obim_128_10_fifo,144479033,256,0
4971282160,obim_128_10_fifo,145976463,256,0
3398019740,obim_256_0_fifo,106689866,256,0
3342322680,obim_256_0_fifo,105732585,256,0
3416245580,obim_256_0_fifo,106242626,256,0
3239970900,obim_256_0_fifo,101960446,256,0
3433441540,obim_256_0_fifo,107132420,256,0
3402752200,obim_256_2_fifo,108612761,256,0
3401460420,obim_256_2_fifo,108484260,256,0
3403125340,obim_256_2_fifo,108621997,256,0
3371797260,obim_256_2_fifo,108066485,256,0
3341834540,obim_256_2_fifo,107615941,256,0
3386561540,obim_256_4_fifo,110282751,256,0
3380329060,obim_256_4_fifo,110220538,256,0
3402449300,obim_256_4_fifo,110601828,256,0
3362624720,obim_256_4_fifo,110012577,256,0
3389703760,obim_256_4_fifo,110427374,256,0
4959978480,obim_256_8_fifo,146449957,256,0
4865778660,obim_256_8_fifo,143156028,256,0
4839823940,obim_256_8_fifo,143564429,256,0
4846704840,obim_256_8_fifo,143194496,256,0
4766068760,obim_256_8_fifo,140893964,256,0
5029417560,obim_256_10_fifo,148752288,256,0
4945700440,obim_256_10_fifo,147324767,256,0
5014467300,obim_256_10_fifo,151092622,256,0
4928976440,obim_256_10_fifo,147913775,256,0
5011370040,obim_256_10_fifo,151770570,256,0
3465500660,obim_512_0_fifo,107364213,256,0
3401012080,obim_512_0_fifo,106614639,256,0
3398921720,obim_512_0_fifo,106606083,256,0
3421949540,obim_512_0_fifo,106733246,256,0
3399371460,obim_512_0_fifo,106773342,256,0
3385900000,obim_512_2_fifo,108363512,256,0
3390874740,obim_512_2_fifo,108064544,256,0
3407117580,obim_512_2_fifo,108482587,256,0
3418105720,obim_512_2_fifo,108491313,256,0
3408771540,obim_512_2_fifo,108503110,256,0
3447538860,obim_512_4_fifo,111389431,256,0
3460148100,obim_512_4_fifo,111430803,256,0
3420324440,obim_512_4_fifo,110972834,256,0
3435847440,obim_512_4_fifo,111162751,256,0
3448176400,obim_512_4_fifo,111180987,256,0
4946620300,obim_512_8_fifo,145589817,256,0
5171008060,obim_512_8_fifo,150120305,256,0
4870784580,obim_512_8_fifo,144278199,256,0
4914182620,obim_512_8_fifo,147886771,256,0
4835455600,obim_512_8_fifo,144204858,256,0
5115025840,obim_512_10_fifo,152150630,256,0
5043491060,obim_512_10_fifo,151799871,256,0
4998833240,obim_512_10_fifo,148368828,256,0
5201840080,obim_512_10_fifo,152729394,256,0
5160060840,obim_512_10_fifo,151587131,256,0
