1115337188,mqplnuma_4_512_4_1,41768061,128
1118068672,mqplnuma_4_512_4_1,41842161,128
1117698058,mqplnuma_4_512_4_1,41747094,128
1122837232,mqplnuma_4_512_4_1,41824788,128
1119825354,mqplnuma_4_512_4_1,41807702,128
1066310712,mqplnuma_4_512_4_2,41933802,128
1062089196,mqplnuma_4_512_4_2,41911542,128
1062575068,mqplnuma_4_512_4_2,41897572,128
1061175862,mqplnuma_4_512_4_2,41824862,128
1063185648,mqplnuma_4_512_4_2,41838526,128
997180672,mqplnuma_4_512_4_4,41776105,128
994782992,mqplnuma_4_512_4_4,41911578,128
993488324,mqplnuma_4_512_4_4,41902431,128
991964384,mqplnuma_4_512_4_4,41846232,128
989426966,mqplnuma_4_512_4_4,41710294,128
921129034,mqplnuma_4_512_4_8,42017431,128
919298484,mqplnuma_4_512_4_8,41907944,128
920854960,mqplnuma_4_512_4_8,41964741,128
919303498,mqplnuma_4_512_4_8,41812410,128
923792708,mqplnuma_4_512_4_8,41993225,128
849697096,mqplnuma_4_512_4_16,41760068,128
851498338,mqplnuma_4_512_4_16,41771387,128
851460590,mqplnuma_4_512_4_16,41922005,128
851289584,mqplnuma_4_512_4_16,41899271,128
854987756,mqplnuma_4_512_4_16,42004711,128
810888720,mqplnuma_4_512_4_32,42182126,128
810415990,mqplnuma_4_512_4_32,42253676,128
808636930,mqplnuma_4_512_4_32,42110165,128
806949950,mqplnuma_4_512_4_32,42177971,128
814520508,mqplnuma_4_512_4_32,42378319,128
774958814,mqplnuma_4_512_4_64,42564498,128
774449924,mqplnuma_4_512_4_64,42569452,128
772110664,mqplnuma_4_512_4_64,42334859,128
775492530,mqplnuma_4_512_4_64,42553452,128
774949644,mqplnuma_4_512_4_64,42549233,128
753282214,mqplnuma_4_512_4_128,43130447,128
756756566,mqplnuma_4_512_4_128,43354374,128
755908284,mqplnuma_4_512_4_128,43170186,128
755105290,mqplnuma_4_512_4_128,43270695,128
755045282,mqplnuma_4_512_4_128,43229404,128
734447378,mqplnuma_4_512_4_256,43712138,128
733743244,mqplnuma_4_512_4_256,43708376,128
737071636,mqplnuma_4_512_4_256,43871026,128
732294756,mqplnuma_4_512_4_256,43728426,128
736508778,mqplnuma_4_512_4_256,43880579,128
738097008,mqplnuma_4_512_4_512,45336189,128
731509596,mqplnuma_4_512_4_512,44941257,128
735533954,mqplnuma_4_512_4_512,45273662,128
736223932,mqplnuma_4_512_4_512,45318097,128
733071056,mqplnuma_4_512_4_512,45077279,128
744790796,mqplnuma_4_512_4_1024,47420653,128
732430046,mqplnuma_4_512_4_1024,46521377,128
746148112,mqplnuma_4_512_4_1024,47341267,128
732510410,mqplnuma_4_512_4_1024,46666650,128
740198892,mqplnuma_4_512_4_1024,46944343,128
