362474474,mqplnuma_4_2_2_1,10926459,128
365634414,mqplnuma_4_2_2_1,10935555,128
364093600,mqplnuma_4_2_2_1,10955162,128
362989948,mqplnuma_4_2_2_1,10927407,128
366844868,mqplnuma_4_2_2_1,10949684,128
348039410,mqplnuma_4_2_2_2,11004074,128
347283978,mqplnuma_4_2_2_2,10956493,128
346580150,mqplnuma_4_2_2_2,10976252,128
346215590,mqplnuma_4_2_2_2,10921611,128
347507812,mqplnuma_4_2_2_2,10993959,128
323065118,mqplnuma_4_2_2_4,10999287,128
317712616,mqplnuma_4_2_2_4,10971177,128
319605550,mqplnuma_4_2_2_4,10977502,128
319636772,mqplnuma_4_2_2_4,11014179,128
321387984,mqplnuma_4_2_2_4,11018680,128
290715064,mqplnuma_4_2_2_8,11030562,128
289310084,mqplnuma_4_2_2_8,10990829,128
289672912,mqplnuma_4_2_2_8,11030908,128
291945406,mqplnuma_4_2_2_8,11038877,128
290692178,mqplnuma_4_2_2_8,11039208,128
265139300,mqplnuma_4_2_2_16,11104523,128
265383854,mqplnuma_4_2_2_16,11054924,128
264526088,mqplnuma_4_2_2_16,11047605,128
265360850,mqplnuma_4_2_2_16,11087863,128
263907086,mqplnuma_4_2_2_16,11031507,128
248442778,mqplnuma_4_2_2_32,11125141,128
248410870,mqplnuma_4_2_2_32,11098450,128
248731868,mqplnuma_4_2_2_32,11128727,128
247904490,mqplnuma_4_2_2_32,11105882,128
247826454,mqplnuma_4_2_2_32,11116890,128
236338868,mqplnuma_4_2_2_64,11163421,128
233917072,mqplnuma_4_2_2_64,11176376,128
234150438,mqplnuma_4_2_2_64,11213390,128
234140652,mqplnuma_4_2_2_64,11185687,128
234282700,mqplnuma_4_2_2_64,11150208,128
226515252,mqplnuma_4_2_2_128,11320834,128
227321200,mqplnuma_4_2_2_128,11343784,128
226397122,mqplnuma_4_2_2_128,11333655,128
229164172,mqplnuma_4_2_2_128,11321755,128
228346868,mqplnuma_4_2_2_128,11354721,128
222682594,mqplnuma_4_2_2_256,11617807,128
223568668,mqplnuma_4_2_2_256,11664259,128
222435834,mqplnuma_4_2_2_256,11525043,128
223356678,mqplnuma_4_2_2_256,11605189,128
221262328,mqplnuma_4_2_2_256,11536291,128
222613374,mqplnuma_4_2_2_512,12020439,128
223664760,mqplnuma_4_2_2_512,12101584,128
222020008,mqplnuma_4_2_2_512,11997562,128
225022036,mqplnuma_4_2_2_512,12216513,128
221537380,mqplnuma_4_2_2_512,11980228,128
230321578,mqplnuma_4_2_2_1024,12784518,128
225783706,mqplnuma_4_2_2_1024,12468095,128
226491160,mqplnuma_4_2_2_1024,12555332,128
223291938,mqplnuma_4_2_2_1024,12319650,128
227731012,mqplnuma_4_2_2_1024,12603524,128
