1161695982,mqplnuma_4_1024_1024_1,52309935,128
1184272478,mqplnuma_4_1024_1024_1,52832341,128
1120953792,mqplnuma_4_1024_1024_1,52062802,128
1187825488,mqplnuma_4_1024_1024_1,52920196,128
1182635774,mqplnuma_4_1024_1024_1,52144089,128
1115140626,mqplnuma_4_1024_1024_2,52247143,128
1110925220,mqplnuma_4_1024_1024_2,52187176,128
1184488118,mqplnuma_4_1024_1024_2,53010579,128
1096477930,mqplnuma_4_1024_1024_2,52099691,128
1125530270,mqplnuma_4_1024_1024_2,52776712,128
1120108626,mqplnuma_4_1024_1024_4,51963938,128
1096859912,mqplnuma_4_1024_1024_4,52349907,128
1130606712,mqplnuma_4_1024_1024_4,52760363,128
1111028468,mqplnuma_4_1024_1024_4,52646380,128
1095192398,mqplnuma_4_1024_1024_4,52429904,128
1119583010,mqplnuma_4_1024_1024_8,52653142,128
1093199476,mqplnuma_4_1024_1024_8,52728672,128
1127268220,mqplnuma_4_1024_1024_8,53144963,128
1087228666,mqplnuma_4_1024_1024_8,52567832,128
1075260888,mqplnuma_4_1024_1024_8,52678449,128
1106156748,mqplnuma_4_1024_1024_16,52631834,128
1094142770,mqplnuma_4_1024_1024_16,52383698,128
1067261768,mqplnuma_4_1024_1024_16,53072031,128
1192107770,mqplnuma_4_1024_1024_16,53943266,128
1144675802,mqplnuma_4_1024_1024_16,53851777,128
1072819328,mqplnuma_4_1024_1024_32,53304257,128
1177636008,mqplnuma_4_1024_1024_32,62114978,128
1386409642,mqplnuma_4_1024_1024_32,56204551,128
1125013016,mqplnuma_4_1024_1024_32,57999224,128
1127525730,mqplnuma_4_1024_1024_32,54128880,128
1178369772,mqplnuma_4_1024_1024_64,64465853,128
1070405460,mqplnuma_4_1024_1024_64,57275136,128
1089892852,mqplnuma_4_1024_1024_64,61490697,128
1079910018,mqplnuma_4_1024_1024_64,56796386,128
1178735714,mqplnuma_4_1024_1024_64,64918992,128
1328728222,mqplnuma_4_1024_1024_128,77087488,128
1210992782,mqplnuma_4_1024_1024_128,65132764,128
1378649116,mqplnuma_4_1024_1024_128,81524213,128
1239630442,mqplnuma_4_1024_1024_128,70684025,128
1306955686,mqplnuma_4_1024_1024_128,76073423,128
1474629174,mqplnuma_4_1024_1024_256,93250841,128
1556618762,mqplnuma_4_1024_1024_256,99521953,128
1500089954,mqplnuma_4_1024_1024_256,76611081,128
1741748384,mqplnuma_4_1024_1024_256,91965856,128
1408024814,mqplnuma_4_1024_1024_256,89031258,128
1410903976,mqplnuma_4_1024_1024_512,85166508,128
1483029184,mqplnuma_4_1024_1024_512,99419866,128
1556661440,mqplnuma_4_1024_1024_512,100774445,128
1513761520,mqplnuma_4_1024_1024_512,101489714,128
1558485570,mqplnuma_4_1024_1024_512,78809989,128
1473835608,mqplnuma_4_1024_1024_1024,95649889,128
1695005296,mqplnuma_4_1024_1024_1024,110969128,128
1397358044,mqplnuma_4_1024_1024_1024,87921311,128
1475553044,mqplnuma_4_1024_1024_1024,95301619,128
1573173648,mqplnuma_4_1024_1024_1024,107410189,128
