3308457742,mqplnuma_4_1024_128_1,42809081,128
3323784322,mqplnuma_4_1024_128_1,42598441,128
3318450054,mqplnuma_4_1024_128_1,42810284,128
3220876636,mqplnuma_4_1024_128_1,42355914,128
3206268304,mqplnuma_4_1024_128_1,42947528,128
3558533992,mqplnuma_4_1024_128_2,42258120,128
3501670578,mqplnuma_4_1024_128_2,42421854,128
3707447778,mqplnuma_4_1024_128_2,43356679,128
3498383380,mqplnuma_4_1024_128_2,42476379,128
3568865860,mqplnuma_4_1024_128_2,43061581,128
3221771514,mqplnuma_4_1024_128_4,44208441,128
3402808646,mqplnuma_4_1024_128_4,44733371,128
3113402846,mqplnuma_4_1024_128_4,42856964,128
3177236434,mqplnuma_4_1024_128_4,43449725,128
3368902510,mqplnuma_4_1024_128_4,44518811,128
3336600804,mqplnuma_4_1024_128_8,43179344,128
3126283480,mqplnuma_4_1024_128_8,43531125,128
3520011414,mqplnuma_4_1024_128_8,44915368,128
3798604906,mqplnuma_4_1024_128_8,45786296,128
3222188494,mqplnuma_4_1024_128_8,42518362,128
3875462182,mqplnuma_4_1024_128_16,48902712,128
3541312156,mqplnuma_4_1024_128_16,48250404,128
3561794232,mqplnuma_4_1024_128_16,49061974,128
3435326074,mqplnuma_4_1024_128_16,48897335,128
3384851690,mqplnuma_4_1024_128_16,44947141,128
3587130320,mqplnuma_4_1024_128_32,52648847,128
3399998696,mqplnuma_4_1024_128_32,47462677,128
3919407502,mqplnuma_4_1024_128_32,51519369,128
3479440584,mqplnuma_4_1024_128_32,50931915,128
3542332242,mqplnuma_4_1024_128_32,52201378,128
3904011880,mqplnuma_4_1024_128_64,58567082,128
3554865306,mqplnuma_4_1024_128_64,54622719,128
3592471768,mqplnuma_4_1024_128_64,51903907,128
3748414698,mqplnuma_4_1024_128_64,57764928,128
3596803040,mqplnuma_4_1024_128_64,53550139,128
3838297540,mqplnuma_4_1024_128_128,59668389,128
4087954588,mqplnuma_4_1024_128_128,60731101,128
3819863528,mqplnuma_4_1024_128_128,56733106,128
3711879692,mqplnuma_4_1024_128_128,55886777,128
3964895932,mqplnuma_4_1024_128_128,50646896,128
4404153964,mqplnuma_4_1024_128_256,66945431,128
4028678726,mqplnuma_4_1024_128_256,54714913,128
4277612572,mqplnuma_4_1024_128_256,64358975,128
4073945346,mqplnuma_4_1024_128_256,57576106,128
3669010566,mqplnuma_4_1024_128_256,53790328,128
3793020708,mqplnuma_4_1024_128_512,55276781,128
4231666416,mqplnuma_4_1024_128_512,63112765,128
4207005742,mqplnuma_4_1024_128_512,59129013,128
4509697220,mqplnuma_4_1024_128_512,69634824,128
4188907292,mqplnuma_4_1024_128_512,67823205,128
4238099500,mqplnuma_4_1024_128_1024,66191170,128
4208823812,mqplnuma_4_1024_128_1024,58116623,128
4496477764,mqplnuma_4_1024_128_1024,60376928,128
4538269958,mqplnuma_4_1024_128_1024,73780972,128
4143086734,mqplnuma_4_1024_128_1024,61978380,128
