2800784252,mqplnuma_4_256_1024_1,12558474,128,0
2573159492,mqplnuma_4_256_1024_1,12559181,128,0
3143475510,mqplnuma_4_256_1024_1,12558512,128,0
2630338306,mqplnuma_4_256_1024_1,12560382,128,0
2631359044,mqplnuma_4_256_1024_1,12559460,128,0
2571661820,mqplnuma_4_256_1024_2,12557758,128,0
3414801428,mqplnuma_4_256_1024_2,12557840,128,0
2578376272,mqplnuma_4_256_1024_2,12557358,128,0
2625773328,mqplnuma_4_256_1024_2,12558796,128,0
2634225564,mqplnuma_4_256_1024_2,12557757,128,0
2619321266,mqplnuma_4_256_1024_4,12560235,128,0
2549468062,mqplnuma_4_256_1024_4,12557539,128,0
2584161594,mqplnuma_4_256_1024_4,12556867,128,0
2607941568,mqplnuma_4_256_1024_4,12557143,128,0
2724224328,mqplnuma_4_256_1024_4,12560084,128,0
2563361690,mqplnuma_4_256_1024_8,12560119,128,0
2547415930,mqplnuma_4_256_1024_8,12558661,128,0
2553622242,mqplnuma_4_256_1024_8,12561531,128,0
2706295410,mqplnuma_4_256_1024_8,12560018,128,0
2538318180,mqplnuma_4_256_1024_8,12557795,128,0
2681095142,mqplnuma_4_256_1024_16,12559058,128,0
2516515996,mqplnuma_4_256_1024_16,12558822,128,0
2754205454,mqplnuma_4_256_1024_16,12560250,128,0
2546226896,mqplnuma_4_256_1024_16,12557307,128,0
2741220138,mqplnuma_4_256_1024_16,12557868,128,0
2571955434,mqplnuma_4_256_1024_32,12562354,128,0
2554825090,mqplnuma_4_256_1024_32,12560736,128,0
2521103808,mqplnuma_4_256_1024_32,12561326,128,0
2572389120,mqplnuma_4_256_1024_32,12561306,128,0
2469067574,mqplnuma_4_256_1024_32,12562549,128,0
2556986236,mqplnuma_4_256_1024_64,12564088,128,0
2511261824,mqplnuma_4_256_1024_64,12562507,128,0
2528283052,mqplnuma_4_256_1024_64,12562728,128,0
2806402302,mqplnuma_4_256_1024_64,12562269,128,0
2476343740,mqplnuma_4_256_1024_64,12561809,128,0
2516753106,mqplnuma_4_256_1024_128,12564919,128,0
2530907680,mqplnuma_4_256_1024_128,12564668,128,0
2543389738,mqplnuma_4_256_1024_128,12563666,128,0
2488225780,mqplnuma_4_256_1024_128,12564366,128,0
2474807778,mqplnuma_4_256_1024_128,12563615,128,0
2580827842,mqplnuma_4_256_1024_256,12566813,128,0
2537071702,mqplnuma_4_256_1024_256,12565597,128,0
2469508044,mqplnuma_4_256_1024_256,12565991,128,0
2528501826,mqplnuma_4_256_1024_256,12566893,128,0
2524301762,mqplnuma_4_256_1024_256,12566079,128,0
2457266474,mqplnuma_4_256_1024_512,12566949,128,0
2523308974,mqplnuma_4_256_1024_512,12566784,128,0
2541091748,mqplnuma_4_256_1024_512,12567851,128,0
4864087700,mqplnuma_4_256_1024_512,12566705,128,0
2530326498,mqplnuma_4_256_1024_512,12565021,128,0
2593053404,mqplnuma_4_256_1024_1024,12567964,128,0
2826554890,mqplnuma_4_256_1024_1024,12570629,128,0
2511307936,mqplnuma_4_256_1024_1024,12568528,128,0
2506548052,mqplnuma_4_256_1024_1024,12567153,128,0
2486065616,mqplnuma_4_256_1024_1024,12566326,128,0
