6687405642,mqplnuma_4_128_32_1,86279690,128,10
6322659014,mqplnuma_4_128_32_1,86109107,128,10
6529734416,mqplnuma_4_128_32_1,86113219,128,10
6019311158,mqplnuma_4_128_32_1,85953186,128,10
6717994538,mqplnuma_4_128_32_1,85941806,128,10
6293988772,mqplnuma_4_128_32_2,86273930,128,10
6229867448,mqplnuma_4_128_32_2,86405869,128,10
6250072822,mqplnuma_4_128_32_2,86101343,128,10
6232812144,mqplnuma_4_128_32_2,86263783,128,10
6034147270,mqplnuma_4_128_32_2,86079347,128,10
5560378584,mqplnuma_4_128_32_4,86355605,128,10
5332131898,mqplnuma_4_128_32_4,86180914,128,10
5917379630,mqplnuma_4_128_32_4,86184000,128,10
5493074892,mqplnuma_4_128_32_4,85958322,128,10
5442376314,mqplnuma_4_128_32_4,86205348,128,10
5855658352,mqplnuma_4_128_32_8,86139913,128,10
5274499468,mqplnuma_4_128_32_8,86179283,128,10
5101627702,mqplnuma_4_128_32_8,86055883,128,10
5608853150,mqplnuma_4_128_32_8,86091133,128,10
5572851080,mqplnuma_4_128_32_8,85980520,128,10
4980897662,mqplnuma_4_128_32_16,86109674,128,10
5411005714,mqplnuma_4_128_32_16,86085973,128,10
4982387548,mqplnuma_4_128_32_16,85971886,128,10
5586310590,mqplnuma_4_128_32_16,86185052,128,10
4890239278,mqplnuma_4_128_32_16,86506286,128,10
5717843522,mqplnuma_4_128_32_32,86334345,128,10
4960182096,mqplnuma_4_128_32_32,86569335,128,10
5284659292,mqplnuma_4_128_32_32,86145866,128,10
5368174406,mqplnuma_4_128_32_32,86157296,128,10
5328893662,mqplnuma_4_128_32_32,85862809,128,10
5179768182,mqplnuma_4_128_32_64,86355202,128,10
5190033108,mqplnuma_4_128_32_64,86884827,128,10
4753497252,mqplnuma_4_128_32_64,86743159,128,10
5335690724,mqplnuma_4_128_32_64,86863429,128,10
5024075406,mqplnuma_4_128_32_64,86747705,128,10
6008395094,mqplnuma_4_128_32_128,87292004,128,10
5262400680,mqplnuma_4_128_32_128,86706616,128,10
5280826908,mqplnuma_4_128_32_128,86647118,128,10
5650153262,mqplnuma_4_128_32_128,87488505,128,10
5062446156,mqplnuma_4_128_32_128,88199151,128,10
5623042166,mqplnuma_4_128_32_256,89836070,128,10
5522650358,mqplnuma_4_128_32_256,87063838,128,10
6186164224,mqplnuma_4_128_32_256,87351735,128,10
5296570050,mqplnuma_4_128_32_256,87436778,128,10
6098683818,mqplnuma_4_128_32_256,88194710,128,10
5748910206,mqplnuma_4_128_32_512,88689817,128,10
6291827456,mqplnuma_4_128_32_512,89362474,128,10
6051186324,mqplnuma_4_128_32_512,88091670,128,10
5656881636,mqplnuma_4_128_32_512,86987807,128,10
5851272936,mqplnuma_4_128_32_512,88982150,128,10
5422482958,mqplnuma_4_128_32_1024,87577133,128,10
5814979964,mqplnuma_4_128_32_1024,88837852,128,10
6078549000,mqplnuma_4_128_32_1024,87659864,128,10
6492405598,mqplnuma_4_128_32_1024,89741813,128,10
5355513670,mqplnuma_4_128_32_1024,87921051,128,10
