973232712,mqplnuma_4_2_2_1,33122172,128,10
975426512,mqplnuma_4_2_2_1,33152219,128,10
970831894,mqplnuma_4_2_2_1,33138636,128,10
971775434,mqplnuma_4_2_2_1,33131266,128,10
975936558,mqplnuma_4_2_2_1,33188361,128,10
920769466,mqplnuma_4_2_2_2,33296012,128,10
919312832,mqplnuma_4_2_2_2,33304870,128,10
917878088,mqplnuma_4_2_2_2,33335405,128,10
917102150,mqplnuma_4_2_2_2,33287430,128,10
920491360,mqplnuma_4_2_2_2,33341016,128,10
839924210,mqplnuma_4_2_2_4,33439331,128,10
839010864,mqplnuma_4_2_2_4,33479870,128,10
840580378,mqplnuma_4_2_2_4,33472061,128,10
838127742,mqplnuma_4_2_2_4,33463547,128,10
837580726,mqplnuma_4_2_2_4,33391327,128,10
751554192,mqplnuma_4_2_2_8,33570579,128,10
750779322,mqplnuma_4_2_2_8,33523812,128,10
755953008,mqplnuma_4_2_2_8,33585335,128,10
753273124,mqplnuma_4_2_2_8,33533906,128,10
751382170,mqplnuma_4_2_2_8,33513471,128,10
679965136,mqplnuma_4_2_2_16,33615978,128,10
682978122,mqplnuma_4_2_2_16,33674597,128,10
703524632,mqplnuma_4_2_2_16,33601917,128,10
682924864,mqplnuma_4_2_2_16,33690142,128,10
679531376,mqplnuma_4_2_2_16,33625648,128,10
629467274,mqplnuma_4_2_2_32,33805732,128,10
627941594,mqplnuma_4_2_2_32,33720313,128,10
630718614,mqplnuma_4_2_2_32,33754159,128,10
629944844,mqplnuma_4_2_2_32,33780676,128,10
629248612,mqplnuma_4_2_2_32,33760539,128,10
591801894,mqplnuma_4_2_2_64,33912548,128,10
591586866,mqplnuma_4_2_2_64,33899553,128,10
593301984,mqplnuma_4_2_2_64,33938309,128,10
592449684,mqplnuma_4_2_2_64,33959872,128,10
592178674,mqplnuma_4_2_2_64,33902128,128,10
567603612,mqplnuma_4_2_2_128,34263189,128,10
566565574,mqplnuma_4_2_2_128,34241840,128,10
569453638,mqplnuma_4_2_2_128,34325986,128,10
565455488,mqplnuma_4_2_2_128,34194216,128,10
566898022,mqplnuma_4_2_2_128,34281033,128,10
552143870,mqplnuma_4_2_2_256,34790598,128,10
551571598,mqplnuma_4_2_2_256,34793632,128,10
554121876,mqplnuma_4_2_2_256,34828902,128,10
552381860,mqplnuma_4_2_2_256,34830952,128,10
552715728,mqplnuma_4_2_2_256,34745547,128,10
550923362,mqplnuma_4_2_2_512,35828011,128,10
551422128,mqplnuma_4_2_2_512,35738217,128,10
548183628,mqplnuma_4_2_2_512,35761363,128,10
549142248,mqplnuma_4_2_2_512,35776741,128,10
548457184,mqplnuma_4_2_2_512,35742252,128,10
554371404,mqplnuma_4_2_2_1024,37121986,128,10
554767704,mqplnuma_4_2_2_1024,36950329,128,10
552955498,mqplnuma_4_2_2_1024,37080505,128,10
555100562,mqplnuma_4_2_2_1024,37293661,128,10
549682682,mqplnuma_4_2_2_1024,36775888,128,10
