3369314382,mqplnuma_4_1024_1024_1,93040199,128,10
3350816786,mqplnuma_4_1024_1024_1,91153578,128,10
3323683728,mqplnuma_4_1024_1024_1,91745100,128,10
3295857626,mqplnuma_4_1024_1024_1,90935690,128,10
3371245666,mqplnuma_4_1024_1024_1,93253428,128,10
3225841950,mqplnuma_4_1024_1024_2,91774596,128,10
3297405210,mqplnuma_4_1024_1024_2,92766087,128,10
3295061552,mqplnuma_4_1024_1024_2,93076127,128,10
3425038696,mqplnuma_4_1024_1024_2,96416038,128,10
3313202642,mqplnuma_4_1024_1024_2,92832851,128,10
3212290232,mqplnuma_4_1024_1024_4,93042681,128,10
3102519730,mqplnuma_4_1024_1024_4,90663801,128,10
3149426716,mqplnuma_4_1024_1024_4,91749627,128,10
3137273258,mqplnuma_4_1024_1024_4,90835230,128,10
3143456430,mqplnuma_4_1024_1024_4,90134797,128,10
3073764090,mqplnuma_4_1024_1024_8,92190093,128,10
3216617672,mqplnuma_4_1024_1024_8,93025354,128,10
3208997962,mqplnuma_4_1024_1024_8,93602018,128,10
3155906688,mqplnuma_4_1024_1024_8,90518360,128,10
3231673798,mqplnuma_4_1024_1024_8,91031060,128,10
3103440778,mqplnuma_4_1024_1024_16,91176416,128,10
2910879604,mqplnuma_4_1024_1024_16,92341708,128,10
3012302260,mqplnuma_4_1024_1024_16,93501214,128,10
2930819832,mqplnuma_4_1024_1024_16,90523379,128,10
2984442928,mqplnuma_4_1024_1024_16,93443444,128,10
2947779830,mqplnuma_4_1024_1024_32,92085966,128,10
3060213034,mqplnuma_4_1024_1024_32,97222141,128,10
2877597014,mqplnuma_4_1024_1024_32,95159935,128,10
2805205148,mqplnuma_4_1024_1024_32,91462388,128,10
2792485464,mqplnuma_4_1024_1024_32,91850481,128,10
2995225722,mqplnuma_4_1024_1024_64,102095881,128,10
3046415032,mqplnuma_4_1024_1024_64,108005450,128,10
2823961324,mqplnuma_4_1024_1024_64,96734879,128,10
2912516542,mqplnuma_4_1024_1024_64,99002586,128,10
2954388722,mqplnuma_4_1024_1024_64,103614378,128,10
3624647000,mqplnuma_4_1024_1024_128,131808882,128,10
3007884990,mqplnuma_4_1024_1024_128,105440525,128,10
3436553692,mqplnuma_4_1024_1024_128,125076531,128,10
3641112630,mqplnuma_4_1024_1024_128,136629637,128,10
3738247088,mqplnuma_4_1024_1024_128,140562218,128,10
4048598872,mqplnuma_4_1024_1024_256,153992942,128,10
3926028230,mqplnuma_4_1024_1024_256,160775121,128,10
3481575674,mqplnuma_4_1024_1024_256,126644061,128,10
3739028596,mqplnuma_4_1024_1024_256,144046656,128,10
3957952534,mqplnuma_4_1024_1024_256,154694932,128,10
4032339668,mqplnuma_4_1024_1024_512,166634001,128,10
4270968466,mqplnuma_4_1024_1024_512,170803441,128,10
4269170352,mqplnuma_4_1024_1024_512,173476002,128,10
4210010444,mqplnuma_4_1024_1024_512,175108617,128,10
3822022346,mqplnuma_4_1024_1024_512,147200346,128,10
4718449946,mqplnuma_4_1024_1024_1024,198083077,128,10
4509151594,mqplnuma_4_1024_1024_1024,180318328,128,10
4310179568,mqplnuma_4_1024_1024_1024,180471711,128,10
4113158736,mqplnuma_4_1024_1024_1024,172237129,128,10
4304130944,mqplnuma_4_1024_1024_1024,180063012,128,10
