4867608560,mqllnuma_4_1_1_128,7719975,1
4837724240,mqllnuma_4_1_1_128,7717928,1
4824529380,mqllnuma_4_1_1_128,7717904,1
4822239940,mqllnuma_4_1_1_128,7718968,1
4825445000,mqllnuma_4_1_1_128,7719302,1
3251810240,mqllnuma_4_1_1_128,7733870,2
3235761220,mqllnuma_4_1_1_128,7732362,2
3234289460,mqllnuma_4_1_1_128,7734413,2
3145457680,mqllnuma_4_1_1_128,7733496,2
3252986400,mqllnuma_4_1_1_128,7734192,2
1575779980,mqllnuma_4_1_1_128,7764069,4
1580467900,mqllnuma_4_1_1_128,7764480,4
1575662960,mqllnuma_4_1_1_128,7762506,4
1577263560,mqllnuma_4_1_1_128,7761163,4
1578409200,mqllnuma_4_1_1_128,7760742,4
1855322980,mqllnuma_4_1_1_128,7807663,8
1934423500,mqllnuma_4_1_1_128,7808516,8
1891511400,mqllnuma_4_1_1_128,7809257,8
1903251400,mqllnuma_4_1_1_128,7806455,8
1871729680,mqllnuma_4_1_1_128,7807776,8
1136313280,mqllnuma_4_1_1_128,7884337,16
1153080680,mqllnuma_4_1_1_128,7881661,16
1162288020,mqllnuma_4_1_1_128,7880986,16
1138680260,mqllnuma_4_1_1_128,7882351,16
1160830900,mqllnuma_4_1_1_128,7881608,16
644829600,mqllnuma_4_1_1_128,8047115,32
645251960,mqllnuma_4_1_1_128,8040164,32
639617700,mqllnuma_4_1_1_128,8038539,32
649910700,mqllnuma_4_1_1_128,8042082,32
648913140,mqllnuma_4_1_1_128,8037129,32
376434200,mqllnuma_4_1_1_128,8385884,64
376896880,mqllnuma_4_1_1_128,8415371,64
377138800,mqllnuma_4_1_1_128,8405334,64
377994360,mqllnuma_4_1_1_128,8410244,64
376826220,mqllnuma_4_1_1_128,8421460,64
231663940,mqllnuma_4_1_1_128,9374184,128
232314000,mqllnuma_4_1_1_128,9358778,128
232209140,mqllnuma_4_1_1_128,9392247,128
233568780,mqllnuma_4_1_1_128,9375274,128
231764980,mqllnuma_4_1_1_128,9385717,128
181708380,mqllnuma_4_1_1_128,11610411,256
182940760,mqllnuma_4_1_1_128,11635213,256
189419860,mqllnuma_4_1_1_128,11553554,256
180783740,mqllnuma_4_1_1_128,11546626,256
186661120,mqllnuma_4_1_1_128,11597980,256
