2793123320,mqllnuma_4_16_8_256,6264522,1
2771827840,mqllnuma_4_16_8_256,6264568,1
2785837420,mqllnuma_4_16_8_256,6264499,1
2762880420,mqllnuma_4_16_8_256,6264530,1
2782797300,mqllnuma_4_16_8_256,6264702,1
1536675960,mqllnuma_4_16_8_256,6270117,2
1609159060,mqllnuma_4_16_8_256,6270303,2
1549880540,mqllnuma_4_16_8_256,6270234,2
1587162600,mqllnuma_4_16_8_256,6270534,2
1583185300,mqllnuma_4_16_8_256,6269774,2
777862300,mqllnuma_4_16_8_256,6281623,4
792613560,mqllnuma_4_16_8_256,6280803,4
782547780,mqllnuma_4_16_8_256,6281108,4
698995260,mqllnuma_4_16_8_256,6282234,4
652106940,mqllnuma_4_16_8_256,6281622,4
745746920,mqllnuma_4_16_8_256,6306726,8
746132900,mqllnuma_4_16_8_256,6305188,8
740945280,mqllnuma_4_16_8_256,6305888,8
742488960,mqllnuma_4_16_8_256,6304658,8
739991640,mqllnuma_4_16_8_256,6305036,8
405775280,mqllnuma_4_16_8_256,6359516,16
396286780,mqllnuma_4_16_8_256,6359571,16
419077140,mqllnuma_4_16_8_256,6355528,16
408005680,mqllnuma_4_16_8_256,6356391,16
404832900,mqllnuma_4_16_8_256,6356859,16
237201820,mqllnuma_4_16_8_256,6455800,32
238207400,mqllnuma_4_16_8_256,6449574,32
236517140,mqllnuma_4_16_8_256,6446978,32
237306480,mqllnuma_4_16_8_256,6450333,32
235880520,mqllnuma_4_16_8_256,6443068,32
142287240,mqllnuma_4_16_8_256,6584389,64
141876840,mqllnuma_4_16_8_256,6588220,64
141739920,mqllnuma_4_16_8_256,6601226,64
142160520,mqllnuma_4_16_8_256,6593679,64
141912780,mqllnuma_4_16_8_256,6592556,64
85555320,mqllnuma_4_16_8_256,7132339,128
86300060,mqllnuma_4_16_8_256,7210051,128
86058240,mqllnuma_4_16_8_256,7103293,128
86112140,mqllnuma_4_16_8_256,7186508,128
87366200,mqllnuma_4_16_8_256,7158083,128
72629540,mqllnuma_4_16_8_256,8160282,256
86033140,mqllnuma_4_16_8_256,8639648,256
73850460,mqllnuma_4_16_8_256,8618512,256
78811600,mqllnuma_4_16_8_256,8588947,256
77331660,mqllnuma_4_16_8_256,8600248,256
