119181993160,mqllnuma_4_16_256_4,35016511,1
116734297300,mqllnuma_4_16_256_4,35018862,1
113565854700,mqllnuma_4_16_256_4,35019495,1
113524805260,mqllnuma_4_16_256_4,35017870,1
112661032000,mqllnuma_4_16_256_4,35019126,1
56765283360,mqllnuma_4_16_256_4,35019710,2
56786700940,mqllnuma_4_16_256_4,35020497,2
56506062780,mqllnuma_4_16_256_4,35021670,2
56852688140,mqllnuma_4_16_256_4,35023853,2
56650118000,mqllnuma_4_16_256_4,35021985,2
29092158580,mqllnuma_4_16_256_4,35028962,4
28920311420,mqllnuma_4_16_256_4,35033357,4
29046760440,mqllnuma_4_16_256_4,35031398,4
28856739500,mqllnuma_4_16_256_4,35026719,4
28876979680,mqllnuma_4_16_256_4,35036070,4
15662517300,mqllnuma_4_16_256_4,35525094,8
15611139920,mqllnuma_4_16_256_4,35110803,8
15605371080,mqllnuma_4_16_256_4,35245872,8
15578592260,mqllnuma_4_16_256_4,35174579,8
15608357080,mqllnuma_4_16_256_4,35097271,8
8000189320,mqllnuma_4_16_256_4,36238740,16
7978945820,mqllnuma_4_16_256_4,35881254,16
8073087340,mqllnuma_4_16_256_4,36354765,16
8064928200,mqllnuma_4_16_256_4,36134235,16
8040029180,mqllnuma_4_16_256_4,36156268,16
4432435140,mqllnuma_4_16_256_4,37112508,32
4433901300,mqllnuma_4_16_256_4,37001608,32
4413724520,mqllnuma_4_16_256_4,37156388,32
4416448580,mqllnuma_4_16_256_4,36824733,32
4376754000,mqllnuma_4_16_256_4,36664877,32
2849293080,mqllnuma_4_16_256_4,38349808,64
2851459980,mqllnuma_4_16_256_4,38593266,64
2783976180,mqllnuma_4_16_256_4,38728127,64
2891862940,mqllnuma_4_16_256_4,38931831,64
2863907440,mqllnuma_4_16_256_4,38779329,64
3124828480,mqllnuma_4_16_256_4,40363504,128
3213796480,mqllnuma_4_16_256_4,40449104,128
3137432040,mqllnuma_4_16_256_4,40411544,128
3225862220,mqllnuma_4_16_256_4,40320966,128
3158649040,mqllnuma_4_16_256_4,40586223,128
3166896660,mqllnuma_4_16_256_4,42449098,256
3141366700,mqllnuma_4_16_256_4,42376095,256
3249079340,mqllnuma_4_16_256_4,42271610,256
3202036660,mqllnuma_4_16_256_4,42120509,256
3115051160,mqllnuma_4_16_256_4,42192781,256
