40719757100,mqllnuma_4_64_128_64,50544670,1
40780459800,mqllnuma_4_64_128_64,50543611,1
40647994720,mqllnuma_4_64_128_64,50543974,1
40613788380,mqllnuma_4_64_128_64,50546432,1
40814242820,mqllnuma_4_64_128_64,50545540,1
21378828480,mqllnuma_4_64_128_64,50547779,2
21429505320,mqllnuma_4_64_128_64,50547531,2
21306950680,mqllnuma_4_64_128_64,50547668,2
21318249520,mqllnuma_4_64_128_64,50547829,2
21414072640,mqllnuma_4_64_128_64,50547988,2
10946873220,mqllnuma_4_64_128_64,50556558,4
10959130360,mqllnuma_4_64_128_64,50553619,4
10977663820,mqllnuma_4_64_128_64,50554260,4
10946900780,mqllnuma_4_64_128_64,50554582,4
11000745100,mqllnuma_4_64_128_64,50554126,4
6336096560,mqllnuma_4_64_128_64,50558989,8
6297535260,mqllnuma_4_64_128_64,50555197,8
6337710620,mqllnuma_4_64_128_64,50561662,8
6323275180,mqllnuma_4_64_128_64,50559648,8
6330751680,mqllnuma_4_64_128_64,50557406,8
3347206580,mqllnuma_4_64_128_64,50569608,16
3357234020,mqllnuma_4_64_128_64,50588213,16
3356934320,mqllnuma_4_64_128_64,50592005,16
3335097840,mqllnuma_4_64_128_64,50574305,16
3358820600,mqllnuma_4_64_128_64,50570270,16
1841492320,mqllnuma_4_64_128_64,50599612,32
1832587560,mqllnuma_4_64_128_64,50618157,32
1846455100,mqllnuma_4_64_128_64,50597505,32
1847369220,mqllnuma_4_64_128_64,50595687,32
1845136940,mqllnuma_4_64_128_64,50592917,32
1114768980,mqllnuma_4_64_128_64,50743861,64
1154300540,mqllnuma_4_64_128_64,50660171,64
1098748820,mqllnuma_4_64_128_64,50851109,64
1108339660,mqllnuma_4_64_128_64,50786575,64
1121291500,mqllnuma_4_64_128_64,50742733,64
945735240,mqllnuma_4_64_128_64,50966829,128
947363580,mqllnuma_4_64_128_64,52206393,128
960843360,mqllnuma_4_64_128_64,53726044,128
961004280,mqllnuma_4_64_128_64,51598574,128
947172720,mqllnuma_4_64_128_64,52272164,128
849558800,mqllnuma_4_64_128_64,53479095,256
873988620,mqllnuma_4_64_128_64,54194060,256
812513380,mqllnuma_4_64_128_64,51439600,256
862867460,mqllnuma_4_64_128_64,56001764,256
805581600,mqllnuma_4_64_128_64,52781927,256
