64111267680,mqllnuma_4_1024_128_2,47894693,1,0
64323942240,mqllnuma_4_1024_128_2,47894693,1,0
64218549220,mqllnuma_4_1024_128_2,47894693,1,0
64150546740,mqllnuma_4_1024_128_2,47894693,1,0
64291743980,mqllnuma_4_1024_128_2,47894693,1,0
36436912280,mqllnuma_4_1024_128_2,47898170,2,0
36467403280,mqllnuma_4_1024_128_2,47897987,2,0
36476305220,mqllnuma_4_1024_128_2,47897781,2,0
36414614940,mqllnuma_4_1024_128_2,47897937,2,0
36430727620,mqllnuma_4_1024_128_2,47898097,2,0
20837023300,mqllnuma_4_1024_128_2,47899954,4,0
20831058280,mqllnuma_4_1024_128_2,47899696,4,0
20867147980,mqllnuma_4_1024_128_2,47900071,4,0
20853754260,mqllnuma_4_1024_128_2,47899847,4,0
20866712660,mqllnuma_4_1024_128_2,47899958,4,0
12675707760,mqllnuma_4_1024_128_2,47902337,8,0
12679453240,mqllnuma_4_1024_128_2,47902152,8,0
12664926240,mqllnuma_4_1024_128_2,47901908,8,0
12688555840,mqllnuma_4_1024_128_2,47901931,8,0
12695897580,mqllnuma_4_1024_128_2,47901968,8,0
7907737500,mqllnuma_4_1024_128_2,47904863,16,0
7905213700,mqllnuma_4_1024_128_2,47905105,16,0
7895381200,mqllnuma_4_1024_128_2,47905191,16,0
7893803840,mqllnuma_4_1024_128_2,47905168,16,0
7898583800,mqllnuma_4_1024_128_2,47905061,16,0
5648775740,mqllnuma_4_1024_128_2,47911031,32,0
5629678420,mqllnuma_4_1024_128_2,47911344,32,0
5647847500,mqllnuma_4_1024_128_2,47910354,32,0
5636641720,mqllnuma_4_1024_128_2,47910567,32,0
5646667800,mqllnuma_4_1024_128_2,47910480,32,0
5098230860,mqllnuma_4_1024_128_2,47921855,64,0
5191310520,mqllnuma_4_1024_128_2,47923129,64,0
5033470640,mqllnuma_4_1024_128_2,47921832,64,0
5145833860,mqllnuma_4_1024_128_2,47923267,64,0
5086649980,mqllnuma_4_1024_128_2,47923061,64,0
6345923540,mqllnuma_4_1024_128_2,47948803,128,0
6361141200,mqllnuma_4_1024_128_2,47947868,128,0
6323517360,mqllnuma_4_1024_128_2,47947884,128,0
6259230100,mqllnuma_4_1024_128_2,47950394,128,0
6485309620,mqllnuma_4_1024_128_2,47949615,128,0
4120103960,mqllnuma_4_1024_128_2,48033768,256,0
4499992040,mqllnuma_4_1024_128_2,48030767,256,0
4055020680,mqllnuma_4_1024_128_2,48024874,256,0
3824684060,mqllnuma_4_1024_128_2,48027382,256,0
4054328660,mqllnuma_4_1024_128_2,48028170,256,0
