19455772200,mqllnuma_4_4_8_512,12524207,1,0
19545507580,mqllnuma_4_4_8_512,12524207,1,0
19168777300,mqllnuma_4_4_8_512,12524207,1,0
18967589500,mqllnuma_4_4_8_512,12524207,1,0
18343202960,mqllnuma_4_4_8_512,12524207,1,0
10820328840,mqllnuma_4_4_8_512,12532050,2,0
10667606280,mqllnuma_4_4_8_512,12532093,2,0
10488687940,mqllnuma_4_4_8_512,12531987,2,0
10625898340,mqllnuma_4_4_8_512,12532068,2,0
10325801700,mqllnuma_4_4_8_512,12532035,2,0
5693478460,mqllnuma_4_4_8_512,12534269,4,0
5673406880,mqllnuma_4_4_8_512,12534061,4,0
5688833160,mqllnuma_4_4_8_512,12533772,4,0
5672057200,mqllnuma_4_4_8_512,12533786,4,0
5638094640,mqllnuma_4_4_8_512,12533926,4,0
3678706360,mqllnuma_4_4_8_512,12534823,8,0
3676338400,mqllnuma_4_4_8_512,12534794,8,0
3646808520,mqllnuma_4_4_8_512,12534881,8,0
3658023740,mqllnuma_4_4_8_512,12534697,8,0
3640659060,mqllnuma_4_4_8_512,12535098,8,0
2311653080,mqllnuma_4_4_8_512,12536921,16,0
2294144160,mqllnuma_4_4_8_512,12536792,16,0
2293837140,mqllnuma_4_4_8_512,12537047,16,0
2287320800,mqllnuma_4_4_8_512,12537030,16,0
2293701500,mqllnuma_4_4_8_512,12537201,16,0
1589308560,mqllnuma_4_4_8_512,12540275,32,0
1593520200,mqllnuma_4_4_8_512,12540342,32,0
1592359480,mqllnuma_4_4_8_512,12540324,32,0
1591998700,mqllnuma_4_4_8_512,12540701,32,0
1588080120,mqllnuma_4_4_8_512,12540199,32,0
1447587180,mqllnuma_4_4_8_512,12548507,64,0
1445350940,mqllnuma_4_4_8_512,12548332,64,0
1449642760,mqllnuma_4_4_8_512,12547601,64,0
1451094720,mqllnuma_4_4_8_512,12548446,64,0
1457379620,mqllnuma_4_4_8_512,12548163,64,0
1662725260,mqllnuma_4_4_8_512,12575975,128,0
1697275680,mqllnuma_4_4_8_512,12575487,128,0
1704624500,mqllnuma_4_4_8_512,12575562,128,0
1740962100,mqllnuma_4_4_8_512,12576570,128,0
1763073540,mqllnuma_4_4_8_512,12575375,128,0
1667033340,mqllnuma_4_4_8_512,12608250,256,0
1641007460,mqllnuma_4_4_8_512,12605020,256,0
1725040560,mqllnuma_4_4_8_512,12607252,256,0
1684335640,mqllnuma_4_4_8_512,12605372,256,0
1730421320,mqllnuma_4_4_8_512,12604836,256,0
