3327186560,mqllnuma_4_1_1_64,6715935,1,10
3320397240,mqllnuma_4_1_1_64,6716016,1,10
3319356860,mqllnuma_4_1_1_64,6715956,1,10
3323107020,mqllnuma_4_1_1_64,6715992,1,10
3298240480,mqllnuma_4_1_1_64,6715985,1,10
2242689200,mqllnuma_4_1_1_64,6717660,2,10
2288511160,mqllnuma_4_1_1_64,6721558,2,10
2252786260,mqllnuma_4_1_1_64,6717564,2,10
2277828900,mqllnuma_4_1_1_64,6717361,2,10
2276617520,mqllnuma_4_1_1_64,6717245,2,10
1134377760,mqllnuma_4_1_1_64,6719577,4,10
1137019180,mqllnuma_4_1_1_64,6719697,4,10
1139059700,mqllnuma_4_1_1_64,6719437,4,10
1131047000,mqllnuma_4_1_1_64,6719611,4,10
1135814080,mqllnuma_4_1_1_64,6719327,4,10
1470886480,mqllnuma_4_1_1_64,6729737,8,10
1446712900,mqllnuma_4_1_1_64,6729537,8,10
1452992900,mqllnuma_4_1_1_64,6729254,8,10
1457392700,mqllnuma_4_1_1_64,6729999,8,10
1443511020,mqllnuma_4_1_1_64,6729089,8,10
887000920,mqllnuma_4_1_1_64,6764742,16,10
877114940,mqllnuma_4_1_1_64,6764250,16,10
876525300,mqllnuma_4_1_1_64,6763030,16,10
862518440,mqllnuma_4_1_1_64,6763774,16,10
889571320,mqllnuma_4_1_1_64,6762658,16,10
497944920,mqllnuma_4_1_1_64,6887841,32,10
495770680,mqllnuma_4_1_1_64,6893175,32,10
494927720,mqllnuma_4_1_1_64,6891935,32,10
501663660,mqllnuma_4_1_1_64,6889325,32,10
500187560,mqllnuma_4_1_1_64,6888104,32,10
295455200,mqllnuma_4_1_1_64,7306180,64,10
293920100,mqllnuma_4_1_1_64,7319719,64,10
294387520,mqllnuma_4_1_1_64,7310181,64,10
294522320,mqllnuma_4_1_1_64,7321862,64,10
295218780,mqllnuma_4_1_1_64,7319977,64,10
195858320,mqllnuma_4_1_1_64,8549080,128,10
195825640,mqllnuma_4_1_1_64,8592218,128,10
194887360,mqllnuma_4_1_1_64,8612155,128,10
196127420,mqllnuma_4_1_1_64,8525006,128,10
195942100,mqllnuma_4_1_1_64,8572031,128,10
171338640,mqllnuma_4_1_1_64,11339686,256,10
170151140,mqllnuma_4_1_1_64,11314413,256,10
169122820,mqllnuma_4_1_1_64,11315868,256,10
182934180,mqllnuma_4_1_1_64,11322565,256,10
178164960,mqllnuma_4_1_1_64,11273780,256,10
