183494414800,mqllnuma_4_1024_512_1024,86299003,1,10
182934986760,mqllnuma_4_1024_512_1024,85424281,1,10
182450969740,mqllnuma_4_1024_512_1024,85054265,1,10
182230702080,mqllnuma_4_1024_512_1024,85325296,1,10
183311737320,mqllnuma_4_1024_512_1024,85432677,1,10
92759164320,mqllnuma_4_1024_512_1024,86943180,2,10
92147296800,mqllnuma_4_1024_512_1024,85770909,2,10
92171943120,mqllnuma_4_1024_512_1024,85733766,2,10
91991537460,mqllnuma_4_1024_512_1024,85272447,2,10
92534222120,mqllnuma_4_1024_512_1024,86491131,2,10
46030267520,mqllnuma_4_1024_512_1024,85418437,4,10
46359650380,mqllnuma_4_1024_512_1024,85778290,4,10
46558676560,mqllnuma_4_1024_512_1024,86426596,4,10
46637929620,mqllnuma_4_1024_512_1024,86774957,4,10
46227392840,mqllnuma_4_1024_512_1024,86041347,4,10
24441206620,mqllnuma_4_1024_512_1024,86874558,8,10
24354570180,mqllnuma_4_1024_512_1024,86258846,8,10
24341697840,mqllnuma_4_1024_512_1024,85994812,8,10
24252994460,mqllnuma_4_1024_512_1024,86403274,8,10
24405060100,mqllnuma_4_1024_512_1024,86339681,8,10
12816370140,mqllnuma_4_1024_512_1024,89232730,16,10
12666291560,mqllnuma_4_1024_512_1024,88142409,16,10
12738681680,mqllnuma_4_1024_512_1024,89045653,16,10
12743702760,mqllnuma_4_1024_512_1024,89694914,16,10
12719943000,mqllnuma_4_1024_512_1024,88497730,16,10
6744678160,mqllnuma_4_1024_512_1024,89516088,32,10
6709004060,mqllnuma_4_1024_512_1024,89190318,32,10
6771956740,mqllnuma_4_1024_512_1024,90491527,32,10
6758783140,mqllnuma_4_1024_512_1024,89795991,32,10
6821288580,mqllnuma_4_1024_512_1024,92054555,32,10
4160147540,mqllnuma_4_1024_512_1024,90388379,64,10
4218016820,mqllnuma_4_1024_512_1024,90495545,64,10
4074105640,mqllnuma_4_1024_512_1024,90986663,64,10
4223530240,mqllnuma_4_1024_512_1024,91085275,64,10
4280005980,mqllnuma_4_1024_512_1024,91559500,64,10
4204001040,mqllnuma_4_1024_512_1024,93147643,128,10
4788700320,mqllnuma_4_1024_512_1024,92336485,128,10
4291333400,mqllnuma_4_1024_512_1024,91994969,128,10
4719082540,mqllnuma_4_1024_512_1024,91625812,128,10
4540763240,mqllnuma_4_1024_512_1024,92764402,128,10
5940578420,mqllnuma_4_1024_512_1024,97746830,256,10
5256750860,mqllnuma_4_1024_512_1024,97000680,256,10
5328147300,mqllnuma_4_1024_512_1024,97211572,256,10
5278600500,mqllnuma_4_1024_512_1024,96061186,256,10
5317136460,mqllnuma_4_1024_512_1024,98927244,256,10
