353075520,smqhmnuma_8_2_1,47981530,256
353674700,smqhmnuma_8_2_1,47969315,256
354476640,smqhmnuma_8_2_1,48266977,256
353820220,smqhmnuma_8_2_1,48153138,256
352811920,smqhmnuma_8_2_1,48072206,256
364231600,smqhmnuma_8_2_2,49000335,256
360332520,smqhmnuma_8_2_2,48733771,256
354324260,smqhmnuma_8_2_2,48042959,256
365885660,smqhmnuma_8_2_2,49793203,256
352443800,smqhmnuma_8_2_2,47993835,256
356941500,smqhmnuma_8_2_4,48211957,256
355748320,smqhmnuma_8_2_4,48357319,256
355650020,smqhmnuma_8_2_4,48137292,256
360521100,smqhmnuma_8_2_4,48625692,256
356163620,smqhmnuma_8_2_4,48429662,256
359117920,smqhmnuma_8_2_8,48591294,256
356751660,smqhmnuma_8_2_8,48341574,256
353854560,smqhmnuma_8_2_8,47938603,256
357127820,smqhmnuma_8_2_8,48014005,256
383303740,smqhmnuma_8_2_8,48292780,256
357598500,smqhmnuma_8_2_16,48581135,256
357643000,smqhmnuma_8_2_16,48639490,256
358859660,smqhmnuma_8_2_16,48393347,256
356267980,smqhmnuma_8_2_16,48185251,256
357289240,smqhmnuma_8_2_16,48271545,256
362668300,smqhmnuma_8_2_32,49157523,256
364411740,smqhmnuma_8_2_32,48494656,256
359132120,smqhmnuma_8_2_32,48469859,256
357649600,smqhmnuma_8_2_32,48440442,256
351595800,smqhmnuma_8_2_32,47510950,256
357139500,smqhmnuma_8_2_64,48264514,256
357706220,smqhmnuma_8_2_64,48509363,256
358282300,smqhmnuma_8_2_64,48466562,256
355145560,smqhmnuma_8_2_64,48179666,256
356109180,smqhmnuma_8_2_64,47784443,256
355324640,smqhmnuma_8_2_128,48368881,256
359334340,smqhmnuma_8_2_128,47992885,256
359220660,smqhmnuma_8_2_128,48747632,256
357240280,smqhmnuma_8_2_128,48492325,256
355094340,smqhmnuma_8_2_128,48090786,256
353665740,smqhmnuma_8_2_256,48292359,256
354830320,smqhmnuma_8_2_256,48337461,256
354594440,smqhmnuma_8_2_256,48380935,256
357254000,smqhmnuma_8_2_256,48942059,256
353450200,smqhmnuma_8_2_256,48194344,256
353657100,smqhmnuma_8_2_512,48467769,256
353498400,smqhmnuma_8_2_512,48479008,256
351810200,smqhmnuma_8_2_512,48069453,256
356350000,smqhmnuma_8_2_512,48723221,256
355990360,smqhmnuma_8_2_512,48767400,256
355194980,smqhmnuma_8_2_1024,48383033,256
354886660,smqhmnuma_8_2_1024,48475550,256
351071420,smqhmnuma_8_2_1024,47922166,256
352182220,smqhmnuma_8_2_1024,48065194,256
359530800,smqhmnuma_8_2_1024,48697807,256
