52754900,smqhmnuma_4_1_1,7270558,256
54856940,smqhmnuma_4_1_1,7324455,256
53706160,smqhmnuma_4_1_1,7293155,256
53915940,smqhmnuma_4_1_1,7259604,256
52933120,smqhmnuma_4_1_1,7289124,256
53773980,smqhmnuma_4_1_2,7255442,256
52564920,smqhmnuma_4_1_2,7243294,256
53430740,smqhmnuma_4_1_2,7249892,256
53092660,smqhmnuma_4_1_2,7294499,256
53074460,smqhmnuma_4_1_2,7252230,256
55261720,smqhmnuma_4_1_4,7355703,256
52871160,smqhmnuma_4_1_4,7264403,256
52248160,smqhmnuma_4_1_4,7286302,256
51730480,smqhmnuma_4_1_4,7255814,256
52298740,smqhmnuma_4_1_4,7316309,256
52210400,smqhmnuma_4_1_8,7248470,256
52756180,smqhmnuma_4_1_8,7281764,256
52580860,smqhmnuma_4_1_8,7248817,256
51816220,smqhmnuma_4_1_8,7259467,256
51998240,smqhmnuma_4_1_8,7241424,256
53081000,smqhmnuma_4_1_16,7289525,256
53862860,smqhmnuma_4_1_16,7303106,256
53157940,smqhmnuma_4_1_16,7313999,256
52416480,smqhmnuma_4_1_16,7260740,256
54647160,smqhmnuma_4_1_16,7268502,256
53653300,smqhmnuma_4_1_32,7255976,256
56297960,smqhmnuma_4_1_32,7284243,256
53553200,smqhmnuma_4_1_32,7251552,256
53314580,smqhmnuma_4_1_32,7291904,256
54214560,smqhmnuma_4_1_32,7301405,256
54101760,smqhmnuma_4_1_64,7271455,256
53514760,smqhmnuma_4_1_64,7292281,256
53542080,smqhmnuma_4_1_64,7251107,256
53988920,smqhmnuma_4_1_64,7297023,256
53359620,smqhmnuma_4_1_64,7261373,256
53110780,smqhmnuma_4_1_128,7397686,256
53118060,smqhmnuma_4_1_128,7296339,256
52908160,smqhmnuma_4_1_128,7274282,256
52440200,smqhmnuma_4_1_128,7300664,256
53561740,smqhmnuma_4_1_128,7276992,256
51864020,smqhmnuma_4_1_256,7300588,256
54804900,smqhmnuma_4_1_256,7257055,256
53034720,smqhmnuma_4_1_256,7263393,256
52277740,smqhmnuma_4_1_256,7243042,256
52270040,smqhmnuma_4_1_256,7284437,256
52646420,smqhmnuma_4_1_512,7255738,256
54105200,smqhmnuma_4_1_512,7313030,256
53813620,smqhmnuma_4_1_512,7317943,256
53723800,smqhmnuma_4_1_512,7277148,256
52396760,smqhmnuma_4_1_512,7293188,256
51903520,smqhmnuma_4_1_1024,7248378,256
52317420,smqhmnuma_4_1_1024,7276053,256
52350840,smqhmnuma_4_1_1024,7242745,256
52151580,smqhmnuma_4_1_1024,7262826,256
53213700,smqhmnuma_4_1_1024,7243606,256
