836084520,smqhmnuma_32_32_1,54583432,256
867406440,smqhmnuma_32_32_1,53649622,256
822436100,smqhmnuma_32_32_1,54341992,256
863409600,smqhmnuma_32_32_1,53778686,256
804110780,smqhmnuma_32_32_1,55312428,256
830024880,smqhmnuma_32_32_2,54508891,256
902203560,smqhmnuma_32_32_2,56225031,256
900816580,smqhmnuma_32_32_2,54706663,256
1126432760,smqhmnuma_32_32_2,58583419,256
779642700,smqhmnuma_32_32_2,54828989,256
797956520,smqhmnuma_32_32_4,54136887,256
813054260,smqhmnuma_32_32_4,54302875,256
851344260,smqhmnuma_32_32_4,54193010,256
828212600,smqhmnuma_32_32_4,54276394,256
831392960,smqhmnuma_32_32_4,53762036,256
905411340,smqhmnuma_32_32_8,57736977,256
841146240,smqhmnuma_32_32_8,55708808,256
826631340,smqhmnuma_32_32_8,55314620,256
892572860,smqhmnuma_32_32_8,57268259,256
871409220,smqhmnuma_32_32_8,54538640,256
825028980,smqhmnuma_32_32_16,53986880,256
791108780,smqhmnuma_32_32_16,54633152,256
799168380,smqhmnuma_32_32_16,53843354,256
843297620,smqhmnuma_32_32_16,54015963,256
822612980,smqhmnuma_32_32_16,54254813,256
870788540,smqhmnuma_32_32_32,54607734,256
852383840,smqhmnuma_32_32_32,54412359,256
831791060,smqhmnuma_32_32_32,54561213,256
804198880,smqhmnuma_32_32_32,53777692,256
816856020,smqhmnuma_32_32_32,54180399,256
808686360,smqhmnuma_32_32_64,54402465,256
810644400,smqhmnuma_32_32_64,53402721,256
803331600,smqhmnuma_32_32_64,53210795,256
828343100,smqhmnuma_32_32_64,54893451,256
817630360,smqhmnuma_32_32_64,54572207,256
817522740,smqhmnuma_32_32_128,54466502,256
802169580,smqhmnuma_32_32_128,53334722,256
826918820,smqhmnuma_32_32_128,53596330,256
822839900,smqhmnuma_32_32_128,53716283,256
796549460,smqhmnuma_32_32_128,53622780,256
855136500,smqhmnuma_32_32_256,54402880,256
831048040,smqhmnuma_32_32_256,54745060,256
833390380,smqhmnuma_32_32_256,54113569,256
805994460,smqhmnuma_32_32_256,55088226,256
878873740,smqhmnuma_32_32_256,55079813,256
799496660,smqhmnuma_32_32_512,54025287,256
833016820,smqhmnuma_32_32_512,54574382,256
824684680,smqhmnuma_32_32_512,55664879,256
821363040,smqhmnuma_32_32_512,55065865,256
826792140,smqhmnuma_32_32_512,55233633,256
824808040,smqhmnuma_32_32_1024,54482330,256
819619320,smqhmnuma_32_32_1024,54102540,256
800928500,smqhmnuma_32_32_1024,53108680,256
838813820,smqhmnuma_32_32_1024,53939352,256
826824160,smqhmnuma_32_32_1024,54270814,256
