160466780,smqhmnuma_4_1_1,25461270,256
160632560,smqhmnuma_4_1_1,25483547,256
160489160,smqhmnuma_4_1_1,25486682,256
160928200,smqhmnuma_4_1_1,25530286,256
160103620,smqhmnuma_4_1_1,25505133,256
158510120,smqhmnuma_4_1_2,25495278,256
158645480,smqhmnuma_4_1_2,25453068,256
161096080,smqhmnuma_4_1_2,25456918,256
160421980,smqhmnuma_4_1_2,25490961,256
158609860,smqhmnuma_4_1_2,25471755,256
158607640,smqhmnuma_4_1_4,25477642,256
159459920,smqhmnuma_4_1_4,25514185,256
159248600,smqhmnuma_4_1_4,25426752,256
158079960,smqhmnuma_4_1_4,25469691,256
158892400,smqhmnuma_4_1_4,25476021,256
159022280,smqhmnuma_4_1_8,25452719,256
158309360,smqhmnuma_4_1_8,25447292,256
158658500,smqhmnuma_4_1_8,25426617,256
158837620,smqhmnuma_4_1_8,25459347,256
158506900,smqhmnuma_4_1_8,25488819,256
160599700,smqhmnuma_4_1_16,25443653,256
158854520,smqhmnuma_4_1_16,25487464,256
158708660,smqhmnuma_4_1_16,25436488,256
158829440,smqhmnuma_4_1_16,25489941,256
158321260,smqhmnuma_4_1_16,25410999,256
164975700,smqhmnuma_4_1_32,25454470,256
176784060,smqhmnuma_4_1_32,25490509,256
160997400,smqhmnuma_4_1_32,25452024,256
160732680,smqhmnuma_4_1_32,25474932,256
160686320,smqhmnuma_4_1_32,25484975,256
159695960,smqhmnuma_4_1_64,25407329,256
159649040,smqhmnuma_4_1_64,25426741,256
161120360,smqhmnuma_4_1_64,25449119,256
160114180,smqhmnuma_4_1_64,25418616,256
160455560,smqhmnuma_4_1_64,25463533,256
161431060,smqhmnuma_4_1_128,25438780,256
159713260,smqhmnuma_4_1_128,25479077,256
159082880,smqhmnuma_4_1_128,25454645,256
159163660,smqhmnuma_4_1_128,25445188,256
159794740,smqhmnuma_4_1_128,25461529,256
158663960,smqhmnuma_4_1_256,25449070,256
159785760,smqhmnuma_4_1_256,25449136,256
158824960,smqhmnuma_4_1_256,25464770,256
159110260,smqhmnuma_4_1_256,25480452,256
159406020,smqhmnuma_4_1_256,25459899,256
162649800,smqhmnuma_4_1_512,25488984,256
159402060,smqhmnuma_4_1_512,25499938,256
159701000,smqhmnuma_4_1_512,25463044,256
159500660,smqhmnuma_4_1_512,25547997,256
159345680,smqhmnuma_4_1_512,25508068,256
158456940,smqhmnuma_4_1_1024,25427854,256
158443780,smqhmnuma_4_1_1024,25465621,256
158305080,smqhmnuma_4_1_1024,25460944,256
159736620,smqhmnuma_4_1_1024,25467917,256
161135640,smqhmnuma_4_1_1024,25549617,256
