2795869320,smqhmnuma_8_32_1,51074526,256
2945937760,smqhmnuma_8_32_1,52833478,256
2895120800,smqhmnuma_8_32_1,54912296,256
2893318960,smqhmnuma_8_32_1,53777565,256
3034504820,smqhmnuma_8_32_1,55947279,256
2858959780,smqhmnuma_8_32_2,51264658,256
2868617780,smqhmnuma_8_32_2,55126981,256
3153669720,smqhmnuma_8_32_2,49856593,256
2899493600,smqhmnuma_8_32_2,54602104,256
2919866440,smqhmnuma_8_32_2,52848527,256
2970869640,smqhmnuma_8_32_4,52740446,256
2934256280,smqhmnuma_8_32_4,51880773,256
2872331440,smqhmnuma_8_32_4,51623579,256
2873129080,smqhmnuma_8_32_4,52216356,256
2896086960,smqhmnuma_8_32_4,52778037,256
2831202760,smqhmnuma_8_32_8,53044292,256
2909257040,smqhmnuma_8_32_8,54326184,256
2945015060,smqhmnuma_8_32_8,53620707,256
2989307500,smqhmnuma_8_32_8,54138922,256
2955857100,smqhmnuma_8_32_8,54454892,256
3234254960,smqhmnuma_8_32_16,57489451,256
2838657920,smqhmnuma_8_32_16,50690203,256
2966996580,smqhmnuma_8_32_16,55698772,256
2848313060,smqhmnuma_8_32_16,51958964,256
2819926040,smqhmnuma_8_32_16,52328207,256
2825930300,smqhmnuma_8_32_32,51411181,256
2840348300,smqhmnuma_8_32_32,53670687,256
2913012940,smqhmnuma_8_32_32,52576346,256
2934628440,smqhmnuma_8_32_32,49636256,256
2916443100,smqhmnuma_8_32_32,54927293,256
2812208680,smqhmnuma_8_32_64,51365618,256
2966310820,smqhmnuma_8_32_64,57013463,256
2918973020,smqhmnuma_8_32_64,53942052,256
2914448060,smqhmnuma_8_32_64,53180498,256
2830402960,smqhmnuma_8_32_64,52158020,256
2842777700,smqhmnuma_8_32_128,51893626,256
2889951240,smqhmnuma_8_32_128,52962334,256
2877555600,smqhmnuma_8_32_128,54504505,256
2901236460,smqhmnuma_8_32_128,54465377,256
2914357440,smqhmnuma_8_32_128,51075732,256
2933765440,smqhmnuma_8_32_256,52583490,256
2923387100,smqhmnuma_8_32_256,53492077,256
2898193600,smqhmnuma_8_32_256,52839613,256
2793906160,smqhmnuma_8_32_256,50851009,256
2899562040,smqhmnuma_8_32_256,54258607,256
2884019880,smqhmnuma_8_32_512,52883588,256
2968354660,smqhmnuma_8_32_512,54449394,256
2852674620,smqhmnuma_8_32_512,53164160,256
2814815660,smqhmnuma_8_32_512,50250254,256
2966506280,smqhmnuma_8_32_512,52136958,256
2931308920,smqhmnuma_8_32_1024,51577707,256
2814123740,smqhmnuma_8_32_1024,50993596,256
3028289920,smqhmnuma_8_32_1024,52328809,256
2929704860,smqhmnuma_8_32_1024,53483580,256
2905053900,smqhmnuma_8_32_1024,54121152,256
