2187352740,smqhmnuma_32_64_1,47997589,256,0
2344269640,smqhmnuma_32_64_1,48006043,256,0
2082616340,smqhmnuma_32_64_1,48026477,256,0
2912545060,smqhmnuma_32_64_1,48019524,256,0
2139301560,smqhmnuma_32_64_1,48025211,256,0
2623227160,smqhmnuma_32_64_2,48014108,256,0
2864420580,smqhmnuma_32_64_2,48028844,256,0
2239446100,smqhmnuma_32_64_2,48043012,256,0
2108869260,smqhmnuma_32_64_2,48003227,256,0
2562373800,smqhmnuma_32_64_2,48023764,256,0
2192808680,smqhmnuma_32_64_4,48030502,256,0
2844084120,smqhmnuma_32_64_4,48015413,256,0
2173043700,smqhmnuma_32_64_4,48008791,256,0
2271558500,smqhmnuma_32_64_4,48000424,256,0
2694356300,smqhmnuma_32_64_4,48011663,256,0
2671165440,smqhmnuma_32_64_8,48024150,256,0
2496311020,smqhmnuma_32_64_8,48002819,256,0
2922557380,smqhmnuma_32_64_8,48012172,256,0
2550366720,smqhmnuma_32_64_8,48009204,256,0
2341975620,smqhmnuma_32_64_8,48005785,256,0
2845091920,smqhmnuma_32_64_16,48007869,256,0
2149434640,smqhmnuma_32_64_16,48026941,256,0
2382326200,smqhmnuma_32_64_16,48014127,256,0
3074305680,smqhmnuma_32_64_16,48041923,256,0
2318411220,smqhmnuma_32_64_16,48008581,256,0
2245069900,smqhmnuma_32_64_32,47994670,256,0
2325070640,smqhmnuma_32_64_32,48054289,256,0
2256640320,smqhmnuma_32_64_32,48028935,256,0
2515160480,smqhmnuma_32_64_32,48014879,256,0
2690200460,smqhmnuma_32_64_32,48002211,256,0
2266882040,smqhmnuma_32_64_64,48028471,256,0
2888244500,smqhmnuma_32_64_64,48015902,256,0
2512692560,smqhmnuma_32_64_64,48006899,256,0
2215254400,smqhmnuma_32_64_64,48050102,256,0
2593471500,smqhmnuma_32_64_64,48007203,256,0
2173579580,smqhmnuma_32_64_128,48007813,256,0
2645814880,smqhmnuma_32_64_128,48005133,256,0
2751888940,smqhmnuma_32_64_128,48004087,256,0
2807103660,smqhmnuma_32_64_128,48011798,256,0
2513587420,smqhmnuma_32_64_128,48014327,256,0
2239096040,smqhmnuma_32_64_256,48023699,256,0
2406591120,smqhmnuma_32_64_256,48026476,256,0
2380015080,smqhmnuma_32_64_256,48080184,256,0
2304295700,smqhmnuma_32_64_256,48004222,256,0
2763788560,smqhmnuma_32_64_256,48016251,256,0
2293098700,smqhmnuma_32_64_512,48023809,256,0
2253842200,smqhmnuma_32_64_512,48027642,256,0
2359698740,smqhmnuma_32_64_512,48044822,256,0
2195066820,smqhmnuma_32_64_512,48017151,256,0
2194969540,smqhmnuma_32_64_512,48004668,256,0
2837361620,smqhmnuma_32_64_1024,48009174,256,0
2493662600,smqhmnuma_32_64_1024,48008717,256,0
2992605780,smqhmnuma_32_64_1024,48008430,256,0
2876261820,smqhmnuma_32_64_1024,48001760,256,0
2393235620,smqhmnuma_32_64_1024,48000791,256,0
