263986480,smqhmnuma_4_1_1,39828106,256,10
263462260,smqhmnuma_4_1_1,39693430,256,10
261086300,smqhmnuma_4_1_1,39575606,256,10
303674920,smqhmnuma_4_1_1,39987757,256,10
262149040,smqhmnuma_4_1_1,39668564,256,10
262249900,smqhmnuma_4_1_2,39559253,256,10
262434540,smqhmnuma_4_1_2,39711398,256,10
261762180,smqhmnuma_4_1_2,39454277,256,10
263016440,smqhmnuma_4_1_2,39757823,256,10
264695880,smqhmnuma_4_1_2,39655946,256,10
263745900,smqhmnuma_4_1_4,39767488,256,10
263935100,smqhmnuma_4_1_4,39618392,256,10
264265500,smqhmnuma_4_1_4,39711042,256,10
265771280,smqhmnuma_4_1_4,39705323,256,10
264482240,smqhmnuma_4_1_4,39716410,256,10
261705660,smqhmnuma_4_1_8,39492415,256,10
264174240,smqhmnuma_4_1_8,39758426,256,10
262476580,smqhmnuma_4_1_8,39646168,256,10
263046100,smqhmnuma_4_1_8,39743459,256,10
262881400,smqhmnuma_4_1_8,39458332,256,10
262060060,smqhmnuma_4_1_16,39684113,256,10
265694880,smqhmnuma_4_1_16,39855405,256,10
262310240,smqhmnuma_4_1_16,39557692,256,10
262643560,smqhmnuma_4_1_16,39519773,256,10
262838340,smqhmnuma_4_1_16,39537899,256,10
260753580,smqhmnuma_4_1_32,39578867,256,10
279954840,smqhmnuma_4_1_32,39750984,256,10
262832560,smqhmnuma_4_1_32,39822099,256,10
262174660,smqhmnuma_4_1_32,39453763,256,10
263176720,smqhmnuma_4_1_32,39639884,256,10
262423500,smqhmnuma_4_1_64,39670926,256,10
263998140,smqhmnuma_4_1_64,39678814,256,10
264894660,smqhmnuma_4_1_64,39612417,256,10
263547880,smqhmnuma_4_1_64,39799865,256,10
263823880,smqhmnuma_4_1_64,39701870,256,10
265165840,smqhmnuma_4_1_128,39590961,256,10
263678220,smqhmnuma_4_1_128,39579343,256,10
265670100,smqhmnuma_4_1_128,39704002,256,10
264528200,smqhmnuma_4_1_128,39565102,256,10
263225500,smqhmnuma_4_1_128,39635416,256,10
262268480,smqhmnuma_4_1_256,39655384,256,10
286020360,smqhmnuma_4_1_256,39615690,256,10
262421460,smqhmnuma_4_1_256,39544291,256,10
264343600,smqhmnuma_4_1_256,39684325,256,10
262185380,smqhmnuma_4_1_256,39375847,256,10
262196560,smqhmnuma_4_1_512,39604806,256,10
263713720,smqhmnuma_4_1_512,39677157,256,10
264481020,smqhmnuma_4_1_512,39777835,256,10
265538340,smqhmnuma_4_1_512,39655437,256,10
263431140,smqhmnuma_4_1_512,39497090,256,10
261880860,smqhmnuma_4_1_1024,39586749,256,10
264002600,smqhmnuma_4_1_1024,39822181,256,10
263034840,smqhmnuma_4_1_1024,39719450,256,10
263131900,smqhmnuma_4_1_1024,39614663,256,10
265038600,smqhmnuma_4_1_1024,39753152,256,10
