3621049640,slsmqhm_8_2,6262104,1
3605602520,slsmqhm_8_2,6262104,1
3637791020,slsmqhm_8_2,6262104,1
3606276440,slsmqhm_8_2,6262104,1
3600632560,slsmqhm_8_2,6262104,1
2200843340,slsmqhm_8_2,6266638,2
2182965620,slsmqhm_8_2,6266108,2
2226279020,slsmqhm_8_2,6266788,2
2199345780,slsmqhm_8_2,6266574,2
2199117780,slsmqhm_8_2,6266292,2
1000736460,slsmqhm_8_2,6267447,4
987998640,slsmqhm_8_2,6267501,4
1002521040,slsmqhm_8_2,6267275,4
990616640,slsmqhm_8_2,6267349,4
1005374840,slsmqhm_8_2,6267693,4
776183680,slsmqhm_8_2,6272370,8
776303720,slsmqhm_8_2,6272377,8
782845480,slsmqhm_8_2,6272531,8
788177880,slsmqhm_8_2,6271910,8
789273540,slsmqhm_8_2,6272349,8
479071680,slsmqhm_8_2,6282244,16
480961060,slsmqhm_8_2,6281653,16
487222460,slsmqhm_8_2,6281146,16
490296760,slsmqhm_8_2,6283603,16
484998760,slsmqhm_8_2,6282667,16
282016100,slsmqhm_8_2,6304253,32
279887220,slsmqhm_8_2,6306331,32
279579720,slsmqhm_8_2,6308081,32
280862420,slsmqhm_8_2,6307284,32
277692100,slsmqhm_8_2,6309332,32
166411780,slsmqhm_8_2,6395131,64
165903640,slsmqhm_8_2,6386633,64
165705820,slsmqhm_8_2,6385056,64
164450400,slsmqhm_8_2,6390998,64
165962100,slsmqhm_8_2,6380358,64
105800840,slsmqhm_8_2,6652158,128
105069940,slsmqhm_8_2,6666920,128
104524120,slsmqhm_8_2,6657489,128
108120380,slsmqhm_8_2,6663075,128
105082120,slsmqhm_8_2,6667627,128
79861760,slsmqhm_8_2,7311895,256
77660620,slsmqhm_8_2,7326159,256
79955680,slsmqhm_8_2,7273415,256
77822240,slsmqhm_8_2,7303176,256
78650940,slsmqhm_8_2,7328120,256
