20200720340,slsmqhm_8_2,25660216,1,10
20295384900,slsmqhm_8_2,25660216,1,10
20127831100,slsmqhm_8_2,25660216,1,10
20429571820,slsmqhm_8_2,25660216,1,10
20595248940,slsmqhm_8_2,25660216,1,10
11445921300,slsmqhm_8_2,25663863,2,10
11437154480,slsmqhm_8_2,25663692,2,10
11262240820,slsmqhm_8_2,25663522,2,10
11497354860,slsmqhm_8_2,25663195,2,10
11475105440,slsmqhm_8_2,25663874,2,10
5482179220,slsmqhm_8_2,25668956,4,10
5532909420,slsmqhm_8_2,25669909,4,10
5469528020,slsmqhm_8_2,25669528,4,10
5462517180,slsmqhm_8_2,25668881,4,10
5531823740,slsmqhm_8_2,25669765,4,10
4526142660,slsmqhm_8_2,25690125,8,10
4510933100,slsmqhm_8_2,25690498,8,10
4524855720,slsmqhm_8_2,25690243,8,10
4549335180,slsmqhm_8_2,25690965,8,10
4550587580,slsmqhm_8_2,25690839,8,10
2486320080,slsmqhm_8_2,25825267,16,10
2508036540,slsmqhm_8_2,25822635,16,10
2508384820,slsmqhm_8_2,25824356,16,10
2509128340,slsmqhm_8_2,25822630,16,10
2457587000,slsmqhm_8_2,25822546,16,10
1344824880,slsmqhm_8_2,26310414,32,10
1339256820,slsmqhm_8_2,26312268,32,10
1334522800,slsmqhm_8_2,26316637,32,10
1340376080,slsmqhm_8_2,26308733,32,10
1333937800,slsmqhm_8_2,26311044,32,10
792085220,slsmqhm_8_2,27738901,64,10
791928140,slsmqhm_8_2,27726854,64,10
795915780,slsmqhm_8_2,27735848,64,10
794424380,slsmqhm_8_2,27712187,64,10
791946420,slsmqhm_8_2,27718197,64,10
489012680,slsmqhm_8_2,31044504,128,10
490716900,slsmqhm_8_2,31074542,128,10
501181940,slsmqhm_8_2,31114781,128,10
487776120,slsmqhm_8_2,31063454,128,10
488740040,slsmqhm_8_2,31056313,128,10
370929240,slsmqhm_8_2,37977970,256,10
370644680,slsmqhm_8_2,37932697,256,10
371800040,slsmqhm_8_2,37974427,256,10
388931660,slsmqhm_8_2,37923156,256,10
370723660,slsmqhm_8_2,37899689,256,10
