5907083480,hmq4,29012594,4
5900445640,hmq4,29011485,4
5899815220,hmq4,29009437,4
5919829580,hmq4,29011164,4
5918693680,hmq4,29011286,4
6851133060,hmq4,29110906,8
6947068380,hmq4,29114760,8
6840893320,hmq4,29116739,8
7058857420,hmq4,29111677,8
7177970320,hmq4,29115601,8
4159396860,hmq4,29271174,16
4302517800,hmq4,29271137,16
4158293540,hmq4,29270865,16
4204739480,hmq4,29275040,16
4181829780,hmq4,29274603,16
2335212520,hmq4,29577586,32
2372789080,hmq4,29582969,32
2371013700,hmq4,29569902,32
2390256380,hmq4,29581701,32
2370064980,hmq4,29579757,32
1334576760,hmq4,30257718,64
1335037880,hmq4,30269404,64
1336018920,hmq4,30259321,64
1334455160,hmq4,30259533,64
1335967900,hmq4,30284898,64
922398500,hmq4,31727095,128
922041980,hmq4,31780221,128
930683380,hmq4,31743395,128
922710360,hmq4,31769096,128
923327120,hmq4,31741645,128
658194360,hmq4,35702370,256
693448160,hmq4,35741367,256
681533480,hmq4,35710470,256
675005320,hmq4,35803786,256
663015440,hmq4,35728642,256
28814231620,spraylist,31207831,1
29364249240,spraylist,31207831,1
28582817340,spraylist,31207831,1
28843154420,spraylist,31207831,1
29327822960,spraylist,31207831,1
18951435620,spraylist,28907205,4
18838990980,spraylist,28906448,4
19019412660,spraylist,28905241,4
19081797380,spraylist,28905951,4
19432221200,spraylist,28908518,4
15934717640,spraylist,29240041,8
15967947480,spraylist,29236294,8
16104266700,spraylist,29235398,8
15897086720,spraylist,29231764,8
15926241760,spraylist,29230809,8
11002596840,spraylist,30391594,16
11022658640,spraylist,30415655,16
10967061080,spraylist,30407337,16
11013595680,spraylist,30397199,16
11013546380,spraylist,30406547,16
8368060840,spraylist,32899277,32
8365734240,spraylist,32837759,32
8210214060,spraylist,32822914,32
8249925880,spraylist,32900469,32
8238463400,spraylist,32883101,32
8131509420,spraylist,43219733,64
8208855340,spraylist,43458688,64
8161089720,spraylist,43491705,64
8243663220,spraylist,43447033,64
8166877880,spraylist,43458588,64
15073521560,spraylist,64206506,128
14410099720,spraylist,61707662,128
14865318740,spraylist,63927628,128
14929494880,spraylist,63563548,128
14746350080,spraylist,61575433,128
22468678240,spraylist,101663604,256
22089396620,spraylist,101214910,256
22710206140,spraylist,100755822,256
22143875440,spraylist,102950924,256
22443487980,spraylist,102106789,256
18400695600,heapswarm,31207719,1
18438473780,heapswarm,31207719,1
18398795780,heapswarm,31207719,1
18370013000,heapswarm,31207719,1
18369699560,heapswarm,31207719,1
11252491920,heapswarm,28929365,2
12150539880,heapswarm,31261475,2
12131256100,heapswarm,31261018,2
11337242700,heapswarm,28923770,2
11135693040,heapswarm,28925775,2
5821080140,heapswarm,29119943,4
5814114220,heapswarm,29122184,4
5815500060,heapswarm,29130557,4
5813403980,heapswarm,29120834,4
5822183020,heapswarm,29139918,4
7742935100,heapswarm,30609350,8
7758871080,heapswarm,30908599,8
7835049700,heapswarm,30521176,8
7989837300,heapswarm,30785565,8
7718232280,heapswarm,30481328,8
4411833660,heapswarm,29836506,16
4581106940,heapswarm,29868216,16
4407411060,heapswarm,29884992,16
4402181640,heapswarm,29851662,16
4599263540,heapswarm,29928599,16
2801262620,heapswarm,30274204,32
2517489940,heapswarm,30213984,32
2504052100,heapswarm,30208441,32
2882632880,heapswarm,30206427,32
2679494240,heapswarm,30384207,32
1521022900,heapswarm,30678886,64
1526470280,heapswarm,30668998,64
1528795540,heapswarm,30745695,64
1533646300,heapswarm,30774849,64
1525588040,heapswarm,30674020,64
1090688540,heapswarm,32493414,128
1101086940,heapswarm,32604034,128
1093692920,heapswarm,32370064,128
1097643180,heapswarm,32547578,128
1102107280,heapswarm,32441918,128
640395160,heapswarm,33569619,256
627451420,heapswarm,33648618,256
672000080,heapswarm,33610289,256
631451840,heapswarm,33641886,256
632466200,heapswarm,33646841,256
