2548954080,hmq4,6262376,1
2570559900,hmq4,6262402,1
2551870220,hmq4,6262390,1
11552360,2556203480,1895904720,hmq4,6263074,2
1899074880,hmq4,6263318,2
1895751740,hmq4,6263765,2
1867935960,hmq4,6263032,2
1881320880,hmq4,6262984,2
973598480,hmq4,6264141,4
975662180,hmq4,6264143,4
974036440,hmq4,6264148,4
971843060,hmq4,6264168,4
971514020,hmq4,6264128,4
1290197160,hmq4,6266441,8
1271995200,hmq4,6266299,8
1248084020,hmq4,6266379,8
1272576700,hmq4,6266255,8
1275844720,hmq4,6266384,8
779155680,hmq4,6271220,16
778238920,hmq4,6271227,16
772123700,hmq4,6271192,16
781469460,hmq4,6271276,16
757529680,hmq4,6271054,16
430197820,hmq4,6281498,32
432217060,hmq4,6281148,32
439758740,hmq4,6281475,32
439745760,hmq4,6281427,32
433689400,hmq4,6281400,32
247070560,hmq4,6305827,64
247076540,hmq4,6305480,64
247425280,hmq4,6303716,64
247062100,hmq4,6303311,64
246299480,hmq4,6305259,64
169772780,hmq4,6356573,128
169573940,hmq4,6356511,128
169604120,hmq4,6355287,128
169757520,hmq4,6354942,128
170158900,hmq4,6358699,128
126609860,hmq4,6477917,256
119293560,hmq4,6477668,256
120999640,hmq4,6473653,256
142886200,hmq4,6478314,256
122526620,hmq4,6475450,256
4293026700,spraylist,6262104,1
4324965440,spraylist,6262104,1
4284532520,spraylist,6262104,1
4239814580,spraylist,6262104,1
4285236300,spraylist,6262104,1
3685475360,spraylist,6262109,2
3614972980,spraylist,6262104,2
3644923540,spraylist,6262106,2
3610382640,spraylist,6262106,2
3598219780,spraylist,6262108,2
2118383380,spraylist,6262183,4
2127863200,spraylist,6262190,4
2122703440,spraylist,6262201,4
2126870980,spraylist,6262227,4
2113170780,spraylist,6262176,4
2867406000,spraylist,6263273,8
2857221420,spraylist,6263549,8
2856309740,spraylist,6263473,8
2846310240,spraylist,6263494,8
2844790920,spraylist,6263493,8
2048163600,spraylist,6279508,16
2045874680,spraylist,6279675,16
2045113280,spraylist,6279001,16
2057760900,spraylist,6279905,16
2050480340,spraylist,6278000,16
1397732020,spraylist,6348940,32
1430656820,spraylist,6346992,32
1454545300,spraylist,6345463,32
1383950360,spraylist,6344838,32
1413999500,spraylist,6348999,32
1536570560,spraylist,6927803,64
1530557520,spraylist,6948788,64
1522537880,spraylist,6910779,64
1537270240,spraylist,6993365,64
1551929240,spraylist,6968454,64
4763864740,spraylist,8724014,128
4467134880,spraylist,9130303,128
4917075380,spraylist,8397965,128
4647192300,spraylist,8490080,128
4618372980,spraylist,8658216,128
9413697120,spraylist,8500390,256
9584707320,spraylist,8788613,256
9397109140,spraylist,8937514,256
9680295860,spraylist,8659043,256
10002195860,spraylist,8660811,256
2779721640,heapswarm,6262104,1
2848953800,heapswarm,6262104,1
2855824740,heapswarm,6262104,1
2862707800,heapswarm,6262104,1
2824177860,heapswarm,6262104,1
1713230280,heapswarm,6338535,2
1678602660,heapswarm,6292729,2
1709696840,heapswarm,6301173,2
1671027940,heapswarm,6300013,2
1680062180,heapswarm,6297152,2
912840720,heapswarm,6298133,4
1063463900,heapswarm,6749508,4
949008540,heapswarm,6402975,4
1038482000,heapswarm,6613435,4
1052036980,heapswarm,6705357,4
1483195600,heapswarm,7179142,8
1480931800,heapswarm,7201764,8
1482860040,heapswarm,7219222,8
1502971280,heapswarm,7228619,8
1468797880,heapswarm,7125200,8
863878680,heapswarm,6848658,16
855176660,heapswarm,6805393,16
822627820,heapswarm,6682685,16
1029250840,heapswarm,6987894,16
870033720,heapswarm,6842104,16
533681460,heapswarm,6960428,32
505829480,heapswarm,6868109,32
576148780,heapswarm,6921610,32
540753780,heapswarm,6938870,32
583348520,heapswarm,6940612,32
309990340,heapswarm,6987868,64
305206440,heapswarm,7010870,64
308652480,heapswarm,6927371,64
306044740,heapswarm,6925447,64
306623740,heapswarm,6939432,64
236040880,heapswarm,7282375,128
239215940,heapswarm,7320446,128
239714620,heapswarm,7256178,128
241346460,heapswarm,7256899,128
235654200,heapswarm,7262910,128
155087400,heapswarm,7405290,256
147324460,heapswarm,7252974,256
147329280,heapswarm,7303100,256
177436060,heapswarm,8275638,256
149435700,heapswarm,7318172,256
