10161786680,hmq4,23948045,1
10107304200,hmq4,23948035,1
10141725120,10119872640,10143142560,hmq4,23948052,1
7517538540,hmq4,23949653,2
7517286980,hmq4,23949903,2
7465556900,7511733940,hmq4,23949625,2
7494009520,hmq4,23949568,2
3827267740,hmq4,23952892,4
3833544200,hmq4,23952551,4
3826953720,hmq4,23952602,4
3821206120,hmq4,23952679,4
3834877840,hmq4,23952422,4
4919406420,hmq4,23956344,8
4848397280,hmq4,23956305,8
4912059260,hmq4,23956026,8
4878651440,hmq4,23956190,8
5009477720,hmq4,23956091,8
3053348940,hmq4,23965068,16
3001101260,hmq4,23965244,16
2995375160,hmq4,23965225,16
2979467840,hmq4,23965231,16
2994945520,hmq4,23965416,16
1669507660,hmq4,23983798,32
1694536540,hmq4,23984400,32
1663397020,hmq4,23984157,32
1687099300,hmq4,23984375,32
1679640980,hmq4,23983741,32
961857460,hmq4,24024933,64
960858760,hmq4,24025494,64
962904620,hmq4,24024441,64
962786920,hmq4,24025110,64
960187060,hmq4,24024200,64
653630120,hmq4,24124357,128
655941820,hmq4,24122015,128
659213720,hmq4,24118977,128
658737500,hmq4,24124154,128
657209340,hmq4,24120853,128
445155300,hmq4,24342599,256
472055580,hmq4,24339732,256
448630600,hmq4,24349659,256
456703720,hmq4,24346443,256
455193960,hmq4,24344985,256
17027978280,spraylist,23947347,1
17055776460,spraylist,23947347,1
16893661100,spraylist,23947347,1
16868883120,spraylist,23947347,1
16776088640,spraylist,23947347,1
13973400020,spraylist,23947348,2
13918750200,spraylist,23947349,2
13858211660,spraylist,23947350,2
2305931760,13861642420,spraylist,23947350,2
8445490500,spraylist,23947429,4
8433118680,spraylist,23947421,4
8418108800,spraylist,23947436,4
8416752120,spraylist,23947401,4
8433657200,spraylist,23947412,4
10920770280,spraylist,23948614,8
10846435080,spraylist,23948718,8
10806238700,spraylist,23948759,8
10736961540,spraylist,23948699,8
10915400180,spraylist,23948947,8
7703228060,spraylist,23964347,16
7727525920,spraylist,23963959,16
7684957380,spraylist,23964318,16
7696281060,spraylist,23966215,16
7742215960,spraylist,23964656,16
5291058260,spraylist,24042457,32
5309982280,spraylist,24036734,32
5308140220,spraylist,24033564,32
5251711540,spraylist,24040741,32
5334163380,spraylist,24033141,32
4280043100,spraylist,24914597,64
4233092180,spraylist,24954796,64
4258948160,spraylist,24934413,64
4250098960,spraylist,24932030,64
4266630660,spraylist,24868350,64
7319404780,spraylist,28307100,128
7269470180,spraylist,28623599,128
7452162940,spraylist,28783344,128
7036704420,spraylist,28541454,128
7141438360,spraylist,28532852,128
14198695020,spraylist,37248962,256
14083338920,spraylist,36239792,256
14584345140,spraylist,34600996,256
13592535600,spraylist,37454767,256
15072153720,spraylist,33799268,256
11786689300,heapswarm,23947347,1
11820104060,heapswarm,23947347,1
11772615540,heapswarm,23947347,1
11838128880,heapswarm,23947347,1
11681806400,heapswarm,23947347,1
6701632980,heapswarm,24261709,2
6783936180,heapswarm,24362405,2
6817891240,heapswarm,24321907,2
6741883040,heapswarm,24273646,2
6679335400,heapswarm,24291035,2
3955169860,heapswarm,25130452,4
4091628340,heapswarm,25450742,4
3977461180,heapswarm,25254464,4
4038537100,heapswarm,25329302,4
4112700420,heapswarm,25563766,4
5939507600,heapswarm,27520162,8
5735279380,heapswarm,27521993,8
5626416820,heapswarm,27359388,8
5953565960,heapswarm,27746725,8
5924840420,heapswarm,27549433,8
4062942340,heapswarm,26922794,16
4092085740,heapswarm,27097802,16
3644495960,heapswarm,26427326,16
4039421180,heapswarm,27204640,16
3960370100,heapswarm,27003758,16
2040524480,heapswarm,26614150,32
1911155260,heapswarm,26062793,32
2220436200,heapswarm,27504851,32
2037477600,heapswarm,26631612,32
2162971620,heapswarm,26649389,32
1173610380,heapswarm,26695770,64
1185117580,heapswarm,26904549,64
1187524780,heapswarm,27068204,64
1194160020,heapswarm,26761702,64
1186868020,heapswarm,26706845,64
1068922480,heapswarm,28848763,128
909029040,heapswarm,28215958,128
925977980,heapswarm,28291801,128
963871400,heapswarm,28533360,128
1019406760,heapswarm,30668071,128
622974280,heapswarm,29600634,256
821703540,heapswarm,36386397,256
643798980,heapswarm,30479495,256
880091800,heapswarm,37904952,256
687873140,heapswarm,31827140,256
