28246312620,hmq4,50543123,2
28070223040,hmq4,50542934,2
28336047960,hmq4,50542959,2
28082150880,hmq4,50542896,2
28220338740,hmq4,50543073,2
15669480420,hmq4,50543292,4
15575122320,hmq4,50543338,4
15428447980,hmq4,50543609,4
15595598300,hmq4,50543174,4
15586535980,hmq4,50543166,4
14932711580,hmq4,50544206,8
14782611760,hmq4,50544454,8
15149046340,hmq4,50543930,8
14815926200,hmq4,50543928,8
14917653940,hmq4,50543933,8
8863201240,hmq4,50544624,16
8907340180,hmq4,50544716,16
8938541260,hmq4,50545353,16
8675773460,hmq4,50545685,16
8692070280,hmq4,50545029,16
4968280760,hmq4,50545414,32
5017012520,hmq4,50546078,32
4995883500,hmq4,50551008,32
5005617080,hmq4,50546815,32
5003548600,hmq4,50546705,32
2999651900,hmq4,50548029,64
3028173540,hmq4,50553143,64
2995829200,hmq4,50550612,64
3000965100,hmq4,50548377,64
3000972560,hmq4,50548213,64
2488858280,hmq4,50553713,128
2506061140,hmq4,50554403,128
2512329700,hmq4,50553452,128
2483551140,hmq4,50554938,128
2561385120,hmq4,50553461,128
2077032620,hmq4,50566293,256
2153029220,hmq4,50564939,256
2167496680,hmq4,50565479,256
2104020120,hmq4,50566952,256
2129409940,hmq4,50570103,256
50953314880,spraylist,50542646,1
51096035260,spraylist,50542646,1
51041798980,spraylist,50542646,1
50953877040,spraylist,50542646,1
50994956540,spraylist,50542646,1
28540437420,37314194780,spraylist,50542646,2
28616189300,37479560080,spraylist,50542646,2
9976444480,22033533800,spraylist,50542646,4
21958841800,spraylist,50542647,4
22112455780,spraylist,50542660,4
22029002760,spraylist,50542658,4
22073786980,spraylist,50542661,4
23764699680,spraylist,50542802,8
23768016040,spraylist,50542706,8
23569657280,spraylist,50542755,8
23684553240,spraylist,50542784,8
23730829220,spraylist,50542722,8
15382867400,spraylist,50542815,16
15433893120,spraylist,50542756,16
15406440840,spraylist,50542903,16
15404379920,spraylist,50543040,16
15388889160,spraylist,50543030,16
10056515180,spraylist,50543000,32
10085134960,spraylist,50543047,32
10092068760,spraylist,50542998,32
10126281180,spraylist,50543085,32
10116424680,spraylist,50543052,32
6938557100,spraylist,50543953,64
6977229540,spraylist,50544257,64
6952391820,spraylist,50544780,64
6961626940,spraylist,50544440,64
7015631240,spraylist,50544118,64
5948216020,spraylist,50547835,128
6163488000,spraylist,50568321,128
5954465420,spraylist,50547054,128
5936436200,spraylist,50547544,128
5937651260,spraylist,50556230,128
3605047440,spraylist,50591102,256
3782775040,spraylist,50576679,256
3561620080,spraylist,50567340,256
3584072280,spraylist,50554279,256
3585155540,spraylist,50559589,256
39251907580,heapswarm,50542646,1
39264615760,heapswarm,50542646,1
39245960260,heapswarm,50542646,1
39265661300,heapswarm,50542646,1
39279348700,heapswarm,50542646,1
22749527620,heapswarm,50597929,2
23369507740,heapswarm,50559635,2
22750269940,heapswarm,50691315,2
22614920520,heapswarm,50543958,2
23425300220,heapswarm,50748101,2
14714279220,heapswarm,51678580,4
14394631700,heapswarm,51645443,4
14781929340,heapswarm,52040936,4
14455505440,heapswarm,51430281,4
14930754780,heapswarm,51755473,4
11558777000,heapswarm,51350024,8
11353042860,heapswarm,51059740,8
11701838060,heapswarm,51177789,8
11826923400,heapswarm,51035685,8
11275756460,heapswarm,50788737,8
7366025300,heapswarm,50939546,16
7439984040,heapswarm,51090669,16
7210032180,heapswarm,51063394,16
7254324600,heapswarm,51221441,16
7589077160,heapswarm,51387665,16
4160552380,heapswarm,50692532,32
4163363600,heapswarm,50796298,32
4289603060,heapswarm,50603457,32
4212770620,heapswarm,50662721,32
4174274460,heapswarm,50704798,32
2427446740,heapswarm,50659575,64
2436837940,heapswarm,50774268,64
2446384920,heapswarm,51028430,64
2447583780,heapswarm,50769832,64
2448589200,heapswarm,50829978,64
1978172660,heapswarm,52408292,128
1900493380,heapswarm,52340414,128
1935088760,heapswarm,52290113,128
1918510960,heapswarm,52410143,128
1949119220,heapswarm,52443064,128
1678012100,heapswarm,57889176,256
1467685500,heapswarm,53918646,256
1419134360,heapswarm,54120451,256
1818540740,heapswarm,60449646,256
1466738300,heapswarm,55073681,256
