60987597320,hmq4,35016166,2
60635076480,hmq4,35016225,2
61002159960,hmq4,35016156,2
60781827820,hmq4,35016821,2
60401942040,hmq4,35016168,2
31662015720,hmq4,35020229,4
31723665000,hmq4,35017468,4
31707184580,hmq4,35016291,4
31780330240,hmq4,35016519,4
31784289640,hmq4,35017077,4
20038743620,hmq4,35023076,8
19862303100,hmq4,35022993,8
19870389500,hmq4,35022560,8
19813590200,hmq4,35022951,8
19957806000,hmq4,35023557,8
10906913680,hmq4,35195098,16
10675412500,hmq4,35065415,16
10719497820,hmq4,35056317,16
10761558080,hmq4,35046746,16
10836130060,hmq4,35057595,16
5991990400,hmq4,35631026,32
5933605420,hmq4,35348654,32
5987145640,hmq4,35734124,32
6011287200,hmq4,35881581,32
5966286040,hmq4,35511130,32
3851068320,hmq4,37812433,64
3766030560,hmq4,36682212,64
3733669500,hmq4,36953120,64
3858167140,hmq4,37412264,64
3784053300,hmq4,36831500,64
3823865320,hmq4,38593877,128
3861049500,hmq4,38435707,128
3849524920,hmq4,38555741,128
3817689640,hmq4,38764865,128
3843348520,hmq4,38706066,128
3795458900,hmq4,39922181,256
3714688140,hmq4,39876940,256
3787610300,hmq4,39961857,256
3745887100,hmq4,39950293,256
3764522100,hmq4,39809562,256
186874765920,spraylist,35016137,1
186615521880,spraylist,35016137,1
186070343440,spraylist,35016137,1
185661328300,spraylist,35016137,1
185705732540,spraylist,35016137,1
86524338100,88094572500,spraylist,35016138,2
88225980940,spraylist,35016138,2
88419510840,spraylist,35016138,2
88526107520,spraylist,35016137,2
47046250780,spraylist,35019608,4
47022563560,spraylist,35016677,4
47211087240,spraylist,35019444,4
46985611200,spraylist,35017773,4
47071556900,spraylist,35017936,4
30571514480,spraylist,35018200,8
30587808160,spraylist,35019982,8
30521330840,spraylist,35020364,8
30525195360,spraylist,35019397,8
30447514240,spraylist,35018206,8
17645625160,spraylist,35021643,16
17558831200,spraylist,35024696,16
17589554780,spraylist,35026474,16
17550543700,spraylist,35023336,16
17588716660,spraylist,35022349,16
10472536220,spraylist,35415209,32
10541258040,spraylist,35558778,32
10536675500,spraylist,35407288,32
10543745320,spraylist,35477345,32
10524037560,spraylist,35261184,32
7043248160,spraylist,36330443,64
6989817760,spraylist,36265049,64
7020811120,spraylist,36307500,64
7010715620,spraylist,36373025,64
7017602400,spraylist,36425480,64
6332432280,spraylist,36984670,128
6473379540,spraylist,37659863,128
6370382220,spraylist,37391560,128
6341386600,spraylist,37166868,128
6382376740,spraylist,37497004,128
5056042020,spraylist,38152415,256
5023271940,spraylist,38295936,256
5087659240,spraylist,38096607,256
5006118040,spraylist,38135818,256
5171832560,spraylist,38842791,256
119911867120,heapswarm,35016137,1
112271270840,heapswarm,35016137,1
110777848660,heapswarm,35016137,1
110075398880,heapswarm,35016137,1
108518681180,heapswarm,35016137,1
57144306240,heapswarm,35017033,2
57296769300,heapswarm,35036210,2
57100034300,heapswarm,35017222,2
57687551020,heapswarm,35060244,2
57093759220,heapswarm,35047240,2
29612452940,heapswarm,35338777,4
30502339840,heapswarm,35109714,4
29898758780,heapswarm,35044973,4
29850050880,heapswarm,35038428,4
30390163380,heapswarm,35269047,4
17821381540,heapswarm,35256366,8
17561983220,heapswarm,35252373,8
17270908260,heapswarm,35264718,8
17688938260,heapswarm,35175060,8
17366819880,heapswarm,35307073,8
9615556720,heapswarm,35647962,16
10211918640,heapswarm,36750456,16
9774521040,heapswarm,35816390,16
9871212920,heapswarm,35761889,16
9569666200,heapswarm,35332201,16
5820869620,heapswarm,35965518,32
5769692040,heapswarm,36203043,32
5797826060,heapswarm,36303421,32
5659795980,heapswarm,36134777,32
5632665660,heapswarm,36708593,32
3557366500,heapswarm,38175135,64
3345074060,heapswarm,37449268,64
3529878520,heapswarm,37854070,64
3676848940,heapswarm,38382347,64
3833929540,heapswarm,37210750,64
3400146820,heapswarm,39146467,128
3204334040,heapswarm,38888095,128
3220741920,heapswarm,39080605,128
3308495200,heapswarm,39198240,128
3227994120,heapswarm,39055385,128
3506781200,heapswarm,40965206,256
3816251740,heapswarm,40901930,256
3637368060,heapswarm,40981435,256
3448638540,heapswarm,40955401,256
3346440420,heapswarm,41051285,256
