25108459380,hmq4,47935798,4,0
25371731080,hmq4,47935274,4,0
25246660020,hmq4,47935413,4,0
25299283800,hmq4,47935894,4,0
25228758640,hmq4,47935490,4,0
19778818900,hmq4,47912001,8,0
20074959380,hmq4,47911842,8,0
19993963060,hmq4,47912294,8,0
19845816200,hmq4,47912040,8,0
20189896760,hmq4,47912089,8,0
12684348520,hmq4,47909273,16,0
12713432900,hmq4,47908568,16,0
12633209960,hmq4,47906890,16,0
12556449220,hmq4,47906094,16,0
12539670920,hmq4,47909112,16,0
8319894400,hmq4,47907348,32,0
8255149400,hmq4,47906905,32,0
8207218900,hmq4,47915745,32,0
8305586820,hmq4,47907362,32,0
8196507800,hmq4,47908033,32,0
6464683940,hmq4,47912380,64,0
6357932760,hmq4,47914209,64,0
6329678280,hmq4,47913559,64,0
6344662280,hmq4,47912929,64,0
6295282900,hmq4,47913214,64,0
7954482040,hmq4,47923749,128,0
7402223880,hmq4,47925306,128,0
7462214940,hmq4,47924913,128,0
7438221140,hmq4,47925064,128,0
7453179720,hmq4,47924571,128,0
4562044780,hmq4,48004672,256,0
4640715580,hmq4,48004690,256,0
4676094620,hmq4,47997139,256,0
4822446520,hmq4,48016808,256,0
4743949000,hmq4,48010807,256,0
66052523460,spraylist,47894693,1,0
66027357380,spraylist,47894693,1,0
66240106300,spraylist,47894693,1,0
65745380820,spraylist,47894693,1,0
66046308520,spraylist,47894693,1,0
29171246400,spraylist,50791002,4,0
28850775820,spraylist,50798346,4,0
29309368300,spraylist,50747163,4,0
29031102520,spraylist,50791756,4,0
28829101680,spraylist,50837536,4,0
24560065780,spraylist,50035120,8,0
24330469340,spraylist,50048151,8,0
24609586580,spraylist,50087390,8,0
24702311420,spraylist,50136089,8,0
24303702100,spraylist,50046892,8,0
15769177420,spraylist,49864756,16,0
15686385620,spraylist,49854974,16,0
15875060760,spraylist,49838789,16,0
15929867760,spraylist,49824793,16,0
15884690560,spraylist,49836546,16,0
10143176220,spraylist,49629759,32,0
10116001140,spraylist,49628485,32,0
10495736160,spraylist,49590613,32,0
10306278960,spraylist,49605118,32,0
9935191500,spraylist,49645645,32,0
6661715420,spraylist,49288493,64,0
6678463960,spraylist,49296957,64,0
6672643720,spraylist,49293536,64,0
6696628600,spraylist,49299858,64,0
6676302280,spraylist,49290440,64,0
5850979240,spraylist,49118389,128,0
5850600820,spraylist,49113694,128,0
5857276800,spraylist,49125474,128,0
5879262180,spraylist,49127023,128,0
5873888500,spraylist,49122786,128,0
4544263400,spraylist,49236777,256,0
4439500640,spraylist,49250527,256,0
4426385300,spraylist,49249990,256,0
4441652760,spraylist,49248093,256,0
4464618640,spraylist,49240840,256,0
60282752160,heapswarm,47894693,1,0
60779780260,heapswarm,47894693,1,0
60261740520,heapswarm,47894693,1,0
60751067660,heapswarm,47894693,1,0
60802319400,heapswarm,47894693,1,0
41814529540,heapswarm,49486107,2,0
80631268980,heapswarm,48728409,2,0
65855697020,heapswarm,48703110,2,0
100758747420,heapswarm,50163410,2,0
86877563540,heapswarm,48899021,2,0
26144126800,heapswarm,48976506,4,0
24798367100,heapswarm,48911946,4,0
26434440660,heapswarm,48897692,4,0
23976147280,heapswarm,48921701,4,0
23748226000,heapswarm,48892299,4,0
18305553260,heapswarm,48677278,8,0
18810899700,heapswarm,48514515,8,0
18166208400,heapswarm,48680013,8,0
18576353880,heapswarm,48436274,8,0
18171441480,heapswarm,48673962,8,0
12062656580,heapswarm,48481663,16,0
12279331100,heapswarm,48487959,16,0
12306556200,heapswarm,48513885,16,0
12337868380,heapswarm,48523110,16,0
11992422040,heapswarm,48493897,16,0
7972460540,heapswarm,48585097,32,0
8123578780,heapswarm,48491367,32,0
8157801680,heapswarm,48602640,32,0
8096697940,heapswarm,48505426,32,0
8111734300,heapswarm,48508127,32,0
5866672400,heapswarm,48746658,64,0
5856008440,heapswarm,48714268,64,0
5832320280,heapswarm,48724742,64,0
5871871960,heapswarm,48770425,64,0
5844884340,heapswarm,48750313,64,0
6835020880,heapswarm,48133862,128,0
6459278280,heapswarm,48121559,128,0
6492666920,heapswarm,48139937,128,0
6359253520,heapswarm,48088513,128,0
6537865020,heapswarm,48194992,128,0
20505159280,heapswarm,48903229,256,0
10618435720,heapswarm,48855494,256,0
11486042040,heapswarm,48866633,256,0
13205374300,heapswarm,48806204,256,0
10687379500,heapswarm,48784182,256,0
