6035236880,hmq4,12536048,4,0
6021209860,hmq4,12536221,4,0
6026175980,hmq4,12535709,4,0
5975504520,hmq4,12535781,4,0
6056904440,hmq4,12536062,4,0
4906992840,hmq4,12530332,8,0
4853527600,hmq4,12531150,8,0
4887726240,hmq4,12530117,8,0
4906260100,hmq4,12530224,8,0
4869802400,hmq4,12530313,8,0
3069478440,hmq4,12530020,16,0
3050626020,hmq4,12530165,16,0
3065259140,hmq4,12529882,16,0
3141487360,hmq4,12530036,16,0
3114513560,hmq4,12529848,16,0
2062548760,hmq4,12531936,32,0
2048458200,hmq4,12531708,32,0
2028327660,hmq4,12531907,32,0
2064646420,hmq4,12531227,32,0
2067678820,hmq4,12531548,32,0
1656730820,hmq4,12537252,64,0
1756034680,hmq4,12537877,64,0
1789152440,hmq4,12537659,64,0
1695000400,hmq4,12537574,64,0
1850432620,hmq4,12537539,64,0
1918149520,hmq4,12549183,128,0
2161856840,hmq4,12548359,128,0
2224756260,hmq4,12549107,128,0
2117716720,hmq4,12548634,128,0
2255833480,hmq4,12549199,128,0
1797614500,hmq4,12615331,256,0
1972632780,hmq4,12602979,256,0
2027075480,hmq4,12607288,256,0
1935310960,hmq4,12599641,256,0
2082078040,hmq4,12610379,256,0
16127917200,spraylist,12524207,1,0
16298662320,spraylist,12524207,1,0
16078985320,spraylist,12524207,1,0
16226839540,spraylist,12524207,1,0
16249814240,spraylist,12524207,1,0
6781543680,spraylist,13379480,4,0
6797597700,spraylist,13379779,4,0
6770165840,spraylist,13383958,4,0
6722563180,spraylist,13397318,4,0
6793145000,spraylist,13381091,4,0
6135779340,spraylist,13149672,8,0
6137524940,spraylist,13135512,8,0
6114437520,spraylist,13149354,8,0
6091431480,spraylist,13133706,8,0
6143700320,spraylist,13133810,8,0
3969791900,spraylist,13069780,16,0
3977960620,spraylist,13066893,16,0
3981125240,spraylist,13068367,16,0
3984872380,spraylist,13071778,16,0
3997626060,spraylist,13079958,16,0
2626757900,spraylist,13012166,32,0
2584181820,spraylist,13019882,32,0
2585876400,spraylist,13014582,32,0
2588494780,spraylist,13014496,32,0
2597983040,spraylist,13017197,32,0
1765179600,spraylist,12912151,64,0
1755265360,spraylist,12914426,64,0
1752626380,spraylist,12909931,64,0
1751616780,spraylist,12915083,64,0
1752115320,spraylist,12913036,64,0
1547587660,spraylist,12867988,128,0
1551902500,spraylist,12872376,128,0
1554258500,spraylist,12874092,128,0
1551444780,spraylist,12871907,128,0
1547535080,spraylist,12871606,128,0
1282752740,spraylist,12925534,256,0
1403703900,spraylist,12939982,256,0
1517719680,spraylist,12923673,256,0
1394025620,spraylist,12924335,256,0
2456523940,spraylist,12971776,256,0
14632161280,heapswarm,12524207,1,0
14753646720,heapswarm,12524207,1,0
14705391980,heapswarm,12524207,1,0
14630874520,heapswarm,12524207,1,0
14754575640,heapswarm,12524207,1,0
9793910740,heapswarm,12924057,2,0
10554309760,heapswarm,12746448,2,0
10396588540,heapswarm,12743229,2,0
10479903260,heapswarm,12744388,2,0
9770380140,heapswarm,12931604,2,0
5693730280,heapswarm,12868126,4,0
5717676200,heapswarm,12807229,4,0
5715472640,heapswarm,12805402,4,0
5400823700,heapswarm,12986791,4,0
5682484360,heapswarm,12833779,4,0
4587587720,heapswarm,12757091,8,0
4609615020,heapswarm,12757095,8,0
4558965520,heapswarm,12754426,8,0
4637100840,heapswarm,12753676,8,0
4546682120,heapswarm,12753251,8,0
2977309840,heapswarm,12704472,16,0
2980028900,heapswarm,12695153,16,0
3063476420,heapswarm,12698357,16,0
2985679120,heapswarm,12696480,16,0
3007675080,heapswarm,12697188,16,0
1971897900,heapswarm,12747360,32,0
1997894680,heapswarm,12660908,32,0
2008640440,heapswarm,12662912,32,0
1990604720,heapswarm,12652674,32,0
1991833420,heapswarm,12714319,32,0
1466178560,heapswarm,12756329,64,0
1538758760,heapswarm,12756828,64,0
1594418200,heapswarm,12756722,64,0
1590612740,heapswarm,12722331,64,0
1619943260,heapswarm,12737770,64,0
1738468660,heapswarm,12681898,128,0
2000008240,heapswarm,12618998,128,0
2129239080,heapswarm,12645368,128,0
2042416460,heapswarm,12634566,128,0
2089807660,heapswarm,12631454,128,0
1689866100,heapswarm,12818798,256,0
1832125820,heapswarm,12789409,256,0
2085936220,heapswarm,12927344,256,0
1802129360,heapswarm,12816881,256,0
2053882520,heapswarm,12838278,256,0
