34603881800,hmq4,75746138,4,10
34567596940,hmq4,75746884,4,10
34523487680,hmq4,75746578,4,10
34569586600,hmq4,75747325,4,10
34555111360,hmq4,75747185,4,10
25508789460,hmq4,75746945,8,10
25314280360,hmq4,75747263,8,10
25549046460,hmq4,75747271,8,10
25441343640,hmq4,75746164,8,10
25390995420,hmq4,75747819,8,10
14476725940,hmq4,75748121,16,10
14263788460,hmq4,75747515,16,10
14323493480,hmq4,75748505,16,10
14298913640,hmq4,75748233,16,10
14251712900,hmq4,75748028,16,10
8002449780,hmq4,75748429,32,10
8018890360,hmq4,75748523,32,10
7982027860,hmq4,75749892,32,10
8024007200,hmq4,75749075,32,10
7989493780,hmq4,75749953,32,10
5136079960,hmq4,75754571,64,10
5086876160,hmq4,75751109,64,10
5090387580,hmq4,75754947,64,10
5150037320,hmq4,75752044,64,10
5078952960,hmq4,75753437,64,10
4978710940,hmq4,75777440,128,10
4984410900,hmq4,75771027,128,10
5067712700,hmq4,75770966,128,10
4947889700,hmq4,75780979,128,10
5019580840,hmq4,75765081,128,10
4362270020,hmq4,75822367,256,10
4336985960,hmq4,75821849,256,10
4318072020,hmq4,75836460,256,10
4300459420,hmq4,75825699,256,10
4355749520,hmq4,75836675,256,10
299132780460,spraylist,75746153,1,10
299040944320,spraylist,75746153,1,10
298247238420,spraylist,75746153,1,10
299034450760,spraylist,75746153,1,10
298913895420,spraylist,75746153,1,10
76471653260,spraylist,75746549,4,10
76392252340,spraylist,75746514,4,10
76422924980,spraylist,75746681,4,10
76440217120,spraylist,75745691,4,10
76351637360,spraylist,75746895,4,10
54177722860,spraylist,75747532,8,10
54141671040,spraylist,75748535,8,10
53995073840,spraylist,75747150,8,10
54072986960,spraylist,75747315,8,10
54258077340,spraylist,75746727,8,10
33451791280,spraylist,75752815,16,10
33305350180,spraylist,75753172,16,10
33315575720,spraylist,75750453,16,10
33458561060,spraylist,75751913,16,10
33492018540,spraylist,75751987,16,10
20458304260,spraylist,75767005,32,10
20480644680,spraylist,75783582,32,10
20524378520,spraylist,75775750,32,10
20600096760,spraylist,75765176,32,10
20489390900,spraylist,75776345,32,10
13156975320,spraylist,75881760,64,10
13219351660,spraylist,75849027,64,10
13313303940,spraylist,75884122,64,10
13089072760,spraylist,75861184,64,10
13095791400,spraylist,75864075,64,10
10602553000,spraylist,76097343,128,10
10658356620,spraylist,76209567,128,10
10626299240,spraylist,76182648,128,10
10641952300,spraylist,76164207,128,10
10671159400,spraylist,76230883,128,10
6876261500,spraylist,76935350,256,10
6922461940,spraylist,76858311,256,10
6889503020,spraylist,76721640,256,10
6884811720,spraylist,76729729,256,10
6926447620,spraylist,77158604,256,10
120786764460,heapswarm,75746341,1,10
121069762900,heapswarm,75746341,1,10
121171756960,heapswarm,75746341,1,10
120893102280,heapswarm,75746341,1,10
120728231360,heapswarm,75746341,1,10
62010436480,heapswarm,75865012,2,10
62460657920,heapswarm,75982264,2,10
62041476640,heapswarm,75887146,2,10
62531364800,heapswarm,75782324,2,10
61830761660,heapswarm,75748245,2,10
32250903800,heapswarm,75859282,4,10
33194752620,heapswarm,77358837,4,10
32150586120,heapswarm,75858653,4,10
32161558940,heapswarm,75881771,4,10
32179794680,heapswarm,75876520,4,10
21149744340,heapswarm,76230719,8,10
21485994380,heapswarm,76250133,8,10
21308551500,heapswarm,76205097,8,10
21358338060,heapswarm,76405694,8,10
21391191800,heapswarm,76348003,8,10
12329445980,heapswarm,75999642,16,10
12076796100,heapswarm,76129217,16,10
11937360920,heapswarm,76180423,16,10
12523367420,heapswarm,76133341,16,10
11914587360,heapswarm,76223328,16,10
6957864060,heapswarm,76312368,32,10
6644633580,heapswarm,76293585,32,10
6806130340,heapswarm,76189451,32,10
6650500460,heapswarm,76259886,32,10
6653820440,heapswarm,76246250,32,10
3922228800,heapswarm,76637419,64,10
3947287260,heapswarm,76901658,64,10
3919977020,heapswarm,76698578,64,10
3946630960,heapswarm,76825154,64,10
3943984620,heapswarm,76671051,64,10
3014529400,heapswarm,80415537,128,10
3016173720,heapswarm,80230482,128,10
2995575320,heapswarm,80381357,128,10
3011664660,heapswarm,80507922,128,10
2967645040,heapswarm,80335055,128,10
2759666240,heapswarm,93542596,256,10
3668298100,heapswarm,120745267,256,10
3766628140,heapswarm,121755590,256,10
3116088840,heapswarm,105699105,256,10
3716998020,heapswarm,121982526,256,10
