8741966720,hmq4,25662846,2,10
8723508660,hmq4,25661811,2,10
8727061780,hmq4,25662278,2,10
8759790940,hmq4,25661597,2,10
8804918860,4338662460,hmq4,25668428,4,10
4334695940,hmq4,25669541,4,10
4336611500,hmq4,25666898,4,10
4334036960,hmq4,25667921,4,10
4322446440,hmq4,25670335,4,10
5539541740,hmq4,25678762,8,10
5376983440,hmq4,25678431,8,10
5315013900,hmq4,25679213,8,10
5422198980,hmq4,25678588,8,10
5576846500,hmq4,25678979,8,10
3272563140,hmq4,25728050,16,10
3259978880,hmq4,25727762,16,10
3312194400,hmq4,25728418,16,10
3302880320,hmq4,25726547,16,10
3266818480,hmq4,25727468,16,10
1853884720,hmq4,25904970,32,10
1854628820,hmq4,25905673,32,10
1861063960,hmq4,25906274,32,10
1855735520,hmq4,25908351,32,10
1847506480,hmq4,25907118,32,10
1062173660,hmq4,26515238,64,10
1064004720,hmq4,26516574,64,10
1060913300,hmq4,26517773,64,10
1060041480,hmq4,26524879,64,10
1062052520,hmq4,26523395,64,10
758925880,hmq4,28409609,128,10
754507740,hmq4,28428700,128,10
751215740,hmq4,28449094,128,10
755806020,hmq4,28414174,128,10
755718740,hmq4,28438206,128,10
577213960,hmq4,33575509,256,10
616777480,hmq4,33566013,256,10
626769740,hmq4,33518441,256,10
693092880,hmq4,33384511,256,10
628946060,hmq4,33496816,256,10
21313573260,spraylist,25660200,1,10
21670031640,spraylist,25660200,1,10
21240571020,spraylist,25660200,1,10
20895871880,spraylist,25660200,1,10
21203954040,spraylist,25660200,1,10
9765732440,spraylist,25668898,4,10
9995352400,spraylist,25668569,4,10
9822216540,spraylist,25669276,4,10
9929359140,spraylist,25668349,4,10
9813235060,spraylist,25669376,4,10
12245897800,spraylist,25756810,8,10
12338917560,spraylist,25749293,8,10
12239478060,spraylist,25755728,8,10
12333853960,spraylist,25749614,8,10
12275449460,spraylist,25757185,8,10
9066978200,spraylist,26739392,16,10
9010196860,spraylist,26736743,16,10
9000398500,spraylist,26724138,16,10
9033735100,spraylist,26701480,16,10
9009538600,spraylist,26735326,16,10
7148288760,spraylist,29831519,32,10
7092905600,spraylist,29828465,32,10
7171287620,spraylist,29908488,32,10
7137321820,spraylist,29873834,32,10
7135077280,spraylist,29877012,32,10
7853834420,spraylist,42100818,64,10
7872953260,spraylist,42096331,64,10
7913581260,spraylist,42161175,64,10
7909916580,spraylist,42048166,64,10
7900141760,spraylist,42234145,64,10
15659583660,spraylist,63103068,128,10
15853791400,spraylist,65162883,128,10
15916668260,spraylist,63796387,128,10
15236167200,spraylist,62995189,128,10
15451632660,spraylist,61799690,128,10
24544596080,spraylist,100301931,256,10
23996011160,spraylist,103866692,256,10
23860333880,spraylist,106168471,256,10
24600918280,spraylist,102050259,256,10
23064400480,spraylist,103913353,256,10
11943647240,heapswarm,25660203,1,10
11837418600,heapswarm,25660203,1,10
11814610800,heapswarm,25660203,1,10
11916732960,heapswarm,25660203,1,10
11871789580,heapswarm,25660203,1,10
8182657380,heapswarm,25979793,2,10
8289820840,heapswarm,26019617,2,10
8272635400,heapswarm,25954813,2,10
8140971240,heapswarm,25932648,2,10
8195863760,heapswarm,26018884,2,10
4564058980,heapswarm,27111138,4,10
4559095620,heapswarm,27097494,4,10
4652393400,heapswarm,27370417,4,10
4575387440,heapswarm,27091820,4,10
4584174940,heapswarm,27146235,4,10
7107560580,heapswarm,30647760,8,10
6539611400,heapswarm,28661310,8,10
6548163460,heapswarm,28796737,8,10
6913487980,heapswarm,29876436,8,10
6829953220,heapswarm,29710553,8,10
4230393520,heapswarm,28172522,16,10
3756906840,heapswarm,27965316,16,10
4423041900,heapswarm,28203947,16,10
4265028920,heapswarm,28052633,16,10
4424026880,heapswarm,28073463,16,10
2516180020,heapswarm,28219253,32,10
2527627820,heapswarm,28177718,32,10
2473057220,heapswarm,28102636,32,10
2510252940,heapswarm,28335035,32,10
2542495540,heapswarm,28300235,32,10
1312700080,heapswarm,28454481,64,10
1318555920,heapswarm,28626166,64,10
1339192740,heapswarm,28588053,64,10
1325310860,heapswarm,28661282,64,10
1343093160,heapswarm,28530213,64,10
998659340,heapswarm,31060059,128,10
998648180,heapswarm,31118260,128,10
1026586940,heapswarm,31008017,128,10
1011283820,heapswarm,31362669,128,10
994904560,heapswarm,30948255,128,10
738972720,heapswarm,35457417,256,10
638412840,heapswarm,34243411,256,10
627897120,heapswarm,34697775,256,10
651309100,heapswarm,34334875,256,10
628569420,heapswarm,34354180,256,10
