1097032440,hmq4,6719562,4,10
1098904520,hmq4,6719444,4,10
1100732460,hmq4,6719276,4,10
1100889540,hmq4,6719628,4,10
1104049640,hmq4,6719360,4,10
1390529900,hmq4,6729256,8,10
1415947180,hmq4,6729594,8,10
1403213320,hmq4,6729415,8,10
1433484900,hmq4,6729293,8,10
1391902720,hmq4,6729557,8,10
856009220,hmq4,6764581,16,10
837924720,hmq4,6764144,16,10
838657960,hmq4,6764003,16,10
836051680,hmq4,6764205,16,10
848593320,hmq4,6764276,16,10
491635780,hmq4,6891875,32,10
487562700,hmq4,6887602,32,10
478281040,hmq4,6888909,32,10
490167140,hmq4,6884702,32,10
490995280,hmq4,6889238,32,10
288092160,hmq4,7317004,64,10
289844720,hmq4,7304017,64,10
288748400,hmq4,7310951,64,10
288729160,hmq4,7301554,64,10
289047780,hmq4,7310177,64,10
225699400,hmq4,8454103,128,10
224662880,hmq4,8484688,128,10
225263640,hmq4,8489701,128,10
224155120,hmq4,8492070,128,10
222893360,hmq4,8480803,128,10
192664220,hmq4,11174283,256,10
202581080,hmq4,11209847,256,10
203760400,hmq4,11176767,256,10
197752500,hmq4,11140793,256,10
201035120,hmq4,11167538,256,10
5262110460,spraylist,6715868,1,10
5343536000,spraylist,6715868,1,10
5293439980,spraylist,6715868,1,10
5298725440,spraylist,6715868,1,10
5286850280,spraylist,6715868,1,10
2480275060,spraylist,6722071,4,10
2485966940,spraylist,6721898,4,10
2469739260,spraylist,6722010,4,10
2500773060,spraylist,6721975,4,10
2483561080,spraylist,6722310,4,10
3245001260,spraylist,6786978,8,10
3241442900,spraylist,6780939,8,10
3259217360,spraylist,6788577,8,10
3260702980,spraylist,6786421,8,10
3229370320,spraylist,6779780,8,10
2553284360,spraylist,7439147,16,10
2562658820,spraylist,7435344,16,10
2598770140,spraylist,7471882,16,10
2542931880,spraylist,7453109,16,10
2587178060,spraylist,7462183,16,10
2341943060,spraylist,9168814,32,10
2323388660,spraylist,9096846,32,10
2315015760,spraylist,9110979,32,10
2317187500,spraylist,9085169,32,10
2296856480,spraylist,9126509,32,10
3137011520,spraylist,13894113,64,10
3137292120,spraylist,13844782,64,10
3205196080,spraylist,13825375,64,10
3111614540,spraylist,13859452,64,10
3149514240,spraylist,14053364,64,10
8541249580,spraylist,20519414,128,10
8645317640,spraylist,20682318,128,10
8465657880,spraylist,20312952,128,10
8206661020,spraylist,20799223,128,10
8539650680,spraylist,21194587,128,10
14161012240,spraylist,28921150,256,10
14822284060,spraylist,29720313,256,10
13982187560,spraylist,29753422,256,10
14337306820,spraylist,29963503,256,10
14269513140,spraylist,28467393,256,10
2980475680,heapswarm,6715858,1,10
2941153820,heapswarm,6715858,1,10
2932975220,heapswarm,6715858,1,10
2951870680,heapswarm,6715858,1,10
2923148080,heapswarm,6715858,1,10
2124369460,heapswarm,6815390,2,10
2126169920,heapswarm,6824674,2,10
2120399500,heapswarm,6845253,2,10
2060918360,heapswarm,6859509,2,10
2124851380,heapswarm,6822867,2,10
1160183840,heapswarm,7036312,4,10
1162632080,heapswarm,7029168,4,10
1169332740,heapswarm,7068808,4,10
1161124120,heapswarm,7021004,4,10
1169151100,heapswarm,7063735,4,10
1788486760,heapswarm,7718735,8,10
1792731980,heapswarm,7755670,8,10
1691065900,heapswarm,7473003,8,10
1786485100,heapswarm,7814556,8,10
1655861700,heapswarm,7361793,8,10
1020123240,heapswarm,7369088,16,10
1116958120,heapswarm,7323563,16,10
1121146740,heapswarm,7334254,16,10
1141852620,heapswarm,7312317,16,10
1077005100,heapswarm,7330095,16,10
639935740,heapswarm,7360783,32,10
630156520,heapswarm,7432003,32,10
569929860,heapswarm,7363898,32,10
640041940,heapswarm,7371715,32,10
568623160,heapswarm,7369810,32,10
361314820,heapswarm,7729907,64,10
397516360,heapswarm,8745707,64,10
348022440,heapswarm,7525666,64,10
345430020,heapswarm,7484525,64,10
348874180,heapswarm,7480842,64,10
265951740,heapswarm,8187577,128,10
268171860,heapswarm,8217781,128,10
264475820,heapswarm,8184709,128,10
286962940,heapswarm,8884374,128,10
264508660,heapswarm,8201830,128,10
175469320,heapswarm,9007116,256,10
172000740,heapswarm,9008566,256,10
164466940,heapswarm,8929138,256,10
167992740,heapswarm,8953886,256,10
170102880,heapswarm,8904804,256,10
