51414769220,hmq4,84822379,4,10
51403509320,hmq4,84816941,4,10
51381038140,hmq4,84821284,4,10
51400238000,hmq4,84824294,4,10
51328214100,hmq4,84818080,4,10
34130409720,hmq4,84826720,8,10
33665810500,hmq4,84826397,8,10
33647926600,hmq4,84822529,8,10
33839754320,hmq4,84824663,8,10
33653648140,hmq4,84824688,8,10
19167966340,hmq4,84822562,16,10
18921966580,hmq4,84827937,16,10
19003450280,hmq4,84823145,16,10
19011091100,hmq4,84824498,16,10
18825467680,hmq4,84828225,16,10
10581199060,hmq4,84827090,32,10
10487711000,hmq4,84822571,32,10
10479391000,hmq4,84826994,32,10
10593622860,hmq4,84823132,32,10
10595187660,hmq4,84827348,32,10
7094924460,hmq4,84841694,64,10
7019423660,hmq4,84848114,64,10
7078987840,hmq4,84847167,64,10
7032839600,hmq4,84850076,64,10
7036478200,hmq4,84841776,64,10
7990033700,hmq4,84934378,128,10
8061918560,hmq4,84923939,128,10
8076268280,hmq4,84916021,128,10
7980058780,hmq4,84911963,128,10
7945176560,hmq4,84933703,128,10
6940282340,hmq4,85268669,256,10
6890997720,hmq4,85328907,256,10
6816761640,hmq4,85504529,256,10
6860975920,hmq4,85592552,256,10
6856481820,hmq4,85437082,256,10
580715059340,spraylist,84816556,1,10
581923549180,spraylist,84816556,1,10
579257018960,spraylist,84816556,1,10
580256241200,spraylist,84816556,1,10
579766190100,spraylist,84816556,1,10
126208820600,spraylist,84816969,4,10
126167619040,spraylist,84815667,4,10
126384105400,spraylist,84816022,4,10
126022328580,spraylist,84815836,4,10
126059582560,spraylist,84816439,4,10
76833899240,spraylist,84817040,8,10
76923776000,spraylist,84818258,8,10
76787298580,spraylist,84816277,8,10
76919414840,spraylist,84817315,8,10
77041209440,spraylist,84817254,8,10
44488548020,spraylist,84833820,16,10
44317578140,spraylist,84841831,16,10
44397573120,spraylist,84821705,16,10
44213416760,spraylist,84832915,16,10
44593960800,spraylist,84822872,16,10
26179014860,spraylist,84896622,32,10
26140906860,spraylist,84894261,32,10
26082413740,spraylist,84912521,32,10
26116070980,spraylist,84930220,32,10
26176653540,spraylist,84914065,32,10
16773204880,spraylist,85101884,64,10
17023116360,spraylist,85842746,64,10
16710228800,spraylist,85158264,64,10
16774120280,spraylist,85166367,64,10
16911443440,spraylist,85852105,64,10
14049979420,spraylist,86237710,128,10
14288869760,spraylist,86288861,128,10
14352303260,spraylist,86621291,128,10
14651360480,spraylist,88474545,128,10
14260625920,spraylist,85900510,128,10
10943403540,spraylist,88310880,256,10
11040617460,spraylist,89127695,256,10
10965116200,spraylist,89263666,256,10
10959438720,spraylist,88451298,256,10
11118413440,spraylist,90494164,256,10
184040267200,heapswarm,84822203,1,10
183481237980,heapswarm,84822203,1,10
182726968900,heapswarm,84822203,1,10
183545501360,heapswarm,84822203,1,10
183964921680,heapswarm,84822203,1,10
94302595960,heapswarm,84828904,2,10
93694885180,heapswarm,84820484,2,10
93943692020,heapswarm,84823034,2,10
94268887320,heapswarm,84830564,2,10
93560161540,heapswarm,84823404,2,10
47971238860,heapswarm,84828755,4,10
48633374680,heapswarm,84839652,4,10
47715734580,heapswarm,84839831,4,10
47937579240,heapswarm,84838001,4,10
48689701060,heapswarm,84828777,4,10
27802413340,heapswarm,84858640,8,10
28058271820,heapswarm,84870249,8,10
28194229360,heapswarm,85122046,8,10
27940653740,heapswarm,84864539,8,10
28946602900,heapswarm,85005284,8,10
16526578160,heapswarm,85167349,16,10
16695531240,heapswarm,85058303,16,10
17103909780,heapswarm,85058720,16,10
16228930220,heapswarm,85345482,16,10
17018543500,heapswarm,85195093,16,10
9697653780,heapswarm,85384503,32,10
10026953500,heapswarm,85728644,32,10
10015360180,heapswarm,86034450,32,10
10293601740,heapswarm,86038639,32,10
9800248640,heapswarm,86100242,32,10
6415813920,heapswarm,87423830,64,10
6454920020,heapswarm,87128495,64,10
6115842180,heapswarm,87191081,64,10
6037106900,heapswarm,87101753,64,10
6008654320,heapswarm,87462580,64,10
5937930520,heapswarm,91999986,128,10
5927848600,heapswarm,90224165,128,10
5542465240,heapswarm,91106059,128,10
5818678560,heapswarm,90262698,128,10
5767593540,heapswarm,90843041,128,10
5520738800,heapswarm,94356128,256,10
5064582240,heapswarm,92166799,256,10
5362789480,heapswarm,92821124,256,10
5183593380,heapswarm,92740240,256,10
5243823160,heapswarm,92482960,256,10
