6520957260,slsmqhm_4_1,7717262,1
6489036400,slsmqhm_4_1,7717262,1
6473622400,slsmqhm_4_1,7717262,1
6455522280,slsmqhm_4_1,7717262,1
6471764340,slsmqhm_4_1,7717262,1
3755442060,slsmqhm_4_1,7721282,2
3770370200,slsmqhm_4_1,7721282,2
3757205780,slsmqhm_4_1,7719843,2
3776777680,slsmqhm_4_1,7720539,2
3766461580,slsmqhm_4_1,7720899,2
1821700740,slsmqhm_4_1,7749219,4
1824030940,slsmqhm_4_1,7747901,4
1809359520,slsmqhm_4_1,7748641,4
1807575320,slsmqhm_4_1,7750427,4
1820544540,slsmqhm_4_1,7748368,4
1522692500,slsmqhm_4_1,7797145,8
1525731440,slsmqhm_4_1,7796968,8
1509983680,slsmqhm_4_1,7799587,8
1524455280,slsmqhm_4_1,7799136,8
1524154640,slsmqhm_4_1,7801721,8
892107900,slsmqhm_4_1,7905518,16
885678040,slsmqhm_4_1,7905000,16
881017420,slsmqhm_4_1,7907027,16
880654860,slsmqhm_4_1,7903269,16
884277580,slsmqhm_4_1,7905173,16
475242440,slsmqhm_4_1,8142047,32
476269760,slsmqhm_4_1,8154553,32
481046300,slsmqhm_4_1,8167853,32
475470160,slsmqhm_4_1,8152683,32
479280480,slsmqhm_4_1,8156523,32
290746280,slsmqhm_4_1,8711304,64
291498380,slsmqhm_4_1,8685763,64
291445980,slsmqhm_4_1,8691536,64
291740360,slsmqhm_4_1,8700256,64
291893880,slsmqhm_4_1,8700133,64
190696880,slsmqhm_4_1,9800399,128
191286100,slsmqhm_4_1,9802509,128
191161720,slsmqhm_4_1,9791496,128
191294480,slsmqhm_4_1,9774732,128
190388900,slsmqhm_4_1,9767102,128
150101680,slsmqhm_4_1,11908338,256
152524840,slsmqhm_4_1,11885015,256
149061180,slsmqhm_4_1,11857689,256
150516360,slsmqhm_4_1,11852715,256
150108000,slsmqhm_4_1,11925387,256
