23427556980,slsmqhm_4_8,12524207,1,0
22897085280,slsmqhm_4_8,12524207,1,0
22912377040,slsmqhm_4_8,12524207,1,0
21191198600,slsmqhm_4_8,12524207,1,0
21999341200,slsmqhm_4_8,12524207,1,0
13793814480,slsmqhm_4_8,12537570,2,0
13514387720,slsmqhm_4_8,12538532,2,0
13331849740,slsmqhm_4_8,12536111,2,0
14330072820,slsmqhm_4_8,12538698,2,0
12913754880,slsmqhm_4_8,12534745,2,0
6391710020,slsmqhm_4_8,12543863,4,0
6449362580,slsmqhm_4_8,12546718,4,0
6186008720,slsmqhm_4_8,12546476,4,0
6060624980,slsmqhm_4_8,12549050,4,0
6023055420,slsmqhm_4_8,12547757,4,0
3677806520,slsmqhm_4_8,12548990,8,0
3702057420,slsmqhm_4_8,12545994,8,0
3683788540,slsmqhm_4_8,12543829,8,0
3639728800,slsmqhm_4_8,12545440,8,0
3633680220,slsmqhm_4_8,12544421,8,0
2179550520,slsmqhm_4_8,12548318,16,0
2174593380,slsmqhm_4_8,12549245,16,0
2182104300,slsmqhm_4_8,12549621,16,0
2178403060,slsmqhm_4_8,12548788,16,0
2162835940,slsmqhm_4_8,12548750,16,0
1488232060,slsmqhm_4_8,12554173,32,0
1481848980,slsmqhm_4_8,12554215,32,0
1478586820,slsmqhm_4_8,12554290,32,0
1485890060,slsmqhm_4_8,12554998,32,0
1481952020,slsmqhm_4_8,12554444,32,0
1287979000,slsmqhm_4_8,12571458,64,0
1292509520,slsmqhm_4_8,12572109,64,0
1261206540,slsmqhm_4_8,12574729,64,0
1306638640,slsmqhm_4_8,12573251,64,0
1299668420,slsmqhm_4_8,12572014,64,0
1314330040,slsmqhm_4_8,12593504,128,0
1331554040,slsmqhm_4_8,12592952,128,0
1318873560,slsmqhm_4_8,12594493,128,0
1343927820,slsmqhm_4_8,12593000,128,0
1334648940,slsmqhm_4_8,12590941,128,0
1375613260,slsmqhm_4_8,12648131,256,0
1412503380,slsmqhm_4_8,12650025,256,0
1393887540,slsmqhm_4_8,12652273,256,0
1405222520,slsmqhm_4_8,12645776,256,0
1421584680,slsmqhm_4_8,12648039,256,0
