5067323540,slsmqhm_4_1,6715869,1,10
4996126020,slsmqhm_4_1,6715869,1,10
5039307560,slsmqhm_4_1,6715869,1,10
5030359980,slsmqhm_4_1,6715869,1,10
5030006900,slsmqhm_4_1,6715869,1,10
3010830560,slsmqhm_4_1,6717741,2,10
2924643720,slsmqhm_4_1,6717550,2,10
2912303440,slsmqhm_4_1,6717149,2,10
2928347520,slsmqhm_4_1,6717069,2,10
2935206640,slsmqhm_4_1,6717598,2,10
1432347760,slsmqhm_4_1,6717466,4,10
1432834560,slsmqhm_4_1,6717385,4,10
1436489240,slsmqhm_4_1,6717559,4,10
1434353840,slsmqhm_4_1,6717517,4,10
1432130460,slsmqhm_4_1,6717266,4,10
1243932500,slsmqhm_4_1,6727531,8,10
1245528740,slsmqhm_4_1,6727724,8,10
1243963340,slsmqhm_4_1,6727345,8,10
1247818820,slsmqhm_4_1,6727903,8,10
1258789340,slsmqhm_4_1,6728871,8,10
709155760,slsmqhm_4_1,6781104,16,10
709586560,slsmqhm_4_1,6780643,16,10
709412720,slsmqhm_4_1,6781928,16,10
718722780,slsmqhm_4_1,6780923,16,10
717792160,slsmqhm_4_1,6779660,16,10
383604200,slsmqhm_4_1,6982752,32,10
384212060,slsmqhm_4_1,6972920,32,10
384922580,slsmqhm_4_1,6983454,32,10
384927500,slsmqhm_4_1,6984652,32,10
382755540,slsmqhm_4_1,6974638,32,10
236387760,slsmqhm_4_1,7528391,64,10
235553780,slsmqhm_4_1,7524830,64,10
235583260,slsmqhm_4_1,7536643,64,10
235489100,slsmqhm_4_1,7532292,64,10
237464740,slsmqhm_4_1,7527604,64,10
158101580,slsmqhm_4_1,8793387,128,10
157464560,slsmqhm_4_1,8777460,128,10
157239900,slsmqhm_4_1,8763453,128,10
156935880,slsmqhm_4_1,8755145,128,10
157540020,slsmqhm_4_1,8767655,128,10
128928160,slsmqhm_4_1,11236654,256,10
129251240,slsmqhm_4_1,11192065,256,10
131651760,slsmqhm_4_1,11197867,256,10
128833860,slsmqhm_4_1,11130160,256,10
129710700,slsmqhm_4_1,11183951,256,10
