291369444120,slsmqhm_32_64,84816567,1,10
292369101600,slsmqhm_32_64,84816567,1,10
295465718180,slsmqhm_32_64,84816567,1,10
296864666980,slsmqhm_32_64,84816567,1,10
300873413620,slsmqhm_32_64,84816567,1,10
123560336260,slsmqhm_32_64,84822105,2,10
124072290060,slsmqhm_32_64,84817628,2,10
124050530080,slsmqhm_32_64,84818632,2,10
123806268720,slsmqhm_32_64,84819445,2,10
123242372860,slsmqhm_32_64,84817857,2,10
63567340680,slsmqhm_32_64,84819236,4,10
64140989560,slsmqhm_32_64,84822050,4,10
64113938820,slsmqhm_32_64,84819312,4,10
64128059780,slsmqhm_32_64,84820461,4,10
64156593360,slsmqhm_32_64,84824146,4,10
32448786040,slsmqhm_32_64,84836324,8,10
32332909820,slsmqhm_32_64,84848966,8,10
32581937160,slsmqhm_32_64,84825906,8,10
32256812820,slsmqhm_32_64,84821528,8,10
32255432540,slsmqhm_32_64,84821235,8,10
16505933820,slsmqhm_32_64,84867411,16,10
16569493940,slsmqhm_32_64,84848109,16,10
16656564000,slsmqhm_32_64,84837126,16,10
16650388840,slsmqhm_32_64,84868088,16,10
16518102860,slsmqhm_32_64,84841467,16,10
8786231520,slsmqhm_32_64,84970126,32,10
8741587620,slsmqhm_32_64,84968338,32,10
8838769220,slsmqhm_32_64,84899132,32,10
9207729660,slsmqhm_32_64,84931489,32,10
8688060400,slsmqhm_32_64,84911927,32,10
6059034100,slsmqhm_32_64,85105627,64,10
5897743160,slsmqhm_32_64,85308346,64,10
6279930020,slsmqhm_32_64,85315691,64,10
5973163180,slsmqhm_32_64,85239064,64,10
6056041240,slsmqhm_32_64,85237951,64,10
4885538060,slsmqhm_32_64,85850578,128,10
5366347660,slsmqhm_32_64,85976746,128,10
4923230080,slsmqhm_32_64,86139900,128,10
5031242200,slsmqhm_32_64,86050033,128,10
5846140040,slsmqhm_32_64,85905571,128,10
4095953300,slsmqhm_32_64,88163178,256,10
5092033920,slsmqhm_32_64,87662218,256,10
4108708100,slsmqhm_32_64,88043694,256,10
3868548320,slsmqhm_32_64,87595373,256,10
3274437680,slsmqhm_32_64,88050309,256,10
