220738046240,slsmqhm_16_16,75747143,1,10
217735335100,slsmqhm_16_16,75747143,1,10
219534035480,slsmqhm_16_16,75747143,1,10
218594806920,slsmqhm_16_16,75747143,1,10
218348565820,slsmqhm_16_16,75747143,1,10
86122290900,slsmqhm_16_16,75747123,2,10
86768552720,slsmqhm_16_16,75747147,2,10
86801240220,slsmqhm_16_16,75747291,2,10
86528785040,slsmqhm_16_16,75747065,2,10
86949776740,slsmqhm_16_16,75747227,2,10
43670041840,slsmqhm_16_16,75747689,4,10
44014260220,slsmqhm_16_16,75747565,4,10
43828027380,slsmqhm_16_16,75747188,4,10
43808923580,slsmqhm_16_16,75747445,4,10
43815121420,slsmqhm_16_16,75747757,4,10
22011055960,slsmqhm_16_16,75750951,8,10
22025165040,slsmqhm_16_16,75749064,8,10
22069889300,slsmqhm_16_16,75749473,8,10
21987725440,slsmqhm_16_16,75749289,8,10
22048831160,slsmqhm_16_16,75748829,8,10
10900057380,slsmqhm_16_16,75755850,16,10
10961166440,slsmqhm_16_16,75758690,16,10
10887463940,slsmqhm_16_16,75757247,16,10
10976285340,slsmqhm_16_16,75754405,16,10
10919726400,slsmqhm_16_16,75766581,16,10
5526466560,slsmqhm_16_16,75780716,32,10
5532770820,slsmqhm_16_16,75770956,32,10
5514394840,slsmqhm_16_16,75791343,32,10
5557236180,slsmqhm_16_16,75772826,32,10
5536700460,slsmqhm_16_16,75786702,32,10
3102020480,slsmqhm_16_16,75845204,64,10
3105534220,slsmqhm_16_16,75837332,64,10
3082873740,slsmqhm_16_16,75847733,64,10
3102150920,slsmqhm_16_16,75836090,64,10
3102924560,slsmqhm_16_16,75816546,64,10
2280800260,slsmqhm_16_16,76133460,128,10
2278910240,slsmqhm_16_16,76072038,128,10
2271722800,slsmqhm_16_16,76072895,128,10
2235098700,slsmqhm_16_16,76029185,128,10
2254113940,slsmqhm_16_16,75953608,128,10
1339517460,slsmqhm_16_16,76395975,256,10
1303786240,slsmqhm_16_16,76320498,256,10
1331629880,slsmqhm_16_16,76270505,256,10
1332579600,slsmqhm_16_16,76313787,256,10
1334165960,slsmqhm_16_16,76636896,256,10
