771923460,mqlpnuma_4_1024_512_1,64638892,256
794559460,mqlpnuma_4_1024_512_1,64953358,256
745369400,mqlpnuma_4_1024_512_1,64500955,256
754400740,mqlpnuma_4_1024_512_1,65081650,256
763309260,mqlpnuma_4_1024_512_1,64626874,256
774687300,mqlpnuma_4_1024_512_2,61163639,256
755294420,mqlpnuma_4_1024_512_2,61001827,256
754635040,mqlpnuma_4_1024_512_2,60864049,256
803409500,mqlpnuma_4_1024_512_2,61343097,256
758758160,mqlpnuma_4_1024_512_2,61034131,256
757728980,mqlpnuma_4_1024_512_4,56422921,256
756692140,mqlpnuma_4_1024_512_4,56213060,256
746929180,mqlpnuma_4_1024_512_4,56150797,256
767600920,mqlpnuma_4_1024_512_4,56731593,256
745775980,mqlpnuma_4_1024_512_4,56564095,256
796387440,mqlpnuma_4_1024_512_8,52979589,256
795185200,mqlpnuma_4_1024_512_8,52345505,256
772404680,mqlpnuma_4_1024_512_8,52031477,256
737071500,mqlpnuma_4_1024_512_8,52073782,256
733068140,mqlpnuma_4_1024_512_8,52119814,256
752178380,mqlpnuma_4_1024_512_16,48530511,256
729383840,mqlpnuma_4_1024_512_16,48978190,256
746872460,mqlpnuma_4_1024_512_16,48651359,256
830828580,mqlpnuma_4_1024_512_16,48798473,256
731726280,mqlpnuma_4_1024_512_16,48973586,256
776107720,mqlpnuma_4_1024_512_32,47082740,256
726797980,mqlpnuma_4_1024_512_32,46624503,256
730580600,mqlpnuma_4_1024_512_32,46984952,256
726176480,mqlpnuma_4_1024_512_32,46961517,256
716855860,mqlpnuma_4_1024_512_32,47197353,256
741808020,mqlpnuma_4_1024_512_64,46146054,256
750678900,mqlpnuma_4_1024_512_64,46329069,256
726215000,mqlpnuma_4_1024_512_64,46066431,256
755178560,mqlpnuma_4_1024_512_64,46276987,256
754407040,mqlpnuma_4_1024_512_64,46058026,256
721445440,mqlpnuma_4_1024_512_128,45396107,256
721568380,mqlpnuma_4_1024_512_128,45714498,256
710036000,mqlpnuma_4_1024_512_128,45801437,256
709743740,mqlpnuma_4_1024_512_128,45717476,256
737711280,mqlpnuma_4_1024_512_128,45560649,256
702094460,mqlpnuma_4_1024_512_256,45806592,256
824728260,mqlpnuma_4_1024_512_256,45975683,256
782971780,mqlpnuma_4_1024_512_256,45880095,256
703039300,mqlpnuma_4_1024_512_256,45740390,256
717303040,mqlpnuma_4_1024_512_256,45726825,256
813501340,mqlpnuma_4_1024_512_512,46257921,256
722212480,mqlpnuma_4_1024_512_512,45956741,256
720696260,mqlpnuma_4_1024_512_512,46415013,256
722143680,mqlpnuma_4_1024_512_512,46318523,256
728179440,mqlpnuma_4_1024_512_512,46248876,256
760214740,mqlpnuma_4_1024_512_1024,46355214,256
757625860,mqlpnuma_4_1024_512_1024,47672950,256
746360180,mqlpnuma_4_1024_512_1024,46150105,256
712072100,mqlpnuma_4_1024_512_1024,46488488,256
792431180,mqlpnuma_4_1024_512_1024,47992156,256
