227468720,mqlpnuma_4_1_1_1,11381659,256
238487300,mqlpnuma_4_1_1_1,11340312,256
227656980,mqlpnuma_4_1_1_1,11410746,256
222812080,mqlpnuma_4_1_1_1,11360674,256
234083000,mqlpnuma_4_1_1_1,11448151,256
226063480,mqlpnuma_4_1_1_2,11429049,256
217591960,mqlpnuma_4_1_1_2,11436440,256
228108560,mqlpnuma_4_1_1_2,11482804,256
220146020,mqlpnuma_4_1_1_2,11440639,256
237375100,mqlpnuma_4_1_1_2,11418110,256
208806320,mqlpnuma_4_1_1_4,11385104,256
218851460,mqlpnuma_4_1_1_4,11466284,256
209380680,mqlpnuma_4_1_1_4,11418867,256
220981280,mqlpnuma_4_1_1_4,11451487,256
212189340,mqlpnuma_4_1_1_4,11451425,256
205300500,mqlpnuma_4_1_1_8,11534133,256
206715000,mqlpnuma_4_1_1_8,11495327,256
209141280,mqlpnuma_4_1_1_8,11518354,256
211217300,mqlpnuma_4_1_1_8,11459298,256
201099840,mqlpnuma_4_1_1_8,11424895,256
198165220,mqlpnuma_4_1_1_16,11473694,256
202567220,mqlpnuma_4_1_1_16,11482301,256
199005060,mqlpnuma_4_1_1_16,11496071,256
207167620,mqlpnuma_4_1_1_16,11474701,256
213543680,mqlpnuma_4_1_1_16,11423366,256
191403460,mqlpnuma_4_1_1_32,11551229,256
254395640,mqlpnuma_4_1_1_32,11397765,256
192123800,mqlpnuma_4_1_1_32,11496149,256
197584260,mqlpnuma_4_1_1_32,11421374,256
215690240,mqlpnuma_4_1_1_32,11386541,256
189679340,mqlpnuma_4_1_1_64,11525509,256
192128100,mqlpnuma_4_1_1_64,11580825,256
191897740,mqlpnuma_4_1_1_64,11513443,256
196531800,mqlpnuma_4_1_1_64,11486471,256
197748740,mqlpnuma_4_1_1_64,11574231,256
190503700,mqlpnuma_4_1_1_128,11526827,256
231128400,mqlpnuma_4_1_1_128,11497519,256
196097260,mqlpnuma_4_1_1_128,11530601,256
199529040,mqlpnuma_4_1_1_128,11566145,256
189686960,mqlpnuma_4_1_1_128,11512019,256
201598340,mqlpnuma_4_1_1_256,11589085,256
196392020,mqlpnuma_4_1_1_256,11675689,256
199927380,mqlpnuma_4_1_1_256,11602733,256
191264720,mqlpnuma_4_1_1_256,11702578,256
190636300,mqlpnuma_4_1_1_256,11615297,256
189654900,mqlpnuma_4_1_1_512,11776414,256
212533220,mqlpnuma_4_1_1_512,11855837,256
195290120,mqlpnuma_4_1_1_512,11788493,256
189042180,mqlpnuma_4_1_1_512,11836923,256
198721600,mqlpnuma_4_1_1_512,11829039,256
206679660,mqlpnuma_4_1_1_1024,12004079,256
200847440,mqlpnuma_4_1_1_1024,12081320,256
187886120,mqlpnuma_4_1_1_1024,11777848,256
213140460,mqlpnuma_4_1_1_1024,11955492,256
199933400,mqlpnuma_4_1_1_1024,11884684,256
