3204689680,mqlpnuma_4_8_1024_1,41036674,256
3358032840,mqlpnuma_4_8_1024_1,40853140,256
3320312180,mqlpnuma_4_8_1024_1,40903946,256
3261351260,mqlpnuma_4_8_1024_1,40717308,256
3288390900,mqlpnuma_4_8_1024_1,41015761,256
3043209080,mqlpnuma_4_8_1024_2,40780740,256
3180232640,mqlpnuma_4_8_1024_2,40847678,256
3201833560,mqlpnuma_4_8_1024_2,40772696,256
3262853620,mqlpnuma_4_8_1024_2,40753849,256
3148305960,mqlpnuma_4_8_1024_2,40804779,256
3140004460,mqlpnuma_4_8_1024_4,41571207,256
3241320300,mqlpnuma_4_8_1024_4,41316851,256
3149685920,mqlpnuma_4_8_1024_4,41280064,256
3096618440,mqlpnuma_4_8_1024_4,41304213,256
3303908760,mqlpnuma_4_8_1024_4,41650357,256
3215127420,mqlpnuma_4_8_1024_8,43113114,256
3568407160,mqlpnuma_4_8_1024_8,44185978,256
3253487300,mqlpnuma_4_8_1024_8,43311513,256
3262568560,mqlpnuma_4_8_1024_8,42993566,256
3581386740,mqlpnuma_4_8_1024_8,42853392,256
3420635000,mqlpnuma_4_8_1024_16,47915457,256
3290800060,mqlpnuma_4_8_1024_16,45865576,256
3495434260,mqlpnuma_4_8_1024_16,48974273,256
3310765840,mqlpnuma_4_8_1024_16,45405645,256
3394826880,mqlpnuma_4_8_1024_16,45531290,256
3538703240,mqlpnuma_4_8_1024_32,49474865,256
3482499380,mqlpnuma_4_8_1024_32,47862553,256
3509402780,mqlpnuma_4_8_1024_32,50945850,256
3474659100,mqlpnuma_4_8_1024_32,48684088,256
3625715780,mqlpnuma_4_8_1024_32,51451812,256
3734003520,mqlpnuma_4_8_1024_64,51680528,256
3699547040,mqlpnuma_4_8_1024_64,51004688,256
3768735420,mqlpnuma_4_8_1024_64,52456842,256
3759061380,mqlpnuma_4_8_1024_64,52858366,256
3889358320,mqlpnuma_4_8_1024_64,55647788,256
4098982780,mqlpnuma_4_8_1024_128,54064628,256
3952692140,mqlpnuma_4_8_1024_128,55573311,256
4075536720,mqlpnuma_4_8_1024_128,59230024,256
4077962220,mqlpnuma_4_8_1024_128,57399233,256
4015110620,mqlpnuma_4_8_1024_128,55773377,256
4313770860,mqlpnuma_4_8_1024_256,60672718,256
4327157080,mqlpnuma_4_8_1024_256,57119860,256
4456959300,mqlpnuma_4_8_1024_256,58912978,256
4322717880,mqlpnuma_4_8_1024_256,55869865,256
4326507140,mqlpnuma_4_8_1024_256,59161009,256
4295391760,mqlpnuma_4_8_1024_512,57814044,256
4791580900,mqlpnuma_4_8_1024_512,61554525,256
4511406660,mqlpnuma_4_8_1024_512,61709159,256
4730695460,mqlpnuma_4_8_1024_512,61024680,256
4209964280,mqlpnuma_4_8_1024_512,56062235,256
4613250520,mqlpnuma_4_8_1024_1024,61806319,256
4656271220,mqlpnuma_4_8_1024_1024,59956176,256
4650487740,mqlpnuma_4_8_1024_1024,63022237,256
5050903540,mqlpnuma_4_8_1024_1024,63985456,256
4626252900,mqlpnuma_4_8_1024_1024,60357973,256
