294647920,mqlpnuma_4_8_1024_1,25885466,256
297351520,mqlpnuma_4_8_1024_1,25902426,256
296893160,mqlpnuma_4_8_1024_1,25873941,256
306917920,mqlpnuma_4_8_1024_1,26028355,256
302320640,mqlpnuma_4_8_1024_1,25911626,256
299290300,mqlpnuma_4_8_1024_2,25838748,256
276886820,mqlpnuma_4_8_1024_2,25773817,256
307065020,mqlpnuma_4_8_1024_2,25866957,256
283300860,mqlpnuma_4_8_1024_2,25843329,256
280460040,mqlpnuma_4_8_1024_2,25789669,256
269127960,mqlpnuma_4_8_1024_4,25751515,256
267305280,mqlpnuma_4_8_1024_4,25798383,256
268216960,mqlpnuma_4_8_1024_4,25751726,256
269201400,mqlpnuma_4_8_1024_4,25730552,256
269979260,mqlpnuma_4_8_1024_4,25800213,256
263204600,mqlpnuma_4_8_1024_8,25970552,256
257096840,mqlpnuma_4_8_1024_8,25749328,256
257880280,mqlpnuma_4_8_1024_8,25777641,256
255732820,mqlpnuma_4_8_1024_8,25765737,256
256519280,mqlpnuma_4_8_1024_8,25803433,256
282557700,mqlpnuma_4_8_1024_16,25794099,256
249298760,mqlpnuma_4_8_1024_16,25843927,256
253509740,mqlpnuma_4_8_1024_16,25782653,256
277497160,mqlpnuma_4_8_1024_16,25718740,256
250252900,mqlpnuma_4_8_1024_16,25801103,256
245442140,mqlpnuma_4_8_1024_32,25903404,256
257374000,mqlpnuma_4_8_1024_32,26489257,256
249839520,mqlpnuma_4_8_1024_32,25917994,256
248784600,mqlpnuma_4_8_1024_32,25930127,256
246754220,mqlpnuma_4_8_1024_32,25901918,256
242700300,mqlpnuma_4_8_1024_64,25931654,256
246638160,mqlpnuma_4_8_1024_64,26071489,256
243257760,mqlpnuma_4_8_1024_64,25927284,256
259052940,mqlpnuma_4_8_1024_64,26351457,256
244341780,mqlpnuma_4_8_1024_64,26003184,256
249659040,mqlpnuma_4_8_1024_128,26562337,256
243223700,mqlpnuma_4_8_1024_128,26204006,256
246398340,mqlpnuma_4_8_1024_128,26169377,256
247351500,mqlpnuma_4_8_1024_128,26434816,256
244174360,mqlpnuma_4_8_1024_128,26283186,256
254597420,mqlpnuma_4_8_1024_256,27893563,256
265055020,mqlpnuma_4_8_1024_256,26836954,256
248527340,mqlpnuma_4_8_1024_256,26777557,256
251702900,mqlpnuma_4_8_1024_256,26872836,256
245119300,mqlpnuma_4_8_1024_256,26773724,256
258544580,mqlpnuma_4_8_1024_512,28181444,256
250597060,mqlpnuma_4_8_1024_512,27744207,256
254479600,mqlpnuma_4_8_1024_512,28123843,256
248222060,mqlpnuma_4_8_1024_512,27506383,256
250691100,mqlpnuma_4_8_1024_512,27856493,256
255110380,mqlpnuma_4_8_1024_1024,28333174,256
255281280,mqlpnuma_4_8_1024_1024,28587452,256
251345380,mqlpnuma_4_8_1024_1024,27796201,256
275038260,mqlpnuma_4_8_1024_1024,29252951,256
254469880,mqlpnuma_4_8_1024_1024,28580274,256
