100488080,mqlpnuma_4_4_32_1,6837763,256
102167480,mqlpnuma_4_4_32_1,6847404,256
101408920,mqlpnuma_4_4_32_1,6868162,256
100035260,mqlpnuma_4_4_32_1,6837788,256
106119720,mqlpnuma_4_4_32_1,6902320,256
95779500,mqlpnuma_4_4_32_2,6860974,256
99736160,mqlpnuma_4_4_32_2,6867039,256
95630160,mqlpnuma_4_4_32_2,6847127,256
101909740,mqlpnuma_4_4_32_2,6855120,256
100262680,mqlpnuma_4_4_32_2,6905488,256
90255700,mqlpnuma_4_4_32_4,6893686,256
93484480,mqlpnuma_4_4_32_4,6944476,256
97552720,mqlpnuma_4_4_32_4,7169114,256
95181720,mqlpnuma_4_4_32_4,6888492,256
97647820,mqlpnuma_4_4_32_4,6932421,256
89004200,mqlpnuma_4_4_32_8,6971870,256
89127320,mqlpnuma_4_4_32_8,6908311,256
90295020,mqlpnuma_4_4_32_8,6968762,256
87616720,mqlpnuma_4_4_32_8,6899389,256
87481900,mqlpnuma_4_4_32_8,6934693,256
88517620,mqlpnuma_4_4_32_16,6969824,256
84819340,mqlpnuma_4_4_32_16,6941555,256
94534140,mqlpnuma_4_4_32_16,7001245,256
89154260,mqlpnuma_4_4_32_16,6930034,256
96090960,mqlpnuma_4_4_32_16,7190579,256
86674180,mqlpnuma_4_4_32_32,7008530,256
85158940,mqlpnuma_4_4_32_32,6971272,256
87719020,mqlpnuma_4_4_32_32,7052144,256
88913780,mqlpnuma_4_4_32_32,7093899,256
85343700,mqlpnuma_4_4_32_32,6921196,256
83498340,mqlpnuma_4_4_32_64,7034618,256
82463260,mqlpnuma_4_4_32_64,7038498,256
82390660,mqlpnuma_4_4_32_64,7053898,256
81543540,mqlpnuma_4_4_32_64,7004635,256
87543380,mqlpnuma_4_4_32_64,7014382,256
85659800,mqlpnuma_4_4_32_128,6999105,256
82655540,mqlpnuma_4_4_32_128,7131333,256
87411600,mqlpnuma_4_4_32_128,7121958,256
83129080,mqlpnuma_4_4_32_128,6997472,256
85685480,mqlpnuma_4_4_32_128,7157082,256
88926740,mqlpnuma_4_4_32_256,7305694,256
85241540,mqlpnuma_4_4_32_256,7312496,256
85350800,mqlpnuma_4_4_32_256,7286079,256
83411600,mqlpnuma_4_4_32_256,7157141,256
86780160,mqlpnuma_4_4_32_256,7316990,256
88267940,mqlpnuma_4_4_32_512,7547640,256
85872980,mqlpnuma_4_4_32_512,7463115,256
86366940,mqlpnuma_4_4_32_512,7725586,256
83737840,mqlpnuma_4_4_32_512,7326800,256
86749620,mqlpnuma_4_4_32_512,7671096,256
85210720,mqlpnuma_4_4_32_1024,7756395,256
92943020,mqlpnuma_4_4_32_1024,7920523,256
89363720,mqlpnuma_4_4_32_1024,8039703,256
92123200,mqlpnuma_4_4_32_1024,8217199,256
94556660,mqlpnuma_4_4_32_1024,8212819,256
