751096440,mqlpnuma_4_128_1024_1,76159276,256,10
655191780,mqlpnuma_4_128_1024_1,77388974,256,10
655309780,mqlpnuma_4_128_1024_1,76365214,256,10
638441840,mqlpnuma_4_128_1024_1,75736374,256,10
639924100,mqlpnuma_4_128_1024_1,76161169,256,10
643160720,mqlpnuma_4_128_1024_2,69350657,256,10
635869220,mqlpnuma_4_128_1024_2,68214682,256,10
644768660,mqlpnuma_4_128_1024_2,68771730,256,10
635941720,mqlpnuma_4_128_1024_2,68805853,256,10
644781180,mqlpnuma_4_128_1024_2,69131770,256,10
672208440,mqlpnuma_4_128_1024_4,63574605,256,10
675018480,mqlpnuma_4_128_1024_4,63624805,256,10
650684800,mqlpnuma_4_128_1024_4,63547680,256,10
651922860,mqlpnuma_4_128_1024_4,63311661,256,10
641988040,mqlpnuma_4_128_1024_4,62711023,256,10
731829320,mqlpnuma_4_128_1024_8,57190809,256,10
720964320,mqlpnuma_4_128_1024_8,56732477,256,10
792167780,mqlpnuma_4_128_1024_8,57747210,256,10
652273820,mqlpnuma_4_128_1024_8,56912081,256,10
652323560,mqlpnuma_4_128_1024_8,57556168,256,10
707986840,mqlpnuma_4_128_1024_16,51689405,256,10
684744380,mqlpnuma_4_128_1024_16,52005813,256,10
685023860,mqlpnuma_4_128_1024_16,52223762,256,10
647272640,mqlpnuma_4_128_1024_16,52247973,256,10
646122460,mqlpnuma_4_128_1024_16,51785316,256,10
689148620,mqlpnuma_4_128_1024_32,48093712,256,10
650535300,mqlpnuma_4_128_1024_32,48207313,256,10
700345780,mqlpnuma_4_128_1024_32,47507088,256,10
670716220,mqlpnuma_4_128_1024_32,48348669,256,10
674476300,mqlpnuma_4_128_1024_32,48725012,256,10
634245140,mqlpnuma_4_128_1024_64,46356289,256,10
674085960,mqlpnuma_4_128_1024_64,46061333,256,10
643914100,mqlpnuma_4_128_1024_64,46026518,256,10
645480560,mqlpnuma_4_128_1024_64,46215422,256,10
715931560,mqlpnuma_4_128_1024_64,46117270,256,10
682024580,mqlpnuma_4_128_1024_128,45326985,256,10
636553280,mqlpnuma_4_128_1024_128,45134439,256,10
635439920,mqlpnuma_4_128_1024_128,45778141,256,10
627582820,mqlpnuma_4_128_1024_128,45438994,256,10
626940540,mqlpnuma_4_128_1024_128,45294244,256,10
664526680,mqlpnuma_4_128_1024_256,45192759,256,10
683369240,mqlpnuma_4_128_1024_256,45370180,256,10
1048319480,mqlpnuma_4_128_1024_256,48184894,256,10
643264440,mqlpnuma_4_128_1024_256,45164411,256,10
712436320,mqlpnuma_4_128_1024_256,45148810,256,10
753508380,mqlpnuma_4_128_1024_512,45928239,256,10
653287620,mqlpnuma_4_128_1024_512,44969731,256,10
677532040,mqlpnuma_4_128_1024_512,45710595,256,10
674251140,mqlpnuma_4_128_1024_512,45792087,256,10
638397180,mqlpnuma_4_128_1024_512,45627336,256,10
665171160,mqlpnuma_4_128_1024_1024,46641223,256,10
684724220,mqlpnuma_4_128_1024_1024,45775904,256,10
663146940,mqlpnuma_4_128_1024_1024,46581225,256,10
646620920,mqlpnuma_4_128_1024_1024,46290772,256,10
658293580,mqlpnuma_4_128_1024_1024,45836169,256,10
