5226900660,mqlpnuma_4_16_1024_1,86932917,256,10
5730075340,mqlpnuma_4_16_1024_1,87619010,256,10
5848896780,mqlpnuma_4_16_1024_1,87203246,256,10
5990841200,mqlpnuma_4_16_1024_1,87624910,256,10
5731294200,mqlpnuma_4_16_1024_1,87929859,256,10
5370171340,mqlpnuma_4_16_1024_2,87010609,256,10
5887461700,mqlpnuma_4_16_1024_2,87559358,256,10
5174390400,mqlpnuma_4_16_1024_2,86903857,256,10
5294097140,mqlpnuma_4_16_1024_2,87096335,256,10
5297694420,mqlpnuma_4_16_1024_2,87040689,256,10
5240097340,mqlpnuma_4_16_1024_4,87223719,256,10
5110012420,mqlpnuma_4_16_1024_4,87165138,256,10
5264307320,mqlpnuma_4_16_1024_4,87437599,256,10
5154739400,mqlpnuma_4_16_1024_4,86991664,256,10
5074295780,mqlpnuma_4_16_1024_4,87200159,256,10
5307398520,mqlpnuma_4_16_1024_8,88068263,256,10
5186985900,mqlpnuma_4_16_1024_8,87336311,256,10
5377553720,mqlpnuma_4_16_1024_8,87268006,256,10
5202187400,mqlpnuma_4_16_1024_8,87551394,256,10
5069686460,mqlpnuma_4_16_1024_8,86970373,256,10
5422101300,mqlpnuma_4_16_1024_16,87828935,256,10
5357680320,mqlpnuma_4_16_1024_16,87755344,256,10
5463098600,mqlpnuma_4_16_1024_16,89437580,256,10
5719829960,mqlpnuma_4_16_1024_16,88096714,256,10
5309370280,mqlpnuma_4_16_1024_16,87680486,256,10
5315269440,mqlpnuma_4_16_1024_32,88664548,256,10
5266298500,mqlpnuma_4_16_1024_32,87522666,256,10
5706892300,mqlpnuma_4_16_1024_32,89840219,256,10
5374182960,mqlpnuma_4_16_1024_32,87535875,256,10
5863454940,mqlpnuma_4_16_1024_32,87969528,256,10
5381809040,mqlpnuma_4_16_1024_64,87922521,256,10
5394484640,mqlpnuma_4_16_1024_64,88261028,256,10
5419590160,mqlpnuma_4_16_1024_64,88557035,256,10
4947207620,mqlpnuma_4_16_1024_64,87151571,256,10
5279623420,mqlpnuma_4_16_1024_64,87578824,256,10
5591937340,mqlpnuma_4_16_1024_128,88203788,256,10
5016952020,mqlpnuma_4_16_1024_128,87551802,256,10
5623535800,mqlpnuma_4_16_1024_128,87808173,256,10
5081678220,mqlpnuma_4_16_1024_128,87475274,256,10
5486324120,mqlpnuma_4_16_1024_128,89210510,256,10
5235109400,mqlpnuma_4_16_1024_256,87971850,256,10
5299163520,mqlpnuma_4_16_1024_256,87396443,256,10
6146275080,mqlpnuma_4_16_1024_256,89299401,256,10
5121621300,mqlpnuma_4_16_1024_256,87379132,256,10
5557700660,mqlpnuma_4_16_1024_256,88242840,256,10
5008665040,mqlpnuma_4_16_1024_512,86971393,256,10
5578998720,mqlpnuma_4_16_1024_512,88801796,256,10
5238924140,mqlpnuma_4_16_1024_512,87943421,256,10
5436701380,mqlpnuma_4_16_1024_512,88695612,256,10
5951297780,mqlpnuma_4_16_1024_512,88530472,256,10
4934458820,mqlpnuma_4_16_1024_1024,87181246,256,10
5189872360,mqlpnuma_4_16_1024_1024,87829942,256,10
5001867620,mqlpnuma_4_16_1024_1024,87650333,256,10
4913388240,mqlpnuma_4_16_1024_1024,87570056,256,10
4917983020,mqlpnuma_4_16_1024_1024,87440142,256,10
