2770944160,mqlpnuma_4_1024_256_1,90632085,256,10
2854601300,mqlpnuma_4_1024_256_1,92583515,256,10
2874961260,mqlpnuma_4_1024_256_1,90638823,256,10
2875721180,mqlpnuma_4_1024_256_1,91367620,256,10
2692965940,mqlpnuma_4_1024_256_1,90596477,256,10
2605794940,mqlpnuma_4_1024_256_2,89819106,256,10
2790183840,mqlpnuma_4_1024_256_2,93163267,256,10
2777070400,mqlpnuma_4_1024_256_2,94015227,256,10
2740642160,mqlpnuma_4_1024_256_2,92910951,256,10
2716918280,mqlpnuma_4_1024_256_2,90673110,256,10
2486648140,mqlpnuma_4_1024_256_4,86256487,256,10
2460145680,mqlpnuma_4_1024_256_4,85902073,256,10
2534949640,mqlpnuma_4_1024_256_4,89172217,256,10
2613145980,mqlpnuma_4_1024_256_4,87776133,256,10
2486711400,mqlpnuma_4_1024_256_4,86842014,256,10
2439608300,mqlpnuma_4_1024_256_8,88051699,256,10
2364274040,mqlpnuma_4_1024_256_8,85669442,256,10
2403040520,mqlpnuma_4_1024_256_8,90135357,256,10
2428051540,mqlpnuma_4_1024_256_8,86670489,256,10
2402244760,mqlpnuma_4_1024_256_8,88411997,256,10
2333419260,mqlpnuma_4_1024_256_16,87290332,256,10
2360239980,mqlpnuma_4_1024_256_16,89850720,256,10
2189228540,mqlpnuma_4_1024_256_16,86652726,256,10
2310340580,mqlpnuma_4_1024_256_16,86919888,256,10
2359847080,mqlpnuma_4_1024_256_16,88086369,256,10
2279073860,mqlpnuma_4_1024_256_32,87516692,256,10
2222922140,mqlpnuma_4_1024_256_32,85738201,256,10
2396387500,mqlpnuma_4_1024_256_32,97377480,256,10
2518773320,mqlpnuma_4_1024_256_32,105180468,256,10
2307032240,mqlpnuma_4_1024_256_32,92482257,256,10
2606225320,mqlpnuma_4_1024_256_64,112471251,256,10
2295638900,mqlpnuma_4_1024_256_64,94269841,256,10
2524927300,mqlpnuma_4_1024_256_64,111850414,256,10
2350024500,mqlpnuma_4_1024_256_64,94336933,256,10
2335438080,mqlpnuma_4_1024_256_64,97313387,256,10
2657857520,mqlpnuma_4_1024_256_128,113299513,256,10
2876751560,mqlpnuma_4_1024_256_128,124357122,256,10
2980777540,mqlpnuma_4_1024_256_128,131464563,256,10
2902765440,mqlpnuma_4_1024_256_128,126172547,256,10
2961091960,mqlpnuma_4_1024_256_128,124970196,256,10
2916279140,mqlpnuma_4_1024_256_256,129324433,256,10
2880199180,mqlpnuma_4_1024_256_256,126953776,256,10
3185345100,mqlpnuma_4_1024_256_256,129503524,256,10
2816582140,mqlpnuma_4_1024_256_256,125822874,256,10
2479935760,mqlpnuma_4_1024_256_256,109767168,256,10
2930835480,mqlpnuma_4_1024_256_512,132724364,256,10
3097905620,mqlpnuma_4_1024_256_512,126445603,256,10
3097889760,mqlpnuma_4_1024_256_512,137555586,256,10
2909175940,mqlpnuma_4_1024_256_512,129688309,256,10
2891142460,mqlpnuma_4_1024_256_512,134136098,256,10
3178403340,mqlpnuma_4_1024_256_1024,130458796,256,10
2962536080,mqlpnuma_4_1024_256_1024,130832482,256,10
2882674200,mqlpnuma_4_1024_256_1024,129151926,256,10
2846781120,mqlpnuma_4_1024_256_1024,126064931,256,10
3052260420,mqlpnuma_4_1024_256_1024,128397968,256,10
