21528075526,obim,33530360,1
21524033806,obim,33530360,1
21561396306,obim,33530360,1
21578451364,obim,33530360,1
21490220008,obim,33530360,1
12105518088,obim,31145546,2
12120566962,obim,31144689,2
12094644736,obim,31149818,2
12124922740,obim,31148756,2
12164115738,obim,31147634,2
6630761518,obim,31133851,4
6640596426,obim,31149796,4
6645169616,obim,31145611,4
6649334850,obim,31140508,4
6623941424,obim,31147580,4
3530071930,obim,31295149,8
3526182064,obim,31276768,8
3531750422,obim,31267745,8
3538218850,obim,31295888,8
3528982466,obim,31283545,8
2018756126,obim,32265961,16
2022228052,obim,32272222,16
2020342956,obim,32314525,16
2016996262,obim,32353581,16
2015418674,obim,32243296,16
1419615684,obim,38015081,32
1419682672,obim,38067105,32
1420647054,obim,38092269,32
1417357690,obim,38070965,32
1430592266,obim,38169352,32
1183143578,obim,54555260,64
1179384182,obim,54674321,64
1178600996,obim,54504624,64
1177196428,obim,54355442,64
1206580014,obim,54825852,64
1282622622,obim,88973058,128
1253224620,obim,88784864,128
1251006304,obim,88803023,128
1241078000,obim,87561382,128
1247236654,obim,88434206,128
1948980396660,adap-obim,2620611128,1
1949062685132,adap-obim,2620611128,1
1946527148592,adap-obim,2620611128,1
1953560552372,adap-obim,2620611128,1
1944205551318,adap-obim,2620611128,1
350559966908,adap-obim,942093961,2
350843590606,adap-obim,942530863,2
349911326182,adap-obim,942199904,2
351038105908,adap-obim,942625523,2
350390726382,adap-obim,940917840,2
187651941528,adap-obim,921837836,4
187712300530,adap-obim,922509783,4
187371974602,adap-obim,922213640,4
187401968658,adap-obim,922011599,4
188113450824,adap-obim,923899743,4
99658786772,adap-obim,912000974,8
99830207038,adap-obim,913411578,8
100423894038,adap-obim,916620624,8
100351777036,adap-obim,916110729,8
99857681546,adap-obim,914744867,8
56720690106,adap-obim,914661462,16
56636539476,adap-obim,912981858,16
56627626828,adap-obim,912792121,16
56771290002,adap-obim,916741743,16
56682286768,adap-obim,913432583,16
25916951022,adap-obim,885799521,32
25706928590,adap-obim,876461031,32
25509824140,adap-obim,873216501,32
25751285630,adap-obim,877758518,32
25535924224,adap-obim,875355622,32
12992226910,adap-obim,853137128,64
12880683412,adap-obim,848327025,64
12901786390,adap-obim,850383343,64
12815581762,adap-obim,846055090,64
12881339812,adap-obim,850897072,64
9068896664,adap-obim,880292047,128
9194255820,adap-obim,889919895,128
9038606938,adap-obim,874972953,128
4431381272,adap-obim,393570817,128
9142969580,adap-obim,882667966,128
