37853403086,obim,50542646,1
37821083450,obim,50542646,1
37788407786,obim,50542646,1
37821753600,obim,50542646,1
37814984182,obim,50542646,1
20874883280,obim,50542773,2
20860263366,obim,50542646,2
20826671528,obim,50542646,2
20811071542,obim,50542646,2
21600202968,obim,50542646,2
10900811742,obim,50542758,4
10907601614,obim,50542753,4
10910493492,obim,50542657,4
10907390366,obim,50542852,4
10932595440,obim,50542664,4
5778921854,obim,50542676,8
5792901000,obim,50542727,8
5794925314,obim,50542786,8
5776718048,obim,50542677,8
5774580728,obim,50542676,8
3244391994,obim,50542853,16
3246260560,obim,50542784,16
3247476788,obim,50542752,16
3242689354,obim,50542889,16
3243631134,obim,50543086,16
1720339098,obim,50543922,32
1737163770,obim,50544224,32
1753420754,obim,50543852,32
1725337030,obim,50544273,32
1738330046,obim,50544653,32
1016007778,obim,50544756,64
1137563780,obim,50545923,64
1075994630,obim,50545936,64
1071872352,obim,50545100,64
1036654800,obim,50545719,64
996837836,obim,50551515,128
995823472,obim,50549570,128
957059696,obim,50546773,128
1038546710,obim,50548176,128
986061806,obim,50547659,128
39275144098,adap-obim,50542646,1
39242228870,adap-obim,50542646,1
39199192694,adap-obim,50542646,1
39340371632,adap-obim,50542646,1
39334091666,adap-obim,50542646,1
21612830152,adap-obim,50542670,2
21614104748,adap-obim,50542646,2
21567384490,adap-obim,50542646,2
21540655944,adap-obim,50542646,2
21539197114,adap-obim,50542787,2
11281987444,adap-obim,50542725,4
11268896134,adap-obim,50542742,4
11278757434,adap-obim,50542657,4
11282627594,adap-obim,50542735,4
11303413062,adap-obim,50542682,4
5965608328,adap-obim,50542748,8
5968523066,adap-obim,50542678,8
5961019156,adap-obim,50542678,8
5968336404,adap-obim,50542679,8
5963244280,adap-obim,50542677,8
3405732184,adap-obim,50543157,16
3360639192,adap-obim,50542713,16
3362674420,adap-obim,50542983,16
3367308082,adap-obim,50542747,16
3371654422,adap-obim,50543247,16
1774244730,adap-obim,50544430,32
1786309714,adap-obim,50543853,32
1771932822,adap-obim,50544165,32
1783487624,adap-obim,50543953,32
1775482214,adap-obim,50543562,32
1153927330,adap-obim,50544916,64
1032072634,adap-obim,50544875,64
1144199536,adap-obim,50547363,64
1073791486,adap-obim,50543923,64
1104915758,adap-obim,50545445,64
969044100,adap-obim,50550037,128
1028319608,adap-obim,50546966,128
957598960,adap-obim,50548975,128
1019929802,adap-obim,50551485,128
1060412000,adap-obim,50551286,128
