149097005972,obim,35016137,1
149097559134,obim,35016137,1
148960193238,obim,35016137,1
149303781742,obim,35016137,1
149490027042,obim,35016137,1
75905692712,obim,35016137,2
75921893848,obim,35016137,2
75850789988,obim,35016137,2
75911172300,obim,35016137,2
75916787584,obim,35016137,2
38581130246,obim,35017042,4
38464726270,obim,35017047,4
38565006158,obim,35017050,4
38573493054,obim,35017043,4
38530728084,obim,35017045,4
19894690896,obim,36108256,8
19859469890,obim,36108160,8
19887203498,obim,36106884,8
19890746598,obim,36111944,8
19934935662,obim,36110747,8
10512386620,obim,37037533,16
10498348410,obim,37005862,16
10485932444,obim,36786051,16
10499640552,obim,37041207,16
10632098086,obim,38720387,16
5680745560,obim,38803601,32
5872060502,obim,43788862,32
5908002938,obim,44419809,32
5932551018,obim,45250175,32
5795193708,obim,41797713,32
3110016326,obim,38680995,64
3321580572,obim,46067119,64
3185331912,obim,40557369,64
3292373120,obim,46195092,64
3107905850,obim,39416274,64
3239428228,obim,59599145,128
2661857618,obim,46919808,128
2498822702,obim,39761889,128
3118207822,obim,60449084,128
2484807444,obim,40912191,128
150395348358,adap-obim,35016137,1
150694144974,adap-obim,35016137,1
150600672130,adap-obim,35016137,1
150382766316,adap-obim,35016137,1
150488944240,adap-obim,35016137,1
76802784660,adap-obim,35016137,2
76724564228,adap-obim,35016137,2
76581837284,adap-obim,35016137,2
76676864804,adap-obim,35016137,2
76769584282,adap-obim,35016137,2
39029808896,adap-obim,35017057,4
38936169344,adap-obim,35017051,4
38827493016,adap-obim,35017066,4
38865104262,adap-obim,35017057,4
38906776508,adap-obim,35017074,4
20135276318,adap-obim,36114823,8
20077833450,adap-obim,36113282,8
20136279466,adap-obim,36100237,8
20068881010,adap-obim,36114916,8
20111766316,adap-obim,36119704,8
11115471884,adap-obim,43555863,16
10949180796,adap-obim,41555684,16
10986356466,adap-obim,41990294,16
10962994054,adap-obim,41583201,16
10957405848,adap-obim,41694020,16
6125893428,adap-obim,48127522,32
5863894266,adap-obim,42499058,32
6117377284,adap-obim,48235494,32
5856045778,adap-obim,41683078,32
5996963604,adap-obim,45145389,32
3219344168,adap-obim,42810896,64
3141042754,adap-obim,39333108,64
3130581138,adap-obim,39091330,64
3155758832,adap-obim,39584427,64
3129561398,adap-obim,38921231,64
2597087600,adap-obim,40575381,128
2552981360,adap-obim,41493199,128
2473590606,adap-obim,40458304,128
2717204038,adap-obim,44260802,128
2606558236,adap-obim,45592536,128
