2660171396,obim,6262104,1
2661039692,obim,6262104,1
2657107716,obim,6262104,1
2661978646,obim,6262104,1
2653880316,obim,6262104,1
1708550496,obim,6262190,2
1716780722,obim,6262220,2
1717544500,obim,6262278,2
1709733084,obim,6262264,2
1706718922,obim,6262269,2
952522566,obim,6267237,4
954131760,obim,6266683,4
955125356,obim,6268065,4
956096896,obim,6266020,4
952352288,obim,6266831,4
515163936,obim,6291699,8
517864674,obim,6288989,8
514728266,obim,6288368,8
515988146,obim,6282465,8
518160044,obim,6291790,8
300935270,obim,6371417,16
298580230,obim,6355969,16
299319072,obim,6356816,16
300112298,obim,6373888,16
299221288,obim,6365169,16
215220768,obim,6606187,32
215780022,obim,6618152,32
217008830,obim,6616418,32
209452702,obim,6668884,32
212994174,obim,6647123,32
188349710,obim,7928687,64
191584012,obim,8011043,64
192596152,obim,7946468,64
192414070,obim,7809077,64
193523260,obim,7819668,64
243547154,obim,8703058,128
226963210,obim,8936629,128
226187528,obim,8582041,128
235975828,obim,8760775,128
219265952,obim,8884758,128
2685877954,adap-obim,6262104,1
2694678856,adap-obim,6262104,1
2683230448,adap-obim,6262104,1
2679021128,adap-obim,6262104,1
2679870192,adap-obim,6262104,1
1732924176,adap-obim,6262326,2
1729135128,adap-obim,6263200,2
1730948194,adap-obim,6262427,2
1732819524,adap-obim,6264140,2
1730393208,adap-obim,6262840,2
965497336,adap-obim,6270184,4
968297048,adap-obim,6270844,4
966270456,adap-obim,6268237,4
967970140,adap-obim,6274859,4
968043136,adap-obim,6273616,4
525656784,adap-obim,6313632,8
526907950,adap-obim,6312066,8
528008702,adap-obim,6324465,8
526167506,adap-obim,6321108,8
527522734,adap-obim,6328284,8
307615196,adap-obim,6449754,16
307857842,adap-obim,6474384,16
307280584,adap-obim,6450471,16
305923902,adap-obim,6449203,16
309613056,adap-obim,6465665,16
213975356,adap-obim,6962348,32
212051610,adap-obim,7055113,32
211649184,adap-obim,6962228,32
212747096,adap-obim,7027353,32
211940974,adap-obim,7099326,32
166471756,adap-obim,9699052,64
169780284,adap-obim,9617671,64
165220060,adap-obim,9616065,64
166976238,adap-obim,9717074,64
165812484,adap-obim,9664800,64
156129252,adap-obim,14809972,128
164136336,adap-obim,14810534,128
161774314,adap-obim,15352462,128
155819552,adap-obim,14394021,128
160981558,adap-obim,14829540,128
