55399956880,obim,47894693,1,0
55401140728,obim,47894693,1,0
55462921086,obim,47894693,1,0
55425458628,obim,47894693,1,0
55383170994,obim,47894693,1,0
30131186596,obim,47951387,2,0
30116907546,obim,47950599,2,0
30182215534,obim,47950930,2,0
30122251336,obim,47950120,2,0
30130147002,obim,47950042,2,0
15445798342,obim,47985407,4,0
15394822272,obim,47985069,4,0
15333956000,obim,47986473,4,0
15321120132,obim,47985876,4,0
15252532774,obim,47986433,4,0
8263313686,obim,48011116,8,0
8307096614,obim,48013259,8,0
8273421056,obim,48011751,8,0
8310904050,obim,48011867,8,0
8378281966,obim,48012507,8,0
5947996494,obim,48033735,16,0
5880489880,obim,48034381,16,0
5937264950,obim,48033370,16,0
6081541854,obim,48033214,16,0
5853869456,obim,48034122,16,0
7512250708,obim,48047309,32,0
7659638196,obim,48046957,32,0
7403721020,obim,48047277,32,0
7780350100,obim,48047004,32,0
7730697382,obim,48046851,32,0
8975287858,obim,48043722,64,0
7962180026,obim,48045223,64,0
7935326562,obim,48037677,64,0
9737716760,obim,48026402,64,0
8024944020,obim,48036321,64,0
8530041698,obim,48048761,128,0
8228248044,obim,48041038,128,0
11228241044,obim,48039064,128,0
10854715192,obim,48040638,128,0
12901967462,obim,48038323,128,0
56810109314,adap-obim,47894693,1,0
56862426652,adap-obim,47894693,1,0
56793017774,adap-obim,47894693,1,0
56883079204,adap-obim,47894693,1,0
56955753732,adap-obim,47894693,1,0
31105947050,adap-obim,47974652,2,0
30983715486,adap-obim,47961978,2,0
31115979274,adap-obim,47974398,2,0
31168939758,adap-obim,47965191,2,0
31155027692,adap-obim,47974899,2,0
15843640568,adap-obim,48011029,4,0
16355103166,adap-obim,48007332,4,0
15978620846,adap-obim,48009107,4,0
15859529482,adap-obim,48008574,4,0
15931998724,adap-obim,48007492,4,0
8550767644,adap-obim,48016975,8,0
8565881730,adap-obim,48018202,8,0
8587553752,adap-obim,48016966,8,0
8682860254,adap-obim,48019825,8,0
8659090098,adap-obim,48019183,8,0
5758699648,adap-obim,48031699,16,0
5783947210,adap-obim,48032085,16,0
5768877224,adap-obim,48033498,16,0
5771097136,adap-obim,48032567,16,0
5798687450,adap-obim,48033074,16,0
7415019172,adap-obim,48046337,32,0
7515462860,adap-obim,48048326,32,0
7375283634,adap-obim,48048247,32,0
7406514460,adap-obim,48045656,32,0
7566316058,adap-obim,48047743,32,0
7930758898,adap-obim,48040402,64,0
9140927812,adap-obim,48027189,64,0
8144910608,adap-obim,48037631,64,0
9636819050,adap-obim,48023938,64,0
7994664106,adap-obim,48035857,64,0
8799580548,adap-obim,48038021,128,0
8370551706,adap-obim,48037617,128,0
11337624734,adap-obim,48036269,128,0
14304836988,adap-obim,48024360,128,0
8406866984,adap-obim,48039907,128,0
