2972036118,obim,7725006,1,14
2959116228,obim,7725006,1,14
2962108020,obim,7725006,1,14
2969426864,obim,7725006,1,14
2973711046,obim,7725006,1,14
2069325152,obim,7710376,2,14
2070273654,obim,7713336,2,14
2074914758,obim,7709741,2,14
2075095230,obim,7711771,2,14
2072443910,obim,7713298,2,14
1151167064,obim,7735187,4,14
1152116098,obim,7727455,4,14
1151130146,obim,7733548,4,14
1151841252,obim,7724910,4,14
1152756228,obim,7723183,4,14
612454074,obim,7886224,8,14
608853004,obim,7856433,8,14
612328464,obim,7944721,8,14
614863530,obim,7884319,8,14
611982360,obim,7890044,8,14
355416672,obim,8742899,16,14
357697152,obim,8764036,16,14
357552974,obim,8876508,16,14
355460232,obim,8770334,16,14
355946504,obim,8825120,16,14
313739368,obim,12959391,32,14
307207644,obim,12675944,32,14
315161900,obim,12981317,32,14
313712692,obim,12871256,32,14
315196486,obim,12784386,32,14
280594474,obim,20111963,64,14
282154894,obim,20026111,64,14
282906696,obim,19949054,64,14
282996866,obim,20102311,64,14
276938804,obim,19824855,64,14
279404838,obim,31459673,128,14
278188092,obim,31213472,128,14
282946604,obim,32053371,128,14
279094010,obim,30987394,128,14
277067486,obim,30394669,128,14
3965258164,adap-obim,10978345,1,14
3962906660,adap-obim,10978345,1,14
3957496102,adap-obim,10978345,1,14
3970930664,adap-obim,10978345,1,14
3957805676,adap-obim,10978345,1,14
2813898428,adap-obim,10802627,2,14
2806960250,adap-obim,10788759,2,14
2803081936,adap-obim,10798934,2,14
2811379884,adap-obim,10789649,2,14
2802976190,adap-obim,10791647,2,14
1611914042,adap-obim,10702067,4,14
1599541070,adap-obim,10681848,4,14
1603407952,adap-obim,10675479,4,14
1600668084,adap-obim,10672663,4,14
1600532010,adap-obim,10663035,4,14
859209522,adap-obim,10742557,8,14
860030914,adap-obim,10732048,8,14
862597900,adap-obim,10750871,8,14
862435978,adap-obim,10713698,8,14
861719624,adap-obim,10720863,8,14
498604494,adap-obim,11329412,16,14
496731752,adap-obim,11405463,16,14
497962940,adap-obim,11365831,16,14
495674732,adap-obim,11366016,16,14
491223028,adap-obim,11256912,16,14
383719654,adap-obim,14612951,32,14
383326096,adap-obim,14590809,32,14
382177270,adap-obim,14387660,32,14
380662530,adap-obim,14523841,32,14
383551574,adap-obim,14492646,32,14
350310722,adap-obim,22277523,64,14
347449216,adap-obim,22795128,64,14
345509542,adap-obim,22590379,64,14
345051002,adap-obim,22173923,64,14
345843114,adap-obim,22158751,64,14
345280578,adap-obim,35602258,128,14
350485754,adap-obim,36262498,128,14
349332108,adap-obim,35197579,128,14
358438410,adap-obim,36704133,128,14
347504436,adap-obim,35112014,128,14
