12096233812,obim,29625079,1,14
12044881540,obim,29625079,1,14
12042011988,obim,29625079,1,14
12051546840,obim,29625079,1,14
12038410720,obim,29625079,1,14
8166596126,obim,29564307,2,14
8206470334,obim,29567833,2,14
8154655344,obim,29567981,2,14
8161098074,obim,29563858,2,14
8161079154,obim,29565057,2,14
4614518916,obim,29529203,4,14
4586447878,obim,29549465,4,14
4594520710,obim,29547463,4,14
4588167856,obim,29538822,4,14
4587564680,obim,29554915,4,14
2448017726,obim,29661330,8,14
2442414380,obim,29655543,8,14
2446224040,obim,29695774,8,14
2442549634,obim,29693195,8,14
2445248624,obim,29690161,8,14
1373004030,obim,31001987,16,14
1375752070,obim,31063881,16,14
1380730894,obim,31034741,16,14
1373980372,obim,31042035,16,14
1377058818,obim,31040359,16,14
995806350,obim,37437252,32,14
995436342,obim,37246965,32,14
992490238,obim,37417429,32,14
1000417910,obim,37340550,32,14
995605448,obim,37189830,32,14
792319066,obim,52264771,64,14
792119046,obim,52661064,64,14
799556202,obim,53023024,64,14
792092386,obim,52769584,64,14
795954410,obim,52728789,64,14
732530476,obim,84519386,128,14
735945108,obim,85205929,128,14
736107052,obim,85340201,128,14
744146340,obim,85351982,128,14
739777698,obim,85544430,128,14
12926199058,adap-obim,27530625,1,14
12883656364,adap-obim,27530625,1,14
12892639278,adap-obim,27530625,1,14
12875148852,adap-obim,27530625,1,14
12893268658,adap-obim,27530625,1,14
8620460736,adap-obim,27522370,2,14
8617281186,adap-obim,27520860,2,14
8618862852,adap-obim,27525392,2,14
8631789670,adap-obim,27524382,2,14
8643376876,adap-obim,27522427,2,14
4826780964,adap-obim,27555157,4,14
4827699020,adap-obim,27558189,4,14
4825211302,adap-obim,27550966,4,14
4822122592,adap-obim,27550292,4,14
4830615440,adap-obim,27545048,4,14
2566650778,adap-obim,27730922,8,14
2566002650,adap-obim,27706581,8,14
2564026498,adap-obim,27730690,8,14
2573430208,adap-obim,27718961,8,14
2562711380,adap-obim,27702897,8,14
1466374098,adap-obim,29417920,16,14
1461668406,adap-obim,29440656,16,14
1470126184,adap-obim,29447690,16,14
1461662754,adap-obim,29419438,16,14
1467247848,adap-obim,29558309,16,14
1082597184,adap-obim,36348121,32,14
1080958726,adap-obim,36200346,32,14
1139977904,adap-obim,36147451,32,14
1076519516,adap-obim,36074289,32,14
1141264546,adap-obim,35943716,32,14
993604926,adap-obim,52108181,64,14
977229542,adap-obim,52471229,64,14
959341426,adap-obim,52086615,64,14
975978108,adap-obim,52084281,64,14
982686002,adap-obim,52153446,64,14
794381280,adap-obim,85484226,128,14
997715030,adap-obim,77544326,128,14
840727720,adap-obim,82236425,128,14
1105488012,adap-obim,75529867,128,14
838180064,adap-obim,83103600,128,14
