242928374304,obim,84823491,1,0
242663891798,obim,84823491,1,0
242807431392,obim,84823491,1,0
242730808282,obim,84823491,1,0
242768390178,obim,84823491,1,0
123099905624,obim,84825893,2,0
123184728748,obim,84826469,2,0
123192864484,obim,84826232,2,0
123265811324,obim,84826065,2,0
123138889194,obim,84826016,2,0
62248718016,obim,84824847,4,0
62179553130,obim,84824835,4,0
62151427316,obim,84824711,4,0
62255491086,obim,84824901,4,0
62133272874,obim,84825192,4,0
31904280066,obim,84826313,8,0
31870726812,obim,84826516,8,0
31955057604,obim,84826636,8,0
31904939702,obim,84826548,8,0
31910090166,obim,84826709,8,0
16742214906,obim,84838808,16,0
16770189398,obim,84838178,16,0
16749728532,obim,84838621,16,0
16751478994,obim,84838383,16,0
16757611350,obim,84838786,16,0
8818978382,obim,84921162,32,0
8790371478,obim,84917796,32,0
8802187658,obim,84920352,32,0
8779207474,obim,84922213,32,0
8782126530,obim,84907297,32,0
4837579474,obim,87340137,64,0
4841148270,obim,87545635,64,0
4825393668,obim,87294369,64,0
4855225666,obim,87828044,64,0
4852427208,obim,87642075,64,0
3773708038,obim,93528445,128,0
3829952168,obim,94595528,128,0
3839556364,obim,93786249,128,0
3802159560,obim,93861166,128,0
3789810810,obim,93889757,128,0
252460725036,adap-obim,84823491,1,0
253359692208,adap-obim,84823491,1,0
252603177754,adap-obim,84823491,1,0
252451581144,adap-obim,84823491,1,0
252562636094,adap-obim,84823491,1,0
128055347980,adap-obim,84826387,2,0
128118682490,adap-obim,84826331,2,0
128128520388,adap-obim,84826143,2,0
128061517964,adap-obim,84826502,2,0
128252529186,adap-obim,84826495,2,0
64729814656,adap-obim,84824478,4,0
64759907166,adap-obim,84824795,4,0
64659981398,adap-obim,84824272,4,0
64827384796,adap-obim,84824753,4,0
64715663126,adap-obim,84824737,4,0
33203294988,adap-obim,84826596,8,0
33133499152,adap-obim,84825494,8,0
33290362746,adap-obim,84826791,8,0
33151746530,adap-obim,84826123,8,0
33159734618,adap-obim,84826203,8,0
17492006544,adap-obim,84838525,16,0
17453633662,adap-obim,84838144,16,0
17476009368,adap-obim,84837657,16,0
17472480910,adap-obim,84838367,16,0
17463903100,adap-obim,84838480,16,0
9145976380,adap-obim,84907925,32,0
9152503450,adap-obim,84907337,32,0
9144831202,adap-obim,84918731,32,0
9150710300,adap-obim,84907628,32,0
9148915902,adap-obim,84920039,32,0
5018822372,adap-obim,87448502,64,0
5009879350,adap-obim,87546155,64,0
5027061426,adap-obim,87782078,64,0
5022076940,adap-obim,87734368,64,0
4999518692,adap-obim,87157869,64,0
3914756658,adap-obim,93765466,128,0
3907059962,adap-obim,93683351,128,0
3921394088,adap-obim,93856917,128,0
3965009968,adap-obim,94050348,128,0
3908099478,adap-obim,93308138,128,0
