4486441800,mqpl_4_1_1,47986757,256,0
4502530500,mqpl_4_1_1,47990588,256,0
4602056840,mqpl_4_1_1,47985891,256,0
4603222740,mqpl_4_1_1,47988720,256,0
4720997240,mqpl_4_1_1,47988464,256,0
4472575920,mqpl_4_1_2,48006049,256,0
4424918880,mqpl_4_1_2,47990386,256,0
4519549360,mqpl_4_1_2,47996057,256,0
4508682940,mqpl_4_1_2,48001899,256,0
4358855220,mqpl_4_1_2,47991513,256,0
4264351520,mqpl_4_1_4,47989831,256,0
4297598860,mqpl_4_1_4,48000955,256,0
4330154540,mqpl_4_1_4,47993967,256,0
4226726460,mqpl_4_1_4,47997486,256,0
4235337800,mqpl_4_1_4,47994339,256,0
4267557800,mqpl_4_1_8,48003838,256,0
4372420960,mqpl_4_1_8,48024489,256,0
4097675400,mqpl_4_1_8,48010083,256,0
4114261440,mqpl_4_1_8,48004391,256,0
4172885960,mqpl_4_1_8,48000327,256,0
4088642520,mqpl_4_1_16,48007512,256,0
4135754760,mqpl_4_1_16,47999453,256,0
4199923280,mqpl_4_1_16,48009287,256,0
4190061140,mqpl_4_1_16,48002779,256,0
4130997360,mqpl_4_1_16,48001260,256,0
4110470200,mqpl_4_1_32,48003375,256,0
4168251620,mqpl_4_1_32,48006601,256,0
4086932480,mqpl_4_1_32,48010573,256,0
4174981680,mqpl_4_1_32,48005737,256,0
3998313480,mqpl_4_1_32,48005050,256,0
4099126880,mqpl_4_1_64,48013843,256,0
4178196720,mqpl_4_1_64,48018770,256,0
4251268840,mqpl_4_1_64,48019684,256,0
4068506040,mqpl_4_1_64,48018229,256,0
4558905540,mqpl_4_1_64,48040382,256,0
4322808480,mqpl_4_1_128,48044246,256,0
4356078880,mqpl_4_1_128,48031899,256,0
4266646020,mqpl_4_1_128,48037428,256,0
4402937000,mqpl_4_1_128,48038194,256,0
4186419580,mqpl_4_1_128,48055274,256,0
5219717460,mqpl_4_1_256,48122776,256,0
4393812420,mqpl_4_1_256,48084502,256,0
4336228440,mqpl_4_1_256,48082456,256,0
4484392240,mqpl_4_1_256,48094181,256,0
4475614720,mqpl_4_1_256,48084176,256,0
4417044200,mqpl_4_1_512,48096082,256,0
4529465700,mqpl_4_1_512,48076229,256,0
4567806340,mqpl_4_1_512,48099816,256,0
4688853780,mqpl_4_1_512,48113187,256,0
4520683120,mqpl_4_1_512,48101683,256,0
4816975920,mqpl_4_1_1024,48112062,256,0
4869835480,mqpl_4_1_1024,48115432,256,0
4656261540,mqpl_4_1_1024,48098954,256,0
4799940360,mqpl_4_1_1024,48103719,256,0
4869806120,mqpl_4_1_1024,48117042,256,0
4636299960,mqpl_4_2_1,48100069,256,0
4615540880,mqpl_4_2_1,48097607,256,0
5673221720,mqpl_4_2_1,48092485,256,0
4658667860,mqpl_4_2_1,48088343,256,0
5886160900,mqpl_4_2_1,48114703,256,0
4508777120,mqpl_4_2_2,48081283,256,0
4564225380,mqpl_4_2_2,48090744,256,0
4420413240,mqpl_4_2_2,48085474,256,0
4653937000,mqpl_4_2_2,48072796,256,0
4594866760,mqpl_4_2_2,48079849,256,0
4435597960,mqpl_4_2_4,48041957,256,0
4438516980,mqpl_4_2_4,48045633,256,0
4419456700,mqpl_4_2_4,48033302,256,0
4286934640,mqpl_4_2_4,48047221,256,0
4395903500,mqpl_4_2_4,48048875,256,0
4177824280,mqpl_4_2_8,48021219,256,0
4326154380,mqpl_4_2_8,48025859,256,0
4253968200,mqpl_4_2_8,48031176,256,0
5313330560,mqpl_4_2_8,48035097,256,0
4092076980,mqpl_4_2_8,48021231,256,0
4031490320,mqpl_4_2_16,48013720,256,0
4092382820,mqpl_4_2_16,48014640,256,0
4286282280,mqpl_4_2_16,48017361,256,0
4158732780,mqpl_4_2_16,48016365,256,0
4187142000,mqpl_4_2_16,48014333,256,0
4175718200,mqpl_4_2_32,48011934,256,0
4058045820,mqpl_4_2_32,48013628,256,0
4020104780,mqpl_4_2_32,48003070,256,0
4082189700,mqpl_4_2_32,48012226,256,0
4164474740,mqpl_4_2_32,48028767,256,0
4224242540,mqpl_4_2_64,48029420,256,0
4107107940,mqpl_4_2_64,48021099,256,0
4176574760,mqpl_4_2_64,48019408,256,0
4084894840,mqpl_4_2_64,48024843,256,0
4154533120,mqpl_4_2_64,48020633,256,0
4252953540,mqpl_4_2_128,48046343,256,0
4238650040,mqpl_4_2_128,48047218,256,0
4279857020,mqpl_4_2_128,48065743,256,0
4128966960,mqpl_4_2_128,48046445,256,0
4129094740,mqpl_4_2_128,48041518,256,0
4389776640,mqpl_4_2_256,48079783,256,0
4515767960,mqpl_4_2_256,48093694,256,0
4540561600,mqpl_4_2_256,48080125,256,0
5031801920,mqpl_4_2_256,48073165,256,0
4479198560,mqpl_4_2_256,48078958,256,0
5623433580,mqpl_4_2_512,48095951,256,0
4520901760,mqpl_4_2_512,48094666,256,0
5241860080,mqpl_4_2_512,48101421,256,0
4605228660,mqpl_4_2_512,48103215,256,0
4676037440,mqpl_4_2_512,48107420,256,0
4769186240,mqpl_4_2_1024,48095925,256,0
4691113460,mqpl_4_2_1024,48108084,256,0
4746489840,mqpl_4_2_1024,48103606,256,0
4674660500,mqpl_4_2_1024,48103567,256,0
4741469380,mqpl_4_2_1024,48108079,256,0
4610768040,mqpl_4_4_1,48170266,256,0
4877664920,mqpl_4_4_1,48174622,256,0
4686255380,mqpl_4_4_1,48174613,256,0
5996316180,mqpl_4_4_1,48188838,256,0
4692025040,mqpl_4_4_1,48175171,256,0
4358163040,mqpl_4_4_2,48141467,256,0
4329780540,mqpl_4_4_2,48145743,256,0
4595584620,mqpl_4_4_2,48154148,256,0
4399207760,mqpl_4_4_2,48134528,256,0
4570236380,mqpl_4_4_2,48155492,256,0
4262396280,mqpl_4_4_4,48091276,256,0
4212616760,mqpl_4_4_4,48088608,256,0
4258635840,mqpl_4_4_4,48109103,256,0
4133742640,mqpl_4_4_4,48091192,256,0
4257502880,mqpl_4_4_4,48084937,256,0
4187018140,mqpl_4_4_8,48045785,256,0
4169533280,mqpl_4_4_8,48048388,256,0
4154979320,mqpl_4_4_8,48046831,256,0
4230033020,mqpl_4_4_8,48048433,256,0
4127480160,mqpl_4_4_8,48051301,256,0
4085432360,mqpl_4_4_16,48028080,256,0
4147229920,mqpl_4_4_16,48043640,256,0
4074333780,mqpl_4_4_16,48025982,256,0
4069722740,mqpl_4_4_16,48021993,256,0
4140466960,mqpl_4_4_16,48033928,256,0
4148078060,mqpl_4_4_32,48012340,256,0
4470285300,mqpl_4_4_32,48025407,256,0
4120401480,mqpl_4_4_32,48016233,256,0
4311731920,mqpl_4_4_32,48050322,256,0
4195681360,mqpl_4_4_32,48016836,256,0
4266268580,mqpl_4_4_64,48024957,256,0
4119403960,mqpl_4_4_64,48023859,256,0
4697764240,mqpl_4_4_64,48027445,256,0
4070092420,mqpl_4_4_64,48025829,256,0
4169007920,mqpl_4_4_64,48032978,256,0
4316122920,mqpl_4_4_128,48051531,256,0
4316254020,mqpl_4_4_128,48059539,256,0
4179271320,mqpl_4_4_128,48052316,256,0
4248866220,mqpl_4_4_128,48034008,256,0
4215193560,mqpl_4_4_128,48057592,256,0
4468616080,mqpl_4_4_256,48075579,256,0
4365506600,mqpl_4_4_256,48081539,256,0
4485887560,mqpl_4_4_256,48083505,256,0
4384045220,mqpl_4_4_256,48070580,256,0
4377416380,mqpl_4_4_256,48068382,256,0
4495940680,mqpl_4_4_512,48098794,256,0
4636022360,mqpl_4_4_512,48098037,256,0
4633785720,mqpl_4_4_512,48102096,256,0
4530979580,mqpl_4_4_512,48101055,256,0
4646967840,mqpl_4_4_512,48103767,256,0
5310066720,mqpl_4_4_1024,48102466,256,0
4640302880,mqpl_4_4_1024,48102180,256,0
4992403480,mqpl_4_4_1024,48119880,256,0
4695763320,mqpl_4_4_1024,48102391,256,0
5005582800,mqpl_4_4_1024,48106497,256,0
4725886640,mqpl_4_8_1,48227673,256,0
4727332740,mqpl_4_8_1,48230482,256,0
4680568980,mqpl_4_8_1,48231221,256,0
4652551020,mqpl_4_8_1,48222559,256,0
4624077700,mqpl_4_8_1,48229123,256,0
4322955300,mqpl_4_8_2,48196107,256,0
4517624140,mqpl_4_8_2,48201610,256,0
4457634580,mqpl_4_8_2,48201506,256,0
4389141680,mqpl_4_8_2,48182722,256,0
4360101080,mqpl_4_8_2,48185067,256,0
4224295700,mqpl_4_8_4,48126881,256,0
4191020840,mqpl_4_8_4,48122969,256,0
4251179080,mqpl_4_8_4,48132981,256,0
4155263580,mqpl_4_8_4,48123688,256,0
4262411360,mqpl_4_8_4,48131420,256,0
4058818020,mqpl_4_8_8,48076109,256,0
4201493440,mqpl_4_8_8,48086376,256,0
4198903840,mqpl_4_8_8,48079449,256,0
4215826560,mqpl_4_8_8,48084171,256,0
4196589000,mqpl_4_8_8,48081901,256,0
4160758240,mqpl_4_8_16,48040667,256,0
4097317340,mqpl_4_8_16,48042080,256,0
4176691840,mqpl_4_8_16,48060967,256,0
4071432440,mqpl_4_8_16,48041529,256,0
4166585060,mqpl_4_8_16,48038207,256,0
4355553680,mqpl_4_8_32,48025046,256,0
4134311720,mqpl_4_8_32,48023972,256,0
4058986900,mqpl_4_8_32,48022931,256,0
4134005920,mqpl_4_8_32,48019149,256,0
4148094940,mqpl_4_8_32,48026348,256,0
4106583780,mqpl_4_8_64,48028547,256,0
4232432080,mqpl_4_8_64,48033189,256,0
4145915540,mqpl_4_8_64,48017881,256,0
4148164900,mqpl_4_8_64,48025950,256,0
4109677820,mqpl_4_8_64,48028981,256,0
4149042880,mqpl_4_8_128,48055400,256,0
4038895380,mqpl_4_8_128,48047462,256,0
4047741140,mqpl_4_8_128,48045061,256,0
4288076140,mqpl_4_8_128,48053927,256,0
4324131040,mqpl_4_8_128,48057081,256,0
4278328900,mqpl_4_8_256,48070602,256,0
4363633860,mqpl_4_8_256,48086211,256,0
4523475860,mqpl_4_8_256,48078412,256,0
4324260760,mqpl_4_8_256,48084792,256,0
4353299740,mqpl_4_8_256,48089322,256,0
4425834200,mqpl_4_8_512,48100285,256,0
4536775060,mqpl_4_8_512,48103840,256,0
4602568660,mqpl_4_8_512,48107200,256,0
4876446220,mqpl_4_8_512,48102735,256,0
4469661320,mqpl_4_8_512,48102102,256,0
4657744620,mqpl_4_8_1024,48111798,256,0
4699466660,mqpl_4_8_1024,48101716,256,0
4862533760,mqpl_4_8_1024,48105655,256,0
4613507640,mqpl_4_8_1024,48106588,256,0
4882780620,mqpl_4_8_1024,48080062,256,0
4706367860,mqpl_4_16_1,48258358,256,0
4738183900,mqpl_4_16_1,48270628,256,0
4768379280,mqpl_4_16_1,48260813,256,0
4704963500,mqpl_4_16_1,48263391,256,0
4707428640,mqpl_4_16_1,48271890,256,0
4438658800,mqpl_4_16_2,48215024,256,0
4309830920,mqpl_4_16_2,48217831,256,0
4344667740,mqpl_4_16_2,48226090,256,0
4406378380,mqpl_4_16_2,48239637,256,0
4436612740,mqpl_4_16_2,48230814,256,0
4296762880,mqpl_4_16_4,48162211,256,0
4229296840,mqpl_4_16_4,48157175,256,0
4186665700,mqpl_4_16_4,48163593,256,0
4212994360,mqpl_4_16_4,48167728,256,0
4308132820,mqpl_4_16_4,48146095,256,0
4291803540,mqpl_4_16_8,48124696,256,0
4172936020,mqpl_4_16_8,48108778,256,0
4068893260,mqpl_4_16_8,48108641,256,0
4147191080,mqpl_4_16_8,48107447,256,0
4103418500,mqpl_4_16_8,48103057,256,0
4041753040,mqpl_4_16_16,48056797,256,0
4246575820,mqpl_4_16_16,48082152,256,0
4104589740,mqpl_4_16_16,48059713,256,0
4064068840,mqpl_4_16_16,48052516,256,0
4101895040,mqpl_4_16_16,48054381,256,0
4146717960,mqpl_4_16_32,48031885,256,0
4234996200,mqpl_4_16_32,48036104,256,0
4125432160,mqpl_4_16_32,48030920,256,0
4009992480,mqpl_4_16_32,48030761,256,0
4113162480,mqpl_4_16_32,48039762,256,0
4155420360,mqpl_4_16_64,48026704,256,0
4085265460,mqpl_4_16_64,48022584,256,0
4076762900,mqpl_4_16_64,48026250,256,0
4160630960,mqpl_4_16_64,48047086,256,0
4146829600,mqpl_4_16_64,48032760,256,0
4323170620,mqpl_4_16_128,48055995,256,0
4128528540,mqpl_4_16_128,48059485,256,0
4120450120,mqpl_4_16_128,48041880,256,0
4199832760,mqpl_4_16_128,48049752,256,0
4182885940,mqpl_4_16_128,48053578,256,0
4520209080,mqpl_4_16_256,48083261,256,0
4490298680,mqpl_4_16_256,48089339,256,0
4502826480,mqpl_4_16_256,48066196,256,0
4498235460,mqpl_4_16_256,48080060,256,0
4550690340,mqpl_4_16_256,48093117,256,0
4613057240,mqpl_4_16_512,48097945,256,0
4679516120,mqpl_4_16_512,48097316,256,0
4697652420,mqpl_4_16_512,48101493,256,0
4756131860,mqpl_4_16_512,48107814,256,0
4541718380,mqpl_4_16_512,48107013,256,0
5131731580,mqpl_4_16_1024,48116001,256,0
4875121840,mqpl_4_16_1024,48109368,256,0
4754947240,mqpl_4_16_1024,48100889,256,0
4895145540,mqpl_4_16_1024,48119298,256,0
4945906700,mqpl_4_16_1024,48123049,256,0
4551569420,mqpl_4_32_1,48288428,256,0
4659023320,mqpl_4_32_1,48292639,256,0
4575572940,mqpl_4_32_1,48279365,256,0
4687904980,mqpl_4_32_1,48280074,256,0
4721206200,mqpl_4_32_1,48290633,256,0
4471195580,mqpl_4_32_2,48245125,256,0
4287794880,mqpl_4_32_2,48232353,256,0
4466974720,mqpl_4_32_2,48234799,256,0
4402165400,mqpl_4_32_2,48259281,256,0
4832234380,mqpl_4_32_2,48245325,256,0
4203523160,mqpl_4_32_4,48182536,256,0
4408206460,mqpl_4_32_4,48206976,256,0
4219519380,mqpl_4_32_4,48179242,256,0
4236216460,mqpl_4_32_4,48177236,256,0
4280294000,mqpl_4_32_4,48185774,256,0
4131150720,mqpl_4_32_8,48114245,256,0
4296813660,mqpl_4_32_8,48115313,256,0
4013212960,mqpl_4_32_8,48123085,256,0
4121498920,mqpl_4_32_8,48118912,256,0
4091994200,mqpl_4_32_8,48114933,256,0
4108420180,mqpl_4_32_16,48089519,256,0
4234434700,mqpl_4_32_16,48071693,256,0
4189547300,mqpl_4_32_16,48065268,256,0
4098800180,mqpl_4_32_16,48073750,256,0
4123813720,mqpl_4_32_16,48064953,256,0
4144512380,mqpl_4_32_32,48047606,256,0
4132059000,mqpl_4_32_32,48040429,256,0
3923284680,mqpl_4_32_32,48042866,256,0
4227151480,mqpl_4_32_32,48050477,256,0
4282697620,mqpl_4_32_32,48042650,256,0
4240113820,mqpl_4_32_64,48031893,256,0
4171687640,mqpl_4_32_64,48031648,256,0
4268758620,mqpl_4_32_64,48037380,256,0
4174579340,mqpl_4_32_64,48030915,256,0
4247917600,mqpl_4_32_64,48032998,256,0
4213318400,mqpl_4_32_128,48041617,256,0
4217052700,mqpl_4_32_128,48046939,256,0
4242488480,mqpl_4_32_128,48052993,256,0
4043079280,mqpl_4_32_128,48058837,256,0
4131784500,mqpl_4_32_128,48053160,256,0
4498407960,mqpl_4_32_256,48089900,256,0
4860004220,mqpl_4_32_256,48095120,256,0
4438021180,mqpl_4_32_256,48090126,256,0
4662960020,mqpl_4_32_256,48097733,256,0
4727469060,mqpl_4_32_256,48093882,256,0
4584586520,mqpl_4_32_512,48099799,256,0
4618741220,mqpl_4_32_512,48103215,256,0
4446937100,mqpl_4_32_512,48100111,256,0
4594897420,mqpl_4_32_512,48105392,256,0
4744445080,mqpl_4_32_512,48102284,256,0
4735009800,mqpl_4_32_1024,48088673,256,0
5185143580,mqpl_4_32_1024,48127860,256,0
5441256240,mqpl_4_32_1024,48136963,256,0
5027138760,mqpl_4_32_1024,48105958,256,0
5175983880,mqpl_4_32_1024,48117751,256,0
4790608860,mqpl_4_64_1,48298069,256,0
4651417720,mqpl_4_64_1,48293415,256,0
4959862460,mqpl_4_64_1,48289493,256,0
4777126300,mqpl_4_64_1,48295125,256,0
4876997920,mqpl_4_64_1,48302972,256,0
4500884020,mqpl_4_64_2,48250250,256,0
4451779420,mqpl_4_64_2,48256044,256,0
4379705460,mqpl_4_64_2,48246633,256,0
4463220800,mqpl_4_64_2,48262225,256,0
4605181220,mqpl_4_64_2,48265115,256,0
4274064940,mqpl_4_64_4,48181087,256,0
4103315880,mqpl_4_64_4,48193089,256,0
4233795240,mqpl_4_64_4,48189924,256,0
4216041860,mqpl_4_64_4,48189844,256,0
4081093820,mqpl_4_64_4,48183275,256,0
4248115040,mqpl_4_64_8,48134318,256,0
4202037560,mqpl_4_64_8,48139316,256,0
4389787620,mqpl_4_64_8,48130921,256,0
4137343400,mqpl_4_64_8,48122039,256,0
4313919440,mqpl_4_64_8,48131010,256,0
4152333700,mqpl_4_64_16,48082570,256,0
3989656480,mqpl_4_64_16,48080991,256,0
4010983900,mqpl_4_64_16,48085496,256,0
4153168360,mqpl_4_64_16,48081157,256,0
4044599980,mqpl_4_64_16,48083674,256,0
3872149180,mqpl_4_64_32,48045845,256,0
4216721460,mqpl_4_64_32,48052624,256,0
4405769200,mqpl_4_64_32,48040200,256,0
4033424060,mqpl_4_64_32,48043838,256,0
3989784320,mqpl_4_64_32,48047664,256,0
4019728880,mqpl_4_64_64,48036973,256,0
4146589660,mqpl_4_64_64,48027300,256,0
4362921540,mqpl_4_64_64,48035500,256,0
4257688260,mqpl_4_64_64,48039322,256,0
4125734180,mqpl_4_64_64,48035937,256,0
4274925500,mqpl_4_64_128,48053776,256,0
4142963060,mqpl_4_64_128,48059923,256,0
4101446220,mqpl_4_64_128,48056371,256,0
4195261020,mqpl_4_64_128,48053906,256,0
4219348300,mqpl_4_64_128,48058618,256,0
4280609880,mqpl_4_64_256,48083248,256,0
5007557980,mqpl_4_64_256,48101172,256,0
4779835300,mqpl_4_64_256,48094155,256,0
4571657300,mqpl_4_64_256,48095407,256,0
4481569400,mqpl_4_64_256,48076471,256,0
4263464020,mqpl_4_64_512,48073442,256,0
4553106640,mqpl_4_64_512,48111141,256,0
4613636940,mqpl_4_64_512,48112820,256,0
4610723340,mqpl_4_64_512,48085940,256,0
4643967440,mqpl_4_64_512,48102310,256,0
5589238740,mqpl_4_64_1024,48117281,256,0
5851179020,mqpl_4_64_1024,48128265,256,0
5200630380,mqpl_4_64_1024,48121358,256,0
5656872640,mqpl_4_64_1024,48126992,256,0
5592544640,mqpl_4_64_1024,48123490,256,0
4787228380,mqpl_4_128_1,48304893,256,0
4914708600,mqpl_4_128_1,48295649,256,0
4874812040,mqpl_4_128_1,48294552,256,0
4740667080,mqpl_4_128_1,48301959,256,0
4991684560,mqpl_4_128_1,48308389,256,0
4633907120,mqpl_4_128_2,48275250,256,0
4735160540,mqpl_4_128_2,48259770,256,0
4681298840,mqpl_4_128_2,48267499,256,0
4465229720,mqpl_4_128_2,48261369,256,0
4020241560,mqpl_4_128_2,48257149,256,0
4405615260,mqpl_4_128_4,48204534,256,0
4022223100,mqpl_4_128_4,48191204,256,0
4501710500,mqpl_4_128_4,48200029,256,0
4247624160,mqpl_4_128_4,48196945,256,0
4436271500,mqpl_4_128_4,48198349,256,0
4494192320,mqpl_4_128_8,48133003,256,0
4122740880,mqpl_4_128_8,48132420,256,0
4532395080,mqpl_4_128_8,48146882,256,0
4043725840,mqpl_4_128_8,48139333,256,0
4367041620,mqpl_4_128_8,48142318,256,0
4398734400,mqpl_4_128_16,48082255,256,0
4515440000,mqpl_4_128_16,48082997,256,0
4461664560,mqpl_4_128_16,48082028,256,0
4105023260,mqpl_4_128_16,48077450,256,0
4060869520,mqpl_4_128_16,48079383,256,0
4291439880,mqpl_4_128_32,48048746,256,0
4326355280,mqpl_4_128_32,48047265,256,0
4519955340,mqpl_4_128_32,48080039,256,0
4353193440,mqpl_4_128_32,48057086,256,0
4250171560,mqpl_4_128_32,48053293,256,0
4299053720,mqpl_4_128_64,48038492,256,0
4223270220,mqpl_4_128_64,48034437,256,0
4110240320,mqpl_4_128_64,48052784,256,0
4347402640,mqpl_4_128_64,48042632,256,0
4893071940,mqpl_4_128_64,48049693,256,0
4184060720,mqpl_4_128_128,48060082,256,0
4552343560,mqpl_4_128_128,48056553,256,0
4247859600,mqpl_4_128_128,48047330,256,0
5404223880,mqpl_4_128_128,48075081,256,0
4751640940,mqpl_4_128_128,48062383,256,0
4794658280,mqpl_4_128_256,48084924,256,0
4616412340,mqpl_4_128_256,48095316,256,0
5665977620,mqpl_4_128_256,48084449,256,0
4603429000,mqpl_4_128_256,48085004,256,0
4491608160,mqpl_4_128_256,48075827,256,0
5276539940,mqpl_4_128_512,48117440,256,0
5172870080,mqpl_4_128_512,48111449,256,0
4787395880,mqpl_4_128_512,48090843,256,0
4723174360,mqpl_4_128_512,48085725,256,0
4865570780,mqpl_4_128_512,48095412,256,0
6132196540,mqpl_4_128_1024,48139220,256,0
5322367120,mqpl_4_128_1024,48119843,256,0
6189869200,mqpl_4_128_1024,48138153,256,0
5374797760,mqpl_4_128_1024,48138308,256,0
5700365580,mqpl_4_128_1024,48136351,256,0
4716070580,mqpl_4_256_1,48302841,256,0
4563577880,mqpl_4_256_1,48305969,256,0
4923424980,mqpl_4_256_1,48294704,256,0
5149992080,mqpl_4_256_1,48306763,256,0
4716206120,mqpl_4_256_1,48305356,256,0
4508432400,mqpl_4_256_2,48258402,256,0
4698846220,mqpl_4_256_2,48266166,256,0
4427671260,mqpl_4_256_2,48283626,256,0
4510904960,mqpl_4_256_2,48281385,256,0
4637220440,mqpl_4_256_2,48259203,256,0
4587012360,mqpl_4_256_4,48206960,256,0
4417154160,mqpl_4_256_4,48201313,256,0
4395036100,mqpl_4_256_4,48209308,256,0
4499047300,mqpl_4_256_4,48211803,256,0
4544512040,mqpl_4_256_4,48219654,256,0
4421671520,mqpl_4_256_8,48145207,256,0
4408162360,mqpl_4_256_8,48137919,256,0
4509482400,mqpl_4_256_8,48139042,256,0
4008558320,mqpl_4_256_8,48142909,256,0
3929777680,mqpl_4_256_8,48144164,256,0
4318647280,mqpl_4_256_16,48092271,256,0
4342504660,mqpl_4_256_16,48082155,256,0
4204135300,mqpl_4_256_16,48081905,256,0
4291582380,mqpl_4_256_16,48083130,256,0
3985516700,mqpl_4_256_16,48078182,256,0
3766128180,mqpl_4_256_32,48055438,256,0
4175980480,mqpl_4_256_32,48111133,256,0
4061201760,mqpl_4_256_32,48066364,256,0
4207909160,mqpl_4_256_32,48049122,256,0
4087018540,mqpl_4_256_32,48046442,256,0
5514254600,mqpl_4_256_64,48073556,256,0
4512295060,mqpl_4_256_64,48043082,256,0
4677620800,mqpl_4_256_64,48050702,256,0
4323833700,mqpl_4_256_64,48062232,256,0
5194179700,mqpl_4_256_64,48059670,256,0
4117256560,mqpl_4_256_128,48065624,256,0
4265418060,mqpl_4_256_128,48047177,256,0
4652682620,mqpl_4_256_128,48069248,256,0
4523042140,mqpl_4_256_128,48056281,256,0
4675644420,mqpl_4_256_128,48058070,256,0
5044433300,mqpl_4_256_256,48096574,256,0
5008984500,mqpl_4_256_256,48097016,256,0
4692421340,mqpl_4_256_256,48097444,256,0
4696639540,mqpl_4_256_256,48073465,256,0
4212642640,mqpl_4_256_256,48090673,256,0
5214504240,mqpl_4_256_512,48117183,256,0
5470290160,mqpl_4_256_512,48115526,256,0
4958318040,mqpl_4_256_512,48113367,256,0
5165163620,mqpl_4_256_512,48117232,256,0
4843344980,mqpl_4_256_512,48108312,256,0
6017467660,mqpl_4_256_1024,48133239,256,0
5688593400,mqpl_4_256_1024,48143786,256,0
6258700360,mqpl_4_256_1024,48145923,256,0
5814802120,mqpl_4_256_1024,48132636,256,0
4956474400,mqpl_4_256_1024,48129648,256,0
4956747980,mqpl_4_512_1,48300386,256,0
4749368300,mqpl_4_512_1,48302665,256,0
4667488980,mqpl_4_512_1,48300229,256,0
4683918300,mqpl_4_512_1,48304488,256,0
5028649860,mqpl_4_512_1,48305549,256,0
4641474380,mqpl_4_512_2,48278624,256,0
4502098460,mqpl_4_512_2,48283248,256,0
4695064180,mqpl_4_512_2,48277401,256,0
4335788400,mqpl_4_512_2,48268477,256,0
4502340780,mqpl_4_512_2,48278163,256,0
4261817600,mqpl_4_512_4,48223527,256,0
4399483220,mqpl_4_512_4,48217089,256,0
4299675480,mqpl_4_512_4,48202000,256,0
4151256080,mqpl_4_512_4,48206089,256,0
4163040260,mqpl_4_512_4,48203721,256,0
4201492200,mqpl_4_512_8,48141375,256,0
4093271340,mqpl_4_512_8,48158373,256,0
4327531360,mqpl_4_512_8,48137703,256,0
4261984340,mqpl_4_512_8,48139879,256,0
4187353580,mqpl_4_512_8,48134272,256,0
4147173060,mqpl_4_512_16,48088619,256,0
3949741860,mqpl_4_512_16,48089333,256,0
3602560680,mqpl_4_512_16,48105926,256,0
4190105740,mqpl_4_512_16,48096728,256,0
3928209080,mqpl_4_512_16,48083867,256,0
4118418040,mqpl_4_512_32,48088398,256,0
4233132020,mqpl_4_512_32,48052301,256,0
4054024420,mqpl_4_512_32,48048940,256,0
4315376060,mqpl_4_512_32,48050991,256,0
4087689000,mqpl_4_512_32,48069259,256,0
4149225040,mqpl_4_512_64,48042338,256,0
4164201740,mqpl_4_512_64,48055293,256,0
3894777380,mqpl_4_512_64,48046785,256,0
4273362620,mqpl_4_512_64,48051151,256,0
4050772900,mqpl_4_512_64,48055454,256,0
4192981020,mqpl_4_512_128,48085191,256,0
4305292200,mqpl_4_512_128,48070143,256,0
4080482160,mqpl_4_512_128,48067703,256,0
4288266140,mqpl_4_512_128,48062194,256,0
4410314360,mqpl_4_512_128,48078041,256,0
4415023180,mqpl_4_512_256,48079280,256,0
4414013340,mqpl_4_512_256,48108578,256,0
4625323140,mqpl_4_512_256,48107195,256,0
4320741560,mqpl_4_512_256,48086561,256,0
4136236920,mqpl_4_512_256,48095703,256,0
5053921340,mqpl_4_512_512,48150283,256,0
5156419260,mqpl_4_512_512,48118106,256,0
5371709000,mqpl_4_512_512,48127983,256,0
5297166500,mqpl_4_512_512,48138970,256,0
5076555080,mqpl_4_512_512,48124540,256,0
5601643580,mqpl_4_512_1024,48152757,256,0
6146846900,mqpl_4_512_1024,48159588,256,0
5385622680,mqpl_4_512_1024,48134204,256,0
5718494860,mqpl_4_512_1024,48115975,256,0
5872857540,mqpl_4_512_1024,48120060,256,0
4467710900,mqpl_4_1024_1,48293356,256,0
4646826680,mqpl_4_1024_1,48311027,256,0
4597802480,mqpl_4_1024_1,48309027,256,0
4655441660,mqpl_4_1024_1,48323051,256,0
4588167140,mqpl_4_1024_1,48300841,256,0
4153905160,mqpl_4_1024_2,48268657,256,0
4418576780,mqpl_4_1024_2,48271969,256,0
4427968940,mqpl_4_1024_2,48290847,256,0
4315663200,mqpl_4_1024_2,48263564,256,0
4391678340,mqpl_4_1024_2,48259892,256,0
4315207100,mqpl_4_1024_4,48201639,256,0
4103672300,mqpl_4_1024_4,48200176,256,0
3859426560,mqpl_4_1024_4,48214916,256,0
4016437980,mqpl_4_1024_4,48202719,256,0
3903061860,mqpl_4_1024_4,48212025,256,0
3979329760,mqpl_4_1024_8,48141305,256,0
4118847560,mqpl_4_1024_8,48150275,256,0
3942019180,mqpl_4_1024_8,48158355,256,0
3944046580,mqpl_4_1024_8,48133215,256,0
4133015820,mqpl_4_1024_8,48144269,256,0
3776319880,mqpl_4_1024_16,48085087,256,0
4046099680,mqpl_4_1024_16,48088105,256,0
4061856780,mqpl_4_1024_16,48089348,256,0
4015510300,mqpl_4_1024_16,48096544,256,0
4132805320,mqpl_4_1024_16,48087122,256,0
4047076080,mqpl_4_1024_32,48057844,256,0
4068598460,mqpl_4_1024_32,48059059,256,0
3946386540,mqpl_4_1024_32,48055012,256,0
3891235520,mqpl_4_1024_32,48061890,256,0
3925049100,mqpl_4_1024_32,48053794,256,0
4143216600,mqpl_4_1024_64,48050456,256,0
3920166700,mqpl_4_1024_64,48040028,256,0
4051916340,mqpl_4_1024_64,48048640,256,0
4615529640,mqpl_4_1024_64,48060436,256,0
3814624000,mqpl_4_1024_64,48046258,256,0
5361760020,mqpl_4_1024_128,48105020,256,0
4164328640,mqpl_4_1024_128,48066501,256,0
5173932440,mqpl_4_1024_128,48075944,256,0
4191750060,mqpl_4_1024_128,48074186,256,0
4344854760,mqpl_4_1024_128,48064104,256,0
4420531060,mqpl_4_1024_256,48129793,256,0
5780965580,mqpl_4_1024_256,48132250,256,0
3965043560,mqpl_4_1024_256,48127283,256,0
4419115860,mqpl_4_1024_256,48103536,256,0
4440446820,mqpl_4_1024_256,48094034,256,0
4873763060,mqpl_4_1024_512,48107498,256,0
4749915260,mqpl_4_1024_512,48110085,256,0
5915321920,mqpl_4_1024_512,48143698,256,0
4601962380,mqpl_4_1024_512,48117107,256,0
4832100500,mqpl_4_1024_512,48107526,256,0
4792405760,mqpl_4_1024_1024,48139491,256,0
5117700420,mqpl_4_1024_1024,48130036,256,0
5167169020,mqpl_4_1024_1024,48139425,256,0
5736293860,mqpl_4_1024_1024,48162279,256,0
5295851560,mqpl_4_1024_1024,48135929,256,0
