6934208260,mqpl_4_1_1,85548725,256,10
6963922640,mqpl_4_1_1,85544334,256,10
7003690800,mqpl_4_1_1,85467512,256,10
7033851340,mqpl_4_1_1,85490913,256,10
6949963960,mqpl_4_1_1,85542435,256,10
6465903360,mqpl_4_1_2,85714066,256,10
6464291820,mqpl_4_1_2,85701011,256,10
6528327500,mqpl_4_1_2,85684888,256,10
6431413480,mqpl_4_1_2,85726117,256,10
6403508880,mqpl_4_1_2,85676622,256,10
6158876640,mqpl_4_1_4,85872383,256,10
6125159780,mqpl_4_1_4,85811741,256,10
6121614720,mqpl_4_1_4,85946438,256,10
6124755280,mqpl_4_1_4,85841471,256,10
6147719160,mqpl_4_1_4,85946293,256,10
5958218280,mqpl_4_1_8,86148569,256,10
5993048340,mqpl_4_1_8,86289877,256,10
6029761040,mqpl_4_1_8,86269835,256,10
5950548440,mqpl_4_1_8,86301789,256,10
5967798500,mqpl_4_1_8,86240964,256,10
5993463720,mqpl_4_1_16,86899974,256,10
5984509360,mqpl_4_1_16,86793434,256,10
5915530760,mqpl_4_1_16,86821049,256,10
5922386080,mqpl_4_1_16,86945399,256,10
5966305860,mqpl_4_1_16,86733348,256,10
5833595560,mqpl_4_1_32,87278172,256,10
5839112820,mqpl_4_1_32,87292900,256,10
5814125500,mqpl_4_1_32,87234007,256,10
5920768080,mqpl_4_1_32,87471620,256,10
5802329320,mqpl_4_1_32,87297730,256,10
5772521520,mqpl_4_1_64,87904689,256,10
5889921640,mqpl_4_1_64,88368726,256,10
5851720900,mqpl_4_1_64,88214264,256,10
5834140200,mqpl_4_1_64,88126573,256,10
5833235800,mqpl_4_1_64,88073237,256,10
5783795220,mqpl_4_1_128,90131405,256,10
5804810180,mqpl_4_1_128,89422536,256,10
5947910080,mqpl_4_1_128,89735040,256,10
5809966900,mqpl_4_1_128,90128736,256,10
5820571980,mqpl_4_1_128,89801769,256,10
5915535540,mqpl_4_1_256,91827013,256,10
6061912720,mqpl_4_1_256,91847394,256,10
5860881640,mqpl_4_1_256,92184246,256,10
6067732180,mqpl_4_1_256,92983350,256,10
5949687060,mqpl_4_1_256,92461758,256,10
6025566560,mqpl_4_1_512,96281867,256,10
6168820940,mqpl_4_1_512,97146749,256,10
6167574580,mqpl_4_1_512,95387277,256,10
5977214760,mqpl_4_1_512,94519772,256,10
5980809860,mqpl_4_1_512,94874572,256,10
6261155480,mqpl_4_1_1024,100741575,256,10
6408226160,mqpl_4_1_1024,100848348,256,10
6099376500,mqpl_4_1_1024,100287005,256,10
6301661100,mqpl_4_1_1024,101510294,256,10
6395834660,mqpl_4_1_1024,101932758,256,10
7004189120,mqpl_4_2_1,85566705,256,10
6866938660,mqpl_4_2_1,85487220,256,10
6895465940,mqpl_4_2_1,85530935,256,10
6862618720,mqpl_4_2_1,85516780,256,10
6899834800,mqpl_4_2_1,85496004,256,10
6388140540,mqpl_4_2_2,85690486,256,10
6479797160,mqpl_4_2_2,85718951,256,10
6374355040,mqpl_4_2_2,85659940,256,10
6408341740,mqpl_4_2_2,85728970,256,10
6335078100,mqpl_4_2_2,85645620,256,10
6109765960,mqpl_4_2_4,86002027,256,10
6167519820,mqpl_4_2_4,85889423,256,10
6038775920,mqpl_4_2_4,85863634,256,10
6599866180,mqpl_4_2_4,85920287,256,10
6242602160,mqpl_4_2_4,86027779,256,10
5899706720,mqpl_4_2_8,86186488,256,10
6026070280,mqpl_4_2_8,86199951,256,10
5914541360,mqpl_4_2_8,86307951,256,10
5939555640,mqpl_4_2_8,86316894,256,10
5913737520,mqpl_4_2_8,86101727,256,10
5857742620,mqpl_4_2_16,86892374,256,10
5819112060,mqpl_4_2_16,86510691,256,10
6259210900,mqpl_4_2_16,86723107,256,10
5805544680,mqpl_4_2_16,86839253,256,10
5824911520,mqpl_4_2_16,86670679,256,10
5729554560,mqpl_4_2_32,86988679,256,10
5793886760,mqpl_4_2_32,87137379,256,10
5790771440,mqpl_4_2_32,87457712,256,10
5740241120,mqpl_4_2_32,87110507,256,10
5861689520,mqpl_4_2_32,87074785,256,10
5809698440,mqpl_4_2_64,88726691,256,10
5808946360,mqpl_4_2_64,88615023,256,10
5755679720,mqpl_4_2_64,88560810,256,10
5813675740,mqpl_4_2_64,88030387,256,10
5773664560,mqpl_4_2_64,88132504,256,10
5813598740,mqpl_4_2_128,90340244,256,10
5733146900,mqpl_4_2_128,89630106,256,10
5781628280,mqpl_4_2_128,89926504,256,10
5828524680,mqpl_4_2_128,89807939,256,10
5798493680,mqpl_4_2_128,89838959,256,10
5736917620,mqpl_4_2_256,91976793,256,10
5893315780,mqpl_4_2_256,92356045,256,10
5984488320,mqpl_4_2_256,92189155,256,10
5865455500,mqpl_4_2_256,92361199,256,10
5869025720,mqpl_4_2_256,93820364,256,10
5879058000,mqpl_4_2_512,95617847,256,10
6242183500,mqpl_4_2_512,96444933,256,10
6386947860,mqpl_4_2_512,96776323,256,10
5927936280,mqpl_4_2_512,96437406,256,10
6063978080,mqpl_4_2_512,96628744,256,10
5948455640,mqpl_4_2_1024,100169478,256,10
5967191480,mqpl_4_2_1024,100523112,256,10
6102566720,mqpl_4_2_1024,101626951,256,10
6006747760,mqpl_4_2_1024,99929425,256,10
6204188420,mqpl_4_2_1024,102177021,256,10
6938390120,mqpl_4_4_1,85683583,256,10
6869103160,mqpl_4_4_1,85589593,256,10
7003011700,mqpl_4_4_1,85638143,256,10
7258970520,mqpl_4_4_1,85642976,256,10
7068276220,mqpl_4_4_1,85669872,256,10
6327212380,mqpl_4_4_2,85708448,256,10
6338753500,mqpl_4_4_2,85769579,256,10
6386390640,mqpl_4_4_2,85747467,256,10
6384428760,mqpl_4_4_2,85776037,256,10
6315991820,mqpl_4_4_2,85705002,256,10
6289565920,mqpl_4_4_4,85900190,256,10
6117490520,mqpl_4_4_4,85914738,256,10
6615716960,mqpl_4_4_4,85944466,256,10
6143586800,mqpl_4_4_4,85931169,256,10
6212152940,mqpl_4_4_4,85955033,256,10
5882596180,mqpl_4_4_8,86308188,256,10
5911617660,mqpl_4_4_8,86264431,256,10
5986854220,mqpl_4_4_8,86326371,256,10
5900801000,mqpl_4_4_8,86375077,256,10
5928715920,mqpl_4_4_8,86188616,256,10
5803811740,mqpl_4_4_16,86730798,256,10
6618816240,mqpl_4_4_16,86812636,256,10
5852764600,mqpl_4_4_16,86693138,256,10
5756172060,mqpl_4_4_16,86653143,256,10
5778201720,mqpl_4_4_16,86516552,256,10
5773161520,mqpl_4_4_32,87412813,256,10
5889076660,mqpl_4_4_32,87386724,256,10
5781874380,mqpl_4_4_32,87116102,256,10
5799651060,mqpl_4_4_32,87426168,256,10
5809852560,mqpl_4_4_32,87340684,256,10
6258309180,mqpl_4_4_64,88516704,256,10
5747350080,mqpl_4_4_64,88275523,256,10
5794799200,mqpl_4_4_64,88668342,256,10
5695566880,mqpl_4_4_64,87788480,256,10
5805836180,mqpl_4_4_64,88221798,256,10
5784076660,mqpl_4_4_128,89658363,256,10
5800605740,mqpl_4_4_128,90264713,256,10
5806028860,mqpl_4_4_128,89411192,256,10
5850420020,mqpl_4_4_128,89817213,256,10
6336321920,mqpl_4_4_128,91468474,256,10
5861542100,mqpl_4_4_256,92343643,256,10
5918912020,mqpl_4_4_256,92443834,256,10
5896713420,mqpl_4_4_256,92357722,256,10
5894321620,mqpl_4_4_256,92327170,256,10
5870619340,mqpl_4_4_256,91966286,256,10
5952448220,mqpl_4_4_512,96248438,256,10
5899221440,mqpl_4_4_512,95371212,256,10
6220114000,mqpl_4_4_512,94226353,256,10
6301622340,mqpl_4_4_512,95899213,256,10
5856048440,mqpl_4_4_512,94588563,256,10
6027578360,mqpl_4_4_1024,101832829,256,10
5901987280,mqpl_4_4_1024,99692480,256,10
6082007400,mqpl_4_4_1024,98917388,256,10
5889418720,mqpl_4_4_1024,99996840,256,10
6099915000,mqpl_4_4_1024,100600419,256,10
6879481440,mqpl_4_8_1,85548814,256,10
7155821840,mqpl_4_8_1,85592087,256,10
7338983700,mqpl_4_8_1,85679268,256,10
7023863880,mqpl_4_8_1,85604971,256,10
7014819520,mqpl_4_8_1,85574132,256,10
6412013100,mqpl_4_8_2,85708283,256,10
6557904880,mqpl_4_8_2,85795177,256,10
6436605340,mqpl_4_8_2,85828153,256,10
6388749320,mqpl_4_8_2,85750979,256,10
6493653980,mqpl_4_8_2,85661039,256,10
6053240980,mqpl_4_8_4,85928432,256,10
6003223720,mqpl_4_8_4,85845386,256,10
6064793160,mqpl_4_8_4,85930639,256,10
6053104680,mqpl_4_8_4,85840298,256,10
6156614600,mqpl_4_8_4,85911171,256,10
6026661340,mqpl_4_8_8,86190073,256,10
6028756320,mqpl_4_8_8,86250301,256,10
5946855480,mqpl_4_8_8,86329919,256,10
6003272220,mqpl_4_8_8,86153135,256,10
6001980600,mqpl_4_8_8,86676180,256,10
5859829780,mqpl_4_8_16,86657762,256,10
5877630180,mqpl_4_8_16,86562267,256,10
5854962020,mqpl_4_8_16,86674051,256,10
5893071100,mqpl_4_8_16,86878942,256,10
5928330160,mqpl_4_8_16,86544999,256,10
5879924580,mqpl_4_8_32,87265666,256,10
6256136820,mqpl_4_8_32,87233693,256,10
5865043660,mqpl_4_8_32,88094588,256,10
5865503380,mqpl_4_8_32,87418992,256,10
5957504080,mqpl_4_8_32,87289897,256,10
5880134980,mqpl_4_8_64,88255523,256,10
6420142680,mqpl_4_8_64,88093909,256,10
5781722740,mqpl_4_8_64,88339273,256,10
5789316280,mqpl_4_8_64,88318262,256,10
5793911860,mqpl_4_8_64,88096381,256,10
5845266560,mqpl_4_8_128,89651054,256,10
6390521520,mqpl_4_8_128,89810442,256,10
5786604720,mqpl_4_8_128,90054877,256,10
5963687560,mqpl_4_8_128,89256294,256,10
5808749180,mqpl_4_8_128,89877353,256,10
5923527300,mqpl_4_8_256,91949277,256,10
5925316500,mqpl_4_8_256,92061032,256,10
5961443180,mqpl_4_8_256,92300903,256,10
5855960720,mqpl_4_8_256,93705872,256,10
6443554480,mqpl_4_8_256,91286290,256,10
6501530820,mqpl_4_8_512,95342496,256,10
5804583720,mqpl_4_8_512,95804400,256,10
5831977140,mqpl_4_8_512,95351847,256,10
6168854620,mqpl_4_8_512,96821362,256,10
5813216120,mqpl_4_8_512,95334311,256,10
6185566100,mqpl_4_8_1024,101812611,256,10
6151815300,mqpl_4_8_1024,101518093,256,10
5953573540,mqpl_4_8_1024,100266671,256,10
6176438400,mqpl_4_8_1024,99078562,256,10
6143216160,mqpl_4_8_1024,100066185,256,10
6939340720,mqpl_4_16_1,85693274,256,10
7105701160,mqpl_4_16_1,85610438,256,10
7152419840,mqpl_4_16_1,85601974,256,10
7006624240,mqpl_4_16_1,85588892,256,10
7047189400,mqpl_4_16_1,85624482,256,10
6391374760,mqpl_4_16_2,85762717,256,10
6382799620,mqpl_4_16_2,85756357,256,10
6515890300,mqpl_4_16_2,85760484,256,10
6606339240,mqpl_4_16_2,85729410,256,10
7119441760,mqpl_4_16_2,85894974,256,10
6248375940,mqpl_4_16_4,85947533,256,10
6333080240,mqpl_4_16_4,85943357,256,10
6143588880,mqpl_4_16_4,85944770,256,10
6122205740,mqpl_4_16_4,85874376,256,10
6613808640,mqpl_4_16_4,85862961,256,10
5914301220,mqpl_4_16_8,86144139,256,10
6390471120,mqpl_4_16_8,86229131,256,10
6119842240,mqpl_4_16_8,86322171,256,10
6372416820,mqpl_4_16_8,86175527,256,10
6204653200,mqpl_4_16_8,86198888,256,10
5844583660,mqpl_4_16_16,86675029,256,10
5853687460,mqpl_4_16_16,86992780,256,10
5950677340,mqpl_4_16_16,86602933,256,10
6002864100,mqpl_4_16_16,86721006,256,10
6010578660,mqpl_4_16_16,86748103,256,10
6021556500,mqpl_4_16_32,87198580,256,10
5885487660,mqpl_4_16_32,87155467,256,10
6306511380,mqpl_4_16_32,87353664,256,10
5924590140,mqpl_4_16_32,87274862,256,10
5987687600,mqpl_4_16_32,87375545,256,10
6280332460,mqpl_4_16_64,88039001,256,10
6368802800,mqpl_4_16_64,88313691,256,10
5797316920,mqpl_4_16_64,88359277,256,10
5837259980,mqpl_4_16_64,88061391,256,10
6017346040,mqpl_4_16_64,87757976,256,10
5856901880,mqpl_4_16_128,89264000,256,10
6366918960,mqpl_4_16_128,90105944,256,10
6471769100,mqpl_4_16_128,90150760,256,10
6188723860,mqpl_4_16_128,89483368,256,10
5990096020,mqpl_4_16_128,89685488,256,10
6164158080,mqpl_4_16_256,92176135,256,10
6130445920,mqpl_4_16_256,91841716,256,10
5932433560,mqpl_4_16_256,92698348,256,10
5955588880,mqpl_4_16_256,91955798,256,10
5963309040,mqpl_4_16_256,92839688,256,10
6066680920,mqpl_4_16_512,95964932,256,10
6016461480,mqpl_4_16_512,94689052,256,10
6008780900,mqpl_4_16_512,94171293,256,10
6017807100,mqpl_4_16_512,95690660,256,10
6129157080,mqpl_4_16_512,95146280,256,10
5923661000,mqpl_4_16_1024,99586694,256,10
6422401240,mqpl_4_16_1024,98116196,256,10
6035791700,mqpl_4_16_1024,98468279,256,10
6088737100,mqpl_4_16_1024,101451659,256,10
6127542020,mqpl_4_16_1024,98958436,256,10
7180173320,mqpl_4_32_1,85605370,256,10
7286977960,mqpl_4_32_1,85602797,256,10
7249924240,mqpl_4_32_1,85549184,256,10
7631799200,mqpl_4_32_1,85562254,256,10
7158427220,mqpl_4_32_1,85614817,256,10
6445146460,mqpl_4_32_2,85774676,256,10
6615237680,mqpl_4_32_2,85782413,256,10
6492018680,mqpl_4_32_2,85716932,256,10
7006189740,mqpl_4_32_2,85800046,256,10
6508077080,mqpl_4_32_2,85683413,256,10
6404760900,mqpl_4_32_4,85917971,256,10
6391431880,mqpl_4_32_4,85970052,256,10
6330011940,mqpl_4_32_4,85931360,256,10
6257934120,mqpl_4_32_4,86012797,256,10
6760047480,mqpl_4_32_4,85903474,256,10
6146101840,mqpl_4_32_8,86129871,256,10
6564090480,mqpl_4_32_8,86282689,256,10
6040690000,mqpl_4_32_8,86201386,256,10
6579131340,mqpl_4_32_8,86313304,256,10
6287362260,mqpl_4_32_8,86422294,256,10
5971124720,mqpl_4_32_16,86522716,256,10
6042176780,mqpl_4_32_16,86617682,256,10
6065332980,mqpl_4_32_16,86552668,256,10
6117447740,mqpl_4_32_16,86583072,256,10
6092450340,mqpl_4_32_16,86675018,256,10
6170560500,mqpl_4_32_32,87194612,256,10
6104300880,mqpl_4_32_32,87260410,256,10
6369275480,mqpl_4_32_32,87057927,256,10
6372201400,mqpl_4_32_32,87116599,256,10
6499073200,mqpl_4_32_32,87106094,256,10
6253879920,mqpl_4_32_64,88083827,256,10
5899795920,mqpl_4_32_64,87981993,256,10
6522338000,mqpl_4_32_64,87873650,256,10
5817395760,mqpl_4_32_64,87899260,256,10
6516553260,mqpl_4_32_64,87846080,256,10
5957428420,mqpl_4_32_128,89512300,256,10
6318062240,mqpl_4_32_128,89160404,256,10
5894559220,mqpl_4_32_128,89915950,256,10
5953671040,mqpl_4_32_128,90231223,256,10
6119544080,mqpl_4_32_128,89876979,256,10
6117359000,mqpl_4_32_256,91191977,256,10
5961739100,mqpl_4_32_256,92032479,256,10
6251520240,mqpl_4_32_256,91384329,256,10
6173560380,mqpl_4_32_256,91767425,256,10
5937117780,mqpl_4_32_256,91850266,256,10
6654892460,mqpl_4_32_512,96370373,256,10
6121438300,mqpl_4_32_512,94845478,256,10
6311126500,mqpl_4_32_512,94224869,256,10
6086405740,mqpl_4_32_512,94733402,256,10
5977167060,mqpl_4_32_512,95693347,256,10
6194616040,mqpl_4_32_1024,99068324,256,10
6281883800,mqpl_4_32_1024,98876652,256,10
6504626100,mqpl_4_32_1024,99415341,256,10
6292951240,mqpl_4_32_1024,99063040,256,10
6100157700,mqpl_4_32_1024,100628466,256,10
7503796760,mqpl_4_64_1,85562368,256,10
7619213320,mqpl_4_64_1,85655134,256,10
7515872520,mqpl_4_64_1,85574299,256,10
7596400720,mqpl_4_64_1,85547501,256,10
7567705400,mqpl_4_64_1,85593320,256,10
6936512680,mqpl_4_64_2,85846698,256,10
6727332740,mqpl_4_64_2,85746595,256,10
7039221080,mqpl_4_64_2,85722430,256,10
7062236060,mqpl_4_64_2,85704921,256,10
6762887740,mqpl_4_64_2,85715667,256,10
6560957280,mqpl_4_64_4,85892285,256,10
6510994960,mqpl_4_64_4,85948304,256,10
6526493800,mqpl_4_64_4,85883146,256,10
6696337180,mqpl_4_64_4,86111777,256,10
6562951160,mqpl_4_64_4,85963995,256,10
6177079600,mqpl_4_64_8,86211633,256,10
6665765440,mqpl_4_64_8,86337245,256,10
6688524100,mqpl_4_64_8,86200242,256,10
6632485360,mqpl_4_64_8,86327241,256,10
6618617760,mqpl_4_64_8,86208729,256,10
6175905680,mqpl_4_64_16,86679898,256,10
6509105040,mqpl_4_64_16,86753569,256,10
6472789260,mqpl_4_64_16,86675945,256,10
5645738900,mqpl_4_64_16,86815649,256,10
6051388820,mqpl_4_64_16,86707112,256,10
6087975900,mqpl_4_64_32,87104091,256,10
6440058900,mqpl_4_64_32,87368766,256,10
6446310660,mqpl_4_64_32,87120482,256,10
6237301880,mqpl_4_64_32,87361422,256,10
6303789100,mqpl_4_64_32,87158327,256,10
6510115060,mqpl_4_64_64,88175173,256,10
7281510340,mqpl_4_64_64,88024399,256,10
6032676080,mqpl_4_64_64,87655882,256,10
6312387580,mqpl_4_64_64,87894030,256,10
6077301460,mqpl_4_64_64,88333653,256,10
6227120760,mqpl_4_64_128,90033094,256,10
5463298640,mqpl_4_64_128,89478876,256,10
5989135100,mqpl_4_64_128,89380501,256,10
6165656040,mqpl_4_64_128,88897383,256,10
6339865680,mqpl_4_64_128,88901233,256,10
7082304580,mqpl_4_64_256,91371418,256,10
5166183880,mqpl_4_64_256,91038406,256,10
6540256480,mqpl_4_64_256,91337756,256,10
5454964940,mqpl_4_64_256,92001341,256,10
6055964280,mqpl_4_64_256,91696570,256,10
6289336440,mqpl_4_64_512,96670425,256,10
6599400760,mqpl_4_64_512,95833868,256,10
6468608660,mqpl_4_64_512,94245108,256,10
6159228380,mqpl_4_64_512,93923284,256,10
6453537700,mqpl_4_64_512,93756114,256,10
6517067560,mqpl_4_64_1024,99510790,256,10
6303486080,mqpl_4_64_1024,97873011,256,10
6235233080,mqpl_4_64_1024,98633936,256,10
6319278140,mqpl_4_64_1024,97909916,256,10
6525238000,mqpl_4_64_1024,99290863,256,10
7489512340,mqpl_4_128_1,85595652,256,10
7540122320,mqpl_4_128_1,85696421,256,10
7641024920,mqpl_4_128_1,85676657,256,10
7366263500,mqpl_4_128_1,85661671,256,10
7546765720,mqpl_4_128_1,85647922,256,10
7068542560,mqpl_4_128_2,85806550,256,10
6633847580,mqpl_4_128_2,85906512,256,10
6675464820,mqpl_4_128_2,85731128,256,10
7095020540,mqpl_4_128_2,85852077,256,10
7168599140,mqpl_4_128_2,85881610,256,10
6472931400,mqpl_4_128_4,85889677,256,10
6914143520,mqpl_4_128_4,85929770,256,10
6728545980,mqpl_4_128_4,86018093,256,10
6765300340,mqpl_4_128_4,85978067,256,10
6356258300,mqpl_4_128_4,85886169,256,10
6449920540,mqpl_4_128_8,86262819,256,10
6709969780,mqpl_4_128_8,86385971,256,10
6598680620,mqpl_4_128_8,86263920,256,10
6423077880,mqpl_4_128_8,86190720,256,10
6293687960,mqpl_4_128_8,86350774,256,10
5999153280,mqpl_4_128_16,86869791,256,10
6482374540,mqpl_4_128_16,86682089,256,10
5917886300,mqpl_4_128_16,86517227,256,10
6630596960,mqpl_4_128_16,86851708,256,10
6617494100,mqpl_4_128_16,86799698,256,10
6436006500,mqpl_4_128_32,87277487,256,10
6412712280,mqpl_4_128_32,87129567,256,10
5851326180,mqpl_4_128_32,87345705,256,10
6355820920,mqpl_4_128_32,87326305,256,10
6055356620,mqpl_4_128_32,87486759,256,10
6307502780,mqpl_4_128_64,88244194,256,10
6287201060,mqpl_4_128_64,88001123,256,10
5832103360,mqpl_4_128_64,88258707,256,10
6444661240,mqpl_4_128_64,87994039,256,10
6516330480,mqpl_4_128_64,87650385,256,10
5634293820,mqpl_4_128_128,90080259,256,10
5795664860,mqpl_4_128_128,89248624,256,10
6527080940,mqpl_4_128_128,89340679,256,10
6487247340,mqpl_4_128_128,88869622,256,10
5657547080,mqpl_4_128_128,89178905,256,10
6277500560,mqpl_4_128_256,90916848,256,10
6377633880,mqpl_4_128_256,91758871,256,10
6490048380,mqpl_4_128_256,91686481,256,10
6458909940,mqpl_4_128_256,91633904,256,10
6451510800,mqpl_4_128_256,91896159,256,10
6568798800,mqpl_4_128_512,94674859,256,10
6789545920,mqpl_4_128_512,94046446,256,10
6161397820,mqpl_4_128_512,93553848,256,10
6490299880,mqpl_4_128_512,96240962,256,10
6010821620,mqpl_4_128_512,94621144,256,10
6438562040,mqpl_4_128_1024,98898288,256,10
5472700500,mqpl_4_128_1024,97310720,256,10
6279293440,mqpl_4_128_1024,98229616,256,10
6355207580,mqpl_4_128_1024,98159095,256,10
5989167960,mqpl_4_128_1024,100008283,256,10
7525056540,mqpl_4_256_1,85664842,256,10
6942287060,mqpl_4_256_1,85570152,256,10
7207994040,mqpl_4_256_1,85648181,256,10
7669944040,mqpl_4_256_1,85666350,256,10
7151757160,mqpl_4_256_1,85678374,256,10
6972302540,mqpl_4_256_2,85799925,256,10
6925142960,mqpl_4_256_2,85817437,256,10
6764623780,mqpl_4_256_2,85916394,256,10
7263075680,mqpl_4_256_2,85939336,256,10
6231468340,mqpl_4_256_2,85868976,256,10
6387110600,mqpl_4_256_4,85921611,256,10
5917808860,mqpl_4_256_4,86025615,256,10
6532521380,mqpl_4_256_4,86166991,256,10
6255096200,mqpl_4_256_4,86115529,256,10
5870550100,mqpl_4_256_4,86033058,256,10
6176955540,mqpl_4_256_8,86334017,256,10
5962846420,mqpl_4_256_8,86235796,256,10
6772797980,mqpl_4_256_8,86315287,256,10
6478718040,mqpl_4_256_8,86221235,256,10
6403494540,mqpl_4_256_8,86423156,256,10
6254614160,mqpl_4_256_16,87190662,256,10
6209174680,mqpl_4_256_16,87029576,256,10
6537104940,mqpl_4_256_16,86978416,256,10
6039198580,mqpl_4_256_16,86986042,256,10
5804480580,mqpl_4_256_16,86817874,256,10
5913623640,mqpl_4_256_32,87331965,256,10
6536042960,mqpl_4_256_32,87468173,256,10
5919317440,mqpl_4_256_32,87561183,256,10
6192966920,mqpl_4_256_32,87596889,256,10
6390876220,mqpl_4_256_32,87242659,256,10
6455568160,mqpl_4_256_64,88003101,256,10
5854146540,mqpl_4_256_64,88485713,256,10
6465642600,mqpl_4_256_64,88192187,256,10
5838860660,mqpl_4_256_64,88182937,256,10
5042115700,mqpl_4_256_64,88324844,256,10
6523209200,mqpl_4_256_128,89601413,256,10
5912580500,mqpl_4_256_128,89213846,256,10
5686296680,mqpl_4_256_128,89317221,256,10
6241613280,mqpl_4_256_128,89092413,256,10
6310271360,mqpl_4_256_128,89232547,256,10
6148273240,mqpl_4_256_256,92089101,256,10
5852031640,mqpl_4_256_256,91275681,256,10
6293710440,mqpl_4_256_256,90822839,256,10
6533946000,mqpl_4_256_256,92259412,256,10
6505527780,mqpl_4_256_256,91313331,256,10
6250015480,mqpl_4_256_512,94750960,256,10
6101468020,mqpl_4_256_512,93639173,256,10
5919630960,mqpl_4_256_512,93517060,256,10
6473693240,mqpl_4_256_512,94277703,256,10
6748217460,mqpl_4_256_512,95277115,256,10
5132449960,mqpl_4_256_1024,97899322,256,10
5413367860,mqpl_4_256_1024,98366151,256,10
6349791820,mqpl_4_256_1024,98414619,256,10
5978197140,mqpl_4_256_1024,98395945,256,10
6427945380,mqpl_4_256_1024,98017497,256,10
6807111720,mqpl_4_512_1,85687559,256,10
7495101760,mqpl_4_512_1,85716362,256,10
7331917940,mqpl_4_512_1,85728833,256,10
7196424560,mqpl_4_512_1,85745667,256,10
7153106560,mqpl_4_512_1,85780977,256,10
6101379400,mqpl_4_512_2,85754354,256,10
6600593020,mqpl_4_512_2,85942306,256,10
6762964640,mqpl_4_512_2,85863400,256,10
6016652240,mqpl_4_512_2,85856837,256,10
6541934480,mqpl_4_512_2,85906595,256,10
6438947640,mqpl_4_512_4,86216999,256,10
5822418160,mqpl_4_512_4,86187258,256,10
6176752640,mqpl_4_512_4,86208369,256,10
6432546340,mqpl_4_512_4,86098250,256,10
6189997640,mqpl_4_512_4,86273808,256,10
6223638660,mqpl_4_512_8,86601320,256,10
5779712960,mqpl_4_512_8,86527232,256,10
6171807040,mqpl_4_512_8,86806810,256,10
5227423640,mqpl_4_512_8,86391513,256,10
5975937100,mqpl_4_512_8,86637122,256,10
6076844020,mqpl_4_512_16,86914996,256,10
6077802400,mqpl_4_512_16,87250994,256,10
5862870580,mqpl_4_512_16,86856082,256,10
5659646940,mqpl_4_512_16,87172799,256,10
6569942460,mqpl_4_512_16,87087129,256,10
5794868940,mqpl_4_512_32,87706229,256,10
5777084560,mqpl_4_512_32,87510098,256,10
5814771540,mqpl_4_512_32,87512615,256,10
5691836640,mqpl_4_512_32,87415667,256,10
5766769700,mqpl_4_512_32,87970631,256,10
6104797200,mqpl_4_512_64,88109890,256,10
6169345020,mqpl_4_512_64,88675494,256,10
6039157460,mqpl_4_512_64,88097541,256,10
6255345840,mqpl_4_512_64,88574660,256,10
6140166420,mqpl_4_512_64,88415661,256,10
6305796320,mqpl_4_512_128,90082905,256,10
6128040260,mqpl_4_512_128,89919462,256,10
5609140960,mqpl_4_512_128,89641120,256,10
6171570100,mqpl_4_512_128,89122322,256,10
5460416340,mqpl_4_512_128,90189731,256,10
6189740160,mqpl_4_512_256,91991250,256,10
6021418720,mqpl_4_512_256,92110014,256,10
6165242640,mqpl_4_512_256,90860692,256,10
5791712900,mqpl_4_512_256,91808874,256,10
6066797860,mqpl_4_512_256,91646898,256,10
5951291400,mqpl_4_512_512,94363695,256,10
6263920760,mqpl_4_512_512,95756218,256,10
5773280880,mqpl_4_512_512,94694389,256,10
5703535700,mqpl_4_512_512,94296792,256,10
5554213340,mqpl_4_512_512,94198040,256,10
5397904800,mqpl_4_512_1024,98078511,256,10
6342792220,mqpl_4_512_1024,98323029,256,10
5088585860,mqpl_4_512_1024,97454179,256,10
6204258780,mqpl_4_512_1024,98299311,256,10
5554262740,mqpl_4_512_1024,99827643,256,10
7009975500,mqpl_4_1024_1,85875903,256,10
6416018720,mqpl_4_1024_1,85857882,256,10
6765371240,mqpl_4_1024_1,85889685,256,10
6558952240,mqpl_4_1024_1,85701710,256,10
6887456500,mqpl_4_1024_1,85928716,256,10
6470902460,mqpl_4_1024_2,85978503,256,10
6600386580,mqpl_4_1024_2,86155859,256,10
6106868500,mqpl_4_1024_2,85954389,256,10
6211520440,mqpl_4_1024_2,86137080,256,10
6492336040,mqpl_4_1024_2,86232242,256,10
5698403800,mqpl_4_1024_4,86351521,256,10
6189370740,mqpl_4_1024_4,86414302,256,10
5816828980,mqpl_4_1024_4,86172594,256,10
5631712480,mqpl_4_1024_4,86303223,256,10
5825597700,mqpl_4_1024_4,86360277,256,10
5696915700,mqpl_4_1024_8,86631218,256,10
5735585380,mqpl_4_1024_8,86562145,256,10
5961923620,mqpl_4_1024_8,86785021,256,10
5628701260,mqpl_4_1024_8,86807929,256,10
5987476180,mqpl_4_1024_8,86828061,256,10
5953228800,mqpl_4_1024_16,87207842,256,10
5838391640,mqpl_4_1024_16,87504126,256,10
5660074580,mqpl_4_1024_16,87348157,256,10
6385970460,mqpl_4_1024_16,87384812,256,10
5672184020,mqpl_4_1024_16,87285908,256,10
5798279060,mqpl_4_1024_32,87861586,256,10
5789610020,mqpl_4_1024_32,87746284,256,10
5843671220,mqpl_4_1024_32,87833394,256,10
5740517380,mqpl_4_1024_32,88334946,256,10
5890109220,mqpl_4_1024_32,87935060,256,10
5766457860,mqpl_4_1024_64,88340452,256,10
5776122880,mqpl_4_1024_64,88600837,256,10
5933711780,mqpl_4_1024_64,88273975,256,10
5529383860,mqpl_4_1024_64,88887988,256,10
5855269260,mqpl_4_1024_64,88628874,256,10
5430242960,mqpl_4_1024_128,90001849,256,10
5603307600,mqpl_4_1024_128,90370424,256,10
5551746340,mqpl_4_1024_128,89631852,256,10
5677522780,mqpl_4_1024_128,90598926,256,10
5455259820,mqpl_4_1024_128,89468510,256,10
5915775580,mqpl_4_1024_256,91596354,256,10
6560768300,mqpl_4_1024_256,92139766,256,10
5899480820,mqpl_4_1024_256,91646089,256,10
5961870800,mqpl_4_1024_256,92647021,256,10
5598808200,mqpl_4_1024_256,92622999,256,10
5472584040,mqpl_4_1024_512,94399565,256,10
5374732120,mqpl_4_1024_512,93786077,256,10
5445468960,mqpl_4_1024_512,94042473,256,10
5244722160,mqpl_4_1024_512,93710452,256,10
5572403420,mqpl_4_1024_512,94278125,256,10
5432505020,mqpl_4_1024_1024,98150993,256,10
5128279320,mqpl_4_1024_1024,96793962,256,10
5887736480,mqpl_4_1024_1024,98909062,256,10
5299621720,mqpl_4_1024_1024,97555350,256,10
5735937300,mqpl_4_1024_1024,97625453,256,10
