1292839874,mqpl_4_1_1,32126368,128
1293850606,mqpl_4_1_1,32062190,128
1292273366,mqpl_4_1_1,32094620,128
1329082952,mqpl_4_1_1,32030369,128
1293784068,mqpl_4_1_1,32128532,128
1139324608,mqpl_4_1_2,34859768,128
1141122258,mqpl_4_1_2,34876476,128
1137325106,mqpl_4_1_2,34823213,128
1133153566,mqpl_4_1_2,34888264,128
1140539226,mqpl_4_1_2,34895522,128
1188734354,mqpl_4_1_4,41709667,128
1188710132,mqpl_4_1_4,41685575,128
1191046228,mqpl_4_1_4,41724392,128
1187700548,mqpl_4_1_4,41690424,128
1190956046,mqpl_4_1_4,41690370,128
1480582576,mqpl_4_1_8,56825499,128
1487431326,mqpl_4_1_8,56883110,128
1486897502,mqpl_4_1_8,56968337,128
1493607080,mqpl_4_1_8,57061234,128
1483788106,mqpl_4_1_8,56928381,128
2127063062,mqpl_4_1_16,86969837,128
2139681484,mqpl_4_1_16,87236965,128
2126544174,mqpl_4_1_16,86694444,128
2127572270,mqpl_4_1_16,86809014,128
2135410526,mqpl_4_1_16,87164605,128
3356209374,mqpl_4_1_32,142098534,128
3367547042,mqpl_4_1_32,142455863,128
3356160888,mqpl_4_1_32,142177215,128
3366000818,mqpl_4_1_32,142501980,128
3356086958,mqpl_4_1_32,142079647,128
5570826104,mqpl_4_1_64,240359966,128
5576678202,mqpl_4_1_64,240881984,128
5570131338,mqpl_4_1_64,239968754,128
5573393118,mqpl_4_1_64,240884900,128
5602174518,mqpl_4_1_64,241686290,128
9636487470,mqpl_4_1_128,415599083,128
9624384238,mqpl_4_1_128,414402395,128
9668478194,mqpl_4_1_128,416426247,128
9687198902,mqpl_4_1_128,417211941,128
9618931758,mqpl_4_1_128,415237037,128
16825297358,mqpl_4_1_256,707574623,128
16827871094,mqpl_4_1_256,708071528,128
16753630690,mqpl_4_1_256,704685994,128
16970205028,mqpl_4_1_256,712114072,128
16867705956,mqpl_4_1_256,710344492,128
28900748622,mqpl_4_1_512,1154001167,128
28655943122,mqpl_4_1_512,1145386012,128
28870053940,mqpl_4_1_512,1152488229,128
28994590046,mqpl_4_1_512,1155633305,128
28708069042,mqpl_4_1_512,1145859294,128
47008839494,mqpl_4_1_1024,1784620522,128
47124323288,mqpl_4_1_1024,1789967822,128
46866519298,mqpl_4_1_1024,1778570653,128
46769056598,mqpl_4_1_1024,1776496829,128
46473476904,mqpl_4_1_1024,1767965185,128
1385918092,mqpl_4_2_1,32483132,128
1300338364,mqpl_4_2_1,32492572,128
1300018240,mqpl_4_2_1,32449279,128
1298977930,mqpl_4_2_1,32526968,128
1299447918,mqpl_4_2_1,32510104,128
1125537822,mqpl_4_2_2,35331101,128
1122394134,mqpl_4_2_2,35412495,128
1118885028,mqpl_4_2_2,35390181,128
1119548768,mqpl_4_2_2,35404048,128
1122349218,mqpl_4_2_2,35453164,128
1136544834,mqpl_4_2_4,41986338,128
1137245400,mqpl_4_2_4,41975166,128
1137303158,mqpl_4_2_4,41849429,128
1134570172,mqpl_4_2_4,41899130,128
1135590028,mqpl_4_2_4,41790144,128
1358727094,mqpl_4_2_8,56016070,128
1351968166,mqpl_4_2_8,55779793,128
1355727362,mqpl_4_2_8,55827534,128
1359299932,mqpl_4_2_8,55930871,128
1359182060,mqpl_4_2_8,55902483,128
1858655320,mqpl_4_2_16,82904304,128
1867936602,mqpl_4_2_16,83080643,128
1859426890,mqpl_4_2_16,82863589,128
1861389348,mqpl_4_2_16,82973653,128
1855520410,mqpl_4_2_16,82813301,128
2854061094,mqpl_4_2_32,132651223,128
2860923836,mqpl_4_2_32,133005202,128
2896304916,mqpl_4_2_32,132893849,128
2856839134,mqpl_4_2_32,132840405,128
2859971350,mqpl_4_2_32,133222887,128
4697371272,mqpl_4_2_64,224535854,128
4692482882,mqpl_4_2_64,224207413,128
4699200042,mqpl_4_2_64,224191686,128
4714123642,mqpl_4_2_64,225773719,128
4695885926,mqpl_4_2_64,224846170,128
8213458998,mqpl_4_2_128,388903551,128
8108170116,mqpl_4_2_128,386399408,128
8127275888,mqpl_4_2_128,387960067,128
8182765516,mqpl_4_2_128,389782791,128
8185302844,mqpl_4_2_128,390207180,128
14327786728,mqpl_4_2_256,666755295,128
14431863390,mqpl_4_2_256,671084974,128
14347924630,mqpl_4_2_256,666503418,128
14240089876,mqpl_4_2_256,662875137,128
14274351192,mqpl_4_2_256,664950190,128
24430813436,mqpl_4_2_512,1075878946,128
24641036544,mqpl_4_2_512,1084609507,128
24301796314,mqpl_4_2_512,1072391995,128
24434087832,mqpl_4_2_512,1075546844,128
24610707222,mqpl_4_2_512,1082641339,128
39758815386,mqpl_4_2_1024,1663266121,128
39677984270,mqpl_4_2_1024,1660937464,128
39784747026,mqpl_4_2_1024,1665480378,128
40132232606,mqpl_4_2_1024,1674168782,128
40251254340,mqpl_4_2_1024,1681017439,128
1323223876,mqpl_4_4_1,32802807,128
1320992410,mqpl_4_4_1,32785123,128
1318879076,mqpl_4_4_1,32775806,128
1314346460,mqpl_4_4_1,32799073,128
1322702006,mqpl_4_4_1,32747564,128
1118784058,mqpl_4_4_2,35633406,128
1119761168,mqpl_4_4_2,35619262,128
1124487462,mqpl_4_4_2,35722991,128
1127448668,mqpl_4_4_2,35727658,128
1128517132,mqpl_4_4_2,35690936,128
1118144128,mqpl_4_4_4,42224060,128
1117532296,mqpl_4_4_4,42262663,128
1116978324,mqpl_4_4_4,42373628,128
1122510222,mqpl_4_4_4,42280146,128
1123170130,mqpl_4_4_4,42502438,128
1297110192,mqpl_4_4_8,55849536,128
1295539270,mqpl_4_4_8,55948077,128
1291698864,mqpl_4_4_8,55823783,128
1300283182,mqpl_4_4_8,56024078,128
1300216432,mqpl_4_4_8,56003712,128
1732912908,mqpl_4_4_16,80870658,128
1727197310,mqpl_4_4_16,80733509,128
1741117364,mqpl_4_4_16,81158751,128
1729294376,mqpl_4_4_16,80785704,128
1732961742,mqpl_4_4_16,80962884,128
2506306270,mqpl_4_4_32,125113353,128
2524544568,mqpl_4_4_32,126018708,128
2526217198,mqpl_4_4_32,125888131,128
2530732160,mqpl_4_4_32,125955336,128
2525544710,mqpl_4_4_32,125742520,128
4061343964,mqpl_4_4_64,207505948,128
4090967278,mqpl_4_4_64,208779274,128
4110473510,mqpl_4_4_64,209926156,128
4098622046,mqpl_4_4_64,209329997,128
4085607268,mqpl_4_4_64,208731818,128
6905851932,mqpl_4_4_128,358128965,128
6949226856,mqpl_4_4_128,360453387,128
6972910404,mqpl_4_4_128,361745824,128
6969561504,mqpl_4_4_128,361434616,128
6977793076,mqpl_4_4_128,361371269,128
12384589768,mqpl_4_4_256,620523399,128
12181062346,mqpl_4_4_256,612788631,128
12337728446,mqpl_4_4_256,619072433,128
12313323902,mqpl_4_4_256,618685430,128
12377643338,mqpl_4_4_256,622452624,128
21185332798,mqpl_4_4_512,1017891705,128
21336560862,mqpl_4_4_512,1023626431,128
20991548202,mqpl_4_4_512,1010006456,128
21205471312,mqpl_4_4_512,1018445531,128
21230700008,mqpl_4_4_512,1019265297,128
34669165666,mqpl_4_4_1024,1560594841,128
34592054760,mqpl_4_4_1024,1557925708,128
34753472604,mqpl_4_4_1024,1564266333,128
34483743336,mqpl_4_4_1024,1553127791,128
34682933670,mqpl_4_4_1024,1564146387,128
1335409778,mqpl_4_8_1,32857426,128
1341765482,mqpl_4_8_1,32868779,128
1365565954,mqpl_4_8_1,32876292,128
1355233862,mqpl_4_8_1,32846415,128
1339983144,mqpl_4_8_1,32909447,128
1129190772,mqpl_4_8_2,35875878,128
1131447944,mqpl_4_8_2,35687780,128
1127644996,mqpl_4_8_2,35873679,128
1127976276,mqpl_4_8_2,35815850,128
1129510024,mqpl_4_8_2,35804991,128
1112650060,mqpl_4_8_4,42538926,128
1112627184,mqpl_4_8_4,42487131,128
1116417316,mqpl_4_8_4,42733138,128
1115189658,mqpl_4_8_4,42624774,128
1116288178,mqpl_4_8_4,42514737,128
1284340042,mqpl_4_8_8,56241795,128
1291053266,mqpl_4_8_8,56441442,128
1296298522,mqpl_4_8_8,56573511,128
1286256740,mqpl_4_8_8,56155153,128
1291353010,mqpl_4_8_8,56492722,128
1646974276,mqpl_4_8_16,80270747,128
1646332418,mqpl_4_8_16,80275605,128
1650716956,mqpl_4_8_16,80305918,128
1652325190,mqpl_4_8_16,80613038,128
1642435650,mqpl_4_8_16,80187248,128
2380864916,mqpl_4_8_32,122044693,128
2383233882,mqpl_4_8_32,122668336,128
2382427166,mqpl_4_8_32,122321161,128
2371349114,mqpl_4_8_32,121738883,128
2405941680,mqpl_4_8_32,122297868,128
3672715030,mqpl_4_8_64,195150968,128
3699646604,mqpl_4_8_64,196499173,128
3711070740,mqpl_4_8_64,197143529,128
3679771000,mqpl_4_8_64,195565949,128
3678812932,mqpl_4_8_64,195904884,128
6203456184,mqpl_4_8_128,333695954,128
6209486930,mqpl_4_8_128,333564416,128
6221611446,mqpl_4_8_128,334302429,128
6235559066,mqpl_4_8_128,335261189,128
6180783816,mqpl_4_8_128,332870345,128
10855677798,mqpl_4_8_256,572750383,128
10847667386,mqpl_4_8_256,573602775,128
10959029752,mqpl_4_8_256,577327830,128
10862849124,mqpl_4_8_256,572484667,128
10846640018,mqpl_4_8_256,572649573,128
19103610586,mqpl_4_8_512,955826909,128
19037202456,mqpl_4_8_512,953957214,128
18870950384,mqpl_4_8_512,947836783,128
18948365708,mqpl_4_8_512,950417116,128
18924443262,mqpl_4_8_512,948630616,128
30564234976,mqpl_4_8_1024,1453945834,128
30625473646,mqpl_4_8_1024,1457275293,128
30380880026,mqpl_4_8_1024,1446168124,128
30287160628,mqpl_4_8_1024,1442758252,128
30238921352,mqpl_4_8_1024,1441679474,128
1403739398,mqpl_4_16_1,32942382,128
1363137036,mqpl_4_16_1,32978893,128
1362212002,mqpl_4_16_1,33016498,128
1356983604,mqpl_4_16_1,32899955,128
1355000934,mqpl_4_16_1,32921798,128
1139032494,mqpl_4_16_2,35771662,128
1144846176,mqpl_4_16_2,35793629,128
1134860622,mqpl_4_16_2,35879558,128
1132710534,mqpl_4_16_2,35817127,128
1137500698,mqpl_4_16_2,35933668,128
1116090156,mqpl_4_16_4,42635018,128
1117984110,mqpl_4_16_4,42697006,128
1115522408,mqpl_4_16_4,42609600,128
1122578668,mqpl_4_16_4,42569096,128
1116800702,mqpl_4_16_4,42535739,128
1292237238,mqpl_4_16_8,56610811,128
1286298732,mqpl_4_16_8,56617405,128
1292921680,mqpl_4_16_8,56834249,128
1285479438,mqpl_4_16_8,56561373,128
1290742112,mqpl_4_16_8,56689212,128
1664961158,mqpl_4_16_16,81190428,128
1665771794,mqpl_4_16_16,81123767,128
1676390762,mqpl_4_16_16,81540708,128
1661088544,mqpl_4_16_16,80758439,128
1663600208,mqpl_4_16_16,80900221,128
2266644150,mqpl_4_16_32,119880578,128
2277486740,mqpl_4_16_32,120620427,128
2286048292,mqpl_4_16_32,120838241,128
2286902014,mqpl_4_16_32,121082728,128
2275463154,mqpl_4_16_32,120477368,128
3470614052,mqpl_4_16_64,189755566,128
3451713460,mqpl_4_16_64,188875222,128
3489295274,mqpl_4_16_64,190432944,128
3467789618,mqpl_4_16_64,189486887,128
3473868430,mqpl_4_16_64,190179385,128
5541504520,mqpl_4_16_128,313638992,128
5544125478,mqpl_4_16_128,314887686,128
5585408604,mqpl_4_16_128,317019717,128
5479945960,mqpl_4_16_128,311399002,128
5504918342,mqpl_4_16_128,311937144,128
9691987316,mqpl_4_16_256,532060252,128
9623889380,mqpl_4_16_256,528260716,128
9721350738,mqpl_4_16_256,533152127,128
9714489632,mqpl_4_16_256,531350223,128
9570508630,mqpl_4_16_256,525058567,128
16381429150,mqpl_4_16_512,875849325,128
16051402948,mqpl_4_16_512,859801578,128
16436639600,mqpl_4_16_512,877432428,128
16415049310,mqpl_4_16_512,874911069,128
16300950868,mqpl_4_16_512,870108908,128
26814874370,mqpl_4_16_1024,1333846307,128
26696670540,mqpl_4_16_1024,1328565915,128
26770627100,mqpl_4_16_1024,1329477397,128
26879582128,mqpl_4_16_1024,1336676174,128
27164073752,mqpl_4_16_1024,1347483979,128
1367673014,mqpl_4_32_1,33022928,128
1388080290,mqpl_4_32_1,32931748,128
1377655970,mqpl_4_32_1,32932842,128
1368578268,mqpl_4_32_1,33010036,128
1374179600,mqpl_4_32_1,32846474,128
1149170798,mqpl_4_32_2,35931279,128
1144539438,mqpl_4_32_2,35926527,128
1140584648,mqpl_4_32_2,35936746,128
1140697860,mqpl_4_32_2,35736729,128
1147287980,mqpl_4_32_2,35722372,128
1108520104,mqpl_4_32_4,42574845,128
1117930654,mqpl_4_32_4,42666824,128
1114524304,mqpl_4_32_4,42500113,128
1112283678,mqpl_4_32_4,42629106,128
1113528732,mqpl_4_32_4,42532023,128
1281149326,mqpl_4_32_8,56592276,128
1283624240,mqpl_4_32_8,56477995,128
1281683926,mqpl_4_32_8,56708302,128
1277729034,mqpl_4_32_8,56494592,128
1284527550,mqpl_4_32_8,56777685,128
1620649228,mqpl_4_32_16,80783654,128
1628889964,mqpl_4_32_16,81104037,128
1622197074,mqpl_4_32_16,80888633,128
1624221434,mqpl_4_32_16,81004164,128
1624084978,mqpl_4_32_16,81009863,128
2301144198,mqpl_4_32_32,121010622,128
2298252288,mqpl_4_32_32,120447786,128
2301835440,mqpl_4_32_32,120857876,128
2291691874,mqpl_4_32_32,120543611,128
2301305920,mqpl_4_32_32,120871492,128
3302327194,mqpl_4_32_64,186019111,128
3268510652,mqpl_4_32_64,184251985,128
3281734590,mqpl_4_32_64,184850427,128
3261459456,mqpl_4_32_64,183511200,128
3268898752,mqpl_4_32_64,183790311,128
5264276066,mqpl_4_32_128,297439506,128
5269211506,mqpl_4_32_128,297153644,128
5287390818,mqpl_4_32_128,298688244,128
5296970510,mqpl_4_32_128,299154527,128
5311720338,mqpl_4_32_128,299854499,128
8564200052,mqpl_4_32_256,491617016,128
8642468316,mqpl_4_32_256,495994781,128
8522472864,mqpl_4_32_256,490370743,128
8615537704,mqpl_4_32_256,496039114,128
8488856064,mqpl_4_32_256,488985470,128
14801810322,mqpl_4_32_512,798846898,128
14688258426,mqpl_4_32_512,793280162,128
14557098718,mqpl_4_32_512,786115547,128
14856361904,mqpl_4_32_512,800710439,128
14720603760,mqpl_4_32_512,795370502,128
23200687436,mqpl_4_32_1024,1217672665,128
23132185258,mqpl_4_32_1024,1212791043,128
23172683698,mqpl_4_32_1024,1213843253,128
23336684664,mqpl_4_32_1024,1220171456,128
23579385796,mqpl_4_32_1024,1233668543,128
1390788400,mqpl_4_64_1,32945621,128
1381256412,mqpl_4_64_1,33028646,128
1377300700,mqpl_4_64_1,32948908,128
1386779272,mqpl_4_64_1,32900495,128
1375884936,mqpl_4_64_1,32900059,128
1144053348,mqpl_4_64_2,35809880,128
1140146020,mqpl_4_64_2,35824852,128
1143373764,mqpl_4_64_2,35912001,128
1140949860,mqpl_4_64_2,35718588,128
1155259952,mqpl_4_64_2,35910536,128
1119806276,mqpl_4_64_4,42667928,128
1120565904,mqpl_4_64_4,42593811,128
1127969904,mqpl_4_64_4,42832772,128
1119808920,mqpl_4_64_4,42455404,128
1123849634,mqpl_4_64_4,42564139,128
1293393858,mqpl_4_64_8,57159832,128
1284075996,mqpl_4_64_8,56664762,128
1286223128,mqpl_4_64_8,56741659,128
1290781030,mqpl_4_64_8,56998658,128
1290131364,mqpl_4_64_8,57010461,128
1651606928,mqpl_4_64_16,81197501,128
1658865064,mqpl_4_64_16,81449711,128
1659742302,mqpl_4_64_16,81509352,128
1658715132,mqpl_4_64_16,81617606,128
1666568932,mqpl_4_64_16,81649709,128
2224611046,mqpl_4_64_32,119650439,128
2230402990,mqpl_4_64_32,119957793,128
2222651174,mqpl_4_64_32,119291357,128
2225440620,mqpl_4_64_32,119474895,128
2234273278,mqpl_4_64_32,119728443,128
3321890460,mqpl_4_64_64,184032718,128
3310380888,mqpl_4_64_64,183521861,128
3310533148,mqpl_4_64_64,183490678,128
3315846220,mqpl_4_64_64,183655773,128
3318636760,mqpl_4_64_64,183192017,128
4966824174,mqpl_4_64_128,289397321,128
4955307372,mqpl_4_64_128,288505868,128
4928565428,mqpl_4_64_128,287112220,128
4922633398,mqpl_4_64_128,286975558,128
4888303770,mqpl_4_64_128,285443396,128
8358686656,mqpl_4_64_256,475183581,128
8014543712,mqpl_4_64_256,458675744,128
8093523006,mqpl_4_64_256,463233832,128
8106863988,mqpl_4_64_256,462834438,128
8162228040,mqpl_4_64_256,466603782,128
12889552162,mqpl_4_64_512,731511486,128
12980132646,mqpl_4_64_512,737574667,128
12803953742,mqpl_4_64_512,730196065,128
12934857076,mqpl_4_64_512,734736262,128
12980729760,mqpl_4_64_512,738754844,128
20811683488,mqpl_4_64_1024,1102358341,128
20858558054,mqpl_4_64_1024,1105559643,128
20869929678,mqpl_4_64_1024,1105417245,128
20548569396,mqpl_4_64_1024,1087872591,128
20814465762,mqpl_4_64_1024,1102522330,128
1382556366,mqpl_4_128_1,32933899,128
1384366684,mqpl_4_128_1,32898053,128
1384829900,mqpl_4_128_1,33029601,128
1383862488,mqpl_4_128_1,32906383,128
1386696172,mqpl_4_128_1,32992607,128
1142618168,mqpl_4_128_2,35818731,128
1147849864,mqpl_4_128_2,35849224,128
1142110322,mqpl_4_128_2,35705454,128
1154013224,mqpl_4_128_2,35666559,128
1156192060,mqpl_4_128_2,35837107,128
1114227914,mqpl_4_128_4,42543634,128
1115746964,mqpl_4_128_4,42735637,128
1114916108,mqpl_4_128_4,42450088,128
1108808748,mqpl_4_128_4,42489797,128
1122120914,mqpl_4_128_4,42590169,128
1286323510,mqpl_4_128_8,56701274,128
1276852990,mqpl_4_128_8,56505964,128
1286140884,mqpl_4_128_8,56936738,128
1284639072,mqpl_4_128_8,56823610,128
1280125182,mqpl_4_128_8,56596561,128
1649158502,mqpl_4_128_16,81086698,128
1652600742,mqpl_4_128_16,81445022,128
1654174312,mqpl_4_128_16,81426962,128
1657817686,mqpl_4_128_16,81926980,128
1646603058,mqpl_4_128_16,81226689,128
2274141496,mqpl_4_128_32,120504089,128
2281852628,mqpl_4_128_32,120942237,128
2278504770,mqpl_4_128_32,120731499,128
2266242488,mqpl_4_128_32,119858270,128
2285837514,mqpl_4_128_32,121041590,128
3276483764,mqpl_4_128_64,182052522,128
3258867448,mqpl_4_128_64,181635672,128
3300668050,mqpl_4_128_64,183366809,128
3299197674,mqpl_4_128_64,183189670,128
3269313188,mqpl_4_128_64,181978219,128
5010604290,mqpl_4_128_128,284165108,128
5069939898,mqpl_4_128_128,287926219,128
4977288446,mqpl_4_128_128,282090299,128
4993401876,mqpl_4_128_128,283593317,128
5035070342,mqpl_4_128_128,285719694,128
7809892302,mqpl_4_128_256,446892717,128
7867721188,mqpl_4_128_256,449898418,128
7807805400,mqpl_4_128_256,446511801,128
7847235852,mqpl_4_128_256,448871873,128
7898163104,mqpl_4_128_256,451812427,128
12169672710,mqpl_4_128_512,685274121,128
12308422028,mqpl_4_128_512,692599211,128
12289547192,mqpl_4_128_512,690786646,128
12398656512,mqpl_4_128_512,696768502,128
12377057540,mqpl_4_128_512,696813152,128
18811940686,mqpl_4_128_1024,1017762495,128
18972199214,mqpl_4_128_1024,1025581819,128
18831888056,mqpl_4_128_1024,1019344559,128
18669034250,mqpl_4_128_1024,1009838822,128
19038683998,mqpl_4_128_1024,1028626428,128
1388257002,mqpl_4_256_1,32929220,128
1380625532,mqpl_4_256_1,32898655,128
1380088196,mqpl_4_256_1,33037104,128
1380817202,mqpl_4_256_1,32970298,128
1381839518,mqpl_4_256_1,32967094,128
1146111704,mqpl_4_256_2,35847820,128
1141530786,mqpl_4_256_2,35772178,128
1142257594,mqpl_4_256_2,35732269,128
1155016874,mqpl_4_256_2,35846503,128
1140384372,mqpl_4_256_2,35624663,128
1114748320,mqpl_4_256_4,42520228,128
1114850398,mqpl_4_256_4,42384417,128
1118917852,mqpl_4_256_4,42653555,128
1118045570,mqpl_4_256_4,42574927,128
1123047452,mqpl_4_256_4,42650975,128
1274654474,mqpl_4_256_8,56792507,128
1271075040,mqpl_4_256_8,56648925,128
1273074296,mqpl_4_256_8,56884287,128
1266836616,mqpl_4_256_8,56270963,128
1270963130,mqpl_4_256_8,56707322,128
1659785848,mqpl_4_256_16,81645641,128
1661539260,mqpl_4_256_16,81545937,128
1664486072,mqpl_4_256_16,81697703,128
1671664522,mqpl_4_256_16,82024366,128
1663776108,mqpl_4_256_16,81735547,128
2212007558,mqpl_4_256_32,118985835,128
2217657592,mqpl_4_256_32,119598205,128
2220527472,mqpl_4_256_32,119862767,128
2214472480,mqpl_4_256_32,119554159,128
2215211842,mqpl_4_256_32,119279541,128
3251097050,mqpl_4_256_64,180507975,128
3270571018,mqpl_4_256_64,181726130,128
3283142906,mqpl_4_256_64,182482574,128
3281664524,mqpl_4_256_64,182293484,128
3290162518,mqpl_4_256_64,182922327,128
4785244748,mqpl_4_256_128,280302366,128
4827541168,mqpl_4_256_128,282911684,128
4758062736,mqpl_4_256_128,278251407,128
4769079554,mqpl_4_256_128,279496836,128
4794462984,mqpl_4_256_128,280251257,128
7708508082,mqpl_4_256_256,443008089,128
7709943282,mqpl_4_256_256,442373231,128
7617071670,mqpl_4_256_256,437720307,128
7668137426,mqpl_4_256_256,441138724,128
7734617396,mqpl_4_256_256,443827560,128
11404869660,mqpl_4_256_512,664708360,128
11408773140,mqpl_4_256_512,667067367,128
11336376618,mqpl_4_256_512,662114121,128
11410183448,mqpl_4_256_512,665891757,128
11474911058,mqpl_4_256_512,667883900,128
17197304578,mqpl_4_256_1024,949408606,128
17276656444,mqpl_4_256_1024,954182821,128
17292752148,mqpl_4_256_1024,953573597,128
17222230160,mqpl_4_256_1024,951240338,128
17308350358,mqpl_4_256_1024,954897596,128
1393513918,mqpl_4_512_1,32893435,128
1390758422,mqpl_4_512_1,32989219,128
1375359554,mqpl_4_512_1,33033729,128
1417570684,mqpl_4_512_1,32850095,128
1436861318,mqpl_4_512_1,32958903,128
1143765180,mqpl_4_512_2,35703161,128
1147388100,mqpl_4_512_2,35700292,128
1140926844,mqpl_4_512_2,35710357,128
1149871720,mqpl_4_512_2,35757639,128
1145409736,mqpl_4_512_2,35716082,128
1113294994,mqpl_4_512_4,42528967,128
1110342716,mqpl_4_512_4,42562853,128
1108068916,mqpl_4_512_4,42340999,128
1114603960,mqpl_4_512_4,42597209,128
1111855754,mqpl_4_512_4,42420130,128
1288456588,mqpl_4_512_8,57001108,128
1283277314,mqpl_4_512_8,56825038,128
1286595020,mqpl_4_512_8,56998912,128
1276939236,mqpl_4_512_8,56465918,128
1279928692,mqpl_4_512_8,56723091,128
1616621598,mqpl_4_512_16,80940875,128
1627422598,mqpl_4_512_16,81620188,128
1624431508,mqpl_4_512_16,81094691,128
1615115704,mqpl_4_512_16,80664450,128
1622191892,mqpl_4_512_16,81213788,128
2291849400,mqpl_4_512_32,120834523,128
2283499122,mqpl_4_512_32,120681800,128
2278997634,mqpl_4_512_32,120491565,128
2278320846,mqpl_4_512_32,120397400,128
2279224696,mqpl_4_512_32,120314968,128
3190778346,mqpl_4_512_64,181444818,128
3186055858,mqpl_4_512_64,180732062,128
3195814440,mqpl_4_512_64,181630374,128
3148251340,mqpl_4_512_64,178930895,128
3194713106,mqpl_4_512_64,181214592,128
4987062244,mqpl_4_512_128,283419338,128
4958079824,mqpl_4_512_128,282018012,128
4973861626,mqpl_4_512_128,281515203,128
4942777386,mqpl_4_512_128,280517005,128
4951657532,mqpl_4_512_128,281794985,128
7267359756,mqpl_4_512_256,429874449,128
7348609292,mqpl_4_512_256,434895322,128
7293738830,mqpl_4_512_256,431450895,128
7257771086,mqpl_4_512_256,429393221,128
7289699228,mqpl_4_512_256,429698139,128
11592281062,mqpl_4_512_512,656881325,128
11401088264,mqpl_4_512_512,647387624,128
11552142792,mqpl_4_512_512,654952423,128
11508534034,mqpl_4_512_512,652848767,128
11452245846,mqpl_4_512_512,650309357,128
16089081746,mqpl_4_512_1024,918567766,128
16168588758,mqpl_4_512_1024,921699225,128
16105819900,mqpl_4_512_1024,917518732,128
16026252972,mqpl_4_512_1024,913578986,128
16347269416,mqpl_4_512_1024,929403325,128
1382604004,mqpl_4_1024_1,33043979,128
1382710448,mqpl_4_1024_1,32959402,128
1421562756,mqpl_4_1024_1,33006185,128
1419954356,mqpl_4_1024_1,32912779,128
1379886102,mqpl_4_1024_1,32994444,128
1145499488,mqpl_4_1024_2,35893195,128
1142850496,mqpl_4_1024_2,35833074,128
1143334024,mqpl_4_1024_2,35794128,128
1141090536,mqpl_4_1024_2,35720349,128
1147309856,mqpl_4_1024_2,35798765,128
1117401108,mqpl_4_1024_4,42516288,128
1122532008,mqpl_4_1024_4,42699674,128
1119585556,mqpl_4_1024_4,42650656,128
1122103764,mqpl_4_1024_4,42681040,128
1125181820,mqpl_4_1024_4,42858113,128
1270050720,mqpl_4_1024_8,56635752,128
1275561108,mqpl_4_1024_8,56717497,128
1273192154,mqpl_4_1024_8,56647444,128
1265865878,mqpl_4_1024_8,56499497,128
1275061240,mqpl_4_1024_8,56666869,128
1663827600,mqpl_4_1024_16,81793501,128
1662083610,mqpl_4_1024_16,81590636,128
1656038028,mqpl_4_1024_16,81266617,128
1660148652,mqpl_4_1024_16,81603046,128
1654674274,mqpl_4_1024_16,81512406,128
2223558070,mqpl_4_1024_32,119503405,128
2236379442,mqpl_4_1024_32,120207104,128
2229732152,mqpl_4_1024_32,119787603,128
2238734212,mqpl_4_1024_32,120242827,128
2236105972,mqpl_4_1024_32,120328975,128
3262984296,mqpl_4_1024_64,180866489,128
3285686380,mqpl_4_1024_64,181993147,128
3273295960,mqpl_4_1024_64,181553180,128
3277746382,mqpl_4_1024_64,181525646,128
3297608238,mqpl_4_1024_64,182465659,128
4717408402,mqpl_4_1024_128,276255472,128
4752329118,mqpl_4_1024_128,278620991,128
4716357986,mqpl_4_1024_128,275871596,128
4765725158,mqpl_4_1024_128,279715596,128
4734550472,mqpl_4_1024_128,277470066,128
7466254704,mqpl_4_1024_256,431484962,128
7473340630,mqpl_4_1024_256,432269611,128
7487014040,mqpl_4_1024_256,432805005,128
7489109502,mqpl_4_1024_256,432390817,128
7506407508,mqpl_4_1024_256,433694499,128
10857042594,mqpl_4_1024_512,637383556,128
10920203982,mqpl_4_1024_512,641332565,128
10917726980,mqpl_4_1024_512,639742811,128
10942293014,mqpl_4_1024_512,640397632,128
10829615578,mqpl_4_1024_512,635109122,128
16379380806,mqpl_4_1024_1024,910476508,128
16586597824,mqpl_4_1024_1024,922164981,128
16299547388,mqpl_4_1024_1024,906763292,128
16381895406,mqpl_4_1024_1024,911628188,128
15957489154,mqpl_4_1024_1024,891514636,128
