246998944,mqpl_4_1_1,6402574,128
248003836,mqpl_4_1_1,6401900,128
243161412,mqpl_4_1_1,6405800,128
246718596,mqpl_4_1_1,6406766,128
245199978,mqpl_4_1_1,6403994,128
192390526,mqpl_4_1_2,6473232,128
189683836,mqpl_4_1_2,6475362,128
192699282,mqpl_4_1_2,6474058,128
191009476,mqpl_4_1_2,6473996,128
194778236,mqpl_4_1_2,6476196,128
167757854,mqpl_4_1_4,6609531,128
167952722,mqpl_4_1_4,6607924,128
169825078,mqpl_4_1_4,6607100,128
170590712,mqpl_4_1_4,6612475,128
172096950,mqpl_4_1_4,6609352,128
163585760,mqpl_4_1_8,6875133,128
159939534,mqpl_4_1_8,6849193,128
162564232,mqpl_4_1_8,6847023,128
159511684,mqpl_4_1_8,6855415,128
164510744,mqpl_4_1_8,6852664,128
165156640,mqpl_4_1_16,7225167,128
162484150,mqpl_4_1_16,7224610,128
163320570,mqpl_4_1_16,7217627,128
160928776,mqpl_4_1_16,7224298,128
162237434,mqpl_4_1_16,7218532,128
167271714,mqpl_4_1_32,7489128,128
166672496,mqpl_4_1_32,7488210,128
165856188,mqpl_4_1_32,7481158,128
166803970,mqpl_4_1_32,7498367,128
165136584,mqpl_4_1_32,7480969,128
169230064,mqpl_4_1_64,7537522,128
166200826,mqpl_4_1_64,7573943,128
168374452,mqpl_4_1_64,7560765,128
163528738,mqpl_4_1_64,7543828,128
166271102,mqpl_4_1_64,7548739,128
168295340,mqpl_4_1_128,7562738,128
164947018,mqpl_4_1_128,7565468,128
166469656,mqpl_4_1_128,7555319,128
168416666,mqpl_4_1_128,7535778,128
166626770,mqpl_4_1_128,7538413,128
166467276,mqpl_4_1_256,7573683,128
165307174,mqpl_4_1_256,7542827,128
166473992,mqpl_4_1_256,7529686,128
169763104,mqpl_4_1_256,7604800,128
167653598,mqpl_4_1_256,7551636,128
167784998,mqpl_4_1_512,7546743,128
166287698,mqpl_4_1_512,7568118,128
167718102,mqpl_4_1_512,7550841,128
166616914,mqpl_4_1_512,7562700,128
165664746,mqpl_4_1_512,7542177,128
168435460,mqpl_4_1_1024,7551251,128
164540738,mqpl_4_1_1024,7608548,128
168576354,mqpl_4_1_1024,7545342,128
168751920,mqpl_4_1_1024,7555984,128
168326452,mqpl_4_1_1024,7549787,128
250180490,mqpl_4_2_1,6453474,128
254386234,mqpl_4_2_1,6455794,128
250154504,mqpl_4_2_1,6454976,128
257664008,mqpl_4_2_1,6454985,128
258381642,mqpl_4_2_1,6454787,128
189953714,mqpl_4_2_2,6507091,128
190116092,mqpl_4_2_2,6510671,128
194534394,mqpl_4_2_2,6505138,128
188277168,mqpl_4_2_2,6509315,128
187891930,mqpl_4_2_2,6506705,128
159080542,mqpl_4_2_4,6604278,128
161873846,mqpl_4_2_4,6598612,128
164299336,mqpl_4_2_4,6604112,128
162025034,mqpl_4_2_4,6598877,128
160962138,mqpl_4_2_4,6600366,128
148158736,mqpl_4_2_8,6768900,128
148478590,mqpl_4_2_8,6761854,128
153163280,mqpl_4_2_8,6754822,128
148741912,mqpl_4_2_8,6762895,128
148147472,mqpl_4_2_8,6758086,128
144443100,mqpl_4_2_16,6984741,128
145983830,mqpl_4_2_16,6991650,128
149076416,mqpl_4_2_16,6985986,128
145375402,mqpl_4_2_16,6994893,128
145674744,mqpl_4_2_16,6996784,128
147666994,mqpl_4_2_32,7139168,128
149478280,mqpl_4_2_32,7180879,128
145517338,mqpl_4_2_32,7161177,128
145852478,mqpl_4_2_32,7153849,128
145808784,mqpl_4_2_32,7173847,128
145893628,mqpl_4_2_64,7185660,128
147026596,mqpl_4_2_64,7164207,128
143935572,mqpl_4_2_64,7203490,128
146121366,mqpl_4_2_64,7181504,128
148368320,mqpl_4_2_64,7215025,128
150093220,mqpl_4_2_128,7178819,128
146642498,mqpl_4_2_128,7184711,128
146133062,mqpl_4_2_128,7210944,128
149424038,mqpl_4_2_128,7227648,128
149583090,mqpl_4_2_128,7190457,128
144041144,mqpl_4_2_256,7160477,128
146451328,mqpl_4_2_256,7186431,128
151284124,mqpl_4_2_256,7195426,128
152321970,mqpl_4_2_256,7202465,128
145740704,mqpl_4_2_256,7180456,128
147325616,mqpl_4_2_512,7187450,128
148898186,mqpl_4_2_512,7201192,128
145772098,mqpl_4_2_512,7177920,128
149893402,mqpl_4_2_512,7214552,128
149912198,mqpl_4_2_512,7186614,128
146106188,mqpl_4_2_1024,7176040,128
151913334,mqpl_4_2_1024,7205053,128
147073786,mqpl_4_2_1024,7186505,128
147087262,mqpl_4_2_1024,7203844,128
147958098,mqpl_4_2_1024,7187698,128
251489598,mqpl_4_4_1,6479269,128
257767074,mqpl_4_4_1,6478862,128
257611054,mqpl_4_4_1,6473632,128
257477228,mqpl_4_4_1,6473816,128
267006888,mqpl_4_4_1,6478199,128
189377096,mqpl_4_4_2,6515068,128
189286586,mqpl_4_4_2,6517167,128
195840854,mqpl_4_4_2,6516565,128
194029384,mqpl_4_4_2,6519526,128
192469290,mqpl_4_4_2,6517988,128
159241250,mqpl_4_4_4,6603149,128
160275558,mqpl_4_4_4,6594795,128
160390030,mqpl_4_4_4,6597033,128
157951728,mqpl_4_4_4,6595163,128
159203114,mqpl_4_4_4,6597384,128
143922210,mqpl_4_4_8,6722388,128
142096874,mqpl_4_4_8,6722641,128
145155218,mqpl_4_4_8,6712729,128
146126606,mqpl_4_4_8,6729100,128
147156282,mqpl_4_4_8,6726488,128
140224728,mqpl_4_4_16,6874495,128
137354694,mqpl_4_4_16,6889008,128
137384170,mqpl_4_4_16,6870730,128
136800380,mqpl_4_4_16,6882912,128
138561604,mqpl_4_4_16,6885736,128
136705602,mqpl_4_4_32,6979664,128
135265916,mqpl_4_4_32,6969055,128
134856668,mqpl_4_4_32,6983802,128
134515288,mqpl_4_4_32,6982542,128
134271748,mqpl_4_4_32,6977189,128
135587760,mqpl_4_4_64,6990448,128
135161838,mqpl_4_4_64,6987887,128
135153140,mqpl_4_4_64,6972108,128
139905216,mqpl_4_4_64,6984825,128
135790146,mqpl_4_4_64,6987253,128
134776714,mqpl_4_4_128,6989026,128
136329620,mqpl_4_4_128,6994553,128
134317552,mqpl_4_4_128,6991357,128
137867740,mqpl_4_4_128,7002881,128
137407984,mqpl_4_4_128,6992238,128
134734488,mqpl_4_4_256,7012997,128
134063538,mqpl_4_4_256,6985957,128
133739146,mqpl_4_4_256,7002729,128
137734982,mqpl_4_4_256,6992205,128
135104790,mqpl_4_4_256,6990711,128
134395992,mqpl_4_4_512,7004103,128
138069680,mqpl_4_4_512,6982945,128
134924346,mqpl_4_4_512,6984086,128
135937216,mqpl_4_4_512,6986433,128
135768450,mqpl_4_4_512,6994231,128
133070132,mqpl_4_4_1024,6992348,128
137319406,mqpl_4_4_1024,6990819,128
136894790,mqpl_4_4_1024,6992100,128
138079610,mqpl_4_4_1024,6981844,128
134199948,mqpl_4_4_1024,6980544,128
268096984,mqpl_4_8_1,6479750,128
262941762,mqpl_4_8_1,6478595,128
259538586,mqpl_4_8_1,6479699,128
266050624,mqpl_4_8_1,6478407,128
276684054,mqpl_4_8_1,6485026,128
193833680,mqpl_4_8_2,6513557,128
196721588,mqpl_4_8_2,6521027,128
196277342,mqpl_4_8_2,6513021,128
193515568,mqpl_4_8_2,6516535,128
200355436,mqpl_4_8_2,6515235,128
160586088,mqpl_4_8_4,6588966,128
162269260,mqpl_4_8_4,6589221,128
160185300,mqpl_4_8_4,6579459,128
160158962,mqpl_4_8_4,6586932,128
161750558,mqpl_4_8_4,6591047,128
143135756,mqpl_4_8_8,6691446,128
140800830,mqpl_4_8_8,6699447,128
144788000,mqpl_4_8_8,6697278,128
143615106,mqpl_4_8_8,6697250,128
141914298,mqpl_4_8_8,6700258,128
138325520,mqpl_4_8_16,6828275,128
136619246,mqpl_4_8_16,6835104,128
135781648,mqpl_4_8_16,6822320,128
134536130,mqpl_4_8_16,6830938,128
137675288,mqpl_4_8_16,6837440,128
135251128,mqpl_4_8_32,6901059,128
134509010,mqpl_4_8_32,6901424,128
132712970,mqpl_4_8_32,6897637,128
131470818,mqpl_4_8_32,6902570,128
132180348,mqpl_4_8_32,6894438,128
133899578,mqpl_4_8_64,6902326,128
134022186,mqpl_4_8_64,6905364,128
131746454,mqpl_4_8_64,6888521,128
133654026,mqpl_4_8_64,6890916,128
131924630,mqpl_4_8_64,6891754,128
130336546,mqpl_4_8_128,6886347,128
130623052,mqpl_4_8_128,6884929,128
129840674,mqpl_4_8_128,6881794,128
132380894,mqpl_4_8_128,6881031,128
129445498,mqpl_4_8_128,6903339,128
130248782,mqpl_4_8_256,6887740,128
132712098,mqpl_4_8_256,6921656,128
133207328,mqpl_4_8_256,6878933,128
131146020,mqpl_4_8_256,6879411,128
132411440,mqpl_4_8_256,6891150,128
133376008,mqpl_4_8_512,6892148,128
130571032,mqpl_4_8_512,6893144,128
129528974,mqpl_4_8_512,6896897,128
133311748,mqpl_4_8_512,6898788,128
132728964,mqpl_4_8_512,6903781,128
133880378,mqpl_4_8_1024,6886299,128
134759804,mqpl_4_8_1024,6901735,128
135004786,mqpl_4_8_1024,6886119,128
131856744,mqpl_4_8_1024,6899800,128
134012644,mqpl_4_8_1024,6913417,128
277630912,mqpl_4_16_1,6483759,128
272537882,mqpl_4_16_1,6480062,128
265446588,mqpl_4_16_1,6482218,128
269005752,mqpl_4_16_1,6480687,128
285977718,mqpl_4_16_1,6489327,128
197737724,mqpl_4_16_2,6513944,128
199292334,mqpl_4_16_2,6520174,128
201230830,mqpl_4_16_2,6511590,128
193655722,mqpl_4_16_2,6509697,128
201287190,mqpl_4_16_2,6511299,128
159302498,mqpl_4_16_4,6580104,128
161078622,mqpl_4_16_4,6578276,128
162236798,mqpl_4_16_4,6579195,128
163170044,mqpl_4_16_4,6585223,128
163631604,mqpl_4_16_4,6586479,128
142011142,mqpl_4_16_8,6687050,128
140266536,mqpl_4_16_8,6674256,128
142780876,mqpl_4_16_8,6677533,128
142253120,mqpl_4_16_8,6685528,128
142637942,mqpl_4_16_8,6676402,128
137213242,mqpl_4_16_16,6806373,128
134269674,mqpl_4_16_16,6797731,128
132514826,mqpl_4_16_16,6797986,128
137412754,mqpl_4_16_16,6796234,128
136249532,mqpl_4_16_16,6795675,128
131035590,mqpl_4_16_32,6868920,128
134124064,mqpl_4_16_32,6875576,128
130216964,mqpl_4_16_32,6850798,128
130781030,mqpl_4_16_32,6863606,128
133757728,mqpl_4_16_32,6865413,128
131413068,mqpl_4_16_64,6854265,128
129321306,mqpl_4_16_64,6856904,128
133486906,mqpl_4_16_64,6864416,128
134810668,mqpl_4_16_64,6857531,128
129080200,mqpl_4_16_64,6875350,128
129077688,mqpl_4_16_128,6840018,128
134313740,mqpl_4_16_128,6873123,128
132057470,mqpl_4_16_128,6844105,128
129727126,mqpl_4_16_128,6856533,128
135369220,mqpl_4_16_128,6858982,128
133228450,mqpl_4_16_256,6852197,128
130212166,mqpl_4_16_256,6858008,128
133214982,mqpl_4_16_256,6861718,128
127992820,mqpl_4_16_256,6856579,128
133600046,mqpl_4_16_256,6862063,128
131659752,mqpl_4_16_512,6863231,128
132239360,mqpl_4_16_512,6864030,128
125914344,mqpl_4_16_512,6852955,128
132121708,mqpl_4_16_512,6873929,128
128437264,mqpl_4_16_512,6847619,128
128237610,mqpl_4_16_1024,6858661,128
130655442,mqpl_4_16_1024,6845409,128
129206864,mqpl_4_16_1024,6848136,128
126817676,mqpl_4_16_1024,6841889,128
127741308,mqpl_4_16_1024,6846971,128
273804604,mqpl_4_32_1,6482702,128
284466406,mqpl_4_32_1,6479626,128
276922700,mqpl_4_32_1,6481392,128
276262420,mqpl_4_32_1,6481121,128
266297944,mqpl_4_32_1,6480431,128
199918798,mqpl_4_32_2,6511831,128
199687608,mqpl_4_32_2,6515437,128
203519248,mqpl_4_32_2,6509332,128
202393212,mqpl_4_32_2,6514990,128
195864656,mqpl_4_32_2,6509909,128
162310190,mqpl_4_32_4,6574356,128
160814402,mqpl_4_32_4,6577039,128
163453604,mqpl_4_32_4,6570099,128
161709832,mqpl_4_32_4,6574702,128
165434360,mqpl_4_32_4,6573767,128
140601308,mqpl_4_32_8,6670752,128
144268578,mqpl_4_32_8,6674440,128
142203362,mqpl_4_32_8,6669079,128
143455926,mqpl_4_32_8,6667010,128
139649204,mqpl_4_32_8,6666061,128
130898696,mqpl_4_32_16,6788370,128
131146384,mqpl_4_32_16,6784271,128
131924568,mqpl_4_32_16,6787810,128
134967908,mqpl_4_32_16,6801415,128
130439572,mqpl_4_32_16,6779501,128
127341202,mqpl_4_32_32,6855887,128
129420706,mqpl_4_32_32,6845339,128
127632104,mqpl_4_32_32,6845943,128
128944132,mqpl_4_32_32,6822048,128
132121814,mqpl_4_32_32,6838774,128
130995858,mqpl_4_32_64,6832228,128
126431784,mqpl_4_32_64,6825113,128
126098124,mqpl_4_32_64,6832641,128
129295906,mqpl_4_32_64,6850783,128
125429400,mqpl_4_32_64,6835017,128
133500724,mqpl_4_32_128,6855118,128
132773770,mqpl_4_32_128,6848226,128
129761022,mqpl_4_32_128,6847508,128
134336806,mqpl_4_32_128,6844947,128
129370306,mqpl_4_32_128,6863961,128
129715972,mqpl_4_32_256,6842439,128
126422984,mqpl_4_32_256,6842300,128
130503646,mqpl_4_32_256,6833737,128
127796048,mqpl_4_32_256,6833616,128
126498416,mqpl_4_32_256,6843817,128
128566764,mqpl_4_32_512,6855397,128
132173116,mqpl_4_32_512,6839789,128
127348696,mqpl_4_32_512,6831201,128
131559026,mqpl_4_32_512,6835976,128
130953520,mqpl_4_32_512,6856531,128
133038816,mqpl_4_32_1024,6854096,128
129715924,mqpl_4_32_1024,6861114,128
130456070,mqpl_4_32_1024,6843977,128
132782302,mqpl_4_32_1024,6844215,128
127076950,mqpl_4_32_1024,6848083,128
271674906,mqpl_4_64_1,6479088,128
268090342,mqpl_4_64_1,6478863,128
267858400,mqpl_4_64_1,6481968,128
282401902,mqpl_4_64_1,6482354,128
280432682,mqpl_4_64_1,6482755,128
198019260,mqpl_4_64_2,6506746,128
194992516,mqpl_4_64_2,6514809,128
203358320,mqpl_4_64_2,6510873,128
203457740,mqpl_4_64_2,6509786,128
201202860,mqpl_4_64_2,6514421,128
165973416,mqpl_4_64_4,6575762,128
163207542,mqpl_4_64_4,6571295,128
160237370,mqpl_4_64_4,6569278,128
160508272,mqpl_4_64_4,6568877,128
165414076,mqpl_4_64_4,6566309,128
144039214,mqpl_4_64_8,6664420,128
140332004,mqpl_4_64_8,6664652,128
141206340,mqpl_4_64_8,6670348,128
139944894,mqpl_4_64_8,6663099,128
140078978,mqpl_4_64_8,6670323,128
132267870,mqpl_4_64_16,6782756,128
130307412,mqpl_4_64_16,6779584,128
134944840,mqpl_4_64_16,6776041,128
133449736,mqpl_4_64_16,6788071,128
132896518,mqpl_4_64_16,6781291,128
129660698,mqpl_4_64_32,6851996,128
131021496,mqpl_4_64_32,6846391,128
129938590,mqpl_4_64_32,6847353,128
130479866,mqpl_4_64_32,6855241,128
126108476,mqpl_4_64_32,6837407,128
128918192,mqpl_4_64_64,6845436,128
127322476,mqpl_4_64_64,6837629,128
126138876,mqpl_4_64_64,6821830,128
126430822,mqpl_4_64_64,6820985,128
127816822,mqpl_4_64_64,6838215,128
131452000,mqpl_4_64_128,6857669,128
133796962,mqpl_4_64_128,6842722,128
127967684,mqpl_4_64_128,6830833,128
132087534,mqpl_4_64_128,6828002,128
134214204,mqpl_4_64_128,6844900,128
131979916,mqpl_4_64_256,6843047,128
131692706,mqpl_4_64_256,6838987,128
130965578,mqpl_4_64_256,6818978,128
131459576,mqpl_4_64_256,6854521,128
127751496,mqpl_4_64_256,6842584,128
130183438,mqpl_4_64_512,6834010,128
128523800,mqpl_4_64_512,6846865,128
129326360,mqpl_4_64_512,6834367,128
129228716,mqpl_4_64_512,6848736,128
126941884,mqpl_4_64_512,6836486,128
127666824,mqpl_4_64_1024,6835163,128
127592624,mqpl_4_64_1024,6840103,128
131007292,mqpl_4_64_1024,6849027,128
125425096,mqpl_4_64_1024,6825450,128
128792994,mqpl_4_64_1024,6834660,128
290557674,mqpl_4_128_1,6483188,128
283926500,mqpl_4_128_1,6483394,128
292270024,mqpl_4_128_1,6483914,128
280733054,mqpl_4_128_1,6478231,128
269172550,mqpl_4_128_1,6484015,128
199889370,mqpl_4_128_2,6511408,128
204323516,mqpl_4_128_2,6511072,128
196860504,mqpl_4_128_2,6506837,128
199400442,mqpl_4_128_2,6513762,128
197880002,mqpl_4_128_2,6508164,128
160083294,mqpl_4_128_4,6574355,128
158998424,mqpl_4_128_4,6568151,128
161729466,mqpl_4_128_4,6572516,128
163813638,mqpl_4_128_4,6572990,128
157300392,mqpl_4_128_4,6568741,128
145307268,mqpl_4_128_8,6685492,128
141993608,mqpl_4_128_8,6661558,128
144606090,mqpl_4_128_8,6669500,128
138550350,mqpl_4_128_8,6663184,128
138407036,mqpl_4_128_8,6659111,128
131179218,mqpl_4_128_16,6771774,128
134042714,mqpl_4_128_16,6778000,128
131569346,mqpl_4_128_16,6785046,128
132446088,mqpl_4_128_16,6762680,128
132887654,mqpl_4_128_16,6777143,128
128999144,mqpl_4_128_32,6848110,128
128678062,mqpl_4_128_32,6846748,128
133335194,mqpl_4_128_32,6852688,128
133156086,mqpl_4_128_32,6843121,128
128919924,mqpl_4_128_32,6852141,128
128508538,mqpl_4_128_64,6824840,128
126583492,mqpl_4_128_64,6843336,128
129765854,mqpl_4_128_64,6842251,128
127389750,mqpl_4_128_64,6816359,128
127534394,mqpl_4_128_64,6823588,128
126585454,mqpl_4_128_128,6838201,128
128069228,mqpl_4_128_128,6830935,128
128434436,mqpl_4_128_128,6848769,128
130334216,mqpl_4_128_128,6853781,128
129938692,mqpl_4_128_128,6829940,128
131661048,mqpl_4_128_256,6825769,128
129865750,mqpl_4_128_256,6834752,128
129185010,mqpl_4_128_256,6852092,128
127945270,mqpl_4_128_256,6844041,128
130262258,mqpl_4_128_256,6841587,128
130127014,mqpl_4_128_512,6869835,128
128529812,mqpl_4_128_512,6851793,128
132313656,mqpl_4_128_512,6840558,128
131698594,mqpl_4_128_512,6838097,128
129157206,mqpl_4_128_512,6835966,128
126544786,mqpl_4_128_1024,6835208,128
126580344,mqpl_4_128_1024,6824920,128
125250604,mqpl_4_128_1024,6830830,128
125676794,mqpl_4_128_1024,6842711,128
129439018,mqpl_4_128_1024,6847127,128
285513178,mqpl_4_256_1,6482065,128
274352630,mqpl_4_256_1,6481061,128
287814680,mqpl_4_256_1,6481377,128
271742042,mqpl_4_256_1,6480394,128
269886018,mqpl_4_256_1,6479883,128
196722648,mqpl_4_256_2,6504855,128
200051812,mqpl_4_256_2,6509987,128
198329580,mqpl_4_256_2,6505775,128
198801388,mqpl_4_256_2,6509925,128
201881736,mqpl_4_256_2,6507171,128
163475840,mqpl_4_256_4,6569065,128
159522802,mqpl_4_256_4,6576983,128
165579342,mqpl_4_256_4,6575238,128
160377980,mqpl_4_256_4,6572326,128
164272638,mqpl_4_256_4,6569954,128
137045880,mqpl_4_256_8,6673305,128
142312150,mqpl_4_256_8,6659616,128
139194084,mqpl_4_256_8,6662827,128
143563678,mqpl_4_256_8,6667940,128
140867998,mqpl_4_256_8,6669609,128
132307906,mqpl_4_256_16,6780360,128
134777190,mqpl_4_256_16,6773108,128
128921264,mqpl_4_256_16,6777232,128
132673146,mqpl_4_256_16,6763780,128
130986726,mqpl_4_256_16,6777327,128
131595384,mqpl_4_256_32,6841435,128
125591896,mqpl_4_256_32,6854037,128
126573904,mqpl_4_256_32,6842674,128
124918610,mqpl_4_256_32,6844488,128
128544986,mqpl_4_256_32,6834084,128
130082654,mqpl_4_256_64,6836827,128
128585226,mqpl_4_256_64,6837894,128
127766284,mqpl_4_256_64,6863241,128
128647244,mqpl_4_256_64,6856081,128
130580390,mqpl_4_256_64,6848604,128
131322062,mqpl_4_256_128,6868024,128
132402362,mqpl_4_256_128,6862328,128
131378088,mqpl_4_256_128,6841497,128
133118986,mqpl_4_256_128,6840534,128
132182130,mqpl_4_256_128,6848258,128
128776074,mqpl_4_256_256,6847401,128
126796164,mqpl_4_256_256,6826623,128
125826010,mqpl_4_256_256,6817290,128
127250706,mqpl_4_256_256,6845372,128
126639716,mqpl_4_256_256,6836652,128
127955830,mqpl_4_256_512,6844415,128
130599474,mqpl_4_256_512,6866833,128
133303418,mqpl_4_256_512,6865536,128
128166566,mqpl_4_256_512,6833757,128
132796588,mqpl_4_256_512,6848887,128
125255660,mqpl_4_256_1024,6835552,128
128784458,mqpl_4_256_1024,6844190,128
125112228,mqpl_4_256_1024,6834066,128
127011990,mqpl_4_256_1024,6819781,128
126076694,mqpl_4_256_1024,6825438,128
298130844,mqpl_4_512_1,6483081,128
304273452,mqpl_4_512_1,6483461,128
277240258,mqpl_4_512_1,6482343,128
293122434,mqpl_4_512_1,6483358,128
297045844,mqpl_4_512_1,6482727,128
204851224,mqpl_4_512_2,6512756,128
206364318,mqpl_4_512_2,6505403,128
201610678,mqpl_4_512_2,6513690,128
201831566,mqpl_4_512_2,6509750,128
200026876,mqpl_4_512_2,6511522,128
163268682,mqpl_4_512_4,6568588,128
160578040,mqpl_4_512_4,6567727,128
157759202,mqpl_4_512_4,6579251,128
163447986,mqpl_4_512_4,6576169,128
164483436,mqpl_4_512_4,6570494,128
139488286,mqpl_4_512_8,6665462,128
141824554,mqpl_4_512_8,6663640,128
137870422,mqpl_4_512_8,6670060,128
138557364,mqpl_4_512_8,6658059,128
142454844,mqpl_4_512_8,6661058,128
132942240,mqpl_4_512_16,6774797,128
132239172,mqpl_4_512_16,6776496,128
135917684,mqpl_4_512_16,6785553,128
138028582,mqpl_4_512_16,6773156,128
134204102,mqpl_4_512_16,6778931,128
133436112,mqpl_4_512_32,6863584,128
133177842,mqpl_4_512_32,6837101,128
129095542,mqpl_4_512_32,6840985,128
133235024,mqpl_4_512_32,6841809,128
131115246,mqpl_4_512_32,6847927,128
160175454,mqpl_4_512_64,6854831,128
128888106,mqpl_4_512_64,6835669,128
128899546,mqpl_4_512_64,6835461,128
131557932,mqpl_4_512_64,6842368,128
128614780,mqpl_4_512_64,6841980,128
131501266,mqpl_4_512_128,6830350,128
129207348,mqpl_4_512_128,6840028,128
130546190,mqpl_4_512_128,6827745,128
128905880,mqpl_4_512_128,6835495,128
133543958,mqpl_4_512_128,6834815,128
131073098,mqpl_4_512_256,6845302,128
129099304,mqpl_4_512_256,6832603,128
128571102,mqpl_4_512_256,6853564,128
127932406,mqpl_4_512_256,6847623,128
131121046,mqpl_4_512_256,6843579,128
129382062,mqpl_4_512_512,6832537,128
128344086,mqpl_4_512_512,6827038,128
126692460,mqpl_4_512_512,6833375,128
127165564,mqpl_4_512_512,6816615,128
127715116,mqpl_4_512_512,6839881,128
127941292,mqpl_4_512_1024,6839378,128
126936182,mqpl_4_512_1024,6848896,128
127698596,mqpl_4_512_1024,6832619,128
125821698,mqpl_4_512_1024,6823075,128
128317938,mqpl_4_512_1024,6839448,128
280923014,mqpl_4_1024_1,6480230,128
294340340,mqpl_4_1024_1,6484090,128
277573332,mqpl_4_1024_1,6481636,128
269478538,mqpl_4_1024_1,6481642,128
269573748,mqpl_4_1024_1,6480371,128
198526938,mqpl_4_1024_2,6512010,128
205933424,mqpl_4_1024_2,6512559,128
198003662,mqpl_4_1024_2,6510305,128
201879120,mqpl_4_1024_2,6508015,128
201908622,mqpl_4_1024_2,6511886,128
159360316,mqpl_4_1024_4,6567429,128
161979426,mqpl_4_1024_4,6567224,128
160291546,mqpl_4_1024_4,6573041,128
162954908,mqpl_4_1024_4,6568841,128
162756090,mqpl_4_1024_4,6568976,128
140201726,mqpl_4_1024_8,6666823,128
140692688,mqpl_4_1024_8,6666821,128
139572058,mqpl_4_1024_8,6671772,128
141120964,mqpl_4_1024_8,6667037,128
140488268,mqpl_4_1024_8,6656870,128
130856760,mqpl_4_1024_16,6770113,128
134631566,mqpl_4_1024_16,6786887,128
130968042,mqpl_4_1024_16,6773201,128
129835414,mqpl_4_1024_16,6776887,128
134006912,mqpl_4_1024_16,6779574,128
131452338,mqpl_4_1024_32,6859695,128
130202828,mqpl_4_1024_32,6835754,128
131404604,mqpl_4_1024_32,6838153,128
129089072,mqpl_4_1024_32,6853748,128
128110722,mqpl_4_1024_32,6830960,128
129139736,mqpl_4_1024_64,6833690,128
129630522,mqpl_4_1024_64,6839316,128
126502198,mqpl_4_1024_64,6851957,128
128077002,mqpl_4_1024_64,6849850,128
126229384,mqpl_4_1024_64,6821883,128
131478770,mqpl_4_1024_128,6829417,128
127984806,mqpl_4_1024_128,6825327,128
128073862,mqpl_4_1024_128,6837103,128
126491776,mqpl_4_1024_128,6832858,128
129811244,mqpl_4_1024_128,6828023,128
127173758,mqpl_4_1024_256,6842244,128
128807474,mqpl_4_1024_256,6840652,128
126849830,mqpl_4_1024_256,6856546,128
130131076,mqpl_4_1024_256,6850867,128
130538358,mqpl_4_1024_256,6844706,128
124305394,mqpl_4_1024_512,6827904,128
126036732,mqpl_4_1024_512,6835657,128
127551214,mqpl_4_1024_512,6836602,128
131069338,mqpl_4_1024_512,6858092,128
124951152,mqpl_4_1024_512,6831303,128
126284562,mqpl_4_1024_1024,6848765,128
127899808,mqpl_4_1024_1024,6840070,128
130504748,mqpl_4_1024_1024,6851490,128
129362720,mqpl_4_1024_1024,6825761,128
126533910,mqpl_4_1024_1024,6835343,128
