13591982284,mqpl_4_1_1,47943066,128,0
12746210694,mqpl_4_1_1,47926513,128,0
12443177810,mqpl_4_1_1,47927317,128,0
12669618816,mqpl_4_1_1,47927116,128,0
12605376050,mqpl_4_1_1,47933438,128,0
14957269026,mqpl_4_1_2,47971718,128,0
12482301240,mqpl_4_1_2,47937829,128,0
13702590160,mqpl_4_1_2,47959467,128,0
12279960098,mqpl_4_1_2,47937810,128,0
14128733150,mqpl_4_1_2,47946782,128,0
13480621868,mqpl_4_1_4,47971172,128,0
13789067638,mqpl_4_1_4,47972479,128,0
12623973534,mqpl_4_1_4,47968953,128,0
11750000414,mqpl_4_1_4,47945710,128,0
12988105374,mqpl_4_1_4,47969251,128,0
12100408858,mqpl_4_1_8,47956994,128,0
13167966808,mqpl_4_1_8,47963484,128,0
12926565228,mqpl_4_1_8,47962546,128,0
17251438228,mqpl_4_1_8,47953068,128,0
11536752682,mqpl_4_1_8,47947649,128,0
14356111174,mqpl_4_1_16,47998929,128,0
13425274214,mqpl_4_1_16,47979123,128,0
12954050742,mqpl_4_1_16,47967259,128,0
14719334340,mqpl_4_1_16,47988655,128,0
15517033594,mqpl_4_1_16,47989274,128,0
12377797234,mqpl_4_1_32,47965833,128,0
14471231450,mqpl_4_1_32,48004633,128,0
12087232774,mqpl_4_1_32,47960621,128,0
11556693136,mqpl_4_1_32,47956427,128,0
11733350616,mqpl_4_1_32,47980093,128,0
11621500106,mqpl_4_1_64,47956815,128,0
13319259772,mqpl_4_1_64,47968055,128,0
12131084860,mqpl_4_1_64,47962154,128,0
12119432878,mqpl_4_1_64,47957788,128,0
12977857082,mqpl_4_1_64,47982574,128,0
11472378244,mqpl_4_1_128,47964214,128,0
12960913112,mqpl_4_1_128,47977586,128,0
13405369732,mqpl_4_1_128,47990072,128,0
11770857878,mqpl_4_1_128,47966919,128,0
13057457814,mqpl_4_1_128,47971886,128,0
12204828040,mqpl_4_1_256,47975834,128,0
12320744786,mqpl_4_1_256,47977551,128,0
12938768858,mqpl_4_1_256,47969594,128,0
13280751740,mqpl_4_1_256,47969393,128,0
12040105230,mqpl_4_1_256,47965260,128,0
13819648582,mqpl_4_1_512,48001254,128,0
14168684694,mqpl_4_1_512,47993014,128,0
12086734738,mqpl_4_1_512,47971947,128,0
12915214534,mqpl_4_1_512,47992274,128,0
11725467858,mqpl_4_1_512,47978002,128,0
12746443484,mqpl_4_1_1024,47976412,128,0
15969489040,mqpl_4_1_1024,48024794,128,0
12393913004,mqpl_4_1_1024,47989472,128,0
11876775814,mqpl_4_1_1024,47983941,128,0
12598671008,mqpl_4_1_1024,47994622,128,0
13454443372,mqpl_4_2_1,48084960,128,0
13577073996,mqpl_4_2_1,48090772,128,0
12959907476,mqpl_4_2_1,48085329,128,0
12959215428,mqpl_4_2_1,48089535,128,0
14246306458,mqpl_4_2_1,48088181,128,0
15832422126,mqpl_4_2_2,48025415,128,0
12931022672,mqpl_4_2_2,48056280,128,0
12159196334,mqpl_4_2_2,48049340,128,0
12620081610,mqpl_4_2_2,48051699,128,0
12200817488,mqpl_4_2_2,48056568,128,0
13311967036,mqpl_4_2_4,48004572,128,0
11820990058,mqpl_4_2_4,48002840,128,0
12537670070,mqpl_4_2_4,48013891,128,0
11679450622,mqpl_4_2_4,48009548,128,0
11433113084,mqpl_4_2_4,47999395,128,0
12648727564,mqpl_4_2_8,47980957,128,0
12345278138,mqpl_4_2_8,47983755,128,0
11589067536,mqpl_4_2_8,47984767,128,0
11477183702,mqpl_4_2_8,47983298,128,0
12859761468,mqpl_4_2_8,47973055,128,0
15165291394,mqpl_4_2_16,48009701,128,0
15432269640,mqpl_4_2_16,47996051,128,0
14215515136,mqpl_4_2_16,47993323,128,0
14572708228,mqpl_4_2_16,48004522,128,0
13397352836,mqpl_4_2_16,47982534,128,0
11623417566,mqpl_4_2_32,47962687,128,0
12456240046,mqpl_4_2_32,47965090,128,0
12546612866,mqpl_4_2_32,47967068,128,0
11880076666,mqpl_4_2_32,47964327,128,0
13507947860,mqpl_4_2_32,47983213,128,0
14810212112,mqpl_4_2_64,48002673,128,0
12853170314,mqpl_4_2_64,47976705,128,0
12060517796,mqpl_4_2_64,47960725,128,0
11869823788,mqpl_4_2_64,47961599,128,0
11315995268,mqpl_4_2_64,47961039,128,0
12517617852,mqpl_4_2_128,47970463,128,0
11906357432,mqpl_4_2_128,47965128,128,0
14829214808,mqpl_4_2_128,47985222,128,0
11301536240,mqpl_4_2_128,47964293,128,0
12830187048,mqpl_4_2_128,47977244,128,0
13170121702,mqpl_4_2_256,47985779,128,0
15124768896,mqpl_4_2_256,48010579,128,0
14602619168,mqpl_4_2_256,47986431,128,0
13862398326,mqpl_4_2_256,47987334,128,0
13591875598,mqpl_4_2_256,47972734,128,0
15824461772,mqpl_4_2_512,47988364,128,0
12838373416,mqpl_4_2_512,47974800,128,0
16225060412,mqpl_4_2_512,48036858,128,0
12957328988,mqpl_4_2_512,47995541,128,0
14185811210,mqpl_4_2_512,47996627,128,0
13725460810,mqpl_4_2_1024,47994713,128,0
12664821764,mqpl_4_2_1024,47991603,128,0
13720256700,mqpl_4_2_1024,48004934,128,0
12419604574,mqpl_4_2_1024,47982514,128,0
13841877504,mqpl_4_2_1024,47981280,128,0
16321310616,mqpl_4_4_1,48192441,128,0
13250378000,mqpl_4_4_1,48198176,128,0
13431968668,mqpl_4_4_1,48199046,128,0
13520225552,mqpl_4_4_1,48191795,128,0
14182552362,mqpl_4_4_1,48199232,128,0
12070345726,mqpl_4_4_2,48137644,128,0
16313381978,mqpl_4_4_2,48138824,128,0
13289322360,mqpl_4_4_2,48147649,128,0
13024128070,mqpl_4_4_2,48156736,128,0
11943889354,mqpl_4_4_2,48145353,128,0
12305204898,mqpl_4_4_4,48053887,128,0
12520719486,mqpl_4_4_4,48065511,128,0
13439334822,mqpl_4_4_4,48064198,128,0
12613351724,mqpl_4_4_4,48058912,128,0
12790361580,mqpl_4_4_4,48062683,128,0
13614529122,mqpl_4_4_8,48021662,128,0
11564756420,mqpl_4_4_8,48011120,128,0
12079608322,mqpl_4_4_8,48012226,128,0
12229157040,mqpl_4_4_8,48017355,128,0
12688580078,mqpl_4_4_8,48015330,128,0
13931273106,mqpl_4_4_16,48004783,128,0
14292841736,mqpl_4_4_16,48006089,128,0
15016092222,mqpl_4_4_16,48022644,128,0
12716593124,mqpl_4_4_16,47993339,128,0
15261721044,mqpl_4_4_16,48013146,128,0
12956162788,mqpl_4_4_32,47994592,128,0
11095882532,mqpl_4_4_32,47969305,128,0
13079057062,mqpl_4_4_32,47974602,128,0
11952035624,mqpl_4_4_32,47975609,128,0
11183731904,mqpl_4_4_32,47968866,128,0
12953674564,mqpl_4_4_64,47968571,128,0
11407930346,mqpl_4_4_64,47966356,128,0
11731143978,mqpl_4_4_64,47960245,128,0
11603281096,mqpl_4_4_64,47971237,128,0
12273520734,mqpl_4_4_64,47975922,128,0
11841891566,mqpl_4_4_128,47960889,128,0
11445910174,mqpl_4_4_128,47965448,128,0
12976730030,mqpl_4_4_128,47965280,128,0
11982779146,mqpl_4_4_128,47975711,128,0
12392698134,mqpl_4_4_128,47977923,128,0
12447910130,mqpl_4_4_256,47969956,128,0
13007618422,mqpl_4_4_256,47978671,128,0
11612144018,mqpl_4_4_256,47974181,128,0
12049170790,mqpl_4_4_256,47970480,128,0
13410788846,mqpl_4_4_256,47978860,128,0
13041142872,mqpl_4_4_512,47975068,128,0
12126590768,mqpl_4_4_512,47986874,128,0
11611052828,mqpl_4_4_512,47978364,128,0
12129303720,mqpl_4_4_512,47984570,128,0
13511609592,mqpl_4_4_512,47986962,128,0
12705226244,mqpl_4_4_1024,47992134,128,0
16363458186,mqpl_4_4_1024,48032474,128,0
13785004920,mqpl_4_4_1024,48000912,128,0
12869095804,mqpl_4_4_1024,47994015,128,0
13949878244,mqpl_4_4_1024,47996324,128,0
12426704064,mqpl_4_8_1,48270761,128,0
13664506248,mqpl_4_8_1,48280698,128,0
13410299228,mqpl_4_8_1,48268875,128,0
12451536390,mqpl_4_8_1,48263517,128,0
13023324014,mqpl_4_8_1,48264838,128,0
13199375190,mqpl_4_8_2,48195846,128,0
12600967254,mqpl_4_8_2,48171140,128,0
12758697570,mqpl_4_8_2,48202291,128,0
13169688316,mqpl_4_8_2,48198401,128,0
12045390702,mqpl_4_8_2,48200508,128,0
13060243400,mqpl_4_8_4,48117642,128,0
12546776242,mqpl_4_8_4,48107042,128,0
11808266648,mqpl_4_8_4,48086180,128,0
12008392912,mqpl_4_8_4,48105387,128,0
13226887004,mqpl_4_8_4,48097202,128,0
11767911622,mqpl_4_8_8,48024494,128,0
11153142970,mqpl_4_8_8,48033225,128,0
12279977196,mqpl_4_8_8,48027951,128,0
12592419514,mqpl_4_8_8,48035313,128,0
11811830840,mqpl_4_8_8,48030453,128,0
12490557850,mqpl_4_8_16,48005759,128,0
12672013258,mqpl_4_8_16,48008975,128,0
13456135302,mqpl_4_8_16,47993134,128,0
12755867908,mqpl_4_8_16,47999853,128,0
15124415684,mqpl_4_8_16,48034072,128,0
11760223362,mqpl_4_8_32,47970917,128,0
11201866034,mqpl_4_8_32,47972373,128,0
12173100056,mqpl_4_8_32,47981276,128,0
11695206172,mqpl_4_8_32,47982896,128,0
13610736236,mqpl_4_8_32,48003914,128,0
12064083672,mqpl_4_8_64,47966827,128,0
11955701252,mqpl_4_8_64,47969168,128,0
11623179506,mqpl_4_8_64,47974480,128,0
11729271632,mqpl_4_8_64,47979818,128,0
12614718240,mqpl_4_8_64,47987396,128,0
11785623264,mqpl_4_8_128,47969882,128,0
12084271870,mqpl_4_8_128,47963946,128,0
12254153618,mqpl_4_8_128,47968773,128,0
12472304212,mqpl_4_8_128,47985755,128,0
11712821560,mqpl_4_8_128,47974011,128,0
12054618018,mqpl_4_8_256,47972189,128,0
11719019390,mqpl_4_8_256,47973185,128,0
12421368904,mqpl_4_8_256,47974099,128,0
14884124402,mqpl_4_8_256,48013802,128,0
12159347798,mqpl_4_8_256,47974355,128,0
13878840612,mqpl_4_8_512,47989394,128,0
11816185708,mqpl_4_8_512,47983319,128,0
12651666018,mqpl_4_8_512,47985291,128,0
12743923368,mqpl_4_8_512,47992143,128,0
12707759396,mqpl_4_8_512,47979464,128,0
13374877402,mqpl_4_8_1024,48004192,128,0
12340607146,mqpl_4_8_1024,47979168,128,0
12648400986,mqpl_4_8_1024,48002229,128,0
13557682802,mqpl_4_8_1024,48000308,128,0
14528176326,mqpl_4_8_1024,48013648,128,0
13382495576,mqpl_4_16_1,48313801,128,0
13146665756,mqpl_4_16_1,48297793,128,0
13703663906,mqpl_4_16_1,48302211,128,0
13084811496,mqpl_4_16_1,48310766,128,0
13687566652,mqpl_4_16_1,48291226,128,0
12847070402,mqpl_4_16_2,48251347,128,0
12804058060,mqpl_4_16_2,48256071,128,0
13432350720,mqpl_4_16_2,48250279,128,0
12460297722,mqpl_4_16_2,48245124,128,0
12286222752,mqpl_4_16_2,48201049,128,0
12116784912,mqpl_4_16_4,48129666,128,0
12114651656,mqpl_4_16_4,48127156,128,0
12147443554,mqpl_4_16_4,48145208,128,0
12413890744,mqpl_4_16_4,48130314,128,0
11710572748,mqpl_4_16_4,48136917,128,0
11939902078,mqpl_4_16_8,48050682,128,0
12181848836,mqpl_4_16_8,48050686,128,0
12789551020,mqpl_4_16_8,48068568,128,0
11735190702,mqpl_4_16_8,48066137,128,0
12126888072,mqpl_4_16_8,48071909,128,0
14824794220,mqpl_4_16_16,48034699,128,0
12551108040,mqpl_4_16_16,48028653,128,0
13340473728,mqpl_4_16_16,48034242,128,0
11920661184,mqpl_4_16_16,48015338,128,0
15445990602,mqpl_4_16_16,48054373,128,0
12729388972,mqpl_4_16_32,48003398,128,0
11206813986,mqpl_4_16_32,47974414,128,0
12313805248,mqpl_4_16_32,47999584,128,0
12658085056,mqpl_4_16_32,47982452,128,0
11696361200,mqpl_4_16_32,47992738,128,0
12667658402,mqpl_4_16_64,47989777,128,0
15468921430,mqpl_4_16_64,47987678,128,0
12119173860,mqpl_4_16_64,47986657,128,0
13212424116,mqpl_4_16_64,47999901,128,0
13459635062,mqpl_4_16_64,47987148,128,0
14117420990,mqpl_4_16_128,47983630,128,0
11893517270,mqpl_4_16_128,47974180,128,0
11525139338,mqpl_4_16_128,47967753,128,0
11625214116,mqpl_4_16_128,47965877,128,0
14339316752,mqpl_4_16_128,48003259,128,0
12944282110,mqpl_4_16_256,47994050,128,0
12536144978,mqpl_4_16_256,47985018,128,0
11473115462,mqpl_4_16_256,47982742,128,0
11355315104,mqpl_4_16_256,47975100,128,0
12715818368,mqpl_4_16_256,47970177,128,0
14045932584,mqpl_4_16_512,48008781,128,0
13145891598,mqpl_4_16_512,48009237,128,0
12383143726,mqpl_4_16_512,47977052,128,0
12874981576,mqpl_4_16_512,47983522,128,0
12826247076,mqpl_4_16_512,47994111,128,0
13009623378,mqpl_4_16_1024,47996704,128,0
13567992988,mqpl_4_16_1024,48011057,128,0
11747763846,mqpl_4_16_1024,47984199,128,0
12234798660,mqpl_4_16_1024,47991778,128,0
12559374598,mqpl_4_16_1024,47997218,128,0
13240797152,mqpl_4_32_1,48355165,128,0
13544026358,mqpl_4_32_1,48332182,128,0
12428258654,mqpl_4_32_1,48334824,128,0
13431075976,mqpl_4_32_1,48336086,128,0
13224195984,mqpl_4_32_1,48341698,128,0
12381203250,mqpl_4_32_2,48267700,128,0
12537331442,mqpl_4_32_2,48277867,128,0
11989635920,mqpl_4_32_2,48273236,128,0
11749479096,mqpl_4_32_2,48268833,128,0
12571390244,mqpl_4_32_2,48247472,128,0
12565179160,mqpl_4_32_4,48150696,128,0
12816105876,mqpl_4_32_4,48167068,128,0
13197168870,mqpl_4_32_4,48168149,128,0
11536401608,mqpl_4_32_4,48167039,128,0
12597544042,mqpl_4_32_4,48173225,128,0
12072973484,mqpl_4_32_8,48069586,128,0
11229344134,mqpl_4_32_8,48074231,128,0
11857608754,mqpl_4_32_8,48087187,128,0
12314242106,mqpl_4_32_8,48071448,128,0
12849488270,mqpl_4_32_8,48043700,128,0
12110481488,mqpl_4_32_16,48028637,128,0
12467832458,mqpl_4_32_16,48024330,128,0
11838912204,mqpl_4_32_16,48027239,128,0
13287365526,mqpl_4_32_16,48035191,128,0
14151703610,mqpl_4_32_16,48025175,128,0
12295582926,mqpl_4_32_32,48015792,128,0
14016032612,mqpl_4_32_32,48019584,128,0
11340636772,mqpl_4_32_32,47989179,128,0
12000197276,mqpl_4_32_32,48001373,128,0
12029608664,mqpl_4_32_32,48001849,128,0
11343127992,mqpl_4_32_64,47974857,128,0
11744358788,mqpl_4_32_64,47983064,128,0
13221084266,mqpl_4_32_64,47993234,128,0
11694935692,mqpl_4_32_64,47983734,128,0
12748584716,mqpl_4_32_64,47977653,128,0
16094057220,mqpl_4_32_128,47964331,128,0
11688523828,mqpl_4_32_128,47967901,128,0
12099631748,mqpl_4_32_128,47979629,128,0
11395816612,mqpl_4_32_128,47969078,128,0
11654603810,mqpl_4_32_128,47975112,128,0
12094016612,mqpl_4_32_256,47977431,128,0
11868613026,mqpl_4_32_256,47983194,128,0
12053650886,mqpl_4_32_256,47981562,128,0
11968960058,mqpl_4_32_256,47965971,128,0
12953663532,mqpl_4_32_256,47989523,128,0
13138733820,mqpl_4_32_512,47995757,128,0
11756573196,mqpl_4_32_512,47983625,128,0
13501707576,mqpl_4_32_512,48001191,128,0
13834865382,mqpl_4_32_512,48014724,128,0
14736700778,mqpl_4_32_512,48009791,128,0
12508787914,mqpl_4_32_1024,47999852,128,0
12110887116,mqpl_4_32_1024,47986019,128,0
12430201922,mqpl_4_32_1024,47994382,128,0
13597525328,mqpl_4_32_1024,48003425,128,0
11938683788,mqpl_4_32_1024,48000640,128,0
12976747926,mqpl_4_64_1,48352510,128,0
14950611432,mqpl_4_64_1,48364340,128,0
12464070248,mqpl_4_64_1,48303879,128,0
12633288542,mqpl_4_64_1,48345685,128,0
12771353560,mqpl_4_64_1,48346271,128,0
13232021954,mqpl_4_64_2,48266517,128,0
12469685812,mqpl_4_64_2,48289128,128,0
13122131136,mqpl_4_64_2,48276060,128,0
12903077700,mqpl_4_64_2,48272747,128,0
12300617230,mqpl_4_64_2,48293754,128,0
12934046202,mqpl_4_64_4,48186162,128,0
13170491014,mqpl_4_64_4,48163959,128,0
12925596010,mqpl_4_64_4,48180284,128,0
12703500714,mqpl_4_64_4,48183947,128,0
11770821198,mqpl_4_64_4,48191249,128,0
13642170160,mqpl_4_64_8,48131253,128,0
15869550342,mqpl_4_64_8,48128416,128,0
13348934676,mqpl_4_64_8,48100012,128,0
11577308216,mqpl_4_64_8,48098445,128,0
12782502082,mqpl_4_64_8,48094094,128,0
12307464468,mqpl_4_64_16,48048264,128,0
11596778604,mqpl_4_64_16,48034616,128,0
12681894240,mqpl_4_64_16,48059332,128,0
11603075458,mqpl_4_64_16,48034349,128,0
13334137408,mqpl_4_64_16,48052110,128,0
12823398616,mqpl_4_64_32,47986993,128,0
11225142746,mqpl_4_64_32,47996377,128,0
12166547798,mqpl_4_64_32,48009604,128,0
12199064684,mqpl_4_64_32,48005754,128,0
12475461240,mqpl_4_64_32,48005332,128,0
11914239066,mqpl_4_64_64,47988623,128,0
12160188230,mqpl_4_64_64,47976440,128,0
11501416250,mqpl_4_64_64,47984338,128,0
11231089764,mqpl_4_64_64,47977869,128,0
11550485980,mqpl_4_64_64,47985586,128,0
11348169134,mqpl_4_64_128,47972336,128,0
11092072772,mqpl_4_64_128,47973333,128,0
11662898070,mqpl_4_64_128,47985739,128,0
11487609730,mqpl_4_64_128,47971413,128,0
12334053558,mqpl_4_64_128,47982612,128,0
14722480214,mqpl_4_64_256,48006769,128,0
11901765430,mqpl_4_64_256,47971431,128,0
12725570668,mqpl_4_64_256,47980231,128,0
14514060420,mqpl_4_64_256,47984829,128,0
14901468830,mqpl_4_64_256,47991958,128,0
15758288526,mqpl_4_64_512,48011578,128,0
12130398934,mqpl_4_64_512,47982669,128,0
13565102218,mqpl_4_64_512,48013518,128,0
11896439800,mqpl_4_64_512,47983405,128,0
13959467386,mqpl_4_64_512,48016325,128,0
12543403346,mqpl_4_64_1024,47994948,128,0
14078635920,mqpl_4_64_1024,48016363,128,0
14075463666,mqpl_4_64_1024,48016985,128,0
12373951920,mqpl_4_64_1024,47985736,128,0
15499904308,mqpl_4_64_1024,48040392,128,0
13526289044,mqpl_4_128_1,48340157,128,0
13832355976,mqpl_4_128_1,48347588,128,0
12290670984,mqpl_4_128_1,48364650,128,0
13973979938,mqpl_4_128_1,48362802,128,0
13036797432,mqpl_4_128_1,48349351,128,0
12382485200,mqpl_4_128_2,48271204,128,0
12382846468,mqpl_4_128_2,48304157,128,0
11794121110,mqpl_4_128_2,48285110,128,0
12402055412,mqpl_4_128_2,48288847,128,0
12531991794,mqpl_4_128_2,48297141,128,0
12012104268,mqpl_4_128_4,48173783,128,0
12584900946,mqpl_4_128_4,48198674,128,0
12633554196,mqpl_4_128_4,48185485,128,0
12327133852,mqpl_4_128_4,48197951,128,0
12660593488,mqpl_4_128_4,48199432,128,0
12103639676,mqpl_4_128_8,48094833,128,0
13835207566,mqpl_4_128_8,48111917,128,0
11651566566,mqpl_4_128_8,48089911,128,0
11476922358,mqpl_4_128_8,48100288,128,0
11577345250,mqpl_4_128_8,48082795,128,0
13055296002,mqpl_4_128_16,48037572,128,0
12633644252,mqpl_4_128_16,48035373,128,0
12982554970,mqpl_4_128_16,48058054,128,0
11375771514,mqpl_4_128_16,48046174,128,0
11910920798,mqpl_4_128_16,48032210,128,0
12300685540,mqpl_4_128_32,48024924,128,0
11867907586,mqpl_4_128_32,47998551,128,0
11433327020,mqpl_4_128_32,48009235,128,0
12680808702,mqpl_4_128_32,47999060,128,0
10979463582,mqpl_4_128_32,48000548,128,0
12538421046,mqpl_4_128_64,47994320,128,0
11534406894,mqpl_4_128_64,47982051,128,0
12437437098,mqpl_4_128_64,47990505,128,0
11797173018,mqpl_4_128_64,47983186,128,0
13616891906,mqpl_4_128_64,48016390,128,0
12088701558,mqpl_4_128_128,47969236,128,0
11946168186,mqpl_4_128_128,47980000,128,0
12113624566,mqpl_4_128_128,47976399,128,0
12593859148,mqpl_4_128_128,47988214,128,0
11373504800,mqpl_4_128_128,47982210,128,0
13582862834,mqpl_4_128_256,47978000,128,0
12350761452,mqpl_4_128_256,47975541,128,0
12123847366,mqpl_4_128_256,47981721,128,0
14627411682,mqpl_4_128_256,48015306,128,0
12825186580,mqpl_4_128_256,47983281,128,0
14037844946,mqpl_4_128_512,47986925,128,0
13016993216,mqpl_4_128_512,47994119,128,0
12409006790,mqpl_4_128_512,47991903,128,0
12686710812,mqpl_4_128_512,47999941,128,0
13153416168,mqpl_4_128_512,47994440,128,0
13127175702,mqpl_4_128_1024,47995967,128,0
11985325406,mqpl_4_128_1024,47994899,128,0
15768045604,mqpl_4_128_1024,48034223,128,0
13195149388,mqpl_4_128_1024,48006874,128,0
12453302496,mqpl_4_128_1024,47986307,128,0
13569347766,mqpl_4_256_1,48357740,128,0
12490304158,mqpl_4_256_1,48358123,128,0
13147449000,mqpl_4_256_1,48354202,128,0
14147727892,mqpl_4_256_1,48360169,128,0
12863323876,mqpl_4_256_1,48366297,128,0
12894391574,mqpl_4_256_2,48285302,128,0
11661587878,mqpl_4_256_2,48297035,128,0
13196963772,mqpl_4_256_2,48291474,128,0
12141049444,mqpl_4_256_2,48303202,128,0
13580121924,mqpl_4_256_2,48275280,128,0
12102256272,mqpl_4_256_4,48206209,128,0
12763356994,mqpl_4_256_4,48196098,128,0
12890159844,mqpl_4_256_4,48184251,128,0
11814232674,mqpl_4_256_4,48178389,128,0
13800418186,mqpl_4_256_4,48197222,128,0
11627250966,mqpl_4_256_8,48089080,128,0
12011764150,mqpl_4_256_8,48121376,128,0
11474140468,mqpl_4_256_8,48109701,128,0
12323210012,mqpl_4_256_8,48106909,128,0
12159888420,mqpl_4_256_8,48118178,128,0
13445223154,mqpl_4_256_16,48058614,128,0
13066714728,mqpl_4_256_16,48044790,128,0
13251581860,mqpl_4_256_16,48066625,128,0
12596548754,mqpl_4_256_16,48056461,128,0
12165194384,mqpl_4_256_16,48040712,128,0
11482830684,mqpl_4_256_32,48009005,128,0
11192867004,mqpl_4_256_32,48008046,128,0
12648345282,mqpl_4_256_32,48004562,128,0
11486060944,mqpl_4_256_32,48007013,128,0
12602260988,mqpl_4_256_32,48007544,128,0
10813072148,mqpl_4_256_64,47977403,128,0
12795083344,mqpl_4_256_64,48008257,128,0
12052350430,mqpl_4_256_64,47998740,128,0
11301062768,mqpl_4_256_64,47982783,128,0
11170373172,mqpl_4_256_64,47990772,128,0
11467529036,mqpl_4_256_128,47981368,128,0
11200013502,mqpl_4_256_128,47977469,128,0
11749484902,mqpl_4_256_128,47980553,128,0
11036392198,mqpl_4_256_128,47975582,128,0
11286744090,mqpl_4_256_128,47985138,128,0
13482647050,mqpl_4_256_256,48005301,128,0
12077489970,mqpl_4_256_256,47976280,128,0
11443777646,mqpl_4_256_256,47983494,128,0
13600411052,mqpl_4_256_256,48006971,128,0
12409937676,mqpl_4_256_256,47985347,128,0
12581209560,mqpl_4_256_512,47996410,128,0
11806829808,mqpl_4_256_512,47986517,128,0
12301052118,mqpl_4_256_512,47978865,128,0
12872260078,mqpl_4_256_512,47991170,128,0
11803881872,mqpl_4_256_512,47988699,128,0
12359514590,mqpl_4_256_1024,47996532,128,0
12728674662,mqpl_4_256_1024,48008275,128,0
12245887472,mqpl_4_256_1024,47996834,128,0
12056022530,mqpl_4_256_1024,48001682,128,0
13677807426,mqpl_4_256_1024,48023986,128,0
12708496380,mqpl_4_512_1,48371861,128,0
13894860828,mqpl_4_512_1,48366328,128,0
12198007842,mqpl_4_512_1,48368863,128,0
14469314002,mqpl_4_512_1,48356247,128,0
13469158694,mqpl_4_512_1,48361643,128,0
11862276690,mqpl_4_512_2,48294611,128,0
13530246160,mqpl_4_512_2,48295903,128,0
12265304254,mqpl_4_512_2,48291292,128,0
12001145870,mqpl_4_512_2,48290926,128,0
12450301914,mqpl_4_512_2,48296680,128,0
11860995848,mqpl_4_512_4,48182550,128,0
11534469906,mqpl_4_512_4,48180399,128,0
11654077556,mqpl_4_512_4,48179032,128,0
12072171898,mqpl_4_512_4,48192559,128,0
11368129792,mqpl_4_512_4,48194095,128,0
12699518646,mqpl_4_512_8,48111385,128,0
10969327162,mqpl_4_512_8,48100184,128,0
12681835684,mqpl_4_512_8,48100654,128,0
11468020936,mqpl_4_512_8,48111703,128,0
11440922668,mqpl_4_512_8,48099440,128,0
12626323474,mqpl_4_512_16,48060112,128,0
12099199300,mqpl_4_512_16,48052641,128,0
11083880734,mqpl_4_512_16,48054559,128,0
11937335956,mqpl_4_512_16,48051404,128,0
11264718892,mqpl_4_512_16,48053291,128,0
11050296004,mqpl_4_512_32,48014806,128,0
11306530648,mqpl_4_512_32,48005351,128,0
10565964550,mqpl_4_512_32,47999516,128,0
13477319880,mqpl_4_512_32,48048765,128,0
12618942420,mqpl_4_512_32,48026956,128,0
11715648042,mqpl_4_512_64,47983768,128,0
11139765050,mqpl_4_512_64,47977192,128,0
12567232334,mqpl_4_512_64,48011953,128,0
11760163588,mqpl_4_512_64,47994752,128,0
12499799260,mqpl_4_512_64,48003405,128,0
10925562850,mqpl_4_512_128,47975896,128,0
12837066516,mqpl_4_512_128,47980979,128,0
11453080480,mqpl_4_512_128,47973313,128,0
10910992492,mqpl_4_512_128,47974640,128,0
13076453654,mqpl_4_512_128,48008785,128,0
12825243886,mqpl_4_512_256,47991945,128,0
13945224384,mqpl_4_512_256,48004606,128,0
12063433744,mqpl_4_512_256,47991227,128,0
12226213536,mqpl_4_512_256,47988636,128,0
13345161828,mqpl_4_512_256,47982970,128,0
12381524340,mqpl_4_512_512,47991818,128,0
13312928762,mqpl_4_512_512,47998049,128,0
11962649752,mqpl_4_512_512,47991789,128,0
12273390302,mqpl_4_512_512,47986526,128,0
12579326870,mqpl_4_512_512,47998963,128,0
12048952730,mqpl_4_512_1024,48017317,128,0
13424747860,mqpl_4_512_1024,48014063,128,0
11602033124,mqpl_4_512_1024,47991526,128,0
14682864718,mqpl_4_512_1024,48017578,128,0
12639597630,mqpl_4_512_1024,47998328,128,0
12550093152,mqpl_4_1024_1,48382300,128,0
12763186988,mqpl_4_1024_1,48365097,128,0
12556429054,mqpl_4_1024_1,48371815,128,0
13666103146,mqpl_4_1024_1,48379236,128,0
12158881518,mqpl_4_1024_1,48369513,128,0
12363658016,mqpl_4_1024_2,48293080,128,0
12075958724,mqpl_4_1024_2,48292275,128,0
12757242020,mqpl_4_1024_2,48298652,128,0
12215024828,mqpl_4_1024_2,48299984,128,0
12146070870,mqpl_4_1024_2,48296368,128,0
10879238588,mqpl_4_1024_4,48190903,128,0
11595857672,mqpl_4_1024_4,48184558,128,0
12368276122,mqpl_4_1024_4,48187387,128,0
10751541510,mqpl_4_1024_4,48188903,128,0
12051823786,mqpl_4_1024_4,48194389,128,0
11888876096,mqpl_4_1024_8,48104286,128,0
14340257730,mqpl_4_1024_8,48154559,128,0
10966872412,mqpl_4_1024_8,48107015,128,0
12927096008,mqpl_4_1024_8,48125968,128,0
12055440700,mqpl_4_1024_8,48111962,128,0
10662721652,mqpl_4_1024_16,48040676,128,0
12112775322,mqpl_4_1024_16,48062913,128,0
11182925638,mqpl_4_1024_16,48053758,128,0
11751618566,mqpl_4_1024_16,48040134,128,0
12087804428,mqpl_4_1024_16,48068690,128,0
12531977790,mqpl_4_1024_32,48036391,128,0
10391983528,mqpl_4_1024_32,48005138,128,0
11651489596,mqpl_4_1024_32,48000630,128,0
11284497752,mqpl_4_1024_32,48013870,128,0
12339045092,mqpl_4_1024_32,48028631,128,0
12529416596,mqpl_4_1024_64,47991394,128,0
13093284008,mqpl_4_1024_64,48023888,128,0
11736401932,mqpl_4_1024_64,47991736,128,0
10721380424,mqpl_4_1024_64,47990007,128,0
13160180468,mqpl_4_1024_64,48018035,128,0
11430953368,mqpl_4_1024_128,47980901,128,0
11743471962,mqpl_4_1024_128,47973869,128,0
11989335664,mqpl_4_1024_128,47997236,128,0
12982372392,mqpl_4_1024_128,48009587,128,0
11825260480,mqpl_4_1024_128,47992199,128,0
14243407476,mqpl_4_1024_256,48026569,128,0
12991486044,mqpl_4_1024_256,48000517,128,0
12019284140,mqpl_4_1024_256,47978175,128,0
12370770756,mqpl_4_1024_256,47999845,128,0
13394889868,mqpl_4_1024_256,47985486,128,0
12931462398,mqpl_4_1024_512,48019488,128,0
13817003742,mqpl_4_1024_512,47990122,128,0
11936730092,mqpl_4_1024_512,47985983,128,0
11238434296,mqpl_4_1024_512,47988723,128,0
11323170162,mqpl_4_1024_512,47988033,128,0
12754630612,mqpl_4_1024_1024,48020035,128,0
12317450400,mqpl_4_1024_1024,48000079,128,0
11067723396,mqpl_4_1024_1024,47986219,128,0
13757995084,mqpl_4_1024_1024,48001722,128,0
12852220068,mqpl_4_1024_1024,47996150,128,0
