7253073786,mqpl_4_1_1,75765913,128,10
7297568898,mqpl_4_1_1,75769886,128,10
7293198038,mqpl_4_1_1,75770538,128,10
7289647008,mqpl_4_1_1,75768550,128,10
7215618208,mqpl_4_1_1,75777747,128,10
6133839968,mqpl_4_1_2,75791572,128,10
6170348442,mqpl_4_1_2,75782463,128,10
6158907054,mqpl_4_1_2,75799843,128,10
6139724558,mqpl_4_1_2,75785539,128,10
6171281260,mqpl_4_1_2,75788563,128,10
5526118800,mqpl_4_1_4,75823880,128,10
5527279032,mqpl_4_1_4,75834770,128,10
5547778206,mqpl_4_1_4,75826330,128,10
5497306044,mqpl_4_1_4,75847091,128,10
5447735206,mqpl_4_1_4,75837904,128,10
5105046950,mqpl_4_1_8,75966900,128,10
5018594696,mqpl_4_1_8,75944385,128,10
5079457880,mqpl_4_1_8,76062864,128,10
5016102278,mqpl_4_1_8,75911717,128,10
5167780268,mqpl_4_1_8,75911890,128,10
4760759300,mqpl_4_1_16,76200591,128,10
4816661648,mqpl_4_1_16,76148088,128,10
4843727412,mqpl_4_1_16,76237684,128,10
4779736154,mqpl_4_1_16,76130298,128,10
5068548960,mqpl_4_1_16,76170126,128,10
4731799846,mqpl_4_1_32,76666019,128,10
4754011864,mqpl_4_1_32,76509361,128,10
4746281704,mqpl_4_1_32,76715225,128,10
4721735538,mqpl_4_1_32,76622478,128,10
4656604386,mqpl_4_1_32,76534612,128,10
4659832714,mqpl_4_1_64,77700077,128,10
4902891244,mqpl_4_1_64,77618615,128,10
4631475408,mqpl_4_1_64,77581744,128,10
4667266558,mqpl_4_1_64,77674017,128,10
4623961376,mqpl_4_1_64,77572927,128,10
4621308780,mqpl_4_1_128,79547609,128,10
4602145298,mqpl_4_1_128,79856450,128,10
4603195072,mqpl_4_1_128,79489899,128,10
4656858868,mqpl_4_1_128,79931576,128,10
4661167708,mqpl_4_1_128,79475927,128,10
4501516222,mqpl_4_1_256,83411388,128,10
4508926790,mqpl_4_1_256,83205444,128,10
4548912216,mqpl_4_1_256,84097650,128,10
4508077222,mqpl_4_1_256,83734459,128,10
4489826052,mqpl_4_1_256,83358869,128,10
4590515494,mqpl_4_1_512,91842917,128,10
4613861928,mqpl_4_1_512,93201260,128,10
4693698756,mqpl_4_1_512,94324231,128,10
4635146692,mqpl_4_1_512,94099030,128,10
4555207472,mqpl_4_1_512,91209658,128,10
5088206592,mqpl_4_1_1024,110972333,128,10
4971757730,mqpl_4_1_1024,109500896,128,10
5000242322,mqpl_4_1_1024,108156314,128,10
4907565154,mqpl_4_1_1024,108362730,128,10
5059902750,mqpl_4_1_1024,109799601,128,10
6944379360,mqpl_4_2_1,75785645,128,10
6982206030,mqpl_4_2_1,75786704,128,10
7007438474,mqpl_4_2_1,75770974,128,10
7042594596,mqpl_4_2_1,75794242,128,10
6938714454,mqpl_4_2_1,75774288,128,10
5899716114,mqpl_4_2_2,75798790,128,10
5831662876,mqpl_4_2_2,75794487,128,10
5949550042,mqpl_4_2_2,75793367,128,10
5882121742,mqpl_4_2_2,75802277,128,10
5923002080,mqpl_4_2_2,75819140,128,10
5241992004,mqpl_4_2_4,75846960,128,10
5217705598,mqpl_4_2_4,75871275,128,10
5251200064,mqpl_4_2_4,75831047,128,10
5297516010,mqpl_4_2_4,75840194,128,10
5316891776,mqpl_4_2_4,75836572,128,10
4889299158,mqpl_4_2_8,75958345,128,10
4917549592,mqpl_4_2_8,75954447,128,10
4910700414,mqpl_4_2_8,75948520,128,10
4911334220,mqpl_4_2_8,75979342,128,10
4813553472,mqpl_4_2_8,75934413,128,10
4557923394,mqpl_4_2_16,76117758,128,10
4648487030,mqpl_4_2_16,76156975,128,10
4644386366,mqpl_4_2_16,76193063,128,10
4634687472,mqpl_4_2_16,76130160,128,10
4640343876,mqpl_4_2_16,76116367,128,10
4511377402,mqpl_4_2_32,76596408,128,10
4566907168,mqpl_4_2_32,76820680,128,10
4625476704,mqpl_4_2_32,76842964,128,10
4499951158,mqpl_4_2_32,76485733,128,10
4630785652,mqpl_4_2_32,76783825,128,10
4533600684,mqpl_4_2_64,77615026,128,10
4469029680,mqpl_4_2_64,77892426,128,10
4504371042,mqpl_4_2_64,78025942,128,10
4518885210,mqpl_4_2_64,77526337,128,10
4499859576,mqpl_4_2_64,77859873,128,10
4471305320,mqpl_4_2_128,79077551,128,10
4440642338,mqpl_4_2_128,79861049,128,10
4860755810,mqpl_4_2_128,79468329,128,10
4397595440,mqpl_4_2_128,79109448,128,10
4405242672,mqpl_4_2_128,79340679,128,10
4391450520,mqpl_4_2_256,83525802,128,10
4334029524,mqpl_4_2_256,82577242,128,10
4371801332,mqpl_4_2_256,82952696,128,10
4389727702,mqpl_4_2_256,83066930,128,10
4319391990,mqpl_4_2_256,82355965,128,10
4377734578,mqpl_4_2_512,92730853,128,10
4389620782,mqpl_4_2_512,93149436,128,10
4353578708,mqpl_4_2_512,91668123,128,10
4341328612,mqpl_4_2_512,91913940,128,10
4394994102,mqpl_4_2_512,92574965,128,10
4635489642,mqpl_4_2_1024,108111720,128,10
4606673524,mqpl_4_2_1024,105256514,128,10
4626073116,mqpl_4_2_1024,107442864,128,10
4559625304,mqpl_4_2_1024,106482099,128,10
4552551336,mqpl_4_2_1024,106410526,128,10
6896177276,mqpl_4_4_1,75789130,128,10
6904667640,mqpl_4_4_1,75783692,128,10
6825219526,mqpl_4_4_1,75779884,128,10
6752622286,mqpl_4_4_1,75794594,128,10
6867275804,mqpl_4_4_1,75772117,128,10
5828774432,mqpl_4_4_2,75784927,128,10
5810886670,mqpl_4_4_2,75799264,128,10
5779129220,mqpl_4_4_2,75811987,128,10
5816567080,mqpl_4_4_2,75797774,128,10
5805954336,mqpl_4_4_2,75804705,128,10
5167550850,mqpl_4_4_4,75827136,128,10
5102333774,mqpl_4_4_4,75888189,128,10
5198943968,mqpl_4_4_4,75905915,128,10
5199299262,mqpl_4_4_4,75843626,128,10
5202626824,mqpl_4_4_4,75826577,128,10
4738853742,mqpl_4_4_8,75989771,128,10
4845953640,mqpl_4_4_8,75987478,128,10
4826264064,mqpl_4_4_8,75983914,128,10
4812872692,mqpl_4_4_8,75958268,128,10
4686232996,mqpl_4_4_8,76091311,128,10
4472028176,mqpl_4_4_16,76153284,128,10
4439758690,mqpl_4_4_16,76220927,128,10
4594869816,mqpl_4_4_16,76133322,128,10
4470299842,mqpl_4_4_16,76127550,128,10
4550513898,mqpl_4_4_16,76180421,128,10
4438705184,mqpl_4_4_32,76647584,128,10
4353153052,mqpl_4_4_32,76710619,128,10
4396370172,mqpl_4_4_32,76662308,128,10
4478128944,mqpl_4_4_32,76791923,128,10
4493560872,mqpl_4_4_32,76738798,128,10
4418765334,mqpl_4_4_64,77481672,128,10
4417050902,mqpl_4_4_64,77458543,128,10
4359033610,mqpl_4_4_64,77933536,128,10
4444346320,mqpl_4_4_64,77376055,128,10
4571335582,mqpl_4_4_64,78260202,128,10
4445587910,mqpl_4_4_128,79434105,128,10
4385246486,mqpl_4_4_128,79033575,128,10
4366169370,mqpl_4_4_128,78771038,128,10
4370783594,mqpl_4_4_128,79835454,128,10
4373612980,mqpl_4_4_128,78836983,128,10
4345189316,mqpl_4_4_256,83107489,128,10
4203132406,mqpl_4_4_256,83074318,128,10
4221876836,mqpl_4_4_256,83637889,128,10
4239938382,mqpl_4_4_256,82256686,128,10
4288940908,mqpl_4_4_256,83263810,128,10
4157358078,mqpl_4_4_512,90110553,128,10
4190259692,mqpl_4_4_512,91306528,128,10
4109624518,mqpl_4_4_512,89752861,128,10
4335656420,mqpl_4_4_512,91406449,128,10
4241854908,mqpl_4_4_512,91978685,128,10
4541094978,mqpl_4_4_1024,105278453,128,10
4320951732,mqpl_4_4_1024,104714003,128,10
4520967958,mqpl_4_4_1024,104122944,128,10
4511005852,mqpl_4_4_1024,105618619,128,10
4351618466,mqpl_4_4_1024,104334243,128,10
6701331684,mqpl_4_8_1,75818444,128,10
6885455742,mqpl_4_8_1,75786819,128,10
6782595240,mqpl_4_8_1,75828659,128,10
6747833398,mqpl_4_8_1,75787173,128,10
6695250890,mqpl_4_8_1,75823039,128,10
5703869992,mqpl_4_8_2,75801790,128,10
5605861168,mqpl_4_8_2,75887810,128,10
5714716010,mqpl_4_8_2,75809300,128,10
5651767862,mqpl_4_8_2,75808084,128,10
5728566598,mqpl_4_8_2,75798916,128,10
5140159560,mqpl_4_8_4,75845474,128,10
5104248904,mqpl_4_8_4,75870588,128,10
5118907840,mqpl_4_8_4,75865331,128,10
5133149436,mqpl_4_8_4,75873181,128,10
5077095256,mqpl_4_8_4,75855692,128,10
4774026342,mqpl_4_8_8,75983700,128,10
4625398832,mqpl_4_8_8,75953078,128,10
4766939662,mqpl_4_8_8,75995221,128,10
4736675312,mqpl_4_8_8,76003984,128,10
4790991626,mqpl_4_8_8,75924958,128,10
4394655620,mqpl_4_8_16,76177366,128,10
4496649624,mqpl_4_8_16,76177917,128,10
4437417458,mqpl_4_8_16,76133332,128,10
4472093214,mqpl_4_8_16,76247337,128,10
4536528300,mqpl_4_8_16,76289813,128,10
4272545168,mqpl_4_8_32,76789645,128,10
4296381862,mqpl_4_8_32,76714353,128,10
4271421990,mqpl_4_8_32,76526945,128,10
4522198436,mqpl_4_8_32,76530907,128,10
4244297190,mqpl_4_8_32,76688597,128,10
4261771922,mqpl_4_8_64,77542506,128,10
4362785668,mqpl_4_8_64,77228088,128,10
4223168662,mqpl_4_8_64,77421749,128,10
4364425382,mqpl_4_8_64,77705064,128,10
4244668450,mqpl_4_8_64,77341933,128,10
4319036916,mqpl_4_8_128,78840578,128,10
4468573432,mqpl_4_8_128,79069315,128,10
4179813582,mqpl_4_8_128,78749443,128,10
4380261064,mqpl_4_8_128,78505862,128,10
4650711784,mqpl_4_8_128,78945214,128,10
4141586262,mqpl_4_8_256,82028003,128,10
4451892400,mqpl_4_8_256,82927708,128,10
4178554306,mqpl_4_8_256,82478605,128,10
4183812916,mqpl_4_8_256,82592476,128,10
4108274838,mqpl_4_8_256,81930782,128,10
4146875856,mqpl_4_8_512,92142534,128,10
4144189314,mqpl_4_8_512,90514439,128,10
4094542784,mqpl_4_8_512,90027327,128,10
4003364268,mqpl_4_8_512,91510498,128,10
4024435584,mqpl_4_8_512,90538164,128,10
4172232312,mqpl_4_8_1024,104001279,128,10
4160987566,mqpl_4_8_1024,103614851,128,10
4111883178,mqpl_4_8_1024,103350747,128,10
4142249618,mqpl_4_8_1024,103747190,128,10
4196076080,mqpl_4_8_1024,106598973,128,10
6672829586,mqpl_4_16_1,75902479,128,10
6680339346,mqpl_4_16_1,75820674,128,10
6834904646,mqpl_4_16_1,75797923,128,10
6753623000,mqpl_4_16_1,75839334,128,10
6755856358,mqpl_4_16_1,75864606,128,10
5626984994,mqpl_4_16_2,75813280,128,10
5526590810,mqpl_4_16_2,75875616,128,10
5606605442,mqpl_4_16_2,75841650,128,10
5653094030,mqpl_4_16_2,75837150,128,10
5564423708,mqpl_4_16_2,75859347,128,10
5052527144,mqpl_4_16_4,75836003,128,10
5080484274,mqpl_4_16_4,75917831,128,10
5057595608,mqpl_4_16_4,76042614,128,10
5171339944,mqpl_4_16_4,75922647,128,10
4916147440,mqpl_4_16_4,75941402,128,10
4666430432,mqpl_4_16_8,75993381,128,10
4546518452,mqpl_4_16_8,75961701,128,10
4716297048,mqpl_4_16_8,75966479,128,10
4698500490,mqpl_4_16_8,76009508,128,10
4689801078,mqpl_4_16_8,76010671,128,10
4266791874,mqpl_4_16_16,76352610,128,10
4446351564,mqpl_4_16_16,76346008,128,10
4247353054,mqpl_4_16_16,76391539,128,10
4438443752,mqpl_4_16_16,76300218,128,10
4424986674,mqpl_4_16_16,76156778,128,10
4243963480,mqpl_4_16_32,76646217,128,10
4347492672,mqpl_4_16_32,76613877,128,10
4251989100,mqpl_4_16_32,76445400,128,10
4635168566,mqpl_4_16_32,76630977,128,10
4299400266,mqpl_4_16_32,76584523,128,10
4236335802,mqpl_4_16_64,77465488,128,10
4431348558,mqpl_4_16_64,77500179,128,10
4308256392,mqpl_4_16_64,77680306,128,10
4147490712,mqpl_4_16_64,77743534,128,10
4155534558,mqpl_4_16_64,77427447,128,10
4175323506,mqpl_4_16_128,79301661,128,10
4268680254,mqpl_4_16_128,79091342,128,10
4295910498,mqpl_4_16_128,79478214,128,10
4195531092,mqpl_4_16_128,78911110,128,10
4259795028,mqpl_4_16_128,79283681,128,10
4084511372,mqpl_4_16_256,81487435,128,10
4160333810,mqpl_4_16_256,82545525,128,10
4091173494,mqpl_4_16_256,81638447,128,10
4068163472,mqpl_4_16_256,81160224,128,10
4119057574,mqpl_4_16_256,81815246,128,10
3955370244,mqpl_4_16_512,88186176,128,10
4025081562,mqpl_4_16_512,87919087,128,10
3895787802,mqpl_4_16_512,89235646,128,10
3962165216,mqpl_4_16_512,87768662,128,10
3966498586,mqpl_4_16_512,88439294,128,10
3966030646,mqpl_4_16_1024,101531714,128,10
3906813190,mqpl_4_16_1024,98542318,128,10
4092993246,mqpl_4_16_1024,101748833,128,10
4005794426,mqpl_4_16_1024,101129766,128,10
4068125516,mqpl_4_16_1024,103122428,128,10
6671873890,mqpl_4_32_1,75845434,128,10
6643899036,mqpl_4_32_1,75803882,128,10
6615778986,mqpl_4_32_1,75876341,128,10
6652723782,mqpl_4_32_1,75802772,128,10
6753154082,mqpl_4_32_1,75873864,128,10
5532923210,mqpl_4_32_2,75883162,128,10
5532515068,mqpl_4_32_2,75854536,128,10
5580672314,mqpl_4_32_2,75850831,128,10
5481258618,mqpl_4_32_2,75940010,128,10
5638524422,mqpl_4_32_2,75868352,128,10
4999700640,mqpl_4_32_4,75888930,128,10
4906047380,mqpl_4_32_4,76029170,128,10
5036822544,mqpl_4_32_4,75862962,128,10
4930156444,mqpl_4_32_4,75921127,128,10
4970937666,mqpl_4_32_4,75909547,128,10
4667726128,mqpl_4_32_8,76012808,128,10
4656173308,mqpl_4_32_8,75972931,128,10
4675323592,mqpl_4_32_8,75947206,128,10
4755521372,mqpl_4_32_8,76037553,128,10
5021199666,mqpl_4_32_8,75991893,128,10
4391350806,mqpl_4_32_16,76217428,128,10
4231436346,mqpl_4_32_16,76288874,128,10
4401686916,mqpl_4_32_16,76181219,128,10
4273660676,mqpl_4_32_16,76365041,128,10
4215553860,mqpl_4_32_16,76312403,128,10
4698524222,mqpl_4_32_32,76680642,128,10
4159469996,mqpl_4_32_32,76779853,128,10
4187961344,mqpl_4_32_32,76547548,128,10
4342832734,mqpl_4_32_32,76501274,128,10
4331363376,mqpl_4_32_32,76934279,128,10
4287444314,mqpl_4_32_64,77201233,128,10
4187704734,mqpl_4_32_64,77513808,128,10
4127881594,mqpl_4_32_64,77504600,128,10
4274600952,mqpl_4_32_64,77822082,128,10
4117573566,mqpl_4_32_64,77450410,128,10
4091284664,mqpl_4_32_128,78167963,128,10
4084456742,mqpl_4_32_128,78898851,128,10
4128196324,mqpl_4_32_128,79554908,128,10
4211508586,mqpl_4_32_128,79173399,128,10
4184852124,mqpl_4_32_128,78720318,128,10
4088152298,mqpl_4_32_256,81514823,128,10
4001040360,mqpl_4_32_256,83848257,128,10
4105750096,mqpl_4_32_256,81855770,128,10
3997137436,mqpl_4_32_256,80802020,128,10
4058679586,mqpl_4_32_256,81302872,128,10
3917252278,mqpl_4_32_512,88512992,128,10
3899158730,mqpl_4_32_512,86857833,128,10
4124101572,mqpl_4_32_512,87740496,128,10
3831926212,mqpl_4_32_512,88700026,128,10
3831439062,mqpl_4_32_512,86816127,128,10
3911477004,mqpl_4_32_1024,102096224,128,10
3770816502,mqpl_4_32_1024,101456383,128,10
3953980482,mqpl_4_32_1024,100352877,128,10
3948346888,mqpl_4_32_1024,100826357,128,10
3852960022,mqpl_4_32_1024,98606910,128,10
6586533862,mqpl_4_64_1,75849817,128,10
6588769548,mqpl_4_64_1,75807847,128,10
6603452122,mqpl_4_64_1,75933990,128,10
6673111046,mqpl_4_64_1,75888362,128,10
6674197486,mqpl_4_64_1,75815382,128,10
5563449874,mqpl_4_64_2,75859683,128,10
5524954154,mqpl_4_64_2,75948695,128,10
5577568926,mqpl_4_64_2,75851067,128,10
5568313644,mqpl_4_64_2,75865872,128,10
5566030096,mqpl_4_64_2,75845356,128,10
4869178254,mqpl_4_64_4,75924682,128,10
4877346486,mqpl_4_64_4,75980755,128,10
4983614196,mqpl_4_64_4,75868063,128,10
4902001982,mqpl_4_64_4,75945125,128,10
5064664062,mqpl_4_64_4,76031316,128,10
4478835688,mqpl_4_64_8,76096099,128,10
4624875972,mqpl_4_64_8,76030655,128,10
4595670194,mqpl_4_64_8,76239108,128,10
4668229108,mqpl_4_64_8,76053923,128,10
4504079370,mqpl_4_64_8,76094335,128,10
4374509960,mqpl_4_64_16,76136158,128,10
4421574576,mqpl_4_64_16,76163769,128,10
4361568740,mqpl_4_64_16,76251770,128,10
4230549286,mqpl_4_64_16,76310259,128,10
4354261980,mqpl_4_64_16,76168138,128,10
4315481234,mqpl_4_64_32,76520134,128,10
4136181434,mqpl_4_64_32,76722409,128,10
4132277908,mqpl_4_64_32,76667105,128,10
4298564968,mqpl_4_64_32,76686499,128,10
4306864952,mqpl_4_64_32,76575480,128,10
4363291898,mqpl_4_64_64,77121932,128,10
4288751920,mqpl_4_64_64,77118218,128,10
4171810028,mqpl_4_64_64,77383124,128,10
4110590588,mqpl_4_64_64,77268918,128,10
4151264824,mqpl_4_64_64,77223714,128,10
4129037840,mqpl_4_64_128,78525833,128,10
4292420154,mqpl_4_64_128,78654747,128,10
4052229598,mqpl_4_64_128,79006621,128,10
4128764860,mqpl_4_64_128,79135779,128,10
4155024450,mqpl_4_64_128,78417072,128,10
4166320012,mqpl_4_64_256,81254132,128,10
4236616824,mqpl_4_64_256,81233824,128,10
3928244150,mqpl_4_64_256,81520696,128,10
4004153936,mqpl_4_64_256,80352713,128,10
3915617748,mqpl_4_64_256,82415035,128,10
3757994050,mqpl_4_64_512,89938027,128,10
4034549834,mqpl_4_64_512,90497211,128,10
3699209614,mqpl_4_64_512,88742500,128,10
3712467706,mqpl_4_64_512,89128133,128,10
3738362112,mqpl_4_64_512,89287547,128,10
3655280538,mqpl_4_64_1024,97978239,128,10
3726643342,mqpl_4_64_1024,102864355,128,10
3801607644,mqpl_4_64_1024,99451525,128,10
3729409958,mqpl_4_64_1024,101946798,128,10
3623099210,mqpl_4_64_1024,98697865,128,10
6611553864,mqpl_4_128_1,75812388,128,10
6663923300,mqpl_4_128_1,75802238,128,10
6542654336,mqpl_4_128_1,75889774,128,10
6599178124,mqpl_4_128_1,75938388,128,10
6561630612,mqpl_4_128_1,75895973,128,10
5479300652,mqpl_4_128_2,75912353,128,10
5547413714,mqpl_4_128_2,75837423,128,10
5444909792,mqpl_4_128_2,75935447,128,10
5529559906,mqpl_4_128_2,75952425,128,10
5532767616,mqpl_4_128_2,75889184,128,10
4970671308,mqpl_4_128_4,75892996,128,10
4946623688,mqpl_4_128_4,75910775,128,10
4883344670,mqpl_4_128_4,75987963,128,10
4877101716,mqpl_4_128_4,76000507,128,10
4854503138,mqpl_4_128_4,76039891,128,10
4474406678,mqpl_4_128_8,76116082,128,10
4603916046,mqpl_4_128_8,75998915,128,10
4600531298,mqpl_4_128_8,76129852,128,10
4636659924,mqpl_4_128_8,76118507,128,10
4779874644,mqpl_4_128_8,76043006,128,10
4229199762,mqpl_4_128_16,76416742,128,10
4372663194,mqpl_4_128_16,76255072,128,10
4310869306,mqpl_4_128_16,76250552,128,10
4218358736,mqpl_4_128_16,76379305,128,10
4221638494,mqpl_4_128_16,76328124,128,10
4176931064,mqpl_4_128_32,76846529,128,10
4180388566,mqpl_4_128_32,76752072,128,10
4258468252,mqpl_4_128_32,76546831,128,10
4235400960,mqpl_4_128_32,76727208,128,10
4241625192,mqpl_4_128_32,76606954,128,10
4201082396,mqpl_4_128_64,77066415,128,10
4082140516,mqpl_4_128_64,77290421,128,10
4086384270,mqpl_4_128_64,77741566,128,10
4111200714,mqpl_4_128_64,77515079,128,10
4142761190,mqpl_4_128_64,77735035,128,10
4014308524,mqpl_4_128_128,78386583,128,10
4101412818,mqpl_4_128_128,78980539,128,10
4241037980,mqpl_4_128_128,78316580,128,10
4057654524,mqpl_4_128_128,79188547,128,10
4075057530,mqpl_4_128_128,78710813,128,10
3954011482,mqpl_4_128_256,83557969,128,10
3947859414,mqpl_4_128_256,80586474,128,10
3903363316,mqpl_4_128_256,83233930,128,10
3987533250,mqpl_4_128_256,81058018,128,10
3865828360,mqpl_4_128_256,82043328,128,10
3853838550,mqpl_4_128_512,88161894,128,10
3613421130,mqpl_4_128_512,85820527,128,10
3683971176,mqpl_4_128_512,88462084,128,10
3733082624,mqpl_4_128_512,85326423,128,10
3629088294,mqpl_4_128_512,86301545,128,10
3677381702,mqpl_4_128_1024,101244499,128,10
3636469274,mqpl_4_128_1024,101142437,128,10
3549460956,mqpl_4_128_1024,97056614,128,10
3741569120,mqpl_4_128_1024,100740740,128,10
3842943440,mqpl_4_128_1024,95768987,128,10
6536547816,mqpl_4_256_1,75896135,128,10
6642312102,mqpl_4_256_1,75830206,128,10
6641648926,mqpl_4_256_1,75901759,128,10
6578271884,mqpl_4_256_1,75862766,128,10
6641571326,mqpl_4_256_1,75863248,128,10
5416056072,mqpl_4_256_2,75944698,128,10
5534605860,mqpl_4_256_2,75875558,128,10
5582656830,mqpl_4_256_2,75863158,128,10
5562813410,mqpl_4_256_2,75850803,128,10
5560138814,mqpl_4_256_2,75917822,128,10
4964029038,mqpl_4_256_4,75928244,128,10
5245400602,mqpl_4_256_4,75984983,128,10
5223504488,mqpl_4_256_4,75923347,128,10
4981487568,mqpl_4_256_4,75948649,128,10
5014614582,mqpl_4_256_4,75980911,128,10
4463951590,mqpl_4_256_8,76151116,128,10
4558861212,mqpl_4_256_8,76256817,128,10
4545844632,mqpl_4_256_8,76114991,128,10
4467596604,mqpl_4_256_8,76225652,128,10
4485505258,mqpl_4_256_8,76170199,128,10
4251310264,mqpl_4_256_16,76512544,128,10
4491840102,mqpl_4_256_16,76397758,128,10
4287306772,mqpl_4_256_16,76322296,128,10
4242075622,mqpl_4_256_16,76457726,128,10
4288201232,mqpl_4_256_16,76361714,128,10
4160319470,mqpl_4_256_32,76592348,128,10
4163522314,mqpl_4_256_32,76907364,128,10
4219176302,mqpl_4_256_32,76654857,128,10
4184035606,mqpl_4_256_32,76587348,128,10
4207626644,mqpl_4_256_32,76700191,128,10
4235039388,mqpl_4_256_64,77686272,128,10
4117075046,mqpl_4_256_64,77470611,128,10
4404523780,mqpl_4_256_64,77328463,128,10
4156692400,mqpl_4_256_64,77692429,128,10
4109739490,mqpl_4_256_64,77997193,128,10
4151132120,mqpl_4_256_128,78326476,128,10
4006187698,mqpl_4_256_128,78920737,128,10
4123233054,mqpl_4_256_128,78907022,128,10
4000320558,mqpl_4_256_128,78904801,128,10
4105285496,mqpl_4_256_128,78933029,128,10
3854010946,mqpl_4_256_256,79877577,128,10
3889624150,mqpl_4_256_256,81613573,128,10
3827845516,mqpl_4_256_256,80531865,128,10
3949257474,mqpl_4_256_256,81406927,128,10
4073087434,mqpl_4_256_256,81166786,128,10
3628671874,mqpl_4_256_512,87221229,128,10
3674171446,mqpl_4_256_512,84694505,128,10
3760855478,mqpl_4_256_512,85249140,128,10
3641211574,mqpl_4_256_512,86797546,128,10
3708479938,mqpl_4_256_512,85116527,128,10
3404927656,mqpl_4_256_1024,92633634,128,10
3508137254,mqpl_4_256_1024,92486257,128,10
3476045134,mqpl_4_256_1024,94202960,128,10
3520570004,mqpl_4_256_1024,93446927,128,10
3530743024,mqpl_4_256_1024,93056521,128,10
6656140270,mqpl_4_512_1,75880507,128,10
6574424962,mqpl_4_512_1,75891850,128,10
6594848420,mqpl_4_512_1,75840775,128,10
6677087712,mqpl_4_512_1,75838491,128,10
6545051596,mqpl_4_512_1,75876536,128,10
5563184356,mqpl_4_512_2,75908510,128,10
5538396320,mqpl_4_512_2,75853568,128,10
5574281348,mqpl_4_512_2,75926941,128,10
5441054938,mqpl_4_512_2,75930702,128,10
5562401702,mqpl_4_512_2,75894444,128,10
4965084640,mqpl_4_512_4,76000449,128,10
4968977546,mqpl_4_512_4,75931386,128,10
4930530646,mqpl_4_512_4,76022037,128,10
4862687204,mqpl_4_512_4,76114917,128,10
4964583512,mqpl_4_512_4,76053311,128,10
4600780104,mqpl_4_512_8,76148943,128,10
4557872868,mqpl_4_512_8,76081198,128,10
4483165622,mqpl_4_512_8,76251011,128,10
4597300940,mqpl_4_512_8,76092103,128,10
4506799428,mqpl_4_512_8,76106638,128,10
4382350086,mqpl_4_512_16,76467290,128,10
4245902142,mqpl_4_512_16,76563820,128,10
4301830274,mqpl_4_512_16,76508640,128,10
4195448406,mqpl_4_512_16,76637424,128,10
4280142804,mqpl_4_512_16,76527336,128,10
4195544228,mqpl_4_512_32,77268137,128,10
4156893656,mqpl_4_512_32,77335298,128,10
4259201336,mqpl_4_512_32,76843634,128,10
4153020832,mqpl_4_512_32,77007046,128,10
4203652716,mqpl_4_512_32,76965173,128,10
4072189182,mqpl_4_512_64,77615841,128,10
4127217386,mqpl_4_512_64,77988819,128,10
4121235442,mqpl_4_512_64,78129824,128,10
4071506558,mqpl_4_512_64,78002548,128,10
4093634404,mqpl_4_512_64,77775262,128,10
4035559942,mqpl_4_512_128,78498037,128,10
4014441762,mqpl_4_512_128,79142116,128,10
4093567510,mqpl_4_512_128,78752594,128,10
4065121244,mqpl_4_512_128,78996911,128,10
4071625492,mqpl_4_512_128,79136578,128,10
3824767656,mqpl_4_512_256,80363625,128,10
3810322220,mqpl_4_512_256,80971215,128,10
3906465270,mqpl_4_512_256,81748933,128,10
3888486568,mqpl_4_512_256,82001301,128,10
3843680320,mqpl_4_512_256,81364772,128,10
3622374238,mqpl_4_512_512,88057825,128,10
3582568912,mqpl_4_512_512,87512348,128,10
3573757380,mqpl_4_512_512,85991729,128,10
3620499904,mqpl_4_512_512,87415016,128,10
3537295164,mqpl_4_512_512,84584942,128,10
3500403146,mqpl_4_512_1024,95495096,128,10
3424381564,mqpl_4_512_1024,93739175,128,10
3524281466,mqpl_4_512_1024,93778982,128,10
3688725934,mqpl_4_512_1024,95277744,128,10
3561280234,mqpl_4_512_1024,93197150,128,10
6669704050,mqpl_4_1024_1,75851060,128,10
6632466592,mqpl_4_1024_1,75932426,128,10
6594139352,mqpl_4_1024_1,75826630,128,10
6636338108,mqpl_4_1024_1,75879442,128,10
6671249024,mqpl_4_1024_1,75851421,128,10
5557512546,mqpl_4_1024_2,75919110,128,10
5505901278,mqpl_4_1024_2,75876335,128,10
5625038180,mqpl_4_1024_2,75878189,128,10
5489857542,mqpl_4_1024_2,75917766,128,10
5548990698,mqpl_4_1024_2,75966481,128,10
4973810478,mqpl_4_1024_4,75989943,128,10
4956265874,mqpl_4_1024_4,75973613,128,10
4888478950,mqpl_4_1024_4,75998228,128,10
4921410648,mqpl_4_1024_4,76007142,128,10
4907279450,mqpl_4_1024_4,76042210,128,10
4499054578,mqpl_4_1024_8,76165494,128,10
4501501920,mqpl_4_1024_8,76269019,128,10
4590333852,mqpl_4_1024_8,76118873,128,10
4586747188,mqpl_4_1024_8,76230837,128,10
4555470934,mqpl_4_1024_8,76159894,128,10
4231080726,mqpl_4_1024_16,76845128,128,10
4291621312,mqpl_4_1024_16,76359014,128,10
4276044032,mqpl_4_1024_16,76497099,128,10
4194779256,mqpl_4_1024_16,76539712,128,10
4346616776,mqpl_4_1024_16,76386700,128,10
4183023658,mqpl_4_1024_32,77051241,128,10
4211578088,mqpl_4_1024_32,77052527,128,10
4146390404,mqpl_4_1024_32,77317423,128,10
4140706530,mqpl_4_1024_32,76827484,128,10
4149353148,mqpl_4_1024_32,77110328,128,10
4187662294,mqpl_4_1024_64,78580936,128,10
4267133316,mqpl_4_1024_64,77771614,128,10
4117435500,mqpl_4_1024_64,77415125,128,10
4104863670,mqpl_4_1024_64,77658657,128,10
4150392374,mqpl_4_1024_64,78183267,128,10
4028375946,mqpl_4_1024_128,79138747,128,10
4034543316,mqpl_4_1024_128,79187944,128,10
4027134158,mqpl_4_1024_128,79193633,128,10
4044924996,mqpl_4_1024_128,78846483,128,10
4048762348,mqpl_4_1024_128,79011337,128,10
3876002336,mqpl_4_1024_256,81224130,128,10
3839523068,mqpl_4_1024_256,81455506,128,10
3844789500,mqpl_4_1024_256,81695689,128,10
3859465220,mqpl_4_1024_256,81522328,128,10
3818407632,mqpl_4_1024_256,80247282,128,10
3565724202,mqpl_4_1024_512,85935280,128,10
3583875490,mqpl_4_1024_512,85335473,128,10
3541786172,mqpl_4_1024_512,85648268,128,10
3565548152,mqpl_4_1024_512,85038514,128,10
3506262914,mqpl_4_1024_512,84954169,128,10
3365719032,mqpl_4_1024_1024,91346708,128,10
3360565166,mqpl_4_1024_1024,90530060,128,10
3382360678,mqpl_4_1024_1024,92154777,128,10
3363267564,mqpl_4_1024_1024,92491359,128,10
3540187854,mqpl_4_1024_1024,96874792,128,10
