332647976,mqpl_4_1_1,8765760,128,10
341644670,mqpl_4_1_1,8759968,128,10
341623532,mqpl_4_1_1,8759312,128,10
326511228,mqpl_4_1_1,8744065,128,10
327796034,mqpl_4_1_1,8745822,128,10
308985724,mqpl_4_1_2,10604281,128,10
311617038,mqpl_4_1_2,10604219,128,10
314907670,mqpl_4_1_2,10648883,128,10
316099000,mqpl_4_1_2,10628142,128,10
312666974,mqpl_4_1_2,10594578,128,10
354092066,mqpl_4_1_4,14094982,128,10
354258316,mqpl_4_1_4,14161004,128,10
354978770,mqpl_4_1_4,14125039,128,10
353936304,mqpl_4_1_4,14089552,128,10
357527242,mqpl_4_1_4,14147148,128,10
451156814,mqpl_4_1_8,20359128,128,10
451861174,mqpl_4_1_8,20448844,128,10
457258728,mqpl_4_1_8,20587152,128,10
453179812,mqpl_4_1_8,20495887,128,10
454543252,mqpl_4_1_8,20463313,128,10
658727776,mqpl_4_1_16,32005369,128,10
662150354,mqpl_4_1_16,31904097,128,10
654876744,mqpl_4_1_16,31713520,128,10
658022638,mqpl_4_1_16,31699036,128,10
653105188,mqpl_4_1_16,31536854,128,10
1012101416,mqpl_4_1_32,51396903,128,10
1016584060,mqpl_4_1_32,51482113,128,10
1013680430,mqpl_4_1_32,51462062,128,10
1004631818,mqpl_4_1_32,51115733,128,10
1017356822,mqpl_4_1_32,51518690,128,10
1617864708,mqpl_4_1_64,84073393,128,10
1611386250,mqpl_4_1_64,83623161,128,10
1590387866,mqpl_4_1_64,82861530,128,10
1611726512,mqpl_4_1_64,83576246,128,10
1611532674,mqpl_4_1_64,83822549,128,10
2546117584,mqpl_4_1_128,133137231,128,10
2566360838,mqpl_4_1_128,134560058,128,10
2584569386,mqpl_4_1_128,135302789,128,10
2554013932,mqpl_4_1_128,133587664,128,10
2555047796,mqpl_4_1_128,133626960,128,10
3908233750,mqpl_4_1_256,203841297,128,10
3888452578,mqpl_4_1_256,203258215,128,10
3987779026,mqpl_4_1_256,208339708,128,10
3881268232,mqpl_4_1_256,202554138,128,10
3895627106,mqpl_4_1_256,203419804,128,10
5647924320,mqpl_4_1_512,289538910,128,10
5463813996,mqpl_4_1_512,280341826,128,10
5543622470,mqpl_4_1_512,284685625,128,10
5576234106,mqpl_4_1_512,286226244,128,10
5475177630,mqpl_4_1_512,280883093,128,10
7102831028,mqpl_4_1_1024,358732365,128,10
6706271326,mqpl_4_1_1024,340428109,128,10
6982032986,mqpl_4_1_1024,353283763,128,10
6705972252,mqpl_4_1_1024,341240359,128,10
6688434920,mqpl_4_1_1024,340146491,128,10
349773808,mqpl_4_2_1,9157946,128,10
352930740,mqpl_4_2_1,9184512,128,10
347506272,mqpl_4_2_1,9158947,128,10
345423876,mqpl_4_2_1,9189203,128,10
367744984,mqpl_4_2_1,9122664,128,10
312127574,mqpl_4_2_2,10883318,128,10
310585044,mqpl_4_2_2,10893507,128,10
309982862,mqpl_4_2_2,10950157,128,10
314080846,mqpl_4_2_2,10954093,128,10
316604512,mqpl_4_2_2,10974830,128,10
332684080,mqpl_4_2_4,14273440,128,10
334206152,mqpl_4_2_4,14173248,128,10
337622816,mqpl_4_2_4,14265345,128,10
336638732,mqpl_4_2_4,14238347,128,10
335080456,mqpl_4_2_4,14230451,128,10
409273482,mqpl_4_2_8,20146043,128,10
405708848,mqpl_4_2_8,19931988,128,10
406579090,mqpl_4_2_8,19895430,128,10
411382304,mqpl_4_2_8,19985708,128,10
407021258,mqpl_4_2_8,19908417,128,10
558804704,mqpl_4_2_16,30045309,128,10
563660994,mqpl_4_2_16,30277291,128,10
555854148,mqpl_4_2_16,30052338,128,10
557372142,mqpl_4_2_16,29914040,128,10
560786802,mqpl_4_2_16,30206377,128,10
837810942,mqpl_4_2_32,47457285,128,10
843740292,mqpl_4_2_32,47766328,128,10
835566964,mqpl_4_2_32,47602186,128,10
830799342,mqpl_4_2_32,47356873,128,10
831647416,mqpl_4_2_32,47290078,128,10
1318343030,mqpl_4_2_64,77263668,128,10
1343379832,mqpl_4_2_64,78775487,128,10
1314503424,mqpl_4_2_64,77166212,128,10
1322430992,mqpl_4_2_64,77367249,128,10
1329947296,mqpl_4_2_64,77810325,128,10
2099324890,mqpl_4_2_128,124789357,128,10
2073397876,mqpl_4_2_128,122910671,128,10
2095515262,mqpl_4_2_128,124064871,128,10
2123125372,mqpl_4_2_128,125417928,128,10
2089406956,mqpl_4_2_128,123967957,128,10
3231220682,mqpl_4_2_256,191876737,128,10
3204956132,mqpl_4_2_256,190027611,128,10
3174321278,mqpl_4_2_256,188038587,128,10
3174502328,mqpl_4_2_256,187679297,128,10
3197864134,mqpl_4_2_256,189817504,128,10
4491756778,mqpl_4_2_512,262942542,128,10
4450711660,mqpl_4_2_512,260458209,128,10
4436301650,mqpl_4_2_512,260156505,128,10
4459769608,mqpl_4_2_512,261048041,128,10
4477606926,mqpl_4_2_512,262162090,128,10
5240317266,mqpl_4_2_1024,302780780,128,10
5345851108,mqpl_4_2_1024,308876668,128,10
5234752940,mqpl_4_2_1024,302476682,128,10
5575605862,mqpl_4_2_1024,320344883,128,10
5193039294,mqpl_4_2_1024,300188992,128,10
361824256,mqpl_4_4_1,9252701,128,10
360829824,mqpl_4_4_1,9306666,128,10
359039612,mqpl_4_4_1,9294340,128,10
361155960,mqpl_4_4_1,9274236,128,10
378571410,mqpl_4_4_1,9289005,128,10
312073426,mqpl_4_4_2,11024524,128,10
317495010,mqpl_4_4_2,10994049,128,10
315081154,mqpl_4_4_2,11067196,128,10
319162040,mqpl_4_4_2,10938856,128,10
315783172,mqpl_4_4_2,11013052,128,10
335287960,mqpl_4_4_4,14362556,128,10
326596988,mqpl_4_4_4,14302132,128,10
328265282,mqpl_4_4_4,14316764,128,10
331760116,mqpl_4_4_4,14377602,128,10
331835076,mqpl_4_4_4,14339220,128,10
390750040,mqpl_4_4_8,19964801,128,10
389547466,mqpl_4_4_8,20013351,128,10
389465446,mqpl_4_4_8,19917838,128,10
387467636,mqpl_4_4_8,19826984,128,10
392196726,mqpl_4_4_8,20002199,128,10
512115084,mqpl_4_4_16,29193113,128,10
513147702,mqpl_4_4_16,29359090,128,10
508943462,mqpl_4_4_16,29083063,128,10
513325660,mqpl_4_4_16,29285301,128,10
508142132,mqpl_4_4_16,29157504,128,10
725374052,mqpl_4_4_32,44679217,128,10
717411522,mqpl_4_4_32,43958364,128,10
724474934,mqpl_4_4_32,44677935,128,10
722190604,mqpl_4_4_32,44477952,128,10
734905290,mqpl_4_4_32,45067461,128,10
1108527450,mqpl_4_4_64,71029824,128,10
1117538204,mqpl_4_4_64,71697854,128,10
1106353758,mqpl_4_4_64,70937606,128,10
1111782626,mqpl_4_4_64,71251075,128,10
1102228250,mqpl_4_4_64,70971332,128,10
1730985828,mqpl_4_4_128,112878662,128,10
1738785070,mqpl_4_4_128,113259542,128,10
1730729914,mqpl_4_4_128,112857693,128,10
1751264570,mqpl_4_4_128,113961750,128,10
1777924670,mqpl_4_4_128,115699967,128,10
2647397304,mqpl_4_4_256,172757390,128,10
2646041818,mqpl_4_4_256,172512878,128,10
2680084550,mqpl_4_4_256,174760986,128,10
2662557022,mqpl_4_4_256,174165290,128,10
2623344276,mqpl_4_4_256,171739107,128,10
3694763864,mqpl_4_4_512,237964011,128,10
3718116916,mqpl_4_4_512,239150909,128,10
3634964722,mqpl_4_4_512,234088842,128,10
3721930494,mqpl_4_4_512,239458752,128,10
3657635344,mqpl_4_4_512,235530466,128,10
4362408358,mqpl_4_4_1024,277559774,128,10
4283525056,mqpl_4_4_1024,273625652,128,10
4386933758,mqpl_4_4_1024,280404058,128,10
4393461570,mqpl_4_4_1024,280489493,128,10
4346364562,mqpl_4_4_1024,277698054,128,10
377448032,mqpl_4_8_1,9276876,128,10
376168242,mqpl_4_8_1,9306583,128,10
375394578,mqpl_4_8_1,9294046,128,10
386163858,mqpl_4_8_1,9324486,128,10
378661822,mqpl_4_8_1,9311978,128,10
321898966,mqpl_4_8_2,11071655,128,10
324095006,mqpl_4_8_2,11033007,128,10
318468732,mqpl_4_8_2,11089230,128,10
323100354,mqpl_4_8_2,11005102,128,10
319564176,mqpl_4_8_2,10937673,128,10
330639346,mqpl_4_8_4,14329909,128,10
325614074,mqpl_4_8_4,14347248,128,10
323975104,mqpl_4_8_4,14317591,128,10
329608294,mqpl_4_8_4,14376590,128,10
328333672,mqpl_4_8_4,14407859,128,10
378315812,mqpl_4_8_8,19951147,128,10
377769716,mqpl_4_8_8,20047278,128,10
384642596,mqpl_4_8_8,20128492,128,10
377107728,mqpl_4_8_8,19891880,128,10
381804728,mqpl_4_8_8,20007064,128,10
491550160,mqpl_4_8_16,28925951,128,10
486883624,mqpl_4_8_16,28803925,128,10
482300670,mqpl_4_8_16,28679592,128,10
484103044,mqpl_4_8_16,28576451,128,10
490299974,mqpl_4_8_16,29035124,128,10
671368046,mqpl_4_8_32,43057420,128,10
663584924,mqpl_4_8_32,42530931,128,10
675337772,mqpl_4_8_32,43098435,128,10
659837232,mqpl_4_8_32,42143749,128,10
668452910,mqpl_4_8_32,42791589,128,10
977145768,mqpl_4_8_64,66121450,128,10
981435684,mqpl_4_8_64,66132421,128,10
969715138,mqpl_4_8_64,65290760,128,10
985552522,mqpl_4_8_64,66457520,128,10
983195638,mqpl_4_8_64,66510282,128,10
1502424034,mqpl_4_8_128,104359714,128,10
1490324538,mqpl_4_8_128,103498027,128,10
1488190746,mqpl_4_8_128,103562693,128,10
1500375386,mqpl_4_8_128,104150990,128,10
1473824780,mqpl_4_8_128,102644752,128,10
2276639866,mqpl_4_8_256,158072948,128,10
2298417232,mqpl_4_8_256,159964176,128,10
2221586034,mqpl_4_8_256,154546283,128,10
2241037998,mqpl_4_8_256,155856533,128,10
2244225710,mqpl_4_8_256,156327125,128,10
3123778762,mqpl_4_8_512,215943477,128,10
3057471590,mqpl_4_8_512,211158145,128,10
3127132664,mqpl_4_8_512,216243719,128,10
3080153914,mqpl_4_8_512,213214751,128,10
3102972028,mqpl_4_8_512,214339641,128,10
3538616174,mqpl_4_8_1024,242182722,128,10
3468590990,mqpl_4_8_1024,237591321,128,10
3637596842,mqpl_4_8_1024,248223136,128,10
3501829122,mqpl_4_8_1024,240006295,128,10
3471843560,mqpl_4_8_1024,236942905,128,10
380102374,mqpl_4_16_1,9277372,128,10
373851506,mqpl_4_16_1,9300011,128,10
398677656,mqpl_4_16_1,9289192,128,10
387050984,mqpl_4_16_1,9223685,128,10
404138740,mqpl_4_16_1,9284438,128,10
320231834,mqpl_4_16_2,10897060,128,10
330124482,mqpl_4_16_2,11021657,128,10
324811980,mqpl_4_16_2,10947984,128,10
327708838,mqpl_4_16_2,10926648,128,10
326004968,mqpl_4_16_2,10872552,128,10
324928922,mqpl_4_16_4,14207453,128,10
331370212,mqpl_4_16_4,14374526,128,10
322393288,mqpl_4_16_4,14194293,128,10
330999596,mqpl_4_16_4,14319663,128,10
326385612,mqpl_4_16_4,14396790,128,10
376184754,mqpl_4_16_8,19948656,128,10
377485216,mqpl_4_16_8,20170674,128,10
383136196,mqpl_4_16_8,20129100,128,10
379664860,mqpl_4_16_8,20090374,128,10
377361782,mqpl_4_16_8,19936276,128,10
476503158,mqpl_4_16_16,28785321,128,10
486835194,mqpl_4_16_16,28944003,128,10
479556150,mqpl_4_16_16,28715308,128,10
490963628,mqpl_4_16_16,29386077,128,10
479158236,mqpl_4_16_16,29013323,128,10
646600012,mqpl_4_16_32,42395330,128,10
640619378,mqpl_4_16_32,42293114,128,10
642858538,mqpl_4_16_32,41991994,128,10
640112144,mqpl_4_16_32,42135169,128,10
641878416,mqpl_4_16_32,42152036,128,10
911763110,mqpl_4_16_64,63741623,128,10
896844456,mqpl_4_16_64,62588436,128,10
912799032,mqpl_4_16_64,63784062,128,10
906535116,mqpl_4_16_64,63133308,128,10
906328120,mqpl_4_16_64,63022998,128,10
1330569476,mqpl_4_16_128,95430123,128,10
1370030960,mqpl_4_16_128,98322227,128,10
1349369108,mqpl_4_16_128,96963719,128,10
1331893430,mqpl_4_16_128,95550842,128,10
1344259880,mqpl_4_16_128,96277276,128,10
1957174398,mqpl_4_16_256,142861812,128,10
1970689496,mqpl_4_16_256,143215052,128,10
1974848648,mqpl_4_16_256,142954660,128,10
1970693680,mqpl_4_16_256,143406768,128,10
1988082766,mqpl_4_16_256,144390015,128,10
2655071604,mqpl_4_16_512,191530703,128,10
2716229304,mqpl_4_16_512,195773837,128,10
2658004770,mqpl_4_16_512,191794926,128,10
2679111060,mqpl_4_16_512,193200383,128,10
2666508398,mqpl_4_16_512,192837546,128,10
2953011630,mqpl_4_16_1024,212350453,128,10
2901508760,mqpl_4_16_1024,209932107,128,10
2983481226,mqpl_4_16_1024,214861299,128,10
2900273022,mqpl_4_16_1024,209254422,128,10
2979098520,mqpl_4_16_1024,214486707,128,10
403990632,mqpl_4_32_1,9212892,128,10
395801010,mqpl_4_32_1,9313968,128,10
410855640,mqpl_4_32_1,9250354,128,10
377754106,mqpl_4_32_1,9256657,128,10
392197116,mqpl_4_32_1,9220953,128,10
324734542,mqpl_4_32_2,10951391,128,10
327170422,mqpl_4_32_2,10894226,128,10
324478186,mqpl_4_32_2,10905094,128,10
330533414,mqpl_4_32_2,10862946,128,10
329069026,mqpl_4_32_2,10905242,128,10
325309386,mqpl_4_32_4,14185101,128,10
329145766,mqpl_4_32_4,14271835,128,10
331210500,mqpl_4_32_4,14366621,128,10
327902130,mqpl_4_32_4,14243919,128,10
322897036,mqpl_4_32_4,14314256,128,10
378917616,mqpl_4_32_8,20067127,128,10
374302878,mqpl_4_32_8,19856875,128,10
376057338,mqpl_4_32_8,19894293,128,10
373444570,mqpl_4_32_8,19803742,128,10
378622030,mqpl_4_32_8,19977929,128,10
478415240,mqpl_4_32_16,28943317,128,10
477206948,mqpl_4_32_16,28650409,128,10
482722518,mqpl_4_32_16,29005794,128,10
522414782,mqpl_4_32_16,29020809,128,10
476008662,mqpl_4_32_16,28790903,128,10
637617382,mqpl_4_32_32,42194199,128,10
644224050,mqpl_4_32_32,42552150,128,10
638887792,mqpl_4_32_32,42132217,128,10
626083322,mqpl_4_32_32,41383393,128,10
637185440,mqpl_4_32_32,42271946,128,10
877185110,mqpl_4_32_64,61795734,128,10
867708492,mqpl_4_32_64,60863263,128,10
873209194,mqpl_4_32_64,61652060,128,10
884480228,mqpl_4_32_64,62417441,128,10
862448170,mqpl_4_32_64,60988086,128,10
1264220654,mqpl_4_32_128,92308407,128,10
1261115564,mqpl_4_32_128,91906722,128,10
1252341088,mqpl_4_32_128,91396233,128,10
1265909520,mqpl_4_32_128,92231687,128,10
1248784600,mqpl_4_32_128,91165273,128,10
1746338060,mqpl_4_32_256,130332028,128,10
1742212478,mqpl_4_32_256,130326826,128,10
1738345406,mqpl_4_32_256,130210689,128,10
1767059754,mqpl_4_32_256,132042451,128,10
1755269224,mqpl_4_32_256,131281242,128,10
2318613814,mqpl_4_32_512,172913286,128,10
2348874826,mqpl_4_32_512,174988970,128,10
2323933504,mqpl_4_32_512,173541556,128,10
2335260450,mqpl_4_32_512,174483526,128,10
2385191544,mqpl_4_32_512,177817593,128,10
2545244864,mqpl_4_32_1024,190393175,128,10
2546049430,mqpl_4_32_1024,189399755,128,10
2490480776,mqpl_4_32_1024,186132500,128,10
2576196188,mqpl_4_32_1024,191827705,128,10
2663193844,mqpl_4_32_1024,197830088,128,10
396615332,mqpl_4_64_1,9248247,128,10
412591082,mqpl_4_64_1,9290476,128,10
422796450,mqpl_4_64_1,9233857,128,10
404365510,mqpl_4_64_1,9272892,128,10
386338992,mqpl_4_64_1,9242147,128,10
320785320,mqpl_4_64_2,10908543,128,10
316909806,mqpl_4_64_2,10856010,128,10
330456542,mqpl_4_64_2,10946276,128,10
330656636,mqpl_4_64_2,10896449,128,10
318571648,mqpl_4_64_2,10903709,128,10
326114312,mqpl_4_64_4,14135188,128,10
328719344,mqpl_4_64_4,14177749,128,10
325331874,mqpl_4_64_4,14207039,128,10
321580550,mqpl_4_64_4,14071726,128,10
329577486,mqpl_4_64_4,14319352,128,10
373347208,mqpl_4_64_8,19855864,128,10
372822080,mqpl_4_64_8,19798796,128,10
373253544,mqpl_4_64_8,19801945,128,10
380978690,mqpl_4_64_8,19939709,128,10
375032460,mqpl_4_64_8,19956595,128,10
477787718,mqpl_4_64_16,28989364,128,10
471161392,mqpl_4_64_16,28805937,128,10
479587366,mqpl_4_64_16,29030658,128,10
474114848,mqpl_4_64_16,28899092,128,10
479209786,mqpl_4_64_16,29146124,128,10
634807958,mqpl_4_64_32,41686944,128,10
635671582,mqpl_4_64_32,41976053,128,10
637154428,mqpl_4_64_32,42338103,128,10
638626920,mqpl_4_64_32,41917225,128,10
643799298,mqpl_4_64_32,42669276,128,10
870450824,mqpl_4_64_64,61231788,128,10
870358542,mqpl_4_64_64,61667399,128,10
864036232,mqpl_4_64_64,61377111,128,10
862739368,mqpl_4_64_64,61068452,128,10
858915774,mqpl_4_64_64,60772868,128,10
1218692850,mqpl_4_64_128,89685846,128,10
1220690514,mqpl_4_64_128,89805070,128,10
1192677492,mqpl_4_64_128,88236848,128,10
1229368740,mqpl_4_64_128,90725598,128,10
1247301580,mqpl_4_64_128,88532852,128,10
1701721740,mqpl_4_64_256,128057584,128,10
1640765346,mqpl_4_64_256,122971251,128,10
1673606684,mqpl_4_64_256,125885568,128,10
1690774574,mqpl_4_64_256,127461305,128,10
1699108556,mqpl_4_64_256,127542400,128,10
2184275168,mqpl_4_64_512,167055347,128,10
2110193326,mqpl_4_64_512,161073522,128,10
2135540800,mqpl_4_64_512,162341185,128,10
2126156094,mqpl_4_64_512,162253667,128,10
2098518440,mqpl_4_64_512,160350102,128,10
2227369156,mqpl_4_64_1024,168901065,128,10
2324747710,mqpl_4_64_1024,176109871,128,10
2343001704,mqpl_4_64_1024,177373298,128,10
2420052820,mqpl_4_64_1024,183217896,128,10
2265366674,mqpl_4_64_1024,171620822,128,10
397680816,mqpl_4_128_1,9216488,128,10
404362938,mqpl_4_128_1,9256190,128,10
419039188,mqpl_4_128_1,9264358,128,10
399411438,mqpl_4_128_1,9227434,128,10
409728208,mqpl_4_128_1,9271625,128,10
326393662,mqpl_4_128_2,10783960,128,10
320898040,mqpl_4_128_2,10828526,128,10
322895292,mqpl_4_128_2,10844280,128,10
317301916,mqpl_4_128_2,10837102,128,10
317502264,mqpl_4_128_2,10815764,128,10
325702240,mqpl_4_128_4,14255577,128,10
324961556,mqpl_4_128_4,14107405,128,10
322201940,mqpl_4_128_4,14206510,128,10
328054466,mqpl_4_128_4,14158670,128,10
322396476,mqpl_4_128_4,14206839,128,10
377116492,mqpl_4_128_8,19986723,128,10
372312658,mqpl_4_128_8,19709136,128,10
374210534,mqpl_4_128_8,19910752,128,10
374167920,mqpl_4_128_8,19871283,128,10
375676492,mqpl_4_128_8,19978345,128,10
476122334,mqpl_4_128_16,28929992,128,10
481323612,mqpl_4_128_16,29113151,128,10
475486350,mqpl_4_128_16,28954682,128,10
473919468,mqpl_4_128_16,28780089,128,10
480999932,mqpl_4_128_16,29169392,128,10
632032728,mqpl_4_128_32,41721505,128,10
629995790,mqpl_4_128_32,41922963,128,10
630743550,mqpl_4_128_32,41821729,128,10
629271194,mqpl_4_128_32,41721147,128,10
630064240,mqpl_4_128_32,41846070,128,10
855649696,mqpl_4_128_64,60578257,128,10
838763552,mqpl_4_128_64,59478925,128,10
844670762,mqpl_4_128_64,60129793,128,10
861017962,mqpl_4_128_64,61230407,128,10
839816928,mqpl_4_128_64,59621229,128,10
1199771994,mqpl_4_128_128,88406533,128,10
1197378552,mqpl_4_128_128,88539942,128,10
1230209954,mqpl_4_128_128,90477244,128,10
1183872366,mqpl_4_128_128,87311881,128,10
1188555420,mqpl_4_128_128,87628503,128,10
1635358554,mqpl_4_128_256,124457048,128,10
1591580584,mqpl_4_128_256,120841066,128,10
1620320020,mqpl_4_128_256,123158602,128,10
1611535760,mqpl_4_128_256,122678834,128,10
1595347352,mqpl_4_128_256,121046624,128,10
1974582482,mqpl_4_128_512,151434919,128,10
2048727834,mqpl_4_128_512,157252092,128,10
1968673508,mqpl_4_128_512,150932090,128,10
2011579460,mqpl_4_128_512,154151417,128,10
2050124338,mqpl_4_128_512,157400358,128,10
2082494908,mqpl_4_128_1024,160891722,128,10
2113725876,mqpl_4_128_1024,163289647,128,10
2092311836,mqpl_4_128_1024,162051508,128,10
2086832282,mqpl_4_128_1024,161248028,128,10
2070385728,mqpl_4_128_1024,159880052,128,10
401540298,mqpl_4_256_1,9253906,128,10
393863868,mqpl_4_256_1,9217075,128,10
403689026,mqpl_4_256_1,9224607,128,10
408994302,mqpl_4_256_1,9250352,128,10
400139700,mqpl_4_256_1,9228528,128,10
321068086,mqpl_4_256_2,10858092,128,10
318142414,mqpl_4_256_2,10846287,128,10
335239942,mqpl_4_256_2,10827527,128,10
324178330,mqpl_4_256_2,10822884,128,10
319876306,mqpl_4_256_2,10897390,128,10
324068196,mqpl_4_256_4,14192041,128,10
325619796,mqpl_4_256_4,14257577,128,10
327960156,mqpl_4_256_4,14198628,128,10
330607026,mqpl_4_256_4,14297034,128,10
328542998,mqpl_4_256_4,14204374,128,10
376505724,mqpl_4_256_8,19831917,128,10
377754988,mqpl_4_256_8,19959923,128,10
378410586,mqpl_4_256_8,20098562,128,10
375977318,mqpl_4_256_8,19892146,128,10
372903708,mqpl_4_256_8,19840706,128,10
483123032,mqpl_4_256_16,28882026,128,10
478221092,mqpl_4_256_16,28813682,128,10
484321766,mqpl_4_256_16,29008190,128,10
482251736,mqpl_4_256_16,28956314,128,10
477582170,mqpl_4_256_16,28658732,128,10
632041170,mqpl_4_256_32,42014713,128,10
620715554,mqpl_4_256_32,41438036,128,10
629038208,mqpl_4_256_32,42096418,128,10
633938968,mqpl_4_256_32,42444175,128,10
633157708,mqpl_4_256_32,42066584,128,10
875531812,mqpl_4_256_64,62204652,128,10
853735328,mqpl_4_256_64,60386156,128,10
852714362,mqpl_4_256_64,60702556,128,10
854919062,mqpl_4_256_64,60659435,128,10
862124970,mqpl_4_256_64,61127788,128,10
1175196676,mqpl_4_256_128,86923469,128,10
1185520720,mqpl_4_256_128,87744161,128,10
1207369300,mqpl_4_256_128,88748193,128,10
1196853184,mqpl_4_256_128,88505200,128,10
1184153526,mqpl_4_256_128,87650451,128,10
1591138776,mqpl_4_256_256,121342893,128,10
1594342936,mqpl_4_256_256,121295700,128,10
1557938562,mqpl_4_256_256,118251423,128,10
1545134688,mqpl_4_256_256,117743263,128,10
1562982260,mqpl_4_256_256,118790296,128,10
1933192562,mqpl_4_256_512,148418460,128,10
1995464016,mqpl_4_256_512,153420348,128,10
1930403564,mqpl_4_256_512,148442672,128,10
1959400258,mqpl_4_256_512,150561496,128,10
1914415746,mqpl_4_256_512,146951907,128,10
2056179194,mqpl_4_256_1024,159491145,128,10
2081277864,mqpl_4_256_1024,161287466,128,10
2048226400,mqpl_4_256_1024,158993361,128,10
2034749230,mqpl_4_256_1024,157727418,128,10
1922162208,mqpl_4_256_1024,149018572,128,10
407105786,mqpl_4_512_1,9193136,128,10
447236098,mqpl_4_512_1,9226715,128,10
390998156,mqpl_4_512_1,9219825,128,10
381002794,mqpl_4_512_1,9250969,128,10
434806660,mqpl_4_512_1,9241044,128,10
329775390,mqpl_4_512_2,10945181,128,10
326832114,mqpl_4_512_2,10861728,128,10
325520826,mqpl_4_512_2,10881688,128,10
323021358,mqpl_4_512_2,10850888,128,10
329395140,mqpl_4_512_2,10797364,128,10
325285596,mqpl_4_512_4,14223880,128,10
324893476,mqpl_4_512_4,14185024,128,10
326102890,mqpl_4_512_4,14192843,128,10
325540378,mqpl_4_512_4,14103551,128,10
324235224,mqpl_4_512_4,14216482,128,10
374226592,mqpl_4_512_8,19895615,128,10
372856394,mqpl_4_512_8,19778100,128,10
371209256,mqpl_4_512_8,19769008,128,10
376099624,mqpl_4_512_8,19768606,128,10
371179984,mqpl_4_512_8,19716329,128,10
477575162,mqpl_4_512_16,28831782,128,10
473345296,mqpl_4_512_16,28909672,128,10
476339364,mqpl_4_512_16,28720278,128,10
475468598,mqpl_4_512_16,28798521,128,10
478654714,mqpl_4_512_16,28918709,128,10
623761268,mqpl_4_512_32,41403399,128,10
624885548,mqpl_4_512_32,41681930,128,10
633114272,mqpl_4_512_32,41798854,128,10
629888488,mqpl_4_512_32,41642439,128,10
626011262,mqpl_4_512_32,41498646,128,10
838067876,mqpl_4_512_64,59618045,128,10
857853094,mqpl_4_512_64,61174106,128,10
854855776,mqpl_4_512_64,60708495,128,10
850606550,mqpl_4_512_64,60670895,128,10
854155830,mqpl_4_512_64,60867469,128,10
1175654986,mqpl_4_512_128,86897349,128,10
1179634704,mqpl_4_512_128,87112793,128,10
1176587630,mqpl_4_512_128,86872439,128,10
1183606074,mqpl_4_512_128,87798829,128,10
1170182528,mqpl_4_512_128,86773237,128,10
1543974566,mqpl_4_512_256,117764807,128,10
1572943614,mqpl_4_512_256,120017427,128,10
1580341234,mqpl_4_512_256,120410270,128,10
1591616828,mqpl_4_512_256,121645409,128,10
1562365960,mqpl_4_512_256,119193446,128,10
1928977232,mqpl_4_512_512,148846989,128,10
1892224942,mqpl_4_512_512,145872948,128,10
1891448786,mqpl_4_512_512,145725114,128,10
1908829160,mqpl_4_512_512,147399162,128,10
1960151182,mqpl_4_512_512,150907121,128,10
1978648454,mqpl_4_512_1024,154021531,128,10
1969952300,mqpl_4_512_1024,153469493,128,10
1941988290,mqpl_4_512_1024,150936590,128,10
2017321078,mqpl_4_512_1024,157373820,128,10
1930994356,mqpl_4_512_1024,149967574,128,10
381557974,mqpl_4_1024_1,9237042,128,10
389092670,mqpl_4_1024_1,9291289,128,10
413212996,mqpl_4_1024_1,9251921,128,10
389019756,mqpl_4_1024_1,9257610,128,10
410038690,mqpl_4_1024_1,9249530,128,10
320660068,mqpl_4_1024_2,10818379,128,10
329547036,mqpl_4_1024_2,10886399,128,10
322531376,mqpl_4_1024_2,10882409,128,10
329100486,mqpl_4_1024_2,10822142,128,10
323969142,mqpl_4_1024_2,10881480,128,10
324221968,mqpl_4_1024_4,14256088,128,10
324634104,mqpl_4_1024_4,14127369,128,10
325315892,mqpl_4_1024_4,14233977,128,10
326911946,mqpl_4_1024_4,14212905,128,10
326929148,mqpl_4_1024_4,14277488,128,10
375199562,mqpl_4_1024_8,19905226,128,10
380405768,mqpl_4_1024_8,19914306,128,10
381066576,mqpl_4_1024_8,19973347,128,10
376446576,mqpl_4_1024_8,19963194,128,10
376997822,mqpl_4_1024_8,20031462,128,10
476955328,mqpl_4_1024_16,28825863,128,10
480102714,mqpl_4_1024_16,29097757,128,10
481542502,mqpl_4_1024_16,29149308,128,10
478477636,mqpl_4_1024_16,29010019,128,10
472234232,mqpl_4_1024_16,28779679,128,10
616151336,mqpl_4_1024_32,40926466,128,10
627290304,mqpl_4_1024_32,41845397,128,10
641040778,mqpl_4_1024_32,42493797,128,10
627410646,mqpl_4_1024_32,41907389,128,10
622426866,mqpl_4_1024_32,41552544,128,10
842698662,mqpl_4_1024_64,60051566,128,10
854613364,mqpl_4_1024_64,60821239,128,10
854989714,mqpl_4_1024_64,60609249,128,10
859088580,mqpl_4_1024_64,61341311,128,10
841983338,mqpl_4_1024_64,60104681,128,10
1168295306,mqpl_4_1024_128,86094597,128,10
1171466994,mqpl_4_1024_128,86884898,128,10
1175786028,mqpl_4_1024_128,86694071,128,10
1172488974,mqpl_4_1024_128,86502344,128,10
1168912110,mqpl_4_1024_128,86511646,128,10
1553817714,mqpl_4_1024_256,118323891,128,10
1582382752,mqpl_4_1024_256,120460045,128,10
1580721222,mqpl_4_1024_256,120319051,128,10
1591706734,mqpl_4_1024_256,121029741,128,10
1574294602,mqpl_4_1024_256,119815798,128,10
1914272784,mqpl_4_1024_512,147407315,128,10
1893611050,mqpl_4_1024_512,146083727,128,10
1870371900,mqpl_4_1024_512,143927889,128,10
1902867820,mqpl_4_1024_512,146853442,128,10
1945597858,mqpl_4_1024_512,150091338,128,10
1964752892,mqpl_4_1024_1024,153302805,128,10
1898219204,mqpl_4_1024_1024,148212479,128,10
1902363380,mqpl_4_1024_1024,148259600,128,10
1933619156,mqpl_4_1024_1024,150884870,128,10
2010356682,mqpl_4_1024_1024,156539901,128,10
