8244491880,slsmqhm_8_2,7717262,1
8224744342,slsmqhm_8_2,7717262,1
8224187760,slsmqhm_8_2,7717262,1
8224415262,slsmqhm_8_2,7717262,1
8271291078,slsmqhm_8_2,7717262,1
5057179942,slsmqhm_8_2,7726585,2
5050399512,slsmqhm_8_2,7725151,2
5055268276,slsmqhm_8_2,7726546,2
5067574238,slsmqhm_8_2,7727089,2
5065987486,slsmqhm_8_2,7726472,2
2653278372,slsmqhm_8_2,7754985,4
2738648114,slsmqhm_8_2,7754826,4
2645228666,slsmqhm_8_2,7754903,4
2634770336,slsmqhm_8_2,7756822,4
2646956048,slsmqhm_8_2,7753637,4
1492363974,slsmqhm_8_2,7814346,8
1492227808,slsmqhm_8_2,7811997,8
1464987812,slsmqhm_8_2,7815092,8
1478292010,slsmqhm_8_2,7812531,8
1523704590,slsmqhm_8_2,7812154,8
855615130,slsmqhm_8_2,7956328,16
870508668,slsmqhm_8_2,7956151,16
853223144,slsmqhm_8_2,7951385,16
875490720,slsmqhm_8_2,7953167,16
877932794,slsmqhm_8_2,7963515,16
609791910,slsmqhm_8_2,8307314,32
607458154,slsmqhm_8_2,8304626,32
613311820,slsmqhm_8_2,8303371,32
604904934,slsmqhm_8_2,8311484,32
604547124,slsmqhm_8_2,8307734,32
389474300,slsmqhm_8_2,9048316,64
394042154,slsmqhm_8_2,9017417,64
389651716,slsmqhm_8_2,9000531,64
390849640,slsmqhm_8_2,9026532,64
395488452,slsmqhm_8_2,8995560,64
281378744,slsmqhm_8_2,10417330,128
281146300,slsmqhm_8_2,10417590,128
281661020,slsmqhm_8_2,10400687,128
281392652,slsmqhm_8_2,10377561,128
280601340,slsmqhm_8_2,10401806,128
8218036266,slsmqhm_8_2,7717262,1
8239371468,slsmqhm_8_2,7717262,1
8278923732,slsmqhm_8_2,7717262,1
8221277368,slsmqhm_8_2,7717262,1
8215949974,slsmqhm_8_2,7717262,1
5051541682,slsmqhm_8_2,7727631,2
5062395350,slsmqhm_8_2,7726276,2
5067815244,slsmqhm_8_2,7726609,2
5058122566,slsmqhm_8_2,7727866,2
5051067506,slsmqhm_8_2,7725495,2
2667285262,slsmqhm_8_2,7755475,4
2696709520,slsmqhm_8_2,7758477,4
2665025530,slsmqhm_8_2,7755210,4
2660446500,slsmqhm_8_2,7755530,4
2640290698,slsmqhm_8_2,7758128,4
1488013656,slsmqhm_8_2,7816686,8
1495974974,slsmqhm_8_2,7817333,8
1503951760,slsmqhm_8_2,7811925,8
1501938996,slsmqhm_8_2,7812387,8
1530743438,slsmqhm_8_2,7812516,8
857844734,slsmqhm_8_2,7960258,16
865494516,slsmqhm_8_2,7945033,16
854315714,slsmqhm_8_2,7952607,16
858603506,slsmqhm_8_2,7954704,16
886261836,slsmqhm_8_2,7951372,16
605101472,slsmqhm_8_2,8312667,32
612740464,slsmqhm_8_2,8302634,32
615686304,slsmqhm_8_2,8310721,32
603396118,slsmqhm_8_2,8291503,32
599707152,slsmqhm_8_2,8309256,32
391096390,slsmqhm_8_2,9019571,64
389562250,slsmqhm_8_2,8997221,64
392135886,slsmqhm_8_2,8999257,64
390898308,slsmqhm_8_2,8995779,64
386957180,slsmqhm_8_2,9018396,64
282349492,slsmqhm_8_2,10440253,128
282834986,slsmqhm_8_2,10440374,128
279455130,slsmqhm_8_2,10384730,128
284153228,slsmqhm_8_2,10429544,128
282249080,slsmqhm_8_2,10469960,128
