17429263154,slsmqhm_32_4,23947347,1
17479126528,slsmqhm_32_4,23947347,1
17220396424,slsmqhm_32_4,23947347,1
17404223618,slsmqhm_32_4,23947347,1
17308682484,slsmqhm_32_4,23947347,1
9206821770,slsmqhm_32_4,23955823,2
9237319528,slsmqhm_32_4,23956009,2
9219343558,slsmqhm_32_4,23955839,2
9238859960,slsmqhm_32_4,23955366,2
9248417718,slsmqhm_32_4,23956379,2
4795645970,slsmqhm_32_4,23965410,4
4796515598,slsmqhm_32_4,23964702,4
4762713468,slsmqhm_32_4,23965662,4
4800898864,slsmqhm_32_4,23964318,4
4827710800,slsmqhm_32_4,23964937,4
2644470128,slsmqhm_32_4,23985493,8
2620908932,slsmqhm_32_4,23984501,8
2612443432,slsmqhm_32_4,23985533,8
2636923042,slsmqhm_32_4,23986527,8
2754894392,slsmqhm_32_4,23983345,8
1624874808,slsmqhm_32_4,24037949,16
1609040076,slsmqhm_32_4,24036330,16
1671898448,slsmqhm_32_4,24044736,16
1633048424,slsmqhm_32_4,24040586,16
1726421384,slsmqhm_32_4,24045423,16
1174986188,slsmqhm_32_4,24230866,32
1186871658,slsmqhm_32_4,24250332,32
1185329408,slsmqhm_32_4,24248927,32
1163897170,slsmqhm_32_4,24232642,32
1193768086,slsmqhm_32_4,24257350,32
802971858,slsmqhm_32_4,24992736,64
800656524,slsmqhm_32_4,25010019,64
792230664,slsmqhm_32_4,24985898,64
800980390,slsmqhm_32_4,24989105,64
791352628,slsmqhm_32_4,25012052,64
518482006,slsmqhm_32_4,27009056,128
522339096,slsmqhm_32_4,26905678,128
520913344,slsmqhm_32_4,26964836,128
518363526,slsmqhm_32_4,26945827,128
518942374,slsmqhm_32_4,27008328,128
