4258744930,slsmqhm_16_2,6262104,1
4243287676,slsmqhm_16_2,6262104,1
4246228764,slsmqhm_16_2,6262104,1
4246441406,slsmqhm_16_2,6262104,1
4245476160,slsmqhm_16_2,6262104,1
2369173250,slsmqhm_16_2,6264809,2
2381003580,slsmqhm_16_2,6265118,2
2391856458,slsmqhm_16_2,6264665,2
2378752794,slsmqhm_16_2,6264699,2
2391877874,slsmqhm_16_2,6265023,2
1283027358,slsmqhm_16_2,6269385,4
1287816760,slsmqhm_16_2,6269549,4
1288207142,slsmqhm_16_2,6268831,4
1283786890,slsmqhm_16_2,6269176,4
1281639074,slsmqhm_16_2,6269276,4
815755684,slsmqhm_16_2,6280965,8
768073054,slsmqhm_16_2,6279033,8
795937254,slsmqhm_16_2,6278824,8
834408828,slsmqhm_16_2,6279571,8
746673200,slsmqhm_16_2,6279006,8
507897868,slsmqhm_16_2,6320320,16
459338136,slsmqhm_16_2,6308782,16
469495682,slsmqhm_16_2,6315471,16
480910484,slsmqhm_16_2,6310002,16
478926346,slsmqhm_16_2,6315234,16
334597942,slsmqhm_16_2,6422230,32
331143306,slsmqhm_16_2,6416881,32
327361046,slsmqhm_16_2,6411574,32
332082480,slsmqhm_16_2,6422436,32
332779880,slsmqhm_16_2,6408366,32
224685598,slsmqhm_16_2,6713137,64
220106522,slsmqhm_16_2,6735700,64
217575210,slsmqhm_16_2,6758370,64
219661708,slsmqhm_16_2,6740805,64
216611834,slsmqhm_16_2,6730036,64
145953584,slsmqhm_16_2,7451050,128
146039920,slsmqhm_16_2,7455373,128
148487482,slsmqhm_16_2,7547283,128
148169988,slsmqhm_16_2,7539890,128
147405434,slsmqhm_16_2,7439225,128
