164780855914,slsmqhm_32_64,35016137,1
163611500428,slsmqhm_32_64,35016137,1
164008447978,slsmqhm_32_64,35016137,1
164115962744,slsmqhm_32_64,35016137,1
163809314872,slsmqhm_32_64,35016137,1
83386076834,slsmqhm_32_64,35025518,2
83739260008,slsmqhm_32_64,35024544,2
83239049054,slsmqhm_32_64,35032037,2
83892805948,slsmqhm_32_64,35024584,2
83533926390,slsmqhm_32_64,35027816,2
42445139336,slsmqhm_32_64,35175021,4
42306601074,slsmqhm_32_64,35206236,4
42303241836,slsmqhm_32_64,35111244,4
42398537520,slsmqhm_32_64,35246580,4
42460046580,slsmqhm_32_64,35258936,4
21966484430,slsmqhm_32_64,35802628,8
21914878384,slsmqhm_32_64,35538071,8
22069922034,slsmqhm_32_64,35573738,8
21974492766,slsmqhm_32_64,35575539,8
21928991046,slsmqhm_32_64,35540656,8
11995126382,slsmqhm_32_64,36919028,16
11776924388,slsmqhm_32_64,36895340,16
12353915138,slsmqhm_32_64,36303638,16
11855130654,slsmqhm_32_64,36975900,16
11802975672,slsmqhm_32_64,36751442,16
7021491108,slsmqhm_32_64,38722562,32
6426304410,slsmqhm_32_64,36388521,32
7843490740,slsmqhm_32_64,40597254,32
6961860408,slsmqhm_32_64,39700388,32
7221915954,slsmqhm_32_64,39003204,32
5634054166,slsmqhm_32_64,42488244,64
6131260978,slsmqhm_32_64,42846406,64
5567069556,slsmqhm_32_64,42454436,64
5294585770,slsmqhm_32_64,42710297,64
5394967292,slsmqhm_32_64,42782632,64
5121849500,slsmqhm_32_64,47363680,128
8887540560,slsmqhm_32_64,47380222,128
10310747366,slsmqhm_32_64,47693719,128
4451458740,slsmqhm_32_64,46013372,128
5465370780,slsmqhm_32_64,46925108,128
