75357372546,slsmqhm_4_2,47894693,1,0
73745719104,slsmqhm_4_2,47894693,1,0
73815579202,slsmqhm_4_2,47894693,1,0
74246277132,slsmqhm_4_2,47894693,1,0
73578430818,slsmqhm_4_2,47894693,1,0
43500778908,slsmqhm_4_2,48097013,2,0
44657833044,slsmqhm_4_2,48090211,2,0
44119513322,slsmqhm_4_2,48083441,2,0
44359688078,slsmqhm_4_2,48082786,2,0
44536380702,slsmqhm_4_2,48083180,2,0
22891145444,slsmqhm_4_2,48083269,4,0
22949122218,slsmqhm_4_2,48080425,4,0
22481034600,slsmqhm_4_2,48101595,4,0
22417174394,slsmqhm_4_2,48098006,4,0
22445668088,slsmqhm_4_2,48101161,4,0
14839726402,slsmqhm_4_2,47974364,8,0
14802939808,slsmqhm_4_2,47976698,8,0
14831139660,slsmqhm_4_2,47967227,8,0
14609915328,slsmqhm_4_2,47977091,8,0
14726017826,slsmqhm_4_2,47974133,8,0
9933869858,slsmqhm_4_2,47985571,16,0
10110698148,slsmqhm_4_2,47979693,16,0
10138183956,slsmqhm_4_2,47973417,16,0
10320484674,slsmqhm_4_2,47982740,16,0
9967424916,slsmqhm_4_2,47990749,16,0
9453651124,slsmqhm_4_2,48265621,32,0
9471332834,slsmqhm_4_2,48251521,32,0
9463932034,slsmqhm_4_2,48261460,32,0
9449189684,slsmqhm_4_2,48250349,32,0
9495121550,slsmqhm_4_2,48264304,32,0
9766505472,slsmqhm_4_2,48275806,64,0
9567464134,slsmqhm_4_2,48252314,64,0
9257273388,slsmqhm_4_2,48282441,64,0
9379524834,slsmqhm_4_2,48260426,64,0
9454274576,slsmqhm_4_2,48272355,64,0
9618148226,slsmqhm_4_2,48263288,128,0
8975824226,slsmqhm_4_2,48270816,128,0
12280640330,slsmqhm_4_2,48315551,128,0
9736813190,slsmqhm_4_2,48254033,128,0
9230247594,slsmqhm_4_2,48270690,128,0
75087435682,slsmqhm_4_2,47894693,1,0
75601368686,slsmqhm_4_2,47894693,1,0
75145987290,slsmqhm_4_2,47894693,1,0
74080085352,slsmqhm_4_2,47894693,1,0
75938179540,slsmqhm_4_2,47894693,1,0
44489370580,slsmqhm_4_2,48076512,2,0
44807502694,slsmqhm_4_2,48077525,2,0
44890776764,slsmqhm_4_2,48088328,2,0
44349289602,slsmqhm_4_2,48089483,2,0
44859601512,slsmqhm_4_2,48084741,2,0
22407317122,slsmqhm_4_2,48075318,4,0
22593946714,slsmqhm_4_2,48112527,4,0
22624067936,slsmqhm_4_2,48104554,4,0
23074783450,slsmqhm_4_2,48081130,4,0
22946892918,slsmqhm_4_2,48072653,4,0
15243228256,slsmqhm_4_2,47972086,8,0
15018732706,slsmqhm_4_2,47973603,8,0
14719686112,slsmqhm_4_2,47970954,8,0
14960069244,slsmqhm_4_2,47973727,8,0
14744258152,slsmqhm_4_2,47956982,8,0
10303321342,slsmqhm_4_2,47986797,16,0
10083783490,slsmqhm_4_2,47983409,16,0
10305984082,slsmqhm_4_2,47992804,16,0
10287715778,slsmqhm_4_2,47981561,16,0
9835221000,slsmqhm_4_2,47985783,16,0
9462617314,slsmqhm_4_2,48269033,32,0
9539272700,slsmqhm_4_2,48255779,32,0
9494582132,slsmqhm_4_2,48243764,32,0
9865640430,slsmqhm_4_2,48244471,32,0
9452976058,slsmqhm_4_2,48267331,32,0
9027452674,slsmqhm_4_2,48274486,64,0
9471028572,slsmqhm_4_2,48271654,64,0
9483798956,slsmqhm_4_2,48267431,64,0
9290364500,slsmqhm_4_2,48229855,64,0
8924692488,slsmqhm_4_2,48259847,64,0
9308521250,slsmqhm_4_2,48276378,128,0
8968006508,slsmqhm_4_2,48280157,128,0
9409002590,slsmqhm_4_2,48282058,128,0
9121398104,slsmqhm_4_2,48278224,128,0
9602361432,slsmqhm_4_2,48261798,128,0
