17507999178,slsmqhm_8_8,12524207,1,0
17379610816,slsmqhm_8_8,12524207,1,0
17703219306,slsmqhm_8_8,12524207,1,0
17786254080,slsmqhm_8_8,12524207,1,0
17582405514,slsmqhm_8_8,12524207,1,0
10912395714,slsmqhm_8_8,12541690,2,0
10826286350,slsmqhm_8_8,12539601,2,0
10911487190,slsmqhm_8_8,12534601,2,0
11008320344,slsmqhm_8_8,12540180,2,0
11155482740,slsmqhm_8_8,12539104,2,0
5763368588,slsmqhm_8_8,12549536,4,0
5561381498,slsmqhm_8_8,12545599,4,0
5714029192,slsmqhm_8_8,12550435,4,0
5725968506,slsmqhm_8_8,12550199,4,0
5581092982,slsmqhm_8_8,12551282,4,0
3553516150,slsmqhm_8_8,12538358,8,0
3563194550,slsmqhm_8_8,12538271,8,0
3524176632,slsmqhm_8_8,12537451,8,0
3537738346,slsmqhm_8_8,12537562,8,0
3541856086,slsmqhm_8_8,12537169,8,0
2398321408,slsmqhm_8_8,12538881,16,0
2424948854,slsmqhm_8_8,12542842,16,0
2430890570,slsmqhm_8_8,12543821,16,0
2406328786,slsmqhm_8_8,12541818,16,0
2411891128,slsmqhm_8_8,12538884,16,0
2322114440,slsmqhm_8_8,12565678,32,0
2325083060,slsmqhm_8_8,12568588,32,0
2320138180,slsmqhm_8_8,12568113,32,0
2319405218,slsmqhm_8_8,12566717,32,0
2324909496,slsmqhm_8_8,12566417,32,0
2244901454,slsmqhm_8_8,12578369,64,0
2233906362,slsmqhm_8_8,12579021,64,0
2228554942,slsmqhm_8_8,12579493,64,0
2239515336,slsmqhm_8_8,12580218,64,0
2234338220,slsmqhm_8_8,12579198,64,0
2221685704,slsmqhm_8_8,12593826,128,0
2314799516,slsmqhm_8_8,12592706,128,0
2201372336,slsmqhm_8_8,12592561,128,0
2340482758,slsmqhm_8_8,12594440,128,0
2205935738,slsmqhm_8_8,12592288,128,0
18223359414,slsmqhm_8_8,12524207,1,0
17467852612,slsmqhm_8_8,12524207,1,0
17584808170,slsmqhm_8_8,12524207,1,0
17686174648,slsmqhm_8_8,12524207,1,0
18007357114,slsmqhm_8_8,12524207,1,0
10756890486,slsmqhm_8_8,12535869,2,0
10865407454,slsmqhm_8_8,12538184,2,0
11221615258,slsmqhm_8_8,12532165,2,0
11074610420,slsmqhm_8_8,12534004,2,0
10972762834,slsmqhm_8_8,12537383,2,0
5589112658,slsmqhm_8_8,12553557,4,0
5575008906,slsmqhm_8_8,12553426,4,0
5440943208,slsmqhm_8_8,12550082,4,0
5623239520,slsmqhm_8_8,12549756,4,0
5694923760,slsmqhm_8_8,12546377,4,0
3539896290,slsmqhm_8_8,12537479,8,0
3562374158,slsmqhm_8_8,12537846,8,0
3544600104,slsmqhm_8_8,12537177,8,0
3542845714,slsmqhm_8_8,12537534,8,0
3559983756,slsmqhm_8_8,12536917,8,0
2403128474,slsmqhm_8_8,12542462,16,0
2437234138,slsmqhm_8_8,12542377,16,0
2440944400,slsmqhm_8_8,12540925,16,0
2442327052,slsmqhm_8_8,12543359,16,0
2457390446,slsmqhm_8_8,12540370,16,0
2327551170,slsmqhm_8_8,12567094,32,0
2319300720,slsmqhm_8_8,12568817,32,0
2326017442,slsmqhm_8_8,12562620,32,0
2325311330,slsmqhm_8_8,12561931,32,0
2329569472,slsmqhm_8_8,12568543,32,0
2247289648,slsmqhm_8_8,12577770,64,0
2232656348,slsmqhm_8_8,12579129,64,0
2237567888,slsmqhm_8_8,12578558,64,0
2245600802,slsmqhm_8_8,12577165,64,0
2235354332,slsmqhm_8_8,12578524,64,0
2195777564,slsmqhm_8_8,12591881,128,0
2393839738,slsmqhm_8_8,12595446,128,0
2264541854,slsmqhm_8_8,12595364,128,0
2205351142,slsmqhm_8_8,12592829,128,0
2287298114,slsmqhm_8_8,12595262,128,0
