6056867756,slsmqhm_8_1,6715869,1,10
6046580400,slsmqhm_8_1,6715869,1,10
6090611370,slsmqhm_8_1,6715869,1,10
6027342902,slsmqhm_8_1,6715869,1,10
6026144890,slsmqhm_8_1,6715869,1,10
3675496916,slsmqhm_8_1,6716466,2,10
3659494338,slsmqhm_8_1,6716386,2,10
3657359988,slsmqhm_8_1,6716346,2,10
3669014704,slsmqhm_8_1,6716263,2,10
3667758342,slsmqhm_8_1,6716211,2,10
1938980658,slsmqhm_8_1,6722927,4,10
1941437648,slsmqhm_8_1,6723100,4,10
1922936216,slsmqhm_8_1,6723249,4,10
1923496944,slsmqhm_8_1,6723907,4,10
1907789016,slsmqhm_8_1,6723833,4,10
1111686216,slsmqhm_8_1,6772206,8,10
1163247306,slsmqhm_8_1,6773208,8,10
1078735654,slsmqhm_8_1,6777906,8,10
1074198770,slsmqhm_8_1,6775143,8,10
1074267354,slsmqhm_8_1,6773915,8,10
643362516,slsmqhm_8_1,6994467,16,10
643119628,slsmqhm_8_1,6994424,16,10
642203922,slsmqhm_8_1,6987988,16,10
647521206,slsmqhm_8_1,7004530,16,10
629525130,slsmqhm_8_1,6990804,16,10
455791404,slsmqhm_8_1,7611397,32,10
448717598,slsmqhm_8_1,7576744,32,10
453845438,slsmqhm_8_1,7587722,32,10
446477748,slsmqhm_8_1,7603589,32,10
448937094,slsmqhm_8_1,7598313,32,10
311393194,slsmqhm_8_1,8790032,64,10
314326082,slsmqhm_8_1,8800149,64,10
312993874,slsmqhm_8_1,8830840,64,10
312974970,slsmqhm_8_1,8767921,64,10
314880294,slsmqhm_8_1,8790609,64,10
226874738,slsmqhm_8_1,10948789,128,10
226649188,slsmqhm_8_1,11011338,128,10
227792576,slsmqhm_8_1,11032127,128,10
226806976,slsmqhm_8_1,10930800,128,10
225497640,slsmqhm_8_1,10928749,128,10
