24900800206,slsmqhm_16_2,25660216,1,10
25030072578,slsmqhm_16_2,25660216,1,10
24878631882,slsmqhm_16_2,25660216,1,10
24851519010,slsmqhm_16_2,25660216,1,10
24868006886,slsmqhm_16_2,25660216,1,10
14214865134,slsmqhm_16_2,25661083,2,10
14164494570,slsmqhm_16_2,25661178,2,10
14149359540,slsmqhm_16_2,25661000,2,10
14285168678,slsmqhm_16_2,25661662,2,10
14170020514,slsmqhm_16_2,25661070,2,10
7327600900,slsmqhm_16_2,25673573,4,10
7303496964,slsmqhm_16_2,25673117,4,10
7258169206,slsmqhm_16_2,25673886,4,10
7380904946,slsmqhm_16_2,25673082,4,10
7320155354,slsmqhm_16_2,25673805,4,10
3916517452,slsmqhm_16_2,25766291,8,10
4054042228,slsmqhm_16_2,25769734,8,10
4123176402,slsmqhm_16_2,25766457,8,10
3925887478,slsmqhm_16_2,25767078,8,10
4066768624,slsmqhm_16_2,25768769,8,10
2362362544,slsmqhm_16_2,26197111,16,10
2347388472,slsmqhm_16_2,26179983,16,10
2330260182,slsmqhm_16_2,26179385,16,10
2304143936,slsmqhm_16_2,26174034,16,10
2305586042,slsmqhm_16_2,26177566,16,10
1549931566,slsmqhm_16_2,27549976,32,10
1531098174,slsmqhm_16_2,27549439,32,10
1548226706,slsmqhm_16_2,27566503,32,10
1534788878,slsmqhm_16_2,27556161,32,10
1553696624,slsmqhm_16_2,27528410,32,10
1003549694,slsmqhm_16_2,30566431,64,10
991871624,slsmqhm_16_2,30489763,64,10
982616248,slsmqhm_16_2,30548805,64,10
979790938,slsmqhm_16_2,30547020,64,10
991499976,slsmqhm_16_2,30556920,64,10
707305708,slsmqhm_16_2,36165249,128,10
710417492,slsmqhm_16_2,36176205,128,10
712274634,slsmqhm_16_2,36316068,128,10
711128794,slsmqhm_16_2,36242464,128,10
706916762,slsmqhm_16_2,36163948,128,10
