395328626786,slsmqhm_32_64,84816567,1,10
392232425636,slsmqhm_32_64,84816567,1,10
395472129138,slsmqhm_32_64,84816567,1,10
399503470370,slsmqhm_32_64,84816567,1,10
396980135858,slsmqhm_32_64,84816567,1,10
196524682672,slsmqhm_32_64,84822120,2,10
195916186516,slsmqhm_32_64,84816377,2,10
197161104876,slsmqhm_32_64,84821460,2,10
195390537242,slsmqhm_32_64,84819111,2,10
195544562682,slsmqhm_32_64,84816589,2,10
96618789984,slsmqhm_32_64,84821401,4,10
96763134694,slsmqhm_32_64,84820121,4,10
97028187136,slsmqhm_32_64,84823931,4,10
96919029480,slsmqhm_32_64,84819404,4,10
97245983800,slsmqhm_32_64,84825904,4,10
49392692708,slsmqhm_32_64,84826245,8,10
49413189296,slsmqhm_32_64,84825005,8,10
49553844324,slsmqhm_32_64,84840473,8,10
49364222104,slsmqhm_32_64,84828868,8,10
49326879540,slsmqhm_32_64,84838621,8,10
26427839622,slsmqhm_32_64,84876834,16,10
26427673240,slsmqhm_32_64,84844491,16,10
26499830694,slsmqhm_32_64,84872226,16,10
26473992112,slsmqhm_32_64,84867675,16,10
26565337264,slsmqhm_32_64,84884863,16,10
14530496496,slsmqhm_32_64,84876685,32,10
14880854786,slsmqhm_32_64,84930849,32,10
14230436680,slsmqhm_32_64,84895849,32,10
14354107908,slsmqhm_32_64,84874987,32,10
14485552116,slsmqhm_32_64,84933471,32,10
8278236426,slsmqhm_32_64,85305047,64,10
8369890398,slsmqhm_32_64,85364984,64,10
8509838236,slsmqhm_32_64,85254508,64,10
8455536402,slsmqhm_32_64,85294092,64,10
8406303310,slsmqhm_32_64,85204995,64,10
6086603256,slsmqhm_32_64,85889871,128,10
5937113104,slsmqhm_32_64,85900068,128,10
6076912340,slsmqhm_32_64,85922485,128,10
6066275526,slsmqhm_32_64,85727883,128,10
5982473524,slsmqhm_32_64,85667850,128,10
