24298908272,mqpp_4_2_2,28892591,1
24305488536,mqpp_4_2_2,28895443,1
24323716776,mqpp_4_2_2,28892214,1
24323429902,mqpp_4_2_2,28893520,1
24327687256,mqpp_4_2_2,28894182,1
17840626910,mqpp_4_2_2,28954822,2
17864133800,mqpp_4_2_2,28957341,2
17738490710,mqpp_4_2_2,28954376,2
17761836494,mqpp_4_2_2,28955946,2
17615171476,mqpp_4_2_2,28958664,2
10560398230,mqpp_4_2_2,29050362,4
10487622780,mqpp_4_2_2,29053856,4
10497267862,mqpp_4_2_2,29050733,4
10478954376,mqpp_4_2_2,29050823,4
10473928170,mqpp_4_2_2,29052637,4
5804499938,mqpp_4_2_2,29235132,8
5815536084,mqpp_4_2_2,29235103,8
5808593930,mqpp_4_2_2,29227726,8
5814990120,mqpp_4_2_2,29232607,8
5817395290,mqpp_4_2_2,29243057,8
3297347930,mqpp_4_2_2,29573091,16
3273480414,mqpp_4_2_2,29581583,16
3286072936,mqpp_4_2_2,29577762,16
3299339512,mqpp_4_2_2,29574632,16
3289718102,mqpp_4_2_2,29580496,16
2796510072,mqpp_4_2_2,30210706,32
2800401110,mqpp_4_2_2,30214921,32
2818881138,mqpp_4_2_2,30223083,32
2809955034,mqpp_4_2_2,30222834,32
2801035140,mqpp_4_2_2,30204943,32
1766955994,mqpp_4_2_2,31633976,64
1777259108,mqpp_4_2_2,31625466,64
1771439404,mqpp_4_2_2,31634113,64
1775921856,mqpp_4_2_2,31611064,64
1767932714,mqpp_4_2_2,31602183,64
1233411750,mqpp_4_2_2,35308937,128
1232047596,mqpp_4_2_2,35339318,128
1235997756,mqpp_4_2_2,35298220,128
1234522150,mqpp_4_2_2,35306061,128
1232390356,mqpp_4_2_2,35340885,128
24284612620,mqpp_4_2_2,28891419,1
24300774998,mqpp_4_2_2,28893457,1
24311059454,mqpp_4_2_2,28892561,1
24290150878,mqpp_4_2_2,28892145,1
24356056178,mqpp_4_2_2,28891994,1
17769745804,mqpp_4_2_2,28952611,2
17548026988,mqpp_4_2_2,28953373,2
17793021892,mqpp_4_2_2,28958362,2
17781569550,mqpp_4_2_2,28957938,2
17931381242,mqpp_4_2_2,28958921,2
10479321776,mqpp_4_2_2,29052418,4
10474706008,mqpp_4_2_2,29054231,4
10446138226,mqpp_4_2_2,29050851,4
10493396024,mqpp_4_2_2,29050498,4
10499443878,mqpp_4_2_2,29047761,4
5800174108,mqpp_4_2_2,29234908,8
5812835604,mqpp_4_2_2,29236791,8
5789066254,mqpp_4_2_2,29241536,8
5815920254,mqpp_4_2_2,29239155,8
5803127820,mqpp_4_2_2,29240557,8
3281170234,mqpp_4_2_2,29588492,16
3291624544,mqpp_4_2_2,29581374,16
3282259228,mqpp_4_2_2,29576605,16
3281293192,mqpp_4_2_2,29577066,16
3293956494,mqpp_4_2_2,29584032,16
2807128182,mqpp_4_2_2,30224327,32
2809278326,mqpp_4_2_2,30227678,32
2811428136,mqpp_4_2_2,30192690,32
2820293098,mqpp_4_2_2,30217618,32
2805387386,mqpp_4_2_2,30202634,32
1770692686,mqpp_4_2_2,31583566,64
1776345544,mqpp_4_2_2,31621835,64
1788117012,mqpp_4_2_2,31599535,64
1772268956,mqpp_4_2_2,31591593,64
1767931606,mqpp_4_2_2,31607420,64
1235216434,mqpp_4_2_2,35311422,128
1233041488,mqpp_4_2_2,35288395,128
1234903434,mqpp_4_2_2,35283262,128
1232824892,mqpp_4_2_2,35324134,128
1234377640,mqpp_4_2_2,35314079,128
