59343536156,mqpp_4_1024_256,50551423,1
59273319718,mqpp_4_1024_256,50549106,1
59665168672,mqpp_4_1024_256,50550571,1
59121216670,mqpp_4_1024_256,50554025,1
59183054006,mqpp_4_1024_256,50552358,1
30877602182,mqpp_4_1024_256,50559769,2
30980188824,mqpp_4_1024_256,50559519,2
30928710260,mqpp_4_1024_256,50574083,2
30950077568,mqpp_4_1024_256,50567753,2
31151319004,mqpp_4_1024_256,50577609,2
15936630820,mqpp_4_1024_256,50594616,4
15947029966,mqpp_4_1024_256,50581110,4
15935530076,mqpp_4_1024_256,50597258,4
15934996420,mqpp_4_1024_256,50582977,4
16018253190,mqpp_4_1024_256,50592099,4
8305016958,mqpp_4_1024_256,50617404,8
8297574646,mqpp_4_1024_256,50641406,8
8292077900,mqpp_4_1024_256,50613949,8
8292602528,mqpp_4_1024_256,50609468,8
8312361490,mqpp_4_1024_256,50657504,8
4570142462,mqpp_4_1024_256,50680197,16
4576545278,mqpp_4_1024_256,50660300,16
4578027652,mqpp_4_1024_256,50665773,16
4577259924,mqpp_4_1024_256,50661782,16
4581390812,mqpp_4_1024_256,50677325,16
2541988774,mqpp_4_1024_256,50762747,32
2535864708,mqpp_4_1024_256,50763844,32
2534644228,mqpp_4_1024_256,50777026,32
2539679520,mqpp_4_1024_256,50779758,32
2537041754,mqpp_4_1024_256,50741908,32
1486772142,mqpp_4_1024_256,50954082,64
1483599336,mqpp_4_1024_256,50913431,64
1490032032,mqpp_4_1024_256,50929394,64
1475773720,mqpp_4_1024_256,51004517,64
1481785846,mqpp_4_1024_256,50962297,64
1516912470,mqpp_4_1024_256,51397711,128
1427003232,mqpp_4_1024_256,51450994,128
1230519086,mqpp_4_1024_256,51321578,128
1216391766,mqpp_4_1024_256,51365077,128
1190868416,mqpp_4_1024_256,51341937,128
