190350009372,mqpp_4_1024_1024,75836792,1,10
190357037894,mqpp_4_1024_1024,75829921,1,10
190913034274,mqpp_4_1024_1024,75845995,1,10
190374656844,mqpp_4_1024_1024,75828828,1,10
190349928294,mqpp_4_1024_1024,75798928,1,10
96456940630,mqpp_4_1024_1024,75904282,2,10
96549389320,mqpp_4_1024_1024,75855453,2,10
96184981224,mqpp_4_1024_1024,75871016,2,10
96249719214,mqpp_4_1024_1024,75919472,2,10
96484495792,mqpp_4_1024_1024,75970040,2,10
48766235050,mqpp_4_1024_1024,76094331,4,10
48776886192,mqpp_4_1024_1024,76058048,4,10
48780900910,mqpp_4_1024_1024,76138633,4,10
48749992472,mqpp_4_1024_1024,76021817,4,10
48784349740,mqpp_4_1024_1024,76061854,4,10
25063616242,mqpp_4_1024_1024,76375199,8,10
25065236404,mqpp_4_1024_1024,76339038,8,10
25043601822,mqpp_4_1024_1024,76387791,8,10
25040830304,mqpp_4_1024_1024,76350407,8,10
25047619784,mqpp_4_1024_1024,76298028,8,10
13288883156,mqpp_4_1024_1024,76901007,16,10
13298625380,mqpp_4_1024_1024,77020380,16,10
13319856934,mqpp_4_1024_1024,77268901,16,10
13310949812,mqpp_4_1024_1024,77127733,16,10
13307786018,mqpp_4_1024_1024,77008766,16,10
7782859188,mqpp_4_1024_1024,78251010,32,10
7798588098,mqpp_4_1024_1024,78325642,32,10
7794452744,mqpp_4_1024_1024,78202345,32,10
7849248132,mqpp_4_1024_1024,79015241,32,10
7793638992,mqpp_4_1024_1024,79009813,32,10
4436288446,mqpp_4_1024_1024,82153708,64,10
4479200272,mqpp_4_1024_1024,83132651,64,10
4476667896,mqpp_4_1024_1024,81486260,64,10
4465364210,mqpp_4_1024_1024,82649381,64,10
4422725014,mqpp_4_1024_1024,81538933,64,10
3514289042,mqpp_4_1024_1024,87381020,128,10
3341550512,mqpp_4_1024_1024,86026457,128,10
3338972586,mqpp_4_1024_1024,87191805,128,10
3397277366,mqpp_4_1024_1024,89121784,128,10
3373307132,mqpp_4_1024_1024,88155522,128,10
