36113610530,swarm,31207955,1,14
35886192348,swarm,31207955,1,14
36039627994,swarm,31207955,1,14
36048134972,swarm,31207955,1,14
36002292214,swarm,31207955,1,14
36050867724,swarm,31207955,1,14
36082664050,swarm,31207955,1,14
35929379538,swarm,31207955,1,14
36298324970,swarm,31207955,1,14
36034052216,swarm,31207955,1,14
24891633466,swarm,28910636,2,14
24904458940,swarm,28924032,2,14
25037872128,swarm,28929712,2,14
24984454902,swarm,28935218,2,14
24945536042,swarm,28932617,2,14
26933676252,swarm,31259792,2,14
24896637386,swarm,28926176,2,14
24928413312,swarm,28932320,2,14
24911521876,swarm,28936017,2,14
26860050218,swarm,31261443,2,14
15443920608,swarm,28994570,4,14
15538196076,swarm,29006673,4,14
15539062578,swarm,29011354,4,14
15524430748,swarm,29018001,4,14
15396999374,swarm,28995084,4,14
15501720090,swarm,29012609,4,14
15319843396,swarm,29003089,4,14
15378240884,swarm,29011928,4,14
15568524572,swarm,29047439,4,14
15372818522,swarm,29002266,4,14
9032862656,swarm,29117122,8,14
9068305076,swarm,29091192,8,14
9076626118,swarm,29103021,8,14
9035280174,swarm,29105685,8,14
9075634110,swarm,29148217,8,14
9100410584,swarm,29159560,8,14
9108762022,swarm,29100423,8,14
9029473116,swarm,29138895,8,14
9070985240,swarm,29144174,8,14
9053095408,swarm,29139463,8,14
5195144978,swarm,29355304,16,14
5224538114,swarm,29347723,16,14
5220155370,swarm,29357286,16,14
5212187906,swarm,29302873,16,14
5227619582,swarm,29348030,16,14
5219395984,swarm,29337818,16,14
5205208394,swarm,29358031,16,14
5219826400,swarm,29330550,16,14
5213891756,swarm,29303067,16,14
5240420622,swarm,29349217,16,14
6004917396,swarm,32653053,32,14
5983346142,swarm,32552278,32,14
5965175532,swarm,32681180,32,14
5976303456,swarm,32712601,32,14
5952964440,swarm,32643173,32,14
5966376524,swarm,32687160,32,14
5954571564,swarm,32732250,32,14
5947888726,swarm,32695484,32,14
5986256058,swarm,32585452,32,14
5972466806,swarm,32730494,32,14
3891197188,swarm,31763201,64,14
3892557670,swarm,31710392,64,14
3878328568,swarm,31669544,64,14
3871436010,swarm,31721563,64,14
3856425616,swarm,31715451,64,14
3877996560,swarm,31613019,64,14
3942647614,swarm,31678895,64,14
3911493376,swarm,31785963,64,14
3864900142,swarm,31652596,64,14
3873564264,swarm,31657178,64,14
2854167160,swarm,32065556,128,14
2933342112,swarm,31753614,128,14
2745872314,swarm,31791129,128,14
2695864246,swarm,31953683,128,14
2919392148,swarm,32043260,128,14
3028037704,swarm,31831906,128,14
2755837166,swarm,31750998,128,14
2690636216,swarm,32161190,128,14
2685969482,swarm,31866206,128,14
2717344804,swarm,32156812,128,14
26133044230,hmq4,31221554,1,14
26188619128,hmq4,31222762,1,14
26116649224,hmq4,31222159,1,14
26155635306,hmq4,31221829,1,14
26140765570,hmq4,31221031,1,14
26169329432,hmq4,31222298,1,14
24230144956,hmq4,28891920,1,14
26176770466,hmq4,31224115,1,14
24183007656,hmq4,28892637,1,14
24149099622,hmq4,28891769,1,14
20034380384,hmq4,28936799,2,14
20548919588,hmq4,28936292,2,14
20232026578,hmq4,28936214,2,14
20120608516,hmq4,28937610,2,14
20180250298,hmq4,28940846,2,14
20183023312,hmq4,28938944,2,14
20425091716,hmq4,28937251,2,14
20192842390,hmq4,28936758,2,14
20111936432,hmq4,28939443,2,14
20138410242,hmq4,28939069,2,14
11945513182,hmq4,29011732,4,14
12017984640,hmq4,29008371,4,14
12029905952,hmq4,29011239,4,14
11994802404,hmq4,29011650,4,14
12022680216,hmq4,29007403,4,14
12006931190,hmq4,29011074,4,14
12018770610,hmq4,29012464,4,14
11999882086,hmq4,29010867,4,14
12026550852,hmq4,29011836,4,14
11966690848,hmq4,29008500,4,14
6610954626,hmq4,29105841,8,14
6584872644,hmq4,29108520,8,14
6623240120,hmq4,29105799,8,14
6605852238,hmq4,29107088,8,14
6607499618,hmq4,29110010,8,14
6605567714,hmq4,29102497,8,14
6594744660,hmq4,29105576,8,14
6588107128,hmq4,29107495,8,14
6599223152,hmq4,29104617,8,14
6610974796,hmq4,29107251,8,14
3723221330,hmq4,29255558,16,14
3700475494,hmq4,29258952,16,14
3701873490,hmq4,29253771,16,14
3707582742,hmq4,29248662,16,14
3721062500,hmq4,29253677,16,14
3695226412,hmq4,29253159,16,14
3702935154,hmq4,29256452,16,14
3724574296,hmq4,29243933,16,14
3703671088,hmq4,29253551,16,14
3692653754,hmq4,29253111,16,14
3561903674,hmq4,29567641,32,14
3539620904,hmq4,29570107,32,14
3532530644,hmq4,29568292,32,14
3547935582,hmq4,29562223,32,14
3576214302,hmq4,29567346,32,14
3550008292,hmq4,29562689,32,14
3557422926,hmq4,29562727,32,14
3546396824,hmq4,29560922,32,14
3551501202,hmq4,29559929,32,14
3532172034,hmq4,29561451,32,14
2094005362,hmq4,30211307,64,14
2139221258,hmq4,30191639,64,14
2093382732,hmq4,30214475,64,14
2096604682,hmq4,30211741,64,14
2105751494,hmq4,30224235,64,14
2098142320,hmq4,30221825,64,14
2092605248,hmq4,30202411,64,14
2108436462,hmq4,30196880,64,14
2089243410,hmq4,30203767,64,14
2093997102,hmq4,30186974,64,14
1302112954,hmq4,31676582,128,14
1331682500,hmq4,31672265,128,14
1302986422,hmq4,31686107,128,14
1303275596,hmq4,31696255,128,14
1307696006,hmq4,31708982,128,14
1322454408,hmq4,31704032,128,14
1301238410,hmq4,31662485,128,14
1301871160,hmq4,31656572,128,14
1351817616,hmq4,31678325,128,14
1322237126,hmq4,31696609,128,14
25354571730,heapswarm,31207719,1,14
25303359102,heapswarm,31207719,1,14
25304781714,heapswarm,31207719,1,14
25305267804,heapswarm,31207719,1,14
25583588214,heapswarm,31207719,1,14
25373076966,heapswarm,31207719,1,14
25387993212,heapswarm,31207719,1,14
25353946454,heapswarm,31207719,1,14
25302295192,heapswarm,31207719,1,14
25319914656,heapswarm,31207719,1,14
20661317400,heapswarm,31678893,2,14
20009580922,heapswarm,31480272,2,14
20437456044,heapswarm,30996031,2,14
19880493250,heapswarm,31060492,2,14
20309898592,heapswarm,31440982,2,14
19962862060,heapswarm,31048269,2,14
20902926698,heapswarm,31710203,2,14
20069765826,heapswarm,30658024,2,14
20755680464,heapswarm,31319020,2,14
20631314824,heapswarm,32110014,2,14
12784782096,heapswarm,31102506,4,14
12411875710,heapswarm,31068494,4,14
12503570836,heapswarm,31203661,4,14
12966514852,heapswarm,31608200,4,14
12500549792,heapswarm,30829122,4,14
12203040324,heapswarm,30745083,4,14
12852450538,heapswarm,31166779,4,14
12775865092,heapswarm,31395843,4,14
12484984412,heapswarm,30894545,4,14
12455537964,heapswarm,30779119,4,14
7363952282,heapswarm,30827131,8,14
7551702410,heapswarm,31252272,8,14
7451052366,heapswarm,30856451,8,14
7364165356,heapswarm,30836607,8,14
7252990360,heapswarm,30642559,8,14
7357675934,heapswarm,30757624,8,14
7425115808,heapswarm,31045869,8,14
7504218842,heapswarm,31135039,8,14
7281422444,heapswarm,30617808,8,14
7459955268,heapswarm,31055361,8,14
4511616692,heapswarm,30466709,16,14
4596294578,heapswarm,30703629,16,14
4590043278,heapswarm,30900051,16,14
4649037082,heapswarm,30868736,16,14
4531127052,heapswarm,30443139,16,14
4561751858,heapswarm,30687969,16,14
4620954898,heapswarm,30706844,16,14
4591413874,heapswarm,30719293,16,14
4625060780,heapswarm,30799110,16,14
4491459206,heapswarm,30349623,16,14
4716509734,heapswarm,32032521,32,14
4781429484,heapswarm,32526885,32,14
4781218140,heapswarm,32300097,32,14
4712103072,heapswarm,32459785,32,14
4755126952,heapswarm,32077930,32,14
4734926460,heapswarm,32086831,32,14
4828403014,heapswarm,32291806,32,14
4673660862,heapswarm,31928720,32,14
4778607310,heapswarm,32404124,32,14
4737515282,heapswarm,32271439,32,14
3182040712,heapswarm,33425610,64,14
3200777294,heapswarm,33584855,64,14
3195233134,heapswarm,33465819,64,14
3208197534,heapswarm,33409854,64,14
3243853754,heapswarm,33701788,64,14
3137866348,heapswarm,33178077,64,14
3173052112,heapswarm,33432461,64,14
3280469738,heapswarm,34072809,64,14
3216107240,heapswarm,33690342,64,14
3274642224,heapswarm,33911730,64,14
