8478838478,swarm,7717262,1,14
8404666668,swarm,7717262,1,14
8410194306,swarm,7717262,1,14
8391686060,swarm,7717262,1,14
8381564962,swarm,7717262,1,14
8422155878,swarm,7717262,1,14
8404761254,swarm,7717262,1,14
8391039486,swarm,7717262,1,14
8506628218,swarm,7717262,1,14
8430442622,swarm,7717262,1,14
6499222622,swarm,7725727,2,14
6514448056,swarm,7720278,2,14
6496418698,swarm,7722218,2,14
6491921770,swarm,7721534,2,14
6499581500,swarm,7722088,2,14
6509175864,swarm,7721253,2,14
6487271856,swarm,7720698,2,14
6510526932,swarm,7721341,2,14
6506102242,swarm,7721111,2,14
6514062582,swarm,7720588,2,14
4036507772,swarm,7751209,4,14
4066656990,swarm,7748319,4,14
4024859216,swarm,7749858,4,14
4079736624,swarm,7754687,4,14
4079190664,swarm,7756239,4,14
4063733782,swarm,7757708,4,14
4067666158,swarm,7756205,4,14
4121707556,swarm,7762884,4,14
4058538360,swarm,7763623,4,14
4078740122,swarm,7750763,4,14
2399061680,swarm,7806330,8,14
2386287732,swarm,7801972,8,14
2377014564,swarm,7796911,8,14
2397604844,swarm,7800277,8,14
2388286998,swarm,7806793,8,14
2389544048,swarm,7796496,8,14
2374608670,swarm,7797683,8,14
2388642790,swarm,7797370,8,14
2382112442,swarm,7796624,8,14
2395073328,swarm,7797047,8,14
1382300590,swarm,7885958,16,14
1391125216,swarm,7887748,16,14
1381007042,swarm,7888395,16,14
1380084032,swarm,7885340,16,14
1381759088,swarm,7894759,16,14
1378620446,swarm,7886790,16,14
1381923216,swarm,7888560,16,14
1377407954,swarm,7889200,16,14
1386342942,swarm,7886526,16,14
1375636716,swarm,7887543,16,14
1638434460,swarm,8708944,32,14
1642358940,swarm,8723865,32,14
1630083718,swarm,8733467,32,14
1634014384,swarm,8739880,32,14
1642869686,swarm,8719031,32,14
1628696114,swarm,8722495,32,14
1627255176,swarm,8728106,32,14
1626687724,swarm,8734839,32,14
1624844116,swarm,8756248,32,14
1630195622,swarm,8753866,32,14
1067490832,swarm,8603992,64,14
1062512612,swarm,8584676,64,14
1066021212,swarm,8598872,64,14
1067738810,swarm,8612851,64,14
1055645022,swarm,8591753,64,14
1065268438,swarm,8576101,64,14
1072684234,swarm,8611812,64,14
1065189762,swarm,8589143,64,14
1063444540,swarm,8591398,64,14
1060188600,swarm,8611596,64,14
769314888,swarm,8789348,128,14
768826520,swarm,8810990,128,14
764874110,swarm,8813502,128,14
782200400,swarm,8781145,128,14
758701878,swarm,8849260,128,14
787775468,swarm,8799627,128,14
767860448,swarm,8806093,128,14
760736712,swarm,8895539,128,14
760122626,swarm,8862758,128,14
778151312,swarm,8810993,128,14
6069828344,hmq4,7718617,1,14
6084549228,hmq4,7718093,1,14
6071720776,hmq4,7717761,1,14
6093157556,hmq4,7719254,1,14
6069285614,hmq4,7719302,1,14
6091247204,hmq4,7719656,1,14
6080369660,hmq4,7717535,1,14
6077675004,hmq4,7718304,1,14
6073578128,hmq4,7719769,1,14
6068179378,hmq4,7719806,1,14
5209452648,hmq4,7734123,2,14
5208526312,hmq4,7733915,2,14
5225928902,hmq4,7731207,2,14
5204442114,hmq4,7734301,2,14
5186252996,hmq4,7732938,2,14
5218790004,hmq4,7733160,2,14
5226918912,hmq4,7733482,2,14
5222791272,hmq4,7733923,2,14
5226538638,hmq4,7734940,2,14
5198051934,hmq4,7733853,2,14
3101898184,hmq4,7762064,4,14
3110898036,hmq4,7764352,4,14
3099077886,hmq4,7760655,4,14
3093107490,hmq4,7761616,4,14
3113089906,hmq4,7762373,4,14
3116736530,hmq4,7760988,4,14
3098337920,hmq4,7765037,4,14
3102228010,hmq4,7762525,4,14
3114297394,hmq4,7763715,4,14
3111549042,hmq4,7762276,4,14
1750529832,hmq4,7808183,8,14
1745893312,hmq4,7804194,8,14
1750611316,hmq4,7805429,8,14
1753924262,hmq4,7803633,8,14
1743452636,hmq4,7801870,8,14
1746562962,hmq4,7804681,8,14
1743005200,hmq4,7802653,8,14
1748509580,hmq4,7805230,8,14
1738991260,hmq4,7803334,8,14
1739360508,hmq4,7803338,8,14
972441142,hmq4,7875439,16,14
973095878,hmq4,7872944,16,14
970938358,hmq4,7872113,16,14
971684958,hmq4,7877055,16,14
972572812,hmq4,7876898,16,14
971263504,hmq4,7874022,16,14
972282926,hmq4,7875933,16,14
969759462,hmq4,7873748,16,14
970541094,hmq4,7871777,16,14
972249072,hmq4,7874375,16,14
931061134,hmq4,8031327,32,14
940388864,hmq4,8024802,32,14
943940650,hmq4,8035504,32,14
943313940,hmq4,8029445,32,14
935743938,hmq4,8028257,32,14
936469506,hmq4,8022377,32,14
935635112,hmq4,8026658,32,14
938334674,hmq4,8023651,32,14
936276720,hmq4,8022327,32,14
933648038,hmq4,8035086,32,14
564212274,hmq4,8362517,64,14
563807522,hmq4,8374228,64,14
563750712,hmq4,8360496,64,14
565162226,hmq4,8369796,64,14
565747094,hmq4,8377188,64,14
568299724,hmq4,8375107,64,14
566932152,hmq4,8366107,64,14
562926632,hmq4,8355330,64,14
567469370,hmq4,8367057,64,14
565545718,hmq4,8373567,64,14
371394920,hmq4,9151241,128,14
371514200,hmq4,9145003,128,14
379345328,hmq4,9174358,128,14
371764864,hmq4,9156336,128,14
369844620,hmq4,9164009,128,14
382617746,hmq4,9163129,128,14
376625112,hmq4,9163208,128,14
375767530,hmq4,9149999,128,14
368943822,hmq4,9158926,128,14
367549634,hmq4,9147429,128,14
5865146472,heapswarm,7717189,1,14
5855180370,heapswarm,7717189,1,14
5872885054,heapswarm,7717189,1,14
5873374382,heapswarm,7717189,1,14
5938872598,heapswarm,7717189,1,14
5850825074,heapswarm,7717189,1,14
5850505112,heapswarm,7717189,1,14
5854869988,heapswarm,7717189,1,14
5845307184,heapswarm,7717189,1,14
5854223094,heapswarm,7717189,1,14
5275558866,heapswarm,8462589,2,14
5182202676,heapswarm,8318995,2,14
5328771148,heapswarm,8285410,2,14
5209888454,heapswarm,8368898,2,14
5259968568,heapswarm,8315977,2,14
5193567522,heapswarm,8389549,2,14
5369243860,heapswarm,8486672,2,14
5247803498,heapswarm,8566576,2,14
5391827286,heapswarm,8395657,2,14
5423413622,heapswarm,8400853,2,14
3260813122,heapswarm,8165996,4,14
3330480318,heapswarm,8326629,4,14
3233008506,heapswarm,8211528,4,14
3224532606,heapswarm,8098658,4,14
3347442398,heapswarm,8338070,4,14
3270105616,heapswarm,8259082,4,14
3284053580,heapswarm,8235527,4,14
3415707202,heapswarm,8398215,4,14
3178908498,heapswarm,8080752,4,14
3285952566,heapswarm,8128555,4,14
1945524278,heapswarm,8123289,8,14
2040702010,heapswarm,8552402,8,14
1916944948,heapswarm,8121032,8,14
1932120494,heapswarm,8153602,8,14
1930257066,heapswarm,8152354,8,14
1949492636,heapswarm,8191812,8,14
1974773778,heapswarm,8158275,8,14
1930664460,heapswarm,8110719,8,14
1948541988,heapswarm,8206628,8,14
1937564598,heapswarm,8114911,8,14
1154566602,heapswarm,8169367,16,14
1130982544,heapswarm,8122302,16,14
1140094664,heapswarm,8177482,16,14
1138262246,heapswarm,8163790,16,14
1135944950,heapswarm,8156470,16,14
1140214246,heapswarm,8141195,16,14
1134379100,heapswarm,8176801,16,14
1140471184,heapswarm,8214652,16,14
1130966496,heapswarm,8138956,16,14
1158116812,heapswarm,8199958,16,14
1312730826,heapswarm,8571931,32,14
1336827132,heapswarm,8797761,32,14
1302382952,heapswarm,8529116,32,14
1303724404,heapswarm,8571509,32,14
1305119702,heapswarm,8621025,32,14
1328911888,heapswarm,8743412,32,14
1314580688,heapswarm,8512848,32,14
1308564046,heapswarm,8586395,32,14
1305027308,heapswarm,8573712,32,14
1303825438,heapswarm,8553446,32,14
805691460,heapswarm,8837143,64,14
806533512,heapswarm,8863615,64,14
793425154,heapswarm,8822723,64,14
788209020,heapswarm,8890175,64,14
814664084,heapswarm,8899391,64,14
785323572,heapswarm,8806214,64,14
803042870,heapswarm,8847522,64,14
802976874,heapswarm,8830522,64,14
798918460,heapswarm,8841921,64,14
785096418,heapswarm,8787543,64,14
