17521821552,swarm,23947347,1,0
17539918368,swarm,23947347,1,0
17395746192,swarm,23947347,1,0
17366641396,swarm,23947347,1,0
17336043760,swarm,23947347,1,0
17406159456,swarm,23947347,1,0
17326047678,swarm,23947347,1,0
17328254804,swarm,23947347,1,0
17379195276,swarm,23947347,1,0
17432247696,swarm,23947347,1,0
15058288560,swarm,23961074,2,0
15028805070,swarm,23961492,2,0
15129446322,swarm,23960011,2,0
15053951674,swarm,23954665,2,0
15041014308,swarm,23958922,2,0
14998858102,swarm,23961882,2,0
15035592040,swarm,23958512,2,0
15051825950,swarm,23954283,2,0
15076634284,swarm,23957461,2,0
15088932948,swarm,23954147,2,0
9985369964,swarm,23971726,4,0
10008113738,swarm,23967887,4,0
9950346296,swarm,23960635,4,0
9980269802,swarm,24220084,4,0
9848137432,swarm,24212682,4,0
9972551540,swarm,23974790,4,0
9851560268,swarm,24041086,4,0
9898294724,swarm,24209448,4,0
9863790334,swarm,24012946,4,0
9876736614,swarm,23961077,4,0
6171949890,swarm,23964959,8,0
6181823994,swarm,24037000,8,0
6165999906,swarm,23990115,8,0
6179947100,swarm,23967878,8,0
6213726698,swarm,23965205,8,0
6221900822,swarm,23965342,8,0
6221775556,swarm,23963946,8,0
6127631884,swarm,23965989,8,0
6203417310,swarm,23964775,8,0
6210303462,swarm,23964545,8,0
3595119280,swarm,23976700,16,0
3605802262,swarm,23978216,16,0
3585044630,swarm,23979103,16,0
3587534566,swarm,23978283,16,0
3609193604,swarm,23977218,16,0
3604487302,swarm,23978703,16,0
3585524458,swarm,23977899,16,0
3598212172,swarm,23977934,16,0
3581094496,swarm,23996877,16,0
3600793812,swarm,23978556,16,0
4186827896,swarm,26270910,32,0
4176991598,swarm,26198753,32,0
4199086706,swarm,26187907,32,0
4186593138,swarm,26234555,32,0
4199962832,swarm,26243715,32,0
4199818596,swarm,26198674,32,0
4184840256,swarm,26273372,32,0
4173588208,swarm,26280191,32,0
4200955590,swarm,26214961,32,0
4207617298,swarm,26202849,32,0
2680538604,swarm,24397195,64,0
2669876066,swarm,24363003,64,0
2687432308,swarm,24364378,64,0
2716430684,swarm,24370110,64,0
2704997892,swarm,24366247,64,0
2714303898,swarm,24357465,64,0
2671629284,swarm,24382780,64,0
2687173230,swarm,24357442,64,0
2705887604,swarm,24379676,64,0
2798506616,swarm,24374064,64,0
1748941612,swarm,24344516,128,0
1712431294,swarm,24351027,128,0
1737881352,swarm,24407544,128,0
1730666836,swarm,24380012,128,0
1737418582,swarm,24340106,128,0
1734263298,swarm,24665433,128,0
1729577982,swarm,24330199,128,0
1721938908,swarm,24398165,128,0
1733004296,swarm,24332314,128,0
10088594298,swarm,113032589,128,0
13761839244,hmq4,23947978,1,0
13739998008,hmq4,23948033,1,0
13742446430,hmq4,23948015,1,0
13770617388,hmq4,23948001,1,0
13756417818,hmq4,23948013,1,0
13761234928,hmq4,23948048,1,0
13769434020,hmq4,23947996,1,0
13744453898,hmq4,23948048,1,0
13788076912,hmq4,23948052,1,0
13782069428,hmq4,23948008,1,0
12752566926,hmq4,23949452,2,0
12750714478,hmq4,23949387,2,0
12985767408,hmq4,23949493,2,0
12633810952,hmq4,23949326,2,0
12821576170,hmq4,23949331,2,0
12830110088,hmq4,23949424,2,0
12757067128,hmq4,23949382,2,0
12541207142,hmq4,23949348,2,0
12688419648,hmq4,23949346,2,0
12622748330,hmq4,23949421,2,0
7655133712,hmq4,23951936,4,0
7678556106,hmq4,23951856,4,0
7629860370,hmq4,23951824,4,0
7649374532,hmq4,23951898,4,0
7651828898,hmq4,23951910,4,0
7646461826,hmq4,23951784,4,0
7688629150,hmq4,23951984,4,0
7626511824,hmq4,23951858,4,0
7661758790,hmq4,23951878,4,0
7651653472,hmq4,23951773,4,0
4267084304,hmq4,23955966,8,0
4282425980,hmq4,23956179,8,0
4270261940,hmq4,23956338,8,0
4298766842,hmq4,23956092,8,0
4267494788,hmq4,23956046,8,0
4251733004,hmq4,23956203,8,0
4283930026,hmq4,23956148,8,0
4263999864,hmq4,23956153,8,0
4278736432,hmq4,23956116,8,0
4245304862,hmq4,23956071,8,0
2362303276,hmq4,23965120,16,0
2368105958,hmq4,23965073,16,0
2354491204,hmq4,23964925,16,0
2363498358,hmq4,23964978,16,0
2362200466,hmq4,23965076,16,0
2368622266,hmq4,23964964,16,0
2368565472,hmq4,23964948,16,0
2364029992,hmq4,23965034,16,0
2347305864,hmq4,23965087,16,0
2373686858,hmq4,23965199,16,0
2393073696,hmq4,23983473,32,0
2393770764,hmq4,23983443,32,0
2387899092,hmq4,23983709,32,0
2412966842,hmq4,23983191,32,0
2395184766,hmq4,23983560,32,0
2387774016,hmq4,23983450,32,0
2398703288,hmq4,23983403,32,0
2394796282,hmq4,23983664,32,0
2389643336,hmq4,23983584,32,0
2375852134,hmq4,23983629,32,0
1426627154,hmq4,24022877,64,0
1445220270,hmq4,24022633,64,0
1436496986,hmq4,24023145,64,0
1452524100,hmq4,24022110,64,0
1444563662,hmq4,24022263,64,0
1443474994,hmq4,24023274,64,0
1434824192,hmq4,24022723,64,0
1430582320,hmq4,24022409,64,0
1435172966,hmq4,24023956,64,0
1443221360,hmq4,24022492,64,0
897334638,hmq4,24109941,128,0
886779352,hmq4,24110825,128,0
915115742,hmq4,24111365,128,0
891561368,hmq4,24109067,128,0
904194814,hmq4,24111063,128,0
913794396,hmq4,24110513,128,0
912866038,hmq4,24108750,128,0
884125880,hmq4,24108856,128,0
884248988,hmq4,24109207,128,0
895824150,hmq4,24110175,128,0
12801156490,heapswarm,23947347,1,0
12773614802,heapswarm,23947347,1,0
12812607924,heapswarm,23947347,1,0
12760357858,heapswarm,23947347,1,0
12764322562,heapswarm,23947347,1,0
12745113186,heapswarm,23947347,1,0
12777421796,heapswarm,23947347,1,0
12773057322,heapswarm,23947347,1,0
12775926782,heapswarm,23947347,1,0
12757369246,heapswarm,23947347,1,0
13142117480,heapswarm,26758028,2,0
13179704822,heapswarm,26532691,2,0
13094205382,heapswarm,26854758,2,0
13025255578,heapswarm,26624711,2,0
13194918438,heapswarm,26893809,2,0
13152394566,heapswarm,26767318,2,0
13195308612,heapswarm,26840442,2,0
13088580696,heapswarm,26842842,2,0
13109957776,heapswarm,26837494,2,0
12973079944,heapswarm,26760742,2,0
9218387300,heapswarm,27463853,4,0
9440917672,heapswarm,27805440,4,0
9043047060,heapswarm,27167995,4,0
8990635324,heapswarm,27222725,4,0
9483887898,heapswarm,27844168,4,0
9657746960,heapswarm,28208220,4,0
9544995828,heapswarm,27901144,4,0
9520235292,heapswarm,28277032,4,0
9636725176,heapswarm,28427749,4,0
9788831914,heapswarm,28304908,4,0
5669695988,heapswarm,27673218,8,0
5867660042,heapswarm,28176473,8,0
5778825238,heapswarm,27716213,8,0
5771733192,heapswarm,28443528,8,0
6137476842,heapswarm,29452877,8,0
5666614574,heapswarm,27617589,8,0
5741481918,heapswarm,27955239,8,0
5801745104,heapswarm,28358820,8,0
5645264000,heapswarm,27745739,8,0
5688016884,heapswarm,27698218,8,0
3460289560,heapswarm,27296765,16,0
3470980028,heapswarm,27200277,16,0
3506596244,heapswarm,27249567,16,0
3520330936,heapswarm,27534874,16,0
3497982972,heapswarm,27519104,16,0
3548266186,heapswarm,27501042,16,0
3492751802,heapswarm,27447889,16,0
3541727358,heapswarm,27550836,16,0
3513781708,heapswarm,27607870,16,0
3437356206,heapswarm,27480491,16,0
3614906522,heapswarm,28056094,32,0
3585563110,heapswarm,27860543,32,0
3570619800,heapswarm,27663978,32,0
3668719436,heapswarm,27859947,32,0
3619973532,heapswarm,27614496,32,0
3676895800,heapswarm,28321639,32,0
3586611170,heapswarm,27626392,32,0
3659567262,heapswarm,27995472,32,0
3637817416,heapswarm,28084630,32,0
3652100014,heapswarm,27804195,32,0
2585985718,heapswarm,29770028,64,0
2549140742,heapswarm,29558999,64,0
2528263880,heapswarm,29147634,64,0
2575941248,heapswarm,29410152,64,0
2671391004,heapswarm,30394354,64,0
2587600216,heapswarm,29560036,64,0
2649150818,heapswarm,30469268,64,0
2671561556,heapswarm,30617080,64,0
2631605826,heapswarm,30306828,64,0
2585241876,heapswarm,29919454,64,0
1114356466,heapswarm,26687380,128,0
1139170852,heapswarm,26808396,128,0
1142405426,heapswarm,26801236,128,0
1133591556,heapswarm,26811274,128,0
1123951932,heapswarm,26684201,128,0
1128708370,heapswarm,26869031,128,0
1131603814,heapswarm,26945754,128,0
1121835606,heapswarm,26606197,128,0
1089280972,heapswarm,26552731,128,0
1136648638,heapswarm,26858720,128,0
