4261247134,swarm,6262104,1,0
4254534756,swarm,6262104,1,0
4271570598,swarm,6262104,1,0
4270887940,swarm,6262104,1,0
4280810796,swarm,6262104,1,0
4301182714,swarm,6262104,1,0
4257035494,swarm,6262104,1,0
4288687088,swarm,6262104,1,0
4243674810,swarm,6262104,1,0
4240680270,swarm,6262104,1,0
3887063552,swarm,6265506,2,0
3884626680,swarm,6265940,2,0
3901336446,swarm,6264464,2,0
3897227630,swarm,6265171,2,0
3905478668,swarm,6264272,2,0
3900517064,swarm,6265170,2,0
3896940428,swarm,6264281,2,0
3897175928,swarm,6264271,2,0
3905263754,swarm,6264086,2,0
3899113358,swarm,6265369,2,0
2592963434,swarm,6288331,4,0
2594314748,swarm,6273981,4,0
2604398230,swarm,6302433,4,0
2588086390,swarm,6293287,4,0
2584656314,swarm,6319624,4,0
2601656220,swarm,6299560,4,0
2593001350,swarm,6281759,4,0
2584301226,swarm,6285756,4,0
2583716646,swarm,6305970,4,0
2605927488,swarm,6320983,4,0
1627368014,swarm,6274241,8,0
1621590510,swarm,6271190,8,0
1607369978,swarm,6271338,8,0
1614955016,swarm,6274007,8,0
1617700838,swarm,6272485,8,0
1612460408,swarm,6269547,8,0
1618372124,swarm,6269952,8,0
1633375332,swarm,6269370,8,0
1619928926,swarm,6274980,8,0
1637018224,swarm,6270221,8,0
940346638,swarm,6274637,16,0
940522526,swarm,6275032,16,0
936376138,swarm,6275964,16,0
947983440,swarm,6275920,16,0
942068580,swarm,6275533,16,0
938977390,swarm,6275928,16,0
937799690,swarm,6275648,16,0
936679576,swarm,6275031,16,0
937647792,swarm,6275798,16,0
940301964,swarm,6275252,16,0
1102296762,swarm,6859139,32,0
1110017568,swarm,6849115,32,0
1108160512,swarm,6846892,32,0
1104290498,swarm,6852411,32,0
1105434394,swarm,6842822,32,0
1098619658,swarm,6862373,32,0
1098951032,swarm,6857091,32,0
1105755448,swarm,6845491,32,0
1105303852,swarm,6859767,32,0
1101383500,swarm,6855697,32,0
697027414,swarm,6404998,64,0
697581566,swarm,6409005,64,0
699764686,swarm,6398832,64,0
707384684,swarm,6395755,64,0
697778004,swarm,6400398,64,0
701508934,swarm,6402648,64,0
699017918,swarm,6400785,64,0
697873140,swarm,6399733,64,0
703810042,swarm,6400669,64,0
698136962,swarm,6400848,64,0
1589775704,swarm,15809726,128,0
476870036,swarm,6422120,128,0
471951576,swarm,6449231,128,0
470763608,swarm,6450273,128,0
471305330,swarm,6448244,128,0
474493376,swarm,6435429,128,0
482089128,swarm,6416809,128,0
472298666,swarm,6437183,128,0
480072766,swarm,6422645,128,0
475566946,swarm,6430517,128,0
3299885462,hmq4,6262395,1,0
3301609558,hmq4,6262378,1,0
3299376836,hmq4,6262368,1,0
3312157168,hmq4,6262348,1,0
3292965708,hmq4,6262408,1,0
3300101566,hmq4,6262416,1,0
3299793472,hmq4,6262399,1,0
3303540918,hmq4,6262411,1,0
3309995730,hmq4,6262394,1,0
3298395768,hmq4,6262364,1,0
3227922232,hmq4,6263017,2,0
3242226096,hmq4,6262972,2,0
3241251570,hmq4,6263012,2,0
3243152192,hmq4,6263019,2,0
3231978888,hmq4,6263067,2,0
3243798890,hmq4,6263032,2,0
3266145716,hmq4,6263028,2,0
3253294290,hmq4,6262982,2,0
3253675696,hmq4,6262960,2,0
3238573156,hmq4,6263038,2,0
1948403470,hmq4,6264180,4,0
1952992820,hmq4,6264223,4,0
1960715836,hmq4,6264213,4,0
1958685848,hmq4,6264196,4,0
1961931516,hmq4,6264237,4,0
1964637182,hmq4,6264114,4,0
1959909112,hmq4,6264233,4,0
1953293160,hmq4,6264009,4,0
1956260880,hmq4,6264051,4,0
1953676254,hmq4,6264156,4,0
1112320292,hmq4,6266245,8,0
1111822792,hmq4,6266251,8,0
1119153820,hmq4,6266383,8,0
1104919276,hmq4,6266323,8,0
1107208708,hmq4,6266268,8,0
1107543334,hmq4,6266221,8,0
1107529732,hmq4,6266200,8,0
1111290076,hmq4,6266200,8,0
1110632096,hmq4,6266403,8,0
1104976924,hmq4,6266329,8,0
596343462,hmq4,6270906,16,0
599207804,hmq4,6271111,16,0
596813168,hmq4,6270962,16,0
597796754,hmq4,6270746,16,0
599136016,hmq4,6270882,16,0
596978004,hmq4,6271014,16,0
598568892,hmq4,6270950,16,0
597750918,hmq4,6271068,16,0
600828232,hmq4,6271020,16,0
596509076,hmq4,6270940,16,0
610219474,hmq4,6279985,32,0
612883918,hmq4,6280553,32,0
610156786,hmq4,6280507,32,0
605102932,hmq4,6280577,32,0
608621740,hmq4,6281101,32,0
605706976,hmq4,6280850,32,0
607717808,hmq4,6280519,32,0
610899482,hmq4,6280106,32,0
605611382,hmq4,6280176,32,0
606797954,hmq4,6280752,32,0
362679978,hmq4,6302228,64,0
365956098,hmq4,6301965,64,0
365606762,hmq4,6301732,64,0
366962216,hmq4,6301287,64,0
365649708,hmq4,6301658,64,0
365964984,hmq4,6301771,64,0
366530042,hmq4,6302649,64,0
364870960,hmq4,6301998,64,0
364975132,hmq4,6301472,64,0
367094188,hmq4,6302104,64,0
230329284,hmq4,6350575,128,0
237857474,hmq4,6348958,128,0
233439302,hmq4,6348385,128,0
240947616,hmq4,6349253,128,0
240369226,hmq4,6348097,128,0
229297046,hmq4,6349174,128,0
232505900,hmq4,6348136,128,0
231329356,hmq4,6347904,128,0
226864696,hmq4,6354263,128,0
246399534,hmq4,6349946,128,0
3067848812,heapswarm,6262104,1,0
3080360776,heapswarm,6262104,1,0
3075325226,heapswarm,6262104,1,0
3075009632,heapswarm,6262104,1,0
3075599186,heapswarm,6262104,1,0
3080145876,heapswarm,6262104,1,0
3075363622,heapswarm,6262104,1,0
3072959670,heapswarm,6262104,1,0
3078996694,heapswarm,6262104,1,0
3090970416,heapswarm,6262104,1,0
3412653984,heapswarm,7051536,2,0
3197323402,heapswarm,6864433,2,0
3410992162,heapswarm,6944067,2,0
3406627788,heapswarm,7003903,2,0
3254650250,heapswarm,6978287,2,0
3292527680,heapswarm,6971821,2,0
3220897358,heapswarm,6985774,2,0
3361581850,heapswarm,7031647,2,0
2938252674,heapswarm,6512137,2,0
3305285902,heapswarm,7021459,2,0
2476162598,heapswarm,7292578,4,0
2478521676,heapswarm,7233993,4,0
2319718572,heapswarm,7223500,4,0
2556304076,heapswarm,7369328,4,0
2295815918,heapswarm,7104044,4,0
2276839992,heapswarm,7125960,4,0
2500301882,heapswarm,7276720,4,0
2472563140,heapswarm,7275591,4,0
2350470374,heapswarm,7276916,4,0
2405764898,heapswarm,7448109,4,0
1532474822,heapswarm,7208226,8,0
1521417194,heapswarm,7281709,8,0
1458259978,heapswarm,7230908,8,0
1543708078,heapswarm,7405163,8,0
1511132994,heapswarm,7250301,8,0
1501913634,heapswarm,7326585,8,0
1513807994,heapswarm,7303061,8,0
1490863420,heapswarm,7272276,8,0
1495732730,heapswarm,7282040,8,0
1465364298,heapswarm,7136704,8,0
862926124,heapswarm,7025960,16,0
892991364,heapswarm,7112069,16,0
870310210,heapswarm,7069524,16,0
837527284,heapswarm,6957571,16,0
875241800,heapswarm,7080662,16,0
858811888,heapswarm,7046734,16,0
880479244,heapswarm,7070082,16,0
870180892,heapswarm,7072658,16,0
867585910,heapswarm,7062020,16,0
896030820,heapswarm,7173195,16,0
946122636,heapswarm,7174756,32,0
953888654,heapswarm,7207630,32,0
957800988,heapswarm,7211069,32,0
951791946,heapswarm,7203211,32,0
947643706,heapswarm,7168209,32,0
953891484,heapswarm,7192320,32,0
961111326,heapswarm,7238759,32,0
954487720,heapswarm,7190438,32,0
961424946,heapswarm,7306661,32,0
971515770,heapswarm,7305441,32,0
594226630,heapswarm,7440848,64,0
582773126,heapswarm,7419654,64,0
585327994,heapswarm,7455892,64,0
590701560,heapswarm,7395899,64,0
573343546,heapswarm,7396096,64,0
593273892,heapswarm,7484669,64,0
599112514,heapswarm,7536646,64,0
579392544,heapswarm,7348637,64,0
592020554,heapswarm,7498472,64,0
592384766,heapswarm,7470147,64,0
296783474,heapswarm,6902456,128,0
284125636,heapswarm,6860034,128,0
280880288,heapswarm,6861052,128,0
286950158,heapswarm,6883729,128,0
284798044,heapswarm,6834501,128,0
285493810,heapswarm,6812248,128,0
290145198,heapswarm,6867740,128,0
286992862,heapswarm,6862840,128,0
292628164,heapswarm,6907746,128,0
288499508,heapswarm,6820007,128,0
