64351636146,swarm,50542646,1,0
64271173578,swarm,50542646,1,0
64039359170,swarm,50542646,1,0
64783476570,swarm,50542646,1,0
64428088774,swarm,50542646,1,0
64235298426,swarm,50542646,1,0
64136949104,swarm,50542646,1,0
63951254608,swarm,50542646,1,0
64406075898,swarm,50542646,1,0
64086237606,swarm,50542646,1,0
43390097470,swarm,50542690,2,0
43159470248,swarm,50542770,2,0
43571919236,swarm,50542681,2,0
43698500474,swarm,50542671,2,0
43683512676,swarm,50542747,2,0
43277775114,swarm,50542688,2,0
43673365540,swarm,50542679,2,0
43394323094,swarm,50542671,2,0
43408671066,swarm,50542680,2,0
43263977374,swarm,50542711,2,0
25982245546,swarm,50542980,4,0
26312766462,swarm,50543728,4,0
25994166040,swarm,50542796,4,0
26143353644,swarm,50543671,4,0
25990217082,swarm,50542773,4,0
26044132276,swarm,50542908,4,0
26006454310,swarm,50542834,4,0
26052199806,swarm,50542823,4,0
26006572784,swarm,50542926,4,0
26160482566,swarm,50542822,4,0
17146471046,swarm,50932672,8,0
17480586268,swarm,51099400,8,0
15058744220,swarm,50543374,8,0
15438469406,swarm,50543111,8,0
15794170970,swarm,50544074,8,0
15327826406,swarm,50543104,8,0
18014639632,swarm,51110028,8,0
16372081192,swarm,50842127,8,0
15209042440,swarm,50543692,8,0
15247735602,swarm,50543302,8,0
10261555842,swarm,50868554,16,0
9159936888,swarm,50544469,16,0
10716326056,swarm,51213301,16,0
9855989638,swarm,50853325,16,0
10219497130,swarm,51445529,16,0
10947667346,swarm,51144549,16,0
10333445904,swarm,51123899,16,0
9042098590,swarm,50545653,16,0
10284027940,swarm,51126222,16,0
9027209502,swarm,50544416,16,0
10005431604,swarm,51274096,32,0
10160235246,swarm,51676534,32,0
10364057562,swarm,51598447,32,0
10237938328,swarm,51657292,32,0
10455152510,swarm,51880036,32,0
10333477308,swarm,51464557,32,0
10255469568,swarm,51649803,32,0
9916192914,swarm,51333959,32,0
10235573200,swarm,51583979,32,0
10639005474,swarm,51980286,32,0
5995228550,swarm,50599297,64,0
6111015552,swarm,50675032,64,0
6294313954,swarm,50700885,64,0
6312823174,swarm,50747918,64,0
5993202724,swarm,50587308,64,0
6325080078,swarm,50807677,64,0
6216163996,swarm,50698013,64,0
6362668628,swarm,50794473,64,0
5964841636,swarm,50591013,64,0
6057010380,swarm,50583220,64,0
3681705886,swarm,50610686,128,0
3666697432,swarm,50597118,128,0
3676047080,swarm,50594592,128,0
3682378896,swarm,50581509,128,0
3663724600,swarm,50598993,128,0
3652619706,swarm,50587709,128,0
3651086464,swarm,50602378,128,0
3690089628,swarm,50598091,128,0
3657896030,swarm,50607215,128,0
3683660018,swarm,50612049,128,0
68997272648,hmq4,50542897,1,0
69930695482,hmq4,50542781,1,0
69095705180,hmq4,50542784,1,0
69013018166,hmq4,50542775,1,0
69166271774,hmq4,50542674,1,0
69391831616,hmq4,50542810,1,0
69574239866,hmq4,50542825,1,0
68987816438,hmq4,50542738,1,0
69153298874,hmq4,50542788,1,0
68807775396,hmq4,50542761,1,0
48962297612,hmq4,50542850,2,0
49610583330,hmq4,50543007,2,0
49096022564,hmq4,50542753,2,0
49267268486,hmq4,50542992,2,0
49493647872,hmq4,50543078,2,0
48888348026,hmq4,50543004,2,0
49381526950,hmq4,50543022,2,0
49322047242,hmq4,50542926,2,0
49580124486,hmq4,50542919,2,0
49407897820,hmq4,50543297,2,0
28147337998,hmq4,50543742,4,0
28374017968,hmq4,50543469,4,0
28257679512,hmq4,50543224,4,0
28160013980,hmq4,50543477,4,0
28273485942,hmq4,50543436,4,0
28356183088,hmq4,50543582,4,0
28329435606,hmq4,50543725,4,0
28412989752,hmq4,50543273,4,0
28298393794,hmq4,50543437,4,0
28349138378,hmq4,50543838,4,0
15361454238,hmq4,50544202,8,0
15474572274,hmq4,50544312,8,0
15441696164,hmq4,50544387,8,0
15408060578,hmq4,50544124,8,0
15396062272,hmq4,50543706,8,0
15410973950,hmq4,50544503,8,0
15427012894,hmq4,50544547,8,0
15500038440,hmq4,50543961,8,0
15391429636,hmq4,50544114,8,0
15448553438,hmq4,50543717,8,0
8431101444,hmq4,50544469,16,0
8540983860,hmq4,50545510,16,0
8494054272,hmq4,50545400,16,0
8460730214,hmq4,50544738,16,0
8438191640,hmq4,50544922,16,0
8432286950,hmq4,50545750,16,0
8480850544,hmq4,50544851,16,0
8457448094,hmq4,50544895,16,0
8504623356,hmq4,50544418,16,0
8440626126,hmq4,50544119,16,0
7263362104,hmq4,50546058,32,0
7205034230,hmq4,50546065,32,0
7184362120,hmq4,50545420,32,0
7235502770,hmq4,50546060,32,0
7282255916,hmq4,50545339,32,0
7255910316,hmq4,50546702,32,0
7228237444,hmq4,50546231,32,0
7203575912,hmq4,50546719,32,0
7220192966,hmq4,50545824,32,0
7229708762,hmq4,50545739,32,0
4632639926,hmq4,50547805,64,0
4639849950,hmq4,50548347,64,0
4734076338,hmq4,50547222,64,0
4648461982,hmq4,50548526,64,0
4671726170,hmq4,50548989,64,0
4676236228,hmq4,50553170,64,0
4686230210,hmq4,50547678,64,0
4655511010,hmq4,50547247,64,0
4656100734,hmq4,50548827,64,0
4651282092,hmq4,50548305,64,0
3397299134,hmq4,50555157,128,0
3417439022,hmq4,50553633,128,0
3400975418,hmq4,50556626,128,0
3387522488,hmq4,50551741,128,0
3423100584,hmq4,50554869,128,0
3424089094,hmq4,50552914,128,0
3686171248,hmq4,50551142,128,0
3401679358,hmq4,50554828,128,0
3419372372,hmq4,50551801,128,0
3433782776,hmq4,50551753,128,0
54495674376,heapswarm,50542646,1,0
54516958364,heapswarm,50542646,1,0
54468021428,heapswarm,50542646,1,0
54462917508,heapswarm,50542646,1,0
54489444880,heapswarm,50542646,1,0
54707713242,heapswarm,50542646,1,0
54582967354,heapswarm,50542646,1,0
54515649686,heapswarm,50542646,1,0
54491885120,heapswarm,50542646,1,0
54457241314,heapswarm,50542646,1,0
36524995450,heapswarm,50545581,2,0
37314278270,heapswarm,50547724,2,0
36507697224,heapswarm,50544371,2,0
36260001938,heapswarm,50553772,2,0
35641631402,heapswarm,50543242,2,0
36377576314,heapswarm,50544094,2,0
36190766066,heapswarm,50572664,2,0
36869002682,heapswarm,50557980,2,0
36951618040,heapswarm,50583371,2,0
35854685310,heapswarm,50543869,2,0
23909999072,heapswarm,51407349,4,0
24026100668,heapswarm,51412681,4,0
22515455632,heapswarm,50559839,4,0
23003082180,heapswarm,50944759,4,0
22637062004,heapswarm,50573475,4,0
23829324044,heapswarm,51210112,4,0
22116844638,heapswarm,50552921,4,0
22745015834,heapswarm,50681356,4,0
23929433736,heapswarm,51349077,4,0
22899918236,heapswarm,50844765,4,0
14167159122,heapswarm,51887188,8,0
14163733956,heapswarm,51948990,8,0
14284682856,heapswarm,51666979,8,0
13886867330,heapswarm,51959573,8,0
12762889860,heapswarm,50979732,8,0
13538477804,heapswarm,51397377,8,0
13832378594,heapswarm,51974122,8,0
14900457722,heapswarm,52281116,8,0
14061483596,heapswarm,52090018,8,0
14016214528,heapswarm,51766585,8,0
8932226978,heapswarm,52553519,16,0
8874961998,heapswarm,52479713,16,0
9254551536,heapswarm,52801894,16,0
9120526594,heapswarm,52668092,16,0
9350830254,heapswarm,52878089,16,0
9103867846,heapswarm,52731298,16,0
8942408290,heapswarm,52655880,16,0
8993657668,heapswarm,52713414,16,0
9163044852,heapswarm,52717946,16,0
9073351540,heapswarm,52385610,16,0
6754315874,heapswarm,51405257,32,0
6686307056,heapswarm,51174803,32,0
6688224804,heapswarm,51372818,32,0
6808923698,heapswarm,51244206,32,0
6852846600,heapswarm,51511535,32,0
6779047848,heapswarm,51519248,32,0
6734947030,heapswarm,51252957,32,0
6813999176,heapswarm,51420672,32,0
6719553878,heapswarm,51374860,32,0
6707216034,heapswarm,51276062,32,0
4462864848,heapswarm,53323156,64,0
4432517726,heapswarm,53411043,64,0
4359494772,heapswarm,53072778,64,0
4368007512,heapswarm,53101995,64,0
4378045636,heapswarm,53294350,64,0
4388864556,heapswarm,53255968,64,0
4356939846,heapswarm,53023194,64,0
4398498454,heapswarm,53256229,64,0
4528614530,heapswarm,53293318,64,0
4444768968,heapswarm,53074686,64,0
2379614536,heapswarm,51414581,128,0
2428652920,heapswarm,51523416,128,0
2397825078,heapswarm,51427546,128,0
2383647036,heapswarm,51464191,128,0
2445861678,heapswarm,51446080,128,0
2335616234,heapswarm,51245354,128,0
2411876852,heapswarm,51332374,128,0
2468177634,heapswarm,51544249,128,0
2369447552,heapswarm,51341665,128,0
2454201320,heapswarm,51385938,128,0
