6314372544,swarm,6715869,1,14
6297057314,swarm,6715869,1,14
6308537692,swarm,6715869,1,14
6282281922,swarm,6715869,1,14
6307468384,swarm,6715869,1,14
6301369568,swarm,6715869,1,14
6294137372,swarm,6715869,1,14
6278109450,swarm,6715869,1,14
6288898400,swarm,6715869,1,14
6278743218,swarm,6715869,1,14
5128458816,swarm,6731796,2,14
5133690656,swarm,6728104,2,14
5145470116,swarm,6729288,2,14
5138953814,swarm,6731267,2,14
5139323340,swarm,6731439,2,14
5128385114,swarm,6733763,2,14
5119159456,swarm,6731938,2,14
5129154108,swarm,6727126,2,14
5137317808,swarm,6730603,2,14
5133062568,swarm,6727167,2,14
3241756094,swarm,6759836,4,14
3244861250,swarm,6759966,4,14
3194934928,swarm,6752652,4,14
3202401396,swarm,6756027,4,14
3246388938,swarm,6760751,4,14
3218687142,swarm,6752062,4,14
3230053948,swarm,6752637,4,14
3190297860,swarm,6752922,4,14
3211786142,swarm,6750505,4,14
3217725744,swarm,6763080,4,14
1909937178,swarm,6782619,8,14
1905739558,swarm,6779663,8,14
1909640960,swarm,6784450,8,14
1906646258,swarm,6784139,8,14
1900995364,swarm,6779071,8,14
1893400686,swarm,6782404,8,14
1914171326,swarm,6781519,8,14
1916528800,swarm,6780308,8,14
1901124484,swarm,6780284,8,14
1906099688,swarm,6781150,8,14
1092669240,swarm,6844109,16,14
1089802064,swarm,6843160,16,14
1084345588,swarm,6842160,16,14
1087329738,swarm,6838341,16,14
1085721606,swarm,6838756,16,14
1086091626,swarm,6845106,16,14
1089122948,swarm,6840946,16,14
1096056508,swarm,6846748,16,14
1086236230,swarm,6846822,16,14
1089769682,swarm,6842410,16,14
1402008968,swarm,7850714,32,14
1410715462,swarm,7857057,32,14
1408033190,swarm,7848339,32,14
1411814934,swarm,7845210,32,14
1406521366,swarm,7857480,32,14
1413385836,swarm,7856670,32,14
1402088698,swarm,7847785,32,14
1409887102,swarm,7846346,32,14
1420430918,swarm,7873911,32,14
1416843192,swarm,7876135,32,14
934213220,swarm,7660738,64,14
931131352,swarm,7638536,64,14
932909538,swarm,7621877,64,14
927146198,swarm,7637092,64,14
920209452,swarm,7626045,64,14
928164578,swarm,7636108,64,14
931293672,swarm,7649975,64,14
928151038,swarm,7642636,64,14
933687216,swarm,7631074,64,14
933713298,swarm,7643637,64,14
701868478,swarm,8004272,128,14
692662416,swarm,8146595,128,14
727122218,swarm,8386881,128,14
687264712,swarm,8042932,128,14
690473730,swarm,8108165,128,14
685562356,swarm,8103074,128,14
706059996,swarm,7994833,128,14
689587108,swarm,8134226,128,14
690020660,swarm,8046750,128,14
688194348,swarm,8066225,128,14
3980832022,hmq4,6715936,1,14
3980011282,hmq4,6715996,1,14
3993910026,hmq4,6715861,1,14
3980656766,hmq4,6715898,1,14
3989833340,hmq4,6715992,1,14
4027226276,hmq4,6715990,1,14
3985620086,hmq4,6715984,1,14
3986580994,hmq4,6716058,1,14
3983612728,hmq4,6715949,1,14
3980789732,hmq4,6715966,1,14
3814112000,hmq4,6716535,2,14
3817604408,hmq4,6716760,2,14
3826045464,hmq4,6716544,2,14
3801130210,hmq4,6716665,2,14
3803972310,hmq4,6716541,2,14
3814763466,hmq4,6716775,2,14
3808437440,hmq4,6716681,2,14
3813374974,hmq4,6716612,2,14
3831689160,hmq4,6716683,2,14
3851329074,hmq4,6716834,2,14
2313617332,hmq4,6719540,4,14
2322281688,hmq4,6719758,4,14
2319543630,hmq4,6719350,4,14
2306667152,hmq4,6719647,4,14
2311399558,hmq4,6719305,4,14
2321357100,hmq4,6719404,4,14
2316230320,hmq4,6719499,4,14
2311646674,hmq4,6719074,4,14
2323971972,hmq4,6719649,4,14
2320025274,hmq4,6719644,4,14
1315192430,hmq4,6728602,8,14
1311627106,hmq4,6728897,8,14
1314142074,hmq4,6729131,8,14
1314664420,hmq4,6729270,8,14
1315065810,hmq4,6729008,8,14
1313778578,hmq4,6728978,8,14
1310170062,hmq4,6729063,8,14
1313297326,hmq4,6728847,8,14
1315909544,hmq4,6729301,8,14
1312690846,hmq4,6728927,8,14
717319184,hmq4,6762173,16,14
714602756,hmq4,6761499,16,14
715688800,hmq4,6762835,16,14
717844554,hmq4,6761957,16,14
714549764,hmq4,6761071,16,14
715983238,hmq4,6760900,16,14
716142862,hmq4,6761762,16,14
717051772,hmq4,6763361,16,14
719204764,hmq4,6762664,16,14
716425564,hmq4,6762637,16,14
733196436,hmq4,6879194,32,14
729780152,hmq4,6880780,32,14
727272376,hmq4,6880020,32,14
733771986,hmq4,6880873,32,14
730878636,hmq4,6880303,32,14
731229798,hmq4,6880288,32,14
729205534,hmq4,6881504,32,14
734685284,hmq4,6883820,32,14
725678716,hmq4,6880978,32,14
735735440,hmq4,6884428,32,14
446001330,hmq4,7271088,64,14
448403268,hmq4,7269351,64,14
448112856,hmq4,7279111,64,14
447540190,hmq4,7284813,64,14
449362974,hmq4,7272890,64,14
448726792,hmq4,7268534,64,14
448754098,hmq4,7277206,64,14
450053648,hmq4,7270826,64,14
447388820,hmq4,7273151,64,14
447892286,hmq4,7274543,64,14
317242744,hmq4,8425170,128,14
326071920,hmq4,8407049,128,14
329350168,hmq4,8415717,128,14
328488942,hmq4,8414436,128,14
331462396,hmq4,8421367,128,14
314259292,hmq4,8404189,128,14
329463576,hmq4,8410504,128,14
316540310,hmq4,8439121,128,14
318204190,hmq4,8420088,128,14
309247020,hmq4,8412117,128,14
3715370242,heapswarm,6715858,1,14
3712796688,heapswarm,6715858,1,14
3723640702,heapswarm,6715858,1,14
3711277892,heapswarm,6715858,1,14
3712950390,heapswarm,6715858,1,14
3706554910,heapswarm,6715858,1,14
3719026324,heapswarm,6715858,1,14
3710725704,heapswarm,6715858,1,14
3756307106,heapswarm,6715858,1,14
3714536240,heapswarm,6715858,1,14
3996438968,heapswarm,7760634,2,14
3888170704,heapswarm,7905549,2,14
3996246418,heapswarm,7825567,2,14
4047125492,heapswarm,7798867,2,14
4041065922,heapswarm,7933768,2,14
3830842414,heapswarm,7680116,2,14
4029323256,heapswarm,7907970,2,14
3983265214,heapswarm,7779729,2,14
3966124420,heapswarm,7820990,2,14
3893486166,heapswarm,7932612,2,14
2625875266,heapswarm,7864363,4,14
2701543460,heapswarm,7706248,4,14
2571107890,heapswarm,7639848,4,14
2799196636,heapswarm,7859014,4,14
2710198786,heapswarm,7640281,4,14
2692599856,heapswarm,7808376,4,14
2821746768,heapswarm,7756926,4,14
2690706962,heapswarm,7590485,4,14
2739515482,heapswarm,7787268,4,14
2750997740,heapswarm,7677898,4,14
1589376616,heapswarm,7626208,8,14
1607724206,heapswarm,7640325,8,14
1647747332,heapswarm,7690477,8,14
1568033132,heapswarm,7513528,8,14
1593209260,heapswarm,7582728,8,14
1559342364,heapswarm,7482369,8,14
1595916772,heapswarm,7626332,8,14
1589649314,heapswarm,7632548,8,14
1595272460,heapswarm,7534868,8,14
1587326064,heapswarm,7581154,8,14
952350610,heapswarm,7326453,16,14
968288898,heapswarm,7334668,16,14
975349358,heapswarm,7399555,16,14
959120516,heapswarm,7291045,16,14
986573720,heapswarm,7425638,16,14
976518286,heapswarm,7321053,16,14
969614970,heapswarm,7332937,16,14
990048830,heapswarm,7449654,16,14
970352958,heapswarm,7409650,16,14
984078122,heapswarm,7331992,16,14
1121462476,heapswarm,7794306,32,14
1106495344,heapswarm,7799122,32,14
1095813850,heapswarm,7706933,32,14
1111461014,heapswarm,7791769,32,14
1104820406,heapswarm,7746675,32,14
1107565426,heapswarm,7756957,32,14
1106254520,heapswarm,7803974,32,14
1101793772,heapswarm,7720995,32,14
1116706598,heapswarm,7847117,32,14
1124821350,heapswarm,7887286,32,14
737499034,heapswarm,8368116,64,14
723786170,heapswarm,8200491,64,14
715192862,heapswarm,8132328,64,14
717439644,heapswarm,8151685,64,14
726753274,heapswarm,8248655,64,14
733174014,heapswarm,8354121,64,14
722557392,heapswarm,8221836,64,14
736204608,heapswarm,8269937,64,14
720064542,heapswarm,8223563,64,14
710642096,heapswarm,8136279,64,14
393435462,heapswarm,8199574,128,14
396703130,heapswarm,8147328,128,14
395466468,heapswarm,8183943,128,14
403523064,heapswarm,8165841,128,14
400462754,heapswarm,8235247,128,14
397007596,heapswarm,8185335,128,14
444772850,heapswarm,9281348,128,14
397154012,heapswarm,8169740,128,14
400299072,heapswarm,8234093,128,14
404828316,heapswarm,8260257,128,14
