313344427334,swarm,75747143,1,0
313483071280,swarm,75747143,1,0
313517192354,swarm,75747143,1,0
315294138368,swarm,75747143,1,0
313587396854,swarm,75747143,1,0
312858020778,swarm,75747143,1,0
315162388154,swarm,75747143,1,0
313540690516,swarm,75747143,1,0
313898004222,swarm,75747143,1,0
313369552132,swarm,75747143,1,0
175661930954,swarm,75818828,2,0
175256039632,swarm,75821657,2,0
175633858082,swarm,75815195,2,0
174846764420,swarm,75785824,2,0
175906231600,swarm,75805091,2,0
175781261500,swarm,75790875,2,0
175698111546,swarm,75790682,2,0
176109839692,swarm,75820331,2,0
175745820144,swarm,75807632,2,0
176261721680,swarm,75776613,2,0
93846234464,swarm,75914264,4,0
93913858126,swarm,75930703,4,0
93846001782,swarm,75891862,4,0
93697854552,swarm,75901121,4,0
93338202738,swarm,76025018,4,0
93277839216,swarm,75945915,4,0
93543744830,swarm,75890534,4,0
93599710720,swarm,75912933,4,0
93639337196,swarm,75942168,4,0
93659054734,swarm,75966972,4,0
50340713534,swarm,75834571,8,0
50195174192,swarm,75918939,8,0
50182356798,swarm,75842574,8,0
50092913416,swarm,75831420,8,0
50161741906,swarm,75853846,8,0
50045261168,swarm,75845269,8,0
50168925672,swarm,75836385,8,0
50050291278,swarm,75893662,8,0
50116276940,swarm,75847060,8,0
50338814486,swarm,75827348,8,0
28108771330,swarm,75829608,16,0
28161096896,swarm,75822320,16,0
28201239716,swarm,75832604,16,0
28159405104,swarm,75840818,16,0
28111655646,swarm,75828500,16,0
28204899414,swarm,75806342,16,0
28196844270,swarm,75815535,16,0
28134609710,swarm,75881046,16,0
28108636264,swarm,75835364,16,0
28107274200,swarm,75822941,16,0
20079327800,swarm,76724130,32,0
20111866750,swarm,76649885,32,0
20085447616,swarm,76622692,32,0
20129342284,swarm,76708039,32,0
20067999994,swarm,76673522,32,0
20079234950,swarm,76634308,32,0
20099922794,swarm,76701896,32,0
20081286308,swarm,76686059,32,0
20160841466,swarm,76698445,32,0
20051785294,swarm,76651470,32,0
12187779254,swarm,76326403,64,0
12153499566,swarm,76488639,64,0
12123094324,swarm,76567867,64,0
12091957050,swarm,76520497,64,0
12114141676,swarm,76505592,64,0
12096544680,swarm,76502128,64,0
12208560564,swarm,76361515,64,0
12108580542,swarm,76510705,64,0
12100771156,swarm,76431449,64,0
12202553160,swarm,76360994,64,0
7541884322,swarm,76117169,128,0
7567499138,swarm,76097287,128,0
7555819158,swarm,76078706,128,0
7549803170,swarm,76110803,128,0
7558051628,swarm,76101239,128,0
7562760086,swarm,76079185,128,0
7570838188,swarm,76061644,128,0
7538101396,swarm,76083191,128,0
7552838432,swarm,76074915,128,0
7548086366,swarm,76083925,128,0
191633957892,hmq4,75746666,1,0
192538140976,hmq4,75746631,1,0
191919762112,hmq4,75746996,1,0
191779822370,hmq4,75746535,1,0
191970203498,hmq4,75747147,1,0
191970885578,hmq4,75746657,1,0
192362239542,hmq4,75746382,1,0
192088371454,hmq4,75747370,1,0
191919738356,hmq4,75747133,1,0
191891894786,hmq4,75746852,1,0
111186951916,hmq4,75746263,2,0
111626676946,hmq4,75745795,2,0
112513093952,hmq4,75747229,2,0
111282877282,hmq4,75747175,2,0
111297379988,hmq4,75747086,2,0
111748576264,hmq4,75745565,2,0
111105570416,hmq4,75747672,2,0
110911092928,hmq4,75746090,2,0
110815082316,hmq4,75745363,2,0
111124838918,hmq4,75746325,2,0
58947016802,hmq4,75746865,4,0
59044746122,hmq4,75746467,4,0
59241199050,hmq4,75747296,4,0
59162556550,hmq4,75746114,4,0
58992705910,hmq4,75746616,4,0
59232337332,hmq4,75746188,4,0
59129639914,hmq4,75747129,4,0
59147682288,hmq4,75746924,4,0
58995755678,hmq4,75747011,4,0
59117054268,hmq4,75747086,4,0
31086997880,hmq4,75747154,8,0
31093314180,hmq4,75746809,8,0
31082607744,hmq4,75745620,8,0
31068754272,hmq4,75746573,8,0
31119206552,hmq4,75746548,8,0
31170728420,hmq4,75747519,8,0
31077145958,hmq4,75746551,8,0
31090523186,hmq4,75747208,8,0
31089667892,hmq4,75746731,8,0
31084390174,hmq4,75746880,8,0
16645989764,hmq4,75747705,16,0
16665232794,hmq4,75747455,16,0
16685428298,hmq4,75749002,16,0
16637951600,hmq4,75748088,16,0
16655263374,hmq4,75747207,16,0
16663041734,hmq4,75746617,16,0
16635789034,hmq4,75747483,16,0
16686298876,hmq4,75747634,16,0
16653432704,hmq4,75747161,16,0
16657303392,hmq4,75748073,16,0
14587331444,hmq4,75748678,32,0
14471677528,hmq4,75749654,32,0
14396453828,hmq4,75748043,32,0
14676090752,hmq4,75749775,32,0
14656282508,hmq4,75749385,32,0
14422195810,hmq4,75749674,32,0
14663470294,hmq4,75749106,32,0
14520153356,hmq4,75750377,32,0
14595810156,hmq4,75749228,32,0
14564598852,hmq4,75749661,32,0
10061386400,hmq4,75752171,64,0
10069301386,hmq4,75754588,64,0
10000828406,hmq4,75753486,64,0
10042433354,hmq4,75758474,64,0
9995206386,hmq4,75752891,64,0
10081603082,hmq4,75753510,64,0
10055378480,hmq4,75754466,64,0
10068234330,hmq4,75752813,64,0
9988332578,hmq4,75754033,64,0
10004815676,hmq4,75752111,64,0
7420630928,hmq4,75767384,128,0
7312033358,hmq4,75776976,128,0
7355775682,hmq4,75769789,128,0
7346575244,hmq4,75767097,128,0
7443773204,hmq4,75771268,128,0
7412604132,hmq4,75768681,128,0
7288700646,hmq4,75770388,128,0
7323685408,hmq4,75772485,128,0
7345957780,hmq4,75769135,128,0
7274340116,hmq4,75770787,128,0
184994144152,heapswarm,75746341,1,0
184714746350,heapswarm,75746341,1,0
184672871378,heapswarm,75746341,1,0
184717913744,heapswarm,75746341,1,0
184690451756,heapswarm,75746341,1,0
184752047090,heapswarm,75746341,1,0
184736889900,heapswarm,75746341,1,0
185092779846,heapswarm,75746341,1,0
185048017322,heapswarm,75746341,1,0
184611087914,heapswarm,75746341,1,0
100303103406,heapswarm,76927671,2,0
101595916472,heapswarm,78471732,2,0
103177184202,heapswarm,79125392,2,0
101415536472,heapswarm,77757890,2,0
101655482002,heapswarm,77867340,2,0
101136465724,heapswarm,77855540,2,0
101717865144,heapswarm,78509407,2,0
101565843816,heapswarm,78213856,2,0
100497713674,heapswarm,77532100,2,0
102028776570,heapswarm,78307364,2,0
56073974098,heapswarm,81392569,4,0
55660842392,heapswarm,80471665,4,0
55922724034,heapswarm,80988138,4,0
56001634546,heapswarm,81541851,4,0
55809178382,heapswarm,80954804,4,0
55937250706,heapswarm,81224421,4,0
56482338748,heapswarm,81793050,4,0
54897582640,heapswarm,79830356,4,0
55386503360,heapswarm,80503721,4,0
55502528256,heapswarm,80614435,4,0
28789632264,heapswarm,79182837,8,0
29318482474,heapswarm,79824848,8,0
28781577452,heapswarm,79128103,8,0
28554441902,heapswarm,78889862,8,0
28798333652,heapswarm,79017812,8,0
29005969610,heapswarm,79749673,8,0
28592471890,heapswarm,78421481,8,0
29620735946,heapswarm,81234220,8,0
29740498034,heapswarm,81320498,8,0
28425872428,heapswarm,78541407,8,0
16702389672,heapswarm,81390519,16,0
16748223954,heapswarm,80692652,16,0
16493491034,heapswarm,80489969,16,0
16589676156,heapswarm,80357515,16,0
16606522762,heapswarm,80711018,16,0
16666751288,heapswarm,80856811,16,0
16866396796,heapswarm,81590062,16,0
16832199744,heapswarm,81525766,16,0
16576263474,heapswarm,80815333,16,0
16312966194,heapswarm,80045950,16,0
13014484002,heapswarm,80576797,32,0
12855291170,heapswarm,80598450,32,0
13019027900,heapswarm,80953204,32,0
13308941006,heapswarm,81228139,32,0
13081843432,heapswarm,81112106,32,0
13091614874,heapswarm,81083395,32,0
12958357742,heapswarm,80545042,32,0
13050958080,heapswarm,80552638,32,0
13082883440,heapswarm,81243336,32,0
13112049628,heapswarm,80653408,32,0
8726853676,heapswarm,86623690,64,0
8815149646,heapswarm,87368017,64,0
8699527076,heapswarm,87268748,64,0
8691123492,heapswarm,87753497,64,0
8816281612,heapswarm,87610895,64,0
8899567148,heapswarm,87585189,64,0
8695965166,heapswarm,87417306,64,0
8707299818,heapswarm,87487799,64,0
8777738012,heapswarm,87538537,64,0
8721699796,heapswarm,87084482,64,0
4745745890,heapswarm,80024174,128,0
4861017696,heapswarm,79750046,128,0
4772503588,heapswarm,80314112,128,0
4871403082,heapswarm,79796970,128,0
4925583544,heapswarm,80069788,128,0
4908834718,heapswarm,80495079,128,0
5044436760,heapswarm,80356619,128,0
4888446236,heapswarm,80126215,128,0
5004321472,heapswarm,80342975,128,0
4854735740,heapswarm,80341732,128,0
