5541379178,smqhm_8_1,7717173,1,14
5552710106,smqhm_8_1,7717173,1,14
5564513172,smqhm_8_1,7717173,1,14
5552337718,smqhm_8_1,7717173,1,14
5552550840,smqhm_8_1,7717173,1,14
5561741608,smqhm_8_1,7717173,1,14
5561168980,smqhm_8_1,7717173,1,14
5543182962,smqhm_8_1,7717173,1,14
5548761942,smqhm_8_1,7717173,1,14
5552627944,smqhm_8_1,7717173,1,14
3226779088,smqhm_8_1,7742451,2,14
3233596872,smqhm_8_1,7742846,2,14
3234002174,smqhm_8_1,7743209,2,14
3240369082,smqhm_8_1,7743811,2,14
3216287222,smqhm_8_1,7742179,2,14
3228297906,smqhm_8_1,7742573,2,14
3196582900,smqhm_8_1,7743602,2,14
3230137106,smqhm_8_1,7741477,2,14
3243164684,smqhm_8_1,7744668,2,14
3256937704,smqhm_8_1,7743723,2,14
1670535328,smqhm_8_1,7783889,4,14
1663647728,smqhm_8_1,7782949,4,14
1667831320,smqhm_8_1,7781532,4,14
1659931116,smqhm_8_1,7781383,4,14
1661161756,smqhm_8_1,7782456,4,14
1664531530,smqhm_8_1,7783928,4,14
1663105838,smqhm_8_1,7783698,4,14
1658468694,smqhm_8_1,7782012,4,14
1662086980,smqhm_8_1,7781880,4,14
1661485062,smqhm_8_1,7782911,4,14
901296742,smqhm_8_1,7885667,8,14
889649028,smqhm_8_1,7890831,8,14
897383616,smqhm_8_1,7894069,8,14
887721670,smqhm_8_1,7890549,8,14
888573650,smqhm_8_1,7885710,8,14
897120094,smqhm_8_1,7887007,8,14
898290502,smqhm_8_1,7890198,8,14
895832202,smqhm_8_1,7885535,8,14
894826720,smqhm_8_1,7887960,8,14
892572046,smqhm_8_1,7896224,8,14
514085792,smqhm_8_1,8175111,16,14
515720202,smqhm_8_1,8192419,16,14
514192906,smqhm_8_1,8189435,16,14
514472268,smqhm_8_1,8190164,16,14
522185134,smqhm_8_1,8190290,16,14
514926308,smqhm_8_1,8189688,16,14
515501702,smqhm_8_1,8200375,16,14
514539648,smqhm_8_1,8169194,16,14
514013232,smqhm_8_1,8185259,16,14
514829146,smqhm_8_1,8193233,16,14
374150394,smqhm_8_1,8870478,32,14
375043614,smqhm_8_1,8825136,32,14
375557162,smqhm_8_1,8863281,32,14
378913492,smqhm_8_1,8931271,32,14
380068772,smqhm_8_1,8942276,32,14
758339848,smqhm_8_1,18020284,32,14
374692392,smqhm_8_1,8841284,32,14
376560868,smqhm_8_1,8861909,32,14
375757360,smqhm_8_1,8833033,32,14
375008650,smqhm_8_1,8816472,32,14
258213512,smqhm_8_1,10537354,64,14
254563252,smqhm_8_1,10400610,64,14
254799286,smqhm_8_1,10350540,64,14
258524578,smqhm_8_1,10595308,64,14
254705068,smqhm_8_1,10414703,64,14
257057702,smqhm_8_1,10543410,64,14
257171028,smqhm_8_1,10526360,64,14
257628448,smqhm_8_1,10565555,64,14
261165230,smqhm_8_1,10680220,64,14
253866598,smqhm_8_1,10372180,64,14
192538280,smqhm_8_1,13078187,128,14
192462618,smqhm_8_1,13089563,128,14
193346644,smqhm_8_1,13162716,128,14
191981960,smqhm_8_1,13069913,128,14
191705276,smqhm_8_1,13022789,128,14
195066766,smqhm_8_1,13292535,128,14
192062824,smqhm_8_1,13105350,128,14
194528684,smqhm_8_1,13226404,128,14
194793536,smqhm_8_1,13358041,128,14
192802088,smqhm_8_1,13102507,128,14
