11872479330,smqhm_8_1,23947347,1,0
11891103966,smqhm_8_1,23947347,1,0
11803673660,smqhm_8_1,23947347,1,0
11934928076,smqhm_8_1,23947347,1,0
11824134188,smqhm_8_1,23947347,1,0
11812530670,smqhm_8_1,23947347,1,0
11799571250,smqhm_8_1,23947347,1,0
11866286180,smqhm_8_1,23947347,1,0
11852259988,smqhm_8_1,23947347,1,0
11816965096,smqhm_8_1,23947347,1,0
6345629778,smqhm_8_1,23952384,2,0
6375130800,smqhm_8_1,23952084,2,0
6335466812,smqhm_8_1,23952489,2,0
6352728432,smqhm_8_1,23952198,2,0
6355754200,smqhm_8_1,23952625,2,0
6327658126,smqhm_8_1,23952237,2,0
6387057080,smqhm_8_1,23952306,2,0
6331020642,smqhm_8_1,23952124,2,0
6353434028,smqhm_8_1,23952232,2,0
6363065102,smqhm_8_1,23952744,2,0
3239198270,smqhm_8_1,23960803,4,0
3240595924,smqhm_8_1,23961449,4,0
3239590536,smqhm_8_1,23962078,4,0
3228591858,smqhm_8_1,23961745,4,0
3231741226,smqhm_8_1,23961413,4,0
3250503712,smqhm_8_1,23960702,4,0
3228177100,smqhm_8_1,23961160,4,0
3236604294,smqhm_8_1,23961235,4,0
3222797586,smqhm_8_1,23961189,4,0
3237028422,smqhm_8_1,23962075,4,0
1720329646,smqhm_8_1,23980032,8,0
1725993660,smqhm_8_1,23979720,8,0
1735213964,smqhm_8_1,23979567,8,0
1719244936,smqhm_8_1,23977669,8,0
1724135212,smqhm_8_1,23977772,8,0
1721802772,smqhm_8_1,23980262,8,0
1727302202,smqhm_8_1,23980105,8,0
1724902176,smqhm_8_1,23980302,8,0
1721895366,smqhm_8_1,23980717,8,0
1718147120,smqhm_8_1,23979104,8,0
1014999116,smqhm_8_1,24023950,16,0
1010261910,smqhm_8_1,24023595,16,0
1007521724,smqhm_8_1,24020754,16,0
1010924856,smqhm_8_1,24024153,16,0
1009738208,smqhm_8_1,24025402,16,0
1012085754,smqhm_8_1,24023262,16,0
1012720398,smqhm_8_1,24025945,16,0
1013355422,smqhm_8_1,24024098,16,0
1015230218,smqhm_8_1,24028705,16,0
1021213262,smqhm_8_1,24024773,16,0
704304716,smqhm_8_1,24157646,32,0
701782306,smqhm_8_1,24148847,32,0
704315416,smqhm_8_1,24151559,32,0
703152330,smqhm_8_1,24156174,32,0
701550620,smqhm_8_1,24159549,32,0
701803858,smqhm_8_1,24155045,32,0
703417784,smqhm_8_1,24160648,32,0
700833978,smqhm_8_1,24163661,32,0
701723002,smqhm_8_1,24153893,32,0
702513446,smqhm_8_1,24157834,32,0
425492710,smqhm_8_1,24587488,64,0
426124886,smqhm_8_1,24581845,64,0
425854400,smqhm_8_1,24566198,64,0
425767286,smqhm_8_1,24580579,64,0
425891116,smqhm_8_1,24597832,64,0
425153508,smqhm_8_1,24575598,64,0
426655950,smqhm_8_1,24593399,64,0
425171202,smqhm_8_1,24582495,64,0
425334602,smqhm_8_1,24585072,64,0
424790238,smqhm_8_1,24561595,64,0
266867366,smqhm_8_1,25865439,128,0
266735544,smqhm_8_1,25903157,128,0
267500636,smqhm_8_1,25901844,128,0
266420420,smqhm_8_1,25867182,128,0
268196804,smqhm_8_1,25927319,128,0
266983056,smqhm_8_1,25837228,128,0
266882828,smqhm_8_1,25910653,128,0
270021438,smqhm_8_1,25902853,128,0
266434240,smqhm_8_1,25868797,128,0
266290310,smqhm_8_1,25885359,128,0
