54448636276,smqhm_8_32,50542646,1,0
54415914810,smqhm_8_32,50542646,1,0
54416443898,smqhm_8_32,50542646,1,0
54465691052,smqhm_8_32,50542646,1,0
54387435036,smqhm_8_32,50542646,1,0
54482931894,smqhm_8_32,50542646,1,0
54417653686,smqhm_8_32,50542646,1,0
54446720574,smqhm_8_32,50542646,1,0
54386485450,smqhm_8_32,50542646,1,0
54446839776,smqhm_8_32,50542646,1,0
28557169914,smqhm_8_32,50550921,2,0
28741927588,smqhm_8_32,50557366,2,0
28751322710,smqhm_8_32,50560864,2,0
28664229326,smqhm_8_32,50555595,2,0
29005677302,smqhm_8_32,50572683,2,0
28756048906,smqhm_8_32,50555192,2,0
28902724772,smqhm_8_32,50562397,2,0
28941556158,smqhm_8_32,50564248,2,0
28823283978,smqhm_8_32,50565271,2,0
28736431040,smqhm_8_32,50559398,2,0
14757333862,smqhm_8_32,50593219,4,0
14738816214,smqhm_8_32,50591629,4,0
14721547690,smqhm_8_32,50579268,4,0
14849083316,smqhm_8_32,50590675,4,0
14628068942,smqhm_8_32,50580236,4,0
14717571390,smqhm_8_32,50582678,4,0
14763614330,smqhm_8_32,50586215,4,0
14776883306,smqhm_8_32,50593667,4,0
14765566704,smqhm_8_32,50588190,4,0
14730901722,smqhm_8_32,50579376,4,0
7764014032,smqhm_8_32,50612872,8,0
7767782704,smqhm_8_32,50613980,8,0
7772947516,smqhm_8_32,50612715,8,0
7738500016,smqhm_8_32,50607525,8,0
7673195334,smqhm_8_32,50614363,8,0
7750881794,smqhm_8_32,50624924,8,0
7721723590,smqhm_8_32,50588443,8,0
7738065982,smqhm_8_32,50623751,8,0
7754695432,smqhm_8_32,50615875,8,0
7765908216,smqhm_8_32,50612941,8,0
4250208880,smqhm_8_32,50698990,16,0
4227619854,smqhm_8_32,50673770,16,0
4255934778,smqhm_8_32,50670251,16,0
4239410088,smqhm_8_32,50680838,16,0
4233201110,smqhm_8_32,50656448,16,0
4242723838,smqhm_8_32,50656195,16,0
4261927566,smqhm_8_32,50656044,16,0
4247687632,smqhm_8_32,50655201,16,0
4265687132,smqhm_8_32,50645958,16,0
4253872632,smqhm_8_32,50641434,16,0
2310379150,smqhm_8_32,50751133,32,0
2315604854,smqhm_8_32,50687844,32,0
2324261796,smqhm_8_32,50739927,32,0
2318566254,smqhm_8_32,50688814,32,0
2318236894,smqhm_8_32,50758284,32,0
2313530586,smqhm_8_32,50703590,32,0
2307068896,smqhm_8_32,50702993,32,0
2311600726,smqhm_8_32,50683748,32,0
2318152654,smqhm_8_32,50876806,32,0
2310178292,smqhm_8_32,50696504,32,0
1373490822,smqhm_8_32,50796475,64,0
1367500514,smqhm_8_32,50745779,64,0
1377505098,smqhm_8_32,50820240,64,0
1359125332,smqhm_8_32,50770620,64,0
1365151928,smqhm_8_32,50765204,64,0
1364866086,smqhm_8_32,50804466,64,0
1373637634,smqhm_8_32,50857043,64,0
1377885032,smqhm_8_32,50779804,64,0
1381765116,smqhm_8_32,50800492,64,0
1376571010,smqhm_8_32,50835751,64,0
1065199914,smqhm_8_32,51366516,128,0
1061110038,smqhm_8_32,50973116,128,0
988790562,smqhm_8_32,51249672,128,0
1010402116,smqhm_8_32,51313664,128,0
978942228,smqhm_8_32,50899712,128,0
1001397154,smqhm_8_32,51021852,128,0
1208900380,smqhm_8_32,51882845,128,0
1057313764,smqhm_8_32,51330026,128,0
1025376518,smqhm_8_32,50928079,128,0
995577560,smqhm_8_32,51089443,128,0
