14812922822,smqhm_32_128,12524207,1,0
14806589838,smqhm_32_128,12524207,1,0
14912799706,smqhm_32_128,12524207,1,0
14780412992,smqhm_32_128,12524207,1,0
14849874838,smqhm_32_128,12524207,1,0
14806188622,smqhm_32_128,12524207,1,0
14855633046,smqhm_32_128,12524207,1,0
14766115976,smqhm_32_128,12524207,1,0
14798094526,smqhm_32_128,12524207,1,0
14786459686,smqhm_32_128,12524207,1,0
8287291938,smqhm_32_128,12524486,2,0
8279213538,smqhm_32_128,12524622,2,0
8262386778,smqhm_32_128,12524374,2,0
8279878618,smqhm_32_128,12524324,2,0
8270504936,smqhm_32_128,12524352,2,0
8316633156,smqhm_32_128,12524350,2,0
8273461170,smqhm_32_128,12524327,2,0
8283252014,smqhm_32_128,12524347,2,0
8304612836,smqhm_32_128,12524375,2,0
8278174944,smqhm_32_128,12524349,2,0
4624988688,smqhm_32_128,12524836,4,0
4634774260,smqhm_32_128,12524809,4,0
4632268648,smqhm_32_128,12524837,4,0
4627059718,smqhm_32_128,12524768,4,0
4625527582,smqhm_32_128,12524806,4,0
4638923806,smqhm_32_128,12524807,4,0
4633271870,smqhm_32_128,12524795,4,0
4636736156,smqhm_32_128,12524824,4,0
4634988150,smqhm_32_128,12524786,4,0
4628524294,smqhm_32_128,12524883,4,0
2867483684,smqhm_32_128,12525395,8,0
2877299440,smqhm_32_128,12525467,8,0
2891091238,smqhm_32_128,12525519,8,0
2869666632,smqhm_32_128,12525802,8,0
2875839104,smqhm_32_128,12525354,8,0
2873042014,smqhm_32_128,12525582,8,0
2869032984,smqhm_32_128,12525306,8,0
2875957200,smqhm_32_128,12525649,8,0
2869997958,smqhm_32_128,12525528,8,0
2877642204,smqhm_32_128,12525418,8,0
2082781618,smqhm_32_128,12526316,16,0
2083868242,smqhm_32_128,12526276,16,0
2088275610,smqhm_32_128,12526283,16,0
2083909732,smqhm_32_128,12526346,16,0
2082547486,smqhm_32_128,12526288,16,0
2087925912,smqhm_32_128,12526299,16,0
2086297502,smqhm_32_128,12526039,16,0
2081744842,smqhm_32_128,12526453,16,0
2092385672,smqhm_32_128,12526245,16,0
2092037642,smqhm_32_128,12526341,16,0
2057150722,smqhm_32_128,12528925,32,0
2057776330,smqhm_32_128,12528939,32,0
2057207498,smqhm_32_128,12528766,32,0
2056407052,smqhm_32_128,12528884,32,0
2051402664,smqhm_32_128,12529077,32,0
2065426036,smqhm_32_128,12528775,32,0
2057753194,smqhm_32_128,12528511,32,0
2058003598,smqhm_32_128,12528790,32,0
2054241688,smqhm_32_128,12529053,32,0
2057591250,smqhm_32_128,12528481,32,0
2140063408,smqhm_32_128,12532243,64,0
2133024740,smqhm_32_128,12532020,64,0
2134456322,smqhm_32_128,12532299,64,0
2142821782,smqhm_32_128,12532868,64,0
2132069728,smqhm_32_128,12532017,64,0
2138675688,smqhm_32_128,12532096,64,0
2115088288,smqhm_32_128,12531653,64,0
2138645666,smqhm_32_128,12532058,64,0
4040217852,smqhm_32_128,12531938,64,0
2138926194,smqhm_32_128,12531984,64,0
2292655998,smqhm_32_128,12544920,128,0
2468686962,smqhm_32_128,12546650,128,0
2248094126,smqhm_32_128,12543757,128,0
3266255862,smqhm_32_128,12554687,128,0
2263471210,smqhm_32_128,12544752,128,0
2359689834,smqhm_32_128,12545619,128,0
2272508870,smqhm_32_128,12544531,128,0
2362308594,smqhm_32_128,12545343,128,0
2234052616,smqhm_32_128,12544764,128,0
2297597954,smqhm_32_128,12544616,128,0
