14786819234,smqhm_8_1,25660197,1,14
14895421974,smqhm_8_1,25660197,1,14
14921901622,smqhm_8_1,25660197,1,14
14875952770,smqhm_8_1,25660197,1,14
14879773126,smqhm_8_1,25660197,1,14
14879520920,smqhm_8_1,25660197,1,14
14854813602,smqhm_8_1,25660197,1,14
14866586892,smqhm_8_1,25660197,1,14
14879577780,smqhm_8_1,25660197,1,14
14880311618,smqhm_8_1,25660197,1,14
8747188476,smqhm_8_1,25661614,2,14
8713960744,smqhm_8_1,25661390,2,14
8709131666,smqhm_8_1,25661737,2,14
8749203790,smqhm_8_1,25661627,2,14
8752413324,smqhm_8_1,25661789,2,14
8615536846,smqhm_8_1,25661614,2,14
8632101098,smqhm_8_1,25661284,2,14
8725629174,smqhm_8_1,25661485,2,14
8752125680,smqhm_8_1,25661895,2,14
8713631888,smqhm_8_1,25661502,2,14
4420763050,smqhm_8_1,25683468,4,14
4416064918,smqhm_8_1,25679064,4,14
4423187542,smqhm_8_1,25681310,4,14
4422919924,smqhm_8_1,25679499,4,14
4430571182,smqhm_8_1,25678748,4,14
4422348582,smqhm_8_1,25679984,4,14
4423615948,smqhm_8_1,25679443,4,14
4429923056,smqhm_8_1,25681762,4,14
4432951630,smqhm_8_1,25679686,4,14
4428053616,smqhm_8_1,25678854,4,14
2331804310,smqhm_8_1,25804140,8,14
2333600394,smqhm_8_1,25801279,8,14
2334834804,smqhm_8_1,25802528,8,14
2333222928,smqhm_8_1,25814369,8,14
2329850002,smqhm_8_1,25807727,8,14
2331918134,smqhm_8_1,25797169,8,14
2325727946,smqhm_8_1,25808625,8,14
2346837404,smqhm_8_1,25800228,8,14
2327428722,smqhm_8_1,25804634,8,14
2335854012,smqhm_8_1,25807238,8,14
1365107504,smqhm_8_1,26285938,16,14
1362663680,smqhm_8_1,26303480,16,14
1364767656,smqhm_8_1,26313795,16,14
1366320374,smqhm_8_1,26324753,16,14
1364450962,smqhm_8_1,26312531,16,14
1368587014,smqhm_8_1,26312806,16,14
1363475756,smqhm_8_1,26341267,16,14
1371020940,smqhm_8_1,26303789,16,14
1373158604,smqhm_8_1,26327519,16,14
1365796372,smqhm_8_1,26301834,16,14
933480708,smqhm_8_1,27580894,32,14
932020692,smqhm_8_1,27581101,32,14
933615476,smqhm_8_1,27538636,32,14
935924188,smqhm_8_1,27620516,32,14
935392782,smqhm_8_1,27582433,32,14
933170462,smqhm_8_1,27575122,32,14
932252540,smqhm_8_1,27599696,32,14
935152344,smqhm_8_1,27599255,32,14
931853064,smqhm_8_1,27522998,32,14
933730218,smqhm_8_1,27555492,32,14
616551136,smqhm_8_1,30893479,64,14
619591826,smqhm_8_1,31049640,64,14
616274278,smqhm_8_1,30862154,64,14
620054598,smqhm_8_1,31022980,64,14
618939458,smqhm_8_1,30918368,64,14
617418616,smqhm_8_1,30949304,64,14
617027744,smqhm_8_1,30932741,64,14
616646166,smqhm_8_1,30949229,64,14
616866664,smqhm_8_1,30859763,64,14
619695062,smqhm_8_1,30970204,64,14
432960680,smqhm_8_1,37096972,128,14
433072612,smqhm_8_1,37128525,128,14
433240766,smqhm_8_1,37069948,128,14
432803936,smqhm_8_1,37156718,128,14
433199260,smqhm_8_1,37118537,128,14
432737522,smqhm_8_1,37145192,128,14
433163978,smqhm_8_1,37209152,128,14
432538026,smqhm_8_1,37051771,128,14
431179356,smqhm_8_1,37024811,128,14
429945138,smqhm_8_1,36980355,128,14
