277144589162,smqhm_2_16,84821053,1,0
278347779292,smqhm_2_16,84821053,1,0
277250106966,smqhm_2_16,84821053,1,0
277106760400,smqhm_2_16,84821053,1,0
277142434450,smqhm_2_16,84821053,1,0
277033805984,smqhm_2_16,84821053,1,0
277265465066,smqhm_2_16,84821053,1,0
277282619120,smqhm_2_16,84821053,1,0
277130244942,smqhm_2_16,84821053,1,0
277067505552,smqhm_2_16,84821053,1,0
143511819064,smqhm_2_16,84822393,2,0
143972414956,smqhm_2_16,84822390,2,0
143845604688,smqhm_2_16,84817787,2,0
144006698662,smqhm_2_16,84824767,2,0
143503396440,smqhm_2_16,84820779,2,0
143125877792,smqhm_2_16,84824523,2,0
143645443880,smqhm_2_16,84819512,2,0
143635893970,smqhm_2_16,84819798,2,0
143778103114,smqhm_2_16,84819867,2,0
143672338130,smqhm_2_16,84822768,2,0
72339273154,smqhm_2_16,84822988,4,0
72379975688,smqhm_2_16,84822750,4,0
72432540196,smqhm_2_16,84820289,4,0
72391266544,smqhm_2_16,84821141,4,0
72412904434,smqhm_2_16,84823626,4,0
72263741792,smqhm_2_16,84820985,4,0
72251736164,smqhm_2_16,84825210,4,0
72305670130,smqhm_2_16,84825212,4,0
72219811064,smqhm_2_16,84822957,4,0
72285203218,smqhm_2_16,84816956,4,0
37083440574,smqhm_2_16,84826657,8,0
37103251880,smqhm_2_16,84821356,8,0
37073255908,smqhm_2_16,84819739,8,0
37120977280,smqhm_2_16,84824360,8,0
37147713682,smqhm_2_16,84824459,8,0
37123630482,smqhm_2_16,84817881,8,0
37080212908,smqhm_2_16,84825254,8,0
37479091260,smqhm_2_16,84823698,8,0
37041122210,smqhm_2_16,84826164,8,0
37075819216,smqhm_2_16,84822121,8,0
19763082500,smqhm_2_16,85740183,16,0
19591745776,smqhm_2_16,84828241,16,0
19574687060,smqhm_2_16,84838439,16,0
19563271688,smqhm_2_16,84846451,16,0
19528264092,smqhm_2_16,84832737,16,0
19668568066,smqhm_2_16,85278630,16,0
19569747150,smqhm_2_16,84835453,16,0
19605423936,smqhm_2_16,85088647,16,0
19549024502,smqhm_2_16,84825587,16,0
19565569082,smqhm_2_16,84837190,16,0
10609573068,smqhm_2_16,85811733,32,0
10608421710,smqhm_2_16,85694068,32,0
10498605462,smqhm_2_16,84927846,32,0
10654763204,smqhm_2_16,86089328,32,0
10634576294,smqhm_2_16,85799346,32,0
10755147082,smqhm_2_16,86508791,32,0
10624947452,smqhm_2_16,85701363,32,0
10558238666,smqhm_2_16,85349494,32,0
10605539776,smqhm_2_16,85558839,32,0
10645697808,smqhm_2_16,85967672,32,0
6113210058,smqhm_2_16,85707431,64,0
6186329424,smqhm_2_16,85687809,64,0
6118924986,smqhm_2_16,85679624,64,0
6139782882,smqhm_2_16,85825117,64,0
6341974866,smqhm_2_16,85803930,64,0
6098620166,smqhm_2_16,85720247,64,0
6188306482,smqhm_2_16,85887473,64,0
6297076624,smqhm_2_16,87266476,64,0
6266713894,smqhm_2_16,86860592,64,0
6352628082,smqhm_2_16,86290502,64,0
5081153660,smqhm_2_16,85765807,128,0
4714942692,smqhm_2_16,86182636,128,0
4646501190,smqhm_2_16,85790806,128,0
5140376712,smqhm_2_16,85717925,128,0
4801520136,smqhm_2_16,85741012,128,0
5337241700,smqhm_2_16,85696250,128,0
5412446778,smqhm_2_16,86202435,128,0
4506399250,smqhm_2_16,85986829,128,0
5112370122,smqhm_2_16,86045685,128,0
4522102776,smqhm_2_16,85898783,128,0
