11272086914,smqhm_1_1,48137541,128,0
9316648168,smqhm_1_1,48127781,128,0
11548125932,smqhm_1_1,48126557,128,0
9603478716,smqhm_1_1,48127773,128,0
9548500448,smqhm_1_1,48074830,128,0
10907615674,smqhm_1_2,48155986,128,0
10089809800,smqhm_1_2,48079398,128,0
10225622942,smqhm_1_2,48077563,128,0
9457841502,smqhm_1_2,48084990,128,0
11074400456,smqhm_1_2,48143361,128,0
9626064282,smqhm_1_4,48057177,128,0
10152035816,smqhm_1_4,48092771,128,0
9941983512,smqhm_1_4,48060995,128,0
10157349786,smqhm_1_4,48093115,128,0
11267445484,smqhm_1_4,48108078,128,0
9085621126,smqhm_1_8,48026567,128,0
10012356144,smqhm_1_8,48029091,128,0
9121426078,smqhm_1_8,48026500,128,0
11539124642,smqhm_1_8,48075788,128,0
9494910144,smqhm_1_8,48042981,128,0
9566041190,smqhm_1_16,48000923,128,0
11877877096,smqhm_1_16,48021643,128,0
9984996130,smqhm_1_16,47994033,128,0
10213286034,smqhm_1_16,47995741,128,0
11018541326,smqhm_1_16,48048294,128,0
10015553740,smqhm_1_32,47993292,128,0
10095958138,smqhm_1_32,47996814,128,0
14933838704,smqhm_1_32,47987428,128,0
9606228442,smqhm_1_32,47978918,128,0
10697794504,smqhm_1_32,48006164,128,0
9616266414,smqhm_1_64,47958743,128,0
9700169132,smqhm_1_64,47962425,128,0
11374822522,smqhm_1_64,47967950,128,0
9614476540,smqhm_1_64,47958565,128,0
12791855942,smqhm_1_64,47964516,128,0
10397829196,smqhm_1_128,47950751,128,0
10349908336,smqhm_1_128,47956327,128,0
8921888668,smqhm_1_128,47943884,128,0
9691954852,smqhm_1_128,47947503,128,0
11315435070,smqhm_1_128,47946722,128,0
9836540250,smqhm_1_256,47933279,128,0
10339845820,smqhm_1_256,47955689,128,0
9825469324,smqhm_1_256,47937505,128,0
9635186898,smqhm_1_256,47939577,128,0
10253354644,smqhm_1_256,47947703,128,0
11105914544,smqhm_1_512,47947137,128,0
9770747454,smqhm_1_512,47950540,128,0
9070385316,smqhm_1_512,47932970,128,0
10105354292,smqhm_1_512,47956967,128,0
9779021050,smqhm_1_512,47959685,128,0
10314816436,smqhm_1_1024,47947676,128,0
10875007058,smqhm_1_1024,47952794,128,0
10426400898,smqhm_1_1024,47938746,128,0
9930681196,smqhm_1_1024,47930498,128,0
9391558704,smqhm_1_1024,47935740,128,0
11534523736,smqhm_2_1,48102790,128,0
13277685712,smqhm_2_1,48094359,128,0
9249487276,smqhm_2_1,48055652,128,0
12598968952,smqhm_2_1,48060379,128,0
10303497362,smqhm_2_1,48077599,128,0
11355228704,smqhm_2_2,48049957,128,0
9059990366,smqhm_2_2,48030082,128,0
11765405408,smqhm_2_2,48080211,128,0
12427070096,smqhm_2_2,48056257,128,0
9162759280,smqhm_2_2,48073965,128,0
10486122574,smqhm_2_4,48050313,128,0
13308975138,smqhm_2_4,48091910,128,0
10661357900,smqhm_2_4,48027990,128,0
9267294108,smqhm_2_4,48018820,128,0
9278854238,smqhm_2_4,48042999,128,0
10391301154,smqhm_2_8,48015450,128,0
10143311418,smqhm_2_8,48051344,128,0
10618592314,smqhm_2_8,48049796,128,0
12666643894,smqhm_2_8,48044628,128,0
9947199672,smqhm_2_8,48029829,128,0
12018977182,smqhm_2_16,48051427,128,0
9896440568,smqhm_2_16,47995459,128,0
11619701752,smqhm_2_16,48012339,128,0
12127385750,smqhm_2_16,48037445,128,0
9683035342,smqhm_2_16,48004097,128,0
10919408004,smqhm_2_32,48012198,128,0
10310939808,smqhm_2_32,47998354,128,0
10444246044,smqhm_2_32,47986846,128,0
14459668476,smqhm_2_32,47974888,128,0
9372530868,smqhm_2_32,47984695,128,0
9913417522,smqhm_2_64,47975804,128,0
11883774540,smqhm_2_64,48010798,128,0
11614985250,smqhm_2_64,47975745,128,0
10303652820,smqhm_2_64,47983901,128,0
13215394844,smqhm_2_64,47968918,128,0
10925471630,smqhm_2_128,47970154,128,0
11007017138,smqhm_2_128,47944224,128,0
9497841050,smqhm_2_128,47946428,128,0
9981643474,smqhm_2_128,47949968,128,0
11436710068,smqhm_2_128,47957875,128,0
10406206698,smqhm_2_256,47954396,128,0
10498919890,smqhm_2_256,47939597,128,0
11479739810,smqhm_2_256,47943853,128,0
10352978356,smqhm_2_256,47952481,128,0
10076621700,smqhm_2_256,47932191,128,0
11105002420,smqhm_2_512,47950530,128,0
9432468270,smqhm_2_512,47955623,128,0
11090109292,smqhm_2_512,47934302,128,0
10322175580,smqhm_2_512,47937227,128,0
10803639820,smqhm_2_512,47955894,128,0
9711361022,smqhm_2_1024,47939280,128,0
9897894298,smqhm_2_1024,47937121,128,0
9005791302,smqhm_2_1024,47933688,128,0
9817382776,smqhm_2_1024,47937954,128,0
12020905040,smqhm_2_1024,47983097,128,0
11020135508,smqhm_4_1,48069552,128,0
13616567558,smqhm_4_1,48076874,128,0
10815895190,smqhm_4_1,48074499,128,0
11975417840,smqhm_4_1,48085383,128,0
10947549560,smqhm_4_1,48034881,128,0
11362177924,smqhm_4_2,48064046,128,0
13138081940,smqhm_4_2,48060197,128,0
11201435562,smqhm_4_2,48062970,128,0
9494576128,smqhm_4_2,48021538,128,0
10587506934,smqhm_4_2,48026313,128,0
9800377790,smqhm_4_4,48025239,128,0
11591058738,smqhm_4_4,47996416,128,0
10039336664,smqhm_4_4,48033319,128,0
10605389202,smqhm_4_4,48015059,128,0
10552223062,smqhm_4_4,48006686,128,0
9683614494,smqhm_4_8,47995377,128,0
9892621966,smqhm_4_8,47999479,128,0
9669404354,smqhm_4_8,48019375,128,0
9446799604,smqhm_4_8,48006403,128,0
11476944594,smqhm_4_8,48014438,128,0
10396761240,smqhm_4_16,47991738,128,0
10744016330,smqhm_4_16,47988265,128,0
8788306996,smqhm_4_16,47974907,128,0
9508064330,smqhm_4_16,47982719,128,0
9633280564,smqhm_4_16,47993154,128,0
10557617264,smqhm_4_32,47983146,128,0
11105604374,smqhm_4_32,48018595,128,0
11016177646,smqhm_4_32,47989898,128,0
10437262760,smqhm_4_32,47980122,128,0
10852826074,smqhm_4_32,48004448,128,0
9730612812,smqhm_4_64,47976014,128,0
9613881122,smqhm_4_64,47963075,128,0
8881230798,smqhm_4_64,47957930,128,0
12765600360,smqhm_4_64,47965701,128,0
10187100432,smqhm_4_64,47977879,128,0
9337031168,smqhm_4_128,47941694,128,0
9129322570,smqhm_4_128,47946622,128,0
10183348022,smqhm_4_128,47946031,128,0
8939030356,smqhm_4_128,47941175,128,0
11470551182,smqhm_4_128,47951926,128,0
9714133138,smqhm_4_256,47943504,128,0
9668157504,smqhm_4_256,47946441,128,0
10871630070,smqhm_4_256,47955372,128,0
10480343898,smqhm_4_256,47955825,128,0
10888425552,smqhm_4_256,47937379,128,0
9896102868,smqhm_4_512,47948036,128,0
10544962754,smqhm_4_512,47961532,128,0
10763246158,smqhm_4_512,47954963,128,0
11036583538,smqhm_4_512,47963254,128,0
9916173300,smqhm_4_512,47947601,128,0
10802788044,smqhm_4_1024,47937777,128,0
11668977220,smqhm_4_1024,47937305,128,0
9698475862,smqhm_4_1024,47941961,128,0
9871546556,smqhm_4_1024,47941342,128,0
11515178246,smqhm_4_1024,47950117,128,0
11171433776,smqhm_8_1,48063627,128,0
12482945906,smqhm_8_1,48092031,128,0
13023986284,smqhm_8_1,48096065,128,0
12264868906,smqhm_8_1,48054670,128,0
11835857816,smqhm_8_1,48075546,128,0
11213808748,smqhm_8_2,48065710,128,0
11762846396,smqhm_8_2,48027854,128,0
13759647380,smqhm_8_2,48056177,128,0
12188296450,smqhm_8_2,48081265,128,0
10417454158,smqhm_8_2,48036051,128,0
10835767786,smqhm_8_4,48034507,128,0
11984848064,smqhm_8_4,48065336,128,0
11658752792,smqhm_8_4,48035792,128,0
12507950366,smqhm_8_4,48053780,128,0
9507912754,smqhm_8_4,47996122,128,0
10821359608,smqhm_8_8,48015202,128,0
8952814978,smqhm_8_8,47991357,128,0
9558270720,smqhm_8_8,47988503,128,0
9635797006,smqhm_8_8,47995121,128,0
10389456064,smqhm_8_8,47986393,128,0
10147521858,smqhm_8_16,47992109,128,0
9511573100,smqhm_8_16,47989658,128,0
9070895344,smqhm_8_16,47973259,128,0
13382194568,smqhm_8_16,48044710,128,0
9402979344,smqhm_8_16,47975323,128,0
9981465838,smqhm_8_32,47989273,128,0
12645759898,smqhm_8_32,47986135,128,0
10479952466,smqhm_8_32,47978957,128,0
9906020726,smqhm_8_32,47988776,128,0
9668409256,smqhm_8_32,47975229,128,0
10491319074,smqhm_8_64,47980437,128,0
9751524650,smqhm_8_64,47973990,128,0
10673437258,smqhm_8_64,47986939,128,0
9814159446,smqhm_8_64,47973859,128,0
8616142918,smqhm_8_64,47950391,128,0
8823462330,smqhm_8_128,47943204,128,0
14114522766,smqhm_8_128,48010504,128,0
9097666150,smqhm_8_128,47941919,128,0
9269665832,smqhm_8_128,47946975,128,0
10022402526,smqhm_8_128,47945428,128,0
11053203892,smqhm_8_256,47944165,128,0
10580962748,smqhm_8_256,47949438,128,0
9440524620,smqhm_8_256,47938397,128,0
12857315716,smqhm_8_256,47935600,128,0
10057546266,smqhm_8_256,47945768,128,0
9886685540,smqhm_8_512,47946308,128,0
12443806692,smqhm_8_512,47953201,128,0
9689725998,smqhm_8_512,47936422,128,0
9154746402,smqhm_8_512,47932599,128,0
8794457272,smqhm_8_512,47942320,128,0
11230692120,smqhm_8_1024,47946906,128,0
9971723438,smqhm_8_1024,47947727,128,0
12316590016,smqhm_8_1024,47956817,128,0
10705284752,smqhm_8_1024,47959245,128,0
13390298498,smqhm_8_1024,47931103,128,0
11619833488,smqhm_16_1,48083487,128,0
13362767700,smqhm_16_1,48102207,128,0
13551049224,smqhm_16_1,48130145,128,0
12990346212,smqhm_16_1,48102388,128,0
13045356738,smqhm_16_1,48118075,128,0
13790837966,smqhm_16_2,48093486,128,0
12747723550,smqhm_16_2,48085873,128,0
15660404678,smqhm_16_2,48068472,128,0
12725796668,smqhm_16_2,48047383,128,0
12177783612,smqhm_16_2,48061695,128,0
13533855060,smqhm_16_4,48062023,128,0
11982941366,smqhm_16_4,48048535,128,0
14341440784,smqhm_16_4,48087799,128,0
12740240872,smqhm_16_4,48052795,128,0
12058291120,smqhm_16_4,48042573,128,0
9706942626,smqhm_16_8,47995781,128,0
10447951384,smqhm_16_8,48003736,128,0
13235795038,smqhm_16_8,48015807,128,0
11668099816,smqhm_16_8,47997019,128,0
13298756156,smqhm_16_8,48020588,128,0
10067752900,smqhm_16_16,47986277,128,0
10298330496,smqhm_16_16,48006289,128,0
11109148822,smqhm_16_16,48002598,128,0
8950655556,smqhm_16_16,47969941,128,0
11164270092,smqhm_16_16,47990910,128,0
9560019446,smqhm_16_32,47970188,128,0
10271349498,smqhm_16_32,47984733,128,0
9433568516,smqhm_16_32,47967167,128,0
8761733522,smqhm_16_32,47961102,128,0
13183034646,smqhm_16_32,48015452,128,0
10495714290,smqhm_16_64,47964094,128,0
12047919458,smqhm_16_64,47975234,128,0
9008850342,smqhm_16_64,47958965,128,0
11084857340,smqhm_16_64,47969206,128,0
11435304206,smqhm_16_64,47996405,128,0
9680051402,smqhm_16_128,47954242,128,0
9702819146,smqhm_16_128,47945815,128,0
9742205952,smqhm_16_128,47945303,128,0
13419492346,smqhm_16_128,47950941,128,0
9318897696,smqhm_16_128,47953527,128,0
11897758348,smqhm_16_256,47938522,128,0
8613481078,smqhm_16_256,47931242,128,0
8780734800,smqhm_16_256,47934234,128,0
9492862740,smqhm_16_256,47938019,128,0
9790988188,smqhm_16_256,47934394,128,0
9104031286,smqhm_16_512,47927838,128,0
10950733686,smqhm_16_512,47951482,128,0
10405014604,smqhm_16_512,47927907,128,0
8754886426,smqhm_16_512,47930990,128,0
10784463382,smqhm_16_512,47950633,128,0
12872358266,smqhm_16_1024,47942909,128,0
12637780108,smqhm_16_1024,47951907,128,0
11679368662,smqhm_16_1024,47961040,128,0
10967271896,smqhm_16_1024,47941499,128,0
12066419796,smqhm_16_1024,47951108,128,0
12566001894,smqhm_32_1,48109369,128,0
14318439542,smqhm_32_1,48154651,128,0
14545630968,smqhm_32_1,48149591,128,0
17064337800,smqhm_32_1,48179411,128,0
15608605614,smqhm_32_1,48185416,128,0
14654722912,smqhm_32_2,48080583,128,0
14805988764,smqhm_32_2,48134070,128,0
13638610496,smqhm_32_2,48120226,128,0
14152103666,smqhm_32_2,48104846,128,0
12781552200,smqhm_32_2,48090195,128,0
13769643534,smqhm_32_4,48078023,128,0
13883057290,smqhm_32_4,48059599,128,0
15216885646,smqhm_32_4,48092090,128,0
16497861028,smqhm_32_4,48129598,128,0
12993793466,smqhm_32_4,48056753,128,0
14680582244,smqhm_32_8,48075925,128,0
13590652122,smqhm_32_8,48056710,128,0
14224153364,smqhm_32_8,48048746,128,0
11522067870,smqhm_32_8,48024153,128,0
12306036846,smqhm_32_8,48023404,128,0
13245408802,smqhm_32_16,48008613,128,0
10527341050,smqhm_32_16,47993707,128,0
10205831256,smqhm_32_16,47988986,128,0
11144996350,smqhm_32_16,48014159,128,0
10260767796,smqhm_32_16,48004268,128,0
9306458368,smqhm_32_32,47962799,128,0
9587815224,smqhm_32_32,47963461,128,0
10498005518,smqhm_32_32,47995320,128,0
11709353036,smqhm_32_32,47970308,128,0
9874523698,smqhm_32_32,47966715,128,0
11455308432,smqhm_32_64,47980226,128,0
9237568854,smqhm_32_64,47952548,128,0
10085879946,smqhm_32_64,47954732,128,0
9815897260,smqhm_32_64,47959246,128,0
10520500804,smqhm_32_64,47977404,128,0
11501922190,smqhm_32_128,47945554,128,0
9090195418,smqhm_32_128,47940005,128,0
10395105386,smqhm_32_128,47955405,128,0
11980620836,smqhm_32_128,47981019,128,0
10718259624,smqhm_32_128,47941695,128,0
10810733296,smqhm_32_256,47941828,128,0
11138665644,smqhm_32_256,47935208,128,0
9365793368,smqhm_32_256,47936499,128,0
9524227346,smqhm_32_256,47928701,128,0
9485518432,smqhm_32_256,47933355,128,0
9722254220,smqhm_32_512,47938327,128,0
9952671310,smqhm_32_512,47937658,128,0
11552427538,smqhm_32_512,47940610,128,0
10333333054,smqhm_32_512,47942581,128,0
9303686746,smqhm_32_512,47938760,128,0
12396591852,smqhm_32_1024,47955928,128,0
11455339976,smqhm_32_1024,47951044,128,0
11076532020,smqhm_32_1024,47941636,128,0
10333405222,smqhm_32_1024,47928854,128,0
12502620652,smqhm_32_1024,47934188,128,0
14203645616,smqhm_64_1,48152031,128,0
14674360300,smqhm_64_1,48183876,128,0
14511822460,smqhm_64_1,48163773,128,0
14648964196,smqhm_64_1,48189467,128,0
14022922792,smqhm_64_1,48160948,128,0
12818950300,smqhm_64_2,48129394,128,0
15506515334,smqhm_64_2,48151906,128,0
15762632166,smqhm_64_2,48158617,128,0
13310535428,smqhm_64_2,48102344,128,0
17353403850,smqhm_64_2,48153770,128,0
15687718416,smqhm_64_4,48107029,128,0
16575368054,smqhm_64_4,48111132,128,0
17101629068,smqhm_64_4,48129004,128,0
14936575962,smqhm_64_4,48129810,128,0
16023000690,smqhm_64_4,48108113,128,0
14561102622,smqhm_64_8,48058639,128,0
13839494174,smqhm_64_8,48063246,128,0
16202832776,smqhm_64_8,48104058,128,0
15800149562,smqhm_64_8,48072583,128,0
12161277118,smqhm_64_8,48049150,128,0
15299393346,smqhm_64_16,48047782,128,0
12373246524,smqhm_64_16,48011064,128,0
14043798536,smqhm_64_16,48051433,128,0
14961471878,smqhm_64_16,48068183,128,0
11692926178,smqhm_64_16,48007268,128,0
11677151118,smqhm_64_32,47981959,128,0
11997393094,smqhm_64_32,48007922,128,0
10503185842,smqhm_64_32,47994241,128,0
10930837618,smqhm_64_32,47986492,128,0
11725169744,smqhm_64_32,48015394,128,0
10526840858,smqhm_64_64,47978252,128,0
9684687754,smqhm_64_64,47976965,128,0
9638298066,smqhm_64_64,47953618,128,0
10526691742,smqhm_64_64,47981910,128,0
10693856190,smqhm_64_64,47973497,128,0
9826965030,smqhm_64_128,47945781,128,0
9674004568,smqhm_64_128,47942725,128,0
9101582114,smqhm_64_128,47939572,128,0
9851712808,smqhm_64_128,47949800,128,0
9190094342,smqhm_64_128,47938277,128,0
8834554578,smqhm_64_256,47932916,128,0
8980838052,smqhm_64_256,47934360,128,0
12045157556,smqhm_64_256,47930226,128,0
8880435998,smqhm_64_256,47933825,128,0
9791629004,smqhm_64_256,47934432,128,0
10901424028,smqhm_64_512,47935512,128,0
9847159218,smqhm_64_512,47934429,128,0
10407320192,smqhm_64_512,47946114,128,0
9606168722,smqhm_64_512,47928154,128,0
9414614780,smqhm_64_512,47928825,128,0
10538834794,smqhm_64_1024,47935529,128,0
11149190004,smqhm_64_1024,47937166,128,0
10033893048,smqhm_64_1024,47928440,128,0
11439735780,smqhm_64_1024,47978099,128,0
10225756856,smqhm_64_1024,47941669,128,0
14145960362,smqhm_128_1,48151117,128,0
13237390964,smqhm_128_1,48151649,128,0
14239365124,smqhm_128_1,48145583,128,0
16018754502,smqhm_128_1,48216250,128,0
16441858656,smqhm_128_1,48145537,128,0
13523630756,smqhm_128_2,48118241,128,0
16608050360,smqhm_128_2,48170941,128,0
13866858812,smqhm_128_2,48162206,128,0
14316505344,smqhm_128_2,48173394,128,0
13374984244,smqhm_128_2,48132652,128,0
18663963478,smqhm_128_4,48145421,128,0
16471010398,smqhm_128_4,48143953,128,0
16057513692,smqhm_128_4,48134693,128,0
17480405788,smqhm_128_4,48133979,128,0
14936072072,smqhm_128_4,48145469,128,0
18891689238,smqhm_128_8,48140724,128,0
14726179868,smqhm_128_8,48104509,128,0
14915035274,smqhm_128_8,48127039,128,0
16651459130,smqhm_128_8,48101680,128,0
14882236226,smqhm_128_8,48102741,128,0
14422318902,smqhm_128_16,48060478,128,0
18292127836,smqhm_128_16,48101355,128,0
13848729864,smqhm_128_16,48071485,128,0
13723265084,smqhm_128_16,48055936,128,0
15161631512,smqhm_128_16,48071149,128,0
13123423364,smqhm_128_32,48031061,128,0
13512609574,smqhm_128_32,48019265,128,0
14258180852,smqhm_128_32,48053678,128,0
13372078472,smqhm_128_32,48014953,128,0
11074663456,smqhm_128_32,48008403,128,0
10717992180,smqhm_128_64,47976032,128,0
10256369188,smqhm_128_64,47990854,128,0
12674142940,smqhm_128_64,48015574,128,0
10027270642,smqhm_128_64,47981677,128,0
9957191958,smqhm_128_64,47969036,128,0
10574214994,smqhm_128_128,47964561,128,0
11910533646,smqhm_128_128,47978432,128,0
10908385040,smqhm_128_128,47960649,128,0
9894955846,smqhm_128_128,47952327,128,0
10268934410,smqhm_128_128,47959219,128,0
10107965602,smqhm_128_256,47951154,128,0
9255427690,smqhm_128_256,47929726,128,0
9259001612,smqhm_128_256,47924272,128,0
9933681544,smqhm_128_256,47943253,128,0
8559627532,smqhm_128_256,47928249,128,0
10595895188,smqhm_128_512,47940114,128,0
9672306206,smqhm_128_512,47932233,128,0
8798359044,smqhm_128_512,47923652,128,0
9463230516,smqhm_128_512,47933981,128,0
9819236546,smqhm_128_512,47923664,128,0
11306019244,smqhm_128_1024,47939728,128,0
11292236892,smqhm_128_1024,47959619,128,0
12030007462,smqhm_128_1024,47939378,128,0
10836345592,smqhm_128_1024,47928354,128,0
10548537824,smqhm_128_1024,47935946,128,0
14771861966,smqhm_256_1,48146532,128,0
15025511286,smqhm_256_1,48167238,128,0
16595034124,smqhm_256_1,48226428,128,0
15078291440,smqhm_256_1,48190733,128,0
15089974088,smqhm_256_1,48206083,128,0
16026337752,smqhm_256_2,48183077,128,0
17042614980,smqhm_256_2,48183200,128,0
15907113434,smqhm_256_2,48188691,128,0
18868221832,smqhm_256_2,48139168,128,0
15590153870,smqhm_256_2,48208171,128,0
18203402380,smqhm_256_4,48156959,128,0
19031674646,smqhm_256_4,48186237,128,0
20889645480,smqhm_256_4,48201480,128,0
16096469414,smqhm_256_4,48138244,128,0
16891699818,smqhm_256_4,48182470,128,0
17336561380,smqhm_256_8,48176151,128,0
16409318130,smqhm_256_8,48145438,128,0
15546874532,smqhm_256_8,48138526,128,0
17724857572,smqhm_256_8,48148630,128,0
20839351114,smqhm_256_8,48189909,128,0
19512418336,smqhm_256_16,48156525,128,0
18308748190,smqhm_256_16,48134248,128,0
16324681266,smqhm_256_16,48097247,128,0
18168972516,smqhm_256_16,48140128,128,0
18433385632,smqhm_256_16,48133398,128,0
15431859750,smqhm_256_32,48061541,128,0
17773383898,smqhm_256_32,48095459,128,0
17407515464,smqhm_256_32,48098412,128,0
16896233024,smqhm_256_32,48078627,128,0
18617940200,smqhm_256_32,48081002,128,0
11010520850,smqhm_256_64,48002618,128,0
11443969898,smqhm_256_64,47999650,128,0
11472604754,smqhm_256_64,48015705,128,0
13868552698,smqhm_256_64,48013407,128,0
13058357196,smqhm_256_64,48017815,128,0
11457532820,smqhm_256_128,47948204,128,0
11798301554,smqhm_256_128,47944019,128,0
10198855908,smqhm_256_128,47964603,128,0
11778187478,smqhm_256_128,47977830,128,0
11218784950,smqhm_256_128,47992046,128,0
8772180946,smqhm_256_256,47929576,128,0
9382650832,smqhm_256_256,47942049,128,0
9487827716,smqhm_256_256,47941257,128,0
9766697882,smqhm_256_256,47919016,128,0
11983946716,smqhm_256_256,47954867,128,0
9868155526,smqhm_256_512,47942708,128,0
13801619592,smqhm_256_512,47929534,128,0
9573721362,smqhm_256_512,47936147,128,0
9707725194,smqhm_256_512,47935020,128,0
11255923100,smqhm_256_512,47939937,128,0
10956431774,smqhm_256_1024,47932570,128,0
10248567752,smqhm_256_1024,47930566,128,0
11830367538,smqhm_256_1024,47943396,128,0
10860457292,smqhm_256_1024,47947603,128,0
12368300732,smqhm_256_1024,47925962,128,0
15299213258,smqhm_512_1,48194389,128,0
16052992728,smqhm_512_1,48184521,128,0
14771406826,smqhm_512_1,48185000,128,0
16399392288,smqhm_512_1,48171913,128,0
14611123924,smqhm_512_1,48147502,128,0
14473466036,smqhm_512_2,48171321,128,0
15719224942,smqhm_512_2,48207505,128,0
15551953166,smqhm_512_2,48183613,128,0
18545557182,smqhm_512_2,48210456,128,0
15448373242,smqhm_512_2,48192997,128,0
16346247120,smqhm_512_4,48149391,128,0
19587981324,smqhm_512_4,48174846,128,0
16725764390,smqhm_512_4,48145125,128,0
16938426968,smqhm_512_4,48174008,128,0
18834077696,smqhm_512_4,48204637,128,0
15873086170,smqhm_512_8,48143536,128,0
18380070814,smqhm_512_8,48193192,128,0
17946531826,smqhm_512_8,48153360,128,0
15233658688,smqhm_512_8,48145407,128,0
17004283774,smqhm_512_8,48178642,128,0
19841288678,smqhm_512_16,48160295,128,0
18108926708,smqhm_512_16,48119121,128,0
17187603368,smqhm_512_16,48138792,128,0
24277694500,smqhm_512_16,48233982,128,0
18648053284,smqhm_512_16,48126320,128,0
16700765758,smqhm_512_32,48081345,128,0
17768345860,smqhm_512_32,48088575,128,0
17225554868,smqhm_512_32,48093864,128,0
16882870580,smqhm_512_32,48094552,128,0
18000746250,smqhm_512_32,48105920,128,0
29353753826,smqhm_512_64,48097038,128,0
16412354620,smqhm_512_64,48040850,128,0
22682920920,smqhm_512_64,48064715,128,0
16494566810,smqhm_512_64,48043003,128,0
20001351180,smqhm_512_64,48086659,128,0
13882782060,smqhm_512_128,48017302,128,0
10518032778,smqhm_512_128,47974490,128,0
15006610436,smqhm_512_128,47998841,128,0
13889417064,smqhm_512_128,47981313,128,0
12717759510,smqhm_512_128,48001326,128,0
10639657036,smqhm_512_256,47932942,128,0
13406192450,smqhm_512_256,47930808,128,0
9826971218,smqhm_512_256,47943798,128,0
9916259828,smqhm_512_256,47932220,128,0
10542733932,smqhm_512_256,47946310,128,0
10465416340,smqhm_512_512,47932067,128,0
8868429904,smqhm_512_512,47924602,128,0
10563643464,smqhm_512_512,47955818,128,0
9941423556,smqhm_512_512,47942709,128,0
9252762034,smqhm_512_512,47925841,128,0
10727159648,smqhm_512_1024,47935961,128,0
11615153310,smqhm_512_1024,47948002,128,0
11134346200,smqhm_512_1024,47925260,128,0
10284611542,smqhm_512_1024,47933811,128,0
10424825320,smqhm_512_1024,47926980,128,0
14074116438,smqhm_1024_1,48163474,128,0
14795739850,smqhm_1024_1,48177057,128,0
14968444446,smqhm_1024_1,48172693,128,0
17692066896,smqhm_1024_1,48168450,128,0
16543506862,smqhm_1024_1,48217607,128,0
16761885616,smqhm_1024_2,48225814,128,0
15849351420,smqhm_1024_2,48199133,128,0
14978984774,smqhm_1024_2,48181568,128,0
15988463314,smqhm_1024_2,48211801,128,0
14253754076,smqhm_1024_2,48163871,128,0
16602525324,smqhm_1024_4,48174265,128,0
21894249062,smqhm_1024_4,48185014,128,0
17717414866,smqhm_1024_4,48164352,128,0
20577301602,smqhm_1024_4,48224388,128,0
17846755718,smqhm_1024_4,48173471,128,0
18129846146,smqhm_1024_8,48167363,128,0
21061565220,smqhm_1024_8,48247103,128,0
18161107890,smqhm_1024_8,48205635,128,0
17801498050,smqhm_1024_8,48175186,128,0
26619003574,smqhm_1024_8,48274003,128,0
24725176144,smqhm_1024_16,48214300,128,0
26759231984,smqhm_1024_16,48219494,128,0
19100533130,smqhm_1024_16,48150576,128,0
19029431290,smqhm_1024_16,48132480,128,0
20882684224,smqhm_1024_16,48192125,128,0
23953409096,smqhm_1024_32,48154203,128,0
20845463078,smqhm_1024_32,48146025,128,0
25343808390,smqhm_1024_32,48151949,128,0
20211506376,smqhm_1024_32,48174218,128,0
21632280112,smqhm_1024_32,48159326,128,0
26437419704,smqhm_1024_64,48127236,128,0
25740606290,smqhm_1024_64,48111502,128,0
21665325032,smqhm_1024_64,48096827,128,0
20576661744,smqhm_1024_64,48104500,128,0
21879510734,smqhm_1024_64,48086386,128,0
18919570856,smqhm_1024_128,48045198,128,0
25376597394,smqhm_1024_128,48084104,128,0
17475639828,smqhm_1024_128,48055782,128,0
16753316452,smqhm_1024_128,48021897,128,0
23440290242,smqhm_1024_128,48089592,128,0
9744999820,smqhm_1024_256,47945973,128,0
9683538480,smqhm_1024_256,47949391,128,0
10011048366,smqhm_1024_256,47948351,128,0
10795411436,smqhm_1024_256,47942686,128,0
10061247474,smqhm_1024_256,47956544,128,0
13109733832,smqhm_1024_512,47944565,128,0
10657162662,smqhm_1024_512,47948017,128,0
10182810214,smqhm_1024_512,47942532,128,0
9326010522,smqhm_1024_512,47928310,128,0
9741251242,smqhm_1024_512,47925020,128,0
10700423404,smqhm_1024_1024,47923289,128,0
11787097488,smqhm_1024_1024,47946798,128,0
12970035236,smqhm_1024_1024,47942446,128,0
10739703252,smqhm_1024_1024,47930118,128,0
10514905866,smqhm_1024_1024,47924533,128,0
