17994482420,mqll_4_2_2,28879947,1
17984558540,mqll_4_2_2,28882669,1
18072284360,mqll_4_2_2,28883542,1
18078645040,mqll_4_2_2,28881916,1
17960643680,mqll_4_2_2,28880848,1
11437056320,mqll_4_2_2,28946849,2
11370842960,mqll_4_2_2,28946984,2
11362541040,mqll_4_2_2,28948924,2
11493245020,mqll_4_2_2,28944108,2
11496702740,mqll_4_2_2,28949409,2
5339594980,mqll_4_2_2,29040939,4
5344011220,mqll_4_2_2,29040914,4
5338735400,mqll_4_2_2,29039472,4
5345940320,mqll_4_2_2,29041706,4
5340487400,mqll_4_2_2,29043969,4
6127694620,mqll_4_2_2,29189256,8
6181021060,mqll_4_2_2,29187564,8
6055795360,mqll_4_2_2,29187637,8
6104611100,mqll_4_2_2,29190878,8
6198204260,mqll_4_2_2,29191919,8
3445712700,mqll_4_2_2,29479706,16
3503409940,mqll_4_2_2,29485582,16
3433189000,mqll_4_2_2,29483861,16
3489722960,mqll_4_2_2,29478156,16
3449843400,mqll_4_2_2,29480995,16
1996638900,mqll_4_2_2,30085939,32
1987804200,mqll_4_2_2,30085867,32
1985315060,mqll_4_2_2,30068940,32
1964487160,mqll_4_2_2,30088245,32
1979428360,mqll_4_2_2,30097724,32
1144798720,mqll_4_2_2,31471473,64
1244722080,mqll_4_2_2,31473935,64
1230129320,mqll_4_2_2,31502007,64
1248543980,mqll_4_2_2,31427084,64
1230816220,mqll_4_2_2,31485385,64
843630720,mqll_4_2_2,35210303,128
835481580,mqll_4_2_2,35206173,128
840172000,mqll_4_2_2,35268975,128
795525560,mqll_4_2_2,35251393,128
833261800,mqll_4_2_2,35217105,128
605838240,mqll_4_2_2,45430052,256
642304880,mqll_4_2_2,45244831,256
635753080,mqll_4_2_2,45236251,256
635532120,mqll_4_2_2,45384178,256
614377360,mqll_4_2_2,45421673,256
