42354084420,mqll_4_64_128,50543677,1
42405730120,mqll_4_64_128,50545056,1
42166171420,mqll_4_64_128,50544097,1
42029760240,mqll_4_64_128,50544845,1
42275109440,mqll_4_64_128,50544382,1
22023266640,mqll_4_64_128,50548699,2
22066350260,mqll_4_64_128,50546953,2
22163541360,mqll_4_64_128,50547940,2
21962918100,mqll_4_64_128,50549508,2
22152059200,mqll_4_64_128,50549489,2
11350338580,mqll_4_64_128,50553625,4
11242690400,mqll_4_64_128,50550623,4
11260374060,mqll_4_64_128,50550939,4
11349267700,mqll_4_64_128,50551672,4
11334687040,mqll_4_64_128,50554543,4
6468211840,mqll_4_64_128,50560503,8
6499666140,mqll_4_64_128,50567327,8
6434293900,mqll_4_64_128,50557444,8
6449611160,mqll_4_64_128,50556084,8
6454593600,mqll_4_64_128,50556986,8
3420588720,mqll_4_64_128,50570858,16
3425869980,mqll_4_64_128,50571443,16
3410634780,mqll_4_64_128,50570679,16
3418169680,mqll_4_64_128,50570779,16
3414276740,mqll_4_64_128,50570516,16
1868950320,mqll_4_64_128,50593373,32
1868860080,mqll_4_64_128,50593539,32
1875360560,mqll_4_64_128,50592869,32
1870052460,mqll_4_64_128,50589140,32
1867084980,mqll_4_64_128,50601236,32
1174234360,mqll_4_64_128,50646537,64
1160139000,mqll_4_64_128,50664153,64
1175677460,mqll_4_64_128,50646032,64
1183582100,mqll_4_64_128,50645611,64
1142336700,mqll_4_64_128,50773230,64
1049505820,mqll_4_64_128,50766834,128
1032296960,mqll_4_64_128,50768197,128
988385280,mqll_4_64_128,50859688,128
1029118700,mqll_4_64_128,50769678,128
1053874600,mqll_4_64_128,50765305,128
920237620,mqll_4_64_128,50919050,256
937967760,mqll_4_64_128,50928897,256
968754540,mqll_4_64_128,50950626,256
967432500,mqll_4_64_128,51175745,256
943305440,mqll_4_64_128,50947521,256
