10028756600,mqll_4_16_8,23952428,1
10054435500,mqll_4_16_8,23952530,1
10009287880,mqll_4_16_8,23952652,1
10051806400,mqll_4_16_8,23952570,1
10054591020,mqll_4_16_8,23952581,1
5752413120,mqll_4_16_8,23963738,2
5801549020,mqll_4_16_8,23963995,2
5777432920,mqll_4_16_8,23963781,2
5738902220,mqll_4_16_8,23964418,2
5782566080,mqll_4_16_8,23963920,2
2610399300,mqll_4_16_8,23989597,4
2613538680,mqll_4_16_8,23990063,4
2610289860,mqll_4_16_8,23987895,4
2617283680,mqll_4_16_8,23988052,4
2613322480,mqll_4_16_8,23989619,4
2844778840,mqll_4_16_8,24034195,8
2836691080,mqll_4_16_8,24037250,8
2820752940,mqll_4_16_8,24034422,8
2803114320,mqll_4_16_8,24033887,8
2839816900,mqll_4_16_8,24034109,8
1554627200,mqll_4_16_8,24140841,16
1572980440,mqll_4_16_8,24141387,16
1553229380,mqll_4_16_8,24142191,16
1569849380,mqll_4_16_8,24141203,16
1563882140,mqll_4_16_8,24143904,16
898358540,mqll_4_16_8,24351982,32
897515400,mqll_4_16_8,24357827,32
902108000,mqll_4_16_8,24351358,32
900140040,mqll_4_16_8,24351859,32
904193260,mqll_4_16_8,24352131,32
532062000,mqll_4_16_8,24700099,64
533783740,mqll_4_16_8,24706595,64
534274880,mqll_4_16_8,24720525,64
533361800,mqll_4_16_8,24678984,64
533502640,mqll_4_16_8,24706107,64
327291480,mqll_4_16_8,25242889,128
327279520,mqll_4_16_8,25214412,128
325822420,mqll_4_16_8,25239509,128
325967860,mqll_4_16_8,25231320,128
325099540,mqll_4_16_8,25187042,128
218389020,mqll_4_16_8,27109854,256
266996040,mqll_4_16_8,27189136,256
217890460,mqll_4_16_8,27169323,256
211827500,mqll_4_16_8,27019755,256
220114420,mqll_4_16_8,27313427,256
