3096374520,mqll_4_16_8,6264481,1
3090717180,mqll_4_16_8,6264491,1
3062560920,mqll_4_16_8,6264472,1
3005461900,mqll_4_16_8,6264440,1
3025423380,mqll_4_16_8,6264608,1
1592387440,mqll_4_16_8,6270334,2
1655486540,mqll_4_16_8,6269849,2
1574064140,mqll_4_16_8,6270374,2
1638965100,mqll_4_16_8,6270264,2
1591646400,mqll_4_16_8,6274859,2
819051600,mqll_4_16_8,6282221,4
792096200,mqll_4_16_8,6281611,4
778870100,mqll_4_16_8,6281096,4
708388000,mqll_4_16_8,6282217,4
822318120,mqll_4_16_8,6282017,4
749874340,mqll_4_16_8,6304923,8
750752620,mqll_4_16_8,6305182,8
737599000,mqll_4_16_8,6304031,8
738634060,mqll_4_16_8,6305442,8
761572940,mqll_4_16_8,6305368,8
411779920,mqll_4_16_8,6356261,16
402301700,mqll_4_16_8,6350522,16
450075280,mqll_4_16_8,6351688,16
427074280,mqll_4_16_8,6353272,16
413677160,mqll_4_16_8,6353653,16
239775060,mqll_4_16_8,6469579,32
238274920,mqll_4_16_8,6451021,32
239295580,mqll_4_16_8,6446778,32
237311020,mqll_4_16_8,6452775,32
238154660,mqll_4_16_8,6446478,32
141622520,mqll_4_16_8,6591548,64
142202780,mqll_4_16_8,6608425,64
142000060,mqll_4_16_8,6593029,64
142557340,mqll_4_16_8,6601826,64
142488380,mqll_4_16_8,6605389,64
92442420,mqll_4_16_8,6958805,128
94287160,mqll_4_16_8,7015035,128
90730120,mqll_4_16_8,6974483,128
91232420,mqll_4_16_8,6946444,128
91316220,mqll_4_16_8,6975443,128
77519040,mqll_4_16_8,8359377,256
74822220,mqll_4_16_8,8233643,256
78879940,mqll_4_16_8,8434920,256
73402120,mqll_4_16_8,8289932,256
78123060,mqll_4_16_8,8261899,256
