119443718220,mqll_4_16_256,35016408,1
116515039160,mqll_4_16_256,35019475,1
114657964000,mqll_4_16_256,35018365,1
114017799200,mqll_4_16_256,35017432,1
113883500700,mqll_4_16_256,35018231,1
57379185000,mqll_4_16_256,35020663,2
57338187300,mqll_4_16_256,35021594,2
57438186900,mqll_4_16_256,35027207,2
57183059280,mqll_4_16_256,35023918,2
56895406360,mqll_4_16_256,35020280,2
29188847860,mqll_4_16_256,35080740,4
29153447460,mqll_4_16_256,35040018,4
29194709720,mqll_4_16_256,35029781,4
29169974680,mqll_4_16_256,35042674,4
29228505460,mqll_4_16_256,35030561,4
15756084760,mqll_4_16_256,35236699,8
15693813400,mqll_4_16_256,35097815,8
15697186300,mqll_4_16_256,35168032,8
15674141760,mqll_4_16_256,35094709,8
15757273360,mqll_4_16_256,35370626,8
8112031940,mqll_4_16_256,35969036,16
8134254840,mqll_4_16_256,36428881,16
8108221680,mqll_4_16_256,35851825,16
8081174280,mqll_4_16_256,36115919,16
8073877420,mqll_4_16_256,35703011,16
4457785160,mqll_4_16_256,37188150,32
4446107180,mqll_4_16_256,37130108,32
4475421080,mqll_4_16_256,37214722,32
4457177240,mqll_4_16_256,37413228,32
4436597420,mqll_4_16_256,36431311,32
2898440960,mqll_4_16_256,39063056,64
2887126440,mqll_4_16_256,38489183,64
2904612060,mqll_4_16_256,38839259,64
2887159940,mqll_4_16_256,39079339,64
2887382560,mqll_4_16_256,38618261,64
3189508000,mqll_4_16_256,40542637,128
3237533180,mqll_4_16_256,41144370,128
3208822000,mqll_4_16_256,40389109,128
3119489240,mqll_4_16_256,40637515,128
3261492840,mqll_4_16_256,40729398,128
3795970240,mqll_4_16_256,42075234,256
3420339200,mqll_4_16_256,42107434,256
3587718720,mqll_4_16_256,41694572,256
3328973060,mqll_4_16_256,42765782,256
3369607480,mqll_4_16_256,41994599,256
