64188542540,mqll_4_1024_128,47894693,1,0
64061170040,mqll_4_1024_128,47894693,1,0
64103820720,mqll_4_1024_128,47894693,1,0
63973859780,mqll_4_1024_128,47894693,1,0
63933781340,mqll_4_1024_128,47894693,1,0
36411958760,mqll_4_1024_128,47898018,2,0
36397805340,mqll_4_1024_128,47897978,2,0
36448386580,mqll_4_1024_128,47897857,2,0
36438702000,mqll_4_1024_128,47897966,2,0
36371225960,mqll_4_1024_128,47898068,2,0
20848714920,mqll_4_1024_128,47899785,4,0
20863193340,mqll_4_1024_128,47899851,4,0
20849603560,mqll_4_1024_128,47899765,4,0
20841996140,mqll_4_1024_128,47899854,4,0
20897699200,mqll_4_1024_128,47900213,4,0
12704696640,mqll_4_1024_128,47902140,8,0
12711723740,mqll_4_1024_128,47902330,8,0
12711897160,mqll_4_1024_128,47902201,8,0
12688468380,mqll_4_1024_128,47901949,8,0
12661340440,mqll_4_1024_128,47901948,8,0
7900311340,mqll_4_1024_128,47905340,16,0
7940576600,mqll_4_1024_128,47904537,16,0
7905195340,mqll_4_1024_128,47904945,16,0
7899412320,mqll_4_1024_128,47905164,16,0
7910294180,mqll_4_1024_128,47904799,16,0
5628727660,mqll_4_1024_128,47910639,32,0
5647923480,mqll_4_1024_128,47910419,32,0
5653920500,mqll_4_1024_128,47910851,32,0
5635385980,mqll_4_1024_128,47911435,32,0
5624411960,mqll_4_1024_128,47911107,32,0
5200983020,mqll_4_1024_128,47922353,64,0
5174511120,mqll_4_1024_128,47923262,64,0
5173496740,mqll_4_1024_128,47923121,64,0
5153661960,mqll_4_1024_128,47923259,64,0
5169522980,mqll_4_1024_128,47922904,64,0
6308060440,mqll_4_1024_128,47946051,128,0
6385496920,mqll_4_1024_128,47950301,128,0
6459841700,mqll_4_1024_128,47946661,128,0
6344785360,mqll_4_1024_128,47951774,128,0
6471121860,mqll_4_1024_128,47947606,128,0
4291453380,mqll_4_1024_128,48024724,256,0
4228404020,mqll_4_1024_128,48027162,256,0
4256566800,mqll_4_1024_128,48040331,256,0
4292192420,mqll_4_1024_128,48030349,256,0
4203182840,mqll_4_1024_128,48069237,256,0
