19621141360,mqll_4_4_8,12524207,1,0
19796956460,mqll_4_4_8,12524207,1,0
18187346080,mqll_4_4_8,12524207,1,0
18915019380,mqll_4_4_8,12524207,1,0
18562613680,mqll_4_4_8,12524207,1,0
10945885240,mqll_4_4_8,12532424,2,0
10989940620,mqll_4_4_8,12532216,2,0
10647650240,mqll_4_4_8,12532488,2,0
10708117660,mqll_4_4_8,12532181,2,0
10578868000,mqll_4_4_8,12532056,2,0
5698503620,mqll_4_4_8,12534308,4,0
5760204020,mqll_4_4_8,12534387,4,0
5718169720,mqll_4_4_8,12534114,4,0
5630565920,mqll_4_4_8,12534238,4,0
5623752260,mqll_4_4_8,12534031,4,0
3688952100,mqll_4_4_8,12535087,8,0
3713626500,mqll_4_4_8,12535283,8,0
3701194820,mqll_4_4_8,12534649,8,0
3637947360,mqll_4_4_8,12535116,8,0
3683380540,mqll_4_4_8,12535032,8,0
2298659840,mqll_4_4_8,12536975,16,0
2286614780,mqll_4_4_8,12536969,16,0
2297775120,mqll_4_4_8,12536914,16,0
2296648060,mqll_4_4_8,12537023,16,0
2303968400,mqll_4_4_8,12536754,16,0
1593501560,mqll_4_4_8,12541183,32,0
1595195660,mqll_4_4_8,12540977,32,0
1584867080,mqll_4_4_8,12540885,32,0
1593444960,mqll_4_4_8,12540643,32,0
1604627080,mqll_4_4_8,12540362,32,0
1449741700,mqll_4_4_8,12548540,64,0
1441340780,mqll_4_4_8,12548470,64,0
1425000380,mqll_4_4_8,12548431,64,0
1448087980,mqll_4_4_8,12548625,64,0
1454225980,mqll_4_4_8,12548216,64,0
1656604160,mqll_4_4_8,12568479,128,0
1700197160,mqll_4_4_8,12567691,128,0
1672917880,mqll_4_4_8,12566213,128,0
1718225200,mqll_4_4_8,12568841,128,0
1703869340,mqll_4_4_8,12568057,128,0
1655631060,mqll_4_4_8,12604540,256,0
1712937440,mqll_4_4_8,12599923,256,0
1674153540,mqll_4_4_8,12597044,256,0
1700972760,mqll_4_4_8,12598760,256,0
1711163380,mqll_4_4_8,12601993,256,0
