3140307740,mqll_4_1_1,6716097,1,10
3136654280,mqll_4_1_1,6715995,1,10
3144959280,mqll_4_1_1,6715951,1,10
3159709460,mqll_4_1_1,6715891,1,10
3161175400,mqll_4_1_1,6715908,1,10
2197046800,mqll_4_1_1,6717957,2,10
2191970140,mqll_4_1_1,6718402,2,10
2183242560,mqll_4_1_1,6717079,2,10
2205760260,mqll_4_1_1,6716742,2,10
2181330080,mqll_4_1_1,6717723,2,10
1077768120,mqll_4_1_1,6719375,4,10
1085721940,mqll_4_1_1,6719534,4,10
1097099880,mqll_4_1_1,6719218,4,10
1075836380,mqll_4_1_1,6719381,4,10
1073219700,mqll_4_1_1,6719668,4,10
1403562860,mqll_4_1_1,6729134,8,10
1393008140,mqll_4_1_1,6729309,8,10
1411596260,mqll_4_1_1,6729234,8,10
1449033440,mqll_4_1_1,6729609,8,10
1424003120,mqll_4_1_1,6729661,8,10
844600580,mqll_4_1_1,6764219,16,10
879215880,mqll_4_1_1,6763835,16,10
838222660,mqll_4_1_1,6764556,16,10
857261160,mqll_4_1_1,6764243,16,10
856502880,mqll_4_1_1,6763754,16,10
490754020,mqll_4_1_1,6887583,32,10
489080800,mqll_4_1_1,6885612,32,10
489813920,mqll_4_1_1,6890569,32,10
488549700,mqll_4_1_1,6890973,32,10
494214340,mqll_4_1_1,6886956,32,10
290981240,mqll_4_1_1,7320297,64,10
292527980,mqll_4_1_1,7317750,64,10
293446400,mqll_4_1_1,7306699,64,10
292926480,mqll_4_1_1,7314700,64,10
297943380,mqll_4_1_1,7308684,64,10
235036940,mqll_4_1_1,8467671,128,10
227077200,mqll_4_1_1,8527739,128,10
230430000,mqll_4_1_1,8464390,128,10
230406960,mqll_4_1_1,8501996,128,10
227487980,mqll_4_1_1,8497014,128,10
211339020,mqll_4_1_1,11132493,256,10
204910260,mqll_4_1_1,11133698,256,10
209909080,mqll_4_1_1,11121985,256,10
208774820,mqll_4_1_1,11239638,256,10
197542980,mqll_4_1_1,11220589,256,10
