12200896500,mqll_4_2_2,25660669,1,10
12166473820,mqll_4_2_2,25660570,1,10
12180834400,mqll_4_2_2,25660945,1,10
12131728640,mqll_4_2_2,25660712,1,10
12025956600,mqll_4_2_2,25660706,1,10
7884163460,mqll_4_2_2,25665080,2,10
7824940000,mqll_4_2_2,25664242,2,10
7816229600,mqll_4_2_2,25663594,2,10
7868278520,mqll_4_2_2,25664726,2,10
7860261900,mqll_4_2_2,25664184,2,10
3642512380,mqll_4_2_2,25674342,4,10
3771047660,mqll_4_2_2,25674796,4,10
3803358080,mqll_4_2_2,25676898,4,10
3772323360,mqll_4_2_2,25675607,4,10
3788658980,mqll_4_2_2,25672816,4,10
4590241980,mqll_4_2_2,25711231,8,10
4422359820,mqll_4_2_2,25711578,8,10
4621640340,mqll_4_2_2,25711046,8,10
4724352960,mqll_4_2_2,25711144,8,10
4742093760,mqll_4_2_2,25710796,8,10
2913149040,mqll_4_2_2,25866556,16,10
2861811420,mqll_4_2_2,25860931,16,10
2917432100,mqll_4_2_2,25861140,16,10
2915867100,mqll_4_2_2,25860151,16,10
2959804100,mqll_4_2_2,25860479,16,10
1647306100,mqll_4_2_2,26412616,32,10
1656121360,mqll_4_2_2,26410543,32,10
1514006140,mqll_4_2_2,26415707,32,10
1641499200,mqll_4_2_2,26410142,32,10
1651418600,mqll_4_2_2,26424161,32,10
985926820,mqll_4_2_2,28221433,64,10
971646960,mqll_4_2_2,28258519,64,10
995269540,mqll_4_2_2,28218979,64,10
995431640,mqll_4_2_2,28225915,64,10
993621780,mqll_4_2_2,28181370,64,10
715600080,mqll_4_2_2,33243056,128,10
721479880,mqll_4_2_2,33222402,128,10
715754680,mqll_4_2_2,33210837,128,10
715662140,mqll_4_2_2,33238241,128,10
666056960,mqll_4_2_2,33242287,128,10
600185340,mqll_4_2_2,44629676,256,10
582985120,mqll_4_2_2,44873296,256,10
589644600,mqll_4_2_2,44624995,256,10
580610660,mqll_4_2_2,44835739,256,10
582958100,mqll_4_2_2,44554252,256,10
