1336767384,mqll_4_1_1,31756878,128
1340266474,mqll_4_1_1,31714827,128
1333210082,mqll_4_1_1,31692123,128
1349871898,mqll_4_1_1,31701293,128
1335590402,mqll_4_1_1,31717626,128
1217709832,mqll_4_1_2,34349162,128
1222218214,mqll_4_1_2,34436671,128
1228924854,mqll_4_1_2,34339770,128
1232445056,mqll_4_1_2,34227168,128
1222759010,mqll_4_1_2,34253439,128
1317926342,mqll_4_1_4,41433767,128
1315785496,mqll_4_1_4,41371381,128
1313711198,mqll_4_1_4,41442081,128
1328940878,mqll_4_1_4,41405164,128
1321700408,mqll_4_1_4,41420719,128
1723304154,mqll_4_1_8,57588084,128
1716801244,mqll_4_1_8,57629102,128
1714246458,mqll_4_1_8,57677554,128
1723886022,mqll_4_1_8,57698432,128
1722388276,mqll_4_1_8,57615946,128
2541307506,mqll_4_1_16,89448277,128
2561046666,mqll_4_1_16,89510014,128
2548595784,mqll_4_1_16,89601180,128
2536381606,mqll_4_1_16,89276079,128
2549398814,mqll_4_1_16,89773390,128
4098092218,mqll_4_1_32,147302550,128
4082060852,mqll_4_1_32,147254370,128
4052973670,mqll_4_1_32,146259172,128
4070817996,mqll_4_1_32,146994538,128
4083061104,mqll_4_1_32,147104914,128
6790298310,mqll_4_1_64,248308397,128
6779905030,mqll_4_1_64,247193736,128
6807038710,mqll_4_1_64,248448627,128
6826338444,mqll_4_1_64,249464888,128
6732417380,mqll_4_1_64,246686736,128
11870590416,mqll_4_1_128,427296037,128
11731745376,mqll_4_1_128,429340154,128
11660987260,mqll_4_1_128,427054381,128
11712262570,mqll_4_1_128,428687748,128
11747688520,mqll_4_1_128,429439657,128
20021071398,mqll_4_1_256,715759315,128
20153268446,mqll_4_1_256,720147356,128
19866074462,mqll_4_1_256,710952244,128
20030533078,mqll_4_1_256,715259803,128
20210060844,mqll_4_1_256,721469639,128
33609453352,mqll_4_1_512,1148591295,128
33719609986,mqll_4_1_512,1152417220,128
33827234338,mqll_4_1_512,1155964496,128
33714216474,mqll_4_1_512,1151000970,128
33851652256,mqll_4_1_512,1155712204,128
54712437220,mqll_4_1_1024,1792414325,128
55020282250,mqll_4_1_1024,1798764853,128
54487422904,mqll_4_1_1024,1782634227,128
54772718096,mqll_4_1_1024,1788521951,128
54745709656,mqll_4_1_1024,1788345601,128
1231507610,mqll_4_2_1,32283616,128
1241993364,mqll_4_2_1,32312652,128
1235537006,mqll_4_2_1,32359513,128
1331055410,mqll_4_2_1,32305491,128
1236772006,mqll_4_2_1,32338868,128
1086431082,mqll_4_2_2,35333719,128
1212893952,mqll_4_2_2,35039109,128
1216042880,mqll_4_2_2,35086967,128
1203962782,mqll_4_2_2,35200025,128
1205813600,mqll_4_2_2,35241113,128
1151081420,mqll_4_2_4,41913301,128
1157882186,mqll_4_2_4,41891933,128
1151763764,mqll_4_2_4,41908927,128
1324852820,mqll_4_2_4,41820209,128
1320338652,mqll_4_2_4,41876428,128
1693015608,mqll_4_2_8,56887234,128
1702371280,mqll_4_2_8,56962353,128
1662108130,mqll_4_2_8,57491906,128
1673447470,mqll_4_2_8,56898477,128
1684700048,mqll_4_2_8,57146277,128
2513719214,mqll_4_2_16,86715301,128
2427133652,mqll_4_2_16,87402501,128
2494131866,mqll_4_2_16,86679729,128
2114207002,mqll_4_2_16,88208323,128
2480349976,mqll_4_2_16,87241680,128
3903886258,mqll_4_2_32,141941249,128
3324548222,mqll_4_2_32,141693419,128
3915716358,mqll_4_2_32,140944041,128
3316179814,mqll_4_2_32,142213032,128
3304288418,mqll_4_2_32,141729335,128
5520890510,mqll_4_2_64,240207656,128
6432821490,mqll_4_2_64,238447001,128
6583982866,mqll_4_2_64,238672796,128
5536795054,mqll_4_2_64,239607357,128
6463925806,mqll_4_2_64,237977243,128
11460729952,mqll_4_2_128,411768978,128
9557750162,mqll_4_2_128,413063175,128
9590741210,mqll_4_2_128,414280908,128
11291940832,mqll_4_2_128,410375883,128
9544483174,mqll_4_2_128,412282733,128
19170951066,mqll_4_2_256,696042579,128
19814045808,mqll_4_2_256,701142121,128
19145200696,mqll_4_2_256,693387809,128
16473269308,mqll_4_2_256,693713559,128
19373060590,mqll_4_2_256,697985591,128
27823743344,mqll_4_2_512,1114869553,128
28312860726,mqll_4_2_512,1131463813,128
32299455622,mqll_4_2_512,1108850334,128
27928668856,mqll_4_2_512,1118151683,128
27974132576,mqll_4_2_512,1121287691,128
51508481414,mqll_4_2_1024,1738000336,128
51761809112,mqll_4_2_1024,1716400495,128
50882530456,mqll_4_2_1024,1720182890,128
50953738602,mqll_4_2_1024,1721408164,128
53132890444,mqll_4_2_1024,1750427970,128
1226671294,mqll_4_4_1,33613100,128
1220048212,mqll_4_4_1,33611384,128
1222844848,mqll_4_4_1,33622503,128
1226719470,mqll_4_4_1,33610967,128
1225032390,mqll_4_4_1,33592176,128
1146510782,mqll_4_4_2,37091553,128
1156301998,mqll_4_4_2,36879254,128
1133482302,mqll_4_4_2,36959559,128
1137777484,mqll_4_4_2,36831248,128
1141862464,mqll_4_4_2,36913805,128
1102936760,mqll_4_4_4,44389598,128
1102491780,mqll_4_4_4,44671490,128
1099158440,mqll_4_4_4,44391686,128
1112312768,mqll_4_4_4,44358030,128
1102242160,mqll_4_4_4,44222550,128
1330926266,mqll_4_4_8,58555938,128
1341321598,mqll_4_4_8,58712268,128
1333100698,mqll_4_4_8,58570499,128
1334147330,mqll_4_4_8,58677883,128
1330548318,mqll_4_4_8,58884447,128
1855353812,mqll_4_4_16,86488392,128
1853692514,mqll_4_4_16,86664815,128
1862633554,mqll_4_4_16,86855322,128
1934116822,mqll_4_4_16,86420484,128
1865991388,mqll_4_4_16,86846664,128
2858036742,mqll_4_4_32,137862757,128
2843057754,mqll_4_4_32,137678818,128
2855372230,mqll_4_4_32,137881019,128
2846529430,mqll_4_4_32,137509170,128
2849736534,mqll_4_4_32,137932598,128
4755684720,mqll_4_4_64,231526719,128
4782246624,mqll_4_4_64,232170721,128
4756814394,mqll_4_4_64,232030551,128
4740856184,mqll_4_4_64,230570135,128
4716891496,mqll_4_4_64,229721682,128
8222183764,mqll_4_4_128,395307692,128
8249344168,mqll_4_4_128,396510696,128
8184409776,mqll_4_4_128,395357081,128
8153102806,mqll_4_4_128,394060720,128
8230294234,mqll_4_4_128,396400205,128
14269586750,mqll_4_4_256,669905389,128
14289409674,mqll_4_4_256,671340387,128
14247907054,mqll_4_4_256,668176174,128
14259600306,mqll_4_4_256,669429830,128
14349394634,mqll_4_4_256,674495100,128
24270895824,mqll_4_4_512,1085495879,128
24069331876,mqll_4_4_512,1074611045,128
24209439170,mqll_4_4_512,1084919517,128
24164695672,mqll_4_4_512,1081282785,128
24219984906,mqll_4_4_512,1082597908,128
39561499180,mqll_4_4_1024,1678672890,128
39376545652,mqll_4_4_1024,1669608023,128
39368312638,mqll_4_4_1024,1667688841,128
39324510798,mqll_4_4_1024,1666539595,128
39387996208,mqll_4_4_1024,1669949340,128
1365935142,mqll_4_8_1,37138897,128
1360555874,mqll_4_8_1,37100913,128
1363182564,mqll_4_8_1,37110738,128
1363711718,mqll_4_8_1,37084556,128
1366463052,mqll_4_8_1,37110718,128
1231060540,mqll_4_8_2,40954677,128
1232378362,mqll_4_8_2,40800770,128
1159309384,mqll_4_8_2,40907069,128
1154188866,mqll_4_8_2,41096209,128
1248059760,mqll_4_8_2,40870596,128
1155789978,mqll_4_8_4,48454356,128
1154385874,mqll_4_8_4,48474805,128
1163794558,mqll_4_8_4,48947557,128
1154027854,mqll_4_8_4,48540682,128
1155895424,mqll_4_8_4,48509571,128
1367946624,mqll_4_8_8,63968625,128
1360565670,mqll_4_8_8,64112347,128
1361164390,mqll_4_8_8,63941229,128
1361692038,mqll_4_8_8,64133766,128
1359408364,mqll_4_8_8,63786366,128
1769540760,mqll_4_8_16,89723908,128
1777790560,mqll_4_8_16,89770583,128
1783161514,mqll_4_8_16,89720717,128
1782869234,mqll_4_8_16,89371726,128
1772135850,mqll_4_8_16,89554545,128
2623344662,mqll_4_8_32,136668162,128
2651520696,mqll_4_8_32,137276363,128
2645103488,mqll_4_8_32,137101863,128
2649465890,mqll_4_8_32,137167281,128
2647994038,mqll_4_8_32,136723309,128
4208577344,mqll_4_8_64,224652655,128
4210467294,mqll_4_8_64,223039007,128
4210500180,mqll_4_8_64,223992358,128
4202167368,mqll_4_8_64,223666669,128
4184683976,mqll_4_8_64,222138605,128
7153128294,mqll_4_8_128,376142572,128
7139535518,mqll_4_8_128,375141486,128
7202787572,mqll_4_8_128,379505049,128
7197306458,mqll_4_8_128,378739800,128
7235818390,mqll_4_8_128,380917492,128
12534074976,mqll_4_8_256,639785601,128
12703452662,mqll_4_8_256,648442379,128
12570024782,mqll_4_8_256,641662730,128
12616918234,mqll_4_8_256,643166700,128
12618714046,mqll_4_8_256,643464077,128
21458092074,mqll_4_8_512,1034712773,128
21413682540,mqll_4_8_512,1031879784,128
21792760790,mqll_4_8_512,1047874685,128
21500671106,mqll_4_8_512,1037109581,128
21553626956,mqll_4_8_512,1039282326,128
34546865134,mqll_4_8_1024,1580637992,128
34746879562,mqll_4_8_1024,1591676527,128
34818262832,mqll_4_8_1024,1592884783,128
34873404324,mqll_4_8_1024,1593808525,128
34583237394,mqll_4_8_1024,1583136894,128
1716959776,mqll_4_16_1,44449230,128
1753949548,mqll_4_16_1,44456582,128
1725580800,mqll_4_16_1,44476851,128
1726313136,mqll_4_16_1,44339696,128
1726836808,mqll_4_16_1,44405349,128
1533099478,mqll_4_16_2,49328138,128
1420174236,mqll_4_16_2,49330748,128
1520299292,mqll_4_16_2,49383616,128
1528695692,mqll_4_16_2,49250396,128
1537478308,mqll_4_16_2,49309100,128
1363976590,mqll_4_16_4,57493485,128
1359849268,mqll_4_16_4,57290979,128
1362103354,mqll_4_16_4,57286966,128
1374541632,mqll_4_16_4,57459588,128
1365737012,mqll_4_16_4,57266691,128
1485706576,mqll_4_16_8,71725761,128
1490419098,mqll_4_16_8,71879475,128
1486135924,mqll_4_16_8,71905279,128
1482526486,mqll_4_16_8,71812538,128
1486178544,mqll_4_16_8,71793008,128
1887946224,mqll_4_16_16,99558754,128
1882107178,mqll_4_16_16,99426842,128
1871966546,mqll_4_16_16,98946269,128
1876214648,mqll_4_16_16,99021510,128
1875692416,mqll_4_16_16,98873870,128
2580274226,mqll_4_16_32,142106951,128
2594767992,mqll_4_16_32,142195749,128
2601219230,mqll_4_16_32,142315121,128
2592336778,mqll_4_16_32,142641193,128
2579446796,mqll_4_16_32,142397774,128
4023895412,mqll_4_16_64,223044055,128
4017535598,mqll_4_16_64,222885556,128
3979656444,mqll_4_16_64,222614136,128
4003621590,mqll_4_16_64,222040733,128
3977685848,mqll_4_16_64,221553724,128
6586860346,mqll_4_16_128,365331437,128
6594268036,mqll_4_16_128,365883841,128
6610855156,mqll_4_16_128,367819858,128
6589636938,mqll_4_16_128,364872359,128
6631713354,mqll_4_16_128,367730597,128
11463896536,mqll_4_16_256,621392911,128
11271679518,mqll_4_16_256,611431345,128
11340141430,mqll_4_16_256,616448589,128
11353842680,mqll_4_16_256,615833524,128
11271758994,mqll_4_16_256,612146644,128
19560005690,mqll_4_16_512,995020084,128
19501318600,mqll_4_16_512,994103922,128
19552279576,mqll_4_16_512,997066045,128
19455590042,mqll_4_16_512,992715780,128
19467278132,mqll_4_16_512,993221990,128
30611256804,mqll_4_16_1024,1490206058,128
30952506594,mqll_4_16_1024,1504639352,128
31113251294,mqll_4_16_1024,1509860776,128
31298601214,mqll_4_16_1024,1519291586,128
30921725932,mqll_4_16_1024,1503123881,128
2223706214,mqll_4_32_1,50406117,128
2224371094,mqll_4_32_1,50479239,128
2091983678,mqll_4_32_1,50506410,128
2097912768,mqll_4_32_1,50395974,128
2131592238,mqll_4_32_1,50500607,128
1710228044,mqll_4_32_2,57269292,128
1726271442,mqll_4_32_2,57381820,128
1732805092,mqll_4_32_2,57209869,128
1727870664,mqll_4_32_2,57083853,128
1727067374,mqll_4_32_2,57405546,128
1671187708,mqll_4_32_4,68958509,128
1789583686,mqll_4_32_4,70014834,128
1687651710,mqll_4_32_4,69656543,128
1675293172,mqll_4_32_4,69226823,128
1692716280,mqll_4_32_4,69719081,128
1806861634,mqll_4_32_8,86770233,128
1803732630,mqll_4_32_8,86605435,128
1811807100,mqll_4_32_8,86854651,128
1792261182,mqll_4_32_8,86684023,128
1798704532,mqll_4_32_8,86682274,128
2115806950,mqll_4_32_16,112397284,128
2123547642,mqll_4_32_16,112348177,128
2122114368,mqll_4_32_16,112587411,128
2124435024,mqll_4_32_16,112913841,128
2132671078,mqll_4_32_16,112563330,128
2842580138,mqll_4_32_32,159576185,128
2820137058,mqll_4_32_32,159242288,128
2837935900,mqll_4_32_32,159584241,128
2861232004,mqll_4_32_32,160315656,128
2844119170,mqll_4_32_32,159458141,128
4062017786,mqll_4_32_64,234727941,128
4070931784,mqll_4_32_64,234986693,128
4048522256,mqll_4_32_64,234425596,128
4090831710,mqll_4_32_64,235009993,128
4092491974,mqll_4_32_64,234908155,128
6421129420,mqll_4_32_128,367233720,128
6427512458,mqll_4_32_128,366145474,128
6412479614,mqll_4_32_128,367156870,128
6402488900,mqll_4_32_128,366185617,128
6334309198,mqll_4_32_128,363191775,128
10784465420,mqll_4_32_256,599564525,128
10719344542,mqll_4_32_256,596985738,128
10602532578,mqll_4_32_256,590813962,128
10727557072,mqll_4_32_256,599095620,128
10702066344,mqll_4_32_256,594319113,128
17787739416,mqll_4_32_512,951316514,128
17844331188,mqll_4_32_512,953300228,128
17964321052,mqll_4_32_512,959713270,128
18078569692,mqll_4_32_512,960504238,128
18107517618,mqll_4_32_512,964267198,128
28708876738,mqll_4_32_1024,1441139373,128
28462673148,mqll_4_32_1024,1430955311,128
28321877380,mqll_4_32_1024,1422483106,128
28785063798,mqll_4_32_1024,1443150368,128
28159518230,mqll_4_32_1024,1417924825,128
2217676978,mqll_4_64_1,46858277,128
2196103842,mqll_4_64_1,46933465,128
1911504854,mqll_4_64_1,47010220,128
1900250722,mqll_4_64_1,46680876,128
1947100606,mqll_4_64_1,47328960,128
1968049820,mqll_4_64_2,65471090,128
2075730594,mqll_4_64_2,66024499,128
2121981900,mqll_4_64_2,66036785,128
2068507944,mqll_4_64_2,66478314,128
2112240338,mqll_4_64_2,66080221,128
1776605612,mqll_4_64_4,73544606,128
1760618334,mqll_4_64_4,73206639,128
1793743378,mqll_4_64_4,74693786,128
1759639382,mqll_4_64_4,73671961,128
1757458402,mqll_4_64_4,73457634,128
1925901444,mqll_4_64_8,93021133,128
1902943484,mqll_4_64_8,92721310,128
1940409458,mqll_4_64_8,93875711,128
1867569390,mqll_4_64_8,91486067,128
1908327464,mqll_4_64_8,91345407,128
2534088640,mqll_4_64_16,134423308,128
2538232058,mqll_4_64_16,134055038,128
2542086240,mqll_4_64_16,134014563,128
2562585464,mqll_4_64_16,135308730,128
2543040580,mqll_4_64_16,134490804,128
3277312958,mqll_4_64_32,182169557,128
3245867364,mqll_4_64_32,181911958,128
3286349594,mqll_4_64_32,182539251,128
3263408080,mqll_4_64_32,182010707,128
3262137298,mqll_4_64_32,182194755,128
4537342146,mqll_4_64_64,264707811,128
4522623936,mqll_4_64_64,264357048,128
4505888350,mqll_4_64_64,264190424,128
4578396500,mqll_4_64_64,267603733,128
4536284634,mqll_4_64_64,265487725,128
6569188064,mqll_4_64_128,387525844,128
6650139846,mqll_4_64_128,392899214,128
6567867292,mqll_4_64_128,388031824,128
6563521704,mqll_4_64_128,387797480,128
6545998260,mqll_4_64_128,387805250,128
10447184598,mqll_4_64_256,601059703,128
10410280564,mqll_4_64_256,599734920,128
10412296814,mqll_4_64_256,599031387,128
10357108728,mqll_4_64_256,596367971,128
10401166094,mqll_4_64_256,598813912,128
16828609188,mqll_4_64_512,929964594,128
16966574900,mqll_4_64_512,934776004,128
16685037036,mqll_4_64_512,921506595,128
16840631980,mqll_4_64_512,927592294,128
17072036960,mqll_4_64_512,939365426,128
26210687030,mqll_4_64_1024,1367913332,128
25948672412,mqll_4_64_1024,1358531542,128
26240929436,mqll_4_64_1024,1371222235,128
26525719718,mqll_4_64_1024,1387284253,128
25980527030,mqll_4_64_1024,1357558001,128
3118097814,mqll_4_128_1,74164735,128
3603271468,mqll_4_128_1,74229716,128
3109217984,mqll_4_128_1,73864569,128
3071778622,mqll_4_128_1,73628474,128
2986036894,mqll_4_128_1,73937541,128
2321097656,mqll_4_128_2,73179163,128
2243052522,mqll_4_128_2,74000442,128
2296437248,mqll_4_128_2,74278414,128
2517075766,mqll_4_128_2,73410952,128
2248100254,mqll_4_128_2,74285761,128
1607619312,mqll_4_128_4,73873625,128
1536279960,mqll_4_128_4,74183919,128
1535698258,mqll_4_128_4,73277803,128
1626715448,mqll_4_128_4,73629277,128
1619081788,mqll_4_128_4,73887549,128
1276279566,mqll_4_128_8,74867698,128
1239218146,mqll_4_128_8,75000595,128
1270824626,mqll_4_128_8,74431413,128
1298810180,mqll_4_128_8,74721436,128
1219621338,mqll_4_128_8,74623997,128
1540268188,mqll_4_128_16,94701826,128
2115613406,mqll_4_128_16,118627749,128
1711281112,mqll_4_128_16,104298312,128
1698596692,mqll_4_128_16,102949055,128
1249217942,mqll_4_128_16,82744360,128
3201936384,mqll_4_128_32,185166291,128
3106599082,mqll_4_128_32,182520263,128
3307931298,mqll_4_128_32,189111465,128
3132852832,mqll_4_128_32,183607739,128
3619609358,mqll_4_128_32,204400645,128
5088669934,mqll_4_128_64,299052836,128
5081440742,mqll_4_128_64,297657870,128
5131903110,mqll_4_128_64,301510658,128
5067151126,mqll_4_128_64,299565608,128
5109420996,mqll_4_128_64,299423018,128
7487513810,mqll_4_128_128,446230075,128
7428829458,mqll_4_128_128,441040609,128
7514141118,mqll_4_128_128,446922480,128
7409186832,mqll_4_128_128,442481315,128
7514617968,mqll_4_128_128,447241017,128
10966084186,mqll_4_128_256,646189664,128
10852606256,mqll_4_128_256,638983423,128
10899419838,mqll_4_128_256,642827229,128
11017441566,mqll_4_128_256,649751559,128
10835207478,mqll_4_128_256,639269184,128
16661338768,mqll_4_128_512,940371585,128
16823021212,mqll_4_128_512,949194756,128
16790159516,mqll_4_128_512,947836942,128
16929928924,mqll_4_128_512,953070180,128
16828451438,mqll_4_128_512,949066343,128
25285102226,mqll_4_128_1024,1359412067,128
25388299314,mqll_4_128_1024,1364683564,128
25729979582,mqll_4_128_1024,1381216325,128
25582568140,mqll_4_128_1024,1374718135,128
25212391532,mqll_4_128_1024,1355299564,128
6157023278,mqll_4_256_1,120785336,128
6043662764,mqll_4_256_1,120400725,128
7205197822,mqll_4_256_1,117903288,128
7027727804,mqll_4_256_1,122967447,128
6912920908,mqll_4_256_1,122899838,128
4615737632,mqll_4_256_2,121372917,128
4121480304,mqll_4_256_2,121063219,128
4444427164,mqll_4_256_2,118107824,128
4698692416,mqll_4_256_2,120474176,128
4171831940,mqll_4_256_2,118511981,128
2976578664,mqll_4_256_4,118516894,128
3032623254,mqll_4_256_4,120513998,128
3218287214,mqll_4_256_4,120094968,128
3159117678,mqll_4_256_4,124843483,128
3226655490,mqll_4_256_4,121684380,128
2261526310,mqll_4_256_8,121002941,128
2375348108,mqll_4_256_8,117203165,128
2180116140,mqll_4_256_8,119210476,128
2729940264,mqll_4_256_8,135601096,128
2511785788,mqll_4_256_8,124630773,128
3058229970,mqll_4_256_16,172597163,128
2199202624,mqll_4_256_16,136209177,128
2230470736,mqll_4_256_16,134992545,128
3117376840,mqll_4_256_16,167687077,128
2534997872,mqll_4_256_16,144277797,128
3935399892,mqll_4_256_32,230507833,128
3681863044,mqll_4_256_32,217272378,128
4141796276,mqll_4_256_32,237291151,128
4059866786,mqll_4_256_32,233764899,128
3551584438,mqll_4_256_32,212528746,128
5722013252,mqll_4_256_64,332159527,128
5718374302,mqll_4_256_64,338070387,128
5565406112,mqll_4_256_64,325207938,128
5083499802,mqll_4_256_64,307969412,128
5652721418,mqll_4_256_64,331628230,128
8058935582,mqll_4_256_128,486761454,128
8106269786,mqll_4_256_128,488489132,128
8159987684,mqll_4_256_128,489192889,128
8080073338,mqll_4_256_128,486253311,128
8024178784,mqll_4_256_128,484354258,128
12599845958,mqll_4_256_256,745048275,128
12587226414,mqll_4_256_256,744003753,128
12594511506,mqll_4_256_256,744751794,128
12569564358,mqll_4_256_256,743304018,128
12480833248,mqll_4_256_256,738528351,128
17898283412,mqll_4_256_512,1020145517,128
17769937112,mqll_4_256_512,1013964146,128
17852203740,mqll_4_256_512,1018347301,128
17649867068,mqll_4_256_512,1008518014,128
17964832934,mqll_4_256_512,1022114383,128
25770057118,mqll_4_256_1024,1416345858,128
26252602322,mqll_4_256_1024,1438334085,128
25765573616,mqll_4_256_1024,1414402179,128
25819009220,mqll_4_256_1024,1416643254,128
26031381448,mqll_4_256_1024,1428010994,128
15516844264,mqll_4_512_1,180548550,128
19220457100,mqll_4_512_1,189488892,128
17812837466,mqll_4_512_1,210553503,128
18080207314,mqll_4_512_1,196408901,128
20126872278,mqll_4_512_1,208878818,128
12647782718,mqll_4_512_2,225343367,128
12618519406,mqll_4_512_2,206970096,128
12621010278,mqll_4_512_2,199036054,128
12877287632,mqll_4_512_2,195431769,128
12740851560,mqll_4_512_2,237940758,128
7463846402,mqll_4_512_4,193247520,128
9002054802,mqll_4_512_4,200815439,128
9411351928,mqll_4_512_4,215458070,128
8251362796,mqll_4_512_4,197589287,128
9692469628,mqll_4_512_4,283608221,128
6755532910,mqll_4_512_8,226573267,128
5740721010,mqll_4_512_8,207250886,128
6401882180,mqll_4_512_8,230624533,128
6766527430,mqll_4_512_8,228255565,128
5644438648,mqll_4_512_8,201614653,128
5601463994,mqll_4_512_16,271860009,128
5704709516,mqll_4_512_16,232959849,128
4027561786,mqll_4_512_16,183769931,128
5237341742,mqll_4_512_16,238395760,128
3638338674,mqll_4_512_16,181390243,128
4286912180,mqll_4_512_32,234572131,128
3372378966,mqll_4_512_32,180032770,128
4731943164,mqll_4_512_32,252963399,128
4407049756,mqll_4_512_32,237798718,128
4333744096,mqll_4_512_32,231230779,128
5269008590,mqll_4_512_64,270759913,128
4529341946,mqll_4_512_64,252541103,128
3042837902,mqll_4_512_64,188093916,128
4085960196,mqll_4_512_64,243480283,128
4576536734,mqll_4_512_64,266011203,128
7568819388,mqll_4_512_128,433437452,128
8137108026,mqll_4_512_128,475504508,128
7992047244,mqll_4_512_128,460503267,128
8146407188,mqll_4_512_128,463313590,128
7888026644,mqll_4_512_128,455232311,128
12888868060,mqll_4_512_256,777199232,128
12839397754,mqll_4_512_256,772740616,128
12925915978,mqll_4_512_256,775163359,128
13293869896,mqll_4_512_256,797577320,128
12865271354,mqll_4_512_256,773597588,128
21237855436,mqll_4_512_512,1223358345,128
20911172660,mqll_4_512_512,1208999063,128
21256979278,mqll_4_512_512,1222226509,128
21219430768,mqll_4_512_512,1221909097,128
21096933530,mqll_4_512_512,1215000469,128
28765301508,mqll_4_512_1024,1596788503,128
28880505276,mqll_4_512_1024,1602790791,128
28767074078,mqll_4_512_1024,1600734724,128
28766750914,mqll_4_512_1024,1596344019,128
29061666690,mqll_4_512_1024,1608911946,128
68303934058,mqll_4_1024_1,256309496,128
57549734328,mqll_4_1024_1,215534022,128
77555053400,mqll_4_1024_1,273122964,128
71378363760,mqll_4_1024_1,250723980,128
64159368616,mqll_4_1024_1,246766413,128
55617586364,mqll_4_1024_2,277839464,128
53561026384,mqll_4_1024_2,260328468,128
45018859478,mqll_4_1024_2,264259060,128
52030071378,mqll_4_1024_2,267858325,128
55391837130,mqll_4_1024_2,271795594,128
33091101812,mqll_4_1024_4,266303412,128
40013858012,mqll_4_1024_4,242312203,128
33325828576,mqll_4_1024_4,249407241,128
30375492792,mqll_4_1024_4,272080959,128
37049326432,mqll_4_1024_4,237111730,128
22002555480,mqll_4_1024_8,236663380,128
23115309970,mqll_4_1024_8,246870962,128
22162811676,mqll_4_1024_8,250217675,128
19183751722,mqll_4_1024_8,251116144,128
18078244224,mqll_4_1024_8,256251804,128
12223917908,mqll_4_1024_16,223292720,128
12809963298,mqll_4_1024_16,235512519,128
12849719112,mqll_4_1024_16,237861038,128
10913242210,mqll_4_1024_16,236079702,128
12736037856,mqll_4_1024_16,231832520,128
8149861870,mqll_4_1024_32,214480971,128
7688643682,mqll_4_1024_32,210488239,128
8584496136,mqll_4_1024_32,196452328,128
8651729112,mqll_4_1024_32,186918861,128
8753540122,mqll_4_1024_32,218809305,128
6895109484,mqll_4_1024_64,155190314,128
6623125230,mqll_4_1024_64,171963788,128
6216753448,mqll_4_1024_64,148389857,128
6218800040,mqll_4_1024_64,180556707,128
7102411406,mqll_4_1024_64,184730336,128
7464557250,mqll_4_1024_128,155330916,128
6402109100,mqll_4_1024_128,155720654,128
7653336146,mqll_4_1024_128,157162229,128
7708644210,mqll_4_1024_128,168744981,128
7502276080,mqll_4_1024_128,163511800,128
6326600760,mqll_4_1024_256,204227712,128
6844436548,mqll_4_1024_256,166648971,128
6261556768,mqll_4_1024_256,199799551,128
7247858144,mqll_4_1024_256,201481597,128
7000594754,mqll_4_1024_256,171356413,128
20676263204,mqll_4_1024_512,1208472335,128
20202573120,mqll_4_1024_512,1203791576,128
20426385062,mqll_4_1024_512,1167578878,128
18995788298,mqll_4_1024_512,1138314934,128
19780096582,mqll_4_1024_512,1158613167,128
35675605086,mqll_4_1024_1024,2015663393,128
34901473998,mqll_4_1024_1024,1986886089,128
35233606394,mqll_4_1024_1024,2002122795,128
34688218166,mqll_4_1024_1024,1979663692,128
34967996736,mqll_4_1024_1024,1986614945,128
