12750759398,mqll_4_1_1,47924919,128,0
12914864194,mqll_4_1_1,47930017,128,0
12325848306,mqll_4_1_1,47928064,128,0
12927853540,mqll_4_1_1,47926736,128,0
12922950426,mqll_4_1_1,47924264,128,0
12251094518,mqll_4_1_2,47934216,128,0
11900802658,mqll_4_1_2,47931719,128,0
13314361342,mqll_4_1_2,47933327,128,0
12177257454,mqll_4_1_2,47935352,128,0
12401564400,mqll_4_1_2,47934665,128,0
11526910972,mqll_4_1_4,47940597,128,0
11700130568,mqll_4_1_4,47939394,128,0
11368052796,mqll_4_1_4,47938206,128,0
11911746702,mqll_4_1_4,47946773,128,0
11474556892,mqll_4_1_4,47939511,128,0
11183890120,mqll_4_1_8,47941352,128,0
12018460558,mqll_4_1_8,47940321,128,0
11337123856,mqll_4_1_8,47941471,128,0
13524755284,mqll_4_1_8,47941420,128,0
11532876832,mqll_4_1_8,47944820,128,0
12792106862,mqll_4_1_16,47948874,128,0
11499573536,mqll_4_1_16,47947663,128,0
11813913930,mqll_4_1_16,47949937,128,0
11160744128,mqll_4_1_16,47943516,128,0
11083021986,mqll_4_1_16,47945019,128,0
13193481534,mqll_4_1_32,47959471,128,0
11819624640,mqll_4_1_32,47961457,128,0
11553960794,mqll_4_1_32,47955519,128,0
12995303010,mqll_4_1_32,47963541,128,0
13079719770,mqll_4_1_32,47960018,128,0
11997727638,mqll_4_1_64,47965597,128,0
12154913462,mqll_4_1_64,47971113,128,0
12475283904,mqll_4_1_64,47971059,128,0
12258756130,mqll_4_1_64,47975049,128,0
12374475118,mqll_4_1_64,47972707,128,0
11576079878,mqll_4_1_128,47969244,128,0
11531803688,mqll_4_1_128,47967241,128,0
12441524668,mqll_4_1_128,47980500,128,0
12309198784,mqll_4_1_128,47972512,128,0
11537230474,mqll_4_1_128,47969734,128,0
11610311028,mqll_4_1_256,47972055,128,0
12450204648,mqll_4_1_256,47973308,128,0
12975066290,mqll_4_1_256,47975003,128,0
11933010026,mqll_4_1_256,47973083,128,0
12493002600,mqll_4_1_256,47965502,128,0
11570243104,mqll_4_1_512,47968269,128,0
13197052636,mqll_4_1_512,47971099,128,0
11707592570,mqll_4_1_512,47972302,128,0
12382575122,mqll_4_1_512,47982521,128,0
11913365030,mqll_4_1_512,47967453,128,0
12323872076,mqll_4_1_1024,47978394,128,0
12283626750,mqll_4_1_1024,47969289,128,0
11908698330,mqll_4_1_1024,47968237,128,0
12435344550,mqll_4_1_1024,47963659,128,0
12985048134,mqll_4_1_1024,47969683,128,0
12341333890,mqll_4_2_1,48065267,128,0
12617168116,mqll_4_2_1,48063884,128,0
13652152626,mqll_4_2_1,48063164,128,0
12471519794,mqll_4_2_1,48064453,128,0
12482333994,mqll_4_2_1,48064733,128,0
11703658076,mqll_4_2_2,48024226,128,0
11744947374,mqll_4_2_2,48024265,128,0
12011325558,mqll_4_2_2,48023105,128,0
12093619900,mqll_4_2_2,48019167,128,0
12000156414,mqll_4_2_2,48021465,128,0
12219599516,mqll_4_2_4,47985103,128,0
11375209900,mqll_4_2_4,47978289,128,0
11696024506,mqll_4_2_4,47978962,128,0
11553564372,mqll_4_2_4,47981407,128,0
11579849606,mqll_4_2_4,47978610,128,0
11913829410,mqll_4_2_8,47967885,128,0
11109089428,mqll_4_2_8,47955356,128,0
12238189652,mqll_4_2_8,47974589,128,0
11334787042,mqll_4_2_8,47956550,128,0
11079404330,mqll_4_2_8,47956917,128,0
12226746468,mqll_4_2_16,47961392,128,0
11877196770,mqll_4_2_16,47955188,128,0
11042074626,mqll_4_2_16,47946881,128,0
11421023826,mqll_4_2_16,47948682,128,0
11086295590,mqll_4_2_16,47946840,128,0
11639976414,mqll_4_2_32,47953991,128,0
11136529778,mqll_4_2_32,47953776,128,0
11525853558,mqll_4_2_32,47951454,128,0
11161087170,mqll_4_2_32,47952515,128,0
11537178834,mqll_4_2_32,47955967,128,0
12581650308,mqll_4_2_64,47972044,128,0
11909905264,mqll_4_2_64,47963396,128,0
11549156742,mqll_4_2_64,47965519,128,0
13234616192,mqll_4_2_64,47975060,128,0
12260893540,mqll_4_2_64,47965266,128,0
13091548338,mqll_4_2_128,47968962,128,0
12676029152,mqll_4_2_128,47975427,128,0
14182996098,mqll_4_2_128,47973423,128,0
13063439050,mqll_4_2_128,47977522,128,0
13971864762,mqll_4_2_128,47977912,128,0
13544357354,mqll_4_2_256,47975399,128,0
14429447980,mqll_4_2_256,47979967,128,0
12797490420,mqll_4_2_256,47978893,128,0
12573294018,mqll_4_2_256,47968368,128,0
13506757922,mqll_4_2_256,47989323,128,0
13570795752,mqll_4_2_512,47980807,128,0
13398766988,mqll_4_2_512,47987758,128,0
13546445438,mqll_4_2_512,47973625,128,0
13182408710,mqll_4_2_512,47984697,128,0
13059390042,mqll_4_2_512,47981424,128,0
12659574076,mqll_4_2_1024,47969438,128,0
13632438222,mqll_4_2_1024,47971629,128,0
12836358516,mqll_4_2_1024,47963758,128,0
13738830596,mqll_4_2_1024,47974946,128,0
13340918026,mqll_4_2_1024,47979899,128,0
13031630622,mqll_4_4_1,48169917,128,0
13003465800,mqll_4_4_1,48171624,128,0
12857428166,mqll_4_4_1,48168010,128,0
12258673658,mqll_4_4_1,48176973,128,0
12392646456,mqll_4_4_1,48175177,128,0
12573472238,mqll_4_4_2,48113403,128,0
11606082352,mqll_4_4_2,48110441,128,0
11954223502,mqll_4_4_2,48109264,128,0
12161418654,mqll_4_4_2,48115102,128,0
13625416644,mqll_4_4_2,48118669,128,0
11924051556,mqll_4_4_4,48029183,128,0
11618354762,mqll_4_4_4,48031398,128,0
11887058920,mqll_4_4_4,48032372,128,0
12352580852,mqll_4_4_4,48032496,128,0
11151635236,mqll_4_4_4,48033657,128,0
11334737672,mqll_4_4_8,47975069,128,0
11765563566,mqll_4_4_8,47976814,128,0
11985712272,mqll_4_4_8,47979671,128,0
11086879516,mqll_4_4_8,47975067,128,0
11163147362,mqll_4_4_8,47974493,128,0
12815685914,mqll_4_4_16,47953818,128,0
11133260166,mqll_4_4_16,47954800,128,0
11866367128,mqll_4_4_16,47965101,128,0
10992150972,mqll_4_4_16,47954169,128,0
10945728542,mqll_4_4_16,47953054,128,0
11429277708,mqll_4_4_32,47951089,128,0
11777536868,mqll_4_4_32,47957692,128,0
10993178426,mqll_4_4_32,47949425,128,0
10914395008,mqll_4_4_32,47947554,128,0
10999691520,mqll_4_4_32,47947725,128,0
11816493030,mqll_4_4_64,47958155,128,0
11437906626,mqll_4_4_64,47960849,128,0
12161334026,mqll_4_4_64,47963045,128,0
14060549634,mqll_4_4_64,47972456,128,0
12382342620,mqll_4_4_64,47967129,128,0
12910605170,mqll_4_4_128,47977984,128,0
11938001994,mqll_4_4_128,47963901,128,0
13187388954,mqll_4_4_128,47973577,128,0
14281915804,mqll_4_4_128,47982496,128,0
12297767414,mqll_4_4_128,47978756,128,0
13075392582,mqll_4_4_256,47973235,128,0
13107686712,mqll_4_4_256,47974307,128,0
12776518260,mqll_4_4_256,47974616,128,0
13070548742,mqll_4_4_256,47972596,128,0
12550240166,mqll_4_4_256,47967487,128,0
12683192456,mqll_4_4_512,47968313,128,0
12414585464,mqll_4_4_512,47969293,128,0
12675187286,mqll_4_4_512,47969836,128,0
12930524712,mqll_4_4_512,47970015,128,0
12342915750,mqll_4_4_512,47964685,128,0
12670417598,mqll_4_4_1024,47965003,128,0
14106766066,mqll_4_4_1024,47967667,128,0
13241069434,mqll_4_4_1024,47963391,128,0
13128360602,mqll_4_4_1024,47975828,128,0
13343698286,mqll_4_4_1024,47969342,128,0
12532254432,mqll_4_8_1,48245201,128,0
12558364502,mqll_4_8_1,48243982,128,0
12229715938,mqll_4_8_1,48249850,128,0
12891439346,mqll_4_8_1,48233789,128,0
12599549344,mqll_4_8_1,48245654,128,0
12134251996,mqll_4_8_2,48175499,128,0
12189045996,mqll_4_8_2,48179679,128,0
11740413350,mqll_4_8_2,48188195,128,0
11539223642,mqll_4_8_2,48186515,128,0
12305120658,mqll_4_8_2,48188223,128,0
11694381354,mqll_4_8_4,48081766,128,0
11566544970,mqll_4_8_4,48075058,128,0
11194796208,mqll_4_8_4,48082737,128,0
11381137668,mqll_4_8_4,48082231,128,0
11847973520,mqll_4_8_4,48086539,128,0
12159569080,mqll_4_8_8,48016981,128,0
12130575684,mqll_4_8_8,48015680,128,0
12162284418,mqll_4_8_8,48013640,128,0
11215220974,mqll_4_8_8,48007562,128,0
12084787110,mqll_4_8_8,48010530,128,0
11914234578,mqll_4_8_16,47973246,128,0
11221279134,mqll_4_8_16,47966943,128,0
13391395458,mqll_4_8_16,47965538,128,0
11561016258,mqll_4_8_16,47967712,128,0
10980311536,mqll_4_8_16,47963620,128,0
10842393450,mqll_4_8_32,47947892,128,0
11434026882,mqll_4_8_32,47958737,128,0
13095939608,mqll_4_8_32,47949337,128,0
11298044436,mqll_4_8_32,47951350,128,0
11817367548,mqll_4_8_32,47962131,128,0
10985167368,mqll_4_8_64,47949301,128,0
11574373154,mqll_4_8_64,47954760,128,0
12007228154,mqll_4_8_64,47965193,128,0
12136380514,mqll_4_8_64,47965537,128,0
11610377550,mqll_4_8_64,47950779,128,0
12034488270,mqll_4_8_128,47959983,128,0
12000914362,mqll_4_8_128,47959208,128,0
11500421810,mqll_4_8_128,47961576,128,0
12187939818,mqll_4_8_128,47966955,128,0
12079818486,mqll_4_8_128,47966498,128,0
12459121594,mqll_4_8_256,47974309,128,0
12903022776,mqll_4_8_256,47978149,128,0
12079957878,mqll_4_8_256,47961921,128,0
12384185524,mqll_4_8_256,47964654,128,0
12967437544,mqll_4_8_256,47974242,128,0
11741691034,mqll_4_8_512,47959364,128,0
12072962246,mqll_4_8_512,47964762,128,0
12923523628,mqll_4_8_512,47977063,128,0
11995669894,mqll_4_8_512,47964663,128,0
12798742874,mqll_4_8_512,47974271,128,0
12058180064,mqll_4_8_1024,47960138,128,0
12462477908,mqll_4_8_1024,47963128,128,0
12416696824,mqll_4_8_1024,47962813,128,0
13292609394,mqll_4_8_1024,47982869,128,0
12725911130,mqll_4_8_1024,47965489,128,0
12218118612,mqll_4_16_1,48298150,128,0
12600578474,mqll_4_16_1,48282541,128,0
12517422608,mqll_4_16_1,48296381,128,0
12403431988,mqll_4_16_1,48297153,128,0
12528745532,mqll_4_16_1,48294538,128,0
11547571964,mqll_4_16_2,48230133,128,0
11537730710,mqll_4_16_2,48231600,128,0
11899566556,mqll_4_16_2,48224135,128,0
11745252674,mqll_4_16_2,48219369,128,0
12770625064,mqll_4_16_2,48236041,128,0
12092882400,mqll_4_16_4,48120055,128,0
11766022376,mqll_4_16_4,48120587,128,0
12282178254,mqll_4_16_4,48119847,128,0
11098471978,mqll_4_16_4,48121873,128,0
11184189282,mqll_4_16_4,48119933,128,0
11386653316,mqll_4_16_8,48032510,128,0
11432711948,mqll_4_16_8,48034144,128,0
11056915350,mqll_4_16_8,48031838,128,0
11014979368,mqll_4_16_8,48031940,128,0
11605437688,mqll_4_16_8,48036992,128,0
11005900414,mqll_4_16_16,47980291,128,0
11287370948,mqll_4_16_16,47982226,128,0
10790513622,mqll_4_16_16,47977782,128,0
11253433254,mqll_4_16_16,47983211,128,0
11923563150,mqll_4_16_16,47994448,128,0
11339284728,mqll_4_16_32,47954217,128,0
11799781164,mqll_4_16_32,47968471,128,0
12260020482,mqll_4_16_32,47978186,128,0
11083587452,mqll_4_16_32,47956533,128,0
11802941048,mqll_4_16_32,47963794,128,0
11098541212,mqll_4_16_64,47944872,128,0
10851320734,mqll_4_16_64,47944491,128,0
11378300456,mqll_4_16_64,47947158,128,0
11541243694,mqll_4_16_64,47955120,128,0
11687434586,mqll_4_16_64,47953356,128,0
11478460452,mqll_4_16_128,47955957,128,0
11081858074,mqll_4_16_128,47949616,128,0
11488448646,mqll_4_16_128,47953686,128,0
11535076492,mqll_4_16_128,47953533,128,0
11430969328,mqll_4_16_128,47951289,128,0
12865398582,mqll_4_16_256,47977740,128,0
11902944742,mqll_4_16_256,47965968,128,0
11564290504,mqll_4_16_256,47956349,128,0
12295296264,mqll_4_16_256,47972464,128,0
11600158196,mqll_4_16_256,47955487,128,0
11413021386,mqll_4_16_512,47959941,128,0
11711619010,mqll_4_16_512,47959954,128,0
11846401998,mqll_4_16_512,47961302,128,0
11620046722,mqll_4_16_512,47964050,128,0
13037451494,mqll_4_16_512,47956458,128,0
11447138558,mqll_4_16_1024,47956545,128,0
12133595436,mqll_4_16_1024,47961604,128,0
11872101022,mqll_4_16_1024,47965259,128,0
11843500960,mqll_4_16_1024,47957757,128,0
12570163000,mqll_4_16_1024,47970026,128,0
12241068334,mqll_4_32_1,48312303,128,0
12483021050,mqll_4_32_1,48305254,128,0
12373675168,mqll_4_32_1,48314282,128,0
12413647410,mqll_4_32_1,48312029,128,0
16363735754,mqll_4_32_1,48312263,128,0
11795946850,mqll_4_32_2,48240277,128,0
12080868188,mqll_4_32_2,48246530,128,0
11586493862,mqll_4_32_2,48248114,128,0
11983162426,mqll_4_32_2,48251852,128,0
11914907404,mqll_4_32_2,48243656,128,0
11192074528,mqll_4_32_4,48142029,128,0
12351478314,mqll_4_32_4,48115190,128,0
11220583782,mqll_4_32_4,48141851,128,0
12235117206,mqll_4_32_4,48136358,128,0
11922279356,mqll_4_32_4,48144739,128,0
11212233540,mqll_4_32_8,48051116,128,0
12778720756,mqll_4_32_8,48053824,128,0
11644173524,mqll_4_32_8,48060759,128,0
11292732204,mqll_4_32_8,48047783,128,0
12831325834,mqll_4_32_8,48051178,128,0
11591179640,mqll_4_32_16,47998653,128,0
11206072736,mqll_4_32_16,47994982,128,0
11280153442,mqll_4_32_16,47993812,128,0
11022999722,mqll_4_32_16,47993693,128,0
11977303912,mqll_4_32_16,48017548,128,0
11457118046,mqll_4_32_32,47967566,128,0
11591635486,mqll_4_32_32,47969536,128,0
11640535890,mqll_4_32_32,47966037,128,0
10943558958,mqll_4_32_32,47959821,128,0
11180521138,mqll_4_32_32,47959761,128,0
10856268972,mqll_4_32_64,47946680,128,0
11369232312,mqll_4_32_64,47954667,128,0
10698965002,mqll_4_32_64,47945959,128,0
10715421166,mqll_4_32_64,47946856,128,0
10781533836,mqll_4_32_64,47947020,128,0
10740547346,mqll_4_32_128,47942622,128,0
11349893672,mqll_4_32_128,47947091,128,0
10934925186,mqll_4_32_128,47942625,128,0
11488046438,mqll_4_32_128,47953546,128,0
11097897342,mqll_4_32_128,47944847,128,0
13035070706,mqll_4_32_256,47957710,128,0
12466527900,mqll_4_32_256,47969690,128,0
11400424492,mqll_4_32_256,47949098,128,0
11633392470,mqll_4_32_256,47955904,128,0
12457099586,mqll_4_32_256,47967764,128,0
12305079588,mqll_4_32_512,47973947,128,0
11104444436,mqll_4_32_512,47952891,128,0
11125973610,mqll_4_32_512,47952213,128,0
11142610208,mqll_4_32_512,47952507,128,0
11909258126,mqll_4_32_512,47963778,128,0
11900751384,mqll_4_32_1024,47954942,128,0
11959672008,mqll_4_32_1024,47969384,128,0
11256746234,mqll_4_32_1024,47957091,128,0
12319527194,mqll_4_32_1024,47963972,128,0
11174111420,mqll_4_32_1024,47953423,128,0
12248834124,mqll_4_64_1,48328371,128,0
12504181180,mqll_4_64_1,48318922,128,0
12486891158,mqll_4_64_1,48325840,128,0
12267469746,mqll_4_64_1,48322793,128,0
12404258668,mqll_4_64_1,48323289,128,0
14604860346,mqll_4_64_2,48259404,128,0
11529358904,mqll_4_64_2,48259072,128,0
11824424280,mqll_4_64_2,48248969,128,0
11994540646,mqll_4_64_2,48247300,128,0
11640774714,mqll_4_64_2,48260623,128,0
11421642522,mqll_4_64_4,48152408,128,0
11885548994,mqll_4_64_4,48150157,128,0
11962551382,mqll_4_64_4,48159256,128,0
11436498914,mqll_4_64_4,48155132,128,0
11842158852,mqll_4_64_4,48155737,128,0
11096994682,mqll_4_64_8,48059501,128,0
10912848430,mqll_4_64_8,48064690,128,0
11925704680,mqll_4_64_8,48064585,128,0
11009172400,mqll_4_64_8,48064726,128,0
11734402778,mqll_4_64_8,48078848,128,0
12273421590,mqll_4_64_16,48006148,128,0
11917127184,mqll_4_64_16,48017767,128,0
11958082038,mqll_4_64_16,48022192,128,0
10887803522,mqll_4_64_16,48002848,128,0
10824652626,mqll_4_64_16,48001239,128,0
11155887648,mqll_4_64_32,47968312,128,0
11041733218,mqll_4_64_32,47964834,128,0
10962192036,mqll_4_64_32,47967598,128,0
12255825868,mqll_4_64_32,47987389,128,0
11453568454,mqll_4_64_32,47975012,128,0
10705803494,mqll_4_64_64,47949271,128,0
10686159954,mqll_4_64_64,47947732,128,0
10681895674,mqll_4_64_64,47948303,128,0
11767249524,mqll_4_64_64,47967902,128,0
11322321520,mqll_4_64_64,47952303,128,0
10838135520,mqll_4_64_128,47940798,128,0
10761832866,mqll_4_64_128,47942335,128,0
11087806360,mqll_4_64_128,47942506,128,0
10812176396,mqll_4_64_128,47941522,128,0
10890453326,mqll_4_64_128,47942524,128,0
12533317128,mqll_4_64_256,47947701,128,0
11932140284,mqll_4_64_256,47956602,128,0
12809957694,mqll_4_64_256,47939102,128,0
11555507922,mqll_4_64_256,47950610,128,0
10904777128,mqll_4_64_256,47942198,128,0
12325109290,mqll_4_64_512,47960972,128,0
11023968982,mqll_4_64_512,47947663,128,0
11290297776,mqll_4_64_512,47952580,128,0
11087710192,mqll_4_64_512,47946994,128,0
10904014438,mqll_4_64_512,47948083,128,0
11143714362,mqll_4_64_1024,47955675,128,0
11258826966,mqll_4_64_1024,47945501,128,0
12445847254,mqll_4_64_1024,47964210,128,0
11168232584,mqll_4_64_1024,47950389,128,0
11207117294,mqll_4_64_1024,47948722,128,0
12464843272,mqll_4_128_1,48324283,128,0
13169066670,mqll_4_128_1,48319900,128,0
12902647190,mqll_4_128_1,48324409,128,0
12690774624,mqll_4_128_1,48317199,128,0
12840219542,mqll_4_128_1,48322029,128,0
11529781234,mqll_4_128_2,48264832,128,0
11701556538,mqll_4_128_2,48259234,128,0
11697148354,mqll_4_128_2,48264302,128,0
12696249116,mqll_4_128_2,48267602,128,0
11718159080,mqll_4_128_2,48264254,128,0
11692260558,mqll_4_128_4,48158285,128,0
11386026190,mqll_4_128_4,48157010,128,0
11909627340,mqll_4_128_4,48161134,128,0
11234366278,mqll_4_128_4,48156635,128,0
11294898732,mqll_4_128_4,48156348,128,0
12330043456,mqll_4_128_8,48089441,128,0
11932277736,mqll_4_128_8,48085122,128,0
11554065442,mqll_4_128_8,48067804,128,0
11707579936,mqll_4_128_8,48075986,128,0
11335984168,mqll_4_128_8,48064984,128,0
11274930298,mqll_4_128_16,48005023,128,0
12489147888,mqll_4_128_16,48027588,128,0
11927729638,mqll_4_128_16,48019950,128,0
10937676564,mqll_4_128_16,48005123,128,0
10901624156,mqll_4_128_16,48005443,128,0
10854160902,mqll_4_128_32,47970210,128,0
10898943850,mqll_4_128_32,47969934,128,0
10827782700,mqll_4_128_32,47970176,128,0
10987167416,mqll_4_128_32,47970406,128,0
11949234490,mqll_4_128_32,47987248,128,0
11140646030,mqll_4_128_64,47955978,128,0
11073785336,mqll_4_128_64,47955097,128,0
10754390580,mqll_4_128_64,47952289,128,0
10783087618,mqll_4_128_64,47952638,128,0
11276578268,mqll_4_128_64,47954093,128,0
11125279378,mqll_4_128_128,47948267,128,0
10779287692,mqll_4_128_128,47943753,128,0
11919611452,mqll_4_128_128,47959616,128,0
10762420228,mqll_4_128_128,47941893,128,0
10955281494,mqll_4_128_128,47942557,128,0
10665290496,mqll_4_128_256,47938463,128,0
12747738846,mqll_4_128_256,47969904,128,0
10840963666,mqll_4_128_256,47938749,128,0
10787600154,mqll_4_128_256,47937540,128,0
10806942532,mqll_4_128_256,47939405,128,0
11314647848,mqll_4_128_512,47948347,128,0
11179544744,mqll_4_128_512,47941123,128,0
10849160684,mqll_4_128_512,47939583,128,0
12628489742,mqll_4_128_512,47971092,128,0
10840324414,mqll_4_128_512,47941827,128,0
11271388948,mqll_4_128_1024,47946593,128,0
10859023828,mqll_4_128_1024,47944645,128,0
11049923500,mqll_4_128_1024,47949473,128,0
11156718210,mqll_4_128_1024,47944552,128,0
11306427892,mqll_4_128_1024,47948227,128,0
12619747858,mqll_4_256_1,48319414,128,0
13178640254,mqll_4_256_1,48323401,128,0
12508522962,mqll_4_256_1,48328124,128,0
12623936512,mqll_4_256_1,48317934,128,0
12678979580,mqll_4_256_1,48317031,128,0
11662988556,mqll_4_256_2,48264071,128,0
12530915812,mqll_4_256_2,48260212,128,0
11965218290,mqll_4_256_2,48254928,128,0
11981638232,mqll_4_256_2,48265202,128,0
12479913270,mqll_4_256_2,48265163,128,0
11907761886,mqll_4_256_4,48162222,128,0
11988002770,mqll_4_256_4,48158411,128,0
11894703476,mqll_4_256_4,48152106,128,0
11355869192,mqll_4_256_4,48157430,128,0
12071300342,mqll_4_256_4,48161958,128,0
11216091148,mqll_4_256_8,48070390,128,0
11106672624,mqll_4_256_8,48071510,128,0
11069683370,mqll_4_256_8,48068970,128,0
11124606786,mqll_4_256_8,48069901,128,0
11300733354,mqll_4_256_8,48064444,128,0
11336044696,mqll_4_256_16,48009175,128,0
11691032192,mqll_4_256_16,48017806,128,0
10983890524,mqll_4_256_16,48009737,128,0
10929690322,mqll_4_256_16,48007413,128,0
12288474320,mqll_4_256_16,48034573,128,0
11372716964,mqll_4_256_32,47974628,128,0
10990524850,mqll_4_256_32,47972960,128,0
10990976982,mqll_4_256_32,47973407,128,0
11642309786,mqll_4_256_32,47985128,128,0
11616227462,mqll_4_256_32,47977502,128,0
11266510330,mqll_4_256_64,47953170,128,0
10854508298,mqll_4_256_64,47952268,128,0
11462639784,mqll_4_256_64,47960753,128,0
11295019020,mqll_4_256_64,47955122,128,0
11213287836,mqll_4_256_64,47955939,128,0
10872768484,mqll_4_256_128,47945714,128,0
12303525476,mqll_4_256_128,47969347,128,0
12708119400,mqll_4_256_128,47956568,128,0
12838258530,mqll_4_256_128,47974274,128,0
10918041370,mqll_4_256_128,47946117,128,0
11292780758,mqll_4_256_256,47944771,128,0
11513679790,mqll_4_256_256,47950829,128,0
10732277624,mqll_4_256_256,47936321,128,0
10808882046,mqll_4_256_256,47939961,128,0
10757117656,mqll_4_256_256,47941273,128,0
12172379962,mqll_4_256_512,47956874,128,0
10750375652,mqll_4_256_512,47937928,128,0
10769386874,mqll_4_256_512,47940942,128,0
11840584322,mqll_4_256_512,47939905,128,0
11691178198,mqll_4_256_512,47951332,128,0
10812337198,mqll_4_256_1024,47940713,128,0
10914920342,mqll_4_256_1024,47943311,128,0
11801065806,mqll_4_256_1024,47950874,128,0
11807720562,mqll_4_256_1024,47953480,128,0
11532279430,mqll_4_256_1024,47947327,128,0
12517474280,mqll_4_512_1,48331333,128,0
13291230944,mqll_4_512_1,48316488,128,0
12523654600,mqll_4_512_1,48326553,128,0
12464268730,mqll_4_512_1,48332213,128,0
12447029282,mqll_4_512_1,48325769,128,0
11751769386,mqll_4_512_2,48268550,128,0
11714434120,mqll_4_512_2,48269424,128,0
11707350794,mqll_4_512_2,48266397,128,0
11700272216,mqll_4_512_2,48268175,128,0
11802483200,mqll_4_512_2,48270702,128,0
12305752530,mqll_4_512_4,48167877,128,0
11940558202,mqll_4_512_4,48163997,128,0
12194834102,mqll_4_512_4,48165225,128,0
11322467558,mqll_4_512_4,48160341,128,0
11344191492,mqll_4_512_4,48163666,128,0
12652442772,mqll_4_512_8,48092095,128,0
11801655210,mqll_4_512_8,48077459,128,0
11123903174,mqll_4_512_8,48074645,128,0
11144072492,mqll_4_512_8,48075640,128,0
11520733674,mqll_4_512_8,48070766,128,0
11998368566,mqll_4_512_16,48021330,128,0
11989056494,mqll_4_512_16,48020540,128,0
11009872936,mqll_4_512_16,48012573,128,0
11212739598,mqll_4_512_16,48011374,128,0
11554210196,mqll_4_512_16,48013573,128,0
11475836316,mqll_4_512_32,47980771,128,0
11128425826,mqll_4_512_32,47978335,128,0
11002452460,mqll_4_512_32,47976611,128,0
14930692634,mqll_4_512_32,47983771,128,0
11209028516,mqll_4_512_32,47979379,128,0
11807747406,mqll_4_512_64,47962896,128,0
11126450902,mqll_4_512_64,47958906,128,0
13050827496,mqll_4_512_64,47984015,128,0
11039247664,mqll_4_512_64,47959958,128,0
13605114358,mqll_4_512_64,47990990,128,0
11642349106,mqll_4_512_128,47959656,128,0
12014956734,mqll_4_512_128,47961081,128,0
11508470450,mqll_4_512_128,47952410,128,0
10977186816,mqll_4_512_128,47948922,128,0
11735564728,mqll_4_512_128,47954447,128,0
10782146952,mqll_4_512_256,47940424,128,0
11225729622,mqll_4_512_256,47949017,128,0
11301951140,mqll_4_512_256,47947893,128,0
10669249966,mqll_4_512_256,47940807,128,0
10790518636,mqll_4_512_256,47940999,128,0
10695937146,mqll_4_512_512,47937215,128,0
11227316174,mqll_4_512_512,47944717,128,0
11165980896,mqll_4_512_512,47938812,128,0
12427362166,mqll_4_512_512,47936312,128,0
11785555246,mqll_4_512_512,47951605,128,0
11415010552,mqll_4_512_1024,47936659,128,0
11895955364,mqll_4_512_1024,47934176,128,0
11330913858,mqll_4_512_1024,47942466,128,0
11194315082,mqll_4_512_1024,47939585,128,0
12023481966,mqll_4_512_1024,47958039,128,0
14803138576,mqll_4_1024_1,48312708,128,0
12793712656,mqll_4_1024_1,48315385,128,0
12816951678,mqll_4_1024_1,48309779,128,0
12466417710,mqll_4_1024_1,48314069,128,0
12785210354,mqll_4_1024_1,48317188,128,0
11683559446,mqll_4_1024_2,48261872,128,0
12022647542,mqll_4_1024_2,48249880,128,0
11957541708,mqll_4_1024_2,48264290,128,0
11650929700,mqll_4_1024_2,48256647,128,0
11645935000,mqll_4_1024_2,48262257,128,0
11286551674,mqll_4_1024_4,48160494,128,0
11225501654,mqll_4_1024_4,48163639,128,0
12257534490,mqll_4_1024_4,48162686,128,0
11648071138,mqll_4_1024_4,48156049,128,0
11259876250,mqll_4_1024_4,48161714,128,0
11017490504,mqll_4_1024_8,48072957,128,0
11119410090,mqll_4_1024_8,48075695,128,0
11020294558,mqll_4_1024_8,48073497,128,0
11084845768,mqll_4_1024_8,48072379,128,0
11337784186,mqll_4_1024_8,48070564,128,0
11833784872,mqll_4_1024_16,48021655,128,0
13605933006,mqll_4_1024_16,48015712,128,0
10843263016,mqll_4_1024_16,48010660,128,0
11208815762,mqll_4_1024_16,48012227,128,0
11324389278,mqll_4_1024_16,48017921,128,0
10812304968,mqll_4_1024_32,47974474,128,0
11207517554,mqll_4_1024_32,47976051,128,0
11095328710,mqll_4_1024_32,47974453,128,0
10862507966,mqll_4_1024_32,47973599,128,0
11138053352,mqll_4_1024_32,47979388,128,0
10864814090,mqll_4_1024_64,47957521,128,0
12472738296,mqll_4_1024_64,47955303,128,0
10932121120,mqll_4_1024_64,47956354,128,0
11086202122,mqll_4_1024_64,47958276,128,0
10852056164,mqll_4_1024_64,47954956,128,0
11189644316,mqll_4_1024_128,47955600,128,0
11433684992,mqll_4_1024_128,47956762,128,0
11471358718,mqll_4_1024_128,47961296,128,0
10508663698,mqll_4_1024_128,47944325,128,0
10846239558,mqll_4_1024_128,47949319,128,0
11619402594,mqll_4_1024_256,47949780,128,0
11224439968,mqll_4_1024_256,47948940,128,0
10542802424,mqll_4_1024_256,47941302,128,0
10593196604,mqll_4_1024_256,47940026,128,0
10856379198,mqll_4_1024_256,47941281,128,0
10649698612,mqll_4_1024_512,47940124,128,0
11719513522,mqll_4_1024_512,47949966,128,0
10562458606,mqll_4_1024_512,47941316,128,0
10797813970,mqll_4_1024_512,47940015,128,0
10634959738,mqll_4_1024_512,47939410,128,0
10459134854,mqll_4_1024_1024,47937092,128,0
13086871062,mqll_4_1024_1024,47953615,128,0
10341929934,mqll_4_1024_1024,47936246,128,0
10444652534,mqll_4_1024_1024,47937171,128,0
10538013860,mqll_4_1024_1024,47942107,128,0
