321359072,mqll_4_1_1,8453899,128,10
323573942,mqll_4_1_1,8430710,128,10
321961230,mqll_4_1_1,8455567,128,10
321177938,mqll_4_1_1,8450973,128,10
335252950,mqll_4_1_1,8423522,128,10
320395114,mqll_4_1_1,8410636,128,10
329000896,mqll_4_1_2,10244519,128,10
329207482,mqll_4_1_2,10298085,128,10
328918788,mqll_4_1_2,10271032,128,10
327756668,mqll_4_1_2,10296216,128,10
332802494,mqll_4_1_2,10310959,128,10
391670376,mqll_4_1_4,13990952,128,10
388562196,mqll_4_1_4,13975849,128,10
390992788,mqll_4_1_4,14009742,128,10
395767442,mqll_4_1_4,13994802,128,10
387723180,mqll_4_1_4,14013831,128,10
535645954,mqll_4_1_8,20784416,128,10
538015178,mqll_4_1_8,20788739,128,10
540770778,mqll_4_1_8,20820267,128,10
539848488,mqll_4_1_8,20976244,128,10
544869820,mqll_4_1_8,20881636,128,10
810731260,mqll_4_1_16,32917857,128,10
806451300,mqll_4_1_16,32688943,128,10
808482464,mqll_4_1_16,32917461,128,10
803554048,mqll_4_1_16,32770958,128,10
803503110,mqll_4_1_16,32710629,128,10
1255652218,mqll_4_1_32,52885304,128,10
1267863018,mqll_4_1_32,53159952,128,10
1259774444,mqll_4_1_32,52621790,128,10
1273675724,mqll_4_1_32,53457980,128,10
1250104140,mqll_4_1_32,52541313,128,10
1985004280,mqll_4_1_64,84614055,128,10
2019902618,mqll_4_1_64,85990924,128,10
2012063598,mqll_4_1_64,85707779,128,10
2025225080,mqll_4_1_64,86188822,128,10
2019737632,mqll_4_1_64,86253092,128,10
3155040412,mqll_4_1_128,134009488,128,10
3158952860,mqll_4_1_128,135447237,128,10
3197757466,mqll_4_1_128,136557512,128,10
3154761632,mqll_4_1_128,135294143,128,10
3158233116,mqll_4_1_128,134911682,128,10
4736540518,mqll_4_1_256,202530023,128,10
4809549158,mqll_4_1_256,205764849,128,10
4754026850,mqll_4_1_256,203260347,128,10
4791318132,mqll_4_1_256,205151676,128,10
4741754474,mqll_4_1_256,202480539,128,10
6716404550,mqll_4_1_512,283832055,128,10
6670731192,mqll_4_1_512,281915510,128,10
6696588204,mqll_4_1_512,283302742,128,10
6812191804,mqll_4_1_512,287995095,128,10
6744774828,mqll_4_1_512,285219039,128,10
8159566052,mqll_4_1_1024,339647014,128,10
8121228690,mqll_4_1_1024,338456087,128,10
8333303938,mqll_4_1_1024,347994649,128,10
8008946158,mqll_4_1_1024,334681209,128,10
8428531390,mqll_4_1_1024,351311116,128,10
348798556,mqll_4_2_1,9118693,128,10
314274584,mqll_4_2_1,9068044,128,10
318841278,mqll_4_2_1,9049472,128,10
314222780,mqll_4_2_1,9025907,128,10
314064366,mqll_4_2_1,9028622,128,10
345455266,mqll_4_2_2,10934634,128,10
340434742,mqll_4_2_2,11000350,128,10
299924248,mqll_4_2_2,10929319,128,10
344031674,mqll_4_2_2,10920088,128,10
338002186,mqll_4_2_2,10980357,128,10
399728482,mqll_4_2_4,14389332,128,10
338324790,mqll_4_2_4,14425539,128,10
397419812,mqll_4_2_4,14370878,128,10
403645194,mqll_4_2_4,14301627,128,10
340061642,mqll_4_2_4,14420971,128,10
442976048,mqll_4_2_8,20760643,128,10
531830224,mqll_4_2_8,20589766,128,10
537118676,mqll_4_2_8,20534478,128,10
542889894,mqll_4_2_8,20773626,128,10
448211750,mqll_4_2_8,20779927,128,10
795052110,mqll_4_2_16,31817621,128,10
803086740,mqll_4_2_16,31680982,128,10
806650298,mqll_4_2_16,31732943,128,10
807246050,mqll_4_2_16,31887723,128,10
642252068,mqll_4_2_16,32054953,128,10
1231242942,mqll_4_2_32,50656594,128,10
1261859310,mqll_4_2_32,50532155,128,10
1259526898,mqll_4_2_32,50999523,128,10
1003428120,mqll_4_2_32,50922727,128,10
998584960,mqll_4_2_32,51488699,128,10
1955024310,mqll_4_2_64,82188789,128,10
1581489368,mqll_4_2_64,82727734,128,10
1991355600,mqll_4_2_64,82261870,128,10
1977882666,mqll_4_2_64,82587566,128,10
1983703892,mqll_4_2_64,82505174,128,10
3101035494,mqll_4_2_128,131274350,128,10
2464644328,mqll_4_2_128,129842554,128,10
3112631160,mqll_4_2_128,130682017,128,10
3083428368,mqll_4_2_128,130734951,128,10
2483540390,mqll_4_2_128,130476531,128,10
4668454098,mqll_4_2_256,196905988,128,10
3777698894,mqll_4_2_256,197280874,128,10
4840108404,mqll_4_2_256,196024265,128,10
4792497264,mqll_4_2_256,196445158,128,10
3784351524,mqll_4_2_256,198072374,128,10
5271680446,mqll_4_2_512,272569006,128,10
6397838722,mqll_4_2_512,267233752,128,10
6443724890,mqll_4_2_512,267274666,128,10
5288644456,mqll_4_2_512,273718264,128,10
6540793218,mqll_4_2_512,270792969,128,10
6379639804,mqll_4_2_1024,324492927,128,10
8002709338,mqll_4_2_1024,322331568,128,10
6406147486,mqll_4_2_1024,325560732,128,10
6657566040,mqll_4_2_1024,334919441,128,10
8120793402,mqll_4_2_1024,325549953,128,10
345201814,mqll_4_4_1,10319295,128,10
344128602,mqll_4_4_1,10257925,128,10
342396156,mqll_4_4_1,10278633,128,10
343373602,mqll_4_4_1,10224316,128,10
344616552,mqll_4_4_1,10224232,128,10
331162556,mqll_4_4_2,12128691,128,10
336262270,mqll_4_4_2,12200596,128,10
337792568,mqll_4_4_2,12126837,128,10
337193792,mqll_4_4_2,12176962,128,10
336155924,mqll_4_4_2,12219288,128,10
326149748,mqll_4_4_4,15724763,128,10
324652972,mqll_4_4_4,15614989,128,10
326314506,mqll_4_4_4,15705846,128,10
331395012,mqll_4_4_4,15720989,128,10
322785018,mqll_4_4_4,15658819,128,10
407035700,mqll_4_4_8,21528507,128,10
401824158,mqll_4_4_8,21402953,128,10
405624098,mqll_4_4_8,21444395,128,10
408572390,mqll_4_4_8,21774001,128,10
403233404,mqll_4_4_8,21524369,128,10
552427552,mqll_4_4_16,31765053,128,10
558987682,mqll_4_4_16,31846102,128,10
558319166,mqll_4_4_16,31981550,128,10
558084252,mqll_4_4_16,31975207,128,10
556548746,mqll_4_4_16,31782760,128,10
834938696,mqll_4_4_32,49733177,128,10
837856358,mqll_4_4_32,50020004,128,10
831326838,mqll_4_4_32,49488230,128,10
832165334,mqll_4_4_32,49416619,128,10
827845546,mqll_4_4_32,49327832,128,10
1317875992,mqll_4_4_64,78857300,128,10
1342285940,mqll_4_4_64,80001344,128,10
1318124118,mqll_4_4_64,79038713,128,10
1324390242,mqll_4_4_64,79210026,128,10
1335183442,mqll_4_4_64,79574919,128,10
2103350362,mqll_4_4_128,126575677,128,10
2111960590,mqll_4_4_128,127489742,128,10
2106016930,mqll_4_4_128,126992513,128,10
2095456148,mqll_4_4_128,126305946,128,10
2122627586,mqll_4_4_128,128278093,128,10
3231721200,mqll_4_4_256,192586746,128,10
3229689540,mqll_4_4_256,192348032,128,10
3228524376,mqll_4_4_256,192593789,128,10
3233289132,mqll_4_4_256,193141570,128,10
3200164414,mqll_4_4_256,190552781,128,10
4384244938,mqll_4_4_512,262680622,128,10
4278672978,mqll_4_4_512,256405410,128,10
4387387568,mqll_4_4_512,262441694,128,10
4316549366,mqll_4_4_512,258701383,128,10
4351043846,mqll_4_4_512,259775096,128,10
5010573450,mqll_4_4_1024,292728989,128,10
5213480886,mqll_4_4_1024,303908354,128,10
5244056104,mqll_4_4_1024,306140438,128,10
5180385154,mqll_4_4_1024,301971659,128,10
5224029368,mqll_4_4_1024,304501821,128,10
428057642,mqll_4_8_1,12341931,128,10
438085404,mqll_4_8_1,12329150,128,10
424687852,mqll_4_8_1,12308031,128,10
429852604,mqll_4_8_1,12324478,128,10
432074314,mqll_4_8_1,12400865,128,10
389042396,mqll_4_8_2,14211441,128,10
352871174,mqll_4_8_2,14256292,128,10
352302278,mqll_4_8_2,14175763,128,10
391928512,mqll_4_8_2,14211329,128,10
356310570,mqll_4_8_2,14251407,128,10
348264624,mqll_4_8_4,17553243,128,10
348731186,mqll_4_8_4,17540853,128,10
352409618,mqll_4_8_4,17623193,128,10
348658574,mqll_4_8_4,17674518,128,10
354917366,mqll_4_8_4,17694749,128,10
408111750,mqll_4_8_8,23856730,128,10
400241788,mqll_4_8_8,23734807,128,10
401477852,mqll_4_8_8,23599375,128,10
406199154,mqll_4_8_8,23800795,128,10
402553854,mqll_4_8_8,23657455,128,10
527797920,mqll_4_8_16,32914402,128,10
532200278,mqll_4_8_16,32836148,128,10
533049746,mqll_4_8_16,33106355,128,10
526098348,mqll_4_8_16,32885170,128,10
532463538,mqll_4_8_16,32925569,128,10
752904482,mqll_4_8_32,48966331,128,10
771484876,mqll_4_8_32,49595206,128,10
760713608,mqll_4_8_32,49376052,128,10
754433544,mqll_4_8_32,49069641,128,10
770531006,mqll_4_8_32,50131806,128,10
1150501592,mqll_4_8_64,77755480,128,10
1143150726,mqll_4_8_64,77250222,128,10
1157641338,mqll_4_8_64,77556621,128,10
1140261432,mqll_4_8_64,76923215,128,10
1138680410,mqll_4_8_64,76505107,128,10
1806874620,mqll_4_8_128,121158903,128,10
1839758190,mqll_4_8_128,123273487,128,10
1819459138,mqll_4_8_128,122669031,128,10
1780002116,mqll_4_8_128,119421398,128,10
1816528840,mqll_4_8_128,121800541,128,10
2676960772,mqll_4_8_256,181549446,128,10
2687452042,mqll_4_8_256,181666616,128,10
2641059896,mqll_4_8_256,178878321,128,10
2705633768,mqll_4_8_256,182603894,128,10
2652042576,mqll_4_8_256,179893196,128,10
3661310860,mqll_4_8_512,243827808,128,10
3638057440,mqll_4_8_512,242394488,128,10
3718890834,mqll_4_8_512,247493075,128,10
3689124570,mqll_4_8_512,246131654,128,10
3653578860,mqll_4_8_512,243376372,128,10
4247650090,mqll_4_8_1024,280123108,128,10
4394196904,mqll_4_8_1024,288699814,128,10
4248809052,mqll_4_8_1024,280269878,128,10
4278584012,mqll_4_8_1024,281910398,128,10
4312246888,mqll_4_8_1024,283761927,128,10
594774346,mqll_4_16_1,15263534,128,10
585318370,mqll_4_16_1,15331606,128,10
583004036,mqll_4_16_1,15145471,128,10
624558988,mqll_4_16_1,15157452,128,10
582731858,mqll_4_16_1,15236350,128,10
483753768,mqll_4_16_2,17321193,128,10
487346026,mqll_4_16_2,17388218,128,10
498237398,mqll_4_16_2,17295509,128,10
488521392,mqll_4_16_2,17204562,128,10
453739884,mqll_4_16_2,17281412,128,10
427231006,mqll_4_16_4,20993993,128,10
420351936,mqll_4_16_4,20802726,128,10
430048036,mqll_4_16_4,21055744,128,10
418068650,mqll_4_16_4,20895138,128,10
416778304,mqll_4_16_4,20747484,128,10
454421492,mqll_4_16_8,26563200,128,10
455471296,mqll_4_16_8,27049358,128,10
445259266,mqll_4_16_8,26525152,128,10
445811264,mqll_4_16_8,26673756,128,10
443977958,mqll_4_16_8,26398496,128,10
590519700,mqll_4_16_16,36945128,128,10
539938016,mqll_4_16_16,36417212,128,10
551254568,mqll_4_16_16,36961944,128,10
548314862,mqll_4_16_16,36714935,128,10
550584096,mqll_4_16_16,36949982,128,10
740411912,mqll_4_16_32,51264388,128,10
744189656,mqll_4_16_32,51494684,128,10
747532588,mqll_4_16_32,51926983,128,10
737468728,mqll_4_16_32,51477767,128,10
745875118,mqll_4_16_32,51630829,128,10
1079084382,mqll_4_16_64,77172900,128,10
1081346694,mqll_4_16_64,76693421,128,10
1061920246,mqll_4_16_64,75722819,128,10
1082722630,mqll_4_16_64,77263188,128,10
1080739192,mqll_4_16_64,76953587,128,10
1610489570,mqll_4_16_128,117720258,128,10
1597959438,mqll_4_16_128,116252753,128,10
1627395490,mqll_4_16_128,117896076,128,10
1620808932,mqll_4_16_128,117726402,128,10
1626674900,mqll_4_16_128,118178526,128,10
2427278994,mqll_4_16_256,175337199,128,10
2404884884,mqll_4_16_256,173961305,128,10
2356807338,mqll_4_16_256,170467951,128,10
2393001714,mqll_4_16_256,174143753,128,10
2331760452,mqll_4_16_256,168999831,128,10
3428759658,mqll_4_16_512,243437215,128,10
3253599374,mqll_4_16_512,231672928,128,10
3233039634,mqll_4_16_512,230631160,128,10
3250631588,mqll_4_16_512,231153451,128,10
3252915526,mqll_4_16_512,231343454,128,10
3570652778,mqll_4_16_1024,253483117,128,10
3679695028,mqll_4_16_1024,261721090,128,10
3787484526,mqll_4_16_1024,268194359,128,10
3545269502,mqll_4_16_1024,251707704,128,10
3765755332,mqll_4_16_1024,267148914,128,10
634407224,mqll_4_32_1,14261806,128,10
603565204,mqll_4_32_1,14161085,128,10
609385826,mqll_4_32_1,14141683,128,10
630350116,mqll_4_32_1,14020781,128,10
622337802,mqll_4_32_1,14043915,128,10
501814826,mqll_4_32_2,15918349,128,10
483683108,mqll_4_32_2,15862683,128,10
518989246,mqll_4_32_2,16400239,128,10
475396910,mqll_4_32_2,15837738,128,10
463901468,mqll_4_32_2,16050708,128,10
505036524,mqll_4_32_4,24289513,128,10
517387224,mqll_4_32_4,24383375,128,10
508920200,mqll_4_32_4,24356631,128,10
526469690,mqll_4_32_4,24392912,128,10
514842526,mqll_4_32_4,24517391,128,10
525508274,mqll_4_32_8,30647589,128,10
529338382,mqll_4_32_8,30885580,128,10
524363070,mqll_4_32_8,30460124,128,10
518415840,mqll_4_32_8,30292231,128,10
518602528,mqll_4_32_8,30193778,128,10
613416300,mqll_4_32_16,41351010,128,10
615293764,mqll_4_32_16,41494184,128,10
622991600,mqll_4_32_16,41477805,128,10
612066814,mqll_4_32_16,41094836,128,10
612606026,mqll_4_32_16,41258021,128,10
802012212,mqll_4_32_32,58194273,128,10
788748232,mqll_4_32_32,57724763,128,10
800781604,mqll_4_32_32,58432320,128,10
809147396,mqll_4_32_32,58749967,128,10
794978218,mqll_4_32_32,57820168,128,10
1089254552,mqll_4_32_64,81749243,128,10
1091543164,mqll_4_32_64,81796152,128,10
1095074922,mqll_4_32_64,82240386,128,10
1088912302,mqll_4_32_64,81765712,128,10
1094326826,mqll_4_32_64,81557440,128,10
1582056400,mqll_4_32_128,118758970,128,10
1568407906,mqll_4_32_128,118603486,128,10
1582044948,mqll_4_32_128,119166585,128,10
1576779218,mqll_4_32_128,118935432,128,10
1556900794,mqll_4_32_128,117398280,128,10
2291010522,mqll_4_32_256,173713826,128,10
2295964650,mqll_4_32_256,174410934,128,10
2249753140,mqll_4_32_256,170949025,128,10
2239511148,mqll_4_32_256,170874030,128,10
2291755986,mqll_4_32_256,173771529,128,10
3098511244,mqll_4_32_512,231889839,128,10
2975216812,mqll_4_32_512,222923035,128,10
3000620254,mqll_4_32_512,224850340,128,10
3063334740,mqll_4_32_512,228669480,128,10
3069759578,mqll_4_32_512,229812473,128,10
3288625086,mqll_4_32_1024,246042493,128,10
3428648930,mqll_4_32_1024,255464408,128,10
3505273396,mqll_4_32_1024,259714042,128,10
3346493276,mqll_4_32_1024,249576550,128,10
3260536082,mqll_4_32_1024,243850745,128,10
897243538,mqll_4_64_1,17166037,128,10
1022354504,mqll_4_64_1,17142182,128,10
841937978,mqll_4_64_1,17025639,128,10
853252950,mqll_4_64_1,17470073,128,10
842897750,mqll_4_64_1,17070502,128,10
659960566,mqll_4_64_2,17330642,128,10
602649136,mqll_4_64_2,17281662,128,10
576953448,mqll_4_64_2,17112659,128,10
667238588,mqll_4_64_2,17554878,128,10
690810156,mqll_4_64_2,17166322,128,10
562925086,mqll_4_64_4,21517633,128,10
472150910,mqll_4_64_4,20968144,128,10
539337592,mqll_4_64_4,20620837,128,10
456697842,mqll_4_64_4,20442814,128,10
461192930,mqll_4_64_4,21257834,128,10
469197550,mqll_4_64_8,26107517,128,10
482665614,mqll_4_64_8,26791100,128,10
522782164,mqll_4_64_8,29789553,128,10
515373368,mqll_4_64_8,29797967,128,10
468205982,mqll_4_64_8,26105240,128,10
716248568,mqll_4_64_16,47218644,128,10
700500776,mqll_4_64_16,45797520,128,10
710240732,mqll_4_64_16,46206113,128,10
719271844,mqll_4_64_16,46689458,128,10
690849384,mqll_4_64_16,46120109,128,10
846837672,mqll_4_64_32,62847783,128,10
851332576,mqll_4_64_32,63146908,128,10
855050704,mqll_4_64_32,63244988,128,10
861996380,mqll_4_64_32,63602942,128,10
857010520,mqll_4_64_32,63275498,128,10
1198932636,mqll_4_64_64,93525135,128,10
1186502876,mqll_4_64_64,92687690,128,10
1209648686,mqll_4_64_64,93641145,128,10
1198798860,mqll_4_64_64,93073428,128,10
1205491460,mqll_4_64_64,93996338,128,10
1624059562,mqll_4_64_128,128335467,128,10
1603111354,mqll_4_64_128,126054054,128,10
1628258474,mqll_4_64_128,127709301,128,10
1619047410,mqll_4_64_128,128011351,128,10
1640539428,mqll_4_64_128,129167992,128,10
2290058232,mqll_4_64_256,180982809,128,10
2196877936,mqll_4_64_256,173520248,128,10
2206614692,mqll_4_64_256,174688289,128,10
2304013230,mqll_4_64_256,181532012,128,10
2281545096,mqll_4_64_256,180243887,128,10
3013926854,mqll_4_64_512,234888482,128,10
2962225954,mqll_4_64_512,231004300,128,10
3017536556,mqll_4_64_512,235290909,128,10
2995174984,mqll_4_64_512,232841290,128,10
3028671564,mqll_4_64_512,235974272,128,10
3291161432,mqll_4_64_1024,253876846,128,10
3582865224,mqll_4_64_1024,274527579,128,10
3402943314,mqll_4_64_1024,261962500,128,10
3420025778,mqll_4_64_1024,263721537,128,10
3434010558,mqll_4_64_1024,264827173,128,10
1547601262,mqll_4_128_1,26607657,128,10
1778690156,mqll_4_128_1,26060817,128,10
1854786806,mqll_4_128_1,26281704,128,10
1783730746,mqll_4_128_1,26702550,128,10
1963692628,mqll_4_128_1,26455064,128,10
1054347232,mqll_4_128_2,25469160,128,10
1220268168,mqll_4_128_2,25939938,128,10
1326736888,mqll_4_128_2,26996511,128,10
1111110080,mqll_4_128_2,25575497,128,10
1013058940,mqll_4_128_2,25883227,128,10
747675676,mqll_4_128_4,26017958,128,10
734344664,mqll_4_128_4,27000001,128,10
731154820,mqll_4_128_4,25922465,128,10
752272486,mqll_4_128_4,26537224,128,10
784855102,mqll_4_128_4,27173949,128,10
698666784,mqll_4_128_8,34914565,128,10
774832782,mqll_4_128_8,35699053,128,10
520509482,mqll_4_128_8,27080973,128,10
560429982,mqll_4_128_8,27354619,128,10
736660732,mqll_4_128_8,35074763,128,10
762636750,mqll_4_128_16,48319699,128,10
709188908,mqll_4_128_16,43264932,128,10
789767710,mqll_4_128_16,48051509,128,10
695377178,mqll_4_128_16,44507252,128,10
747124274,mqll_4_128_16,44808158,128,10
809466484,mqll_4_128_32,58640526,128,10
774430650,mqll_4_128_32,56033650,128,10
848357536,mqll_4_128_32,59543408,128,10
763308298,mqll_4_128_32,56749724,128,10
674528520,mqll_4_128_32,52197817,128,10
1258259646,mqll_4_128_64,99528284,128,10
1244043054,mqll_4_128_64,97528423,128,10
1280393488,mqll_4_128_64,101358038,128,10
1306813682,mqll_4_128_64,102317412,128,10
1284889668,mqll_4_128_64,100907990,128,10
1818751262,mqll_4_128_128,149447938,128,10
1797166164,mqll_4_128_128,147251079,128,10
1862598806,mqll_4_128_128,153005531,128,10
1819806732,mqll_4_128_128,150166915,128,10
1848834604,mqll_4_128_128,151372852,128,10
2426883486,mqll_4_128_256,194454811,128,10
2412791672,mqll_4_128_256,192988292,128,10
2496202180,mqll_4_128_256,198269039,128,10
2467310328,mqll_4_128_256,196667049,128,10
2502305446,mqll_4_128_256,198411194,128,10
3106534580,mqll_4_128_512,250118892,128,10
3105308394,mqll_4_128_512,250343395,128,10
3079922702,mqll_4_128_512,247622763,128,10
3255749704,mqll_4_128_512,260425410,128,10
3101976798,mqll_4_128_512,249056633,128,10
3699874258,mqll_4_128_1024,292567808,128,10
3607219780,mqll_4_128_1024,286016923,128,10
3666749476,mqll_4_128_1024,291097260,128,10
3680659254,mqll_4_128_1024,291606621,128,10
3550775260,mqll_4_128_1024,281922366,128,10
4698375878,mqll_4_256_1,47813035,128,10
3393066656,mqll_4_256_1,38216543,128,10
3804810638,mqll_4_256_1,40366729,128,10
4443372442,mqll_4_256_1,43865776,128,10
5102356834,mqll_4_256_1,46700064,128,10
3015210150,mqll_4_256_2,53526238,128,10
3925724414,mqll_4_256_2,51643651,128,10
2657297032,mqll_4_256_2,48489380,128,10
2765866574,mqll_4_256_2,48259584,128,10
2826824666,mqll_4_256_2,47330856,128,10
2024204354,mqll_4_256_4,52109406,128,10
1998711418,mqll_4_256_4,56238793,128,10
1839303400,mqll_4_256_4,48905121,128,10
1800040990,mqll_4_256_4,47612837,128,10
1936870688,mqll_4_256_4,53649592,128,10
1417374152,mqll_4_256_8,58051443,128,10
1039396536,mqll_4_256_8,43899970,128,10
1332895552,mqll_4_256_8,55528979,128,10
1322387724,mqll_4_256_8,52467596,128,10
1348914500,mqll_4_256_8,55084178,128,10
999062330,mqll_4_256_16,54728805,128,10
1061110278,mqll_4_256_16,55699112,128,10
939649374,mqll_4_256_16,47220622,128,10
1068038334,mqll_4_256_16,50445141,128,10
1022056146,mqll_4_256_16,51934544,128,10
972962966,mqll_4_256_32,56261913,128,10
1095423946,mqll_4_256_32,67070636,128,10
1595885382,mqll_4_256_32,82326717,128,10
1438129918,mqll_4_256_32,83806956,128,10
1262666638,mqll_4_256_32,74162072,128,10
953892220,mqll_4_256_64,68220290,128,10
1103087170,mqll_4_256_64,78176531,128,10
952707520,mqll_4_256_64,70724250,128,10
1009608530,mqll_4_256_64,77067421,128,10
1195427488,mqll_4_256_64,84450359,128,10
1735959452,mqll_4_256_128,146690990,128,10
1756046976,mqll_4_256_128,148796571,128,10
1680167480,mqll_4_256_128,143429433,128,10
1749672694,mqll_4_256_128,148170456,128,10
1768130054,mqll_4_256_128,150980679,128,10
2804623170,mqll_4_256_256,233582166,128,10
2900603100,mqll_4_256_256,239197327,128,10
2857545684,mqll_4_256_256,237856731,128,10
2840484696,mqll_4_256_256,235978181,128,10
2749054578,mqll_4_256_256,230073064,128,10
3535731182,mqll_4_256_512,291062074,128,10
3684170136,mqll_4_256_512,289993464,128,10
3490030534,mqll_4_256_512,289802165,128,10
3473515936,mqll_4_256_512,289481053,128,10
3517392864,mqll_4_256_512,292363307,128,10
3950544002,mqll_4_256_1024,324631347,128,10
4025508110,mqll_4_256_1024,330449676,128,10
4071814708,mqll_4_256_1024,333611716,128,10
3969877668,mqll_4_256_1024,324791260,128,10
3940443534,mqll_4_256_1024,322605931,128,10
9694754252,mqll_4_512_1,47403085,128,10
9405754092,mqll_4_512_1,39002675,128,10
14788556708,mqll_4_512_1,43295069,128,10
8851127600,mqll_4_512_1,40008635,128,10
12369110870,mqll_4_512_1,37563414,128,10
8204738610,mqll_4_512_2,38828527,128,10
8411931848,mqll_4_512_2,56657606,128,10
8103961320,mqll_4_512_2,41381514,128,10
7483827144,mqll_4_512_2,43781965,128,10
6622972470,mqll_4_512_2,41249351,128,10
4633582958,mqll_4_512_4,41848167,128,10
5879343268,mqll_4_512_4,42477968,128,10
4765437442,mqll_4_512_4,42258870,128,10
6513406254,mqll_4_512_4,46318110,128,10
4342535254,mqll_4_512_4,42100575,128,10
3520808152,mqll_4_512_8,43099973,128,10
2918608232,mqll_4_512_8,44539749,128,10
2948411434,mqll_4_512_8,44324895,128,10
4221546088,mqll_4_512_8,42407453,128,10
3788081278,mqll_4_512_8,47631497,128,10
1876830814,mqll_4_512_16,38975339,128,10
2028378746,mqll_4_512_16,44392384,128,10
2205962466,mqll_4_512_16,38723635,128,10
2281187166,mqll_4_512_16,36088132,128,10
2439057138,mqll_4_512_16,41355694,128,10
1525204542,mqll_4_512_32,40477656,128,10
1480668468,mqll_4_512_32,41981010,128,10
1366754098,mqll_4_512_32,44014845,128,10
1254020442,mqll_4_512_32,37256339,128,10
1329132884,mqll_4_512_32,35932229,128,10
1425317054,mqll_4_512_64,35055147,128,10
1217736178,mqll_4_512_64,37368660,128,10
1154717074,mqll_4_512_64,40138629,128,10
1274923396,mqll_4_512_64,38770719,128,10
1210392394,mqll_4_512_64,34408547,128,10
1294287054,mqll_4_512_128,50568887,128,10
1316846824,mqll_4_512_128,44722820,128,10
1616206818,mqll_4_512_128,65643308,128,10
1491634230,mqll_4_512_128,51832343,128,10
1527851888,mqll_4_512_128,63165116,128,10
2134722078,mqll_4_512_256,198942274,128,10
2505297484,mqll_4_512_256,213381222,128,10
2716849358,mqll_4_512_256,224683463,128,10
1674250254,mqll_4_512_256,163543242,128,10
2588234540,mqll_4_512_256,228104086,128,10
4349352990,mqll_4_512_512,373204429,128,10
4418180436,mqll_4_512_512,377345111,128,10
4473161170,mqll_4_512_512,378611459,128,10
4419014968,mqll_4_512_512,378151040,128,10
4367151650,mqll_4_512_512,375490329,128,10
5304317184,mqll_4_512_1024,446411295,128,10
5018622692,mqll_4_512_1024,426335505,128,10
4964357472,mqll_4_512_1024,423970614,128,10
5096856938,mqll_4_512_1024,428150605,128,10
5477540172,mqll_4_512_1024,452410874,128,10
53257970916,mqll_4_1024_1,35365803,128,10
65023304194,mqll_4_1024_1,37292154,128,10
53954030246,mqll_4_1024_1,29239425,128,10
62967855488,mqll_4_1024_1,33241151,128,10
32252096382,mqll_4_1024_1,32509838,128,10
39133445576,mqll_4_1024_2,36526289,128,10
45510316812,mqll_4_1024_2,36732503,128,10
38947788110,mqll_4_1024_2,36358594,128,10
39798138394,mqll_4_1024_2,38415820,128,10
44333074270,mqll_4_1024_2,36508347,128,10
24341949662,mqll_4_1024_4,40357222,128,10
24723793758,mqll_4_1024_4,38767684,128,10
32850553888,mqll_4_1024_4,36748940,128,10
14860846226,mqll_4_1024_4,31924537,128,10
23675135402,mqll_4_1024_4,39444977,128,10
15980477736,mqll_4_1024_8,38457008,128,10
14808447616,mqll_4_1024_8,40590512,128,10
13885288966,mqll_4_1024_8,37780972,128,10
8670530322,mqll_4_1024_8,36927776,128,10
15585223666,mqll_4_1024_8,41436783,128,10
7949629300,mqll_4_1024_16,35737921,128,10
9112595318,mqll_4_1024_16,30844896,128,10
9294660664,mqll_4_1024_16,33891736,128,10
8992414158,mqll_4_1024_16,31456551,128,10
8530795192,mqll_4_1024_16,32822360,128,10
5803501086,mqll_4_1024_32,27351541,128,10
5668044894,mqll_4_1024_32,26865759,128,10
5735948208,mqll_4_1024_32,25941817,128,10
5312338430,mqll_4_1024_32,29992810,128,10
5119112390,mqll_4_1024_32,32721149,128,10
3511968412,mqll_4_1024_64,25984162,128,10
2304844376,mqll_4_1024_64,24558223,128,10
3745232722,mqll_4_1024_64,25881390,128,10
3662179154,mqll_4_1024_64,27995131,128,10
3668472648,mqll_4_1024_64,26098138,128,10
2744286672,mqll_4_1024_128,22220387,128,10
3740829006,mqll_4_1024_128,31667581,128,10
3138347720,mqll_4_1024_128,31387833,128,10
3184917214,mqll_4_1024_128,26562986,128,10
3117823478,mqll_4_1024_128,27998107,128,10
3546633058,mqll_4_1024_256,40055591,128,10
3372260554,mqll_4_1024_256,33716224,128,10
2813236860,mqll_4_1024_256,33575103,128,10
2865293566,mqll_4_1024_256,34165330,128,10
3411942900,mqll_4_1024_256,36782710,128,10
2369548262,mqll_4_1024_512,212921549,128,10
2000981860,mqll_4_1024_512,211158078,128,10
2402888700,mqll_4_1024_512,226668061,128,10
2166531726,mqll_4_1024_512,228817200,128,10
2895177732,mqll_4_1024_512,282137040,128,10
5820841276,mqll_4_1024_1024,535347346,128,10
6027410302,mqll_4_1024_1024,547691726,128,10
6705595916,mqll_4_1024_1024,592253118,128,10
6385341766,mqll_4_1024_1024,566093866,128,10
5728533078,mqll_4_1024_1024,532029344,128,10
