4168275550,mqpp_4_1_1,50554761,128
4200599732,mqpp_4_1_1,50556982,128
4088866588,mqpp_4_1_1,50560337,128
4103250098,mqpp_4_1_1,50554411,128
4072044300,mqpp_4_1_1,50559643,128
3228158986,mqpp_4_1_2,50563145,128
3227098284,mqpp_4_1_2,50560135,128
3246301168,mqpp_4_1_2,50563324,128
3217114540,mqpp_4_1_2,50564798,128
3245924048,mqpp_4_1_2,50566313,128
2734205976,mqpp_4_1_4,50574189,128
2720154968,mqpp_4_1_4,50573982,128
2719353156,mqpp_4_1_4,50572201,128
2710568362,mqpp_4_1_4,50573657,128
2717214552,mqpp_4_1_4,50575288,128
2444063182,mqpp_4_1_8,50586521,128
2435097458,mqpp_4_1_8,50586841,128
2430543368,mqpp_4_1_8,50585966,128
2513439856,mqpp_4_1_8,50584597,128
2436493786,mqpp_4_1_8,50583956,128
2272648080,mqpp_4_1_16,50606141,128
2271917044,mqpp_4_1_16,50601525,128
2576347074,mqpp_4_1_16,50609387,128
2283721558,mqpp_4_1_16,50603020,128
2293699938,mqpp_4_1_16,50602306,128
2193609982,mqpp_4_1_32,50628626,128
2183513534,mqpp_4_1_32,50627135,128
2276356564,mqpp_4_1_32,50627507,128
2193157340,mqpp_4_1_32,50628767,128
2212229858,mqpp_4_1_32,50629316,128
2435674338,mqpp_4_1_64,50635534,128
2177117310,mqpp_4_1_64,50644251,128
2169107356,mqpp_4_1_64,50664835,128
2158950962,mqpp_4_1_64,50638829,128
2146809178,mqpp_4_1_64,50648356,128
2150468046,mqpp_4_1_128,50660383,128
2145312616,mqpp_4_1_128,50659436,128
2147425228,mqpp_4_1_128,50657102,128
2145756446,mqpp_4_1_128,50666527,128
2161702134,mqpp_4_1_128,50657636,128
2391158300,mqpp_4_1_256,50702720,128
2119511514,mqpp_4_1_256,50662157,128
2123307052,mqpp_4_1_256,50658780,128
2132115760,mqpp_4_1_256,50670650,128
2118053710,mqpp_4_1_256,50657467,128
2133631772,mqpp_4_1_512,50719681,128
2108765602,mqpp_4_1_512,50663558,128
2119410442,mqpp_4_1_512,50705499,128
2110582278,mqpp_4_1_512,50667813,128
2154815660,mqpp_4_1_512,50732512,128
2156143878,mqpp_4_1_1024,50702237,128
2104381422,mqpp_4_1_1024,50670660,128
2103235802,mqpp_4_1_1024,50670371,128
2127457844,mqpp_4_1_1024,50700789,128
2101680508,mqpp_4_1_1024,50674330,128
3982388938,mqpp_4_2_1,50561281,128
3940170536,mqpp_4_2_1,50559768,128
3960478458,mqpp_4_2_1,50559473,128
3971613468,mqpp_4_2_1,50559503,128
3928362558,mqpp_4_2_1,50559215,128
3045054814,mqpp_4_2_2,50565147,128
3064570904,mqpp_4_2_2,50566236,128
3045346080,mqpp_4_2_2,50564165,128
3028583308,mqpp_4_2_2,50565573,128
3031960020,mqpp_4_2_2,50562766,128
2496726906,mqpp_4_2_4,50572913,128
2504634962,mqpp_4_2_4,50579092,128
2532306278,mqpp_4_2_4,50577050,128
2483892334,mqpp_4_2_4,50574106,128
2493369812,mqpp_4_2_4,50572475,128
2204367758,mqpp_4_2_8,50590035,128
2205443148,mqpp_4_2_8,50584936,128
2183048200,mqpp_4_2_8,50583754,128
2177950934,mqpp_4_2_8,50588713,128
2183165436,mqpp_4_2_8,50588436,128
2020999084,mqpp_4_2_16,50604084,128
2009790556,mqpp_4_2_16,50603394,128
2010964880,mqpp_4_2_16,50597401,128
2018453804,mqpp_4_2_16,50601216,128
2010909070,mqpp_4_2_16,50597474,128
1936301426,mqpp_4_2_32,50627651,128
1925866160,mqpp_4_2_32,50615449,128
1921117760,mqpp_4_2_32,50622429,128
1972742192,mqpp_4_2_32,50627480,128
2024186080,mqpp_4_2_32,50628321,128
1993124930,mqpp_4_2_64,50644000,128
1852228114,mqpp_4_2_64,50642237,128
2086739710,mqpp_4_2_64,50662123,128
1894903610,mqpp_4_2_64,50656752,128
2050863558,mqpp_4_2_64,50646735,128
1824482194,mqpp_4_2_128,50670382,128
1827834132,mqpp_4_2_128,50665876,128
1848914374,mqpp_4_2_128,50682870,128
1850707584,mqpp_4_2_128,50667966,128
1837986906,mqpp_4_2_128,50670263,128
1821568794,mqpp_4_2_256,50692309,128
1818677554,mqpp_4_2_256,50682251,128
1829237126,mqpp_4_2_256,50695104,128
1828161298,mqpp_4_2_256,50687184,128
1849387022,mqpp_4_2_256,50709079,128
1817398456,mqpp_4_2_512,50689366,128
1823564112,mqpp_4_2_512,50713094,128
1812138874,mqpp_4_2_512,50693063,128
1869800608,mqpp_4_2_512,50690300,128
1801138976,mqpp_4_2_512,50689413,128
1813232134,mqpp_4_2_1024,50700081,128
1807897998,mqpp_4_2_1024,50695831,128
1797062444,mqpp_4_2_1024,50690215,128
1816316308,mqpp_4_2_1024,50707588,128
1916361928,mqpp_4_2_1024,50703229,128
3864603436,mqpp_4_4_1,50563948,128
3855057772,mqpp_4_4_1,50568577,128
3850038554,mqpp_4_4_1,50563340,128
3954792790,mqpp_4_4_1,50565763,128
3855892380,mqpp_4_4_1,50564678,128
2921489222,mqpp_4_4_2,50567215,128
2932036816,mqpp_4_4_2,50569939,128
2931208592,mqpp_4_4_2,50573102,128
2920194156,mqpp_4_4_2,50570974,128
2926935850,mqpp_4_4_2,50570451,128
2351904574,mqpp_4_4_4,50586293,128
2344737340,mqpp_4_4_4,50575509,128
2372512796,mqpp_4_4_4,50574435,128
2370187550,mqpp_4_4_4,50579305,128
2353062174,mqpp_4_4_4,50574925,128
2034465834,mqpp_4_4_8,50595628,128
2122440672,mqpp_4_4_8,50593593,128
2047078646,mqpp_4_4_8,50595352,128
2040501024,mqpp_4_4_8,50585813,128
2088129480,mqpp_4_4_8,50587926,128
1884856600,mqpp_4_4_16,50607978,128
1860735108,mqpp_4_4_16,50612528,128
1840774756,mqpp_4_4_16,50603801,128
1838767056,mqpp_4_4_16,50605933,128
1825472878,mqpp_4_4_16,50606161,128
1738129084,mqpp_4_4_32,50627664,128
1737238656,mqpp_4_4_32,50632172,128
1739830802,mqpp_4_4_32,50631554,128
1849422088,mqpp_4_4_32,50627983,128
1742937848,mqpp_4_4_32,50627779,128
1676015984,mqpp_4_4_64,50662473,128
1679212384,mqpp_4_4_64,50660072,128
1746202012,mqpp_4_4_64,50653053,128
1672324472,mqpp_4_4_64,50651330,128
1838408184,mqpp_4_4_64,50660533,128
1646040844,mqpp_4_4_128,50684265,128
1740829700,mqpp_4_4_128,50690084,128
1667269072,mqpp_4_4_128,50701236,128
1649251820,mqpp_4_4_128,50693313,128
1646793508,mqpp_4_4_128,50688426,128
1622875244,mqpp_4_4_256,50721962,128
1645699848,mqpp_4_4_256,50714009,128
1633721008,mqpp_4_4_256,50714474,128
1624857434,mqpp_4_4_256,50708582,128
1625486062,mqpp_4_4_256,50705400,128
1608449474,mqpp_4_4_512,50728558,128
1654647014,mqpp_4_4_512,50727115,128
1623146630,mqpp_4_4_512,50729070,128
1873794484,mqpp_4_4_512,50730539,128
1629245336,mqpp_4_4_512,50729134,128
1806257720,mqpp_4_4_1024,50736285,128
1611048558,mqpp_4_4_1024,50736804,128
1614200766,mqpp_4_4_1024,50742855,128
1635178874,mqpp_4_4_1024,50753865,128
1623112390,mqpp_4_4_1024,50727621,128
3809913092,mqpp_4_8_1,50576089,128
3892576692,mqpp_4_8_1,50576506,128
3830288700,mqpp_4_8_1,50576568,128
3880220526,mqpp_4_8_1,50573664,128
3960135384,mqpp_4_8_1,50574809,128
2885433502,mqpp_4_8_2,50578850,128
2862618924,mqpp_4_8_2,50582168,128
2888054426,mqpp_4_8_2,50579535,128
2853083568,mqpp_4_8_2,50577491,128
2847164904,mqpp_4_8_2,50576009,128
2282628406,mqpp_4_8_4,50584673,128
2419830172,mqpp_4_8_4,50586390,128
2393030022,mqpp_4_8_4,50590869,128
2273738358,mqpp_4_8_4,50596463,128
2307479732,mqpp_4_8_4,50591170,128
1941460182,mqpp_4_8_8,50597338,128
1936405734,mqpp_4_8_8,50606146,128
1942836846,mqpp_4_8_8,50603068,128
1938345708,mqpp_4_8_8,50600362,128
1931667104,mqpp_4_8_8,50599671,128
1750980418,mqpp_4_8_16,50619637,128
1770764150,mqpp_4_8_16,50618384,128
2014868022,mqpp_4_8_16,50623468,128
1741112966,mqpp_4_8_16,50618034,128
1747692624,mqpp_4_8_16,50624829,128
1616303064,mqpp_4_8_32,50647800,128
1754730614,mqpp_4_8_32,50644550,128
1696290052,mqpp_4_8_32,50648954,128
1639676904,mqpp_4_8_32,50654049,128
1619851194,mqpp_4_8_32,50646538,128
1830320554,mqpp_4_8_64,50686419,128
1570686408,mqpp_4_8_64,50688731,128
1573353310,mqpp_4_8_64,50686828,128
1562684578,mqpp_4_8_64,50674493,128
1560957424,mqpp_4_8_64,50684287,128
1541042104,mqpp_4_8_128,50721515,128
1569628934,mqpp_4_8_128,50713008,128
1523941288,mqpp_4_8_128,50721551,128
1680920370,mqpp_4_8_128,50731070,128
1596504708,mqpp_4_8_128,50725788,128
1522800206,mqpp_4_8_256,50758545,128
1573085456,mqpp_4_8_256,50748286,128
1631390040,mqpp_4_8_256,50752446,128
1573084586,mqpp_4_8_256,50766264,128
1646228320,mqpp_4_8_256,50750922,128
1504176744,mqpp_4_8_512,50793881,128
1481640938,mqpp_4_8_512,50773030,128
1509058110,mqpp_4_8_512,50778732,128
1750134438,mqpp_4_8_512,50794166,128
1528954690,mqpp_4_8_512,50789024,128
1490492016,mqpp_4_8_1024,50800845,128
1509306734,mqpp_4_8_1024,50804617,128
1501662870,mqpp_4_8_1024,50810910,128
1556524854,mqpp_4_8_1024,50840889,128
1487112078,mqpp_4_8_1024,50805527,128
3926084666,mqpp_4_16_1,50585972,128
3811330736,mqpp_4_16_1,50591483,128
3775382526,mqpp_4_16_1,50587134,128
3796795266,mqpp_4_16_1,50587038,128
3797865734,mqpp_4_16_1,50582219,128
2820206448,mqpp_4_16_2,50592225,128
2816450110,mqpp_4_16_2,50594833,128
2832066944,mqpp_4_16_2,50598783,128
2876030276,mqpp_4_16_2,50595420,128
2810585932,mqpp_4_16_2,50593854,128
2493648182,mqpp_4_16_4,50601454,128
2238263570,mqpp_4_16_4,50603235,128
2384968472,mqpp_4_16_4,50606156,128
2228875680,mqpp_4_16_4,50602240,128
2248576970,mqpp_4_16_4,50604917,128
2144443470,mqpp_4_16_8,50619405,128
1868068946,mqpp_4_16_8,50619195,128
2091504588,mqpp_4_16_8,50616497,128
1893280344,mqpp_4_16_8,50622674,128
1893379664,mqpp_4_16_8,50626430,128
1703663598,mqpp_4_16_16,50640868,128
1669652150,mqpp_4_16_16,50640725,128
1682709170,mqpp_4_16_16,50631469,128
1908664212,mqpp_4_16_16,50638248,128
1678210954,mqpp_4_16_16,50638348,128
1553655218,mqpp_4_16_32,50665379,128
1583445308,mqpp_4_16_32,50663269,128
1666886428,mqpp_4_16_32,50677375,128
1823895752,mqpp_4_16_32,50663538,128
2060454900,mqpp_4_16_32,50658864,128
1478711982,mqpp_4_16_64,50708718,128
1723048386,mqpp_4_16_64,50701145,128
1476681974,mqpp_4_16_64,50708940,128
1487279612,mqpp_4_16_64,50704483,128
1497901378,mqpp_4_16_64,50706450,128
1440189914,mqpp_4_16_128,50772972,128
1709556650,mqpp_4_16_128,50747325,128
1443779386,mqpp_4_16_128,50760497,128
1455280784,mqpp_4_16_128,50758113,128
1450800260,mqpp_4_16_128,50760431,128
1415992378,mqpp_4_16_256,50830549,128
1431354912,mqpp_4_16_256,50827588,128
1469552756,mqpp_4_16_256,50801806,128
1499879252,mqpp_4_16_256,50844127,128
1688751972,mqpp_4_16_256,50822553,128
1417504910,mqpp_4_16_512,50872235,128
1410587874,mqpp_4_16_512,50850927,128
1524994458,mqpp_4_16_512,50872818,128
1456183134,mqpp_4_16_512,50927865,128
1419332410,mqpp_4_16_512,50872633,128
1436367744,mqpp_4_16_1024,50911853,128
1657039680,mqpp_4_16_1024,50900608,128
1413190854,mqpp_4_16_1024,50919687,128
1664620786,mqpp_4_16_1024,50909148,128
1694302136,mqpp_4_16_1024,50942047,128
3822311042,mqpp_4_32_1,50605306,128
3822576786,mqpp_4_32_1,50607780,128
3814768450,mqpp_4_32_1,50597531,128
3807449532,mqpp_4_32_1,50606017,128
3793953606,mqpp_4_32_1,50607098,128
2792898408,mqpp_4_32_2,50610038,128
2795555988,mqpp_4_32_2,50615109,128
2803178858,mqpp_4_32_2,50606895,128
2795986622,mqpp_4_32_2,50610107,128
2809587922,mqpp_4_32_2,50612795,128
2191319874,mqpp_4_32_4,50615959,128
2211064146,mqpp_4_32_4,50626334,128
2185484592,mqpp_4_32_4,50630731,128
2205052814,mqpp_4_32_4,50627673,128
2244226852,mqpp_4_32_4,50632916,128
2133806090,mqpp_4_32_8,50640280,128
1877249694,mqpp_4_32_8,50642050,128
2007356460,mqpp_4_32_8,50643064,128
1868906892,mqpp_4_32_8,50639209,128
1827306274,mqpp_4_32_8,50650313,128
1650389390,mqpp_4_32_16,50664001,128
1620380574,mqpp_4_32_16,50659688,128
1629486900,mqpp_4_32_16,50671598,128
1633514446,mqpp_4_32_16,50674663,128
1876769698,mqpp_4_32_16,50661993,128
1911194570,mqpp_4_32_32,50705008,128
1509257120,mqpp_4_32_32,50690531,128
1495557276,mqpp_4_32_32,50685592,128
1508985826,mqpp_4_32_32,50683733,128
1523051318,mqpp_4_32_32,50690680,128
1426707980,mqpp_4_32_64,50746874,128
1423992238,mqpp_4_32_64,50746773,128
1449758644,mqpp_4_32_64,50732778,128
1574432982,mqpp_4_32_64,50729336,128
1424708978,mqpp_4_32_64,50735867,128
1630841322,mqpp_4_32_128,50813586,128
1403355526,mqpp_4_32_128,50800351,128
1401264380,mqpp_4_32_128,50832788,128
1386432218,mqpp_4_32_128,50810379,128
1370523074,mqpp_4_32_128,50820950,128
1358043094,mqpp_4_32_256,50894119,128
1361567398,mqpp_4_32_256,50867250,128
1463137568,mqpp_4_32_256,50895091,128
1365404236,mqpp_4_32_256,50882577,128
1405816128,mqpp_4_32_256,50895054,128
1607577700,mqpp_4_32_512,50983168,128
1541858782,mqpp_4_32_512,50949127,128
1357200496,mqpp_4_32_512,50937068,128
1357469998,mqpp_4_32_512,50990999,128
1336763316,mqpp_4_32_512,50946135,128
1449301218,mqpp_4_32_1024,51071581,128
1333336646,mqpp_4_32_1024,51073796,128
1347863186,mqpp_4_32_1024,51033818,128
1381091560,mqpp_4_32_1024,51040201,128
1422319076,mqpp_4_32_1024,51006491,128
3786418084,mqpp_4_64_1,50627283,128
3810737426,mqpp_4_64_1,50626262,128
3773434616,mqpp_4_64_1,50631360,128
3817848920,mqpp_4_64_1,50622319,128
3822474594,mqpp_4_64_1,50619084,128
2875601246,mqpp_4_64_2,50631827,128
2932923490,mqpp_4_64_2,50628839,128
2784076906,mqpp_4_64_2,50631620,128
2812983096,mqpp_4_64_2,50634523,128
2801083594,mqpp_4_64_2,50640508,128
2177688570,mqpp_4_64_4,50656274,128
2183496068,mqpp_4_64_4,50642434,128
2153078364,mqpp_4_64_4,50648274,128
2177532404,mqpp_4_64_4,50661349,128
2203503460,mqpp_4_64_4,50651091,128
1819901296,mqpp_4_64_8,50668723,128
2258070294,mqpp_4_64_8,50660154,128
1980793654,mqpp_4_64_8,50670955,128
1802442300,mqpp_4_64_8,50667648,128
1793167518,mqpp_4_64_8,50676453,128
1603053922,mqpp_4_64_16,50689447,128
1803380932,mqpp_4_64_16,50694798,128
1580032448,mqpp_4_64_16,50692112,128
1583340552,mqpp_4_64_16,50685089,128
1686393096,mqpp_4_64_16,50689892,128
1550591384,mqpp_4_64_32,50733463,128
1467723636,mqpp_4_64_32,50717316,128
1506096990,mqpp_4_64_32,50726910,128
1696606698,mqpp_4_64_32,50714161,128
1459529508,mqpp_4_64_32,50736691,128
1391127360,mqpp_4_64_64,50784728,128
1384608718,mqpp_4_64_64,50778319,128
1492449752,mqpp_4_64_64,50772521,128
1427314018,mqpp_4_64_64,50777722,128
1391724530,mqpp_4_64_64,50784265,128
1342399432,mqpp_4_64_128,50870289,128
1555945166,mqpp_4_64_128,50824341,128
1593414336,mqpp_4_64_128,50860900,128
1576358748,mqpp_4_64_128,50838482,128
1447256382,mqpp_4_64_128,50878513,128
1411344054,mqpp_4_64_256,51007546,128
1301270234,mqpp_4_64_256,50967836,128
1357562154,mqpp_4_64_256,50942647,128
1347260276,mqpp_4_64_256,50938564,128
1553966836,mqpp_4_64_256,50925767,128
1362144896,mqpp_4_64_512,51051206,128
1368785076,mqpp_4_64_512,51039002,128
1754061216,mqpp_4_64_512,51143021,128
1324616476,mqpp_4_64_512,51097299,128
1561014296,mqpp_4_64_512,51057195,128
1289879620,mqpp_4_64_1024,51174874,128
1559872440,mqpp_4_64_1024,51283751,128
1559368376,mqpp_4_64_1024,51208992,128
1360173710,mqpp_4_64_1024,51262301,128
1295710280,mqpp_4_64_1024,51204263,128
3812109286,mqpp_4_128_1,50641674,128
3812601060,mqpp_4_128_1,50644410,128
3797533460,mqpp_4_128_1,50635945,128
3818897920,mqpp_4_128_1,50639111,128
3819113144,mqpp_4_128_1,50635739,128
2750199842,mqpp_4_128_2,50653235,128
2755383868,mqpp_4_128_2,50660023,128
2755121146,mqpp_4_128_2,50664615,128
2759264124,mqpp_4_128_2,50655536,128
2767618360,mqpp_4_128_2,50652212,128
2149350268,mqpp_4_128_4,50673714,128
2160954312,mqpp_4_128_4,50669851,128
2137632564,mqpp_4_128_4,50677420,128
2164187342,mqpp_4_128_4,50678967,128
2147032376,mqpp_4_128_4,50680002,128
1763187288,mqpp_4_128_8,50697448,128
1790358178,mqpp_4_128_8,50690211,128
1778815300,mqpp_4_128_8,50693267,128
1957218686,mqpp_4_128_8,50694641,128
1804639440,mqpp_4_128_8,50692865,128
1584592774,mqpp_4_128_16,50730476,128
1618367056,mqpp_4_128_16,50742577,128
1621978146,mqpp_4_128_16,50725250,128
1558229322,mqpp_4_128_16,50726369,128
1690196342,mqpp_4_128_16,50709306,128
1680373772,mqpp_4_128_32,50767680,128
1457041356,mqpp_4_128_32,50767417,128
1510608272,mqpp_4_128_32,50763094,128
1657017184,mqpp_4_128_32,50797919,128
1557522022,mqpp_4_128_32,50777227,128
1367841258,mqpp_4_128_64,50813812,128
1437864664,mqpp_4_128_64,50855818,128
1470153148,mqpp_4_128_64,50847537,128
1456184540,mqpp_4_128_64,50813719,128
1358480348,mqpp_4_128_64,50815386,128
1492609888,mqpp_4_128_128,50878933,128
1279940298,mqpp_4_128_128,50898479,128
1268337892,mqpp_4_128_128,50906678,128
1403039346,mqpp_4_128_128,50892009,128
1297969404,mqpp_4_128_128,50892359,128
1353653306,mqpp_4_128_256,51042638,128
1453501972,mqpp_4_128_256,50995091,128
1245891904,mqpp_4_128_256,51033023,128
1513510092,mqpp_4_128_256,51003744,128
1308032158,mqpp_4_128_256,51038567,128
1438299392,mqpp_4_128_512,51211357,128
1658510754,mqpp_4_128_512,51187423,128
1253761320,mqpp_4_128_512,51215698,128
1555462568,mqpp_4_128_512,51167971,128
1249712730,mqpp_4_128_512,51233306,128
1432363228,mqpp_4_128_1024,51387834,128
1443480746,mqpp_4_128_1024,51439403,128
1255384508,mqpp_4_128_1024,51360167,128
1257233632,mqpp_4_128_1024,51378432,128
1235885628,mqpp_4_128_1024,51403997,128
3798354510,mqpp_4_256_1,50663282,128
3761607932,mqpp_4_256_1,50664173,128
3780892840,mqpp_4_256_1,50662264,128
3792541058,mqpp_4_256_1,50669217,128
3747446610,mqpp_4_256_1,50667454,128
2781005292,mqpp_4_256_2,50686962,128
2759269704,mqpp_4_256_2,50686348,128
2824380494,mqpp_4_256_2,50671785,128
2928279486,mqpp_4_256_2,50685552,128
2739495982,mqpp_4_256_2,50678992,128
2134311638,mqpp_4_256_4,50685695,128
2244516534,mqpp_4_256_4,50697372,128
2119521748,mqpp_4_256_4,50701088,128
2147582744,mqpp_4_256_4,50699623,128
2116176018,mqpp_4_256_4,50695294,128
1743929426,mqpp_4_256_8,50723053,128
1724037980,mqpp_4_256_8,50725194,128
1704951332,mqpp_4_256_8,50724206,128
1747451118,mqpp_4_256_8,50733178,128
1800102930,mqpp_4_256_8,50751240,128
1530604428,mqpp_4_256_16,50778203,128
1540549114,mqpp_4_256_16,50774031,128
1593302118,mqpp_4_256_16,50778267,128
1496687006,mqpp_4_256_16,50774604,128
1514830770,mqpp_4_256_16,50744078,128
1402668672,mqpp_4_256_32,50813142,128
1378013388,mqpp_4_256_32,50805996,128
1385835724,mqpp_4_256_32,50807812,128
1417888108,mqpp_4_256_32,50850690,128
1372183804,mqpp_4_256_32,50840092,128
1304287798,mqpp_4_256_64,50867489,128
1300053994,mqpp_4_256_64,50910583,128
1321850446,mqpp_4_256_64,50872001,128
1548523598,mqpp_4_256_64,50853493,128
1306076762,mqpp_4_256_64,50878182,128
1241812690,mqpp_4_256_128,50976298,128
1297334700,mqpp_4_256_128,51018727,128
1780956874,mqpp_4_256_128,50972947,128
1261684814,mqpp_4_256_128,50987349,128
1262974266,mqpp_4_256_128,51001135,128
1343152086,mqpp_4_256_256,51151790,128
1770163162,mqpp_4_256_256,51054491,128
1189772362,mqpp_4_256_256,51069274,128
1244474662,mqpp_4_256_256,51221826,128
1246700606,mqpp_4_256_256,51061678,128
1221902612,mqpp_4_256_512,51473120,128
1247635152,mqpp_4_256_512,51299882,128
1212948452,mqpp_4_256_512,51235728,128
1243794736,mqpp_4_256_512,51261490,128
1210592756,mqpp_4_256_512,51299979,128
1450592532,mqpp_4_256_1024,51577541,128
1185124004,mqpp_4_256_1024,51513955,128
1418505804,mqpp_4_256_1024,51685929,128
1460053838,mqpp_4_256_1024,51673556,128
1266417382,mqpp_4_256_1024,51661602,128
3785140418,mqpp_4_512_1,50681834,128
3832636050,mqpp_4_512_1,50676539,128
3805883814,mqpp_4_512_1,50683191,128
3726223104,mqpp_4_512_1,50691084,128
3776078268,mqpp_4_512_1,50687379,128
2718736518,mqpp_4_512_2,50692866,128
2805265406,mqpp_4_512_2,50717968,128
2853151842,mqpp_4_512_2,50698191,128
2689910838,mqpp_4_512_2,50709144,128
2698557602,mqpp_4_512_2,50710188,128
2107829380,mqpp_4_512_4,50720778,128
2135794752,mqpp_4_512_4,50734065,128
2179512856,mqpp_4_512_4,50751025,128
2077921626,mqpp_4_512_4,50735524,128
2072437566,mqpp_4_512_4,50735292,128
1743445132,mqpp_4_512_8,50762324,128
1734928022,mqpp_4_512_8,50756197,128
1752406470,mqpp_4_512_8,50769513,128
1742421926,mqpp_4_512_8,50769706,128
1707537090,mqpp_4_512_8,50779829,128
1510377046,mqpp_4_512_16,50843486,128
1656592056,mqpp_4_512_16,50807263,128
1678625770,mqpp_4_512_16,50808493,128
1515353218,mqpp_4_512_16,50813319,128
1568951972,mqpp_4_512_16,50826074,128
1366877402,mqpp_4_512_32,50876608,128
1470778610,mqpp_4_512_32,50874050,128
1404442944,mqpp_4_512_32,50867259,128
1368270184,mqpp_4_512_32,50869394,128
1554509706,mqpp_4_512_32,50886585,128
1265446876,mqpp_4_512_64,50979663,128
1317645862,mqpp_4_512_64,50974692,128
1349412902,mqpp_4_512_64,50933985,128
1260885538,mqpp_4_512_64,50966049,128
1767695088,mqpp_4_512_64,50933494,128
1215704176,mqpp_4_512_128,51012017,128
1194356698,mqpp_4_512_128,51034702,128
1237933038,mqpp_4_512_128,51047787,128
1442451310,mqpp_4_512_128,51094492,128
1230804008,mqpp_4_512_128,51010333,128
1167702350,mqpp_4_512_256,51196465,128
1212898398,mqpp_4_512_256,51174238,128
1202340958,mqpp_4_512_256,51250489,128
1220451134,mqpp_4_512_256,51242729,128
1218806846,mqpp_4_512_256,51202315,128
1327394484,mqpp_4_512_512,51529629,128
1170105716,mqpp_4_512_512,51484589,128
1206818020,mqpp_4_512_512,51392118,128
1149140392,mqpp_4_512_512,51504220,128
1175111002,mqpp_4_512_512,51462576,128
1180979834,mqpp_4_512_1024,51794905,128
1237068624,mqpp_4_512_1024,51717025,128
1179611632,mqpp_4_512_1024,52040591,128
1174709298,mqpp_4_512_1024,51925164,128
1189562562,mqpp_4_512_1024,51745395,128
3614048160,mqpp_4_1024_1,50693440,128
3778270072,mqpp_4_1024_1,50702514,128
3659477290,mqpp_4_1024_1,50696420,128
3513495710,mqpp_4_1024_1,50750560,128
3640162708,mqpp_4_1024_1,50696718,128
2697608766,mqpp_4_1024_2,50721925,128
2645816574,mqpp_4_1024_2,50724905,128
2729919732,mqpp_4_1024_2,50728151,128
2695162502,mqpp_4_1024_2,50727749,128
2652359570,mqpp_4_1024_2,50734682,128
2010789610,mqpp_4_1024_4,50745647,128
2083099454,mqpp_4_1024_4,50740496,128
2081788884,mqpp_4_1024_4,50752274,128
2050303860,mqpp_4_1024_4,50757305,128
2032838694,mqpp_4_1024_4,50754050,128
1703925512,mqpp_4_1024_8,50786278,128
1683467224,mqpp_4_1024_8,50792701,128
1885872056,mqpp_4_1024_8,50800639,128
1711126612,mqpp_4_1024_8,50801781,128
1755141208,mqpp_4_1024_8,50801317,128
1475758904,mqpp_4_1024_16,50871431,128
1587888054,mqpp_4_1024_16,50849844,128
1577113434,mqpp_4_1024_16,50841468,128
1480689904,mqpp_4_1024_16,50846650,128
1470940236,mqpp_4_1024_16,50857279,128
1503853562,mqpp_4_1024_32,50934260,128
1470659834,mqpp_4_1024_32,50927869,128
1365497182,mqpp_4_1024_32,50947953,128
1342246660,mqpp_4_1024_32,50962486,128
1352790034,mqpp_4_1024_32,50948667,128
1531758248,mqpp_4_1024_64,50999016,128
1267671286,mqpp_4_1024_64,51007497,128
1642445826,mqpp_4_1024_64,51083526,128
1238919340,mqpp_4_1024_64,51001705,128
1278166842,mqpp_4_1024_64,51042746,128
1299509950,mqpp_4_1024_128,51174495,128
1242277282,mqpp_4_1024_128,51264457,128
1199453490,mqpp_4_1024_128,51275036,128
1201653032,mqpp_4_1024_128,51241019,128
1227994264,mqpp_4_1024_128,51223073,128
1186221456,mqpp_4_1024_256,51357911,128
1195116584,mqpp_4_1024_256,51401447,128
1177685230,mqpp_4_1024_256,51427271,128
1185008280,mqpp_4_1024_256,51446199,128
1189662152,mqpp_4_1024_256,51287975,128
1144967632,mqpp_4_1024_512,51828445,128
1276158764,mqpp_4_1024_512,51600187,128
1194653712,mqpp_4_1024_512,52186973,128
1169841770,mqpp_4_1024_512,51535360,128
1188286980,mqpp_4_1024_512,51553961,128
1177900504,mqpp_4_1024_1024,51975008,128
1176361178,mqpp_4_1024_1024,52140043,128
1178679758,mqpp_4_1024_1024,51902374,128
1149386358,mqpp_4_1024_1024,52041359,128
1408242308,mqpp_4_1024_1024,53042265,128
