1071469152,mqpp_4_1_1,29200004,128,10
1074341932,mqpp_4_1_1,29203315,128,10
1072831222,mqpp_4_1_1,29204622,128,10
1092819956,mqpp_4_1_1,29195801,128,10
1071723898,mqpp_4_1_1,29228480,128,10
1044888628,mqpp_4_1_2,32497350,128,10
1035122698,mqpp_4_1_2,32474590,128,10
1037970280,mqpp_4_1_2,32550680,128,10
1042552488,mqpp_4_1_2,32492938,128,10
1033871262,mqpp_4_1_2,32468265,128,10
1085503574,mqpp_4_1_4,37844221,128,10
1090168054,mqpp_4_1_4,37878848,128,10
1077391346,mqpp_4_1_4,37773534,128,10
1095802812,mqpp_4_1_4,37840719,128,10
1088919814,mqpp_4_1_4,37806547,128,10
1210965804,mqpp_4_1_8,45867503,128,10
1216890510,mqpp_4_1_8,45923535,128,10
1214864860,mqpp_4_1_8,45935157,128,10
1209655352,mqpp_4_1_8,45943890,128,10
1209640574,mqpp_4_1_8,45917531,128,10
1418628250,mqpp_4_1_16,56982847,128,10
1412012856,mqpp_4_1_16,56762488,128,10
1411684994,mqpp_4_1_16,56853642,128,10
1417938178,mqpp_4_1_16,56979329,128,10
1416759640,mqpp_4_1_16,56858725,128,10
1639555656,mqpp_4_1_32,68625294,128,10
1626158928,mqpp_4_1_32,68420935,128,10
1639741434,mqpp_4_1_32,68648701,128,10
1634930124,mqpp_4_1_32,68625053,128,10
1648416012,mqpp_4_1_32,68824475,128,10
1834424542,mqpp_4_1_64,78772309,128,10
1836856878,mqpp_4_1_64,79064517,128,10
1843799778,mqpp_4_1_64,78919060,128,10
1831429396,mqpp_4_1_64,78904834,128,10
1847187064,mqpp_4_1_64,79345699,128,10
1978076440,mqpp_4_1_128,86154574,128,10
1988546556,mqpp_4_1_128,86671540,128,10
1990718890,mqpp_4_1_128,86644333,128,10
1982594032,mqpp_4_1_128,86405235,128,10
1998323838,mqpp_4_1_128,86772995,128,10
2078340130,mqpp_4_1_256,91330929,128,10
2092440792,mqpp_4_1_256,91501739,128,10
2082431904,mqpp_4_1_256,91562444,128,10
2084640962,mqpp_4_1_256,91160207,128,10
2071433034,mqpp_4_1_256,90914436,128,10
2142731794,mqpp_4_1_512,94142823,128,10
2144100886,mqpp_4_1_512,94333263,128,10
2129418932,mqpp_4_1_512,94081225,128,10
2142364340,mqpp_4_1_512,94350906,128,10
2143117800,mqpp_4_1_512,94210745,128,10
2159253874,mqpp_4_1_1024,95552867,128,10
2163334604,mqpp_4_1_1024,95432000,128,10
2156892240,mqpp_4_1_1024,95525535,128,10
2159833918,mqpp_4_1_1024,95230527,128,10
2150279232,mqpp_4_1_1024,95098145,128,10
1108313524,mqpp_4_2_1,30246968,128,10
1130375882,mqpp_4_2_1,30308956,128,10
1111242432,mqpp_4_2_1,30269137,128,10
1132315852,mqpp_4_2_1,30280840,128,10
1124530472,mqpp_4_2_1,30277461,128,10
1073821484,mqpp_4_2_2,33604632,128,10
1057133620,mqpp_4_2_2,33604412,128,10
1051039518,mqpp_4_2_2,33649538,128,10
1065210770,mqpp_4_2_2,33657404,128,10
1046710644,mqpp_4_2_2,33617828,128,10
1069264970,mqpp_4_2_4,38937974,128,10
1077021146,mqpp_4_2_4,38880102,128,10
1075495504,mqpp_4_2_4,38881394,128,10
1067517964,mqpp_4_2_4,38987580,128,10
1074111234,mqpp_4_2_4,38947902,128,10
1158739416,mqpp_4_2_8,47017688,128,10
1160108336,mqpp_4_2_8,46963498,128,10
1169263098,mqpp_4_2_8,47212060,128,10
1172194502,mqpp_4_2_8,46961158,128,10
1164398388,mqpp_4_2_8,47055916,128,10
1321343968,mqpp_4_2_16,58297945,128,10
1319821164,mqpp_4_2_16,58535939,128,10
1325566600,mqpp_4_2_16,58373913,128,10
1319430016,mqpp_4_2_16,58314876,128,10
1333156202,mqpp_4_2_16,58667083,128,10
1555346576,mqpp_4_2_32,73007338,128,10
1547200846,mqpp_4_2_32,72611054,128,10
1547199546,mqpp_4_2_32,72628995,128,10
1547487764,mqpp_4_2_32,72475563,128,10
1549871160,mqpp_4_2_32,72614843,128,10
1777108462,mqpp_4_2_64,86863816,128,10
1780292090,mqpp_4_2_64,86938380,128,10
1772416552,mqpp_4_2_64,86655630,128,10
1795333224,mqpp_4_2_64,87519251,128,10
1779975080,mqpp_4_2_64,86888405,128,10
1984136530,mqpp_4_2_128,98947905,128,10
1991892656,mqpp_4_2_128,99382080,128,10
2028286212,mqpp_4_2_128,98817771,128,10
1971884762,mqpp_4_2_128,98733063,128,10
1970071996,mqpp_4_2_128,98720753,128,10
2132831720,mqpp_4_2_256,107520516,128,10
2122903660,mqpp_4_2_256,107159546,128,10
2127170446,mqpp_4_2_256,107268235,128,10
2113393046,mqpp_4_2_256,106780433,128,10
2119614644,mqpp_4_2_256,106941888,128,10
2199356766,mqpp_4_2_512,111629343,128,10
2223797870,mqpp_4_2_512,113052054,128,10
2190625574,mqpp_4_2_512,111316949,128,10
2207380820,mqpp_4_2_512,111691084,128,10
2194151878,mqpp_4_2_512,111547783,128,10
2260320376,mqpp_4_2_1024,115564408,128,10
2256218586,mqpp_4_2_1024,115094095,128,10
2257075874,mqpp_4_2_1024,115536351,128,10
2251299244,mqpp_4_2_1024,114819390,128,10
2240863066,mqpp_4_2_1024,114404977,128,10
1164175830,mqpp_4_4_1,30833496,128,10
1192811040,mqpp_4_4_1,30791176,128,10
1176791760,mqpp_4_4_1,30769277,128,10
1152473670,mqpp_4_4_1,30899494,128,10
1155711586,mqpp_4_4_1,30814594,128,10
1089607186,mqpp_4_4_2,34353336,128,10
1075095754,mqpp_4_4_2,34285194,128,10
1082617944,mqpp_4_4_2,34273721,128,10
1090390532,mqpp_4_4_2,34368270,128,10
1076452502,mqpp_4_4_2,34247515,128,10
1084439108,mqpp_4_4_4,39599905,128,10
1088388918,mqpp_4_4_4,39768143,128,10
1086246192,mqpp_4_4_4,39665849,128,10
1090995820,mqpp_4_4_4,39657576,128,10
1081107868,mqpp_4_4_4,39621935,128,10
1153736168,mqpp_4_4_8,47843997,128,10
1153144380,mqpp_4_4_8,47986234,128,10
1144951514,mqpp_4_4_8,47705044,128,10
1154076230,mqpp_4_4_8,47814669,128,10
1150808782,mqpp_4_4_8,47772614,128,10
1286215830,mqpp_4_4_16,59498606,128,10
1291397250,mqpp_4_4_16,59657671,128,10
1285668906,mqpp_4_4_16,59242173,128,10
1292441432,mqpp_4_4_16,59762343,128,10
1284142888,mqpp_4_4_16,59157265,128,10
1496826810,mqpp_4_4_32,74884940,128,10
1496247816,mqpp_4_4_32,74743583,128,10
1501685686,mqpp_4_4_32,75381407,128,10
1495399084,mqpp_4_4_32,75145799,128,10
1496811658,mqpp_4_4_32,74845158,128,10
1752953334,mqpp_4_4_64,93204913,128,10
1749585068,mqpp_4_4_64,92800660,128,10
1749127514,mqpp_4_4_64,92952109,128,10
1743671268,mqpp_4_4_64,92889786,128,10
1741334960,mqpp_4_4_64,92668597,128,10
2012154670,mqpp_4_4_128,111027303,128,10
2014536912,mqpp_4_4_128,111324297,128,10
1993320444,mqpp_4_4_128,110142886,128,10
2003677892,mqpp_4_4_128,110786548,128,10
1985121128,mqpp_4_4_128,109815910,128,10
2190647968,mqpp_4_4_256,123857694,128,10
2186350362,mqpp_4_4_256,123790775,128,10
2193557890,mqpp_4_4_256,124520850,128,10
2204881174,mqpp_4_4_256,125457705,128,10
2195978640,mqpp_4_4_256,124482341,128,10
2320954884,mqpp_4_4_512,133078660,128,10
2339892616,mqpp_4_4_512,133634335,128,10
2330624614,mqpp_4_4_512,133718067,128,10
2318825620,mqpp_4_4_512,133048949,128,10
2318767598,mqpp_4_4_512,132521036,128,10
2452802230,mqpp_4_4_1024,140158553,128,10
2431867144,mqpp_4_4_1024,139342894,128,10
2421225470,mqpp_4_4_1024,138631081,128,10
2442211948,mqpp_4_4_1024,139611290,128,10
2439480634,mqpp_4_4_1024,139740123,128,10
1214204966,mqpp_4_8_1,31046523,128,10
1241037194,mqpp_4_8_1,31035497,128,10
1242356964,mqpp_4_8_1,31045251,128,10
1202410992,mqpp_4_8_1,31057089,128,10
1182163338,mqpp_4_8_1,31141136,128,10
1112217708,mqpp_4_8_2,34568362,128,10
1108134104,mqpp_4_8_2,34652994,128,10
1101042078,mqpp_4_8_2,34588956,128,10
1101761638,mqpp_4_8_2,34569203,128,10
1110611590,mqpp_4_8_2,34579149,128,10
1097974016,mqpp_4_8_4,40069567,128,10
1096656866,mqpp_4_8_4,39981964,128,10
1101618762,mqpp_4_8_4,40017161,128,10
1100331688,mqpp_4_8_4,40027797,128,10
1099886494,mqpp_4_8_4,40158341,128,10
1154139278,mqpp_4_8_8,47940650,128,10
1159203572,mqpp_4_8_8,48149452,128,10
1159050566,mqpp_4_8_8,48100517,128,10
1161446162,mqpp_4_8_8,48128103,128,10
1159925636,mqpp_4_8_8,48236188,128,10
1277771860,mqpp_4_8_16,59852390,128,10
1278828176,mqpp_4_8_16,60015988,128,10
1281447678,mqpp_4_8_16,59731334,128,10
1283826634,mqpp_4_8_16,59853050,128,10
1276862158,mqpp_4_8_16,59514974,128,10
1470653954,mqpp_4_8_32,76437236,128,10
1475965420,mqpp_4_8_32,76407123,128,10
1464017414,mqpp_4_8_32,75850587,128,10
1463074834,mqpp_4_8_32,75862590,128,10
1467212702,mqpp_4_8_32,76094859,128,10
1714204474,mqpp_4_8_64,96784455,128,10
1714290948,mqpp_4_8_64,96366580,128,10
1714562332,mqpp_4_8_64,96643761,128,10
1722790174,mqpp_4_8_64,97282611,128,10
1727270316,mqpp_4_8_64,96861015,128,10
2043608212,mqpp_4_8_128,119335454,128,10
2067371068,mqpp_4_8_128,120919061,128,10
2051359504,mqpp_4_8_128,119877468,128,10
2048782384,mqpp_4_8_128,120316255,128,10
2057602148,mqpp_4_8_128,120545843,128,10
2290423076,mqpp_4_8_256,140362485,128,10
2290964402,mqpp_4_8_256,140666732,128,10
2306088100,mqpp_4_8_256,141092391,128,10
2299141576,mqpp_4_8_256,140887017,128,10
2289518486,mqpp_4_8_256,140212508,128,10
2509808972,mqpp_4_8_512,156717197,128,10
2502094786,mqpp_4_8_512,156171153,128,10
2505850802,mqpp_4_8_512,156941162,128,10
2501159620,mqpp_4_8_512,156503250,128,10
2499589052,mqpp_4_8_512,155841140,128,10
2708028970,mqpp_4_8_1024,167483748,128,10
2717332348,mqpp_4_8_1024,168256624,128,10
2740547382,mqpp_4_8_1024,169867586,128,10
2709270488,mqpp_4_8_1024,167710400,128,10
2750205744,mqpp_4_8_1024,169873158,128,10
1213126194,mqpp_4_16_1,31118117,128,10
1266892284,mqpp_4_16_1,31170759,128,10
1206189270,mqpp_4_16_1,31173954,128,10
1220593806,mqpp_4_16_1,31185530,128,10
1255102772,mqpp_4_16_1,31141420,128,10
1137417388,mqpp_4_16_2,34818131,128,10
1129574254,mqpp_4_16_2,34778995,128,10
1116857568,mqpp_4_16_2,34746239,128,10
1124999416,mqpp_4_16_2,34797703,128,10
1166186160,mqpp_4_16_2,34771515,128,10
1129746906,mqpp_4_16_4,40161092,128,10
1110308400,mqpp_4_16_4,40093456,128,10
1114043404,mqpp_4_16_4,40207124,128,10
1120298886,mqpp_4_16_4,40245608,128,10
1117718896,mqpp_4_16_4,40154655,128,10
1171551036,mqpp_4_16_8,48136747,128,10
1171371960,mqpp_4_16_8,48400738,128,10
1167277828,mqpp_4_16_8,48233123,128,10
1164794134,mqpp_4_16_8,48082463,128,10
1165159514,mqpp_4_16_8,48062324,128,10
1280990272,mqpp_4_16_16,59920625,128,10
1278272670,mqpp_4_16_16,60064301,128,10
1278996040,mqpp_4_16_16,59853106,128,10
1287396046,mqpp_4_16_16,59836672,128,10
1286918790,mqpp_4_16_16,60120494,128,10
1446783536,mqpp_4_16_32,76017456,128,10
1440976648,mqpp_4_16_32,75634029,128,10
1438153426,mqpp_4_16_32,75671635,128,10
1439624254,mqpp_4_16_32,75460742,128,10
1433937228,mqpp_4_16_32,75289924,128,10
1686927096,mqpp_4_16_64,96007146,128,10
1714069288,mqpp_4_16_64,97586198,128,10
1708025878,mqpp_4_16_64,97044654,128,10
1709337938,mqpp_4_16_64,97360733,128,10
1710976392,mqpp_4_16_64,97339884,128,10
2073739596,mqpp_4_16_128,124909847,128,10
2076795050,mqpp_4_16_128,125216480,128,10
2050262920,mqpp_4_16_128,123554677,128,10
2052589750,mqpp_4_16_128,123676825,128,10
2071487692,mqpp_4_16_128,124587475,128,10
2395898858,mqpp_4_16_256,150927253,128,10
2417498524,mqpp_4_16_256,152896566,128,10
2388924860,mqpp_4_16_256,150684418,128,10
2408353166,mqpp_4_16_256,151904181,128,10
2416478752,mqpp_4_16_256,152743210,128,10
2786506984,mqpp_4_16_512,179296614,128,10
2751580446,mqpp_4_16_512,176891044,128,10
2777662102,mqpp_4_16_512,179434925,128,10
2747972762,mqpp_4_16_512,177407247,128,10
2752234032,mqpp_4_16_512,177409015,128,10
3029905966,mqpp_4_16_1024,197143706,128,10
3032942594,mqpp_4_16_1024,196989235,128,10
2990091270,mqpp_4_16_1024,194409684,128,10
2995140684,mqpp_4_16_1024,194648761,128,10
3055926212,mqpp_4_16_1024,198692569,128,10
1209428666,mqpp_4_32_1,31262615,128,10
1253547148,mqpp_4_32_1,31221656,128,10
1204856688,mqpp_4_32_1,31200896,128,10
1225672014,mqpp_4_32_1,31198726,128,10
1259046320,mqpp_4_32_1,31283621,128,10
1156897330,mqpp_4_32_2,34880060,128,10
1145363100,mqpp_4_32_2,34787557,128,10
1140643838,mqpp_4_32_2,34723729,128,10
1128544008,mqpp_4_32_2,34843191,128,10
1127413162,mqpp_4_32_2,34763853,128,10
1122168872,mqpp_4_32_4,40044264,128,10
1135747678,mqpp_4_32_4,40320855,128,10
1122639356,mqpp_4_32_4,40118507,128,10
1135645894,mqpp_4_32_4,40298936,128,10
1125508490,mqpp_4_32_4,40284934,128,10
1181877294,mqpp_4_32_8,48178197,128,10
1174931088,mqpp_4_32_8,48308002,128,10
1176362190,mqpp_4_32_8,48277418,128,10
1175313398,mqpp_4_32_8,48093407,128,10
1176627332,mqpp_4_32_8,48217602,128,10
1291978204,mqpp_4_32_16,59760460,128,10
1285136120,mqpp_4_32_16,59827245,128,10
1287364516,mqpp_4_32_16,59801595,128,10
1289799404,mqpp_4_32_16,59787242,128,10
1284203430,mqpp_4_32_16,59518802,128,10
1431960266,mqpp_4_32_32,74730733,128,10
1437127354,mqpp_4_32_32,75038881,128,10
1436661358,mqpp_4_32_32,75155776,128,10
1436549068,mqpp_4_32_32,75397110,128,10
1432984082,mqpp_4_32_32,75119445,128,10
1718868876,mqpp_4_32_64,96804132,128,10
1715172930,mqpp_4_32_64,96827749,128,10
1734623776,mqpp_4_32_64,97953987,128,10
1717791074,mqpp_4_32_64,97013067,128,10
1722969686,mqpp_4_32_64,97471823,128,10
2038405598,mqpp_4_32_128,123200214,128,10
2040115070,mqpp_4_32_128,123244698,128,10
2041805070,mqpp_4_32_128,123449519,128,10
2058319246,mqpp_4_32_128,124629547,128,10
2054138034,mqpp_4_32_128,123901007,128,10
2355061994,mqpp_4_32_256,153687044,128,10
2388644142,mqpp_4_32_256,155948488,128,10
2380236628,mqpp_4_32_256,155288568,128,10
2389759602,mqpp_4_32_256,156357815,128,10
2357608932,mqpp_4_32_256,153382619,128,10
2823399718,mqpp_4_32_512,185645388,128,10
2826847316,mqpp_4_32_512,185904168,128,10
2811307326,mqpp_4_32_512,185182676,128,10
2890790374,mqpp_4_32_512,190294701,128,10
2839720762,mqpp_4_32_512,187063092,128,10
3229897884,mqpp_4_32_1024,216762363,128,10
3160393908,mqpp_4_32_1024,212123903,128,10
3203567174,mqpp_4_32_1024,215066998,128,10
3153705662,mqpp_4_32_1024,211452811,128,10
3205886926,mqpp_4_32_1024,214964789,128,10
1220269710,mqpp_4_64_1,31217447,128,10
1243735486,mqpp_4_64_1,31138822,128,10
1224473876,mqpp_4_64_1,31166964,128,10
1278579520,mqpp_4_64_1,31209969,128,10
1300618210,mqpp_4_64_1,31233411,128,10
1133802288,mqpp_4_64_2,34869204,128,10
1128776412,mqpp_4_64_2,34773576,128,10
1149126336,mqpp_4_64_2,34931463,128,10
1150669930,mqpp_4_64_2,34812890,128,10
1137489212,mqpp_4_64_2,34910501,128,10
1139189448,mqpp_4_64_4,40368414,128,10
1139099346,mqpp_4_64_4,40344894,128,10
1139249844,mqpp_4_64_4,40283082,128,10
1130392516,mqpp_4_64_4,40173177,128,10
1122713702,mqpp_4_64_4,40213865,128,10
1179788708,mqpp_4_64_8,48260561,128,10
1177868918,mqpp_4_64_8,48181973,128,10
1170052842,mqpp_4_64_8,48051860,128,10
1168033354,mqpp_4_64_8,48017312,128,10
1171159310,mqpp_4_64_8,48258414,128,10
1291816578,mqpp_4_64_16,59428810,128,10
1288734662,mqpp_4_64_16,59352191,128,10
1291482644,mqpp_4_64_16,59778103,128,10
1292230970,mqpp_4_64_16,59629127,128,10
1284288394,mqpp_4_64_16,59410544,128,10
1454037022,mqpp_4_64_32,75345153,128,10
1480264682,mqpp_4_64_32,74808580,128,10
1449546408,mqpp_4_64_32,75001863,128,10
1464566454,mqpp_4_64_32,75727674,128,10
1461748204,mqpp_4_64_32,75527718,128,10
1686200768,mqpp_4_64_64,95267544,128,10
1694462232,mqpp_4_64_64,95852029,128,10
1691222334,mqpp_4_64_64,95922407,128,10
1684968504,mqpp_4_64_64,95543293,128,10
1695016248,mqpp_4_64_64,95814918,128,10
2006640194,mqpp_4_64_128,122650367,128,10
2006748300,mqpp_4_64_128,122558014,128,10
1995620384,mqpp_4_64_128,121755796,128,10
1974739290,mqpp_4_64_128,120502196,128,10
1983221558,mqpp_4_64_128,120337900,128,10
2372850708,mqpp_4_64_256,151260395,128,10
2372555174,mqpp_4_64_256,151985347,128,10
2379227154,mqpp_4_64_256,151844840,128,10
2376654956,mqpp_4_64_256,151740997,128,10
2358263458,mqpp_4_64_256,150382937,128,10
2746722116,mqpp_4_64_512,183199309,128,10
2776883478,mqpp_4_64_512,185792214,128,10
2806649742,mqpp_4_64_512,187903889,128,10
2782031408,mqpp_4_64_512,185622247,128,10
2790818158,mqpp_4_64_512,186072200,128,10
3057475530,mqpp_4_64_1024,212785380,128,10
3044294058,mqpp_4_64_1024,210921234,128,10
3116885602,mqpp_4_64_1024,216218178,128,10
3076450088,mqpp_4_64_1024,213721664,128,10
3100203208,mqpp_4_64_1024,216074718,128,10
1294771734,mqpp_4_128_1,31232780,128,10
1277476532,mqpp_4_128_1,31216729,128,10
1213295282,mqpp_4_128_1,31165520,128,10
1287103010,mqpp_4_128_1,31161359,128,10
1235637616,mqpp_4_128_1,31271672,128,10
1154012736,mqpp_4_128_2,34909204,128,10
1146282770,mqpp_4_128_2,34775704,128,10
1136717930,mqpp_4_128_2,34674560,128,10
1189601374,mqpp_4_128_2,34882242,128,10
1155855960,mqpp_4_128_2,34805538,128,10
1140902472,mqpp_4_128_4,40289517,128,10
1128370774,mqpp_4_128_4,40162729,128,10
1143188516,mqpp_4_128_4,40257045,128,10
1139491366,mqpp_4_128_4,40170892,128,10
1135771960,mqpp_4_128_4,40426677,128,10
1189263198,mqpp_4_128_8,48099143,128,10
1192722814,mqpp_4_128_8,48258704,128,10
1185181578,mqpp_4_128_8,48280014,128,10
1187727838,mqpp_4_128_8,48183782,128,10
1184942126,mqpp_4_128_8,48275271,128,10
1289832576,mqpp_4_128_16,58999526,128,10
1295565376,mqpp_4_128_16,59091107,128,10
1290493904,mqpp_4_128_16,59352695,128,10
1287954072,mqpp_4_128_16,59205724,128,10
1297707990,mqpp_4_128_16,59335168,128,10
1430968888,mqpp_4_128_32,74452242,128,10
1428611568,mqpp_4_128_32,74219130,128,10
1440344160,mqpp_4_128_32,74875456,128,10
1438851198,mqpp_4_128_32,74321249,128,10
1422330260,mqpp_4_128_32,73610898,128,10
1678845564,mqpp_4_128_64,94050395,128,10
1694450128,mqpp_4_128_64,94976295,128,10
1702773940,mqpp_4_128_64,95478150,128,10
1697203428,mqpp_4_128_64,95555949,128,10
1731374650,mqpp_4_128_64,95777492,128,10
2018633888,mqpp_4_128_128,122028538,128,10
1975121516,mqpp_4_128_128,118863375,128,10
2002169968,mqpp_4_128_128,120872129,128,10
2001771968,mqpp_4_128_128,120572369,128,10
1985495802,mqpp_4_128_128,119918510,128,10
2363225446,mqpp_4_128_256,149502210,128,10
2345570414,mqpp_4_128_256,148186805,128,10
2347776746,mqpp_4_128_256,148376481,128,10
2358592212,mqpp_4_128_256,149546644,128,10
2344424106,mqpp_4_128_256,148462193,128,10
2741899536,mqpp_4_128_512,181176089,128,10
2713525178,mqpp_4_128_512,178303941,128,10
2716033564,mqpp_4_128_512,179168182,128,10
2739947852,mqpp_4_128_512,180520173,128,10
2738507634,mqpp_4_128_512,180086480,128,10
2960108534,mqpp_4_128_1024,205181427,128,10
3024053872,mqpp_4_128_1024,209921484,128,10
3004813686,mqpp_4_128_1024,208582480,128,10
2981064222,mqpp_4_128_1024,207165742,128,10
2993115692,mqpp_4_128_1024,207538801,128,10
1243581606,mqpp_4_256_1,31214116,128,10
1236227302,mqpp_4_256_1,31207793,128,10
1265620378,mqpp_4_256_1,31224073,128,10
1234233194,mqpp_4_256_1,31306324,128,10
1205716462,mqpp_4_256_1,31264281,128,10
1137833508,mqpp_4_256_2,34842332,128,10
1158629536,mqpp_4_256_2,34724805,128,10
1145442532,mqpp_4_256_2,34910405,128,10
1144039098,mqpp_4_256_2,34762503,128,10
1131090150,mqpp_4_256_2,34793493,128,10
1137155542,mqpp_4_256_4,40402154,128,10
1136242826,mqpp_4_256_4,40226962,128,10
1140703834,mqpp_4_256_4,40304183,128,10
1149648236,mqpp_4_256_4,40337372,128,10
1131890478,mqpp_4_256_4,40256502,128,10
1178969552,mqpp_4_256_8,47952450,128,10
1180947168,mqpp_4_256_8,48054065,128,10
1184096966,mqpp_4_256_8,48159643,128,10
1181305570,mqpp_4_256_8,47989194,128,10
1185089190,mqpp_4_256_8,47970314,128,10
1286558682,mqpp_4_256_16,59231549,128,10
1294200032,mqpp_4_256_16,59318568,128,10
1283876256,mqpp_4_256_16,58672143,128,10
1279938152,mqpp_4_256_16,59020687,128,10
1288473232,mqpp_4_256_16,59292592,128,10
1449871914,mqpp_4_256_32,74143054,128,10
1450155862,mqpp_4_256_32,74123737,128,10
1466288458,mqpp_4_256_32,75095538,128,10
1461120492,mqpp_4_256_32,74846790,128,10
1468644450,mqpp_4_256_32,74992918,128,10
1693070502,mqpp_4_256_64,95039414,128,10
1672465814,mqpp_4_256_64,93978163,128,10
1689693828,mqpp_4_256_64,94850040,128,10
1683451640,mqpp_4_256_64,94168774,128,10
1683154478,mqpp_4_256_64,94228139,128,10
1971693894,mqpp_4_256_128,119314468,128,10
1942884536,mqpp_4_256_128,117814010,128,10
1988496508,mqpp_4_256_128,120327835,128,10
1975938788,mqpp_4_256_128,119459239,128,10
1984669158,mqpp_4_256_128,120806324,128,10
2311649448,mqpp_4_256_256,146457753,128,10
2291931846,mqpp_4_256_256,145424083,128,10
2361309140,mqpp_4_256_256,150270016,128,10
2295412164,mqpp_4_256_256,145758897,128,10
2300483304,mqpp_4_256_256,145958603,128,10
2675881768,mqpp_4_256_512,174327329,128,10
2647763582,mqpp_4_256_512,172971029,128,10
2655523522,mqpp_4_256_512,173487768,128,10
2640959606,mqpp_4_256_512,171669800,128,10
2655143394,mqpp_4_256_512,173241679,128,10
3036487030,mqpp_4_256_1024,204149722,128,10
3032742312,mqpp_4_256_1024,203103273,128,10
2975548114,mqpp_4_256_1024,198998453,128,10
2969593654,mqpp_4_256_1024,198979886,128,10
2966258874,mqpp_4_256_1024,198931058,128,10
1205905620,mqpp_4_512_1,31204026,128,10
1253571252,mqpp_4_512_1,31237664,128,10
1253831120,mqpp_4_512_1,31216667,128,10
1207681392,mqpp_4_512_1,31154191,128,10
1221863692,mqpp_4_512_1,31230594,128,10
1163366276,mqpp_4_512_2,34839413,128,10
1137589506,mqpp_4_512_2,34812671,128,10
1173199770,mqpp_4_512_2,34921967,128,10
1185925634,mqpp_4_512_2,34922015,128,10
1156170598,mqpp_4_512_2,34817850,128,10
1142573408,mqpp_4_512_4,40280431,128,10
1140601216,mqpp_4_512_4,40348911,128,10
1131646786,mqpp_4_512_4,40210985,128,10
1146018448,mqpp_4_512_4,40359088,128,10
1137699624,mqpp_4_512_4,40223728,128,10
1180486080,mqpp_4_512_8,48133908,128,10
1184748124,mqpp_4_512_8,48214333,128,10
1190572082,mqpp_4_512_8,47980488,128,10
1191881282,mqpp_4_512_8,48222110,128,10
1190618936,mqpp_4_512_8,48138993,128,10
1291121678,mqpp_4_512_16,59260799,128,10
1297586010,mqpp_4_512_16,59451002,128,10
1298324254,mqpp_4_512_16,59573977,128,10
1292424724,mqpp_4_512_16,59425070,128,10
1290781760,mqpp_4_512_16,59147018,128,10
1460663790,mqpp_4_512_32,74892864,128,10
1461696128,mqpp_4_512_32,74476303,128,10
1467978646,mqpp_4_512_32,75050151,128,10
1464289068,mqpp_4_512_32,74768044,128,10
1461830616,mqpp_4_512_32,74425468,128,10
1679427246,mqpp_4_512_64,93837048,128,10
1690888314,mqpp_4_512_64,94766939,128,10
1711066720,mqpp_4_512_64,95678164,128,10
1704065092,mqpp_4_512_64,95211328,128,10
1693249554,mqpp_4_512_64,94502100,128,10
1981567216,mqpp_4_512_128,119441628,128,10
1983310440,mqpp_4_512_128,119321205,128,10
1978136358,mqpp_4_512_128,118800059,128,10
1953683692,mqpp_4_512_128,117461270,128,10
1960764614,mqpp_4_512_128,117841948,128,10
2313125514,mqpp_4_512_256,147694201,128,10
2270890582,mqpp_4_512_256,144464718,128,10
2291385502,mqpp_4_512_256,146122919,128,10
2253565730,mqpp_4_512_256,143312451,128,10
2286743906,mqpp_4_512_256,145099558,128,10
2611799964,mqpp_4_512_512,171207371,128,10
2627344054,mqpp_4_512_512,172230087,128,10
2597216832,mqpp_4_512_512,170513340,128,10
2621970330,mqpp_4_512_512,171998082,128,10
2671780376,mqpp_4_512_512,175666373,128,10
2897594948,mqpp_4_512_1024,195061583,128,10
2904520682,mqpp_4_512_1024,195259779,128,10
2927445970,mqpp_4_512_1024,198189043,128,10
2876348790,mqpp_4_512_1024,193597543,128,10
2940523234,mqpp_4_512_1024,198617025,128,10
1225402690,mqpp_4_1024_1,31217529,128,10
1359800666,mqpp_4_1024_1,31220830,128,10
1254540240,mqpp_4_1024_1,31193823,128,10
1268115858,mqpp_4_1024_1,31194569,128,10
1215976158,mqpp_4_1024_1,31197669,128,10
1157449640,mqpp_4_1024_2,34885982,128,10
1171074366,mqpp_4_1024_2,34882170,128,10
1159022792,mqpp_4_1024_2,34761539,128,10
1151698766,mqpp_4_1024_2,34890052,128,10
1131025752,mqpp_4_1024_2,34846275,128,10
1145367302,mqpp_4_1024_4,40361466,128,10
1132321060,mqpp_4_1024_4,40352135,128,10
1125523730,mqpp_4_1024_4,40099379,128,10
1148372390,mqpp_4_1024_4,40387980,128,10
1140988088,mqpp_4_1024_4,40218765,128,10
1193202202,mqpp_4_1024_8,48068833,128,10
1183428890,mqpp_4_1024_8,48118453,128,10
1196503764,mqpp_4_1024_8,48190203,128,10
1177386764,mqpp_4_1024_8,47982474,128,10
1187250868,mqpp_4_1024_8,48341474,128,10
1290550196,mqpp_4_1024_16,59471700,128,10
1288033724,mqpp_4_1024_16,59262707,128,10
1281581166,mqpp_4_1024_16,59054460,128,10
1289594628,mqpp_4_1024_16,59355108,128,10
1286294894,mqpp_4_1024_16,59069129,128,10
1433677468,mqpp_4_1024_32,74126723,128,10
1437413352,mqpp_4_1024_32,74135052,128,10
1432718214,mqpp_4_1024_32,74326786,128,10
1426540038,mqpp_4_1024_32,73939786,128,10
1431981296,mqpp_4_1024_32,74387863,128,10
1665075424,mqpp_4_1024_64,93777405,128,10
1674025276,mqpp_4_1024_64,94365958,128,10
1675725234,mqpp_4_1024_64,94151320,128,10
1666631754,mqpp_4_1024_64,93783049,128,10
1680563702,mqpp_4_1024_64,94806741,128,10
1972795912,mqpp_4_1024_128,119082350,128,10
1952807070,mqpp_4_1024_128,118069723,128,10
1950067716,mqpp_4_1024_128,117382272,128,10
1963288930,mqpp_4_1024_128,118816596,128,10
1967710720,mqpp_4_1024_128,119189466,128,10
2256730126,mqpp_4_1024_256,142445196,128,10
2255921002,mqpp_4_1024_256,143006468,128,10
2277177226,mqpp_4_1024_256,144563143,128,10
2259494758,mqpp_4_1024_256,143381440,128,10
2260233384,mqpp_4_1024_256,143041631,128,10
2482640756,mqpp_4_1024_512,166772647,128,10
2483303162,mqpp_4_1024_512,167131831,128,10
2526734200,mqpp_4_1024_512,169774070,128,10
2512712696,mqpp_4_1024_512,168708583,128,10
2494965166,mqpp_4_1024_512,167301355,128,10
2837270348,mqpp_4_1024_1024,189554453,128,10
2863231078,mqpp_4_1024_1024,191654944,128,10
2850814982,mqpp_4_1024_1024,190476102,128,10
2837157786,mqpp_4_1024_1024,189151084,128,10
2844438614,mqpp_4_1024_1024,189699915,128,10
