10461180656,mqpp_4_1_1,85002378,128,10
10311696312,mqpp_4_1_1,85016065,128,10
10251970538,mqpp_4_1_1,85003804,128,10
10112760458,mqpp_4_1_1,84998684,128,10
10147692132,mqpp_4_1_1,85007144,128,10
8856698312,mqpp_4_1_2,85034600,128,10
8796586134,mqpp_4_1_2,85053434,128,10
8867113966,mqpp_4_1_2,85029197,128,10
8731120902,mqpp_4_1_2,85056737,128,10
8968261354,mqpp_4_1_2,85043901,128,10
7874950464,mqpp_4_1_4,85070515,128,10
8383281412,mqpp_4_1_4,85101077,128,10
7972275820,mqpp_4_1_4,85064123,128,10
8368157386,mqpp_4_1_4,85127283,128,10
7925314778,mqpp_4_1_4,85074364,128,10
7521251736,mqpp_4_1_8,85113654,128,10
7418546582,mqpp_4_1_8,85132306,128,10
7588688754,mqpp_4_1_8,85177704,128,10
7494342884,mqpp_4_1_8,85106516,128,10
7701405802,mqpp_4_1_8,85279289,128,10
7176028840,mqpp_4_1_16,85161992,128,10
7285808208,mqpp_4_1_16,85201932,128,10
7223600296,mqpp_4_1_16,85174417,128,10
7269452384,mqpp_4_1_16,85195069,128,10
7195278914,mqpp_4_1_16,85178196,128,10
7298259270,mqpp_4_1_32,85171843,128,10
7190761140,mqpp_4_1_32,85216134,128,10
7312454082,mqpp_4_1_32,85253495,128,10
7091348368,mqpp_4_1_32,85252157,128,10
7161165540,mqpp_4_1_32,85260108,128,10
6994009944,mqpp_4_1_64,85261140,128,10
6973344942,mqpp_4_1_64,85225853,128,10
6932022232,mqpp_4_1_64,85203856,128,10
7094715708,mqpp_4_1_64,85134901,128,10
7053418050,mqpp_4_1_64,85383446,128,10
6780015370,mqpp_4_1_128,85134288,128,10
6842195172,mqpp_4_1_128,85299448,128,10
6978795018,mqpp_4_1_128,85189534,128,10
6922499240,mqpp_4_1_128,85183730,128,10
6884898192,mqpp_4_1_128,85196228,128,10
6890982964,mqpp_4_1_256,85348573,128,10
6930464906,mqpp_4_1_256,85212799,128,10
6815636404,mqpp_4_1_256,85249841,128,10
7111484902,mqpp_4_1_256,85268427,128,10
6943773182,mqpp_4_1_256,85246419,128,10
6866685706,mqpp_4_1_512,85235621,128,10
6813154828,mqpp_4_1_512,85311916,128,10
6768881074,mqpp_4_1_512,85403308,128,10
6837459360,mqpp_4_1_512,85226258,128,10
6867218610,mqpp_4_1_512,85194205,128,10
7195175676,mqpp_4_1_1024,85274682,128,10
6737685356,mqpp_4_1_1024,85227494,128,10
6785917620,mqpp_4_1_1024,85256205,128,10
6825847062,mqpp_4_1_1024,85321405,128,10
6807976522,mqpp_4_1_1024,85243844,128,10
10057991828,mqpp_4_2_1,85008169,128,10
9993199398,mqpp_4_2_1,84977577,128,10
10043423068,mqpp_4_2_1,84980849,128,10
9950228774,mqpp_4_2_1,85027821,128,10
9906255344,mqpp_4_2_1,85018099,128,10
8589522408,mqpp_4_2_2,85180817,128,10
8580596860,mqpp_4_2_2,85193869,128,10
8377664150,mqpp_4_2_2,85068109,128,10
8540426410,mqpp_4_2_2,85042412,128,10
8444021580,mqpp_4_2_2,85003361,128,10
7550646786,mqpp_4_2_4,85076899,128,10
7579439452,mqpp_4_2_4,85076019,128,10
7585901952,mqpp_4_2_4,85075872,128,10
7706257954,mqpp_4_2_4,85074331,128,10
7761132016,mqpp_4_2_4,85035994,128,10
7320612684,mqpp_4_2_8,85146812,128,10
7273567636,mqpp_4_2_8,85102504,128,10
7092824802,mqpp_4_2_8,85092077,128,10
7171661792,mqpp_4_2_8,85103980,128,10
7311736118,mqpp_4_2_8,85110148,128,10
6995460546,mqpp_4_2_16,85164930,128,10
6802469582,mqpp_4_2_16,85236035,128,10
7023519962,mqpp_4_2_16,85216521,128,10
6845422968,mqpp_4_2_16,85159992,128,10
6807905088,mqpp_4_2_16,85218335,128,10
6927660608,mqpp_4_2_32,85334488,128,10
6885752780,mqpp_4_2_32,85381819,128,10
6671917038,mqpp_4_2_32,85322014,128,10
6843634508,mqpp_4_2_32,85186143,128,10
6896003050,mqpp_4_2_32,85255093,128,10
6551936572,mqpp_4_2_64,85431599,128,10
6573001500,mqpp_4_2_64,85321041,128,10
6769574484,mqpp_4_2_64,85158903,128,10
6594357032,mqpp_4_2_64,85315761,128,10
6845257048,mqpp_4_2_64,85471790,128,10
6804563098,mqpp_4_2_128,85243790,128,10
6526568142,mqpp_4_2_128,85467786,128,10
6505469570,mqpp_4_2_128,85390269,128,10
6654009102,mqpp_4_2_128,85376320,128,10
6778248318,mqpp_4_2_128,85227581,128,10
6824616006,mqpp_4_2_256,85347578,128,10
7050481630,mqpp_4_2_256,85215102,128,10
6972623548,mqpp_4_2_256,85203187,128,10
6677777898,mqpp_4_2_256,85304352,128,10
6746388920,mqpp_4_2_256,85319949,128,10
6672345786,mqpp_4_2_512,85350673,128,10
6368549694,mqpp_4_2_512,85247477,128,10
6457154484,mqpp_4_2_512,85467371,128,10
6596550576,mqpp_4_2_512,85385173,128,10
6584497948,mqpp_4_2_512,85338895,128,10
6520643074,mqpp_4_2_1024,85224049,128,10
6731108672,mqpp_4_2_1024,85430104,128,10
6368781012,mqpp_4_2_1024,85360297,128,10
6404857664,mqpp_4_2_1024,85451505,128,10
6377671846,mqpp_4_2_1024,85330988,128,10
9800409738,mqpp_4_4_1,84993546,128,10
9931345104,mqpp_4_4_1,84957509,128,10
9928922254,mqpp_4_4_1,84952692,128,10
9887574696,mqpp_4_4_1,84955229,128,10
9928099918,mqpp_4_4_1,84967846,128,10
8380705544,mqpp_4_4_2,85016129,128,10
8452158988,mqpp_4_4_2,85016542,128,10
8635908200,mqpp_4_4_2,84994404,128,10
8437803850,mqpp_4_4_2,85039673,128,10
8603805792,mqpp_4_4_2,84999960,128,10
7571771906,mqpp_4_4_4,85043909,128,10
7323611766,mqpp_4_4_4,85150949,128,10
7575344360,mqpp_4_4_4,85071065,128,10
7882302006,mqpp_4_4_4,85075613,128,10
7376316254,mqpp_4_4_4,85092096,128,10
6894208446,mqpp_4_4_8,85133782,128,10
7227873776,mqpp_4_4_8,85126912,128,10
7173227678,mqpp_4_4_8,85138337,128,10
6867271276,mqpp_4_4_8,85126854,128,10
7111566228,mqpp_4_4_8,85224711,128,10
6668997614,mqpp_4_4_16,85270406,128,10
6924328034,mqpp_4_4_16,85126688,128,10
6939327562,mqpp_4_4_16,85232945,128,10
6514238584,mqpp_4_4_16,85188684,128,10
6856103774,mqpp_4_4_16,85180104,128,10
6768306272,mqpp_4_4_32,85214368,128,10
6538870754,mqpp_4_4_32,85168304,128,10
6528380044,mqpp_4_4_32,85327628,128,10
6751110772,mqpp_4_4_32,85193927,128,10
6738672104,mqpp_4_4_32,85217223,128,10
6740336916,mqpp_4_4_64,85237089,128,10
6361728766,mqpp_4_4_64,85548894,128,10
6620298758,mqpp_4_4_64,85429232,128,10
6598300298,mqpp_4_4_64,85319319,128,10
6523979730,mqpp_4_4_64,85398160,128,10
6431010734,mqpp_4_4_128,85518544,128,10
6684890006,mqpp_4_4_128,85758302,128,10
6253490286,mqpp_4_4_128,85450809,128,10
6275454058,mqpp_4_4_128,85663536,128,10
6573259960,mqpp_4_4_128,85332186,128,10
6461384748,mqpp_4_4_256,85629553,128,10
6498981944,mqpp_4_4_256,85387859,128,10
6635558188,mqpp_4_4_256,85331268,128,10
6327672876,mqpp_4_4_256,85678622,128,10
6373167040,mqpp_4_4_256,85421593,128,10
6244052670,mqpp_4_4_512,85702986,128,10
6580542834,mqpp_4_4_512,85598772,128,10
6723188552,mqpp_4_4_512,85334953,128,10
6382721280,mqpp_4_4_512,85573712,128,10
6315778168,mqpp_4_4_512,85629695,128,10
6513240724,mqpp_4_4_1024,85465684,128,10
6348717680,mqpp_4_4_1024,85333028,128,10
6363414264,mqpp_4_4_1024,85403910,128,10
6390567286,mqpp_4_4_1024,85533985,128,10
6381211820,mqpp_4_4_1024,85322917,128,10
9718776132,mqpp_4_8_1,84945536,128,10
9829415766,mqpp_4_8_1,85144296,128,10
9666454138,mqpp_4_8_1,85028734,128,10
9733071326,mqpp_4_8_1,84958189,128,10
9391310352,mqpp_4_8_1,85002406,128,10
8467638120,mqpp_4_8_2,85046166,128,10
7991572872,mqpp_4_8_2,85054120,128,10
8079289996,mqpp_4_8_2,85126466,128,10
8421736266,mqpp_4_8_2,85006908,128,10
8248340516,mqpp_4_8_2,85017601,128,10
7473557644,mqpp_4_8_4,85056332,128,10
7591898148,mqpp_4_8_4,85089602,128,10
7561190856,mqpp_4_8_4,85128135,128,10
7572915832,mqpp_4_8_4,85086849,128,10
7605868182,mqpp_4_8_4,85061547,128,10
7043290316,mqpp_4_8_8,85097574,128,10
7315043580,mqpp_4_8_8,85152344,128,10
6630970130,mqpp_4_8_8,85126295,128,10
6680407428,mqpp_4_8_8,85202515,128,10
7094282776,mqpp_4_8_8,85142583,128,10
6804365164,mqpp_4_8_16,85237843,128,10
6719504942,mqpp_4_8_16,85229231,128,10
7013253288,mqpp_4_8_16,85097818,128,10
6792085282,mqpp_4_8_16,85222637,128,10
6773992118,mqpp_4_8_16,85235498,128,10
6775902984,mqpp_4_8_32,85212697,128,10
6104014720,mqpp_4_8_32,85432000,128,10
6336426468,mqpp_4_8_32,85330016,128,10
6077493434,mqpp_4_8_32,85520212,128,10
6563359906,mqpp_4_8_32,85263754,128,10
6104443622,mqpp_4_8_64,85632009,128,10
6577318296,mqpp_4_8_64,85339041,128,10
6581756818,mqpp_4_8_64,85372613,128,10
6624137260,mqpp_4_8_64,85315783,128,10
6403427818,mqpp_4_8_64,85545438,128,10
6355816292,mqpp_4_8_128,85568280,128,10
6403426958,mqpp_4_8_128,85517570,128,10
6141814332,mqpp_4_8_128,85584437,128,10
6208278730,mqpp_4_8_128,85608225,128,10
6151779328,mqpp_4_8_128,85435353,128,10
6012022188,mqpp_4_8_256,85404455,128,10
6472648762,mqpp_4_8_256,85429961,128,10
6245864168,mqpp_4_8_256,85515076,128,10
6523345728,mqpp_4_8_256,85643157,128,10
6451950672,mqpp_4_8_256,85440798,128,10
6092020060,mqpp_4_8_512,85818375,128,10
6303248506,mqpp_4_8_512,85621939,128,10
6382405580,mqpp_4_8_512,85582961,128,10
6355587120,mqpp_4_8_512,85437049,128,10
6300967840,mqpp_4_8_512,85738449,128,10
6241730306,mqpp_4_8_1024,85523192,128,10
5952359902,mqpp_4_8_1024,86301661,128,10
5961087474,mqpp_4_8_1024,85787199,128,10
6227697936,mqpp_4_8_1024,85731532,128,10
6299313286,mqpp_4_8_1024,85826775,128,10
9307720948,mqpp_4_16_1,85023664,128,10
9695121658,mqpp_4_16_1,84968876,128,10
9696083430,mqpp_4_16_1,84995823,128,10
9556337212,mqpp_4_16_1,85009671,128,10
10021916270,mqpp_4_16_1,84963739,128,10
8104597106,mqpp_4_16_2,85073467,128,10
8317354320,mqpp_4_16_2,84993099,128,10
8335628012,mqpp_4_16_2,84997169,128,10
7867937588,mqpp_4_16_2,85013686,128,10
8187848660,mqpp_4_16_2,85038423,128,10
7153066782,mqpp_4_16_4,85129997,128,10
6741310316,mqpp_4_16_4,85119511,128,10
7105502604,mqpp_4_16_4,85084864,128,10
6950328494,mqpp_4_16_4,85219148,128,10
7219760136,mqpp_4_16_4,85210224,128,10
6596589864,mqpp_4_16_8,85192157,128,10
6997078998,mqpp_4_16_8,85092087,128,10
6991392680,mqpp_4_16_8,85134926,128,10
7012467198,mqpp_4_16_8,85095110,128,10
7302091688,mqpp_4_16_8,85099500,128,10
7464826970,mqpp_4_16_16,85201194,128,10
6720780124,mqpp_4_16_16,85235095,128,10
6047894232,mqpp_4_16_16,85347388,128,10
6338562924,mqpp_4_16_16,85255400,128,10
6081234120,mqpp_4_16_16,85389223,128,10
6544303044,mqpp_4_16_32,85279778,128,10
6851759578,mqpp_4_16_32,85286630,128,10
6611275828,mqpp_4_16_32,85547983,128,10
6256835520,mqpp_4_16_32,85232002,128,10
6601449382,mqpp_4_16_32,85237328,128,10
6349962668,mqpp_4_16_64,85258634,128,10
6460328108,mqpp_4_16_64,85306052,128,10
5898501370,mqpp_4_16_64,85380524,128,10
6473992240,mqpp_4_16_64,85228749,128,10
5622087340,mqpp_4_16_64,85521456,128,10
5831005272,mqpp_4_16_128,85776736,128,10
6250724668,mqpp_4_16_128,85416946,128,10
6382856636,mqpp_4_16_128,85382090,128,10
6372040394,mqpp_4_16_128,85510075,128,10
5764560606,mqpp_4_16_128,85724793,128,10
6243971882,mqpp_4_16_256,85521670,128,10
5807160194,mqpp_4_16_256,85769874,128,10
6360413002,mqpp_4_16_256,85307352,128,10
6195019968,mqpp_4_16_256,85506821,128,10
5913872290,mqpp_4_16_256,85507482,128,10
5940047554,mqpp_4_16_512,86077294,128,10
6730446908,mqpp_4_16_512,85483448,128,10
6375020180,mqpp_4_16_512,85816780,128,10
5977357956,mqpp_4_16_512,85583327,128,10
6343910052,mqpp_4_16_512,85854015,128,10
6271345140,mqpp_4_16_1024,85580204,128,10
6186100722,mqpp_4_16_1024,85431422,128,10
6006711328,mqpp_4_16_1024,85719718,128,10
6057865596,mqpp_4_16_1024,86068843,128,10
6234918218,mqpp_4_16_1024,85657676,128,10
8782518094,mqpp_4_32_1,85047154,128,10
9662749284,mqpp_4_32_1,84967819,128,10
9032953276,mqpp_4_32_1,85015052,128,10
9640048726,mqpp_4_32_1,84980171,128,10
10002170358,mqpp_4_32_1,84977675,128,10
8649909464,mqpp_4_32_2,85020632,128,10
7623056772,mqpp_4_32_2,85055308,128,10
7654300440,mqpp_4_32_2,85037076,128,10
7694082822,mqpp_4_32_2,85077288,128,10
7915061216,mqpp_4_32_2,85055385,128,10
7117053522,mqpp_4_32_4,85081789,128,10
7063956788,mqpp_4_32_4,85130111,128,10
7201547284,mqpp_4_32_4,85107684,128,10
6423615534,mqpp_4_32_4,85091811,128,10
7356849330,mqpp_4_32_4,85107590,128,10
6848477316,mqpp_4_32_8,85099265,128,10
6125757836,mqpp_4_32_8,85276967,128,10
6201234158,mqpp_4_32_8,85211211,128,10
6162109222,mqpp_4_32_8,85298512,128,10
6309297230,mqpp_4_32_8,85262477,128,10
6602150576,mqpp_4_32_16,85117752,128,10
6680733010,mqpp_4_32_16,85359869,128,10
6705659488,mqpp_4_32_16,85143232,128,10
6589103224,mqpp_4_32_16,85356421,128,10
6626618922,mqpp_4_32_16,85222836,128,10
6552375792,mqpp_4_32_32,85337070,128,10
6075448024,mqpp_4_32_32,85176301,128,10
6819311608,mqpp_4_32_32,85210927,128,10
6525759146,mqpp_4_32_32,85258258,128,10
5879644358,mqpp_4_32_32,85403147,128,10
6587400006,mqpp_4_32_64,85243377,128,10
6416397544,mqpp_4_32_64,85254075,128,10
5638086730,mqpp_4_32_64,85381192,128,10
5769226370,mqpp_4_32_64,85529946,128,10
6340632386,mqpp_4_32_64,85346093,128,10
6381732608,mqpp_4_32_128,85292724,128,10
5464155004,mqpp_4_32_128,85525682,128,10
5622978446,mqpp_4_32_128,85537984,128,10
6328301348,mqpp_4_32_128,86066939,128,10
6098098282,mqpp_4_32_128,85485807,128,10
6273391142,mqpp_4_32_256,85371304,128,10
6732895776,mqpp_4_32_256,85546383,128,10
5864650578,mqpp_4_32_256,85533950,128,10
6022098964,mqpp_4_32_256,86035211,128,10
6231007484,mqpp_4_32_256,85398109,128,10
6496280592,mqpp_4_32_512,85539504,128,10
5666310014,mqpp_4_32_512,85978665,128,10
5829307628,mqpp_4_32_512,85984001,128,10
5797189826,mqpp_4_32_512,86139929,128,10
6015783890,mqpp_4_32_512,86483644,128,10
6428257962,mqpp_4_32_1024,85535531,128,10
5922569974,mqpp_4_32_1024,85513697,128,10
6248601392,mqpp_4_32_1024,85693962,128,10
6275535590,mqpp_4_32_1024,85644319,128,10
5829190606,mqpp_4_32_1024,85991361,128,10
9305745956,mqpp_4_64_1,84987536,128,10
8818355860,mqpp_4_64_1,84985752,128,10
9369880296,mqpp_4_64_1,85007203,128,10
9739409878,mqpp_4_64_1,84975221,128,10
9173148704,mqpp_4_64_1,85011180,128,10
7456666206,mqpp_4_64_2,85043743,128,10
8258552476,mqpp_4_64_2,85188365,128,10
8278129864,mqpp_4_64_2,85036611,128,10
8251997470,mqpp_4_64_2,85005904,128,10
8194996564,mqpp_4_64_2,85057002,128,10
6444736098,mqpp_4_64_4,85152711,128,10
7354931596,mqpp_4_64_4,85060560,128,10
6753462874,mqpp_4_64_4,85090864,128,10
6452134652,mqpp_4_64_4,85075935,128,10
7617738918,mqpp_4_64_4,85099175,128,10
6607212354,mqpp_4_64_8,85312937,128,10
6849776798,mqpp_4_64_8,85145249,128,10
5946028892,mqpp_4_64_8,85216235,128,10
6324031738,mqpp_4_64_8,85188339,128,10
5937958824,mqpp_4_64_8,85103561,128,10
6630773018,mqpp_4_64_16,85180140,128,10
6252374012,mqpp_4_64_16,85534255,128,10
6378651308,mqpp_4_64_16,85221737,128,10
6376015360,mqpp_4_64_16,85163623,128,10
5746761136,mqpp_4_64_16,85232895,128,10
6118522542,mqpp_4_64_32,85322396,128,10
6135631526,mqpp_4_64_32,85389966,128,10
5750208794,mqpp_4_64_32,85311358,128,10
5486465074,mqpp_4_64_32,85550364,128,10
6604173028,mqpp_4_64_32,85577966,128,10
6340016122,mqpp_4_64_64,85373563,128,10
6375041846,mqpp_4_64_64,85599120,128,10
5766272692,mqpp_4_64_64,85493119,128,10
6085462316,mqpp_4_64_64,85404014,128,10
5411753364,mqpp_4_64_64,85747342,128,10
5640938294,mqpp_4_64_128,85829150,128,10
5661260412,mqpp_4_64_128,86043499,128,10
5987332318,mqpp_4_64_128,86835372,128,10
6562230670,mqpp_4_64_128,85847605,128,10
5671933108,mqpp_4_64_128,85971076,128,10
5807980346,mqpp_4_64_256,86353715,128,10
5421311136,mqpp_4_64_256,85646105,128,10
5915573856,mqpp_4_64_256,85770566,128,10
6826593210,mqpp_4_64_256,85681762,128,10
5806559618,mqpp_4_64_256,85798703,128,10
5651331386,mqpp_4_64_512,86081376,128,10
5508416864,mqpp_4_64_512,85878634,128,10
6070621700,mqpp_4_64_512,86502179,128,10
6022190940,mqpp_4_64_512,86032001,128,10
6130909596,mqpp_4_64_512,85634615,128,10
5653823626,mqpp_4_64_1024,86133989,128,10
5379697186,mqpp_4_64_1024,86133542,128,10
6037059904,mqpp_4_64_1024,85937620,128,10
6049331994,mqpp_4_64_1024,85704852,128,10
5625334696,mqpp_4_64_1024,86307224,128,10
9364411724,mqpp_4_128_1,85025447,128,10
8737642066,mqpp_4_128_1,85051706,128,10
9403660138,mqpp_4_128_1,85017404,128,10
9399612316,mqpp_4_128_1,85004388,128,10
9521030732,mqpp_4_128_1,84989117,128,10
7407011166,mqpp_4_128_2,85047376,128,10
8112608156,mqpp_4_128_2,85052381,128,10
7332188978,mqpp_4_128_2,85022013,128,10
8222447944,mqpp_4_128_2,85019245,128,10
8146586934,mqpp_4_128_2,85036931,128,10
6518064780,mqpp_4_128_4,85038111,128,10
7132984620,mqpp_4_128_4,85252896,128,10
7191160492,mqpp_4_128_4,85062992,128,10
6370800704,mqpp_4_128_4,85075374,128,10
7309436516,mqpp_4_128_4,85064140,128,10
6729118494,mqpp_4_128_8,85129637,128,10
6560800848,mqpp_4_128_8,85241758,128,10
6759843204,mqpp_4_128_8,85133599,128,10
6377064012,mqpp_4_128_8,85149641,128,10
6728120778,mqpp_4_128_8,85131858,128,10
6726520860,mqpp_4_128_16,85202483,128,10
6523897082,mqpp_4_128_16,85263102,128,10
6200005808,mqpp_4_128_16,85286937,128,10
5922285446,mqpp_4_128_16,85459182,128,10
6218815776,mqpp_4_128_16,85203954,128,10
6519528036,mqpp_4_128_32,85352224,128,10
6462355032,mqpp_4_128_32,85292756,128,10
5888650720,mqpp_4_128_32,85332068,128,10
6710018978,mqpp_4_128_32,85220872,128,10
6177453648,mqpp_4_128_32,85435683,128,10
6082259868,mqpp_4_128_64,85792392,128,10
5553632258,mqpp_4_128_64,85526505,128,10
6172772570,mqpp_4_128_64,85622565,128,10
5977905956,mqpp_4_128_64,85605721,128,10
6370049176,mqpp_4_128_64,85528161,128,10
5583011752,mqpp_4_128_128,86123669,128,10
6147479038,mqpp_4_128_128,85712885,128,10
5722691944,mqpp_4_128_128,85646833,128,10
6155014000,mqpp_4_128_128,85393741,128,10
5714416248,mqpp_4_128_128,85978011,128,10
6078683124,mqpp_4_128_256,86442901,128,10
5886415784,mqpp_4_128_256,85710045,128,10
5899345054,mqpp_4_128_256,86178077,128,10
5671137200,mqpp_4_128_256,85905412,128,10
5578524316,mqpp_4_128_256,86265169,128,10
6157479430,mqpp_4_128_512,86072559,128,10
5599829950,mqpp_4_128_512,86136144,128,10
7383109912,mqpp_4_128_512,87239449,128,10
5948712566,mqpp_4_128_512,86817043,128,10
6630593246,mqpp_4_128_512,86984983,128,10
6246850126,mqpp_4_128_1024,87969936,128,10
5482090956,mqpp_4_128_1024,86530498,128,10
5851485364,mqpp_4_128_1024,88532616,128,10
5294982932,mqpp_4_128_1024,86360955,128,10
6513828850,mqpp_4_128_1024,87950679,128,10
8659539742,mqpp_4_256_1,85050154,128,10
8828119176,mqpp_4_256_1,85027819,128,10
9487538962,mqpp_4_256_1,84986264,128,10
8815921750,mqpp_4_256_1,85050415,128,10
9275188116,mqpp_4_256_1,85015564,128,10
7419813802,mqpp_4_256_2,85055901,128,10
7951946038,mqpp_4_256_2,85035693,128,10
7270312258,mqpp_4_256_2,85073644,128,10
7441987616,mqpp_4_256_2,85076699,128,10
7429276900,mqpp_4_256_2,85057807,128,10
6376774304,mqpp_4_256_4,85113021,128,10
7286221378,mqpp_4_256_4,85144143,128,10
7127072586,mqpp_4_256_4,85108807,128,10
6390845326,mqpp_4_256_4,85227762,128,10
7516408800,mqpp_4_256_4,85249790,128,10
6558964492,mqpp_4_256_8,85163481,128,10
6566710796,mqpp_4_256_8,85231270,128,10
6110376780,mqpp_4_256_8,85265078,128,10
6585134842,mqpp_4_256_8,85311773,128,10
5968672238,mqpp_4_256_8,85276262,128,10
6720832142,mqpp_4_256_16,85385535,128,10
5889058286,mqpp_4_256_16,85247249,128,10
7380284870,mqpp_4_256_16,85393540,128,10
5779975166,mqpp_4_256_16,85262291,128,10
5612225950,mqpp_4_256_16,85335561,128,10
6063074558,mqpp_4_256_32,85599854,128,10
6295313082,mqpp_4_256_32,85401021,128,10
5735923750,mqpp_4_256_32,85514690,128,10
5889352620,mqpp_4_256_32,85578319,128,10
6230664812,mqpp_4_256_32,85743499,128,10
6073570354,mqpp_4_256_64,85354654,128,10
6036478910,mqpp_4_256_64,85696078,128,10
5445880388,mqpp_4_256_64,85581958,128,10
5444587196,mqpp_4_256_64,85570819,128,10
5933545000,mqpp_4_256_64,85554986,128,10
5355752162,mqpp_4_256_128,85895931,128,10
6413090138,mqpp_4_256_128,86722370,128,10
6102857512,mqpp_4_256_128,86007076,128,10
6253282218,mqpp_4_256_128,86006411,128,10
5300288756,mqpp_4_256_128,85850838,128,10
6309534686,mqpp_4_256_256,85743609,128,10
5247897680,mqpp_4_256_256,86121193,128,10
8192229662,mqpp_4_256_256,86510235,128,10
6148759828,mqpp_4_256_256,86417409,128,10
5793325238,mqpp_4_256_256,86284001,128,10
6748871668,mqpp_4_256_512,86525014,128,10
6045028886,mqpp_4_256_512,87229453,128,10
6004311924,mqpp_4_256_512,85949222,128,10
5982686928,mqpp_4_256_512,86237620,128,10
6008377230,mqpp_4_256_512,85769857,128,10
6115342928,mqpp_4_256_1024,87345917,128,10
5826322438,mqpp_4_256_1024,86448690,128,10
5840958642,mqpp_4_256_1024,86465293,128,10
6039827132,mqpp_4_256_1024,87031537,128,10
5871784506,mqpp_4_256_1024,87564369,128,10
9139849986,mqpp_4_512_1,85080431,128,10
8916876386,mqpp_4_512_1,85047434,128,10
9054480288,mqpp_4_512_1,85005866,128,10
9126117934,mqpp_4_512_1,84989758,128,10
8657625054,mqpp_4_512_1,85010770,128,10
7221598278,mqpp_4_512_2,85061036,128,10
7927923562,mqpp_4_512_2,85082927,128,10
7357812168,mqpp_4_512_2,85039314,128,10
7460740534,mqpp_4_512_2,85055041,128,10
7195275944,mqpp_4_512_2,85133028,128,10
6667115650,mqpp_4_512_4,85091512,128,10
6327775540,mqpp_4_512_4,85057742,128,10
8483090756,mqpp_4_512_4,85180708,128,10
7192967146,mqpp_4_512_4,85288887,128,10
6781595708,mqpp_4_512_4,85143020,128,10
6085077668,mqpp_4_512_8,85468697,128,10
6653992382,mqpp_4_512_8,85231462,128,10
6185578972,mqpp_4_512_8,85376890,128,10
6100515508,mqpp_4_512_8,85265953,128,10
6857641434,mqpp_4_512_8,85297594,128,10
5716717230,mqpp_4_512_16,85474786,128,10
6397927250,mqpp_4_512_16,85286486,128,10
5584667190,mqpp_4_512_16,85485999,128,10
5823140242,mqpp_4_512_16,85463246,128,10
6024106298,mqpp_4_512_16,85378096,128,10
5840843088,mqpp_4_512_32,85489498,128,10
6013303742,mqpp_4_512_32,85653579,128,10
6815899952,mqpp_4_512_32,85364411,128,10
6300583424,mqpp_4_512_32,85684874,128,10
6932465614,mqpp_4_512_32,85461674,128,10
6437741814,mqpp_4_512_64,85719272,128,10
5419587574,mqpp_4_512_64,85806190,128,10
5614129260,mqpp_4_512_64,86051573,128,10
6796003778,mqpp_4_512_64,85691464,128,10
5974760804,mqpp_4_512_64,86639614,128,10
5865117920,mqpp_4_512_128,86316527,128,10
5937287926,mqpp_4_512_128,86232654,128,10
5916420754,mqpp_4_512_128,86160582,128,10
6030813220,mqpp_4_512_128,85959315,128,10
5766787198,mqpp_4_512_128,86008462,128,10
5865394880,mqpp_4_512_256,85855111,128,10
5668955520,mqpp_4_512_256,86573797,128,10
6054920578,mqpp_4_512_256,85895479,128,10
5356380692,mqpp_4_512_256,86145112,128,10
5481679106,mqpp_4_512_256,86234606,128,10
7466169888,mqpp_4_512_512,87541980,128,10
5615223504,mqpp_4_512_512,86124984,128,10
6472102236,mqpp_4_512_512,86877655,128,10
5847975198,mqpp_4_512_512,86502789,128,10
5329479968,mqpp_4_512_512,86303649,128,10
5767442616,mqpp_4_512_1024,87810159,128,10
6849452232,mqpp_4_512_1024,89463211,128,10
6981969490,mqpp_4_512_1024,89029438,128,10
5305391276,mqpp_4_512_1024,87297017,128,10
5623670112,mqpp_4_512_1024,86908381,128,10
9234247008,mqpp_4_1024_1,85277512,128,10
9184526408,mqpp_4_1024_1,85037892,128,10
10237981404,mqpp_4_1024_1,85017523,128,10
8558365426,mqpp_4_1024_1,85017604,128,10
8555897300,mqpp_4_1024_1,85028113,128,10
7867852064,mqpp_4_1024_2,85102960,128,10
7808629422,mqpp_4_1024_2,85089139,128,10
8309682930,mqpp_4_1024_2,85253401,128,10
7526394620,mqpp_4_1024_2,85089568,128,10
7683963238,mqpp_4_1024_2,85128149,128,10
6683554940,mqpp_4_1024_4,85215763,128,10
7440894718,mqpp_4_1024_4,85131229,128,10
6703372494,mqpp_4_1024_4,85172812,128,10
6590477756,mqpp_4_1024_4,85177880,128,10
6681212108,mqpp_4_1024_4,85393050,128,10
6238727178,mqpp_4_1024_8,85540759,128,10
6952025810,mqpp_4_1024_8,85624115,128,10
6073012172,mqpp_4_1024_8,85330573,128,10
6786311666,mqpp_4_1024_8,85258636,128,10
6346074154,mqpp_4_1024_8,85372827,128,10
5904323482,mqpp_4_1024_16,85817071,128,10
5987065404,mqpp_4_1024_16,85433379,128,10
6046509254,mqpp_4_1024_16,85399896,128,10
7587383524,mqpp_4_1024_16,85303213,128,10
5923528752,mqpp_4_1024_16,85572596,128,10
5681148664,mqpp_4_1024_32,85649058,128,10
14539777556,mqpp_4_1024_32,86459066,128,10
7349327434,mqpp_4_1024_32,85692033,128,10
6508103526,mqpp_4_1024_32,85651784,128,10
6648495110,mqpp_4_1024_32,85686706,128,10
5767539628,mqpp_4_1024_64,85895449,128,10
5784441276,mqpp_4_1024_64,86049280,128,10
6849396506,mqpp_4_1024_64,86061082,128,10
5505938976,mqpp_4_1024_64,86091788,128,10
5382551740,mqpp_4_1024_64,86266592,128,10
7523365518,mqpp_4_1024_128,86275258,128,10
6384237404,mqpp_4_1024_128,86197125,128,10
5830644794,mqpp_4_1024_128,87084146,128,10
5358938004,mqpp_4_1024_128,86227862,128,10
6124014514,mqpp_4_1024_128,86582938,128,10
5509119454,mqpp_4_1024_256,86520522,128,10
7972728782,mqpp_4_1024_256,87199014,128,10
6647578504,mqpp_4_1024_256,86809017,128,10
6066619730,mqpp_4_1024_256,86559188,128,10
6585674794,mqpp_4_1024_256,86851633,128,10
6529695018,mqpp_4_1024_512,87555531,128,10
6738959278,mqpp_4_1024_512,88415665,128,10
5513437724,mqpp_4_1024_512,87579897,128,10
6465100806,mqpp_4_1024_512,86912675,128,10
6239831024,mqpp_4_1024_512,88215508,128,10
6449518296,mqpp_4_1024_1024,89202680,128,10
7052523778,mqpp_4_1024_1024,87910252,128,10
5270285582,mqpp_4_1024_1024,87484919,128,10
5598928468,mqpp_4_1024_1024,87792208,128,10
7284384032,mqpp_4_1024_1024,88977778,128,10
