117993480,slsmqhm_1_1,6329963,256
120086960,slsmqhm_1_1,6330682,256
117997420,slsmqhm_1_1,6321874,256
117435160,slsmqhm_1_1,6317992,256
115917100,slsmqhm_1_1,6330034,256
135322020,slsmqhm_1_2,6336461,256
121882840,slsmqhm_1_2,6328852,256
133533920,slsmqhm_1_2,6340004,256
129391600,slsmqhm_1_2,6333651,256
121634260,slsmqhm_1_2,6336756,256
132198100,slsmqhm_1_4,6375551,256
147033160,slsmqhm_1_4,6363204,256
164359040,slsmqhm_1_4,6367761,256
149713000,slsmqhm_1_4,6368322,256
134506380,slsmqhm_1_4,6361721,256
150558800,slsmqhm_1_8,6420764,256
138437420,slsmqhm_1_8,6418709,256
139264960,slsmqhm_1_8,6414971,256
139614100,slsmqhm_1_8,6418534,256
139933220,slsmqhm_1_8,6402365,256
140517820,slsmqhm_1_16,6475307,256
141043320,slsmqhm_1_16,6481353,256
140187500,slsmqhm_1_16,6467813,256
140591520,slsmqhm_1_16,6456933,256
141738260,slsmqhm_1_16,6476740,256
139903560,slsmqhm_1_32,6502811,256
140838500,slsmqhm_1_32,6517364,256
140060620,slsmqhm_1_32,6520250,256
140365460,slsmqhm_1_32,6509105,256
140970360,slsmqhm_1_32,6527778,256
140549320,slsmqhm_1_64,6533037,256
140778600,slsmqhm_1_64,6519563,256
140158620,slsmqhm_1_64,6524356,256
139966100,slsmqhm_1_64,6531287,256
141231260,slsmqhm_1_64,6513400,256
138820820,slsmqhm_1_128,6513497,256
140173200,slsmqhm_1_128,6518014,256
140140300,slsmqhm_1_128,6523493,256
140745540,slsmqhm_1_128,6523399,256
139660820,slsmqhm_1_128,6516797,256
141702660,slsmqhm_1_256,6513189,256
142354800,slsmqhm_1_256,6519442,256
141384480,slsmqhm_1_256,6520633,256
139576700,slsmqhm_1_256,6524266,256
140852240,slsmqhm_1_256,6525769,256
139680340,slsmqhm_1_512,6522015,256
143214360,slsmqhm_1_512,6531810,256
141784440,slsmqhm_1_512,6511146,256
140915160,slsmqhm_1_512,6510364,256
140156320,slsmqhm_1_512,6521188,256
139783680,slsmqhm_1_1024,6538982,256
139565160,slsmqhm_1_1024,6526738,256
139589360,slsmqhm_1_1024,6536118,256
140682840,slsmqhm_1_1024,6527975,256
140328060,slsmqhm_1_1024,6518834,256
94191600,slsmqhm_2_1,6447911,256
95161780,slsmqhm_2_1,6438242,256
93140060,slsmqhm_2_1,6442194,256
94387180,slsmqhm_2_1,6448512,256
94593400,slsmqhm_2_1,6451073,256
99181380,slsmqhm_2_2,6418201,256
98348760,slsmqhm_2_2,6425565,256
98653120,slsmqhm_2_2,6411109,256
99468800,slsmqhm_2_2,6419262,256
99543580,slsmqhm_2_2,6426960,256
109285400,slsmqhm_2_4,6468388,256
108446720,slsmqhm_2_4,6465377,256
109870240,slsmqhm_2_4,6462978,256
108687280,slsmqhm_2_4,6469547,256
108763540,slsmqhm_2_4,6477414,256
118970300,slsmqhm_2_8,6552250,256
118386060,slsmqhm_2_8,6565133,256
118613480,slsmqhm_2_8,6570255,256
118675200,slsmqhm_2_8,6558081,256
120556000,slsmqhm_2_8,6539953,256
126089800,slsmqhm_2_16,6693881,256
124354500,slsmqhm_2_16,6693094,256
123222500,slsmqhm_2_16,6677545,256
125355020,slsmqhm_2_16,6701746,256
122989760,slsmqhm_2_16,6674272,256
125165760,slsmqhm_2_32,6816133,256
126269700,slsmqhm_2_32,6786087,256
127332540,slsmqhm_2_32,6794348,256
126018620,slsmqhm_2_32,6801430,256
124335920,slsmqhm_2_32,6791482,256
129230240,slsmqhm_2_64,6834356,256
127103640,slsmqhm_2_64,6844087,256
127278020,slsmqhm_2_64,6811417,256
126590360,slsmqhm_2_64,6815999,256
125826620,slsmqhm_2_64,6825698,256
126882620,slsmqhm_2_128,6833215,256
126076700,slsmqhm_2_128,6834780,256
125650480,slsmqhm_2_128,6839522,256
125913320,slsmqhm_2_128,6818394,256
126456580,slsmqhm_2_128,6832742,256
127669220,slsmqhm_2_256,6817921,256
127663080,slsmqhm_2_256,6834447,256
127271600,slsmqhm_2_256,6810206,256
126152800,slsmqhm_2_256,6841595,256
125233360,slsmqhm_2_256,6812966,256
126859980,slsmqhm_2_512,6822801,256
126272900,slsmqhm_2_512,6816135,256
127735800,slsmqhm_2_512,6803060,256
126159420,slsmqhm_2_512,6834986,256
126424740,slsmqhm_2_512,6813673,256
126727260,slsmqhm_2_1024,6816261,256
125647860,slsmqhm_2_1024,6836960,256
126027760,slsmqhm_2_1024,6813949,256
125166580,slsmqhm_2_1024,6809231,256
124204980,slsmqhm_2_1024,6818873,256
82682700,slsmqhm_4_1,6899471,256
82550120,slsmqhm_4_1,6911876,256
83176520,slsmqhm_4_1,6902133,256
81884000,slsmqhm_4_1,6912192,256
83819320,slsmqhm_4_1,6885206,256
85544080,slsmqhm_4_2,6642705,256
85942740,slsmqhm_4_2,6636362,256
85763800,slsmqhm_4_2,6625089,256
86165500,slsmqhm_4_2,6616246,256
86081160,slsmqhm_4_2,6641083,256
93251780,slsmqhm_4_4,6673980,256
92005160,slsmqhm_4_4,6642777,256
92246000,slsmqhm_4_4,6655065,256
93028200,slsmqhm_4_4,6657062,256
92229400,slsmqhm_4_4,6644233,256
104416100,slsmqhm_4_8,6802042,256
105585640,slsmqhm_4_8,6840353,256
116384500,slsmqhm_4_8,6828717,256
159548000,slsmqhm_4_8,6870031,256
102803800,slsmqhm_4_8,6823134,256
116161980,slsmqhm_4_16,7127447,256
116620600,slsmqhm_4_16,7154256,256
115322220,slsmqhm_4_16,7164377,256
128643820,slsmqhm_4_16,7116653,256
116002220,slsmqhm_4_16,7134758,256
119233100,slsmqhm_4_32,7416934,256
120679820,slsmqhm_4_32,7429821,256
120961440,slsmqhm_4_32,7442596,256
120142840,slsmqhm_4_32,7428808,256
120913020,slsmqhm_4_32,7429829,256
121589620,slsmqhm_4_64,7488617,256
121680860,slsmqhm_4_64,7519129,256
122568640,slsmqhm_4_64,7553531,256
120280020,slsmqhm_4_64,7529966,256
119258320,slsmqhm_4_64,7508777,256
122706160,slsmqhm_4_128,7497883,256
121671940,slsmqhm_4_128,7471245,256
122531500,slsmqhm_4_128,7488770,256
120215240,slsmqhm_4_128,7501218,256
121702940,slsmqhm_4_128,7510561,256
121045760,slsmqhm_4_256,7485298,256
122157580,slsmqhm_4_256,7519158,256
122087620,slsmqhm_4_256,7502693,256
120427460,slsmqhm_4_256,7509254,256
121480200,slsmqhm_4_256,7528709,256
124375240,slsmqhm_4_512,7513274,256
121450360,slsmqhm_4_512,7513632,256
121977400,slsmqhm_4_512,7490167,256
121261000,slsmqhm_4_512,7540546,256
121705740,slsmqhm_4_512,7480596,256
121502280,slsmqhm_4_1024,7494922,256
123974680,slsmqhm_4_1024,7539975,256
121138500,slsmqhm_4_1024,7494592,256
121944120,slsmqhm_4_1024,7479143,256
121783460,slsmqhm_4_1024,7511171,256
83492600,slsmqhm_8_1,8414488,256
82966420,slsmqhm_8_1,8367066,256
81291520,slsmqhm_8_1,8418790,256
82746980,slsmqhm_8_1,8482038,256
82309020,slsmqhm_8_1,8386309,256
79205540,slsmqhm_8_2,7299604,256
79476120,slsmqhm_8_2,7290612,256
78824480,slsmqhm_8_2,7277460,256
78552760,slsmqhm_8_2,7312821,256
80340900,slsmqhm_8_2,7272365,256
86048880,slsmqhm_8_4,7044302,256
84656840,slsmqhm_8_4,7060757,256
85705180,slsmqhm_8_4,7049266,256
85804100,slsmqhm_8_4,7072345,256
84783660,slsmqhm_8_4,7078496,256
95193500,slsmqhm_8_8,7288978,256
96288200,slsmqhm_8_8,7312214,256
93844540,slsmqhm_8_8,7277167,256
96115900,slsmqhm_8_8,7345797,256
98468540,slsmqhm_8_8,7279685,256
129203280,slsmqhm_8_16,7886842,256
109928460,slsmqhm_8_16,7906816,256
108827340,slsmqhm_8_16,7918979,256
109993060,slsmqhm_8_16,7933414,256
108914860,slsmqhm_8_16,7904398,256
124722380,slsmqhm_8_32,8598384,256
122550560,slsmqhm_8_32,8582173,256
122414720,slsmqhm_8_32,8599880,256
121452500,slsmqhm_8_32,8520801,256
121800320,slsmqhm_8_32,8540360,256
125674320,slsmqhm_8_64,8785123,256
125966820,slsmqhm_8_64,8915543,256
125755580,slsmqhm_8_64,8803206,256
125670400,slsmqhm_8_64,8818447,256
124294700,slsmqhm_8_64,8856015,256
127223060,slsmqhm_8_128,8881920,256
126995780,slsmqhm_8_128,8866782,256
126322980,slsmqhm_8_128,8939272,256
127275260,slsmqhm_8_128,8862489,256
127984140,slsmqhm_8_128,8872163,256
126733640,slsmqhm_8_256,8882812,256
125235080,slsmqhm_8_256,8838246,256
125542220,slsmqhm_8_256,8868540,256
124262180,slsmqhm_8_256,8957706,256
126052280,slsmqhm_8_256,8832679,256
129659000,slsmqhm_8_512,8917422,256
126898360,slsmqhm_8_512,8815300,256
128568940,slsmqhm_8_512,8876957,256
127984140,slsmqhm_8_512,8836098,256
127872040,slsmqhm_8_512,8874038,256
128154680,slsmqhm_8_1024,8908199,256
127840880,slsmqhm_8_1024,8814203,256
128178300,slsmqhm_8_1024,8892310,256
127962900,slsmqhm_8_1024,8893637,256
126936420,slsmqhm_8_1024,8845812,256
94455400,slsmqhm_16_1,11397638,256
93879000,slsmqhm_16_1,11397730,256
95054520,slsmqhm_16_1,11283535,256
96980340,slsmqhm_16_1,11431380,256
98703980,slsmqhm_16_1,11621421,256
83797280,slsmqhm_16_2,8997440,256
81882520,slsmqhm_16_2,8941555,256
82064900,slsmqhm_16_2,8865401,256
82487760,slsmqhm_16_2,8938970,256
82633100,slsmqhm_16_2,8998700,256
82312180,slsmqhm_16_4,7960906,256
82543240,slsmqhm_16_4,7953009,256
81811220,slsmqhm_16_4,8066575,256
80107560,slsmqhm_16_4,7911585,256
81345020,slsmqhm_16_4,7967359,256
87830140,slsmqhm_16_8,8117735,256
91254420,slsmqhm_16_8,8092746,256
89591940,slsmqhm_16_8,8043389,256
90230220,slsmqhm_16_8,8111728,256
90153940,slsmqhm_16_8,8049959,256
111471460,slsmqhm_16_16,9035413,256
115948440,slsmqhm_16_16,8882110,256
109423300,slsmqhm_16_16,8974726,256
108652380,slsmqhm_16_16,9050405,256
109438800,slsmqhm_16_16,9011151,256
130738600,slsmqhm_16_32,10242439,256
131756620,slsmqhm_16_32,10367950,256
128689860,slsmqhm_16_32,10286443,256
130105040,slsmqhm_16_32,10308056,256
131513940,slsmqhm_16_32,10365791,256
140809400,slsmqhm_16_64,11131151,256
142310380,slsmqhm_16_64,11188792,256
140562100,slsmqhm_16_64,11096921,256
139799140,slsmqhm_16_64,10926756,256
140567940,slsmqhm_16_64,11094913,256
143764180,slsmqhm_16_128,11253658,256
142821120,slsmqhm_16_128,11191383,256
142602320,slsmqhm_16_128,11156253,256
139901740,slsmqhm_16_128,11046364,256
140166760,slsmqhm_16_128,11161107,256
143679080,slsmqhm_16_256,11316884,256
145098880,slsmqhm_16_256,11344277,256
144348760,slsmqhm_16_256,11274243,256
142884720,slsmqhm_16_256,11171700,256
143285220,slsmqhm_16_256,11261920,256
142508580,slsmqhm_16_512,11147753,256
143118900,slsmqhm_16_512,11258485,256
143447280,slsmqhm_16_512,11278861,256
143255120,slsmqhm_16_512,11301904,256
143044580,slsmqhm_16_512,11193846,256
142987720,slsmqhm_16_1024,11275301,256
144256920,slsmqhm_16_1024,11167280,256
141113180,slsmqhm_16_1024,11114389,256
142275920,slsmqhm_16_1024,11185492,256
147033780,slsmqhm_16_1024,11271663,256
116434300,slsmqhm_32_1,16222902,256
122844580,slsmqhm_32_1,16820437,256
119868480,slsmqhm_32_1,16396813,256
119231120,slsmqhm_32_1,16743766,256
118338700,slsmqhm_32_1,16570534,256
95578420,slsmqhm_32_2,12077150,256
94454040,slsmqhm_32_2,11871799,256
95834100,slsmqhm_32_2,12134143,256
96016860,slsmqhm_32_2,12066907,256
95829940,slsmqhm_32_2,12030806,256
114437020,slsmqhm_32_4,9725468,256
87828040,slsmqhm_32_4,9682527,256
86586740,slsmqhm_32_4,9769028,256
85766060,slsmqhm_32_4,9813698,256
87339940,slsmqhm_32_4,9668490,256
90638720,slsmqhm_32_8,9342173,256
90186620,slsmqhm_32_8,9281591,256
89275680,slsmqhm_32_8,9331640,256
87506800,slsmqhm_32_8,9249077,256
88455240,slsmqhm_32_8,9290383,256
131607060,slsmqhm_32_16,10297270,256
107586700,slsmqhm_32_16,10311636,256
106507300,slsmqhm_32_16,10361500,256
107482320,slsmqhm_32_16,10293138,256
107329820,slsmqhm_32_16,10300717,256
141388080,slsmqhm_32_32,12536489,256
138224920,slsmqhm_32_32,12431266,256
139808460,slsmqhm_32_32,12620979,256
140425560,slsmqhm_32_32,12623899,256
139874140,slsmqhm_32_32,12610903,256
162060840,slsmqhm_32_64,14303781,256
165624140,slsmqhm_32_64,14563777,256
162868260,slsmqhm_32_64,14166198,256
165174660,slsmqhm_32_64,14485915,256
164350920,slsmqhm_32_64,14392028,256
171102100,slsmqhm_32_128,14704454,256
175646960,slsmqhm_32_128,15185842,256
171869140,slsmqhm_32_128,15053268,256
178310680,slsmqhm_32_128,15255303,256
174695100,slsmqhm_32_128,15241657,256
177884220,slsmqhm_32_256,15339989,256
173026480,slsmqhm_32_256,14851846,256
176921460,slsmqhm_32_256,15139463,256
176572700,slsmqhm_32_256,14996841,256
171388220,slsmqhm_32_256,14919626,256
172344400,slsmqhm_32_512,15116264,256
168658820,slsmqhm_32_512,14694409,256
170759520,slsmqhm_32_512,14882574,256
176748720,slsmqhm_32_512,15313640,256
169825560,slsmqhm_32_512,14831115,256
172151760,slsmqhm_32_1024,15008232,256
170632560,slsmqhm_32_1024,14949888,256
168039940,slsmqhm_32_1024,14666232,256
169472320,slsmqhm_32_1024,14838676,256
174283120,slsmqhm_32_1024,15364296,256
147298500,slsmqhm_64_1,23388286,256
153037180,slsmqhm_64_1,23818376,256
151970380,slsmqhm_64_1,23732735,256
150102740,slsmqhm_64_1,23322190,256
153344400,slsmqhm_64_1,23900184,256
121220040,slsmqhm_64_2,17352541,256
122756700,slsmqhm_64_2,16923361,256
124922700,slsmqhm_64_2,17446688,256
122163620,slsmqhm_64_2,17503236,256
118776080,slsmqhm_64_2,16851035,256
99264260,slsmqhm_64_4,13051553,256
100127060,slsmqhm_64_4,13215696,256
98583840,slsmqhm_64_4,12882824,256
97728380,slsmqhm_64_4,12763733,256
98209440,slsmqhm_64_4,13052781,256
93208720,slsmqhm_64_8,11249622,256
95625160,slsmqhm_64_8,11295612,256
97018860,slsmqhm_64_8,11269898,256
93716980,slsmqhm_64_8,11069685,256
95177680,slsmqhm_64_8,11271222,256
109368700,slsmqhm_64_16,11914801,256
109156840,slsmqhm_64_16,11987332,256
109630400,slsmqhm_64_16,11916783,256
109176820,slsmqhm_64_16,11993631,256
109914200,slsmqhm_64_16,12157571,256
142398680,slsmqhm_64_32,14791044,256
145104340,slsmqhm_64_32,14755197,256
142605300,slsmqhm_64_32,14859609,256
143190240,slsmqhm_64_32,14845251,256
141062220,slsmqhm_64_32,14701815,256
181678680,slsmqhm_64_64,17938089,256
186803500,slsmqhm_64_64,18069751,256
186640540,slsmqhm_64_64,18068760,256
189456080,slsmqhm_64_64,18377198,256
184277920,slsmqhm_64_64,18166989,256
211264900,slsmqhm_64_128,20369219,256
214306580,slsmqhm_64_128,20578502,256
213617160,slsmqhm_64_128,20524684,256
210092900,slsmqhm_64_128,20157577,256
214520400,slsmqhm_64_128,20744847,256
218623340,slsmqhm_64_256,20948391,256
210610340,slsmqhm_64_256,20515636,256
217177680,slsmqhm_64_256,20667842,256
260782100,slsmqhm_64_256,22044367,256
229500120,slsmqhm_64_256,20411499,256
231354320,slsmqhm_64_512,20996529,256
221094000,slsmqhm_64_512,21041856,256
220940320,slsmqhm_64_512,20773004,256
229788760,slsmqhm_64_512,20796442,256
224910020,slsmqhm_64_512,21272290,256
225599380,slsmqhm_64_1024,21484128,256
214454780,slsmqhm_64_1024,20322677,256
212076060,slsmqhm_64_1024,20574313,256
212723120,slsmqhm_64_1024,20300156,256
215719060,slsmqhm_64_1024,20924779,256
207260740,slsmqhm_128_1,34439422,256
230849500,slsmqhm_128_1,35603765,256
213429780,slsmqhm_128_1,36036922,256
218849440,slsmqhm_128_1,34876960,256
209702600,slsmqhm_128_1,35773675,256
157130580,slsmqhm_128_2,24447556,256
165642380,slsmqhm_128_2,26496776,256
159807200,slsmqhm_128_2,25560393,256
151482860,slsmqhm_128_2,24196235,256
150759780,slsmqhm_128_2,23795378,256
130558380,slsmqhm_128_4,18803767,256
124803180,slsmqhm_128_4,17988492,256
122916160,slsmqhm_128_4,18008221,256
128264460,slsmqhm_128_4,18213928,256
123553040,slsmqhm_128_4,18227912,256
105606620,slsmqhm_128_8,14222997,256
105161040,slsmqhm_128_8,14407503,256
105733000,slsmqhm_128_8,14153754,256
110559660,slsmqhm_128_8,15043413,256
106284180,slsmqhm_128_8,14371129,256
112548460,slsmqhm_128_16,14114152,256
112107760,slsmqhm_128_16,14094652,256
111340780,slsmqhm_128_16,14071721,256
113437340,slsmqhm_128_16,14305087,256
113217680,slsmqhm_128_16,13989951,256
147802900,slsmqhm_128_32,17308666,256
147040440,slsmqhm_128_32,17208109,256
145452540,slsmqhm_128_32,16911377,256
147303720,slsmqhm_128_32,17306780,256
143915320,slsmqhm_128_32,17035340,256
198651820,slsmqhm_128_64,22283147,256
201253760,slsmqhm_128_64,21993689,256
198621940,slsmqhm_128_64,21843221,256
207348500,slsmqhm_128_64,22414175,256
198899640,slsmqhm_128_64,22055868,256
253993300,slsmqhm_128_128,26760490,256
252827680,slsmqhm_128_128,26951640,256
243367140,slsmqhm_128_128,26275999,256
252807740,slsmqhm_128_128,27161302,256
252300260,slsmqhm_128_128,26391592,256
273553020,slsmqhm_128_256,28932789,256
274341320,slsmqhm_128_256,28966033,256
286917040,slsmqhm_128_256,29845135,256
267289860,slsmqhm_128_256,28273009,256
284005460,slsmqhm_128_256,30380888,256
278999840,slsmqhm_128_512,29141104,256
281162140,slsmqhm_128_512,29407862,256
281967160,slsmqhm_128_512,29715123,256
277881420,slsmqhm_128_512,29092540,256
253984600,slsmqhm_128_512,27335527,256
258539360,slsmqhm_128_1024,27297396,256
271168760,slsmqhm_128_1024,29023386,256
284688140,slsmqhm_128_1024,29826408,256
276160620,slsmqhm_128_1024,28848279,256
262149080,slsmqhm_128_1024,27992288,256
261623720,slsmqhm_256_1,47169327,256
260330660,slsmqhm_256_1,47002719,256
255256880,slsmqhm_256_1,45769752,256
252472200,slsmqhm_256_1,44988941,256
267415040,slsmqhm_256_1,48342129,256
209747620,slsmqhm_256_2,34376760,256
225096260,slsmqhm_256_2,34466529,256
211513400,slsmqhm_256_2,36729595,256
205762460,slsmqhm_256_2,35554939,256
205257680,slsmqhm_256_2,35858100,256
177273880,slsmqhm_256_4,25943364,256
170104640,slsmqhm_256_4,27480520,256
152596560,slsmqhm_256_4,24603017,256
175848080,slsmqhm_256_4,26455917,256
153541800,slsmqhm_256_4,25401940,256
166294760,slsmqhm_256_8,18805550,256
129768180,slsmqhm_256_8,19292382,256
129512040,slsmqhm_256_8,18983045,256
138505860,slsmqhm_256_8,20433708,256
128126040,slsmqhm_256_8,18627865,256
126837660,slsmqhm_256_16,17503698,256
126469040,slsmqhm_256_16,17384448,256
123831840,slsmqhm_256_16,17182226,256
121030940,slsmqhm_256_16,16784817,256
127638220,slsmqhm_256_16,17335141,256
147669500,slsmqhm_256_32,19691031,256
159335740,slsmqhm_256_32,19879842,256
148323460,slsmqhm_256_32,19452542,256
149353400,slsmqhm_256_32,19723711,256
151789080,slsmqhm_256_32,19800809,256
202565320,slsmqhm_256_64,25418790,256
224436320,slsmqhm_256_64,26479783,256
207809920,slsmqhm_256_64,25823444,256
221085900,slsmqhm_256_64,26012830,256
210187900,slsmqhm_256_64,26167599,256
285169920,slsmqhm_256_128,33988401,256
281202680,slsmqhm_256_128,33296817,256
311343780,slsmqhm_256_128,33655709,256
283546000,slsmqhm_256_128,34536972,256
282790620,slsmqhm_256_128,33926674,256
372344680,slsmqhm_256_256,40973133,256
361700480,slsmqhm_256_256,39364454,256
354557040,slsmqhm_256_256,39956867,256
343145180,slsmqhm_256_256,38984847,256
327160260,slsmqhm_256_256,37677391,256
369439120,slsmqhm_256_512,40536229,256
367281540,slsmqhm_256_512,41167091,256
375371660,slsmqhm_256_512,42061979,256
369131980,slsmqhm_256_512,41630570,256
372789120,slsmqhm_256_512,41394131,256
381236680,slsmqhm_256_1024,41600827,256
351088880,slsmqhm_256_1024,39154915,256
358985800,slsmqhm_256_1024,39568634,256
360143340,slsmqhm_256_1024,38278777,256
348860620,slsmqhm_256_1024,38497259,256
325958460,slsmqhm_512_1,61407672,256
304020720,slsmqhm_512_1,57075532,256
299912700,slsmqhm_512_1,56457457,256
303117200,slsmqhm_512_1,54424880,256
311481360,slsmqhm_512_1,58662400,256
291657500,slsmqhm_512_2,50562838,256
251650060,slsmqhm_512_2,45323096,256
236637280,slsmqhm_512_2,43348142,256
243888960,slsmqhm_512_2,44003429,256
248880000,slsmqhm_512_2,44654618,256
216233440,slsmqhm_512_4,37600832,256
220567240,slsmqhm_512_4,36082448,256
203891500,slsmqhm_512_4,36224235,256
203922080,slsmqhm_512_4,35326416,256
201565760,slsmqhm_512_4,35293352,256
154118640,slsmqhm_512_8,24812942,256
156806900,slsmqhm_512_8,25675810,256
155216240,slsmqhm_512_8,25537455,256
177407580,slsmqhm_512_8,28194843,256
161917740,slsmqhm_512_8,26576009,256
147417240,slsmqhm_512_16,22454114,256
146541020,slsmqhm_512_16,22194225,256
186135200,slsmqhm_512_16,22234012,256
149204400,slsmqhm_512_16,21786027,256
146436640,slsmqhm_512_16,21814534,256
200096020,slsmqhm_512_32,23004490,256
158486080,slsmqhm_512_32,22703275,256
161318400,slsmqhm_512_32,23534727,256
158960120,slsmqhm_512_32,23166145,256
180852420,slsmqhm_512_32,23250912,256
210885220,slsmqhm_512_64,29109278,256
214868600,slsmqhm_512_64,29406905,256
208882980,slsmqhm_512_64,29424643,256
213890880,slsmqhm_512_64,29548708,256
206197080,slsmqhm_512_64,28905921,256
295431000,slsmqhm_512_128,40034308,256
298098280,slsmqhm_512_128,40087146,256
312873740,slsmqhm_512_128,41233291,256
303140260,slsmqhm_512_128,40038579,256
292835500,slsmqhm_512_128,38801492,256
373769920,slsmqhm_512_256,47177018,256
395193920,slsmqhm_512_256,49440662,256
393010860,slsmqhm_512_256,49171458,256
391060600,slsmqhm_512_256,49075120,256
353863320,slsmqhm_512_256,45996880,256
444930760,slsmqhm_512_512,52758680,256
454740860,slsmqhm_512_512,53909905,256
416140020,slsmqhm_512_512,50747310,256
425990400,slsmqhm_512_512,51504874,256
432994160,slsmqhm_512_512,51612155,256
385469380,slsmqhm_512_1024,48152460,256
456164640,slsmqhm_512_1024,54907027,256
437028360,slsmqhm_512_1024,52372148,256
418105860,slsmqhm_512_1024,49982359,256
453742840,slsmqhm_512_1024,53960726,256
395712880,slsmqhm_1024_1,75890801,256
365598780,slsmqhm_1024_1,70193002,256
372387760,slsmqhm_1024_1,72075057,256
359951300,slsmqhm_1024_1,68725133,256
339869040,slsmqhm_1024_1,64807439,256
297422220,slsmqhm_1024_2,55656159,256
307889520,slsmqhm_1024_2,56448904,256
305927840,slsmqhm_1024_2,57061495,256
315285660,slsmqhm_1024_2,58798272,256
312444180,slsmqhm_1024_2,58033808,256
264425800,slsmqhm_1024_4,48583541,256
258957720,slsmqhm_1024_4,47040261,256
237816140,slsmqhm_1024_4,42690182,256
254738060,slsmqhm_1024_4,46110158,256
245209000,slsmqhm_1024_4,44594013,256
206668500,slsmqhm_1024_8,36175491,256
213550640,slsmqhm_1024_8,37604962,256
195009320,slsmqhm_1024_8,33920379,256
210397480,slsmqhm_1024_8,37055485,256
204339980,slsmqhm_1024_8,35475807,256
180053440,slsmqhm_1024_16,28204461,256
177307280,slsmqhm_1024_16,29821994,256
175156120,slsmqhm_1024_16,28384086,256
195986860,slsmqhm_1024_16,28421529,256
201545720,slsmqhm_1024_16,29061292,256
184557400,slsmqhm_1024_32,27734700,256
173469520,slsmqhm_1024_32,27366908,256
170948260,slsmqhm_1024_32,26981244,256
184745480,slsmqhm_1024_32,27309686,256
184514060,slsmqhm_1024_32,27005364,256
214088140,slsmqhm_1024_64,33101872,256
212603560,slsmqhm_1024_64,32566007,256
220585300,slsmqhm_1024_64,33912163,256
217017240,slsmqhm_1024_64,33574709,256
214146660,slsmqhm_1024_64,33271610,256
310750760,slsmqhm_1024_128,46118089,256
323904360,slsmqhm_1024_128,45775342,256
315767460,slsmqhm_1024_128,46893012,256
312359080,slsmqhm_1024_128,46535425,256
297220680,slsmqhm_1024_128,44066572,256
416265040,slsmqhm_1024_256,56161018,256
413484580,slsmqhm_1024_256,56339128,256
417690040,slsmqhm_1024_256,57987502,256
396348200,slsmqhm_1024_256,55655673,256
398455200,slsmqhm_1024_256,54677064,256
484301640,slsmqhm_1024_512,63133687,256
465096200,slsmqhm_1024_512,61222041,256
480722640,slsmqhm_1024_512,61814562,256
442377680,slsmqhm_1024_512,58530573,256
489451200,slsmqhm_1024_512,63128620,256
514679460,slsmqhm_1024_1024,64063639,256
461316720,slsmqhm_1024_1024,59401291,256
501921780,slsmqhm_1024_1024,64003405,256
468719300,slsmqhm_1024_1024,60636576,256
537428400,slsmqhm_1024_1024,66694419,256
