4778276440,slsmqhm_1_1,44976647,256
4752031180,slsmqhm_1_1,45429855,256
4754258300,slsmqhm_1_1,45558202,256
4720583880,slsmqhm_1_1,45033378,256
4601022200,slsmqhm_1_1,45412151,256
4644746240,slsmqhm_1_2,44222174,256
4674714360,slsmqhm_1_2,44038182,256
4944056500,slsmqhm_1_2,43960837,256
4683690100,slsmqhm_1_2,43940216,256
4589935440,slsmqhm_1_2,44377015,256
4282096940,slsmqhm_1_4,43261966,256
4580708740,slsmqhm_1_4,42991159,256
4656568800,slsmqhm_1_4,42862183,256
4250279400,slsmqhm_1_4,42925217,256
4169426600,slsmqhm_1_4,42939642,256
5930218060,slsmqhm_1_8,42353387,256
4486298520,slsmqhm_1_8,42230519,256
4644122300,slsmqhm_1_8,42142295,256
4414084380,slsmqhm_1_8,42129230,256
4518688220,slsmqhm_1_8,42144640,256
4655512540,slsmqhm_1_16,41717768,256
4549262940,slsmqhm_1_16,41537233,256
4563117620,slsmqhm_1_16,41572156,256
4835109340,slsmqhm_1_16,41348885,256
4664426040,slsmqhm_1_16,41570308,256
5998751460,slsmqhm_1_32,41823319,256
5721557600,slsmqhm_1_32,41650849,256
5928945660,slsmqhm_1_32,41391814,256
4530717860,slsmqhm_1_32,41417896,256
4750199440,slsmqhm_1_32,41229014,256
7748097540,slsmqhm_1_64,42062489,256
5169850980,slsmqhm_1_64,41781745,256
6552292740,slsmqhm_1_64,41606813,256
5109911180,slsmqhm_1_64,41665752,256
4482270300,slsmqhm_1_64,41388838,256
6462057560,slsmqhm_1_128,41923405,256
4677521600,slsmqhm_1_128,41632407,256
7001269140,slsmqhm_1_128,41975844,256
8640815600,slsmqhm_1_128,42276030,256
7107083580,slsmqhm_1_128,42617198,256
5461093700,slsmqhm_1_256,41636874,256
5106824760,slsmqhm_1_256,41457552,256
6352047500,slsmqhm_1_256,43596982,256
6246893780,slsmqhm_1_256,43499381,256
6340237220,slsmqhm_1_256,43110656,256
7149087580,slsmqhm_1_512,44575867,256
7246490940,slsmqhm_1_512,42844457,256
6744190020,slsmqhm_1_512,42473046,256
4890520940,slsmqhm_1_512,42556093,256
6973709400,slsmqhm_1_512,42089840,256
7431551140,slsmqhm_1_1024,46712909,256
6506350920,slsmqhm_1_1024,44256041,256
6614148880,slsmqhm_1_1024,46535560,256
8981654700,slsmqhm_1_1024,43171892,256
5821921880,slsmqhm_1_1024,41848526,256
4869768240,slsmqhm_2_1,47752435,256
4715525740,slsmqhm_2_1,48226809,256
4467173480,slsmqhm_2_1,47465049,256
4871383840,slsmqhm_2_1,47582024,256
4699229480,slsmqhm_2_1,47941617,256
4807660280,slsmqhm_2_2,45588434,256
5462087980,slsmqhm_2_2,45750244,256
4621536000,slsmqhm_2_2,46146987,256
5811341660,slsmqhm_2_2,45037085,256
5310897180,slsmqhm_2_2,45888413,256
4477013300,slsmqhm_2_4,44458324,256
4499413360,slsmqhm_2_4,44625479,256
4509497260,slsmqhm_2_4,44827595,256
4285567420,slsmqhm_2_4,44687954,256
4567426520,slsmqhm_2_4,44246308,256
4374927760,slsmqhm_2_8,43763170,256
4209081720,slsmqhm_2_8,43780731,256
4169661680,slsmqhm_2_8,43660881,256
4646512860,slsmqhm_2_8,43381550,256
6086622400,slsmqhm_2_8,43411677,256
4638830920,slsmqhm_2_16,42769980,256
4138772820,slsmqhm_2_16,42500104,256
4405903060,slsmqhm_2_16,42374024,256
4974782860,slsmqhm_2_16,42667628,256
4230738060,slsmqhm_2_16,42216462,256
4638987920,slsmqhm_2_32,42599873,256
4597051800,slsmqhm_2_32,42245150,256
4544558740,slsmqhm_2_32,42251024,256
4483101320,slsmqhm_2_32,41972857,256
4507138780,slsmqhm_2_32,42035357,256
4810147120,slsmqhm_2_64,41907779,256
5416599240,slsmqhm_2_64,42031352,256
4850777340,slsmqhm_2_64,41755021,256
4787289340,slsmqhm_2_64,42217322,256
6595658060,slsmqhm_2_64,42391451,256
6171551680,slsmqhm_2_128,43660605,256
6592515280,slsmqhm_2_128,41974433,256
5184556020,slsmqhm_2_128,42112719,256
5329660140,slsmqhm_2_128,42407890,256
5058761580,slsmqhm_2_128,41760223,256
7323545840,slsmqhm_2_256,45225191,256
6132712540,slsmqhm_2_256,42600561,256
5825984200,slsmqhm_2_256,42694313,256
6364734620,slsmqhm_2_256,42404172,256
5457523860,slsmqhm_2_256,42513905,256
5945268080,slsmqhm_2_512,43118918,256
5993291460,slsmqhm_2_512,43183600,256
6358105980,slsmqhm_2_512,43222245,256
6744608320,slsmqhm_2_512,45203027,256
7230511240,slsmqhm_2_512,42892774,256
5234113220,slsmqhm_2_1024,43075504,256
6345356820,slsmqhm_2_1024,43521824,256
6981865020,slsmqhm_2_1024,44797962,256
6478111400,slsmqhm_2_1024,44012116,256
6875796760,slsmqhm_2_1024,45784391,256
4688132600,slsmqhm_4_1,50498291,256
5366373400,slsmqhm_4_1,51141553,256
5667407860,slsmqhm_4_1,52332049,256
4775671460,slsmqhm_4_1,51536112,256
4840807080,slsmqhm_4_1,51606915,256
4724911600,slsmqhm_4_2,49436448,256
4982890320,slsmqhm_4_2,48462767,256
4656521180,slsmqhm_4_2,48747212,256
5570561460,slsmqhm_4_2,49194780,256
4986282640,slsmqhm_4_2,48861038,256
4586717060,slsmqhm_4_4,46674790,256
4552521380,slsmqhm_4_4,46870076,256
4699717540,slsmqhm_4_4,46634345,256
4406045700,slsmqhm_4_4,46914478,256
4434151200,slsmqhm_4_4,46670051,256
4661786280,slsmqhm_4_8,45572126,256
4191072380,slsmqhm_4_8,45334260,256
4286057040,slsmqhm_4_8,45360424,256
4570715840,slsmqhm_4_8,45933430,256
4488704860,slsmqhm_4_8,45207666,256
4059529120,slsmqhm_4_16,44212272,256
4109512080,slsmqhm_4_16,44460991,256
4086624000,slsmqhm_4_16,44293154,256
5562241660,slsmqhm_4_16,44717840,256
4210935960,slsmqhm_4_16,43933851,256
4164618600,slsmqhm_4_32,43392258,256
5099772140,slsmqhm_4_32,43738716,256
4779413880,slsmqhm_4_32,43996108,256
5134368480,slsmqhm_4_32,45306965,256
5325797140,slsmqhm_4_32,43879673,256
5694408600,slsmqhm_4_64,43840258,256
6162029760,slsmqhm_4_64,42964866,256
6152034120,slsmqhm_4_64,43772110,256
5755926040,slsmqhm_4_64,44102808,256
4700040480,slsmqhm_4_64,42898648,256
5369694040,slsmqhm_4_128,42250738,256
6557335300,slsmqhm_4_128,43084844,256
5530214520,slsmqhm_4_128,43353808,256
6008295300,slsmqhm_4_128,44060622,256
6982669660,slsmqhm_4_128,43111982,256
6119814900,slsmqhm_4_256,42839704,256
5279199200,slsmqhm_4_256,43647340,256
7501923680,slsmqhm_4_256,43070434,256
6048525900,slsmqhm_4_256,43565989,256
5245508740,slsmqhm_4_256,42679024,256
5564625000,slsmqhm_4_512,43264393,256
6583943240,slsmqhm_4_512,45614194,256
6200649320,slsmqhm_4_512,44914978,256
7471685040,slsmqhm_4_512,43507385,256
6108496120,slsmqhm_4_512,44091758,256
6127006460,slsmqhm_4_1024,43115200,256
5893554440,slsmqhm_4_1024,45360268,256
8015664460,slsmqhm_4_1024,47144864,256
6064797200,slsmqhm_4_1024,45861105,256
5425671720,slsmqhm_4_1024,43423571,256
4810509100,slsmqhm_8_1,57243135,256
4804509800,slsmqhm_8_1,55629681,256
4784713780,slsmqhm_8_1,56099031,256
5187724180,slsmqhm_8_1,56885959,256
4827651800,slsmqhm_8_1,56931070,256
4879208300,slsmqhm_8_2,53953631,256
5257042920,slsmqhm_8_2,52571897,256
4814042800,slsmqhm_8_2,52770892,256
4786956860,slsmqhm_8_2,53425342,256
5404760900,slsmqhm_8_2,52135336,256
4888060980,slsmqhm_8_4,50045969,256
4865707660,slsmqhm_8_4,49021116,256
5208294600,slsmqhm_8_4,49389018,256
4676764140,slsmqhm_8_4,49027351,256
4920531980,slsmqhm_8_4,49858091,256
5120966200,slsmqhm_8_8,47706435,256
4520410560,slsmqhm_8_8,47969168,256
4545441520,slsmqhm_8_8,48291460,256
4475539220,slsmqhm_8_8,48177903,256
6157299540,slsmqhm_8_8,48090733,256
5185134940,slsmqhm_8_16,46221401,256
4095737300,slsmqhm_8_16,46669755,256
4107471580,slsmqhm_8_16,45242306,256
6470950580,slsmqhm_8_16,45755769,256
4517134760,slsmqhm_8_16,47114511,256
3953849140,slsmqhm_8_32,45774265,256
3930193320,slsmqhm_8_32,44578150,256
4124520400,slsmqhm_8_32,44998023,256
5047764320,slsmqhm_8_32,45347117,256
4297639280,slsmqhm_8_32,45664487,256
4862394620,slsmqhm_8_64,44415455,256
4981403320,slsmqhm_8_64,44985434,256
5140253920,slsmqhm_8_64,46836202,256
5275272820,slsmqhm_8_64,45856337,256
5210760360,slsmqhm_8_64,44618593,256
7237871840,slsmqhm_8_128,44660211,256
6857612840,slsmqhm_8_128,44126564,256
6399265600,slsmqhm_8_128,44354831,256
4620858900,slsmqhm_8_128,45448113,256
5572852660,slsmqhm_8_128,44894006,256
6829747400,slsmqhm_8_256,44638476,256
6407157880,slsmqhm_8_256,43618142,256
7458620140,slsmqhm_8_256,45603718,256
6318911660,slsmqhm_8_256,44383552,256
5968349280,slsmqhm_8_256,43465599,256
6970771840,slsmqhm_8_512,45157841,256
6851063240,slsmqhm_8_512,44800769,256
6295427000,slsmqhm_8_512,44742072,256
5683489220,slsmqhm_8_512,44417699,256
5961087020,slsmqhm_8_512,44633681,256
6727061860,slsmqhm_8_1024,46859414,256
6477595880,slsmqhm_8_1024,45838188,256
7861710240,slsmqhm_8_1024,47223276,256
8173915040,slsmqhm_8_1024,46661901,256
5791814840,slsmqhm_8_1024,44315589,256
5179677840,slsmqhm_16_1,62510623,256
4832550440,slsmqhm_16_1,62706491,256
5142259620,slsmqhm_16_1,63733854,256
5579713400,slsmqhm_16_1,63219232,256
5114312260,slsmqhm_16_1,64712347,256
5270200400,slsmqhm_16_2,57686019,256
5495035960,slsmqhm_16_2,58825361,256
5517321560,slsmqhm_16_2,57686695,256
5399465420,slsmqhm_16_2,58304489,256
5320328720,slsmqhm_16_2,58320482,256
5763565060,slsmqhm_16_4,54252245,256
4966426540,slsmqhm_16_4,53744747,256
5076329760,slsmqhm_16_4,52649760,256
4654997760,slsmqhm_16_4,53933684,256
5093877400,slsmqhm_16_4,54212499,256
4459829260,slsmqhm_16_8,50136178,256
4942501620,slsmqhm_16_8,51038925,256
4956434620,slsmqhm_16_8,51978631,256
5899351180,slsmqhm_16_8,52611218,256
4563700640,slsmqhm_16_8,50308388,256
6111993060,slsmqhm_16_16,50132963,256
4398664480,slsmqhm_16_16,49393847,256
4366211040,slsmqhm_16_16,49954829,256
4787476100,slsmqhm_16_16,49217028,256
4185322160,slsmqhm_16_16,50606340,256
4493960180,slsmqhm_16_32,47885404,256
4497266840,slsmqhm_16_32,48283267,256
6461340660,slsmqhm_16_32,48242203,256
4628539020,slsmqhm_16_32,48316167,256
5051381920,slsmqhm_16_32,48001655,256
5464955540,slsmqhm_16_64,47222530,256
4240096800,slsmqhm_16_64,48150829,256
4291424100,slsmqhm_16_64,46742629,256
5171176080,slsmqhm_16_64,48153025,256
4201422680,slsmqhm_16_64,46829668,256
5219809700,slsmqhm_16_128,46642143,256
5679335580,slsmqhm_16_128,47203138,256
5212054540,slsmqhm_16_128,47261104,256
5009751420,slsmqhm_16_128,44262225,256
5054862400,slsmqhm_16_128,47440583,256
5591436200,slsmqhm_16_256,45904958,256
5846195440,slsmqhm_16_256,46473345,256
5762271420,slsmqhm_16_256,46728883,256
5534455420,slsmqhm_16_256,45519229,256
6169988040,slsmqhm_16_256,46613088,256
7046024240,slsmqhm_16_512,49381943,256
6967414560,slsmqhm_16_512,50962823,256
7511591060,slsmqhm_16_512,47650517,256
6327656820,slsmqhm_16_512,45300758,256
6712805640,slsmqhm_16_512,48476433,256
6435072740,slsmqhm_16_1024,50826627,256
6037184100,slsmqhm_16_1024,51930734,256
6183834640,slsmqhm_16_1024,53197513,256
5020980100,slsmqhm_16_1024,46135791,256
6089097620,slsmqhm_16_1024,46183407,256
5833028340,slsmqhm_32_1,73981697,256
4859281980,slsmqhm_32_1,68089835,256
5367986600,slsmqhm_32_1,67473457,256
5649102060,slsmqhm_32_1,68465947,256
5673800760,slsmqhm_32_1,67456938,256
5304758480,slsmqhm_32_2,63991524,256
5480295820,slsmqhm_32_2,64236381,256
4738315760,slsmqhm_32_2,58497776,256
5219190060,slsmqhm_32_2,62068235,256
5761698600,slsmqhm_32_2,62772285,256
5607446180,slsmqhm_32_4,58468049,256
4841561720,slsmqhm_32_4,58908360,256
4527493240,slsmqhm_32_4,59522478,256
7364127300,slsmqhm_32_4,59268690,256
5212729260,slsmqhm_32_4,59304027,256
6409359700,slsmqhm_32_8,57056598,256
5337417280,slsmqhm_32_8,56708276,256
4880504560,slsmqhm_32_8,56475312,256
5946290800,slsmqhm_32_8,57244893,256
4888083380,slsmqhm_32_8,54628437,256
5047197360,slsmqhm_32_16,53674879,256
5179421360,slsmqhm_32_16,52192885,256
5170509700,slsmqhm_32_16,52176294,256
5397913340,slsmqhm_32_16,54441698,256
4814663860,slsmqhm_32_16,54895952,256
4854384100,slsmqhm_32_32,51130944,256
4854569100,slsmqhm_32_32,49971177,256
4493211800,slsmqhm_32_32,51254555,256
5018776060,slsmqhm_32_32,53040224,256
4544462700,slsmqhm_32_32,52059700,256
4658041660,slsmqhm_32_64,50856404,256
4276764840,slsmqhm_32_64,48960340,256
4043121860,slsmqhm_32_64,48887920,256
4226979680,slsmqhm_32_64,50978824,256
5888269620,slsmqhm_32_64,49820435,256
5447348960,slsmqhm_32_128,50252811,256
4982557540,slsmqhm_32_128,49474715,256
5542049460,slsmqhm_32_128,48758568,256
4541352160,slsmqhm_32_128,48704869,256
4909691100,slsmqhm_32_128,48985174,256
5137811060,slsmqhm_32_256,50290028,256
5751459300,slsmqhm_32_256,50495298,256
5770593560,slsmqhm_32_256,51180547,256
4465220760,slsmqhm_32_256,49335327,256
5195954260,slsmqhm_32_256,50091642,256
6317607800,slsmqhm_32_512,49608560,256
5821329760,slsmqhm_32_512,52775539,256
5546193340,slsmqhm_32_512,50122048,256
6367766960,slsmqhm_32_512,49040635,256
5690984500,slsmqhm_32_512,50103136,256
5813158280,slsmqhm_32_1024,52937939,256
6319607320,slsmqhm_32_1024,52769849,256
5734721300,slsmqhm_32_1024,48958627,256
6264025060,slsmqhm_32_1024,47433543,256
5570182340,slsmqhm_32_1024,48913840,256
7645517200,slsmqhm_64_1,74431719,256
5462266240,slsmqhm_64_1,69110450,256
5508854600,slsmqhm_64_1,72561972,256
5156108040,slsmqhm_64_1,73145212,256
5245275260,slsmqhm_64_1,72528086,256
4920784060,slsmqhm_64_2,68963809,256
5309411760,slsmqhm_64_2,66768149,256
5231372280,slsmqhm_64_2,69716381,256
5385094040,slsmqhm_64_2,69389456,256
6843301860,slsmqhm_64_2,69660566,256
5572567880,slsmqhm_64_4,62859797,256
5179134920,slsmqhm_64_4,63703274,256
5487851400,slsmqhm_64_4,64667525,256
6467902940,slsmqhm_64_4,65263979,256
4944700700,slsmqhm_64_4,63541762,256
5506124100,slsmqhm_64_8,60670871,256
5349088600,slsmqhm_64_8,61326370,256
5146507040,slsmqhm_64_8,62096862,256
5948093880,slsmqhm_64_8,61066598,256
5353255300,slsmqhm_64_8,60784788,256
4765165640,slsmqhm_64_16,58953707,256
6944173120,slsmqhm_64_16,59414320,256
4816735920,slsmqhm_64_16,58913158,256
5598295320,slsmqhm_64_16,59251564,256
4838708220,slsmqhm_64_16,56352201,256
4565122200,slsmqhm_64_32,56880205,256
5007998960,slsmqhm_64_32,54322290,256
5529293160,slsmqhm_64_32,58767325,256
4495733760,slsmqhm_64_32,56753096,256
4611852380,slsmqhm_64_32,54012266,256
6302737500,slsmqhm_64_64,53475887,256
5477317580,slsmqhm_64_64,54273447,256
4724133380,slsmqhm_64_64,54414016,256
5230930420,slsmqhm_64_64,54970414,256
4945880840,slsmqhm_64_64,52884492,256
5998532600,slsmqhm_64_128,55238688,256
6070537520,slsmqhm_64_128,54528825,256
4281483400,slsmqhm_64_128,50593929,256
6038883100,slsmqhm_64_128,51107356,256
5915973820,slsmqhm_64_128,51816471,256
5031961720,slsmqhm_64_256,53558688,256
6097574340,slsmqhm_64_256,49083163,256
5901879760,slsmqhm_64_256,52624660,256
5477702680,slsmqhm_64_256,53486418,256
4866129000,slsmqhm_64_256,53574031,256
5878380680,slsmqhm_64_512,49902456,256
6304133480,slsmqhm_64_512,53592827,256
7191098420,slsmqhm_64_512,54658871,256
6030333240,slsmqhm_64_512,53480913,256
6540528680,slsmqhm_64_512,53874981,256
6119955240,slsmqhm_64_1024,55794336,256
6421718480,slsmqhm_64_1024,56435024,256
5626140480,slsmqhm_64_1024,55883989,256
5753458420,slsmqhm_64_1024,55156123,256
5279549360,slsmqhm_64_1024,55895505,256
5723896440,slsmqhm_128_1,77757419,256
5269003160,slsmqhm_128_1,75434296,256
5878518180,slsmqhm_128_1,77488550,256
5573189480,slsmqhm_128_1,76294064,256
5985081520,slsmqhm_128_1,77360398,256
6369937220,slsmqhm_128_2,72506799,256
6387331460,slsmqhm_128_2,73907723,256
5786033900,slsmqhm_128_2,73352799,256
7746265320,slsmqhm_128_2,74295463,256
5643041200,slsmqhm_128_2,73511003,256
7838232340,slsmqhm_128_4,70721943,256
4831593500,slsmqhm_128_4,66626258,256
4889724540,slsmqhm_128_4,67206049,256
5878596640,slsmqhm_128_4,69371402,256
4944409220,slsmqhm_128_4,68268472,256
5748304800,slsmqhm_128_8,66645163,256
4553052680,slsmqhm_128_8,66236952,256
7598917640,slsmqhm_128_8,65340145,256
5852177260,slsmqhm_128_8,67207299,256
5879437420,slsmqhm_128_8,64984096,256
5119941280,slsmqhm_128_16,63419269,256
6014442700,slsmqhm_128_16,63177088,256
5911235800,slsmqhm_128_16,63265144,256
6592649900,slsmqhm_128_16,64398186,256
5949679800,slsmqhm_128_16,65055020,256
5180550000,slsmqhm_128_32,60158414,256
6851227160,slsmqhm_128_32,60989070,256
6995275120,slsmqhm_128_32,60306954,256
4433620380,slsmqhm_128_32,58256845,256
5268825680,slsmqhm_128_32,61925956,256
5919191020,slsmqhm_128_64,58267921,256
4135833300,slsmqhm_128_64,57837489,256
6383975920,slsmqhm_128_64,57494069,256
4870969640,slsmqhm_128_64,56907193,256
6544022580,slsmqhm_128_64,58793504,256
4747068340,slsmqhm_128_128,55902259,256
5452885420,slsmqhm_128_128,57680035,256
5308369460,slsmqhm_128_128,56722266,256
5605860340,slsmqhm_128_128,58385515,256
5252691320,slsmqhm_128_128,56874520,256
7072610060,slsmqhm_128_256,57189141,256
5472963920,slsmqhm_128_256,56591091,256
5689050720,slsmqhm_128_256,56214612,256
5601779080,slsmqhm_128_256,55985606,256
4645361860,slsmqhm_128_256,58492198,256
5733090560,slsmqhm_128_512,58617513,256
6690810860,slsmqhm_128_512,53990165,256
6154464260,slsmqhm_128_512,57386735,256
6429606880,slsmqhm_128_512,57685719,256
5557435860,slsmqhm_128_512,58560980,256
6657181360,slsmqhm_128_1024,58934078,256
5958832960,slsmqhm_128_1024,53752472,256
4998965440,slsmqhm_128_1024,60333123,256
3860613800,slsmqhm_128_1024,50545300,256
6742077760,slsmqhm_128_1024,58567548,256
5477571720,slsmqhm_256_1,82163210,256
6618019600,slsmqhm_256_1,92853060,256
7265678840,slsmqhm_256_1,78012401,256
6527978620,slsmqhm_256_1,79395187,256
6134410520,slsmqhm_256_1,81676541,256
7632484400,slsmqhm_256_2,80204162,256
7523257300,slsmqhm_256_2,77089246,256
6951777080,slsmqhm_256_2,76535452,256
6604660720,slsmqhm_256_2,75331060,256
6736429200,slsmqhm_256_2,76465130,256
6668381500,slsmqhm_256_4,71713732,256
5756774240,slsmqhm_256_4,71275237,256
6550723900,slsmqhm_256_4,72576093,256
5311005780,slsmqhm_256_4,71912968,256
5660318260,slsmqhm_256_4,72719756,256
5541050080,slsmqhm_256_8,71745762,256
5644839660,slsmqhm_256_8,74849526,256
5974514540,slsmqhm_256_8,70954826,256
6190645620,slsmqhm_256_8,71269396,256
4582702220,slsmqhm_256_8,70262850,256
5246366520,slsmqhm_256_16,66709802,256
5780086680,slsmqhm_256_16,68016305,256
7959555900,slsmqhm_256_16,68737935,256
5827826040,slsmqhm_256_16,64745150,256
7197967760,slsmqhm_256_16,65374737,256
7134662940,slsmqhm_256_32,66954496,256
6800863580,slsmqhm_256_32,66418118,256
6317567460,slsmqhm_256_32,64069365,256
5117888080,slsmqhm_256_32,67049829,256
5330221280,slsmqhm_256_32,64503952,256
4184873060,slsmqhm_256_64,62734636,256
5289721320,slsmqhm_256_64,64034246,256
3830254740,slsmqhm_256_64,61156186,256
5782833720,slsmqhm_256_64,58994642,256
6919766660,slsmqhm_256_64,61643596,256
4786293640,slsmqhm_256_128,60693417,256
3929682740,slsmqhm_256_128,57456725,256
4588785300,slsmqhm_256_128,62993075,256
5049000120,slsmqhm_256_128,62332685,256
4899775660,slsmqhm_256_128,62757442,256
8497630100,slsmqhm_256_256,58627474,256
5806389460,slsmqhm_256_256,61591813,256
4612621240,slsmqhm_256_256,58092338,256
6557080600,slsmqhm_256_256,61582098,256
6103794780,slsmqhm_256_256,60752778,256
6014697560,slsmqhm_256_512,61307193,256
7127767100,slsmqhm_256_512,61957628,256
6380880420,slsmqhm_256_512,62601970,256
6579190540,slsmqhm_256_512,62087121,256
6477644760,slsmqhm_256_512,60467048,256
5403472300,slsmqhm_256_1024,60465808,256
5501216660,slsmqhm_256_1024,62302047,256
6372611280,slsmqhm_256_1024,63736317,256
5612349520,slsmqhm_256_1024,57478409,256
6484334420,slsmqhm_256_1024,57421907,256
7225737940,slsmqhm_512_1,82510181,256
5741355940,slsmqhm_512_1,82553002,256
6046309520,slsmqhm_512_1,80411296,256
5852330380,slsmqhm_512_1,82668342,256
6376235600,slsmqhm_512_1,82891663,256
7503379020,slsmqhm_512_2,81261853,256
6212788520,slsmqhm_512_2,79444156,256
6341758960,slsmqhm_512_2,81395600,256
5961146700,slsmqhm_512_2,77048294,256
7225981740,slsmqhm_512_2,81113465,256
6051311680,slsmqhm_512_4,80336138,256
8312325660,slsmqhm_512_4,78548624,256
6638115420,slsmqhm_512_4,79819437,256
6768229560,slsmqhm_512_4,78944203,256
5418259280,slsmqhm_512_4,76972509,256
6544852340,slsmqhm_512_8,76194532,256
6036177200,slsmqhm_512_8,75307444,256
6392527440,slsmqhm_512_8,76479887,256
7587869160,slsmqhm_512_8,76116179,256
6045348680,slsmqhm_512_8,77516910,256
5760457480,slsmqhm_512_16,72322719,256
6014301920,slsmqhm_512_16,71634727,256
5919699220,slsmqhm_512_16,72495012,256
7093305460,slsmqhm_512_16,74240828,256
4876448960,slsmqhm_512_16,73660934,256
5062173400,slsmqhm_512_32,49907660,256
4305584020,slsmqhm_512_32,68342384,256
5094505380,slsmqhm_512_32,67103842,256
4638809320,slsmqhm_512_32,69481230,256
4167346980,slsmqhm_512_32,71275926,256
5466493220,slsmqhm_512_64,67917992,256
4102051300,slsmqhm_512_64,66921573,256
4384791560,slsmqhm_512_64,68700992,256
5886123860,slsmqhm_512_64,67465058,256
7163217000,slsmqhm_512_64,69454623,256
5885536080,slsmqhm_512_128,60910143,256
4922739480,slsmqhm_512_128,65928062,256
5968725720,slsmqhm_512_128,66996013,256
4479381280,slsmqhm_512_128,66469558,256
6259228920,slsmqhm_512_128,65646499,256
6866822040,slsmqhm_512_256,66028393,256
5822511900,slsmqhm_512_256,63338925,256
6859327300,slsmqhm_512_256,63763671,256
5926530180,slsmqhm_512_256,65412273,256
4583835800,slsmqhm_512_256,62598116,256
5963946700,slsmqhm_512_512,62101111,256
5711019140,slsmqhm_512_512,61406509,256
4366803240,slsmqhm_512_512,49942831,256
6035313540,slsmqhm_512_512,67426343,256
6325858640,slsmqhm_512_512,63437238,256
11585998580,slsmqhm_512_1024,65429621,256
7094841500,slsmqhm_512_1024,66137881,256
6216971160,slsmqhm_512_1024,63176556,256
7530666840,slsmqhm_512_1024,62725199,256
6005824020,slsmqhm_512_1024,65562948,256
6067162920,slsmqhm_1024_1,84938892,256
5718407240,slsmqhm_1024_1,84685322,256
6056522680,slsmqhm_1024_1,81489570,256
5913359240,slsmqhm_1024_1,82575559,256
6763273820,slsmqhm_1024_1,84042675,256
7383777580,slsmqhm_1024_2,81155042,256
6214197440,slsmqhm_1024_2,83338697,256
7166073100,slsmqhm_1024_2,88139010,256
8211982420,slsmqhm_1024_2,84090445,256
5908824980,slsmqhm_1024_2,81969035,256
7728075620,slsmqhm_1024_4,80699701,256
6471900480,slsmqhm_1024_4,84516500,256
7508887500,slsmqhm_1024_4,84080130,256
6616815300,slsmqhm_1024_4,82030444,256
6286299160,slsmqhm_1024_4,81102653,256
5715474720,slsmqhm_1024_8,76976432,256
6421635040,slsmqhm_1024_8,78347046,256
6278280340,slsmqhm_1024_8,78941757,256
6689772440,slsmqhm_1024_8,82285343,256
6601131220,slsmqhm_1024_8,78909754,256
5760292500,slsmqhm_1024_16,75420385,256
5558665960,slsmqhm_1024_16,76085964,256
7980086240,slsmqhm_1024_16,76042695,256
6912249860,slsmqhm_1024_16,75901892,256
6200618820,slsmqhm_1024_16,76129055,256
6217822460,slsmqhm_1024_32,75600502,256
4734216440,slsmqhm_1024_32,71913055,256
8169083600,slsmqhm_1024_32,74287226,256
6331986960,slsmqhm_1024_32,75172045,256
5455678100,slsmqhm_1024_32,75120676,256
5373954960,slsmqhm_1024_64,72730717,256
4009831180,slsmqhm_1024_64,56556384,256
6118661840,slsmqhm_1024_64,74088930,256
6035025400,slsmqhm_1024_64,72305709,256
7020298660,slsmqhm_1024_64,71091338,256
5830350980,slsmqhm_1024_128,67220666,256
4155599380,slsmqhm_1024_128,67083202,256
4526595160,slsmqhm_1024_128,69372539,256
5031714840,slsmqhm_1024_128,72074099,256
7667754240,slsmqhm_1024_128,71309373,256
7945531260,slsmqhm_1024_256,69256141,256
7058472940,slsmqhm_1024_256,66144551,256
6636794280,slsmqhm_1024_256,69439740,256
7091385480,slsmqhm_1024_256,70730228,256
5983605520,slsmqhm_1024_256,68588412,256
6556495680,slsmqhm_1024_512,68821826,256
5246287560,slsmqhm_1024_512,65785135,256
6884877700,slsmqhm_1024_512,72328288,256
6124711300,slsmqhm_1024_512,67346361,256
6316454320,slsmqhm_1024_512,66567511,256
8037300080,slsmqhm_1024_1024,69757519,256
9585242160,slsmqhm_1024_1024,70990373,256
8781309960,slsmqhm_1024_1024,69491408,256
7925110280,slsmqhm_1024_1024,66542377,256
7841410140,slsmqhm_1024_1024,70823844,256
