416552780,slsmqhm_1_1,24054150,256
407856780,slsmqhm_1_1,24061479,256
422830680,slsmqhm_1_1,24052785,256
408207780,slsmqhm_1_1,24049115,256
404943980,slsmqhm_1_1,24044584,256
423573060,slsmqhm_1_2,24058399,256
427754280,slsmqhm_1_2,24052723,256
429289780,slsmqhm_1_2,24050795,256
422922520,slsmqhm_1_2,24055416,256
419973800,slsmqhm_1_2,24048801,256
474165320,slsmqhm_1_4,24100636,256
477811840,slsmqhm_1_4,24101509,256
527431720,slsmqhm_1_4,24112720,256
476597340,slsmqhm_1_4,24098740,256
473722120,slsmqhm_1_4,24091827,256
520777440,slsmqhm_1_8,24194178,256
520894480,slsmqhm_1_8,24196380,256
525534120,slsmqhm_1_8,24190557,256
518618220,slsmqhm_1_8,24184591,256
524809700,slsmqhm_1_8,24193733,256
537944280,slsmqhm_1_16,24334868,256
544099020,slsmqhm_1_16,24352687,256
532295920,slsmqhm_1_16,24349497,256
537522760,slsmqhm_1_16,24371624,256
536387140,slsmqhm_1_16,24357508,256
530959760,slsmqhm_1_32,24523392,256
533941660,slsmqhm_1_32,24539468,256
537578780,slsmqhm_1_32,24535045,256
534078440,slsmqhm_1_32,24557496,256
538231340,slsmqhm_1_32,24538763,256
529783460,slsmqhm_1_64,24625890,256
535263200,slsmqhm_1_64,24665603,256
546450960,slsmqhm_1_64,24635412,256
532026480,slsmqhm_1_64,24637199,256
524266820,slsmqhm_1_64,24641522,256
525764040,slsmqhm_1_128,24631243,256
520031340,slsmqhm_1_128,24719501,256
537979980,slsmqhm_1_128,24659117,256
533959640,slsmqhm_1_128,24712711,256
530747540,slsmqhm_1_128,24671619,256
534442300,slsmqhm_1_256,24639069,256
535249800,slsmqhm_1_256,24696096,256
536305220,slsmqhm_1_256,24641042,256
537336900,slsmqhm_1_256,24657878,256
532043380,slsmqhm_1_256,24643968,256
533023060,slsmqhm_1_512,24647375,256
529853700,slsmqhm_1_512,24634986,256
536011280,slsmqhm_1_512,24663646,256
533111940,slsmqhm_1_512,24673206,256
535276520,slsmqhm_1_512,24649875,256
531498100,slsmqhm_1_1024,24686881,256
526205140,slsmqhm_1_1024,24645811,256
552996140,slsmqhm_1_1024,24681752,256
546383600,slsmqhm_1_1024,24679420,256
530933300,slsmqhm_1_1024,24665949,256
323045140,slsmqhm_2_1,24246566,256
317095880,slsmqhm_2_1,24240712,256
319739580,slsmqhm_2_1,24223222,256
328838160,slsmqhm_2_1,24239042,256
329471180,slsmqhm_2_1,24237307,256
351187440,slsmqhm_2_2,24175814,256
351225160,slsmqhm_2_2,24179939,256
340069680,slsmqhm_2_2,24170584,256
341032200,slsmqhm_2_2,24187029,256
344314240,slsmqhm_2_2,24184020,256
373702220,slsmqhm_2_4,24237502,256
388091100,slsmqhm_2_4,24252877,256
375954020,slsmqhm_2_4,24231423,256
387562580,slsmqhm_2_4,24251784,256
376708880,slsmqhm_2_4,24233151,256
430262140,slsmqhm_2_8,24397000,256
441860400,slsmqhm_2_8,24421044,256
430572240,slsmqhm_2_8,24403244,256
442796740,slsmqhm_2_8,24389607,256
424097800,slsmqhm_2_8,24382725,256
470699860,slsmqhm_2_16,24682041,256
450028480,slsmqhm_2_16,24681887,256
465725740,slsmqhm_2_16,24659949,256
453514760,slsmqhm_2_16,24679364,256
470643900,slsmqhm_2_16,24651874,256
481973520,slsmqhm_2_32,24988478,256
474599440,slsmqhm_2_32,24993358,256
473411860,slsmqhm_2_32,24989914,256
481050340,slsmqhm_2_32,24994201,256
470362380,slsmqhm_2_32,24986584,256
483183320,slsmqhm_2_64,25199268,256
475981920,slsmqhm_2_64,25180815,256
471716660,slsmqhm_2_64,25196328,256
482993180,slsmqhm_2_64,25194814,256
475629680,slsmqhm_2_64,25205576,256
481749320,slsmqhm_2_128,25224027,256
477368060,slsmqhm_2_128,25226132,256
480380380,slsmqhm_2_128,25254221,256
473555280,slsmqhm_2_128,25215647,256
472083200,slsmqhm_2_128,25248211,256
483078960,slsmqhm_2_256,25238831,256
488001460,slsmqhm_2_256,25228965,256
478585540,slsmqhm_2_256,25238785,256
477622320,slsmqhm_2_256,25235692,256
469923300,slsmqhm_2_256,25243849,256
472469300,slsmqhm_2_512,25234007,256
476375000,slsmqhm_2_512,25242353,256
473587820,slsmqhm_2_512,25208783,256
478093760,slsmqhm_2_512,25210814,256
483111740,slsmqhm_2_512,25231100,256
471186840,slsmqhm_2_1024,25238913,256
473937680,slsmqhm_2_1024,25261386,256
485988600,slsmqhm_2_1024,25243724,256
477774740,slsmqhm_2_1024,25268404,256
479320980,slsmqhm_2_1024,25234160,256
294922320,slsmqhm_4_1,24964851,256
297453960,slsmqhm_4_1,24954597,256
274792140,slsmqhm_4_1,24951798,256
274302700,slsmqhm_4_1,25028737,256
273748700,slsmqhm_4_1,24945067,256
290498360,slsmqhm_4_2,24517589,256
297884280,slsmqhm_4_2,24506162,256
292287560,slsmqhm_4_2,24508512,256
284889720,slsmqhm_4_2,24497090,256
308462640,slsmqhm_4_2,24488476,256
324540640,slsmqhm_4_4,24506145,256
310050540,slsmqhm_4_4,24503058,256
315421660,slsmqhm_4_4,24509383,256
324585540,slsmqhm_4_4,24489480,256
321896540,slsmqhm_4_4,24490598,256
361036680,slsmqhm_4_8,24813577,256
361772320,slsmqhm_4_8,24776506,256
362530240,slsmqhm_4_8,24762300,256
357151460,slsmqhm_4_8,24779716,256
363374360,slsmqhm_4_8,24774600,256
409015460,slsmqhm_4_16,25336338,256
411032840,slsmqhm_4_16,25347265,256
412255040,slsmqhm_4_16,25358704,256
406180760,slsmqhm_4_16,25386991,256
405727720,slsmqhm_4_16,25377731,256
438415000,slsmqhm_4_32,26191321,256
442745120,slsmqhm_4_32,26220167,256
433869400,slsmqhm_4_32,26130297,256
444174660,slsmqhm_4_32,26175569,256
443776660,slsmqhm_4_32,26133091,256
445806260,slsmqhm_4_64,26721664,256
437819220,slsmqhm_4_64,26660985,256
446046940,slsmqhm_4_64,26685357,256
444311980,slsmqhm_4_64,26695122,256
449271960,slsmqhm_4_64,26732164,256
449315660,slsmqhm_4_128,26797627,256
448498980,slsmqhm_4_128,26780555,256
454000200,slsmqhm_4_128,26783212,256
455304120,slsmqhm_4_128,26815931,256
446553040,slsmqhm_4_128,26764593,256
453864000,slsmqhm_4_256,26795795,256
453579860,slsmqhm_4_256,26828477,256
453657500,slsmqhm_4_256,26800259,256
457518780,slsmqhm_4_256,26849875,256
453012560,slsmqhm_4_256,26801115,256
458674220,slsmqhm_4_512,26794300,256
457255680,slsmqhm_4_512,26801746,256
452619200,slsmqhm_4_512,26774514,256
454301220,slsmqhm_4_512,26818647,256
451985680,slsmqhm_4_512,26792484,256
454196980,slsmqhm_4_1024,26855085,256
447954060,slsmqhm_4_1024,26835938,256
450802880,slsmqhm_4_1024,26813085,256
445841380,slsmqhm_4_1024,26762600,256
445728320,slsmqhm_4_1024,26769449,256
257179500,slsmqhm_8_1,28020487,256
255904280,slsmqhm_8_1,28056937,256
273831220,slsmqhm_8_1,28034827,256
256826260,slsmqhm_8_1,28011277,256
256583100,slsmqhm_8_1,28068798,256
251840740,slsmqhm_8_2,25641388,256
255776060,slsmqhm_8_2,25661410,256
254698020,slsmqhm_8_2,25611489,256
256449840,slsmqhm_8_2,25654963,256
254045020,slsmqhm_8_2,25643432,256
276065480,slsmqhm_8_4,25153238,256
290228000,slsmqhm_8_4,25148125,256
277679000,slsmqhm_8_4,25131408,256
277215040,slsmqhm_8_4,25128123,256
278715500,slsmqhm_8_4,25073927,256
317931000,slsmqhm_8_8,25480766,256
324361440,slsmqhm_8_8,25509649,256
346520460,slsmqhm_8_8,25509501,256
320256580,slsmqhm_8_8,25512207,256
326614600,slsmqhm_8_8,25545485,256
371462840,slsmqhm_8_16,26662700,256
372609420,slsmqhm_8_16,26614556,256
364606880,slsmqhm_8_16,26631278,256
373107020,slsmqhm_8_16,26679284,256
365293420,slsmqhm_8_16,26623982,256
416006620,slsmqhm_8_32,28430342,256
425117760,slsmqhm_8_32,28437259,256
420972720,slsmqhm_8_32,28380969,256
423607860,slsmqhm_8_32,28429496,256
422251120,slsmqhm_8_32,28400990,256
450732160,slsmqhm_8_64,29853587,256
447944720,slsmqhm_8_64,29809664,256
447588000,slsmqhm_8_64,29755145,256
452774940,slsmqhm_8_64,29816700,256
450965920,slsmqhm_8_64,29893779,256
448771600,slsmqhm_8_128,30276388,256
445409040,slsmqhm_8_128,30167689,256
461173380,slsmqhm_8_128,30231268,256
456203920,slsmqhm_8_128,30189495,256
453206220,slsmqhm_8_128,30283176,256
449616220,slsmqhm_8_256,30193695,256
456453500,slsmqhm_8_256,30299741,256
458212980,slsmqhm_8_256,30266001,256
463736620,slsmqhm_8_256,30280119,256
457278940,slsmqhm_8_256,30293677,256
456862620,slsmqhm_8_512,30220171,256
457986400,slsmqhm_8_512,30322159,256
450386700,slsmqhm_8_512,30184014,256
448977100,slsmqhm_8_512,30242646,256
449839520,slsmqhm_8_512,30182261,256
450521900,slsmqhm_8_1024,30105822,256
461969360,slsmqhm_8_1024,30241662,256
451036240,slsmqhm_8_1024,30250514,256
448448020,slsmqhm_8_1024,30151846,256
456940940,slsmqhm_8_1024,30239038,256
284410320,slsmqhm_16_1,36093517,256
281943260,slsmqhm_16_1,36019202,256
282363040,slsmqhm_16_1,35930936,256
280640600,slsmqhm_16_1,36264196,256
284403720,slsmqhm_16_1,36229097,256
251012940,slsmqhm_16_2,29326053,256
257089580,slsmqhm_16_2,29334569,256
254184060,slsmqhm_16_2,29328206,256
252873420,slsmqhm_16_2,29354686,256
254579220,slsmqhm_16_2,29449561,256
260368080,slsmqhm_16_4,26914957,256
259745680,slsmqhm_16_4,26943376,256
267094860,slsmqhm_16_4,26913152,256
259601180,slsmqhm_16_4,26972424,256
266928880,slsmqhm_16_4,27017199,256
286781020,slsmqhm_16_8,26859144,256
293401180,slsmqhm_16_8,26880873,256
288920360,slsmqhm_16_8,27071822,256
284791020,slsmqhm_16_8,26909774,256
286594020,slsmqhm_16_8,26924105,256
337826400,slsmqhm_16_16,28566132,256
345741140,slsmqhm_16_16,28529942,256
345115460,slsmqhm_16_16,28610467,256
341103760,slsmqhm_16_16,28621262,256
347403780,slsmqhm_16_16,28534846,256
418058000,slsmqhm_16_32,32013441,256
421190800,slsmqhm_16_32,32021609,256
411342840,slsmqhm_16_32,31928000,256
415046300,slsmqhm_16_32,31918781,256
413003180,slsmqhm_16_32,32036432,256
475677300,slsmqhm_16_64,35429862,256
471852080,slsmqhm_16_64,35582850,256
476625760,slsmqhm_16_64,35215559,256
467309780,slsmqhm_16_64,35220940,256
477704280,slsmqhm_16_64,35225090,256
498048320,slsmqhm_16_128,36658832,256
495649220,slsmqhm_16_128,36498920,256
499686980,slsmqhm_16_128,36661785,256
507942400,slsmqhm_16_128,36757655,256
505820220,slsmqhm_16_128,36692859,256
494587380,slsmqhm_16_256,36633642,256
500645520,slsmqhm_16_256,36920520,256
499164920,slsmqhm_16_256,36735651,256
499453420,slsmqhm_16_256,36749806,256
500398760,slsmqhm_16_256,36705293,256
496710080,slsmqhm_16_512,36779084,256
492093160,slsmqhm_16_512,36732289,256
495229820,slsmqhm_16_512,36857919,256
514555860,slsmqhm_16_512,36843814,256
496901440,slsmqhm_16_512,36740291,256
496616320,slsmqhm_16_1024,36622714,256
514118460,slsmqhm_16_1024,36986212,256
504354520,slsmqhm_16_1024,36954923,256
499700480,slsmqhm_16_1024,36739294,256
498667300,slsmqhm_16_1024,36757992,256
380290300,slsmqhm_32_1,52329908,256
348718480,slsmqhm_32_1,51262375,256
351249960,slsmqhm_32_1,51332177,256
341299140,slsmqhm_32_1,50502618,256
341602720,slsmqhm_32_1,49771150,256
277721680,slsmqhm_32_2,37654935,256
278966120,slsmqhm_32_2,37566444,256
280172240,slsmqhm_32_2,37562465,256
281723100,slsmqhm_32_2,38112503,256
278332080,slsmqhm_32_2,37672598,256
255603300,slsmqhm_32_4,31161786,256
255975000,slsmqhm_32_4,31195830,256
254241980,slsmqhm_32_4,31293620,256
254270020,slsmqhm_32_4,31151973,256
259503680,slsmqhm_32_4,31096514,256
266033380,slsmqhm_32_8,29709602,256
267720660,slsmqhm_32_8,29675256,256
265284980,slsmqhm_32_8,29704373,256
265562320,slsmqhm_32_8,29648324,256
264034280,slsmqhm_32_8,29554848,256
320677040,slsmqhm_32_16,31473346,256
314350420,slsmqhm_32_16,31496924,256
317132700,slsmqhm_32_16,31425821,256
310918840,slsmqhm_32_16,31538693,256
315539640,slsmqhm_32_16,31541237,256
407567780,slsmqhm_32_32,36701566,256
409937840,slsmqhm_32_32,36491792,256
405913480,slsmqhm_32_32,36493845,256
411542660,slsmqhm_32_32,36482968,256
415496040,slsmqhm_32_32,36576222,256
521571580,slsmqhm_32_64,43070838,256
514944180,slsmqhm_32_64,42827644,256
519184440,slsmqhm_32_64,43211373,256
509277880,slsmqhm_32_64,42785859,256
522302380,slsmqhm_32_64,43157183,256
604841580,slsmqhm_32_128,47208230,256
607762680,slsmqhm_32_128,46986952,256
577863020,slsmqhm_32_128,46854536,256
594382820,slsmqhm_32_128,46789788,256
570188920,slsmqhm_32_128,46927148,256
586047620,slsmqhm_32_256,47875390,256
588868180,slsmqhm_32_256,47390453,256
593030180,slsmqhm_32_256,47837185,256
583017600,slsmqhm_32_256,47482155,256
569129020,slsmqhm_32_256,47379003,256
600538700,slsmqhm_32_512,48272556,256
591336320,slsmqhm_32_512,47517813,256
592759340,slsmqhm_32_512,47589382,256
592602200,slsmqhm_32_512,47964232,256
574567860,slsmqhm_32_512,47277500,256
583958740,slsmqhm_32_1024,47661683,256
586045540,slsmqhm_32_1024,47891152,256
583653340,slsmqhm_32_1024,47700344,256
589291560,slsmqhm_32_1024,47861316,256
587267620,slsmqhm_32_1024,47844621,256
460192320,slsmqhm_64_1,75653218,256
456631140,slsmqhm_64_1,74706896,256
473915260,slsmqhm_64_1,77846710,256
450831620,slsmqhm_64_1,73773358,256
449854340,slsmqhm_64_1,73857658,256
353128320,slsmqhm_64_2,53091780,256
355477640,slsmqhm_64_2,53154844,256
358658160,slsmqhm_64_2,53668473,256
355099260,slsmqhm_64_2,53429265,256
356773320,slsmqhm_64_2,53559604,256
296092660,slsmqhm_64_4,40717565,256
290312860,slsmqhm_64_4,40325772,256
290070520,slsmqhm_64_4,40199616,256
294514240,slsmqhm_64_4,40686220,256
293583800,slsmqhm_64_4,40315535,256
278300020,slsmqhm_64_8,34540229,256
279946160,slsmqhm_64_8,34562153,256
277567460,slsmqhm_64_8,34912312,256
276003040,slsmqhm_64_8,34659651,256
270184540,slsmqhm_64_8,34826189,256
312312520,slsmqhm_64_16,35451218,256
319419520,slsmqhm_64_16,35412525,256
322183840,slsmqhm_64_16,35312976,256
318956960,slsmqhm_64_16,35484728,256
311256300,slsmqhm_64_16,35521556,256
409751040,slsmqhm_64_32,41566840,256
406461220,slsmqhm_64_32,41567633,256
411111580,slsmqhm_64_32,41657498,256
402224740,slsmqhm_64_32,41488844,256
415277280,slsmqhm_64_32,42065692,256
549822620,slsmqhm_64_64,52246181,256
559059980,slsmqhm_64_64,52930255,256
551510940,slsmqhm_64_64,52394602,256
554770380,slsmqhm_64_64,52177023,256
561106480,slsmqhm_64_64,52643775,256
703356980,slsmqhm_64_128,61913813,256
685573340,slsmqhm_64_128,61569761,256
688660600,slsmqhm_64_128,61434722,256
685047620,slsmqhm_64_128,61582767,256
688609040,slsmqhm_64_128,61369197,256
742342640,slsmqhm_64_256,64964315,256
755026640,slsmqhm_64_256,66543186,256
721205020,slsmqhm_64_256,64622384,256
759304460,slsmqhm_64_256,65859426,256
764671460,slsmqhm_64_256,67198991,256
765105780,slsmqhm_64_512,66777843,256
741222880,slsmqhm_64_512,65467649,256
753098680,slsmqhm_64_512,65863753,256
736109480,slsmqhm_64_512,65660073,256
732306540,slsmqhm_64_512,65174330,256
740657300,slsmqhm_64_1024,65343691,256
771762040,slsmqhm_64_1024,67471512,256
752544100,slsmqhm_64_1024,65650335,256
741162880,slsmqhm_64_1024,66266428,256
733634600,slsmqhm_64_1024,65281181,256
619275960,slsmqhm_128_1,109036174,256
657862880,slsmqhm_128_1,110990475,256
647417260,slsmqhm_128_1,113841903,256
635327740,slsmqhm_128_1,111947501,256
624972980,slsmqhm_128_1,110054331,256
482277460,slsmqhm_128_2,80510348,256
467775820,slsmqhm_128_2,77633787,256
482831600,slsmqhm_128_2,77711351,256
469075780,slsmqhm_128_2,78390580,256
470663740,slsmqhm_128_2,78339706,256
377605720,slsmqhm_128_4,57815318,256
376332360,slsmqhm_128_4,58259324,256
363628380,slsmqhm_128_4,55338469,256
362582340,slsmqhm_128_4,55872756,256
369053480,slsmqhm_128_4,57032587,256
305915120,slsmqhm_128_8,43704474,256
303770180,slsmqhm_128_8,44012662,256
309108500,slsmqhm_128_8,43963314,256
313945940,slsmqhm_128_8,44942826,256
308716160,slsmqhm_128_8,43957721,256
317209460,slsmqhm_128_16,41294953,256
316232760,slsmqhm_128_16,41308999,256
307817180,slsmqhm_128_16,41586537,256
318111860,slsmqhm_128_16,41482948,256
320222040,slsmqhm_128_16,41575367,256
405076560,slsmqhm_128_32,47932889,256
391768080,slsmqhm_128_32,47379853,256
396514100,slsmqhm_128_32,47344088,256
401554900,slsmqhm_128_32,47889134,256
397306380,slsmqhm_128_32,47677685,256
577486720,slsmqhm_128_64,62416747,256
571597520,slsmqhm_128_64,61925497,256
578701800,slsmqhm_128_64,61755484,256
567276780,slsmqhm_128_64,61758924,256
572977180,slsmqhm_128_64,62322722,256
788537920,slsmqhm_128_128,78523309,256
761534080,slsmqhm_128_128,77659444,256
796495360,slsmqhm_128_128,78751771,256
786307900,slsmqhm_128_128,79606417,256
775848680,slsmqhm_128_128,78578791,256
955720380,slsmqhm_128_256,91079951,256
980217200,slsmqhm_128_256,93135935,256
961393580,slsmqhm_128_256,90404301,256
955395300,slsmqhm_128_256,90145200,256
983076320,slsmqhm_128_256,91825191,256
1073689400,slsmqhm_128_512,98401858,256
1049713520,slsmqhm_128_512,97995351,256
967481200,slsmqhm_128_512,91352023,256
924382020,slsmqhm_128_512,90035019,256
1038416860,slsmqhm_128_512,96974152,256
1117438120,slsmqhm_128_1024,101725304,256
1061448820,slsmqhm_128_1024,97756198,256
1032869340,slsmqhm_128_1024,95832398,256
1062964520,slsmqhm_128_1024,98407974,256
957176040,slsmqhm_128_1024,90588038,256
793344540,slsmqhm_256_1,148676544,256
842624220,slsmqhm_256_1,157844926,256
826130280,slsmqhm_256_1,154412951,256
868255220,slsmqhm_256_1,162483963,256
868501280,slsmqhm_256_1,163312170,256
642584520,slsmqhm_256_2,115931097,256
661585800,slsmqhm_256_2,119410290,256
611024020,slsmqhm_256_2,109822356,256
633659220,slsmqhm_256_2,114338200,256
621814260,slsmqhm_256_2,112074368,256
475197520,slsmqhm_256_4,80478054,256
484392240,slsmqhm_256_4,82659610,256
481500440,slsmqhm_256_4,82105751,256
474220680,slsmqhm_256_4,80744021,256
482145440,slsmqhm_256_4,82226114,256
392450520,slsmqhm_256_8,62075897,256
396090420,slsmqhm_256_8,62133395,256
389135260,slsmqhm_256_8,61900657,256
390798080,slsmqhm_256_8,61614415,256
378497720,slsmqhm_256_8,59633627,256
352530460,slsmqhm_256_16,51627776,256
347362020,slsmqhm_256_16,50733491,256
347309040,slsmqhm_256_16,50789781,256
354680820,slsmqhm_256_16,52037588,256
353242000,slsmqhm_256_16,51164434,256
407812000,slsmqhm_256_32,55270643,256
406271800,slsmqhm_256_32,55418058,256
407577920,slsmqhm_256_32,55518953,256
406562400,slsmqhm_256_32,55401083,256
406508800,slsmqhm_256_32,55403255,256
573851420,slsmqhm_256_64,71917337,256
583302140,slsmqhm_256_64,72233754,256
570496840,slsmqhm_256_64,71578418,256
569682220,slsmqhm_256_64,71180337,256
574434520,slsmqhm_256_64,71317691,256
831294320,slsmqhm_256_128,95164882,256
874468100,slsmqhm_256_128,96987185,256
845468300,slsmqhm_256_128,96249506,256
842474020,slsmqhm_256_128,95804694,256
834118120,slsmqhm_256_128,94048590,256
1148231880,slsmqhm_256_256,119607304,256
1183429480,slsmqhm_256_256,122006492,256
1142779760,slsmqhm_256_256,116975596,256
1214407540,slsmqhm_256_256,124385922,256
1164410400,slsmqhm_256_256,119784320,256
1356781880,slsmqhm_256_512,132967595,256
1261039880,slsmqhm_256_512,127316035,256
1267960160,slsmqhm_256_512,127572803,256
1279201780,slsmqhm_256_512,127665329,256
1232816140,slsmqhm_256_512,124977291,256
1540348160,slsmqhm_256_1024,145576905,256
1514166900,slsmqhm_256_1024,142358988,256
1419397780,slsmqhm_256_1024,138245605,256
1362129780,slsmqhm_256_1024,134458413,256
1402324840,slsmqhm_256_1024,137013361,256
1009563640,slsmqhm_512_1,195638691,256
1025874820,slsmqhm_512_1,199186560,256
1066131720,slsmqhm_512_1,207705386,256
1034290160,slsmqhm_512_1,201135944,256
1014745340,slsmqhm_512_1,198643407,256
803472100,slsmqhm_512_2,151992832,256
834355380,slsmqhm_512_2,157915882,256
860752100,slsmqhm_512_2,162647769,256
808386240,slsmqhm_512_2,153271241,256
861978340,slsmqhm_512_2,161662379,256
627221220,slsmqhm_512_4,115385868,256
613141340,slsmqhm_512_4,111880708,256
639264080,slsmqhm_512_4,117293312,256
637443500,slsmqhm_512_4,117032246,256
635076300,slsmqhm_512_4,116398516,256
491792760,slsmqhm_512_8,84858092,256
494787560,slsmqhm_512_8,85663961,256
506526740,slsmqhm_512_8,87346201,256
496191280,slsmqhm_512_8,85992845,256
499039900,slsmqhm_512_8,86268954,256
419337100,slsmqhm_512_16,67370785,256
417796000,slsmqhm_512_16,67353727,256
419814760,slsmqhm_512_16,67542849,256
420596960,slsmqhm_512_16,67494434,256
416006500,slsmqhm_512_16,67230617,256
432336560,slsmqhm_512_32,65925554,256
433886300,slsmqhm_512_32,65533619,256
434441940,slsmqhm_512_32,66112865,256
435468760,slsmqhm_512_32,66387359,256
429707580,slsmqhm_512_32,65423749,256
575482660,slsmqhm_512_64,81675972,256
564397080,slsmqhm_512_64,82608691,256
577246840,slsmqhm_512_64,80585068,256
578381220,slsmqhm_512_64,81611890,256
597696360,slsmqhm_512_64,82178922,256
880508060,slsmqhm_512_128,111453855,256
869508020,slsmqhm_512_128,111493909,256
860929900,slsmqhm_512_128,111391573,256
873692540,slsmqhm_512_128,112243565,256
903950600,slsmqhm_512_128,113699786,256
1246277040,slsmqhm_512_256,144552649,256
1261213900,slsmqhm_512_256,145754648,256
1269300520,slsmqhm_512_256,146361121,256
1253733660,slsmqhm_512_256,145923403,256
1281558740,slsmqhm_512_256,146895466,256
1639139700,slsmqhm_512_512,173609172,256
1592952720,slsmqhm_512_512,167940221,256
1643034020,slsmqhm_512_512,174170398,256
1692077400,slsmqhm_512_512,176133282,256
1591654720,slsmqhm_512_512,168974750,256
2016063340,slsmqhm_512_1024,199091314,256
1812889680,slsmqhm_512_1024,183662841,256
1688897760,slsmqhm_512_1024,174399876,256
1909337440,slsmqhm_512_1024,190771468,256
1994290200,slsmqhm_512_1024,197586946,256
1268680380,slsmqhm_1024_1,248770868,256
1405899500,slsmqhm_1024_1,276495251,256
1387067320,slsmqhm_1024_1,268086624,256
1281341900,slsmqhm_1024_1,252551579,256
1334559640,slsmqhm_1024_1,260642841,256
1119384280,slsmqhm_1024_2,212835938,256
1015594240,slsmqhm_1024_2,195946740,256
1081543200,slsmqhm_1024_2,208524999,256
1073237800,slsmqhm_1024_2,208355580,256
1017257240,slsmqhm_1024_2,197140787,256
875353300,slsmqhm_1024_4,164113621,256
837564440,slsmqhm_1024_4,157852242,256
791975660,slsmqhm_1024_4,149473483,256
851073940,slsmqhm_1024_4,160285831,256
800457540,slsmqhm_1024_4,152878255,256
658360340,slsmqhm_1024_8,122043215,256
632111560,slsmqhm_1024_8,116438961,256
639501360,slsmqhm_1024_8,118062493,256
632115040,slsmqhm_1024_8,116614304,256
634863060,slsmqhm_1024_8,116666978,256
542346620,slsmqhm_1024_16,95730557,256
527062280,slsmqhm_1024_16,91857604,256
530450620,slsmqhm_1024_16,92946425,256
513708840,slsmqhm_1024_16,89917081,256
517131880,slsmqhm_1024_16,90291653,256
489719140,slsmqhm_1024_32,80749369,256
480320160,slsmqhm_1024_32,79512274,256
489272920,slsmqhm_1024_32,80445148,256
478591660,slsmqhm_1024_32,79094155,256
482537700,slsmqhm_1024_32,79974300,256
599207580,slsmqhm_1024_64,93419488,256
584425880,slsmqhm_1024_64,91430851,256
594068160,slsmqhm_1024_64,92649720,256
594391440,slsmqhm_1024_64,92412957,256
597067440,slsmqhm_1024_64,93249803,256
885851180,slsmqhm_1024_128,128752826,256
874917940,slsmqhm_1024_128,127250714,256
899693600,slsmqhm_1024_128,128646774,256
867303640,slsmqhm_1024_128,125758194,256
880726260,slsmqhm_1024_128,127935656,256
1333487600,slsmqhm_1024_256,171885165,256
1315119660,slsmqhm_1024_256,171857169,256
1334857460,slsmqhm_1024_256,175068513,256
1348162860,slsmqhm_1024_256,173326935,256
1359870240,slsmqhm_1024_256,176934370,256
1823619280,slsmqhm_1024_512,210011347,256
1822970280,slsmqhm_1024_512,210338431,256
1811331220,slsmqhm_1024_512,209534961,256
1772390300,slsmqhm_1024_512,206952795,256
1836308940,slsmqhm_1024_512,211970892,256
2211500560,slsmqhm_1024_1024,237637438,256
2151683560,slsmqhm_1024_1024,234052575,256
2247639340,slsmqhm_1024_1024,241145290,256
2147840720,slsmqhm_1024_1024,233657585,256
1936315720,slsmqhm_1024_1024,215682594,256
