1045096620,slsmqhm_1_1,51256190,256
1065163720,slsmqhm_1_1,51320717,256
1069755020,slsmqhm_1_1,51252881,256
1048137220,slsmqhm_1_1,51343092,256
1040273400,slsmqhm_1_1,51269063,256
1528245100,slsmqhm_1_2,51081941,256
1636786840,slsmqhm_1_2,51181596,256
1520593680,slsmqhm_1_2,51050656,256
1596998160,slsmqhm_1_2,51074469,256
1448798540,slsmqhm_1_2,51125288,256
1702364060,slsmqhm_1_4,50938223,256
1826640000,slsmqhm_1_4,50968904,256
1772813320,slsmqhm_1_4,50907258,256
1603269320,slsmqhm_1_4,50899387,256
1822141720,slsmqhm_1_4,50974247,256
1751871660,slsmqhm_1_8,50758942,256
1798094080,slsmqhm_1_8,50757317,256
1862320560,slsmqhm_1_8,50768596,256
1749541600,slsmqhm_1_8,50784790,256
2107086840,slsmqhm_1_8,50796544,256
1851726760,slsmqhm_1_16,50708776,256
1932862040,slsmqhm_1_16,50696697,256
2298897020,slsmqhm_1_16,50720396,256
1985191980,slsmqhm_1_16,50698705,256
2047654780,slsmqhm_1_16,50726668,256
2257574560,slsmqhm_1_32,50676501,256
2149553300,slsmqhm_1_32,50711570,256
2072514480,slsmqhm_1_32,50691072,256
2194495960,slsmqhm_1_32,50662877,256
2125211780,slsmqhm_1_32,50660012,256
2806709260,slsmqhm_1_64,50716168,256
2763493620,slsmqhm_1_64,50723734,256
2872730920,slsmqhm_1_64,50738025,256
2558452000,slsmqhm_1_64,50695946,256
2794391580,slsmqhm_1_64,50698639,256
2568191100,slsmqhm_1_128,50745396,256
3209022600,slsmqhm_1_128,50738824,256
3240183500,slsmqhm_1_128,50749478,256
3461370860,slsmqhm_1_128,50730567,256
2899752060,slsmqhm_1_128,50692912,256
2883716080,slsmqhm_1_256,50780863,256
2849498560,slsmqhm_1_256,50765668,256
3543433920,slsmqhm_1_256,50819690,256
3716526400,slsmqhm_1_256,50824443,256
3488630800,slsmqhm_1_256,50800473,256
3686325160,slsmqhm_1_512,50803929,256
4358395340,slsmqhm_1_512,50918133,256
3893663660,slsmqhm_1_512,50832201,256
4418877640,slsmqhm_1_512,50878132,256
3296785900,slsmqhm_1_512,50821755,256
5320184960,slsmqhm_1_1024,50886810,256
4045430620,slsmqhm_1_1024,50886925,256
4882683400,slsmqhm_1_1024,50908184,256
4303952080,slsmqhm_1_1024,50967796,256
4507902980,slsmqhm_1_1024,51013912,256
924121960,slsmqhm_2_1,52242238,256
937324100,slsmqhm_2_1,52025545,256
931576880,slsmqhm_2_1,52489710,256
891023340,slsmqhm_2_1,51972105,256
1038117220,slsmqhm_2_1,52257433,256
941568480,slsmqhm_2_2,51595126,256
937105000,slsmqhm_2_2,51486743,256
959924720,slsmqhm_2_2,51642295,256
953373260,slsmqhm_2_2,51605710,256
1096787000,slsmqhm_2_2,51508716,256
1299191180,slsmqhm_2_4,51324145,256
1386166060,slsmqhm_2_4,51226684,256
1354403120,slsmqhm_2_4,51298356,256
1333477700,slsmqhm_2_4,51251141,256
1410130700,slsmqhm_2_4,51339803,256
1654988600,slsmqhm_2_8,51017453,256
1638244760,slsmqhm_2_8,51020850,256
1551566780,slsmqhm_2_8,51033059,256
1471917280,slsmqhm_2_8,50915509,256
1463851740,slsmqhm_2_8,50935805,256
1893858320,slsmqhm_2_16,50860007,256
1750631780,slsmqhm_2_16,50810002,256
1891354900,slsmqhm_2_16,50854230,256
1796267800,slsmqhm_2_16,50876037,256
1713066000,slsmqhm_2_16,50855645,256
2090817400,slsmqhm_2_32,50783922,256
1926717800,slsmqhm_2_32,50776746,256
2138185540,slsmqhm_2_32,50817524,256
2054616480,slsmqhm_2_32,50777355,256
2136025240,slsmqhm_2_32,50776278,256
1995014160,slsmqhm_2_64,50742042,256
2516730380,slsmqhm_2_64,50765019,256
2297276300,slsmqhm_2_64,50825369,256
2523557680,slsmqhm_2_64,50758205,256
2176104000,slsmqhm_2_64,50748768,256
2579030100,slsmqhm_2_128,50799796,256
2785311480,slsmqhm_2_128,50793990,256
2421028220,slsmqhm_2_128,50822561,256
2880415300,slsmqhm_2_128,50829741,256
2701388100,slsmqhm_2_128,50812971,256
2764962680,slsmqhm_2_256,50943718,256
3092727800,slsmqhm_2_256,50909097,256
2732942340,slsmqhm_2_256,50833515,256
2591050460,slsmqhm_2_256,50866043,256
2897692460,slsmqhm_2_256,50824603,256
3144167420,slsmqhm_2_512,51024913,256
4438964940,slsmqhm_2_512,50926360,256
4638408120,slsmqhm_2_512,50896984,256
3398334620,slsmqhm_2_512,51090112,256
3294744400,slsmqhm_2_512,50905703,256
4484537860,slsmqhm_2_1024,51036052,256
5926331700,slsmqhm_2_1024,51088059,256
5045177580,slsmqhm_2_1024,51152173,256
4966061020,slsmqhm_2_1024,51533047,256
3685646280,slsmqhm_2_1024,51075969,256
1035875560,slsmqhm_4_1,54879793,256
1365461040,slsmqhm_4_1,55445430,256
1151266560,slsmqhm_4_1,56161392,256
921003280,slsmqhm_4_1,55470670,256
1224271040,slsmqhm_4_1,55070167,256
825758400,slsmqhm_4_2,52361023,256
855834160,slsmqhm_4_2,52572189,256
1125457540,slsmqhm_4_2,52302109,256
877554680,slsmqhm_4_2,52433778,256
764605060,slsmqhm_4_2,52243269,256
899361100,slsmqhm_4_4,51724790,256
1151228200,slsmqhm_4_4,51784792,256
962939460,slsmqhm_4_4,51778621,256
1067796640,slsmqhm_4_4,51703663,256
922087840,slsmqhm_4_4,51577440,256
1231574060,slsmqhm_4_8,51295173,256
1283339740,slsmqhm_4_8,51437306,256
1299265700,slsmqhm_4_8,51366047,256
1260267400,slsmqhm_4_8,51228125,256
1282040160,slsmqhm_4_8,51345878,256
1462105580,slsmqhm_4_16,50967669,256
1498356060,slsmqhm_4_16,51041909,256
1614713920,slsmqhm_4_16,51148193,256
1403314620,slsmqhm_4_16,51094709,256
1578993000,slsmqhm_4_16,51079969,256
1854789040,slsmqhm_4_32,50966528,256
1789010500,slsmqhm_4_32,50922385,256
1889970200,slsmqhm_4_32,50988681,256
1953835420,slsmqhm_4_32,50996903,256
1893008040,slsmqhm_4_32,50976154,256
1975166560,slsmqhm_4_64,50819051,256
2148044780,slsmqhm_4_64,50844612,256
1960193420,slsmqhm_4_64,50899317,256
2320090200,slsmqhm_4_64,50932297,256
2104435140,slsmqhm_4_64,50865117,256
2583832020,slsmqhm_4_128,50859547,256
2253560960,slsmqhm_4_128,50861973,256
2087875040,slsmqhm_4_128,50818311,256
2612635420,slsmqhm_4_128,50888120,256
2806737680,slsmqhm_4_128,50959895,256
2513027620,slsmqhm_4_256,50871870,256
3488481840,slsmqhm_4_256,50893622,256
3083399920,slsmqhm_4_256,50903193,256
2986182340,slsmqhm_4_256,50916190,256
2444269160,slsmqhm_4_256,50900156,256
2917397840,slsmqhm_4_512,51022944,256
3200278340,slsmqhm_4_512,51030333,256
3716137660,slsmqhm_4_512,51095262,256
2360521120,slsmqhm_4_512,50947360,256
3180784400,slsmqhm_4_512,50982628,256
3409782640,slsmqhm_4_1024,51268580,256
2874803360,slsmqhm_4_1024,51154666,256
3939048920,slsmqhm_4_1024,51335562,256
4209778640,slsmqhm_4_1024,51152144,256
4809548540,slsmqhm_4_1024,51354470,256
1402727340,slsmqhm_8_1,66260891,256
1419750100,slsmqhm_8_1,64806718,256
1550951760,slsmqhm_8_1,66903770,256
1227646040,slsmqhm_8_1,64418820,256
1450404720,slsmqhm_8_1,64073746,256
1391318680,slsmqhm_8_2,56493907,256
980602980,slsmqhm_8_2,55331513,256
923322640,slsmqhm_8_2,54851226,256
1620012540,slsmqhm_8_2,54859471,256
911897780,slsmqhm_8_2,54549626,256
1017899720,slsmqhm_8_4,52207398,256
784737960,slsmqhm_8_4,52058144,256
705422360,slsmqhm_8_4,52278546,256
713842140,slsmqhm_8_4,52004018,256
758474360,slsmqhm_8_4,52247471,256
895015180,slsmqhm_8_8,51724783,256
801818860,slsmqhm_8_8,51726619,256
895652520,slsmqhm_8_8,51777965,256
814330980,slsmqhm_8_8,51608937,256
909026560,slsmqhm_8_8,51971398,256
1308785500,slsmqhm_8_16,51446124,256
1186789520,slsmqhm_8_16,51424659,256
1170645660,slsmqhm_8_16,51435801,256
1148192540,slsmqhm_8_16,51401926,256
1230262440,slsmqhm_8_16,51405150,256
1635793900,slsmqhm_8_32,51223453,256
1686605960,slsmqhm_8_32,51228743,256
1491782340,slsmqhm_8_32,51183430,256
1466163220,slsmqhm_8_32,51166567,256
1482423140,slsmqhm_8_32,51115650,256
1981093740,slsmqhm_8_64,51110272,256
1855269600,slsmqhm_8_64,51070994,256
1702085300,slsmqhm_8_64,50983865,256
2169709300,slsmqhm_8_64,51053820,256
2000121140,slsmqhm_8_64,51005039,256
1988897180,slsmqhm_8_128,51013361,256
2134916980,slsmqhm_8_128,50993631,256
2469843140,slsmqhm_8_128,50964834,256
2287291460,slsmqhm_8_128,50997136,256
2552236500,slsmqhm_8_128,50994291,256
2524869740,slsmqhm_8_256,51084690,256
2564469460,slsmqhm_8_256,51178109,256
2896783740,slsmqhm_8_256,51090721,256
2428367560,slsmqhm_8_256,51012518,256
2494577980,slsmqhm_8_256,50984424,256
2869289500,slsmqhm_8_512,51281620,256
3470228260,slsmqhm_8_512,51231260,256
4006189060,slsmqhm_8_512,51400064,256
3202173580,slsmqhm_8_512,51073394,256
2489544480,slsmqhm_8_512,51115887,256
3054855680,slsmqhm_8_1024,51382912,256
2751890760,slsmqhm_8_1024,51172979,256
2656681040,slsmqhm_8_1024,51675465,256
2526889660,slsmqhm_8_1024,51519842,256
2836429000,slsmqhm_8_1024,51357820,256
1975880840,slsmqhm_16_1,79093874,256
1875865500,slsmqhm_16_1,79373909,256
1713200460,slsmqhm_16_1,76627635,256
1780546080,slsmqhm_16_1,79222604,256
1750369380,slsmqhm_16_1,78146696,256
1573306800,slsmqhm_16_2,66260994,256
1609603940,slsmqhm_16_2,65930874,256
2367530440,slsmqhm_16_2,67982971,256
1555592420,slsmqhm_16_2,68472327,256
1367590600,slsmqhm_16_2,63342556,256
963426440,slsmqhm_16_4,56436788,256
866458440,slsmqhm_16_4,55324941,256
1494132500,slsmqhm_16_4,54693919,256
871595160,slsmqhm_16_4,55052277,256
1266482980,slsmqhm_16_4,55410111,256
701106100,slsmqhm_16_8,52371052,256
695325760,slsmqhm_16_8,52414782,256
715822200,slsmqhm_16_8,52657017,256
701361680,slsmqhm_16_8,52457095,256
728546640,slsmqhm_16_8,52138456,256
792902540,slsmqhm_16_16,51797483,256
799507540,slsmqhm_16_16,51696101,256
790026220,slsmqhm_16_16,51735725,256
793692080,slsmqhm_16_16,51772031,256
840257780,slsmqhm_16_16,51934359,256
1188104440,slsmqhm_16_32,51536035,256
1289422340,slsmqhm_16_32,51717380,256
1138333560,slsmqhm_16_32,51480572,256
1140784200,slsmqhm_16_32,51441003,256
1374180240,slsmqhm_16_32,51921449,256
1485449480,slsmqhm_16_64,51265498,256
1423199560,slsmqhm_16_64,51262711,256
1565371960,slsmqhm_16_64,51213500,256
1471429120,slsmqhm_16_64,51267186,256
1591462040,slsmqhm_16_64,51232350,256
1959075280,slsmqhm_16_128,51214585,256
2189441240,slsmqhm_16_128,51198048,256
2087734580,slsmqhm_16_128,51206962,256
1890435280,slsmqhm_16_128,51222976,256
1809612220,slsmqhm_16_128,51191730,256
2360311160,slsmqhm_16_256,51266125,256
2508281060,slsmqhm_16_256,51192485,256
2203374340,slsmqhm_16_256,51290071,256
2094372080,slsmqhm_16_256,51182395,256
2372933360,slsmqhm_16_256,51310237,256
2390281340,slsmqhm_16_512,51209494,256
2830759900,slsmqhm_16_512,51315082,256
3156757200,slsmqhm_16_512,51281628,256
2174874700,slsmqhm_16_512,51247289,256
2504557800,slsmqhm_16_512,51577103,256
2998243660,slsmqhm_16_1024,51510428,256
2904170680,slsmqhm_16_1024,51811429,256
2519196580,slsmqhm_16_1024,51531364,256
2794058400,slsmqhm_16_1024,51464451,256
3005567420,slsmqhm_16_1024,51628878,256
2670960220,slsmqhm_32_1,99511408,256
2874270780,slsmqhm_32_1,107313983,256
2311640400,slsmqhm_32_1,97731519,256
2799314560,slsmqhm_32_1,105724038,256
2486390520,slsmqhm_32_1,103369443,256
2338079720,slsmqhm_32_2,81596160,256
2024010540,slsmqhm_32_2,77962387,256
1753123760,slsmqhm_32_2,77282068,256
2083947840,slsmqhm_32_2,81009468,256
2016573580,slsmqhm_32_2,79615364,256
1625459600,slsmqhm_32_4,66937824,256
1213179400,slsmqhm_32_4,63307723,256
1438901000,slsmqhm_32_4,69887307,256
1389481360,slsmqhm_32_4,71652849,256
1613935340,slsmqhm_32_4,67273611,256
1018266940,slsmqhm_32_8,54965363,256
1052407300,slsmqhm_32_8,55998605,256
1149909040,slsmqhm_32_8,55835562,256
1173719620,slsmqhm_32_8,55517726,256
761663500,slsmqhm_32_8,54678639,256
889102800,slsmqhm_32_16,52810101,256
854411980,slsmqhm_32_16,52472131,256
712536120,slsmqhm_32_16,52576899,256
787614080,slsmqhm_32_16,52952291,256
1012575380,slsmqhm_32_16,52598552,256
787326800,slsmqhm_32_32,51950521,256
873557360,slsmqhm_32_32,52089884,256
1163007660,slsmqhm_32_32,52238398,256
763896400,slsmqhm_32_32,52019329,256
962789240,slsmqhm_32_32,52189991,256
1232332980,slsmqhm_32_64,51676631,256
1564997520,slsmqhm_32_64,52017064,256
1319151500,slsmqhm_32_64,51756906,256
1156285880,slsmqhm_32_64,51785808,256
1193624680,slsmqhm_32_64,51732994,256
1574828660,slsmqhm_32_128,51376533,256
1637477460,slsmqhm_32_128,51404825,256
1342228340,slsmqhm_32_128,51355876,256
1559504280,slsmqhm_32_128,51464822,256
1644450980,slsmqhm_32_128,51356558,256
1838759800,slsmqhm_32_256,51502483,256
1936746900,slsmqhm_32_256,51249003,256
1785616480,slsmqhm_32_256,51347510,256
2019334780,slsmqhm_32_256,51399355,256
1881899940,slsmqhm_32_256,51493747,256
1900495080,slsmqhm_32_512,51483248,256
2056925540,slsmqhm_32_512,51743445,256
2210456800,slsmqhm_32_512,51337860,256
2032769060,slsmqhm_32_512,51432208,256
2623360820,slsmqhm_32_512,51556660,256
2417607880,slsmqhm_32_1024,51724292,256
2106085320,slsmqhm_32_1024,51610871,256
2469745500,slsmqhm_32_1024,51866630,256
2319687220,slsmqhm_32_1024,51872383,256
2251437560,slsmqhm_32_1024,51897049,256
3208470040,slsmqhm_64_1,123173451,256
3427294680,slsmqhm_64_1,125540399,256
3276973840,slsmqhm_64_1,126697318,256
3412052020,slsmqhm_64_1,125027867,256
3061282900,slsmqhm_64_1,118624612,256
2379614860,slsmqhm_64_2,95039833,256
3213168680,slsmqhm_64_2,113002897,256
3289187220,slsmqhm_64_2,100018202,256
2904215760,slsmqhm_64_2,108375084,256
2376180120,slsmqhm_64_2,96373060,256
1708257240,slsmqhm_64_4,76323391,256
2372727780,slsmqhm_64_4,84594937,256
2088372980,slsmqhm_64_4,82128189,256
1939571900,slsmqhm_64_4,80273528,256
2535929500,slsmqhm_64_4,81060565,256
1504726580,slsmqhm_64_8,66746787,256
1513852060,slsmqhm_64_8,67672681,256
1795653960,slsmqhm_64_8,67305076,256
1475832840,slsmqhm_64_8,67528390,256
1286635720,slsmqhm_64_8,65508536,256
1015908600,slsmqhm_64_16,55297974,256
1131512340,slsmqhm_64_16,61173642,256
1281549820,slsmqhm_64_16,57238475,256
1310692440,slsmqhm_64_16,56060140,256
854345640,slsmqhm_64_16,56742350,256
687962840,slsmqhm_64_32,52810672,256
798310320,slsmqhm_64_32,52724915,256
636838560,slsmqhm_64_32,52670648,256
778137800,slsmqhm_64_32,53797646,256
1350783580,slsmqhm_64_32,52587317,256
927687440,slsmqhm_64_64,52720933,256
760155300,slsmqhm_64_64,52201958,256
943458940,slsmqhm_64_64,52152615,256
767858700,slsmqhm_64_64,52135503,256
808956840,slsmqhm_64_64,52206175,256
1189702600,slsmqhm_64_128,51972827,256
1107458340,slsmqhm_64_128,51818322,256
1213684340,slsmqhm_64_128,51924352,256
1102313920,slsmqhm_64_128,51830922,256
1114988160,slsmqhm_64_128,51817504,256
1466927020,slsmqhm_64_256,51780886,256
1471200900,slsmqhm_64_256,51716185,256
1507132260,slsmqhm_64_256,51612617,256
1399382080,slsmqhm_64_256,51773614,256
1415185080,slsmqhm_64_256,51644086,256
1740414440,slsmqhm_64_512,52025909,256
1715579640,slsmqhm_64_512,51870132,256
1812880340,slsmqhm_64_512,52097115,256
1727228140,slsmqhm_64_512,51838121,256
1678543580,slsmqhm_64_512,52292239,256
1896596620,slsmqhm_64_1024,52422689,256
1844002200,slsmqhm_64_1024,52060118,256
1935135340,slsmqhm_64_1024,52116601,256
1900590420,slsmqhm_64_1024,52228060,256
1817770780,slsmqhm_64_1024,52016045,256
3765117840,slsmqhm_128_1,139660011,256
3616435400,slsmqhm_128_1,132757428,256
3865097420,slsmqhm_128_1,143011745,256
3405869940,slsmqhm_128_1,134208700,256
3707585920,slsmqhm_128_1,134958777,256
3193091440,slsmqhm_128_2,110124541,256
2927970160,slsmqhm_128_2,115273828,256
3708215980,slsmqhm_128_2,124472408,256
3277635920,slsmqhm_128_2,123105199,256
3907684780,slsmqhm_128_2,121443161,256
2069304720,slsmqhm_128_4,89349311,256
2645985940,slsmqhm_128_4,95945894,256
3061294940,slsmqhm_128_4,97160772,256
2796288100,slsmqhm_128_4,99947474,256
2604137780,slsmqhm_128_4,103751775,256
2064128400,slsmqhm_128_8,85962620,256
2258485840,slsmqhm_128_8,83733063,256
2106477300,slsmqhm_128_8,85332274,256
2031630920,slsmqhm_128_8,79991188,256
2275165200,slsmqhm_128_8,87975587,256
1565288460,slsmqhm_128_16,66600718,256
1759182520,slsmqhm_128_16,71311147,256
1843010520,slsmqhm_128_16,69987540,256
1474014700,slsmqhm_128_16,70550595,256
1626187860,slsmqhm_128_16,70023907,256
880684280,slsmqhm_128_32,57755868,256
1120606720,slsmqhm_128_32,58526547,256
877597620,slsmqhm_128_32,56471506,256
803148240,slsmqhm_128_32,56889984,256
1084608520,slsmqhm_128_32,57561551,256
719031380,slsmqhm_128_64,53263759,256
907096460,slsmqhm_128_64,53884079,256
718965820,slsmqhm_128_64,53069480,256
1169447140,slsmqhm_128_64,54142024,256
672991860,slsmqhm_128_64,53167261,256
904904200,slsmqhm_128_128,53010017,256
816058380,slsmqhm_128_128,52811565,256
1062735900,slsmqhm_128_128,52873818,256
728225340,slsmqhm_128_128,52897957,256
826751380,slsmqhm_128_128,52706050,256
1175010720,slsmqhm_128_256,52620631,256
1008284680,slsmqhm_128_256,52100205,256
1185086440,slsmqhm_128_256,52542536,256
1236491220,slsmqhm_128_256,52431373,256
1082480920,slsmqhm_128_256,52040538,256
1431753580,slsmqhm_128_512,52357615,256
1285026400,slsmqhm_128_512,52480739,256
1373953360,slsmqhm_128_512,52603798,256
1325952500,slsmqhm_128_512,52231055,256
1220762540,slsmqhm_128_512,52204992,256
1350653260,slsmqhm_128_1024,52366829,256
1985283120,slsmqhm_128_1024,52691837,256
1576660860,slsmqhm_128_1024,52578718,256
1604910480,slsmqhm_128_1024,52978349,256
1369787780,slsmqhm_128_1024,53187769,256
3908106260,slsmqhm_256_1,144593511,256
4129153120,slsmqhm_256_1,150348716,256
4045752840,slsmqhm_256_1,157449930,256
3827187280,slsmqhm_256_1,149048501,256
4076607260,slsmqhm_256_1,154916171,256
3880946080,slsmqhm_256_2,124656368,256
4086153220,slsmqhm_256_2,131662101,256
2847927420,slsmqhm_256_2,118943531,256
3713507240,slsmqhm_256_2,127877735,256
4022298860,slsmqhm_256_2,135422462,256
3718745760,slsmqhm_256_4,112965982,256
3046353960,slsmqhm_256_4,112963326,256
3297481900,slsmqhm_256_4,112938943,256
3033828220,slsmqhm_256_4,109083869,256
4142324740,slsmqhm_256_4,121410426,256
2763427080,slsmqhm_256_8,110275451,256
2410937560,slsmqhm_256_8,102089946,256
2328747980,slsmqhm_256_8,101399674,256
2984465940,slsmqhm_256_8,111476427,256
2939293120,slsmqhm_256_8,105738530,256
2306197980,slsmqhm_256_16,87273480,256
2816895060,slsmqhm_256_16,93634951,256
2396184840,slsmqhm_256_16,84414953,256
2398701660,slsmqhm_256_16,88950340,256
2371798180,slsmqhm_256_16,86813517,256
1690788160,slsmqhm_256_32,70069104,256
1563083580,slsmqhm_256_32,77449365,256
1167878980,slsmqhm_256_32,67417062,256
2094822000,slsmqhm_256_32,80312584,256
1358943280,slsmqhm_256_32,69844370,256
1313336780,slsmqhm_256_64,60971458,256
1798794240,slsmqhm_256_64,60668850,256
1013147300,slsmqhm_256_64,61258518,256
863513280,slsmqhm_256_64,60105830,256
757270720,slsmqhm_256_64,58267013,256
747868200,slsmqhm_256_128,55363592,256
700816700,slsmqhm_256_128,54794150,256
1043543100,slsmqhm_256_128,56685746,256
774396660,slsmqhm_256_128,55381793,256
1067399220,slsmqhm_256_128,55013417,256
849822480,slsmqhm_256_256,53040332,256
978430660,slsmqhm_256_256,53736818,256
1062725920,slsmqhm_256_256,53236890,256
842557980,slsmqhm_256_256,53116637,256
872299440,slsmqhm_256_256,53208070,256
857016240,slsmqhm_256_512,52694384,256
904696780,slsmqhm_256_512,53056248,256
1092445100,slsmqhm_256_512,53522759,256
1052194720,slsmqhm_256_512,53409795,256
851979300,slsmqhm_256_512,52943629,256
1124770740,slsmqhm_256_1024,52490925,256
1583266940,slsmqhm_256_1024,52945600,256
1244094640,slsmqhm_256_1024,53148079,256
1403570340,slsmqhm_256_1024,53295477,256
1569488420,slsmqhm_256_1024,53963650,256
4123095360,slsmqhm_512_1,153479737,256
4165744160,slsmqhm_512_1,156935180,256
3957043800,slsmqhm_512_1,140910471,256
3996194560,slsmqhm_512_1,149705347,256
4342528160,slsmqhm_512_1,165424787,256
4122429620,slsmqhm_512_2,147924268,256
5009873460,slsmqhm_512_2,159713216,256
4315587020,slsmqhm_512_2,138416797,256
4657356800,slsmqhm_512_2,142308031,256
4025289680,slsmqhm_512_2,131535373,256
4072762120,slsmqhm_512_4,134997988,256
4232137980,slsmqhm_512_4,130475730,256
3924782520,slsmqhm_512_4,126034110,256
2790446800,slsmqhm_512_4,108772218,256
4168501080,slsmqhm_512_4,138298197,256
3887206020,slsmqhm_512_8,125337271,256
2647039040,slsmqhm_512_8,97231645,256
3659904940,slsmqhm_512_8,120772538,256
3246462540,slsmqhm_512_8,118889976,256
3339475600,slsmqhm_512_8,129319766,256
2994531260,slsmqhm_512_16,102853810,256
3581492500,slsmqhm_512_16,109325818,256
2963532860,slsmqhm_512_16,108470151,256
3871332580,slsmqhm_512_16,106222508,256
2185336460,slsmqhm_512_16,103009706,256
2668208740,slsmqhm_512_32,87141307,256
2244859340,slsmqhm_512_32,95865066,256
2504486480,slsmqhm_512_32,89417059,256
1506226760,slsmqhm_512_32,80709047,256
2219889840,slsmqhm_512_32,89197386,256
1639233520,slsmqhm_512_64,76511859,256
1921448300,slsmqhm_512_64,75872952,256
2197155240,slsmqhm_512_64,80302488,256
1597701220,slsmqhm_512_64,81084472,256
1837704000,slsmqhm_512_64,75792679,256
1575745780,slsmqhm_512_128,66255566,256
1108293400,slsmqhm_512_128,64777514,256
1099187700,slsmqhm_512_128,63555024,256
947815520,slsmqhm_512_128,62851726,256
1385789680,slsmqhm_512_128,63062751,256
1311240320,slsmqhm_512_256,59053132,256
1282323100,slsmqhm_512_256,55114376,256
700983780,slsmqhm_512_256,57299389,256
1015197320,slsmqhm_512_256,56655779,256
1059206360,slsmqhm_512_256,55541410,256
826100080,slsmqhm_512_512,54435977,256
917980180,slsmqhm_512_512,54430006,256
1044774340,slsmqhm_512_512,54351779,256
719333000,slsmqhm_512_512,53461654,256
697871960,slsmqhm_512_512,54226477,256
1076280560,slsmqhm_512_1024,55305743,256
862297840,slsmqhm_512_1024,54267877,256
892960420,slsmqhm_512_1024,55623580,256
892561600,slsmqhm_512_1024,54602563,256
986732780,slsmqhm_512_1024,55676407,256
4343493300,slsmqhm_1024_1,160042360,256
4202014580,slsmqhm_1024_1,161853478,256
4196281240,slsmqhm_1024_1,161220109,256
3896356000,slsmqhm_1024_1,156749034,256
4333036940,slsmqhm_1024_1,162513144,256
4379754520,slsmqhm_1024_2,150077841,256
5067535720,slsmqhm_1024_2,158079208,256
4713908480,slsmqhm_1024_2,156312271,256
4895498320,slsmqhm_1024_2,161783600,256
4791631240,slsmqhm_1024_2,155146037,256
3929602440,slsmqhm_1024_4,136087996,256
3215670420,slsmqhm_1024_4,120704620,256
3767964300,slsmqhm_1024_4,127603648,256
3851198240,slsmqhm_1024_4,140206618,256
3628348140,slsmqhm_1024_4,134335732,256
3925382160,slsmqhm_1024_8,121032824,256
4552495380,slsmqhm_1024_8,138288987,256
3288536840,slsmqhm_1024_8,126882474,256
4079865140,slsmqhm_1024_8,135160593,256
3182376580,slsmqhm_1024_8,130406348,256
2602379260,slsmqhm_1024_16,111585299,256
3194819080,slsmqhm_1024_16,117829460,256
3360774600,slsmqhm_1024_16,118933318,256
3569562820,slsmqhm_1024_16,119524583,256
3646348900,slsmqhm_1024_16,127939591,256
3576707500,slsmqhm_1024_32,115274986,256
3025234040,slsmqhm_1024_32,109443189,256
2818820920,slsmqhm_1024_32,103757712,256
2808732740,slsmqhm_1024_32,114910323,256
3195708980,slsmqhm_1024_32,103812512,256
2503270820,slsmqhm_1024_64,96345445,256
2521894880,slsmqhm_1024_64,91239456,256
3282776620,slsmqhm_1024_64,96216180,256
2929538100,slsmqhm_1024_64,91151857,256
1952639680,slsmqhm_1024_64,84318875,256
1810148040,slsmqhm_1024_128,78928213,256
1956594540,slsmqhm_1024_128,80284855,256
2735982360,slsmqhm_1024_128,80298192,256
1544557060,slsmqhm_1024_128,75139940,256
2874729400,slsmqhm_1024_128,87749354,256
1127420860,slsmqhm_1024_256,71803572,256
1645375520,slsmqhm_1024_256,70868006,256
1390845560,slsmqhm_1024_256,69104884,256
1053253740,slsmqhm_1024_256,70132042,256
1320589300,slsmqhm_1024_256,67245615,256
1387455360,slsmqhm_1024_512,58332596,256
1218141340,slsmqhm_1024_512,59051914,256
1509782200,slsmqhm_1024_512,60116372,256
1273644700,slsmqhm_1024_512,60439254,256
1163934520,slsmqhm_1024_512,62386302,256
1369931960,slsmqhm_1024_1024,56947677,256
927109540,slsmqhm_1024_1024,56912643,256
863506160,slsmqhm_1024_1024,56506901,256
877203500,slsmqhm_1024_1024,56371205,256
1000440860,slsmqhm_1024_1024,57065269,256
