3812754120,slsmqhm_1_1,85699659,256,10
3848603940,slsmqhm_1_1,85611234,256,10
3783952400,slsmqhm_1_1,85630893,256,10
3839973940,slsmqhm_1_1,85678461,256,10
4687404520,slsmqhm_1_1,85649173,256,10
5305210280,slsmqhm_1_2,85421403,256,10
4676942260,slsmqhm_1_2,85517213,256,10
4751051580,slsmqhm_1_2,85507352,256,10
4884762840,slsmqhm_1_2,85459297,256,10
4444663880,slsmqhm_1_2,85466969,256,10
4590638140,slsmqhm_1_4,85559135,256,10
4555766180,slsmqhm_1_4,85543321,256,10
4562885440,slsmqhm_1_4,85467328,256,10
4552850740,slsmqhm_1_4,85436575,256,10
4473620520,slsmqhm_1_4,85450691,256,10
4538277580,slsmqhm_1_8,85717921,256,10
4758883060,slsmqhm_1_8,85653084,256,10
5308446020,slsmqhm_1_8,85578720,256,10
4525749940,slsmqhm_1_8,85660336,256,10
4809955960,slsmqhm_1_8,85594365,256,10
4647506920,slsmqhm_1_16,85992745,256,10
5107630680,slsmqhm_1_16,85942194,256,10
4701666160,slsmqhm_1_16,85884385,256,10
4797252760,slsmqhm_1_16,85906639,256,10
4633593800,slsmqhm_1_16,85965273,256,10
4985034180,slsmqhm_1_32,86475146,256,10
4973380600,slsmqhm_1_32,86518129,256,10
5452664960,slsmqhm_1_32,86708225,256,10
4943989400,slsmqhm_1_32,86730875,256,10
4793792240,slsmqhm_1_32,86560814,256,10
5052622980,slsmqhm_1_64,87399967,256,10
5159318740,slsmqhm_1_64,87555251,256,10
5481298860,slsmqhm_1_64,87579359,256,10
5150502820,slsmqhm_1_64,87723136,256,10
4992219100,slsmqhm_1_64,87640550,256,10
5163577140,slsmqhm_1_128,88565643,256,10
5229082520,slsmqhm_1_128,88718983,256,10
5062063460,slsmqhm_1_128,88791667,256,10
5105737900,slsmqhm_1_128,88674838,256,10
5171844340,slsmqhm_1_128,88755844,256,10
5363055120,slsmqhm_1_256,89540851,256,10
5181492780,slsmqhm_1_256,89473403,256,10
6122897240,slsmqhm_1_256,89567143,256,10
5350380100,slsmqhm_1_256,89547062,256,10
5794903000,slsmqhm_1_256,89566102,256,10
5106030160,slsmqhm_1_512,90442362,256,10
5007258740,slsmqhm_1_512,90455951,256,10
5450438280,slsmqhm_1_512,90494149,256,10
5064311520,slsmqhm_1_512,90006786,256,10
5055410940,slsmqhm_1_512,90161614,256,10
5232159000,slsmqhm_1_1024,92261546,256,10
5294359200,slsmqhm_1_1024,91607627,256,10
5413242960,slsmqhm_1_1024,91034431,256,10
5251816880,slsmqhm_1_1024,92160398,256,10
5275646620,slsmqhm_1_1024,90703664,256,10
4035061940,slsmqhm_2_1,87310304,256,10
4112767000,slsmqhm_2_1,87173355,256,10
4047695280,slsmqhm_2_1,87175127,256,10
4118281160,slsmqhm_2_1,87277211,256,10
4089341200,slsmqhm_2_1,87293965,256,10
5151089000,slsmqhm_2_2,86093551,256,10
3716409020,slsmqhm_2_2,86112585,256,10
3667212740,slsmqhm_2_2,85939369,256,10
3514579740,slsmqhm_2_2,85987600,256,10
4898400540,slsmqhm_2_2,86053074,256,10
4736639320,slsmqhm_2_4,85729870,256,10
4506993200,slsmqhm_2_4,85669275,256,10
4564244940,slsmqhm_2_4,85670143,256,10
3976482340,slsmqhm_2_4,85713059,256,10
4834243980,slsmqhm_2_4,85666286,256,10
4734503720,slsmqhm_2_8,85877619,256,10
4432459960,slsmqhm_2_8,85811057,256,10
4713077500,slsmqhm_2_8,85795031,256,10
4521803220,slsmqhm_2_8,85799699,256,10
4472750260,slsmqhm_2_8,85742476,256,10
4898658420,slsmqhm_2_16,85976675,256,10
4567424540,slsmqhm_2_16,85964610,256,10
4577773020,slsmqhm_2_16,85882567,256,10
4985214360,slsmqhm_2_16,85933468,256,10
4533967080,slsmqhm_2_16,86053711,256,10
4709595620,slsmqhm_2_32,86233213,256,10
4863673440,slsmqhm_2_32,86243127,256,10
4765745320,slsmqhm_2_32,86371747,256,10
4629571480,slsmqhm_2_32,86325829,256,10
4656916280,slsmqhm_2_32,86263109,256,10
4951697640,slsmqhm_2_64,87154716,256,10
5051748360,slsmqhm_2_64,87081281,256,10
4865993440,slsmqhm_2_64,87331476,256,10
4858666400,slsmqhm_2_64,87340136,256,10
4852814580,slsmqhm_2_64,87309165,256,10
4969042900,slsmqhm_2_128,88194776,256,10
5548494900,slsmqhm_2_128,88548957,256,10
4991351080,slsmqhm_2_128,88568708,256,10
4865164180,slsmqhm_2_128,88253131,256,10
5792865600,slsmqhm_2_128,88339479,256,10
5851246980,slsmqhm_2_256,89416496,256,10
5266154280,slsmqhm_2_256,89285408,256,10
4826832260,slsmqhm_2_256,89260446,256,10
4955535540,slsmqhm_2_256,88855081,256,10
5222650640,slsmqhm_2_256,89456743,256,10
5128882340,slsmqhm_2_512,90183578,256,10
5078323380,slsmqhm_2_512,90023255,256,10
5253089640,slsmqhm_2_512,90335742,256,10
6714287600,slsmqhm_2_512,89891230,256,10
5124530900,slsmqhm_2_512,90336459,256,10
4984104660,slsmqhm_2_1024,91117995,256,10
4890915080,slsmqhm_2_1024,91977648,256,10
5229766780,slsmqhm_2_1024,91566728,256,10
4997345400,slsmqhm_2_1024,92065109,256,10
4766739540,slsmqhm_2_1024,91449284,256,10
4403704620,slsmqhm_4_1,91202936,256,10
4581597600,slsmqhm_4_1,91146365,256,10
4783876140,slsmqhm_4_1,91115887,256,10
4765092200,slsmqhm_4_1,91432750,256,10
4534890300,slsmqhm_4_1,91183019,256,10
4868859100,slsmqhm_4_2,88103463,256,10
4078893520,slsmqhm_4_2,88396113,256,10
3897616060,slsmqhm_4_2,88398048,256,10
4192493220,slsmqhm_4_2,87944511,256,10
4629138480,slsmqhm_4_2,88218573,256,10
3424346400,slsmqhm_4_4,86640070,256,10
4744660320,slsmqhm_4_4,86432895,256,10
3617487100,slsmqhm_4_4,86563407,256,10
4622295900,slsmqhm_4_4,86442395,256,10
4154263760,slsmqhm_4_4,86511844,256,10
3878168760,slsmqhm_4_8,86036626,256,10
3791728800,slsmqhm_4_8,85848604,256,10
3928672260,slsmqhm_4_8,86025179,256,10
4531963860,slsmqhm_4_8,86038547,256,10
3715511180,slsmqhm_4_8,86118727,256,10
4292529800,slsmqhm_4_16,85928181,256,10
4437469340,slsmqhm_4_16,86035215,256,10
4382490980,slsmqhm_4_16,85947562,256,10
4686259320,slsmqhm_4_16,85993340,256,10
4398870300,slsmqhm_4_16,86140341,256,10
4428411700,slsmqhm_4_32,86387320,256,10
4470041940,slsmqhm_4_32,86514969,256,10
4931784860,slsmqhm_4_32,86517338,256,10
4786859480,slsmqhm_4_32,86110230,256,10
4495408180,slsmqhm_4_32,86136748,256,10
5239458580,slsmqhm_4_64,86678480,256,10
4849705940,slsmqhm_4_64,86980326,256,10
5317678020,slsmqhm_4_64,86868714,256,10
4688511500,slsmqhm_4_64,86817878,256,10
4563722820,slsmqhm_4_64,86667314,256,10
4800868220,slsmqhm_4_128,87916307,256,10
4836518960,slsmqhm_4_128,87639703,256,10
4852324060,slsmqhm_4_128,87618954,256,10
4825869920,slsmqhm_4_128,88002152,256,10
4785607480,slsmqhm_4_128,88050405,256,10
4819839180,slsmqhm_4_256,89228418,256,10
5913112600,slsmqhm_4_256,88893189,256,10
5055560400,slsmqhm_4_256,88890995,256,10
5497120340,slsmqhm_4_256,88832816,256,10
4971881500,slsmqhm_4_256,88828303,256,10
4924680240,slsmqhm_4_512,90097357,256,10
4968205540,slsmqhm_4_512,90125415,256,10
5059614320,slsmqhm_4_512,90422441,256,10
4996841340,slsmqhm_4_512,90053039,256,10
6068115720,slsmqhm_4_512,89446125,256,10
4685733320,slsmqhm_4_1024,90936378,256,10
5153846780,slsmqhm_4_1024,93371621,256,10
4944922440,slsmqhm_4_1024,91726183,256,10
4764860240,slsmqhm_4_1024,91435850,256,10
4853810160,slsmqhm_4_1024,92451655,256,10
4556159300,slsmqhm_8_1,96892903,256,10
4489192720,slsmqhm_8_1,95905261,256,10
4621453500,slsmqhm_8_1,96536591,256,10
4823003080,slsmqhm_8_1,96345590,256,10
4948899860,slsmqhm_8_1,97032664,256,10
4857678200,slsmqhm_8_2,91734766,256,10
5426537460,slsmqhm_8_2,92626983,256,10
4833388520,slsmqhm_8_2,93249651,256,10
4936398920,slsmqhm_8_2,92196889,256,10
4190326980,slsmqhm_8_2,92526219,256,10
4051880160,slsmqhm_8_4,88763406,256,10
4459930100,slsmqhm_8_4,89215787,256,10
4536022860,slsmqhm_8_4,89360174,256,10
5039719860,slsmqhm_8_4,88909307,256,10
4431090480,slsmqhm_8_4,89281376,256,10
3885937920,slsmqhm_8_8,87030474,256,10
4384070360,slsmqhm_8_8,86848985,256,10
3805635360,slsmqhm_8_8,87094914,256,10
4189038960,slsmqhm_8_8,87144436,256,10
4043815220,slsmqhm_8_8,86847311,256,10
4134157080,slsmqhm_8_16,86439074,256,10
3902103020,slsmqhm_8_16,86376570,256,10
3447491720,slsmqhm_8_16,86547979,256,10
3725143140,slsmqhm_8_16,86389437,256,10
4255612380,slsmqhm_8_16,86466383,256,10
4180957140,slsmqhm_8_32,86764744,256,10
4574631680,slsmqhm_8_32,86539529,256,10
4777823280,slsmqhm_8_32,86305982,256,10
4789946460,slsmqhm_8_32,86311176,256,10
4591040620,slsmqhm_8_32,86616738,256,10
5701284060,slsmqhm_8_64,86723517,256,10
4310350900,slsmqhm_8_64,86881060,256,10
4297164940,slsmqhm_8_64,86525980,256,10
4362759060,slsmqhm_8_64,87025758,256,10
4511775740,slsmqhm_8_64,86831958,256,10
5244284580,slsmqhm_8_128,87603645,256,10
4706627260,slsmqhm_8_128,87376802,256,10
4643447140,slsmqhm_8_128,87936684,256,10
4502937500,slsmqhm_8_128,87636668,256,10
4602913960,slsmqhm_8_128,87640684,256,10
4791723340,slsmqhm_8_256,88525350,256,10
4831644160,slsmqhm_8_256,88830028,256,10
4638453260,slsmqhm_8_256,89097898,256,10
4669069660,slsmqhm_8_256,88476179,256,10
5035557840,slsmqhm_8_256,88695957,256,10
4920346320,slsmqhm_8_512,90060590,256,10
4738594160,slsmqhm_8_512,89958018,256,10
4846413300,slsmqhm_8_512,90366649,256,10
4682450940,slsmqhm_8_512,89195873,256,10
4875231260,slsmqhm_8_512,90464822,256,10
4845739300,slsmqhm_8_1024,91667925,256,10
4806032900,slsmqhm_8_1024,92017363,256,10
4567639580,slsmqhm_8_1024,91014593,256,10
5606911060,slsmqhm_8_1024,91241333,256,10
4849172380,slsmqhm_8_1024,92684978,256,10
5618543780,slsmqhm_16_1,103781053,256,10
4973799120,slsmqhm_16_1,103063218,256,10
5383427980,slsmqhm_16_1,103594319,256,10
5073311960,slsmqhm_16_1,103431829,256,10
5038321580,slsmqhm_16_1,101686605,256,10
6179794560,slsmqhm_16_2,98227085,256,10
4706299060,slsmqhm_16_2,98085435,256,10
5007169780,slsmqhm_16_2,98948057,256,10
6305534600,slsmqhm_16_2,97085872,256,10
5107096280,slsmqhm_16_2,97456513,256,10
4523756920,slsmqhm_16_4,93622858,256,10
6183726560,slsmqhm_16_4,93388979,256,10
4580602140,slsmqhm_16_4,93278458,256,10
5663130980,slsmqhm_16_4,93335978,256,10
4659563420,slsmqhm_16_4,93197742,256,10
3781558960,slsmqhm_16_8,89980314,256,10
5202522220,slsmqhm_16_8,90284213,256,10
4625514280,slsmqhm_16_8,89277744,256,10
4244327020,slsmqhm_16_8,89733958,256,10
4459293800,slsmqhm_16_8,90339368,256,10
4241746440,slsmqhm_16_16,87403009,256,10
3838504320,slsmqhm_16_16,87520071,256,10
3465568820,slsmqhm_16_16,87768692,256,10
4241368640,slsmqhm_16_16,87221877,256,10
4263950340,slsmqhm_16_16,87714809,256,10
3688298940,slsmqhm_16_32,86903760,256,10
3687506700,slsmqhm_16_32,86923013,256,10
4372890840,slsmqhm_16_32,87198772,256,10
4039473500,slsmqhm_16_32,87102229,256,10
3502227280,slsmqhm_16_32,86778811,256,10
4633039460,slsmqhm_16_64,87168794,256,10
4529826720,slsmqhm_16_64,87081494,256,10
4762885100,slsmqhm_16_64,87379014,256,10
4384807320,slsmqhm_16_64,86946451,256,10
4618140980,slsmqhm_16_64,87213592,256,10
4365158260,slsmqhm_16_128,87599733,256,10
4249595660,slsmqhm_16_128,87517356,256,10
5716966200,slsmqhm_16_128,87986344,256,10
4194212720,slsmqhm_16_128,87749103,256,10
4201306320,slsmqhm_16_128,87688653,256,10
4489951280,slsmqhm_16_256,88486585,256,10
4434750200,slsmqhm_16_256,88268727,256,10
4695015880,slsmqhm_16_256,88821108,256,10
4476327940,slsmqhm_16_256,88730321,256,10
4360468800,slsmqhm_16_256,88817035,256,10
4605536400,slsmqhm_16_512,89848484,256,10
4587414200,slsmqhm_16_512,90536839,256,10
4423070660,slsmqhm_16_512,89643559,256,10
4861417920,slsmqhm_16_512,90252217,256,10
5342354380,slsmqhm_16_512,89546012,256,10
4810579480,slsmqhm_16_1024,91598283,256,10
4542705800,slsmqhm_16_1024,91340274,256,10
4838163100,slsmqhm_16_1024,93072808,256,10
4613172480,slsmqhm_16_1024,92599919,256,10
4606490440,slsmqhm_16_1024,92277698,256,10
5559011340,slsmqhm_32_1,109589740,256,10
5811507260,slsmqhm_32_1,110707054,256,10
5436821080,slsmqhm_32_1,111218687,256,10
5859569880,slsmqhm_32_1,110832384,256,10
5760956900,slsmqhm_32_1,109511165,256,10
5369950140,slsmqhm_32_2,102784213,256,10
5133613340,slsmqhm_32_2,105104926,256,10
5103652780,slsmqhm_32_2,104715927,256,10
6238369960,slsmqhm_32_2,103850144,256,10
5409563900,slsmqhm_32_2,104925249,256,10
6285216080,slsmqhm_32_4,99012139,256,10
6461253660,slsmqhm_32_4,98556751,256,10
4669053840,slsmqhm_32_4,98500614,256,10
4796890100,slsmqhm_32_4,98943209,256,10
4675818380,slsmqhm_32_4,98218471,256,10
5136682420,slsmqhm_32_8,93218153,256,10
4791292000,slsmqhm_32_8,94148453,256,10
5318848540,slsmqhm_32_8,94302057,256,10
4386312960,slsmqhm_32_8,94706383,256,10
5089437020,slsmqhm_32_8,94893078,256,10
6175544220,slsmqhm_32_16,90798092,256,10
6520737600,slsmqhm_32_16,90756906,256,10
5101401120,slsmqhm_32_16,90326064,256,10
3835869960,slsmqhm_32_16,91529088,256,10
4191272320,slsmqhm_32_16,91118713,256,10
4587751400,slsmqhm_32_32,88579669,256,10
5272120860,slsmqhm_32_32,88359223,256,10
3988647920,slsmqhm_32_32,88415652,256,10
4914838580,slsmqhm_32_32,88443792,256,10
3808415340,slsmqhm_32_32,88917243,256,10
3598419700,slsmqhm_32_64,87839373,256,10
4463464440,slsmqhm_32_64,87686037,256,10
3590459020,slsmqhm_32_64,88050075,256,10
3878589280,slsmqhm_1_1,85736863,256,10
3826892300,slsmqhm_1_1,85591735,256,10
3823444520,slsmqhm_1_1,85657499,256,10
3865209780,slsmqhm_1_1,85713062,256,10
3744662420,slsmqhm_1_1,85589458,256,10
5318086960,slsmqhm_1_2,85458999,256,10
4608806580,slsmqhm_1_2,85463156,256,10
5542632400,slsmqhm_1_2,85471906,256,10
4649800020,slsmqhm_1_2,85516665,256,10
4616223980,slsmqhm_1_2,85453028,256,10
4443605080,slsmqhm_1_4,85427938,256,10
4440718600,slsmqhm_1_4,85509475,256,10
4822621780,slsmqhm_1_4,85521648,256,10
4563076620,slsmqhm_1_4,85516729,256,10
4442354380,slsmqhm_1_4,85482622,256,10
4765074780,slsmqhm_1_8,85686326,256,10
4634990740,slsmqhm_1_8,85666663,256,10
4743684120,slsmqhm_1_8,85644901,256,10
4795893140,slsmqhm_1_8,85613987,256,10
4604904700,slsmqhm_1_8,85564494,256,10
4798513200,slsmqhm_1_16,85867897,256,10
4806544000,slsmqhm_1_16,85864390,256,10
4808486140,slsmqhm_1_16,86012657,256,10
4819785220,slsmqhm_1_16,85914642,256,10
4636048220,slsmqhm_1_16,85882371,256,10
4845174740,slsmqhm_1_32,86552868,256,10
5046829860,slsmqhm_1_32,86654296,256,10
4905986020,slsmqhm_1_32,86559445,256,10
4917023220,slsmqhm_1_32,86597295,256,10
4968102120,slsmqhm_1_32,86460352,256,10
4984918900,slsmqhm_1_64,87784527,256,10
5113020840,slsmqhm_1_64,87640853,256,10
4971881320,slsmqhm_1_64,87408878,256,10
4919331540,slsmqhm_1_64,87655196,256,10
5079674820,slsmqhm_1_64,87366893,256,10
6075640540,slsmqhm_1_128,88677698,256,10
5062159140,slsmqhm_1_128,88479612,256,10
5083069120,slsmqhm_1_128,88277846,256,10
5147688060,slsmqhm_1_128,88630927,256,10
5180096660,slsmqhm_1_128,88608280,256,10
5096771980,slsmqhm_1_256,89431880,256,10
6057920600,slsmqhm_1_256,89674769,256,10
5166028860,slsmqhm_1_256,89208520,256,10
5340116440,slsmqhm_1_256,89589532,256,10
5508255280,slsmqhm_1_256,89596366,256,10
5043000900,slsmqhm_1_512,90609659,256,10
5260662120,slsmqhm_1_512,91015505,256,10
4960142960,slsmqhm_1_512,90181997,256,10
5230372920,slsmqhm_1_512,89932810,256,10
5218358600,slsmqhm_1_512,89872185,256,10
5116438120,slsmqhm_1_1024,91456080,256,10
5348129400,slsmqhm_1_1024,91431967,256,10
5114271840,slsmqhm_1_1024,91686311,256,10
5397163080,slsmqhm_1_1024,91274735,256,10
5301331620,slsmqhm_1_1024,92429899,256,10
4707658200,slsmqhm_2_1,87239734,256,10
3998112540,slsmqhm_2_1,87189201,256,10
4395708600,slsmqhm_2_1,87296929,256,10
4130052940,slsmqhm_2_1,87115335,256,10
4183165180,slsmqhm_2_1,87227844,256,10
4039568000,slsmqhm_2_2,86085072,256,10
3647790900,slsmqhm_2_2,86082736,256,10
3799281200,slsmqhm_2_2,86183156,256,10
4861143200,slsmqhm_2_2,85980814,256,10
4349539400,slsmqhm_2_2,86144621,256,10
4508464520,slsmqhm_2_4,85790962,256,10
4740562560,slsmqhm_2_4,85730939,256,10
4451683440,slsmqhm_2_4,85731962,256,10
4751944460,slsmqhm_2_4,85720904,256,10
3928266300,slsmqhm_2_4,85700996,256,10
5147505980,slsmqhm_2_8,85722369,256,10
4330063200,slsmqhm_2_8,85678200,256,10
4584525020,slsmqhm_2_8,85695511,256,10
4538197980,slsmqhm_2_8,85733084,256,10
4671265180,slsmqhm_2_8,85724745,256,10
5011958820,slsmqhm_2_16,86044863,256,10
5324181140,slsmqhm_2_16,86045922,256,10
4565102080,slsmqhm_2_16,86006123,256,10
4555053300,slsmqhm_2_16,85914507,256,10
5973052860,slsmqhm_2_16,86048417,256,10
4709430480,slsmqhm_2_32,86249167,256,10
4604286820,slsmqhm_2_32,86232556,256,10
4702317320,slsmqhm_2_32,86305911,256,10
4875973900,slsmqhm_2_32,86304048,256,10
4776619440,slsmqhm_2_32,86220490,256,10
5074783740,slsmqhm_2_64,87284539,256,10
4931032880,slsmqhm_2_64,87128335,256,10
5134523660,slsmqhm_2_64,87255801,256,10
4961014720,slsmqhm_2_64,87544501,256,10
4898769820,slsmqhm_2_64,87217093,256,10
4906050720,slsmqhm_2_128,88145690,256,10
4928209800,slsmqhm_2_128,88389706,256,10
4976015580,slsmqhm_2_128,88141788,256,10
5100928400,slsmqhm_2_128,88078278,256,10
4856835140,slsmqhm_2_128,88313558,256,10
5074020280,slsmqhm_2_256,89275220,256,10
5261772900,slsmqhm_2_256,89429312,256,10
5039491400,slsmqhm_2_256,88981654,256,10
5092782760,slsmqhm_2_256,89487706,256,10
4921115320,slsmqhm_2_256,89336357,256,10
5232476180,slsmqhm_2_512,90205808,256,10
5034526160,slsmqhm_2_512,90059649,256,10
5448761440,slsmqhm_2_512,90247321,256,10
5005121120,slsmqhm_2_512,90077252,256,10
5348112640,slsmqhm_2_512,90723449,256,10
4792886340,slsmqhm_2_1024,91930901,256,10
5176131360,slsmqhm_2_1024,90559820,256,10
5205128280,slsmqhm_2_1024,91194549,256,10
5354299220,slsmqhm_2_1024,92105229,256,10
5089704980,slsmqhm_2_1024,91658617,256,10
4389618920,slsmqhm_4_1,91689015,256,10
4741258400,slsmqhm_4_1,91077073,256,10
4556303700,slsmqhm_4_1,91578815,256,10
4581074000,slsmqhm_4_1,90756615,256,10
4427207220,slsmqhm_4_1,91511171,256,10
5446200600,slsmqhm_4_2,88559364,256,10
4197191840,slsmqhm_4_2,88059192,256,10
5055264420,slsmqhm_4_2,88474876,256,10
4850637520,slsmqhm_4_2,87889247,256,10
5463287620,slsmqhm_4_2,88010832,256,10
3665723640,slsmqhm_4_4,86330345,256,10
3807904960,slsmqhm_4_4,86488835,256,10
3798302280,slsmqhm_4_4,86476261,256,10
4211951420,slsmqhm_4_4,86496150,256,10
4839810620,slsmqhm_4_4,86570092,256,10
3817850920,slsmqhm_4_8,86020240,256,10
4491503520,slsmqhm_4_8,86078309,256,10
4745102280,slsmqhm_4_8,85969709,256,10
3926377640,slsmqhm_4_8,86106888,256,10
4675630400,slsmqhm_4_8,86077677,256,10
4427074660,slsmqhm_4_16,86023041,256,10
4533318220,slsmqhm_4_16,86191550,256,10
4466988060,slsmqhm_4_16,86064106,256,10
4477174140,slsmqhm_4_16,86170969,256,10
5118817560,slsmqhm_4_16,86044371,256,10
4480191320,slsmqhm_4_32,86218508,256,10
4447905840,slsmqhm_4_32,86243154,256,10
4473883680,slsmqhm_4_32,86317294,256,10
4562230140,slsmqhm_4_32,86366503,256,10
4378442500,slsmqhm_4_32,86330080,256,10
4799425620,slsmqhm_4_64,86792518,256,10
4680241940,slsmqhm_4_64,87052064,256,10
4582298180,slsmqhm_4_64,86934263,256,10
4615062920,slsmqhm_4_64,87025362,256,10
5106816040,slsmqhm_4_64,86784540,256,10
4701194580,slsmqhm_4_128,87822862,256,10
4835294880,slsmqhm_4_128,87873498,256,10
4982153100,slsmqhm_4_128,87888666,256,10
4964952980,slsmqhm_4_128,87898360,256,10
4892206640,slsmqhm_4_128,88256326,256,10
5400017320,slsmqhm_4_256,88710199,256,10
4766180080,slsmqhm_4_256,88857105,256,10
5142148240,slsmqhm_4_256,88933951,256,10
4873575080,slsmqhm_4_256,89376198,256,10
4842440660,slsmqhm_4_256,88919153,256,10
4937421620,slsmqhm_4_512,89927311,256,10
5007985860,slsmqhm_4_512,89812999,256,10
4930853820,slsmqhm_4_512,90113707,256,10
4946243020,slsmqhm_4_512,89946187,256,10
4864912200,slsmqhm_4_512,89910028,256,10
4703100040,slsmqhm_4_1024,91495166,256,10
5050965540,slsmqhm_4_1024,91906236,256,10
5063460620,slsmqhm_4_1024,91446091,256,10
5075635000,slsmqhm_4_1024,91278569,256,10
5008681340,slsmqhm_4_1024,91071090,256,10
4882826900,slsmqhm_8_1,96705747,256,10
5029223040,slsmqhm_8_1,96892800,256,10
4941373720,slsmqhm_8_1,96082701,256,10
5061383320,slsmqhm_8_1,96453533,256,10
4647728640,slsmqhm_8_1,96637812,256,10
4246794680,slsmqhm_8_2,92329055,256,10
5061904240,slsmqhm_8_2,91666851,256,10
4377398400,slsmqhm_8_2,92885298,256,10
4807668380,slsmqhm_8_2,92177841,256,10
4489511700,slsmqhm_8_2,92526336,256,10
4187641120,slsmqhm_8_4,88585995,256,10
4747057520,slsmqhm_8_4,88756941,256,10
4603927280,slsmqhm_8_4,89472591,256,10
4424615120,slsmqhm_8_4,88800376,256,10
5222688980,slsmqhm_8_4,89017513,256,10
4794304460,slsmqhm_8_8,87015521,256,10
4755109000,slsmqhm_8_8,87154577,256,10
4731797120,slsmqhm_8_8,87107023,256,10
4304563640,slsmqhm_8_8,86999018,256,10
4923563960,slsmqhm_8_8,87301890,256,10
3549132180,slsmqhm_8_16,86454490,256,10
3635139560,slsmqhm_8_16,86487923,256,10
4284531900,slsmqhm_8_16,86464003,256,10
4700789140,slsmqhm_8_16,86681992,256,10
4828265480,slsmqhm_8_16,86707214,256,10
4693807360,slsmqhm_8_32,86509300,256,10
4902276540,slsmqhm_8_32,86377990,256,10
4319621340,slsmqhm_8_32,86506650,256,10
4286805460,slsmqhm_8_32,86454502,256,10
4218462920,slsmqhm_8_32,86586777,256,10
4290634120,slsmqhm_8_64,86950298,256,10
4894461580,slsmqhm_8_64,86965823,256,10
4471798380,slsmqhm_8_64,86774990,256,10
4544873100,slsmqhm_8_64,86812650,256,10
4335172520,slsmqhm_8_64,86835306,256,10
4714903000,slsmqhm_8_128,87699736,256,10
5420560660,slsmqhm_8_128,87537011,256,10
4618379980,slsmqhm_8_128,87686491,256,10
4717462880,slsmqhm_8_128,87676525,256,10
4883307800,slsmqhm_8_128,87584451,256,10
4887262240,slsmqhm_8_256,88503207,256,10
4867703420,slsmqhm_8_256,88687331,256,10
4571957380,slsmqhm_8_256,88401024,256,10
4670587920,slsmqhm_8_256,88757713,256,10
4838003960,slsmqhm_8_256,89086989,256,10
5104300160,slsmqhm_8_512,89713688,256,10
4886580640,slsmqhm_8_512,89390331,256,10
4694136620,slsmqhm_8_512,90331345,256,10
5441441740,slsmqhm_8_512,89896527,256,10
4583116420,slsmqhm_8_512,89865941,256,10
4683948940,slsmqhm_8_1024,92254444,256,10
4787005760,slsmqhm_8_1024,91085315,256,10
4905119140,slsmqhm_8_1024,91914561,256,10
4780499680,slsmqhm_8_1024,91541990,256,10
4828651560,slsmqhm_8_1024,92002097,256,10
5094073480,slsmqhm_16_1,102566678,256,10
5137960800,slsmqhm_16_1,102942016,256,10
4966518500,slsmqhm_16_1,103286009,256,10
4985816820,slsmqhm_16_1,103025393,256,10
5275784060,slsmqhm_16_1,103804100,256,10
5443762100,slsmqhm_16_2,98565608,256,10
4462456420,slsmqhm_16_2,95857857,256,10
4699837760,slsmqhm_16_2,97326621,256,10
5942706940,slsmqhm_16_2,97683741,256,10
5669548740,slsmqhm_16_2,98498028,256,10
4749205240,slsmqhm_16_4,94209102,256,10
5734502560,slsmqhm_16_4,93469064,256,10
4666091220,slsmqhm_16_4,94136486,256,10
4827921520,slsmqhm_16_4,93342003,256,10
4551618700,slsmqhm_16_4,93460886,256,10
4223855920,slsmqhm_16_8,89739390,256,10
6140201140,slsmqhm_16_8,89957038,256,10
3812514400,slsmqhm_16_8,89876390,256,10
4650484200,slsmqhm_16_8,90001547,256,10
4303558180,slsmqhm_16_8,90390308,256,10
3678760960,slsmqhm_16_16,87811680,256,10
3765560180,slsmqhm_16_16,87966798,256,10
4850803920,slsmqhm_16_16,87919237,256,10
3702184920,slsmqhm_16_16,87552865,256,10
4057728520,slsmqhm_16_16,87367699,256,10
4025215780,slsmqhm_16_32,86946152,256,10
3605818540,slsmqhm_16_32,86902120,256,10
4470378740,slsmqhm_16_32,87142420,256,10
3996683600,slsmqhm_16_32,87086719,256,10
3816407540,slsmqhm_16_32,86837555,256,10
4656551560,slsmqhm_16_64,87092917,256,10
4620386520,slsmqhm_16_64,87148689,256,10
4628036920,slsmqhm_16_64,87238136,256,10
4855900200,slsmqhm_16_64,87236667,256,10
4908741400,slsmqhm_16_64,86860103,256,10
4500484920,slsmqhm_16_128,87628612,256,10
4124048740,slsmqhm_16_128,87529046,256,10
4261104060,slsmqhm_16_128,87319646,256,10
4247292540,slsmqhm_16_128,87946219,256,10
4906046580,slsmqhm_16_128,87537461,256,10
4523245440,slsmqhm_16_256,89030053,256,10
4579502160,slsmqhm_16_256,88712937,256,10
4533734620,slsmqhm_16_256,88544069,256,10
4552203720,slsmqhm_16_256,88780546,256,10
4564181420,slsmqhm_16_256,88980415,256,10
4299742180,slsmqhm_16_512,89454696,256,10
4719141200,slsmqhm_16_512,90573390,256,10
4714935660,slsmqhm_16_512,89963280,256,10
4554543760,slsmqhm_16_512,90523743,256,10
4828146840,slsmqhm_16_512,90045927,256,10
4762809260,slsmqhm_16_1024,92286138,256,10
4733071420,slsmqhm_16_1024,92665767,256,10
4460883380,slsmqhm_16_1024,92164879,256,10
4743307940,slsmqhm_16_1024,93050075,256,10
4888710160,slsmqhm_16_1024,92468638,256,10
5274692460,slsmqhm_32_1,110317010,256,10
6152524660,slsmqhm_32_1,110505443,256,10
5637025360,slsmqhm_32_1,110442063,256,10
5411345100,slsmqhm_32_1,110274689,256,10
5850628840,slsmqhm_32_1,111204074,256,10
4834087080,slsmqhm_32_2,104144185,256,10
6824143720,slsmqhm_32_2,105783283,256,10
4959877020,slsmqhm_32_2,105117306,256,10
6281477160,slsmqhm_32_2,105631104,256,10
4935543540,slsmqhm_32_2,105796632,256,10
5048357640,slsmqhm_32_4,98521329,256,10
4497295420,slsmqhm_32_4,100067469,256,10
4930897620,slsmqhm_32_4,101362937,256,10
6114332700,slsmqhm_32_4,98755037,256,10
4411294440,slsmqhm_32_4,98696356,256,10
5106429780,slsmqhm_32_8,95261520,256,10
4764683300,slsmqhm_32_8,95799457,256,10
4876035880,slsmqhm_32_8,94072415,256,10
4475222740,slsmqhm_32_8,93740436,256,10
5019507880,slsmqhm_32_8,95186954,256,10
4608139220,slsmqhm_32_16,91384354,256,10
5176487180,slsmqhm_32_16,90892124,256,10
5146220240,slsmqhm_32_16,90395661,256,10
5274778540,slsmqhm_32_16,90370441,256,10
4350909400,slsmqhm_32_16,90578608,256,10
3955052320,slsmqhm_32_32,88364267,256,10
3497147620,slsmqhm_32_32,88619333,256,10
4024759240,slsmqhm_32_32,88427793,256,10
3474581200,slsmqhm_32_32,88410014,256,10
3736773940,slsmqhm_32_32,88804788,256,10
3308192900,slsmqhm_32_64,87660014,256,10
3781357740,slsmqhm_32_64,87610100,256,10
4919179700,slsmqhm_32_64,88221385,256,10
3656969460,slsmqhm_32_64,88118244,256,10
3842568600,slsmqhm_32_64,87958335,256,10
4728692140,slsmqhm_32_128,87995687,256,10
4390656820,slsmqhm_32_128,88147210,256,10
4867766160,slsmqhm_32_128,88459028,256,10
4870028660,slsmqhm_32_128,88095812,256,10
4210941760,slsmqhm_32_128,87908023,256,10
4115252280,slsmqhm_32_256,88846768,256,10
4357790380,slsmqhm_32_256,88649073,256,10
4590515300,slsmqhm_32_256,88990605,256,10
4306298200,slsmqhm_32_256,89213290,256,10
4362535820,slsmqhm_32_256,88760745,256,10
4228322260,slsmqhm_32_512,90841227,256,10
4397189560,slsmqhm_32_512,91058595,256,10
4318824380,slsmqhm_32_512,90592919,256,10
4624863140,slsmqhm_32_512,91121411,256,10
4788445940,slsmqhm_32_512,90731829,256,10
4544862340,slsmqhm_32_1024,92035141,256,10
4366510400,slsmqhm_32_1024,92945185,256,10
4432454340,slsmqhm_32_1024,93367344,256,10
4798736500,slsmqhm_32_1024,93925644,256,10
4786325180,slsmqhm_32_1024,93775015,256,10
5858444300,slsmqhm_64_1,116333502,256,10
5719393200,slsmqhm_64_1,118001200,256,10
6003692260,slsmqhm_64_1,116643212,256,10
6082921200,slsmqhm_64_1,117624960,256,10
5810161400,slsmqhm_64_1,117606774,256,10
5342622860,slsmqhm_64_2,111722494,256,10
6295820500,slsmqhm_64_2,111408158,256,10
5857208840,slsmqhm_64_2,111534170,256,10
5838455260,slsmqhm_64_2,110553439,256,10
7166050880,slsmqhm_64_2,111783288,256,10
5787093780,slsmqhm_64_4,106261100,256,10
5264500100,slsmqhm_64_4,105947962,256,10
5161406360,slsmqhm_64_4,105974710,256,10
6888142180,slsmqhm_64_4,107645112,256,10
6244050380,slsmqhm_64_4,105110863,256,10
5983473460,slsmqhm_64_8,101468480,256,10
4619727200,slsmqhm_64_8,99946983,256,10
5581867780,slsmqhm_64_8,98699269,256,10
6414216200,slsmqhm_64_8,99918509,256,10
5271437080,slsmqhm_64_8,101751851,256,10
5057660080,slsmqhm_64_16,96516884,256,10
4881926760,slsmqhm_64_16,95225010,256,10
4453876100,slsmqhm_64_16,95304885,256,10
4298048940,slsmqhm_64_16,94994541,256,10
4922407020,slsmqhm_64_16,95611529,256,10
5541029800,slsmqhm_64_32,91869554,256,10
4945080700,slsmqhm_64_32,91150686,256,10
6026689680,slsmqhm_64_32,91793722,256,10
5700555620,slsmqhm_64_32,92574046,256,10
5894868480,slsmqhm_64_32,91522716,256,10
4954122040,slsmqhm_64_64,89853259,256,10
3674751100,slsmqhm_64_64,90125474,256,10
4361865800,slsmqhm_64_64,90034574,256,10
4151875120,slsmqhm_64_64,90040953,256,10
3694055140,slsmqhm_64_64,89804237,256,10
4058965540,slsmqhm_64_128,89448121,256,10
3825754200,slsmqhm_64_128,89495780,256,10
3557520100,slsmqhm_64_128,89398874,256,10
4112715100,slsmqhm_64_128,89734310,256,10
4920256400,slsmqhm_64_128,89183923,256,10
4859101540,slsmqhm_64_256,90002081,256,10
4395104920,slsmqhm_64_256,89257171,256,10
5014610420,slsmqhm_64_256,89530730,256,10
4620951520,slsmqhm_64_256,89905917,256,10
4365018700,slsmqhm_64_256,89436008,256,10
4727796440,slsmqhm_64_512,92142804,256,10
4839168660,slsmqhm_64_512,91445653,256,10
4798825320,slsmqhm_64_512,91723913,256,10
4557431740,slsmqhm_64_512,91066146,256,10
4147509220,slsmqhm_64_512,90883052,256,10
5039391900,slsmqhm_64_1024,93944781,256,10
4383543520,slsmqhm_64_1024,93767540,256,10
4090322800,slsmqhm_64_1024,93000545,256,10
4464731400,slsmqhm_64_1024,94586801,256,10
4656011740,slsmqhm_64_1024,93860676,256,10
6129192320,slsmqhm_128_1,123331768,256,10
6208521240,slsmqhm_128_1,125644824,256,10
6258853840,slsmqhm_128_1,124941185,256,10
6240441500,slsmqhm_128_1,124304137,256,10
6266311840,slsmqhm_128_1,125199645,256,10
5785287240,slsmqhm_128_2,119458911,256,10
7214472520,slsmqhm_128_2,119049717,256,10
6943361280,slsmqhm_128_2,117102556,256,10
6027192480,slsmqhm_128_2,119369668,256,10
7190249700,slsmqhm_128_2,118024713,256,10
5337366360,slsmqhm_128_4,113500362,256,10
6126888900,slsmqhm_128_4,113269623,256,10
5839598220,slsmqhm_128_4,112252859,256,10
5848483480,slsmqhm_128_4,112136106,256,10
6291194940,slsmqhm_128_4,113599252,256,10
6008799020,slsmqhm_128_8,107800257,256,10
5374456920,slsmqhm_128_8,107437099,256,10
5546320720,slsmqhm_128_8,107997902,256,10
6967756100,slsmqhm_128_8,106469979,256,10
5788774840,slsmqhm_128_8,107913602,256,10
4729442200,slsmqhm_128_16,101882416,256,10
5623199900,slsmqhm_128_16,100525471,256,10
4694164540,slsmqhm_128_16,102331013,256,10
5224770680,slsmqhm_128_16,101746863,256,10
6188073400,slsmqhm_128_16,102626999,256,10
4886068360,slsmqhm_128_32,96796886,256,10
4895144920,slsmqhm_128_32,98208648,256,10
6163626040,slsmqhm_128_32,97603092,256,10
4325217420,slsmqhm_128_32,98419622,256,10
5081386420,slsmqhm_128_32,97146359,256,10
5618248840,slsmqhm_128_64,94498080,256,10
4492454400,slsmqhm_128_64,93149938,256,10
3994414060,slsmqhm_128_64,93585864,256,10
4898049560,slsmqhm_128_64,93389028,256,10
5376888320,slsmqhm_128_64,93551707,256,10
3733886700,slsmqhm_128_128,91847426,256,10
4613530520,slsmqhm_128_128,92770380,256,10
3851874960,slsmqhm_128_128,92321075,256,10
3886289640,slsmqhm_128_128,91575838,256,10
4116728440,slsmqhm_128_128,91205437,256,10
3675650420,slsmqhm_128_256,91235731,256,10
4061237740,slsmqhm_128_256,91571043,256,10
3526405980,slsmqhm_128_256,90741461,256,10
5076397020,slsmqhm_128_256,91514161,256,10
3877708100,slsmqhm_128_256,91552754,256,10
4211224000,slsmqhm_128_512,92800362,256,10
5802182740,slsmqhm_128_512,92553704,256,10
4857445980,slsmqhm_128_512,92359110,256,10
5072588340,slsmqhm_128_512,92884090,256,10
4733172760,slsmqhm_128_512,91807550,256,10
5034497820,slsmqhm_128_1024,94947082,256,10
5348583080,slsmqhm_128_1024,95909059,256,10
5108851280,slsmqhm_128_1024,94688742,256,10
5441468940,slsmqhm_128_1024,96295342,256,10
4872392420,slsmqhm_128_1024,96628293,256,10
6577646600,slsmqhm_256_1,130983532,256,10
6477387440,slsmqhm_256_1,129956484,256,10
6487543040,slsmqhm_256_1,129112724,256,10
6331309920,slsmqhm_256_1,130788695,256,10
6370506860,slsmqhm_256_1,127860183,256,10
6192948080,slsmqhm_256_2,127016548,256,10
7038668280,slsmqhm_256_2,124979690,256,10
6826294220,slsmqhm_256_2,125716366,256,10
6982938760,slsmqhm_256_2,125479652,256,10
6974240880,slsmqhm_256_2,126334153,256,10
5842000520,slsmqhm_256_4,120704882,256,10
6748030360,slsmqhm_256_4,120154531,256,10
5401288500,slsmqhm_256_4,119371826,256,10
6052960420,slsmqhm_256_4,120590592,256,10
6902728160,slsmqhm_256_4,118072642,256,10
5623843120,slsmqhm_256_8,113897522,256,10
6355313600,slsmqhm_256_8,116343358,256,10
6363533640,slsmqhm_256_8,114305131,256,10
5535951960,slsmqhm_256_8,116599488,256,10
5370039740,slsmqhm_256_8,115582974,256,10
7276861220,slsmqhm_256_16,108015176,256,10
5774867700,slsmqhm_256_16,110895594,256,10
7000069820,slsmqhm_256_16,108825528,256,10
5996276140,slsmqhm_256_16,109263926,256,10
4973477680,slsmqhm_256_16,109532070,256,10
6221918720,slsmqhm_256_32,103094232,256,10
5428385940,slsmqhm_256_32,103348472,256,10
5102321760,slsmqhm_256_32,101922301,256,10
5856236300,slsmqhm_256_32,103940716,256,10
4613577720,slsmqhm_256_32,103977827,256,10
5566770240,slsmqhm_256_64,98628635,256,10
5838103860,slsmqhm_256_64,99596073,256,10
6362386040,slsmqhm_256_64,99067143,256,10
4905190180,slsmqhm_256_64,99606274,256,10
4985036800,slsmqhm_256_64,98668201,256,10
5519248180,slsmqhm_256_128,97136631,256,10
4069684720,slsmqhm_256_128,96458587,256,10
5612790660,slsmqhm_256_128,97102994,256,10
4361756040,slsmqhm_256_128,96913324,256,10
5113828120,slsmqhm_256_128,95799081,256,10
5364174400,slsmqhm_256_256,94710843,256,10
4505245060,slsmqhm_256_256,95030496,256,10
4862112620,slsmqhm_256_256,93822933,256,10
4246176780,slsmqhm_256_256,94132587,256,10
4186664440,slsmqhm_256_256,94866570,256,10
3958871580,slsmqhm_256_512,94549903,256,10
4211109340,slsmqhm_256_512,94751117,256,10
4199289640,slsmqhm_256_512,94991256,256,10
4029236720,slsmqhm_256_512,95756179,256,10
4033480680,slsmqhm_256_512,93903740,256,10
4604744720,slsmqhm_256_1024,96521747,256,10
5237573560,slsmqhm_256_1024,97144111,256,10
5061810140,slsmqhm_256_1024,97864451,256,10
5157304300,slsmqhm_256_1024,97708549,256,10
5206647480,slsmqhm_256_1024,97287407,256,10
6655888180,slsmqhm_512_1,134389877,256,10
6699528700,slsmqhm_512_1,134482043,256,10
6691803120,slsmqhm_512_1,132757341,256,10
8634991680,slsmqhm_512_1,135665530,256,10
6800023880,slsmqhm_512_1,137383856,256,10
7053361120,slsmqhm_512_2,131157926,256,10
6522966760,slsmqhm_512_2,131580196,256,10
7184150060,slsmqhm_512_2,130173890,256,10
6529530420,slsmqhm_512_2,129847102,256,10
6795712120,slsmqhm_512_2,131424009,256,10
6392687080,slsmqhm_512_4,128101350,256,10
7151846320,slsmqhm_512_4,126620228,256,10
7392744120,slsmqhm_512_4,126272046,256,10
7049718380,slsmqhm_512_4,126475623,256,10
6925922400,slsmqhm_512_4,126465707,256,10
6215141480,slsmqhm_512_8,122557051,256,10
6338372320,slsmqhm_512_8,119789153,256,10
6695738600,slsmqhm_512_8,123632779,256,10
7286807420,slsmqhm_512_8,123135184,256,10
6831459240,slsmqhm_512_8,122562343,256,10
5967269020,slsmqhm_512_16,116779610,256,10
6366978340,slsmqhm_512_16,115612422,256,10
5560050640,slsmqhm_512_16,115640794,256,10
7530516480,slsmqhm_512_16,116515752,256,10
5676708200,slsmqhm_512_16,117618864,256,10
5110633740,slsmqhm_512_32,111488088,256,10
5480077340,slsmqhm_512_32,110252877,256,10
5918604320,slsmqhm_512_32,109914884,256,10
7063681860,slsmqhm_512_32,110257119,256,10
5832690200,slsmqhm_512_32,111315896,256,10
4642364360,slsmqhm_512_64,104290328,256,10
6286406820,slsmqhm_512_64,107097511,256,10
6383294680,slsmqhm_512_64,107162854,256,10
7945355400,slsmqhm_512_64,107805952,256,10
5793366840,slsmqhm_512_64,108310656,256,10
6531377220,slsmqhm_512_128,103651099,256,10
7089703940,slsmqhm_512_128,102261945,256,10
4598888100,slsmqhm_512_128,100652801,256,10
5839674980,slsmqhm_512_128,101515187,256,10
5807882520,slsmqhm_512_128,102060022,256,10
6461084560,slsmqhm_512_256,100224411,256,10
6328039840,slsmqhm_512_256,99600476,256,10
6005812020,slsmqhm_512_256,98894474,256,10
4921771380,slsmqhm_512_256,100488279,256,10
4943106960,slsmqhm_512_256,99526760,256,10
4102692180,slsmqhm_512_512,99865186,256,10
4194012620,slsmqhm_512_512,97883528,256,10
4815439320,slsmqhm_512_512,97158385,256,10
4566386460,slsmqhm_512_512,99267241,256,10
4775878520,slsmqhm_512_512,99704841,256,10
4527318000,slsmqhm_512_1024,101035120,256,10
4853415880,slsmqhm_512_1024,101044643,256,10
4492354360,slsmqhm_512_1024,99430205,256,10
4143583760,slsmqhm_512_1024,99915800,256,10
5645502520,slsmqhm_512_1024,99431385,256,10
6930849080,slsmqhm_1024_1,139593268,256,10
7086587020,slsmqhm_1024_1,139086504,256,10
6833406400,slsmqhm_1024_1,138452505,256,10
6885890280,slsmqhm_1024_1,138529330,256,10
6973925960,slsmqhm_1024_1,138963586,256,10
6912029880,slsmqhm_1024_2,137351752,256,10
7507290620,slsmqhm_1024_2,137459858,256,10
8034525340,slsmqhm_1024_2,134134133,256,10
8349622320,slsmqhm_1024_2,136524414,256,10
7799340460,slsmqhm_1024_2,135804678,256,10
6802526680,slsmqhm_1024_4,132713777,256,10
6477797700,slsmqhm_1024_4,132471989,256,10
6896502500,slsmqhm_1024_4,132460854,256,10
6464509140,slsmqhm_1024_4,131763071,256,10
7318554280,slsmqhm_1024_4,133314337,256,10
6527054840,slsmqhm_1024_8,129523830,256,10
6258963880,slsmqhm_1024_8,127640173,256,10
7183551060,slsmqhm_1024_8,129643824,256,10
7202948800,slsmqhm_1024_8,129874723,256,10
6861227300,slsmqhm_1024_8,129078767,256,10
7193698020,slsmqhm_1024_16,123964075,256,10
6848212120,slsmqhm_1024_16,122582962,256,10
5614537480,slsmqhm_1024_16,124023629,256,10
6728846260,slsmqhm_1024_16,124777221,256,10
7027671880,slsmqhm_1024_16,124497050,256,10
6256015240,slsmqhm_1024_32,119086927,256,10
6747951420,slsmqhm_1024_32,120810395,256,10
6725254540,slsmqhm_1024_32,118816302,256,10
5874656340,slsmqhm_1024_32,120524037,256,10
8478041160,slsmqhm_1024_32,118828164,256,10
5888242160,slsmqhm_1024_64,113182824,256,10
6075957180,slsmqhm_1024_64,113345405,256,10
7233889840,slsmqhm_1024_64,113831452,256,10
5284507560,slsmqhm_1024_64,114429383,256,10
5763871240,slsmqhm_1024_64,113586305,256,10
6374679740,slsmqhm_1024_128,110251589,256,10
7430062160,slsmqhm_1024_128,108994232,256,10
5718006840,slsmqhm_1024_128,112293068,256,10
5818045020,slsmqhm_1024_128,108616972,256,10
5761238420,slsmqhm_1024_128,109396479,256,10
5650514020,slsmqhm_1024_256,109338643,256,10
4762184380,slsmqhm_1024_256,104934675,256,10
5246218860,slsmqhm_1024_256,105280285,256,10
4980284860,slsmqhm_1024_256,106538587,256,10
5958157140,slsmqhm_1024_256,107104792,256,10
5803501940,slsmqhm_1024_512,102400259,256,10
4970047740,slsmqhm_1024_512,103764509,256,10
6413930080,slsmqhm_1024_512,104278742,256,10
6184308520,slsmqhm_1024_512,105340549,256,10
5799476080,slsmqhm_1024_512,104142594,256,10
4892058100,slsmqhm_1024_1024,103984021,256,10
6410478100,slsmqhm_1024_1024,104434215,256,10
4579714960,slsmqhm_1024_1024,103993536,256,10
4592702900,slsmqhm_1024_1024,105117193,256,10
5068490340,slsmqhm_1024_1024,105015789,256,10
