1315236575900,pmod,2620611128,1,14
1309517003920,pmod,2620611128,1,14
1308305612140,pmod,2620611128,1,14
1312598373280,pmod,2620611128,1,14
1313480790940,pmod,2620611128,1,14
1312400745000,pmod,2620611128,1,14
1309626776960,pmod,2620611128,1,14
1310265927880,pmod,2620611128,1,14
1308518703800,pmod,2620611128,1,14
1315615875860,pmod,2620611128,1,14
259920190020,pmod,932707813,2,14
261234625020,pmod,937841190,2,14
259899003260,pmod,933591573,2,14
261371004060,pmod,933656699,2,14
260498860060,pmod,935187223,2,14
262290258760,pmod,936647201,2,14
260967201960,pmod,933288382,2,14
261010853560,pmod,937588929,2,14
263034463940,pmod,934709905,2,14
262026921380,pmod,935822761,2,14
121173229080,pmod,907658589,4,14
121336912880,pmod,909377510,4,14
121296669800,pmod,907260254,4,14
121180466940,pmod,906005620,4,14
121637703320,pmod,909679568,4,14
121286475240,pmod,909506893,4,14
121262170360,pmod,908759487,4,14
121346134840,pmod,910339956,4,14
121227902820,pmod,909390613,4,14
121383789100,pmod,906886283,4,14
111741024040,pmod,908582648,8,14
111077513600,pmod,909133602,8,14
111766846040,pmod,908041932,8,14
110858510440,pmod,906130725,8,14
110922842660,pmod,908835787,8,14
110903172140,pmod,908853355,8,14
111155762500,pmod,909027599,8,14
111746474400,pmod,906696907,8,14
111032070720,pmod,909021408,8,14
112290058140,pmod,911441931,8,14
60829389620,pmod,906525577,16,14
61251952560,pmod,905938109,16,14
60868233660,pmod,905805858,16,14
61275884800,pmod,906249647,16,14
61243653740,pmod,904714939,16,14
60894057640,pmod,906484307,16,14
61065925180,pmod,903755621,16,14
60562943700,pmod,903912454,16,14
60773732380,pmod,904666784,16,14
60708701520,pmod,905042227,16,14
33817805340,pmod,906787271,32,14
33584899060,pmod,906644069,32,14
33790968900,pmod,912626401,32,14
33925998340,pmod,907904517,32,14
33861857620,pmod,907733020,32,14
33615003140,pmod,906292278,32,14
33771215760,pmod,905804810,32,14
33890615240,pmod,906981453,32,14
33633427420,pmod,906419427,32,14
33761257120,pmod,909259737,32,14
41355627640,pmod,807552711,64,14
42823123480,pmod,801862509,64,14
41121269940,pmod,803379698,64,14
41093716980,pmod,805126417,64,14
42716117180,pmod,801051061,64,14
41345033420,pmod,809795975,64,14
41184996080,pmod,803911382,64,14
42665938040,pmod,798336881,64,14
42506817540,pmod,795187646,64,14
43313098960,pmod,801684054,64,14
18728102240,pmod,724237738,128,14
18894374220,pmod,719150787,128,14
18757585940,pmod,715673455,128,14
18898509880,pmod,715122202,128,14
18431038120,pmod,716612375,128,14
18699717120,pmod,712193600,128,14
18545880700,pmod,716378751,128,14
18464493780,pmod,710915500,128,14
18821680140,pmod,722976294,128,14
18801660020,pmod,714183539,128,14
14827693360,pmod,601136478,256,14
14922718940,pmod,609587974,256,14
15102959000,pmod,615788610,256,14
15295776580,pmod,624806200,256,14
15167891000,pmod,617655883,256,14
15090802920,pmod,612920552,256,14
15176921120,pmod,619697609,256,14
15377611180,pmod,624198518,256,14
15212542660,pmod,614915127,256,14
15060627180,pmod,612020597,256,14
