9517274260,pmod,24500154,1,14
9484421320,pmod,24500154,1,14
9483159380,pmod,24500154,1,14
9552559400,pmod,24500154,1,14
9504691020,pmod,24500154,1,14
9470665500,pmod,24500154,1,14
9555850660,pmod,24500154,1,14
9499728360,pmod,24500154,1,14
9497125040,pmod,24500154,1,14
9493342040,pmod,24500154,1,14
3664064480,pmod,15122022,2,14
8437101340,pmod,40025839,2,14
5143477660,pmod,22944695,2,14
5153532320,pmod,22934874,2,14
5133620280,pmod,22948897,2,14
3632379260,pmod,15120610,2,14
3615259140,pmod,15135553,2,14
5128652980,pmod,22986543,2,14
5151721420,pmod,22998490,2,14
8432548160,pmod,40060669,2,14
4010186340,pmod,39330710,4,14
4021136700,pmod,39404696,4,14
2378173200,pmod,22715836,4,14
4026646560,pmod,39489451,4,14
4024901060,pmod,39425248,4,14
4026094100,pmod,39460758,4,14
4024173420,pmod,39512539,4,14
2383725880,pmod,22766948,4,14
1634786000,pmod,14976593,4,14
4036522520,pmod,39535682,4,14
1708083300,pmod,14647485,8,14
1314163560,pmod,10934098,8,14
2523020720,pmod,22093050,8,14
1702698320,pmod,14641665,8,14
1311840880,pmod,10933737,8,14
1315451540,pmod,10932232,8,14
1719620360,pmod,14687503,8,14
1703777140,pmod,14657067,8,14
1713378520,pmod,14677866,8,14
1710911440,pmod,14655025,8,14
726268140,pmod,11415660,16,14
730427860,pmod,11444504,16,14
639188260,pmod,9927010,16,14
722915220,pmod,11489118,16,14
730934060,pmod,11455309,16,14
957762060,pmod,15006552,16,14
722803280,pmod,11443756,16,14
725995780,pmod,11494672,16,14
700107580,pmod,9888304,16,14
635498120,pmod,9944025,16,14
436927900,pmod,13041035,32,14
424361640,pmod,12975360,32,14
427273360,pmod,13730449,32,14
434470100,pmod,13174818,32,14
436285620,pmod,12939791,32,14
435876300,pmod,12950254,32,14
431023440,pmod,13166151,32,14
438763180,pmod,13107860,32,14
429606960,pmod,13242942,32,14
435947220,pmod,13127768,32,14
413357920,pmod,21295761,64,14
404047820,pmod,21618084,64,14
477226460,pmod,20292215,64,14
397248600,pmod,21188861,64,14
405214740,pmod,21345181,64,14
400041060,pmod,21105777,64,14
441401720,pmod,21720391,64,14
397342080,pmod,21019569,64,14
404799780,pmod,21773060,64,14
481182080,pmod,20407609,64,14
525003540,pmod,35970783,128,14
469391360,pmod,33829578,128,14
510184500,pmod,34530775,128,14
470676480,pmod,32168979,128,14
489279400,pmod,35765779,128,14
463935260,pmod,34507790,128,14
500243280,pmod,37047223,128,14
491154540,pmod,34543626,128,14
525458280,pmod,35342175,128,14
559968660,pmod,35212474,128,14
739689720,pmod,55354696,256,14
888333820,pmod,62434985,256,14
856812240,pmod,53160166,256,14
708098560,pmod,56681912,256,14
702862440,pmod,57303239,256,14
776531300,pmod,60438987,256,14
784121500,pmod,53691005,256,14
670552000,pmod,57036877,256,14
697820900,pmod,53506527,256,14
690818180,pmod,57901057,256,14
