1289253420880,pmod_256_12_fifo,2620546494,1,14
1285820882820,pmod_256_12_fifo,2620546494,1,14
1286588192580,pmod_256_12_fifo,2620546494,1,14
1286843320280,pmod_256_12_fifo,2620546494,1,14
1289291714880,pmod_256_12_fifo,2620546494,1,14
1290072299060,pmod_256_12_fifo,2620546494,1,14
1290333705960,pmod_256_12_fifo,2620546494,1,14
1290418930080,pmod_256_12_fifo,2620546494,1,14
1289101824000,pmod_256_12_fifo,2620546494,1,14
1288606268780,pmod_256_12_fifo,2620546494,1,14
260946193260,pmod_256_12_fifo,963877723,2,14
261249333780,pmod_256_12_fifo,965233840,2,14
260188297900,pmod_256_12_fifo,965499639,2,14
259771811060,pmod_256_12_fifo,965643085,2,14
258980539280,pmod_256_12_fifo,965842957,2,14
258093951700,pmod_256_12_fifo,966485356,2,14
258285822820,pmod_256_12_fifo,966195621,2,14
259329021180,pmod_256_12_fifo,963660662,2,14
259595486460,pmod_256_12_fifo,965118538,2,14
259635248780,pmod_256_12_fifo,965010676,2,14
120712447260,pmod_256_12_fifo,937567136,4,14
120548854000,pmod_256_12_fifo,936357569,4,14
120196322520,pmod_256_12_fifo,936045898,4,14
120523324640,pmod_256_12_fifo,937632582,4,14
120084764360,pmod_256_12_fifo,937497364,4,14
120177723060,pmod_256_12_fifo,936530560,4,14
120668925920,pmod_256_12_fifo,936894283,4,14
120515192900,pmod_256_12_fifo,938393093,4,14
120675152660,pmod_256_12_fifo,936511554,4,14
120333065080,pmod_256_12_fifo,935488594,4,14
106255052080,pmod_256_12_fifo,920498865,8,14
106165372840,pmod_256_12_fifo,916749160,8,14
106321943440,pmod_256_12_fifo,918782569,8,14
105965466640,pmod_256_12_fifo,916846178,8,14
107539271080,pmod_256_12_fifo,922029244,8,14
107289332220,pmod_256_12_fifo,922184066,8,14
107241435940,pmod_256_12_fifo,919907552,8,14
105882200580,pmod_256_12_fifo,915623943,8,14
107283515760,pmod_256_12_fifo,919854421,8,14
107262043260,pmod_256_12_fifo,920002102,8,14
58267942920,pmod_256_12_fifo,922163330,16,14
58876495920,pmod_256_12_fifo,922982034,16,14
59137374500,pmod_256_12_fifo,925487164,16,14
58130248600,pmod_256_12_fifo,925188247,16,14
58557825040,pmod_256_12_fifo,925929359,16,14
57804595400,pmod_256_12_fifo,920813964,16,14
58571418860,pmod_256_12_fifo,927113026,16,14
58576750720,pmod_256_12_fifo,925508802,16,14
58087037020,pmod_256_12_fifo,919594653,16,14
58443254600,pmod_256_12_fifo,921854932,16,14
32206280120,pmod_256_12_fifo,940998975,32,14
32463888240,pmod_256_12_fifo,945037436,32,14
32176553160,pmod_256_12_fifo,935541531,32,14
32110634180,pmod_256_12_fifo,934164597,32,14
32160623780,pmod_256_12_fifo,939880181,32,14
31930370640,pmod_256_12_fifo,936474231,32,14
32448173340,pmod_256_12_fifo,941353548,32,14
32325439360,pmod_256_12_fifo,937840534,32,14
32041586360,pmod_256_12_fifo,937561004,32,14
32311401500,pmod_256_12_fifo,939395601,32,14
18815048180,pmod_256_12_fifo,952964055,64,14
18551912560,pmod_256_12_fifo,947041981,64,14
18543822280,pmod_256_12_fifo,939754214,64,14
18601635060,pmod_256_12_fifo,946295809,64,14
18813531620,pmod_256_12_fifo,954514524,64,14
18670730140,pmod_256_12_fifo,952075787,64,14
18720956320,pmod_256_12_fifo,952515780,64,14
18545444600,pmod_256_12_fifo,948549392,64,14
18550426620,pmod_256_12_fifo,948655465,64,14
18573157160,pmod_256_12_fifo,948836720,64,14
9348641440,pmod_256_12_fifo,956935101,128,14
9413810480,pmod_256_12_fifo,960016856,128,14
9114662040,pmod_256_12_fifo,928394471,128,14
9368078300,pmod_256_12_fifo,956826934,128,14
9340829860,pmod_256_12_fifo,950050913,128,14
9255829680,pmod_256_12_fifo,944157427,128,14
9274838920,pmod_256_12_fifo,945353004,128,14
9437150280,pmod_256_12_fifo,965423006,128,14
9505434660,pmod_256_12_fifo,965209767,128,14
9223617920,pmod_256_12_fifo,937291410,128,14
6642865580,pmod_256_12_fifo,1048323779,256,14
6603047320,pmod_256_12_fifo,1038439401,256,14
6582171580,pmod_256_12_fifo,1035721652,256,14
6433693800,pmod_256_12_fifo,1018207806,256,14
6421778040,pmod_256_12_fifo,1017014483,256,14
6452843260,pmod_256_12_fifo,1021307878,256,14
6525449300,pmod_256_12_fifo,1030069049,256,14
6512351520,pmod_256_12_fifo,1028354395,256,14
6594869460,pmod_256_12_fifo,1037701984,256,14
6519004500,pmod_256_12_fifo,1028563848,256,14
