7345471300,pmod_64_8_fifo,23947347,1,0
7341618500,pmod_64_8_fifo,23947347,1,0
7341564860,pmod_64_8_fifo,23947347,1,0
7345682180,pmod_64_8_fifo,23947347,1,0
7333328900,pmod_64_8_fifo,23947347,1,0
7318091120,pmod_64_8_fifo,23947347,1,0
7346041760,pmod_64_8_fifo,23947347,1,0
7319612680,pmod_64_8_fifo,23947347,1,0
7325524360,pmod_64_8_fifo,23947347,1,0
7303932900,pmod_64_8_fifo,23947347,1,0
4687834340,pmod_64_8_fifo,23947490,2,0
4637889380,pmod_64_8_fifo,23947501,2,0
4642170940,pmod_64_8_fifo,23947504,2,0
4655259820,pmod_64_8_fifo,23947466,2,0
4630323500,pmod_64_8_fifo,23947552,2,0
4625453520,pmod_64_8_fifo,23947587,2,0
4639066020,pmod_64_8_fifo,23948280,2,0
4676047560,pmod_64_8_fifo,23947529,2,0
4656996720,pmod_64_8_fifo,23947740,2,0
4548463440,pmod_64_8_fifo,23947622,2,0
1989909520,pmod_64_8_fifo,23949242,4,0
1992789720,pmod_64_8_fifo,23949842,4,0
2009577300,pmod_64_8_fifo,23951468,4,0
1997792680,pmod_64_8_fifo,23948437,4,0
2011675540,pmod_64_8_fifo,23959010,4,0
1998565100,pmod_64_8_fifo,23948492,4,0
2005790640,pmod_64_8_fifo,23949720,4,0
1988774020,pmod_64_8_fifo,23948733,4,0
2007630320,pmod_64_8_fifo,23953873,4,0
1993277240,pmod_64_8_fifo,23948509,4,0
2076176260,pmod_64_8_fifo,23975293,8,0
2081524960,pmod_64_8_fifo,23970545,8,0
2074768640,pmod_64_8_fifo,23973095,8,0
2067180240,pmod_64_8_fifo,23987299,8,0
2064449760,pmod_64_8_fifo,23965709,8,0
2079782540,pmod_64_8_fifo,23983737,8,0
2064486480,pmod_64_8_fifo,23981549,8,0
2063094540,pmod_64_8_fifo,23975970,8,0
2061512900,pmod_64_8_fifo,23970495,8,0
2073544180,pmod_64_8_fifo,23993446,8,0
1122087800,pmod_64_8_fifo,24086799,16,0
1125725260,pmod_64_8_fifo,24079729,16,0
1128475440,pmod_64_8_fifo,24115666,16,0
1124392720,pmod_64_8_fifo,24061759,16,0
1124882340,pmod_64_8_fifo,24080241,16,0
1130757540,pmod_64_8_fifo,24093483,16,0
1123864220,pmod_64_8_fifo,24107957,16,0
1118936540,pmod_64_8_fifo,24117546,16,0
1129296680,pmod_64_8_fifo,24085809,16,0
1124817560,pmod_64_8_fifo,24083170,16,0
728790260,pmod_64_8_fifo,24394057,32,0
730762120,pmod_64_8_fifo,24484797,32,0
736263460,pmod_64_8_fifo,24436281,32,0
725987900,pmod_64_8_fifo,24520274,32,0
735120240,pmod_64_8_fifo,24444045,32,0
727919460,pmod_64_8_fifo,24486790,32,0
719404400,pmod_64_8_fifo,24505762,32,0
730150140,pmod_64_8_fifo,24417716,32,0
740869340,pmod_64_8_fifo,24547994,32,0
731062680,pmod_64_8_fifo,24438898,32,0
793234360,pmod_64_8_fifo,27527826,64,0
801255620,pmod_64_8_fifo,27350875,64,0
804240500,pmod_64_8_fifo,27404510,64,0
806046740,pmod_64_8_fifo,27639527,64,0
807517600,pmod_64_8_fifo,27563205,64,0
813505560,pmod_64_8_fifo,27528776,64,0
801556880,pmod_64_8_fifo,27359258,64,0
821215900,pmod_64_8_fifo,27665560,64,0
801400960,pmod_64_8_fifo,27469712,64,0
795843460,pmod_64_8_fifo,27207264,64,0
387195220,pmod_64_8_fifo,36445800,128,0
386440400,pmod_64_8_fifo,36674213,128,0
388106100,pmod_64_8_fifo,36469920,128,0
383929960,pmod_64_8_fifo,36785342,128,0
385983120,pmod_64_8_fifo,36577119,128,0
386964540,pmod_64_8_fifo,36905228,128,0
384715380,pmod_64_8_fifo,36738899,128,0
387301120,pmod_64_8_fifo,36592113,128,0
390996060,pmod_64_8_fifo,36703796,128,0
386466280,pmod_64_8_fifo,36931665,128,0
350542820,pmod_64_8_fifo,59409041,256,0
351016300,pmod_64_8_fifo,60521817,256,0
364717220,pmod_64_8_fifo,60903406,256,0
344113420,pmod_64_8_fifo,58782991,256,0
353368300,pmod_64_8_fifo,60761225,256,0
340506620,pmod_64_8_fifo,59774984,256,0
351175440,pmod_64_8_fifo,60079212,256,0
352361040,pmod_64_8_fifo,60676998,256,0
361689700,pmod_64_8_fifo,59699082,256,0
362855040,pmod_64_8_fifo,60062044,256,0
