9541514580,pmod,23947347,1
9491204120,pmod,23947347,1
9519622080,pmod,23947347,1
9295910500,pmod,23947347,1
9302704080,pmod,23947347,1
4548981980,pmod,23947559,2
4506672900,pmod,23947513,2
4466610040,pmod,23947588,2
4295562080,pmod,23947524,2
4457650420,pmod,23947510,2
2049524940,pmod,23950541,4
2050171280,pmod,23952638,4
2053099620,pmod,23958278,4
2051381900,pmod,23951981,4
2049123660,pmod,23949190,4
2022672020,pmod,23975660,8
2022226180,pmod,23965687,8
2019145000,pmod,23977918,8
2024673520,pmod,23974052,8
2022839540,pmod,23978884,8
1131499400,pmod,24096057,16
1131551480,pmod,24107466,16
1134291920,pmod,24069815,16
1132829840,pmod,24087436,16
1135818000,pmod,24100302,16
719748320,pmod,24454141,32
714454860,pmod,24465991,32
705392660,pmod,24445832,32
705896480,pmod,24496903,32
731194620,pmod,24506672,32
611713820,pmod,27364927,64
618899020,pmod,27786011,64
610893880,pmod,27481387,64
619140460,pmod,27679899,64
604245280,pmod,27496548,64
499655240,pmod,36480013,128
509341680,pmod,36553088,128
494559400,pmod,36597343,128
504813960,pmod,36731415,128
496375720,pmod,36289381,128
375838440,pmod,59692677,256
366836980,pmod,60196355,256
365744080,pmod,59225404,256
385783360,pmod,61324268,256
375132960,pmod,60692863,256
