2230433500,pmod,6262104,1
2247296160,pmod,6262104,1
2277577880,pmod,6262104,1
2279580260,pmod,6262104,1
2337386520,pmod,6262104,1
1134847660,pmod,6262311,2
1217349000,pmod,6262356,2
1151018780,pmod,6262450,2
1155081040,pmod,6262621,2
1154151000,pmod,6263363,2
517260480,pmod,6267483,4
516429660,pmod,6267921,4
516471920,pmod,6265830,4
516015200,pmod,6267107,4
521202520,pmod,6264336,4
514804280,pmod,6321809,8
514135060,pmod,6316856,8
512907600,pmod,6314037,8
515380220,pmod,6324060,8
516749460,pmod,6326018,8
297033240,pmod,6494726,16
295862200,pmod,6475138,16
297195760,pmod,6495177,16
293232040,pmod,6427712,16
296643620,pmod,6462295,16
197919720,pmod,6979488,32
194485780,pmod,6930544,32
195940260,pmod,6884333,32
189967460,pmod,6986516,32
197161640,pmod,6942704,32
156639080,pmod,9592377,64
155228980,pmod,9674921,64
153917660,pmod,9695843,64
156929580,pmod,9763181,64
157516740,pmod,9768843,64
131263200,pmod,15334821,128
133029160,pmod,15340733,128
131788520,pmod,15212105,128
139541340,pmod,15032233,128
134724880,pmod,15195146,128
151416900,pmod,24183433,256
157119900,pmod,24005102,256
152936440,pmod,24027984,256
151422260,pmod,24494986,256
150968660,pmod,24057765,256
