18916093320,pmod_512_10_fifo,12524207,1,0
18977412220,pmod_512_10_fifo,12524207,1,0
17807028680,pmod_512_10_fifo,12524207,1,0
17575540900,pmod_512_10_fifo,12524207,1,0
17221359300,pmod_512_10_fifo,12524207,1,0
17889343740,pmod_512_10_fifo,12524207,1,0
17442060040,pmod_512_10_fifo,12524207,1,0
17128590920,pmod_512_10_fifo,12524207,1,0
16421029680,pmod_512_10_fifo,12524207,1,0
15801908080,pmod_512_10_fifo,12524207,1,0
8149824940,pmod_512_10_fifo,12526504,2,0
8129141680,pmod_512_10_fifo,12526416,2,0
8011665380,pmod_512_10_fifo,12526415,2,0
7958062660,pmod_512_10_fifo,12526226,2,0
7878203140,pmod_512_10_fifo,12526405,2,0
7623487420,pmod_512_10_fifo,12526498,2,0
7636173100,pmod_512_10_fifo,12526414,2,0
7604707920,pmod_512_10_fifo,12526469,2,0
7513790520,pmod_512_10_fifo,12526384,2,0
7556620520,pmod_512_10_fifo,12526327,2,0
3809867400,pmod_512_10_fifo,12527971,4,0
3781308920,pmod_512_10_fifo,12527939,4,0
3772579000,pmod_512_10_fifo,12527834,4,0
3756300860,pmod_512_10_fifo,12528063,4,0
3753687340,pmod_512_10_fifo,12527866,4,0
3749755640,pmod_512_10_fifo,12527702,4,0
3730545400,pmod_512_10_fifo,12527842,4,0
3704484380,pmod_512_10_fifo,12527775,4,0
3672958160,pmod_512_10_fifo,12528055,4,0
3661553900,pmod_512_10_fifo,12527849,4,0
2046542440,pmod_512_10_fifo,12528153,8,0
2037573020,pmod_512_10_fifo,12528457,8,0
2035770900,pmod_512_10_fifo,12528446,8,0
2031319780,pmod_512_10_fifo,12528338,8,0
2036253160,pmod_512_10_fifo,12528451,8,0
2022175480,pmod_512_10_fifo,12528166,8,0
2033270540,pmod_512_10_fifo,12528445,8,0
2018415280,pmod_512_10_fifo,12528464,8,0
2025864800,pmod_512_10_fifo,12528496,8,0
2026778900,pmod_512_10_fifo,12528457,8,0
1074899520,pmod_512_10_fifo,12529997,16,0
1075044000,pmod_512_10_fifo,12529901,16,0
1078202220,pmod_512_10_fifo,12529692,16,0
1069835840,pmod_512_10_fifo,12529832,16,0
1073221740,pmod_512_10_fifo,12529977,16,0
1071723200,pmod_512_10_fifo,12530011,16,0
1073711380,pmod_512_10_fifo,12529838,16,0
1074104060,pmod_512_10_fifo,12529643,16,0
1069481940,pmod_512_10_fifo,12529854,16,0
1074702100,pmod_512_10_fifo,12529926,16,0
930196060,pmod_512_10_fifo,12533605,32,0
931815480,pmod_512_10_fifo,12533534,32,0
928491300,pmod_512_10_fifo,12533623,32,0
926818200,pmod_512_10_fifo,12533731,32,0
927970560,pmod_512_10_fifo,12533562,32,0
931402700,pmod_512_10_fifo,12533297,32,0
931445540,pmod_512_10_fifo,12533280,32,0
930655980,pmod_512_10_fifo,12533447,32,0
932267920,pmod_512_10_fifo,12533617,32,0
931912600,pmod_512_10_fifo,12533284,32,0
913141200,pmod_512_10_fifo,12542128,64,0
922431440,pmod_512_10_fifo,12542583,64,0
941558540,pmod_512_10_fifo,12542026,64,0
924710440,pmod_512_10_fifo,12542081,64,0
933344240,pmod_512_10_fifo,12541136,64,0
928038740,pmod_512_10_fifo,12541778,64,0
926568040,pmod_512_10_fifo,12542296,64,0
928347280,pmod_512_10_fifo,12542074,64,0
928306820,pmod_512_10_fifo,12541114,64,0
930618740,pmod_512_10_fifo,12540599,64,0
994234020,pmod_512_10_fifo,12558105,128,0
986924800,pmod_512_10_fifo,12560798,128,0
1514151140,pmod_512_10_fifo,12557040,128,0
1541700240,pmod_512_10_fifo,12556510,128,0
1630226160,pmod_512_10_fifo,12556387,128,0
1101828380,pmod_512_10_fifo,12556181,128,0
1670571080,pmod_512_10_fifo,12561640,128,0
1134165860,pmod_512_10_fifo,12556766,128,0
1119983220,pmod_512_10_fifo,12562433,128,0
1116401880,pmod_512_10_fifo,12560239,128,0
1947852160,pmod_512_10_fifo,12588148,256,0
1896961220,pmod_512_10_fifo,12599477,256,0
1862620640,pmod_512_10_fifo,12599687,256,0
1956691460,pmod_512_10_fifo,12588799,256,0
1308902580,pmod_512_10_fifo,12587037,256,0
1401748560,pmod_512_10_fifo,12585465,256,0
1389052020,pmod_512_10_fifo,12589460,256,0
1426214200,pmod_512_10_fifo,12585834,256,0
1359717360,pmod_512_10_fifo,12591325,256,0
1453497160,pmod_512_10_fifo,12587936,256,0
