13636689280,pmod,12524207,1,0
14079388780,pmod,12524207,1,0
14068407320,pmod,12524207,1,0
14090882740,pmod,12524207,1,0
14046386820,pmod,12524207,1,0
14051654340,pmod,12524207,1,0
14084225300,pmod,12524207,1,0
14088929560,pmod,12524207,1,0
14059625500,pmod,12524207,1,0
14078925680,pmod,12524207,1,0
7010541760,pmod,12546271,2,0
6978853560,pmod,12546150,2,0
6988785460,pmod,12545730,2,0
7010026500,pmod,12546355,2,0
7028403120,pmod,12545880,2,0
7015203900,pmod,12545697,2,0
7012550680,pmod,12545962,2,0
7006383080,pmod,12545822,2,0
6980295620,pmod,12546135,2,0
7005505400,pmod,12546025,2,0
3621365420,pmod,12556465,4,0
3627917080,pmod,12557595,4,0
3631922760,pmod,12557772,4,0
3645324840,pmod,12556892,4,0
3654652540,pmod,12556555,4,0
3635630840,pmod,12557618,4,0
3647582340,pmod,12558388,4,0
3649704700,pmod,12557024,4,0
3634364140,pmod,12556910,4,0
3623349640,pmod,12557118,4,0
2131784820,pmod,12556275,8,0
2134932980,pmod,12556118,8,0
2135533600,pmod,12556168,8,0
2138414760,pmod,12555786,8,0
2138198980,pmod,12556016,8,0
2134253920,pmod,12555977,8,0
2136273680,pmod,12555824,8,0
2138513240,pmod,12556148,8,0
2140783860,pmod,12556172,8,0
2133820460,pmod,12556178,8,0
1152431140,pmod,12559583,16,0
1150109060,pmod,12558995,16,0
1153645880,pmod,12559133,16,0
1152991460,pmod,12559308,16,0
1153696100,pmod,12559956,16,0
1148503660,pmod,12559151,16,0
1148573740,pmod,12559011,16,0
1151156160,pmod,12558940,16,0
1152090140,pmod,12559663,16,0
1150978620,pmod,12559477,16,0
971455960,pmod,12565799,32,0
974912340,pmod,12565993,32,0
975210040,pmod,12566621,32,0
976541660,pmod,12566671,32,0
976192620,pmod,12565460,32,0
974158140,pmod,12566283,32,0
975426400,pmod,12566188,32,0
975989780,pmod,12565789,32,0
976063740,pmod,12566196,32,0
969423760,pmod,12566493,32,0
972492220,pmod,12571433,64,0
1024114300,pmod,12569645,64,0
1030789300,pmod,12569400,64,0
1020230580,pmod,12570172,64,0
1032384360,pmod,12571426,64,0
1026758720,pmod,12569648,64,0
1039551160,pmod,12570130,64,0
1028154760,pmod,12569947,64,0
1023002500,pmod,12571474,64,0
1013504660,pmod,12569634,64,0
1429700220,pmod,12584162,128,0
1625628760,pmod,12584704,128,0
1616119240,pmod,12587243,128,0
1100501580,pmod,12585578,128,0
1108094460,pmod,12590203,128,0
1258682060,pmod,12587336,128,0
1613560400,pmod,12589086,128,0
1615939760,pmod,12586557,128,0
1084513680,pmod,12585356,128,0
1155562520,pmod,12583847,128,0
1758648520,pmod,12605060,256,0
1936952120,pmod,12622355,256,0
1737763740,pmod,12615296,256,0
1218378280,pmod,12608586,256,0
1614341840,pmod,12602388,256,0
1327987660,pmod,12610312,256,0
1336976340,pmod,12609703,256,0
2067468360,pmod,12615164,256,0
1310951400,pmod,12619718,256,0
1307049020,pmod,12620107,256,0
