51929061600,pmod_256_10_fifo,47894693,1,0
51922156500,pmod_256_10_fifo,47894693,1,0
51701757560,pmod_256_10_fifo,47894693,1,0
51661856880,pmod_256_10_fifo,47894693,1,0
51624756480,pmod_256_10_fifo,47894693,1,0
51991669560,pmod_256_10_fifo,47894693,1,0
51953947820,pmod_256_10_fifo,47894693,1,0
50489667820,pmod_256_10_fifo,47894693,1,0
51984984340,pmod_256_10_fifo,47894693,1,0
51702282940,pmod_256_10_fifo,47894693,1,0
28035199380,pmod_256_10_fifo,47911255,2,0
28057977540,pmod_256_10_fifo,47911092,2,0
28070152940,pmod_256_10_fifo,47911038,2,0
28043887920,pmod_256_10_fifo,47911396,2,0
27814366760,pmod_256_10_fifo,47911113,2,0
28009420100,pmod_256_10_fifo,47911269,2,0
28009720960,pmod_256_10_fifo,47911454,2,0
28015545380,pmod_256_10_fifo,47911413,2,0
27813617880,pmod_256_10_fifo,47911158,2,0
28003650260,pmod_256_10_fifo,47911331,2,0
14434648700,pmod_256_10_fifo,47920434,4,0
14302158560,pmod_256_10_fifo,47921127,4,0
14437068780,pmod_256_10_fifo,47921520,4,0
14464356000,pmod_256_10_fifo,47921847,4,0
14340673420,pmod_256_10_fifo,47921541,4,0
14463896060,pmod_256_10_fifo,47921358,4,0
14445373200,pmod_256_10_fifo,47921837,4,0
14433712080,pmod_256_10_fifo,47920828,4,0
14456453580,pmod_256_10_fifo,47922337,4,0
14400941640,pmod_256_10_fifo,47921959,4,0
8280927460,pmod_256_10_fifo,47922588,8,0
8326935580,pmod_256_10_fifo,47919763,8,0
8287656880,pmod_256_10_fifo,47920363,8,0
8308387040,pmod_256_10_fifo,47922491,8,0
8264921880,pmod_256_10_fifo,47920377,8,0
8234832540,pmod_256_10_fifo,47920044,8,0
8274229080,pmod_256_10_fifo,47922177,8,0
8261663940,pmod_256_10_fifo,47920844,8,0
8277303420,pmod_256_10_fifo,47922207,8,0
8268288800,pmod_256_10_fifo,47920898,8,0
4485790800,pmod_256_10_fifo,47922409,16,0
4439408000,pmod_256_10_fifo,47921228,16,0
4435278640,pmod_256_10_fifo,47922033,16,0
4416520100,pmod_256_10_fifo,47921066,16,0
4429106120,pmod_256_10_fifo,47923100,16,0
4444688340,pmod_256_10_fifo,47921368,16,0
4415489160,pmod_256_10_fifo,47922525,16,0
4460405140,pmod_256_10_fifo,47921939,16,0
4388795840,pmod_256_10_fifo,47921765,16,0
4449388560,pmod_256_10_fifo,47921996,16,0
4455066580,pmod_256_10_fifo,47928571,32,0
4337145080,pmod_256_10_fifo,47929218,32,0
4378171360,pmod_256_10_fifo,47928534,32,0
4393968160,pmod_256_10_fifo,47928689,32,0
4358923580,pmod_256_10_fifo,47928928,32,0
4356446220,pmod_256_10_fifo,47928561,32,0
4354827740,pmod_256_10_fifo,47929152,32,0
4438681420,pmod_256_10_fifo,47928555,32,0
4323363600,pmod_256_10_fifo,47929336,32,0
3954329280,pmod_256_10_fifo,47928315,32,0
5152751860,pmod_256_10_fifo,47943151,64,0
3697622000,pmod_256_10_fifo,47941795,64,0
3729192340,pmod_256_10_fifo,47941439,64,0
3699289960,pmod_256_10_fifo,47942136,64,0
3712058120,pmod_256_10_fifo,47942802,64,0
3725304460,pmod_256_10_fifo,47941470,64,0
3714877080,pmod_256_10_fifo,47941255,64,0
3716965200,pmod_256_10_fifo,47942210,64,0
3703911860,pmod_256_10_fifo,47942484,64,0
3720333820,pmod_256_10_fifo,47940558,64,0
3769291640,pmod_256_10_fifo,47963378,128,0
5948243960,pmod_256_10_fifo,47965619,128,0
5996961960,pmod_256_10_fifo,47965844,128,0
6159969260,pmod_256_10_fifo,47962444,128,0
6325899600,pmod_256_10_fifo,47964457,128,0
6188251760,pmod_256_10_fifo,47968409,128,0
6046558620,pmod_256_10_fifo,47967994,128,0
6152060900,pmod_256_10_fifo,47965330,128,0
6116875020,pmod_256_10_fifo,47968177,128,0
6381788420,pmod_256_10_fifo,47967480,128,0
3437224940,pmod_256_10_fifo,48023353,256,0
3385121520,pmod_256_10_fifo,48024123,256,0
3420114840,pmod_256_10_fifo,48020311,256,0
3325648980,pmod_256_10_fifo,48020416,256,0
3262743500,pmod_256_10_fifo,48024152,256,0
3415986120,pmod_256_10_fifo,48026659,256,0
3346629440,pmod_256_10_fifo,48042012,256,0
3414356120,pmod_256_10_fifo,48023654,256,0
3440212580,pmod_256_10_fifo,48025358,256,0
3396233300,pmod_256_10_fifo,48014542,256,0
