2710981060,pmod_32_12_fifo,8815369,1,14
2714706440,pmod_32_12_fifo,8815369,1,14
2720278960,pmod_32_12_fifo,8815369,1,14
2731838760,pmod_32_12_fifo,8815369,1,14
2721413200,pmod_32_12_fifo,8815369,1,14
2706978880,pmod_32_12_fifo,8815369,1,14
2738194540,pmod_32_12_fifo,8815369,1,14
2724263820,pmod_32_12_fifo,8815369,1,14
2707149320,pmod_32_12_fifo,8815369,1,14
2731970700,pmod_32_12_fifo,8815369,1,14
1784500020,pmod_32_12_fifo,8729844,2,14
1752136900,pmod_32_12_fifo,8731036,2,14
1784073500,pmod_32_12_fifo,8730776,2,14
1763064740,pmod_32_12_fifo,8732664,2,14
1782374180,pmod_32_12_fifo,8728823,2,14
1736524280,pmod_32_12_fifo,8734932,2,14
1760296040,pmod_32_12_fifo,8733095,2,14
1767846960,pmod_32_12_fifo,8731344,2,14
1768628980,pmod_32_12_fifo,8729833,2,14
1769176280,pmod_32_12_fifo,8729872,2,14
771999880,pmod_32_12_fifo,8701305,4,14
777132900,pmod_32_12_fifo,8701194,4,14
770668200,pmod_32_12_fifo,8700300,4,14
771339080,pmod_32_12_fifo,8701583,4,14
771142280,pmod_32_12_fifo,8699688,4,14
773360880,pmod_32_12_fifo,8696965,4,14
776974560,pmod_32_12_fifo,8701873,4,14
771103320,pmod_32_12_fifo,8701373,4,14
770382800,pmod_32_12_fifo,8698910,4,14
771880200,pmod_32_12_fifo,8704315,4,14
874913040,pmod_32_12_fifo,8684305,8,14
873481140,pmod_32_12_fifo,8681352,8,14
883801800,pmod_32_12_fifo,8704027,8,14
875358760,pmod_32_12_fifo,8679338,8,14
876344440,pmod_32_12_fifo,8687759,8,14
869179260,pmod_32_12_fifo,8681307,8,14
871795280,pmod_32_12_fifo,8694714,8,14
876998760,pmod_32_12_fifo,8691917,8,14
863314060,pmod_32_12_fifo,8691418,8,14
882893600,pmod_32_12_fifo,8681445,8,14
489327400,pmod_32_12_fifo,8864546,16,14
487921080,pmod_32_12_fifo,8891901,16,14
488222120,pmod_32_12_fifo,8861221,16,14
488386060,pmod_32_12_fifo,8906961,16,14
488334960,pmod_32_12_fifo,8871010,16,14
487894100,pmod_32_12_fifo,8877217,16,14
487708480,pmod_32_12_fifo,8820254,16,14
488952300,pmod_32_12_fifo,8869003,16,14
488749180,pmod_32_12_fifo,8883795,16,14
490699940,pmod_32_12_fifo,8853277,16,14
372870400,pmod_32_12_fifo,9851663,32,14
370525320,pmod_32_12_fifo,9826350,32,14
385581660,pmod_32_12_fifo,9881079,32,14
368690900,pmod_32_12_fifo,9815621,32,14
381337440,pmod_32_12_fifo,9854069,32,14
372547200,pmod_32_12_fifo,9832575,32,14
370535640,pmod_32_12_fifo,9870530,32,14
376780820,pmod_32_12_fifo,9869553,32,14
370399040,pmod_32_12_fifo,9865455,32,14
385327020,pmod_32_12_fifo,9822751,32,14
375662220,pmod_32_12_fifo,13601246,64,14
392818200,pmod_32_12_fifo,13608535,64,14
391793340,pmod_32_12_fifo,13573068,64,14
392980480,pmod_32_12_fifo,13564039,64,14
391490340,pmod_32_12_fifo,13507078,64,14
379554780,pmod_32_12_fifo,13440561,64,14
383300980,pmod_32_12_fifo,13588955,64,14
378444900,pmod_32_12_fifo,13587565,64,14
380882320,pmod_32_12_fifo,13580497,64,14
369832900,pmod_32_12_fifo,13499525,64,14
344262100,pmod_32_12_fifo,20674236,128,14
266349100,pmod_32_12_fifo,21010770,128,14
271378060,pmod_32_12_fifo,21734946,128,14
264856420,pmod_32_12_fifo,21212119,128,14
264571700,pmod_32_12_fifo,21200188,128,14
266318200,pmod_32_12_fifo,21056430,128,14
262509820,pmod_32_12_fifo,20891877,128,14
266357560,pmod_32_12_fifo,21189506,128,14
262832380,pmod_32_12_fifo,20917349,128,14
263057480,pmod_32_12_fifo,20808321,128,14
307284820,pmod_32_12_fifo,35837831,256,14
291170400,pmod_32_12_fifo,34331484,256,14
305403480,pmod_32_12_fifo,35327279,256,14
298821940,pmod_32_12_fifo,35364920,256,14
303347480,pmod_32_12_fifo,34953560,256,14
305597040,pmod_32_12_fifo,35693823,256,14
305697600,pmod_32_12_fifo,35537817,256,14
310962520,pmod_32_12_fifo,35811693,256,14
290882480,pmod_32_12_fifo,35033241,256,14
301269880,pmod_32_12_fifo,34696801,256,14
