161365775000,pmod,84823491,1,0
161213447680,pmod,84823491,1,0
161238206860,pmod,84823491,1,0
161095165660,pmod,84823491,1,0
159803472560,pmod,84823491,1,0
80005987140,pmod,84825880,2,0
80134614580,pmod,84826116,2,0
80141983460,pmod,84826070,2,0
80195114580,pmod,84825997,2,0
80226930180,pmod,84826076,2,0
40634136080,pmod,84824813,4,0
40617028860,pmod,84824747,4,0
40632360620,pmod,84824963,4,0
40584125480,pmod,84824841,4,0
40617234240,pmod,84825086,4,0
21206489980,pmod,84826253,8,0
21152705420,pmod,84825773,8,0
21191566280,pmod,84825876,8,0
21185364600,pmod,84826437,8,0
21166167160,pmod,84826542,8,0
10872336220,pmod,84838225,16,0
10863483360,pmod,84838555,16,0
10792821140,pmod,84838498,16,0
10868943760,pmod,84837899,16,0
10869035620,pmod,84837962,16,0
5662128360,pmod,84912487,32,0
5617768000,pmod,84911951,32,0
5663748320,pmod,84912864,32,0
5664420120,pmod,84912387,32,0
5685128440,pmod,84921495,32,0
3557505180,pmod,87380279,64,0
3542182140,pmod,87491145,64,0
3548793240,pmod,87656373,64,0
3549036640,pmod,87549198,64,0
3561764600,pmod,87607080,64,0
3255369200,pmod,95162860,128,0
3280017120,pmod,95193570,128,0
3251487120,pmod,95103664,128,0
3182321520,pmod,95021977,128,0
3192005600,pmod,95190915,128,0
3862967280,pmod,105809396,256,0
3860541060,pmod,105291556,256,0
3826319740,pmod,105661854,256,0
3839753180,pmod,105297555,256,0
3770376760,pmod,104574880,256,0
