162940261340,pmod_256_2_fifo,84823491,1,0
161667430740,pmod_256_2_fifo,84823491,1,0
161647060920,pmod_256_2_fifo,84823491,1,0
160761346060,pmod_256_2_fifo,84823491,1,0
161332625280,pmod_256_2_fifo,84823491,1,0
161893989600,pmod_256_2_fifo,84823491,1,0
161701587460,pmod_256_2_fifo,84823491,1,0
160699567200,pmod_256_2_fifo,84823491,1,0
161967149840,pmod_256_2_fifo,84823491,1,0
161964385220,pmod_256_2_fifo,84823491,1,0
79970041460,pmod_256_2_fifo,84825284,2,0
80040403520,pmod_256_2_fifo,84825228,2,0
80096167440,pmod_256_2_fifo,84825170,2,0
79906252980,pmod_256_2_fifo,84825263,2,0
79839812440,pmod_256_2_fifo,84825218,2,0
79989047520,pmod_256_2_fifo,84825183,2,0
80064156000,pmod_256_2_fifo,84825418,2,0
80040935040,pmod_256_2_fifo,84825194,2,0
80031399780,pmod_256_2_fifo,84825165,2,0
78714451980,pmod_256_2_fifo,84824877,2,0
40637488140,pmod_256_2_fifo,84823853,4,0
40604575280,pmod_256_2_fifo,84823590,4,0
40674810320,pmod_256_2_fifo,84824411,4,0
40600271200,pmod_256_2_fifo,84823413,4,0
40506936880,pmod_256_2_fifo,84823638,4,0
40582053680,pmod_256_2_fifo,84823408,4,0
40682604200,pmod_256_2_fifo,84823874,4,0
40650865960,pmod_256_2_fifo,84824328,4,0
40532120800,pmod_256_2_fifo,84823799,4,0
40645303740,pmod_256_2_fifo,84823107,4,0
21178412000,pmod_256_2_fifo,84827802,8,0
21088711680,pmod_256_2_fifo,84826086,8,0
21195517280,pmod_256_2_fifo,84825615,8,0
21216561380,pmod_256_2_fifo,84825783,8,0
21164767020,pmod_256_2_fifo,84826377,8,0
21152731940,pmod_256_2_fifo,84826101,8,0
21176822700,pmod_256_2_fifo,84825575,8,0
21153237140,pmod_256_2_fifo,84825741,8,0
21070040460,pmod_256_2_fifo,84825967,8,0
21184964260,pmod_256_2_fifo,84825878,8,0
10852714980,pmod_256_2_fifo,85178918,16,0
10831951360,pmod_256_2_fifo,85180752,16,0
10833714600,pmod_256_2_fifo,85139915,16,0
10874846120,pmod_256_2_fifo,85164035,16,0
10870161580,pmod_256_2_fifo,85183112,16,0
10867947820,pmod_256_2_fifo,85178276,16,0
10868530560,pmod_256_2_fifo,85140128,16,0
10818941520,pmod_256_2_fifo,85175518,16,0
10871910600,pmod_256_2_fifo,85180171,16,0
10847101360,pmod_256_2_fifo,85147832,16,0
5646146900,pmod_256_2_fifo,85259097,32,0
5651681900,pmod_256_2_fifo,85258107,32,0
5647867520,pmod_256_2_fifo,85263788,32,0
5649681740,pmod_256_2_fifo,85262551,32,0
5647147460,pmod_256_2_fifo,85258385,32,0
5638289360,pmod_256_2_fifo,85262754,32,0
5650936240,pmod_256_2_fifo,85259740,32,0
5635521860,pmod_256_2_fifo,85265621,32,0
5663823380,pmod_256_2_fifo,85260957,32,0
5617069320,pmod_256_2_fifo,85256566,32,0
3357011300,pmod_256_2_fifo,88722778,64,0
3424891720,pmod_256_2_fifo,88701234,64,0
3354593940,pmod_256_2_fifo,88718675,64,0
3361158360,pmod_256_2_fifo,88651092,64,0
3371948840,pmod_256_2_fifo,88642689,64,0
3341144840,pmod_256_2_fifo,88756957,64,0
3353651220,pmod_256_2_fifo,88729061,64,0
3345366680,pmod_256_2_fifo,88727931,64,0
3343469760,pmod_256_2_fifo,88721414,64,0
3352642280,pmod_256_2_fifo,88716978,64,0
2836092860,pmod_256_2_fifo,95582762,128,0
2864975920,pmod_256_2_fifo,95683556,128,0
2860154860,pmod_256_2_fifo,95422502,128,0
2846849000,pmod_256_2_fifo,95555776,128,0
2845127260,pmod_256_2_fifo,95171828,128,0
2825167580,pmod_256_2_fifo,94704342,128,0
2850145500,pmod_256_2_fifo,95449972,128,0
2819037100,pmod_256_2_fifo,95018060,128,0
2826926580,pmod_256_2_fifo,95218543,128,0
2856872640,pmod_256_2_fifo,95632403,128,0
3306618180,pmod_256_2_fifo,104717174,256,0
3340850900,pmod_256_2_fifo,105129898,256,0
3429588680,pmod_256_2_fifo,106768489,256,0
3372169860,pmod_256_2_fifo,106379108,256,0
3353462660,pmod_256_2_fifo,106154597,256,0
3212543380,pmod_256_2_fifo,102093321,256,0
3348397240,pmod_256_2_fifo,106205115,256,0
3349512880,pmod_256_2_fifo,105708161,256,0
3396544640,pmod_256_2_fifo,106308147,256,0
3190917960,pmod_256_2_fifo,101247281,256,0
