9444841360,pmod,27530625,1,14
9356120540,pmod,27530625,1,14
9489971360,pmod,27530625,1,14
9480360340,pmod,27530625,1,14
9519464500,pmod,27530625,1,14
5768378000,pmod,27517225,2,14
5738553740,pmod,27520262,2,14
6065245020,pmod,27519980,2,14
5985915660,pmod,27522077,2,14
5954983320,pmod,27520257,2,14
2683194580,pmod,27544534,4,14
2687465720,pmod,27545793,4,14
2672545900,pmod,27552103,4,14
2682074340,pmod,27555700,4,14
2682156220,pmod,27550157,4,14
2901069520,pmod,26807687,8,14
2896802000,pmod,26801271,8,14
2899742820,pmod,26802036,8,14
2898302540,pmod,26796194,8,14
2842250460,pmod,27679041,8,14
1545333660,pmod,29303777,16,14
1550557020,pmod,29417824,16,14
1668159400,pmod,28351502,16,14
1650032500,pmod,28403951,16,14
1546903640,pmod,29369034,16,14
1161371420,pmod,32623940,32,14
1086133020,pmod,32388682,32,14
956588640,pmod,35231385,32,14
1092179940,pmod,32256587,32,14
958181360,pmod,35425615,32,14
712913760,pmod,48834111,64,14
890283920,pmod,42789991,64,14
797936240,pmod,51127285,64,14
803429300,pmod,47515272,64,14
717816980,pmod,49130882,64,14
705804100,pmod,69233554,128,14
700015380,pmod,67216334,128,14
697232700,pmod,69581800,128,14
953826200,pmod,54518437,128,14
1065269680,pmod,50566375,128,14
1494445060,pmod,86797133,256,14
1035544960,pmod,95821664,256,14
1713571560,pmod,83502191,256,14
1407660680,pmod,139954629,256,14
1299733460,pmod,91212565,256,14
