81301690740,pmod_256_10_fifo,79918972,1,0
84769426380,pmod_256_10_fifo,79918972,1,0
81059536340,pmod_256_10_fifo,79918972,1,0
81160392960,pmod_256_10_fifo,79918972,1,0
81113537940,pmod_256_10_fifo,79918972,1,0
81280171600,pmod_256_10_fifo,79918972,1,0
81195606940,pmod_256_10_fifo,79918972,1,0
81243955440,pmod_256_10_fifo,79918972,1,0
81307135500,pmod_256_10_fifo,79918972,1,0
81251055660,pmod_256_10_fifo,79918972,1,0
75959462340,pmod_256_10_fifo,219315267,2,0
72113198740,pmod_256_10_fifo,209886209,2,0
74251755900,pmod_256_10_fifo,215316909,2,0
75668597120,pmod_256_10_fifo,218769121,2,0
75723455820,pmod_256_10_fifo,218485417,2,0
75320679840,pmod_256_10_fifo,217415688,2,0
74575940360,pmod_256_10_fifo,215525551,2,0
74257315220,pmod_256_10_fifo,215136554,2,0
76045536640,pmod_256_10_fifo,219287577,2,0
74804634360,pmod_256_10_fifo,216762006,2,0
37446322860,pmod_256_10_fifo,214523900,4,0
37047048100,pmod_256_10_fifo,213017261,4,0
37236193160,pmod_256_10_fifo,213532957,4,0
37467397300,pmod_256_10_fifo,215082241,4,0
37056182180,pmod_256_10_fifo,212678049,4,0
37308336640,pmod_256_10_fifo,214269482,4,0
37467611380,pmod_256_10_fifo,214902163,4,0
34902292540,pmod_256_10_fifo,202433031,4,0
37304369740,pmod_256_10_fifo,214293788,4,0
34625354040,pmod_256_10_fifo,201128339,4,0
23354931040,pmod_256_10_fifo,215231306,8,0
24114141800,pmod_256_10_fifo,223551533,8,0
22517477320,pmod_256_10_fifo,208370155,8,0
22970170060,pmod_256_10_fifo,213695438,8,0
23452746880,pmod_256_10_fifo,217865298,8,0
23581678720,pmod_256_10_fifo,218809600,8,0
22364193340,pmod_256_10_fifo,210444127,8,0
23896495040,pmod_256_10_fifo,220767480,8,0
23525121660,pmod_256_10_fifo,218410237,8,0
22261800580,pmod_256_10_fifo,208113697,8,0
25058510520,pmod_256_10_fifo,415404149,16,0
25552470480,pmod_256_10_fifo,421353404,16,0
26031805560,pmod_256_10_fifo,439812164,16,0
24936035240,pmod_256_10_fifo,409269001,16,0
25378340180,pmod_256_10_fifo,419514196,16,0
25283702240,pmod_256_10_fifo,414131843,16,0
25930551860,pmod_256_10_fifo,431266127,16,0
25293576980,pmod_256_10_fifo,422594434,16,0
23896884020,pmod_256_10_fifo,395419293,16,0
25138875240,pmod_256_10_fifo,423035159,16,0
7954599780,pmod_256_10_fifo,251989526,32,0
7033836740,pmod_256_10_fifo,221239967,32,0
6402926440,pmod_256_10_fifo,200371752,32,0
6533576540,pmod_256_10_fifo,205063278,32,0
6801814000,pmod_256_10_fifo,212407688,32,0
7190186440,pmod_256_10_fifo,223331204,32,0
7260293000,pmod_256_10_fifo,224887290,32,0
7056385120,pmod_256_10_fifo,221402297,32,0
7011678760,pmod_256_10_fifo,218545715,32,0
6665236380,pmod_256_10_fifo,209748374,32,0
2625097960,pmod_256_10_fifo,145448753,64,0
2701676480,pmod_256_10_fifo,149472796,64,0
2664828440,pmod_256_10_fifo,145460646,64,0
2578898060,pmod_256_10_fifo,142559178,64,0
2546904860,pmod_256_10_fifo,139364617,64,0
2483226080,pmod_256_10_fifo,136383880,64,0
2597507740,pmod_256_10_fifo,143446446,64,0
2576892440,pmod_256_10_fifo,143772512,64,0
2465676960,pmod_256_10_fifo,135853396,64,0
2541280120,pmod_256_10_fifo,139743841,64,0
1737338120,pmod_256_10_fifo,157819658,128,0
1924752840,pmod_256_10_fifo,175404461,128,0
1630198120,pmod_256_10_fifo,148580868,128,0
1604766740,pmod_256_10_fifo,145658173,128,0
1668494220,pmod_256_10_fifo,152611268,128,0
2156764180,pmod_256_10_fifo,193535064,128,0
1781006420,pmod_256_10_fifo,162078113,128,0
1805319420,pmod_256_10_fifo,164846502,128,0
1650108780,pmod_256_10_fifo,150571161,128,0
1392968660,pmod_256_10_fifo,118508578,128,0
1372059040,pmod_256_10_fifo,77447451,256,0
1248007080,pmod_256_10_fifo,78653644,256,0
1346599720,pmod_256_10_fifo,80168926,256,0
1417067840,pmod_256_10_fifo,128908460,256,0
1354185460,pmod_256_10_fifo,77731731,256,0
1452515760,pmod_256_10_fifo,79792357,256,0
1236878000,pmod_256_10_fifo,78561068,256,0
1330634860,pmod_256_10_fifo,78930016,256,0
1414014260,pmod_256_10_fifo,107299887,256,0
1292762540,pmod_256_10_fifo,77720811,256,0
