2431106290,pmod_32_0_fifo,50578466,128,0
2282217322,pmod_32_0_fifo,50545482,128,0
2594806932,pmod_32_0_fifo,50548485,128,0
2290614634,pmod_32_0_fifo,50545940,128,0
2368353106,pmod_32_0_fifo,50544570,128,0
2363176810,pmod_32_2_fifo,50547886,128,0
2283901164,pmod_32_2_fifo,50547760,128,0
2402157160,pmod_32_2_fifo,50545601,128,0
2351802076,pmod_32_2_fifo,50549154,128,0
2361213754,pmod_32_2_fifo,50547897,128,0
2533646774,pmod_32_4_fifo,50546605,128,0
2452139764,pmod_32_4_fifo,50546314,128,0
2478039898,pmod_32_4_fifo,50545554,128,0
2551608532,pmod_32_4_fifo,50548189,128,0
2483965744,pmod_32_4_fifo,50546109,128,0
2197382288,pmod_32_8_fifo,50547122,128,0
2291466724,pmod_32_8_fifo,50547009,128,0
2468863070,pmod_32_8_fifo,50547722,128,0
2518852922,pmod_32_8_fifo,50547542,128,0
2257550060,pmod_32_8_fifo,50550066,128,0
2309596810,pmod_32_10_fifo,50547253,128,0
2411065872,pmod_32_10_fifo,50545955,128,0
2427653322,pmod_32_10_fifo,50546302,128,0
2407729546,pmod_32_10_fifo,50546802,128,0
2414346598,pmod_32_10_fifo,50546493,128,0
1172814706,pmod_64_0_fifo,50548257,128,0
1163369136,pmod_64_0_fifo,50550805,128,0
1198070430,pmod_64_0_fifo,50550667,128,0
1124315794,pmod_64_0_fifo,50550484,128,0
1160407032,pmod_64_0_fifo,50550072,128,0
1100327778,pmod_64_2_fifo,50551440,128,0
1156146140,pmod_64_2_fifo,50547782,128,0
1173698954,pmod_64_2_fifo,50548821,128,0
1182434574,pmod_64_2_fifo,50549739,128,0
1180416926,pmod_64_2_fifo,50550486,128,0
1122087644,pmod_64_4_fifo,50550898,128,0
1192977780,pmod_64_4_fifo,50548058,128,0
1152322360,pmod_64_4_fifo,50550287,128,0
1248379556,pmod_64_4_fifo,50550389,128,0
1211760714,pmod_64_4_fifo,50556866,128,0
1191484464,pmod_64_8_fifo,50551518,128,0
1215250674,pmod_64_8_fifo,50548972,128,0
1239024728,pmod_64_8_fifo,50548001,128,0
1169663576,pmod_64_8_fifo,50546435,128,0
1167000892,pmod_64_8_fifo,50555573,128,0
1148319728,pmod_64_10_fifo,50547014,128,0
1166322354,pmod_64_10_fifo,50549014,128,0
1178246564,pmod_64_10_fifo,50548010,128,0
1191781000,pmod_64_10_fifo,50548522,128,0
1139193678,pmod_64_10_fifo,50547164,128,0
853657260,pmod_128_0_fifo,50550751,128,0
847348022,pmod_128_0_fifo,50561007,128,0
880272360,pmod_128_0_fifo,50558969,128,0
897339100,pmod_128_0_fifo,50570332,128,0
901417994,pmod_128_0_fifo,50565394,128,0
883065438,pmod_128_2_fifo,50558015,128,0
847259556,pmod_128_2_fifo,50564024,128,0
894643186,pmod_128_2_fifo,50556271,128,0
875657138,pmod_128_2_fifo,50555196,128,0
825021818,pmod_128_2_fifo,50558592,128,0
863202382,pmod_128_4_fifo,50549478,128,0
863899416,pmod_128_4_fifo,50559090,128,0
887358416,pmod_128_4_fifo,50551339,128,0
889834408,pmod_128_4_fifo,50557038,128,0
876162448,pmod_128_4_fifo,50555327,128,0
843845770,pmod_128_8_fifo,50557161,128,0
861442426,pmod_128_8_fifo,50550272,128,0
894827300,pmod_128_8_fifo,50581348,128,0
855874254,pmod_128_8_fifo,50616482,128,0
874878756,pmod_128_8_fifo,50563545,128,0
847435752,pmod_128_10_fifo,50575363,128,0
836561782,pmod_128_10_fifo,50570791,128,0
867036144,pmod_128_10_fifo,50569321,128,0
858017730,pmod_128_10_fifo,50553057,128,0
852978982,pmod_128_10_fifo,50556160,128,0
765876726,pmod_256_0_fifo,50617953,128,0
764262388,pmod_256_0_fifo,50649033,128,0
766930776,pmod_256_0_fifo,50670533,128,0
771780216,pmod_256_0_fifo,50608734,128,0
763184978,pmod_256_0_fifo,50669426,128,0
750545272,pmod_256_2_fifo,50647483,128,0
744515506,pmod_256_2_fifo,50595455,128,0
748730430,pmod_256_2_fifo,50602067,128,0
762613786,pmod_256_2_fifo,50598970,128,0
761244610,pmod_256_2_fifo,50617632,128,0
767151902,pmod_256_4_fifo,50638853,128,0
756999122,pmod_256_4_fifo,50639516,128,0
754541840,pmod_256_4_fifo,50680415,128,0
748095516,pmod_256_4_fifo,50573601,128,0
759646074,pmod_256_4_fifo,50610747,128,0
754101922,pmod_256_8_fifo,50631309,128,0
758892552,pmod_256_8_fifo,50681790,128,0
760403950,pmod_256_8_fifo,50651702,128,0
762294546,pmod_256_8_fifo,50654488,128,0
749585574,pmod_256_8_fifo,50671221,128,0
755411584,pmod_256_10_fifo,50642202,128,0
750966560,pmod_256_10_fifo,50628401,128,0
773264102,pmod_256_10_fifo,50642677,128,0
758171516,pmod_256_10_fifo,50666018,128,0
766939624,pmod_256_10_fifo,50611382,128,0
744742326,pmod_512_0_fifo,50658532,128,0
733646860,pmod_512_0_fifo,50642246,128,0
733032128,pmod_512_0_fifo,50737167,128,0
742808324,pmod_512_0_fifo,50631103,128,0
733772774,pmod_512_0_fifo,50679025,128,0
725322184,pmod_512_2_fifo,50652808,128,0
730499128,pmod_512_2_fifo,50671604,128,0
731314002,pmod_512_2_fifo,50680248,128,0
733779360,pmod_512_2_fifo,50645069,128,0
723273860,pmod_512_2_fifo,50677623,128,0
732384258,pmod_512_4_fifo,50677244,128,0
729167274,pmod_512_4_fifo,50666228,128,0
726723042,pmod_512_4_fifo,50699589,128,0
733411644,pmod_512_4_fifo,50659308,128,0
733122716,pmod_512_4_fifo,50689721,128,0
735327446,pmod_512_8_fifo,50689506,128,0
730507392,pmod_512_8_fifo,50683616,128,0
726477194,pmod_512_8_fifo,50658413,128,0
732737518,pmod_512_8_fifo,50750216,128,0
732401776,pmod_512_8_fifo,50682802,128,0
729897518,pmod_512_10_fifo,50670715,128,0
729673710,pmod_512_10_fifo,50648693,128,0
730371062,pmod_512_10_fifo,50669514,128,0
728211854,pmod_512_10_fifo,50673493,128,0
726071976,pmod_512_10_fifo,50733718,128,0
