8907944908,pmod_32_0_fifo,48178555,128,0
9414530770,pmod_32_0_fifo,48176662,128,0
9295382864,pmod_32_0_fifo,48172588,128,0
11289071792,pmod_32_0_fifo,48169638,128,0
13913995438,pmod_32_0_fifo,48170658,128,0
8781005522,pmod_32_2_fifo,48168635,128,0
10692997394,pmod_32_2_fifo,48181983,128,0
14236091710,pmod_32_2_fifo,48178391,128,0
10773149988,pmod_32_2_fifo,48173034,128,0
12353699180,pmod_32_2_fifo,48177368,128,0
8809536026,pmod_32_4_fifo,48165412,128,0
8711386326,pmod_32_4_fifo,48187031,128,0
9666494364,pmod_32_4_fifo,48172571,128,0
11720739122,pmod_32_4_fifo,48178515,128,0
12643552782,pmod_32_4_fifo,48172759,128,0
9684553816,pmod_32_8_fifo,48175208,128,0
9245601610,pmod_32_8_fifo,48174865,128,0
12123307478,pmod_32_8_fifo,48168011,128,0
9322933738,pmod_32_8_fifo,48171549,128,0
10996393458,pmod_32_8_fifo,48170569,128,0
8655247812,pmod_32_10_fifo,48169348,128,0
12684968930,pmod_32_10_fifo,48173305,128,0
8743921460,pmod_32_10_fifo,48174817,128,0
9071257808,pmod_32_10_fifo,48170414,128,0
8590207556,pmod_32_10_fifo,48170137,128,0
13141455948,pmod_64_0_fifo,48050579,128,0
8431979080,pmod_64_0_fifo,48047099,128,0
8710698644,pmod_64_0_fifo,48046465,128,0
8526072214,pmod_64_0_fifo,48048433,128,0
11571023700,pmod_64_0_fifo,48051629,128,0
11294663542,pmod_64_2_fifo,48052202,128,0
13710763958,pmod_64_2_fifo,48048632,128,0
8456538566,pmod_64_2_fifo,48049490,128,0
8562634232,pmod_64_2_fifo,48051499,128,0
8443201256,pmod_64_2_fifo,48047983,128,0
8999871170,pmod_64_4_fifo,48044681,128,0
9677615944,pmod_64_4_fifo,48094483,128,0
8680951598,pmod_64_4_fifo,48046681,128,0
8661156098,pmod_64_4_fifo,48046706,128,0
9147390294,pmod_64_4_fifo,48048045,128,0
9286039394,pmod_64_8_fifo,48051422,128,0
8882755550,pmod_64_8_fifo,48046215,128,0
8534862824,pmod_64_8_fifo,48049696,128,0
9352209790,pmod_64_8_fifo,48050259,128,0
8850603816,pmod_64_8_fifo,48049358,128,0
12775650182,pmod_64_10_fifo,48049744,128,0
9065969594,pmod_64_10_fifo,48045305,128,0
11485613610,pmod_64_10_fifo,48045334,128,0
8594280308,pmod_64_10_fifo,48048241,128,0
9777353400,pmod_64_10_fifo,48049088,128,0
9036403220,pmod_128_0_fifo,47991752,128,0
15322912758,pmod_128_0_fifo,47978781,128,0
8238808152,pmod_128_0_fifo,47984109,128,0
8583599590,pmod_128_0_fifo,47984652,128,0
12188299736,pmod_128_0_fifo,47983428,128,0
8669468512,pmod_128_2_fifo,47982576,128,0
8784981060,pmod_128_2_fifo,47984314,128,0
13662373010,pmod_128_2_fifo,47982338,128,0
12104874716,pmod_128_2_fifo,47983954,128,0
8466165276,pmod_128_2_fifo,47981891,128,0
8265133958,pmod_128_4_fifo,47980921,128,0
8536355488,pmod_128_4_fifo,47982678,128,0
10063021400,pmod_128_4_fifo,48031267,128,0
12208796298,pmod_128_4_fifo,47981612,128,0
11101644402,pmod_128_4_fifo,47981309,128,0
13480400148,pmod_128_8_fifo,47984349,128,0
12731892964,pmod_128_8_fifo,47981634,128,0
11797520042,pmod_128_8_fifo,47985286,128,0
8761584168,pmod_128_8_fifo,47982516,128,0
8468654892,pmod_128_8_fifo,47982090,128,0
8368338084,pmod_128_10_fifo,47982774,128,0
8446233030,pmod_128_10_fifo,47981755,128,0
12518814070,pmod_128_10_fifo,47983180,128,0
12945468798,pmod_128_10_fifo,47981835,128,0
8395182740,pmod_128_10_fifo,47980797,128,0
12030899956,pmod_256_0_fifo,47952173,128,0
8149206220,pmod_256_0_fifo,47949840,128,0
8890522598,pmod_256_0_fifo,47961837,128,0
12811917444,pmod_256_0_fifo,47950556,128,0
8658128016,pmod_256_0_fifo,47953692,128,0
13386126510,pmod_256_2_fifo,47954967,128,0
12503305880,pmod_256_2_fifo,47950488,128,0
12968275280,pmod_256_2_fifo,47951694,128,0
8371679338,pmod_256_2_fifo,47948786,128,0
8771993792,pmod_256_2_fifo,47948657,128,0
8828359942,pmod_256_4_fifo,47953392,128,0
8466586842,pmod_256_4_fifo,47949143,128,0
11656711924,pmod_256_4_fifo,47950021,128,0
8511785210,pmod_256_4_fifo,47949584,128,0
8608722350,pmod_256_4_fifo,47948755,128,0
8525962588,pmod_256_8_fifo,47948649,128,0
12670290296,pmod_256_8_fifo,47949631,128,0
8391454418,pmod_256_8_fifo,47949697,128,0
8520986360,pmod_256_8_fifo,47947587,128,0
12776116488,pmod_256_8_fifo,47947937,128,0
8426066386,pmod_256_10_fifo,47951238,128,0
11204478376,pmod_256_10_fifo,47947955,128,0
13111372090,pmod_256_10_fifo,47953874,128,0
12178290756,pmod_256_10_fifo,47950046,128,0
12015741652,pmod_256_10_fifo,47950126,128,0
13015860414,pmod_512_0_fifo,47937373,128,0
12413019460,pmod_512_0_fifo,47938211,128,0
12280544908,pmod_512_0_fifo,47938009,128,0
8525633930,pmod_512_0_fifo,47937611,128,0
11675251828,pmod_512_0_fifo,47937710,128,0
8766852260,pmod_512_2_fifo,47936492,128,0
11882055972,pmod_512_2_fifo,47936652,128,0
8218999358,pmod_512_2_fifo,47937743,128,0
8330164474,pmod_512_2_fifo,47937496,128,0
8540327904,pmod_512_2_fifo,47937195,128,0
12117139854,pmod_512_4_fifo,47937599,128,0
11930942520,pmod_512_4_fifo,47937633,128,0
8757248098,pmod_512_4_fifo,47936395,128,0
12237188750,pmod_512_4_fifo,47936702,128,0
11778563374,pmod_512_4_fifo,47937432,128,0
8506465198,pmod_512_8_fifo,47937096,128,0
11778656772,pmod_512_8_fifo,47937561,128,0
13512674728,pmod_512_8_fifo,47942837,128,0
8525556302,pmod_512_8_fifo,47938117,128,0
11770905760,pmod_512_8_fifo,47936309,128,0
9323753728,pmod_512_10_fifo,47937815,128,0
12105301996,pmod_512_10_fifo,47937249,128,0
10838135204,pmod_512_10_fifo,47937496,128,0
12635460548,pmod_512_10_fifo,47937519,128,0
8257143352,pmod_512_10_fifo,47936509,128,0
