2224317332,pmod_32_0_fifo,12609615,128,0
2239351954,pmod_32_0_fifo,12611529,128,0
2248957786,pmod_32_0_fifo,12613346,128,0
2239285842,pmod_32_0_fifo,12611679,128,0
2212618300,pmod_32_0_fifo,12608981,128,0
2229473068,pmod_32_2_fifo,12613501,128,0
2233089422,pmod_32_2_fifo,12612925,128,0
2257763832,pmod_32_2_fifo,12611808,128,0
2219050684,pmod_32_2_fifo,12610766,128,0
2165470108,pmod_32_2_fifo,12609970,128,0
2220852926,pmod_32_4_fifo,12611916,128,0
2229965942,pmod_32_4_fifo,12610781,128,0
2103458594,pmod_32_4_fifo,12608935,128,0
2232660014,pmod_32_4_fifo,12609718,128,0
2192738938,pmod_32_4_fifo,12610337,128,0
2229024034,pmod_32_8_fifo,12609580,128,0
2231375032,pmod_32_8_fifo,12613040,128,0
2241349244,pmod_32_8_fifo,12613579,128,0
2216977956,pmod_32_8_fifo,12610970,128,0
2173374140,pmod_32_8_fifo,12611425,128,0
2216074836,pmod_32_10_fifo,12611741,128,0
2210639116,pmod_32_10_fifo,12612248,128,0
2218538916,pmod_32_10_fifo,12613100,128,0
2240094272,pmod_32_10_fifo,12611274,128,0
2220807232,pmod_32_10_fifo,12609344,128,0
2173336120,pmod_64_0_fifo,12578606,128,0
2172133466,pmod_64_0_fifo,12580695,128,0
2183986930,pmod_64_0_fifo,12579357,128,0
2180724374,pmod_64_0_fifo,12579601,128,0
2171949166,pmod_64_0_fifo,12578847,128,0
2173600542,pmod_64_2_fifo,12580182,128,0
2222647140,pmod_64_2_fifo,12580890,128,0
2189547654,pmod_64_2_fifo,12578130,128,0
2213043668,pmod_64_2_fifo,12580038,128,0
2202369148,pmod_64_2_fifo,12580121,128,0
2170446514,pmod_64_4_fifo,12580661,128,0
2201160238,pmod_64_4_fifo,12579539,128,0
2189865862,pmod_64_4_fifo,12580479,128,0
2159922216,pmod_64_4_fifo,12581120,128,0
2181021486,pmod_64_4_fifo,12581039,128,0
2472399018,pmod_64_8_fifo,12581540,128,0
2385132144,pmod_64_8_fifo,12580275,128,0
2394868082,pmod_64_8_fifo,12579694,128,0
2380410812,pmod_64_8_fifo,12580718,128,0
2345508378,pmod_64_8_fifo,12580719,128,0
2183319422,pmod_64_10_fifo,12580165,128,0
2178214986,pmod_64_10_fifo,12579777,128,0
2174269312,pmod_64_10_fifo,12582314,128,0
2165193116,pmod_64_10_fifo,12579946,128,0
2102367064,pmod_64_10_fifo,12578294,128,0
3315330658,pmod_128_0_fifo,12588638,128,0
2105015546,pmod_128_0_fifo,12563390,128,0
2080690344,pmod_128_0_fifo,12562846,128,0
2043633246,pmod_128_0_fifo,12561638,128,0
2151419544,pmod_128_0_fifo,12562239,128,0
2121341424,pmod_128_2_fifo,12561589,128,0
2163868566,pmod_128_2_fifo,12562390,128,0
2086688610,pmod_128_2_fifo,12563148,128,0
2186037030,pmod_128_2_fifo,12563993,128,0
2158508606,pmod_128_2_fifo,12562731,128,0
2123056922,pmod_128_4_fifo,12562676,128,0
2162852618,pmod_128_4_fifo,12563905,128,0
2141433812,pmod_128_4_fifo,12562835,128,0
2159725092,pmod_128_4_fifo,12563385,128,0
2131114702,pmod_128_4_fifo,12562159,128,0
2198579264,pmod_128_8_fifo,12562214,128,0
2177378338,pmod_128_8_fifo,12561551,128,0
2118704754,pmod_128_8_fifo,12561944,128,0
2196030000,pmod_128_8_fifo,12561634,128,0
2181055494,pmod_128_8_fifo,12563610,128,0
2114710898,pmod_128_10_fifo,12561911,128,0
2155233988,pmod_128_10_fifo,12562888,128,0
2166594044,pmod_128_10_fifo,12563893,128,0
2151515562,pmod_128_10_fifo,12561924,128,0
2178247414,pmod_128_10_fifo,12563119,128,0
2134385350,pmod_256_0_fifo,12553865,128,0
2149739662,pmod_256_0_fifo,12553537,128,0
2140175768,pmod_256_0_fifo,12554148,128,0
2120077554,pmod_256_0_fifo,12554861,128,0
2059576700,pmod_256_0_fifo,12552900,128,0
2107529498,pmod_256_2_fifo,12552899,128,0
2185561112,pmod_256_2_fifo,12552629,128,0
2087285820,pmod_256_2_fifo,12554077,128,0
2152320540,pmod_256_2_fifo,12553777,128,0
2059665896,pmod_256_2_fifo,12553774,128,0
2169184086,pmod_256_4_fifo,12553750,128,0
2091931514,pmod_256_4_fifo,12554117,128,0
2032441358,pmod_256_4_fifo,12553961,128,0
2109221806,pmod_256_4_fifo,12554074,128,0
2098181762,pmod_256_4_fifo,12552332,128,0
2156718124,pmod_256_8_fifo,12554140,128,0
2079813574,pmod_256_8_fifo,12553894,128,0
2133771130,pmod_256_8_fifo,12553721,128,0
2113966386,pmod_256_8_fifo,12553900,128,0
2064114626,pmod_256_8_fifo,12553971,128,0
2046589800,pmod_256_10_fifo,12553521,128,0
2119257936,pmod_256_10_fifo,12553009,128,0
2070293026,pmod_256_10_fifo,12552287,128,0
2498774210,pmod_256_10_fifo,12557555,128,0
2128977584,pmod_256_10_fifo,12553212,128,0
2168569652,pmod_512_0_fifo,12551351,128,0
2202929076,pmod_512_0_fifo,12550631,128,0
2120015270,pmod_512_0_fifo,12550559,128,0
2084647800,pmod_512_0_fifo,12550747,128,0
2320484180,pmod_512_0_fifo,12553049,128,0
2126167340,pmod_512_2_fifo,12551811,128,0
2112309324,pmod_512_2_fifo,12550371,128,0
2160074364,pmod_512_2_fifo,12550390,128,0
2154563978,pmod_512_2_fifo,12550786,128,0
2091428954,pmod_512_2_fifo,12548847,128,0
2153476944,pmod_512_4_fifo,12551667,128,0
2100475792,pmod_512_4_fifo,12550925,128,0
2133395554,pmod_512_4_fifo,12549557,128,0
2134188592,pmod_512_4_fifo,12550808,128,0
2148909934,pmod_512_4_fifo,12550414,128,0
2168574206,pmod_512_8_fifo,12550845,128,0
2232985916,pmod_512_8_fifo,12551267,128,0
2132173508,pmod_512_8_fifo,12550919,128,0
2151368798,pmod_512_8_fifo,12550689,128,0
2149434582,pmod_512_8_fifo,12550638,128,0
2163091992,pmod_512_10_fifo,12550696,128,0
2275305948,pmod_512_10_fifo,12553400,128,0
2146209644,pmod_512_10_fifo,12550614,128,0
2153228436,pmod_512_10_fifo,12550523,128,0
2194198942,pmod_512_10_fifo,12552418,128,0
