1041412340,pmod_32_10_fifo,47727671,128,14
1058012092,pmod_32_10_fifo,47325228,128,14
978527322,pmod_32_10_fifo,48685850,128,14
1052891590,pmod_32_10_fifo,48486481,128,14
1059315686,pmod_32_10_fifo,48653988,128,14
1061864796,pmod_32_12_fifo,47622392,128,14
1048148404,pmod_32_12_fifo,47593572,128,14
1052658154,pmod_32_12_fifo,51720855,128,14
1042869106,pmod_32_12_fifo,47602363,128,14
1035849440,pmod_32_12_fifo,47306824,128,14
1049848940,pmod_32_14_fifo,47479691,128,14
1038970686,pmod_32_14_fifo,47674600,128,14
10900984374,pmod_32_14_fifo,240335920,128,14
1059588404,pmod_32_14_fifo,47260537,128,14
1060855172,pmod_32_14_fifo,47995195,128,14
1038319618,pmod_32_16_fifo,47935203,128,14
991729230,pmod_32_16_fifo,49051246,128,14
972269416,pmod_32_16_fifo,49047582,128,14
1044975242,pmod_32_16_fifo,47670936,128,14
1058971354,pmod_32_16_fifo,47664257,128,14
1017769392,pmod_32_18_fifo,47741724,128,14
1097502594,pmod_32_18_fifo,48039119,128,14
1917783134,pmod_32_18_fifo,48940491,128,14
1646270010,pmod_32_18_fifo,47077023,128,14
976492858,pmod_32_18_fifo,48518409,128,14
1071206522,pmod_64_10_fifo,80284733,128,14
1066047046,pmod_64_10_fifo,79824799,128,14
928356052,pmod_64_10_fifo,88274309,128,14
1195347608,pmod_64_10_fifo,77576418,128,14
925937910,pmod_64_10_fifo,83055978,128,14
1106195560,pmod_64_12_fifo,82107166,128,14
1191705758,pmod_64_12_fifo,74845199,128,14
1217006908,pmod_64_12_fifo,77326196,128,14
1076731684,pmod_64_12_fifo,82421098,128,14
936277650,pmod_64_12_fifo,83247125,128,14
1230134668,pmod_64_14_fifo,75757232,128,14
858539010,pmod_64_14_fifo,86023149,128,14
1196956948,pmod_64_14_fifo,75973142,128,14
922934766,pmod_64_14_fifo,82625699,128,14
1194217860,pmod_64_14_fifo,76200373,128,14
868436302,pmod_64_16_fifo,86239742,128,14
928395042,pmod_64_16_fifo,82850923,128,14
1053742970,pmod_64_16_fifo,82046730,128,14
1089708904,pmod_64_16_fifo,80810876,128,14
929363690,pmod_64_16_fifo,86582501,128,14
1175726004,pmod_64_18_fifo,75776218,128,14
1084907674,pmod_64_18_fifo,79509556,128,14
900866924,pmod_64_18_fifo,82813784,128,14
917303604,pmod_64_18_fifo,83138376,128,14
1169028810,pmod_64_18_fifo,79880060,128,14
1327881474,pmod_128_10_fifo,122403835,128,14
1249496990,pmod_128_10_fifo,119424911,128,14
1268402892,pmod_128_10_fifo,119248743,128,14
1261988330,pmod_128_10_fifo,118682634,128,14
1284751616,pmod_128_10_fifo,122844531,128,14
1292645676,pmod_128_12_fifo,121413586,128,14
1300530626,pmod_128_12_fifo,120948015,128,14
1280343666,pmod_128_12_fifo,121321855,128,14
1292863208,pmod_128_12_fifo,117489071,128,14
1271171158,pmod_128_12_fifo,122895049,128,14
1333148630,pmod_128_14_fifo,122841148,128,14
1295577800,pmod_128_14_fifo,119009896,128,14
1307150280,pmod_128_14_fifo,120455367,128,14
1303598202,pmod_128_14_fifo,121104593,128,14
1303843192,pmod_128_14_fifo,122625598,128,14
1246840588,pmod_128_16_fifo,115383287,128,14
1290275244,pmod_128_16_fifo,122343901,128,14
1271707934,pmod_128_16_fifo,117723419,128,14
1258599356,pmod_128_16_fifo,118267039,128,14
1290531128,pmod_128_16_fifo,120936191,128,14
1275799136,pmod_128_18_fifo,121051212,128,14
1319025580,pmod_128_18_fifo,124949517,128,14
1277619394,pmod_128_18_fifo,120408975,128,14
1320149862,pmod_128_18_fifo,118706720,128,14
1170967624,pmod_128_18_fifo,135854993,128,14
2098205160,pmod_256_10_fifo,152514974,128,14
2101665152,pmod_256_10_fifo,141100168,128,14
2050803800,pmod_256_10_fifo,161302709,128,14
2166333362,pmod_256_10_fifo,158097427,128,14
1990267388,pmod_256_10_fifo,150926417,128,14
1864946878,pmod_256_12_fifo,168896585,128,14
2123060004,pmod_256_12_fifo,150051921,128,14
1814780024,pmod_256_12_fifo,162231068,128,14
2004417568,pmod_256_12_fifo,152774227,128,14
1826557022,pmod_256_12_fifo,167600065,128,14
1988955748,pmod_256_14_fifo,157626422,128,14
1905016418,pmod_256_14_fifo,150902306,128,14
1965723190,pmod_256_14_fifo,150599909,128,14
1779327974,pmod_256_14_fifo,165127863,128,14
2008857928,pmod_256_14_fifo,160084489,128,14
1981847962,pmod_256_16_fifo,147215584,128,14
2139822244,pmod_256_16_fifo,148789421,128,14
1981379124,pmod_256_16_fifo,154588275,128,14
2036262028,pmod_256_16_fifo,154462981,128,14
1838526482,pmod_256_16_fifo,179960730,128,14
2066155952,pmod_256_18_fifo,162744927,128,14
2079018902,pmod_256_18_fifo,157483277,128,14
1863383544,pmod_256_18_fifo,161211518,128,14
2016701714,pmod_256_18_fifo,148408931,128,14
1948894296,pmod_256_18_fifo,165228274,128,14
2990314528,pmod_512_10_fifo,197113510,128,14
3135776048,pmod_512_10_fifo,190601852,128,14
3019202916,pmod_512_10_fifo,214343605,128,14
2813877952,pmod_512_10_fifo,212607782,128,14
3010311874,pmod_512_10_fifo,204401723,128,14
2971974320,pmod_512_12_fifo,194530029,128,14
2906005746,pmod_512_12_fifo,191755231,128,14
2914883888,pmod_512_12_fifo,196622804,128,14
3060108412,pmod_512_12_fifo,218181951,128,14
2934930172,pmod_512_12_fifo,205426388,128,14
3323525426,pmod_512_14_fifo,199295082,128,14
3252985176,pmod_512_14_fifo,207791258,128,14
2879304434,pmod_512_14_fifo,208560288,128,14
2741344070,pmod_512_14_fifo,220954124,128,14
2936588136,pmod_512_14_fifo,202148661,128,14
2767793086,pmod_512_16_fifo,209224876,128,14
3095403618,pmod_512_16_fifo,216156342,128,14
2660965662,pmod_512_16_fifo,192142641,128,14
3256829020,pmod_512_16_fifo,200625358,128,14
3065418268,pmod_512_16_fifo,215052612,128,14
2863573952,pmod_512_18_fifo,197298015,128,14
2891423272,pmod_512_18_fifo,200793856,128,14
2849448274,pmod_512_18_fifo,216225637,128,14
2874872474,pmod_512_18_fifo,202389561,128,14
3139150902,pmod_512_18_fifo,193502733,128,14
