356319480,smqhmnuma_4_2_1,43191449,256,14
357309920,smqhmnuma_4_2_1,43137943,256,14
356089040,smqhmnuma_4_2_1,43531303,256,14
353746400,smqhmnuma_4_2_1,42941781,256,14
353405840,smqhmnuma_4_2_1,42880953,256,14
362266480,smqhmnuma_4_2_2,43996037,256,14
352600440,smqhmnuma_4_2_2,42989433,256,14
353986400,smqhmnuma_4_2_2,43097238,256,14
358189760,smqhmnuma_4_2_2,43468697,256,14
358111300,smqhmnuma_4_2_2,43467016,256,14
352360560,smqhmnuma_4_2_4,43106523,256,14
359304600,smqhmnuma_4_2_4,43935700,256,14
354279400,smqhmnuma_4_2_4,43148671,256,14
351803860,smqhmnuma_4_2_4,43181083,256,14
354519340,smqhmnuma_4_2_4,43516797,256,14
359395980,smqhmnuma_4_2_8,44077920,256,14
388377580,smqhmnuma_4_2_8,43831399,256,14
357088440,smqhmnuma_4_2_8,43557293,256,14
359909600,smqhmnuma_4_2_8,43697994,256,14
355481540,smqhmnuma_4_2_8,43290908,256,14
360027740,smqhmnuma_4_2_16,43803284,256,14
358597260,smqhmnuma_4_2_16,43332242,256,14
364385860,smqhmnuma_4_2_16,44286469,256,14
362166020,smqhmnuma_4_2_16,44172516,256,14
388503500,smqhmnuma_4_2_16,43041653,256,14
361455480,smqhmnuma_4_2_32,44333752,256,14
360482820,smqhmnuma_4_2_32,43983774,256,14
361116180,smqhmnuma_4_2_32,43913058,256,14
360074000,smqhmnuma_4_2_32,44252791,256,14
357038880,smqhmnuma_4_2_32,43701818,256,14
362159720,smqhmnuma_4_2_64,44085835,256,14
360001000,smqhmnuma_4_2_64,43902545,256,14
422085780,smqhmnuma_4_2_64,44556866,256,14
375665760,smqhmnuma_4_2_64,45641927,256,14
361563820,smqhmnuma_4_2_64,44045222,256,14
360123520,smqhmnuma_4_2_128,44099154,256,14
367704680,smqhmnuma_4_2_128,45017443,256,14
363162180,smqhmnuma_4_2_128,44475383,256,14
363448240,smqhmnuma_4_2_128,44460703,256,14
361481340,smqhmnuma_4_2_128,44173759,256,14
384115580,smqhmnuma_4_2_256,46695834,256,14
384091620,smqhmnuma_4_2_256,46803719,256,14
374982280,smqhmnuma_4_2_256,45485107,256,14
378632820,smqhmnuma_4_2_256,46233615,256,14
369833020,smqhmnuma_4_2_256,45284815,256,14
381452200,smqhmnuma_4_2_512,46426001,256,14
391514280,smqhmnuma_4_2_512,47773133,256,14
381207600,smqhmnuma_4_2_512,46448577,256,14
388157780,smqhmnuma_4_2_512,47389622,256,14
386332760,smqhmnuma_4_2_512,47394811,256,14
393709140,smqhmnuma_4_2_1024,48355914,256,14
388830120,smqhmnuma_4_2_1024,47597485,256,14
385238560,smqhmnuma_4_2_1024,47176142,256,14
398926480,smqhmnuma_4_2_1024,48826236,256,14
401703960,smqhmnuma_4_2_1024,49455335,256,14
