2438217060,smqhmnuma_1_128_1,47589208,256,0
2415492020,smqhmnuma_1_128_1,48793529,256,0
2522485300,smqhmnuma_1_128_1,49402079,256,0
2482317900,smqhmnuma_1_128_1,48686872,256,0
2522281100,smqhmnuma_1_128_1,48753428,256,0
2451467040,smqhmnuma_1_128_2,47105462,256,0
2523450860,smqhmnuma_1_128_2,50131984,256,0
2477456540,smqhmnuma_1_128_2,49548300,256,0
2552046400,smqhmnuma_1_128_2,49668182,256,0
2449858200,smqhmnuma_1_128_2,49360661,256,0
2525131140,smqhmnuma_1_128_4,48673610,256,0
2454539540,smqhmnuma_1_128_4,48396149,256,0
2481497400,smqhmnuma_1_128_4,47254328,256,0
2538939500,smqhmnuma_1_128_4,49310359,256,0
2546590980,smqhmnuma_1_128_4,49345151,256,0
2462940000,smqhmnuma_1_128_8,48571413,256,0
2487152360,smqhmnuma_1_128_8,50377941,256,0
2502467020,smqhmnuma_1_128_8,48870321,256,0
2441895100,smqhmnuma_1_128_8,46589042,256,0
2512112540,smqhmnuma_1_128_8,49402612,256,0
2570682900,smqhmnuma_1_128_16,52650595,256,0
2422481020,smqhmnuma_1_128_16,50378627,256,0
2522632580,smqhmnuma_1_128_16,49426275,256,0
2494930180,smqhmnuma_1_128_16,50028561,256,0
2535236980,smqhmnuma_1_128_16,50448660,256,0
2511298440,smqhmnuma_1_128_32,49671976,256,0
2550891620,smqhmnuma_1_128_32,52246557,256,0
2494800100,smqhmnuma_1_128_32,51231066,256,0
2453217680,smqhmnuma_1_128_32,50957235,256,0
2565896220,smqhmnuma_1_128_32,51795487,256,0
2561301740,smqhmnuma_1_128_64,53479291,256,0
2604688620,smqhmnuma_1_128_64,53007928,256,0
2639430980,smqhmnuma_1_128_64,54607101,256,0
2635881840,smqhmnuma_1_128_64,56057651,256,0
2542336960,smqhmnuma_1_128_64,53646952,256,0
2658684000,smqhmnuma_1_128_128,53872304,256,0
2734144900,smqhmnuma_1_128_128,58111197,256,0
2691554200,smqhmnuma_1_128_128,55749342,256,0
2657374360,smqhmnuma_1_128_128,52914752,256,0
2736105600,smqhmnuma_1_128_128,55666255,256,0
2937809240,smqhmnuma_1_128_256,61989924,256,0
2850347140,smqhmnuma_1_128_256,58044773,256,0
2874473920,smqhmnuma_1_128_256,56913574,256,0
2839374500,smqhmnuma_1_128_256,54363222,256,0
2679143340,smqhmnuma_1_128_256,54800455,256,0
2793323740,smqhmnuma_1_128_512,54493115,256,0
3065288520,smqhmnuma_1_128_512,59226911,256,0
2995634380,smqhmnuma_1_128_512,63851611,256,0
3104173340,smqhmnuma_1_128_512,61753700,256,0
2853815720,smqhmnuma_1_128_512,55764857,256,0
3214321200,smqhmnuma_1_128_1024,61418294,256,0
3121555180,smqhmnuma_1_128_1024,60750082,256,0
3160031380,smqhmnuma_1_128_1024,59983060,256,0
2754847780,smqhmnuma_1_128_1024,55941225,256,0
2987851600,smqhmnuma_1_128_1024,57748139,256,0
