145300540,smqhmnuma_8_2_1,26205138,256,0
146840980,smqhmnuma_8_2_1,26246608,256,0
146246580,smqhmnuma_8_2_1,26268632,256,0
144495860,smqhmnuma_8_2_1,26193818,256,0
145367400,smqhmnuma_8_2_1,26094091,256,0
147000480,smqhmnuma_8_2_2,26160736,256,0
146056020,smqhmnuma_8_2_2,26156659,256,0
146160360,smqhmnuma_8_2_2,26090775,256,0
146258420,smqhmnuma_8_2_2,26062413,256,0
147198460,smqhmnuma_8_2_2,26124189,256,0
147140380,smqhmnuma_8_2_4,26211665,256,0
147538520,smqhmnuma_8_2_4,26153249,256,0
147393660,smqhmnuma_8_2_4,26170080,256,0
146949760,smqhmnuma_8_2_4,26136446,256,0
147283220,smqhmnuma_8_2_4,26116649,256,0
144082540,smqhmnuma_8_2_8,26142929,256,0
146158580,smqhmnuma_8_2_8,26167725,256,0
146474040,smqhmnuma_8_2_8,26214222,256,0
143826620,smqhmnuma_8_2_8,26107948,256,0
145238500,smqhmnuma_8_2_8,26171533,256,0
148283280,smqhmnuma_8_2_16,26251765,256,0
147154020,smqhmnuma_8_2_16,26217130,256,0
146338360,smqhmnuma_8_2_16,26246399,256,0
148053220,smqhmnuma_8_2_16,26240200,256,0
147399320,smqhmnuma_8_2_16,26237897,256,0
146437060,smqhmnuma_8_2_32,26378101,256,0
146085160,smqhmnuma_8_2_32,26269850,256,0
146324780,smqhmnuma_8_2_32,26393683,256,0
146513140,smqhmnuma_8_2_32,26324583,256,0
147292420,smqhmnuma_8_2_32,26299504,256,0
146410080,smqhmnuma_8_2_64,26682472,256,0
147405180,smqhmnuma_8_2_64,26807577,256,0
148820080,smqhmnuma_8_2_64,26704322,256,0
148069660,smqhmnuma_8_2_64,26709413,256,0
148389460,smqhmnuma_8_2_64,26644380,256,0
148501480,smqhmnuma_8_2_128,27029804,256,0
151677420,smqhmnuma_8_2_128,27396395,256,0
153885160,smqhmnuma_8_2_128,27625386,256,0
151444840,smqhmnuma_8_2_128,27345291,256,0
151300780,smqhmnuma_8_2_128,27188713,256,0
154041820,smqhmnuma_8_2_256,27757499,256,0
154487920,smqhmnuma_8_2_256,28169595,256,0
154187400,smqhmnuma_8_2_256,28092865,256,0
157932740,smqhmnuma_8_2_256,28515509,256,0
156225360,smqhmnuma_8_2_256,28453767,256,0
165550100,smqhmnuma_8_2_512,30070140,256,0
162831700,smqhmnuma_8_2_512,29781718,256,0
164496360,smqhmnuma_8_2_512,29166592,256,0
169928820,smqhmnuma_8_2_512,31108713,256,0
155689120,smqhmnuma_8_2_512,28343129,256,0
160022240,smqhmnuma_8_2_1024,28979981,256,0
189979960,smqhmnuma_8_2_1024,35289156,256,0
165302460,smqhmnuma_8_2_1024,29995333,256,0
167296660,smqhmnuma_8_2_1024,30690632,256,0
162453020,smqhmnuma_8_2_1024,29452192,256,0
