49586560,smqhmnuma_4_2_1,6832725,256,0
50001860,smqhmnuma_4_2_1,6797691,256,0
50509880,smqhmnuma_4_2_1,6796985,256,0
49326940,smqhmnuma_4_2_1,6785639,256,0
50831660,smqhmnuma_4_2_1,6844776,256,0
49785280,smqhmnuma_4_2_2,6784862,256,0
49568120,smqhmnuma_4_2_2,6811770,256,0
49513760,smqhmnuma_4_2_2,6785154,256,0
48903380,smqhmnuma_4_2_2,6812265,256,0
49916540,smqhmnuma_4_2_2,6792085,256,0
49240460,smqhmnuma_4_2_4,6807368,256,0
50031100,smqhmnuma_4_2_4,6823656,256,0
49986120,smqhmnuma_4_2_4,6812929,256,0
50090820,smqhmnuma_4_2_4,6822506,256,0
50085520,smqhmnuma_4_2_4,6817251,256,0
49716920,smqhmnuma_4_2_8,6817083,256,0
50461580,smqhmnuma_4_2_8,6804665,256,0
50527540,smqhmnuma_4_2_8,6856169,256,0
49406480,smqhmnuma_4_2_8,6816106,256,0
50325900,smqhmnuma_4_2_8,6819862,256,0
49797760,smqhmnuma_4_2_16,6814507,256,0
49392720,smqhmnuma_4_2_16,6840609,256,0
49547140,smqhmnuma_4_2_16,6822180,256,0
49499280,smqhmnuma_4_2_16,6823738,256,0
49903420,smqhmnuma_4_2_16,6823178,256,0
49436040,smqhmnuma_4_2_32,6857674,256,0
50530920,smqhmnuma_4_2_32,6853910,256,0
50229520,smqhmnuma_4_2_32,6843839,256,0
50009000,smqhmnuma_4_2_32,6855948,256,0
50201380,smqhmnuma_4_2_32,6868961,256,0
51033160,smqhmnuma_4_2_64,6925128,256,0
50364340,smqhmnuma_4_2_64,6951068,256,0
50417500,smqhmnuma_4_2_64,6929961,256,0
50128860,smqhmnuma_4_2_64,6884670,256,0
50127720,smqhmnuma_4_2_64,6897909,256,0
53200420,smqhmnuma_4_2_128,7138245,256,0
53481660,smqhmnuma_4_2_128,7088789,256,0
52347160,smqhmnuma_4_2_128,7072503,256,0
51889300,smqhmnuma_4_2_128,6954351,256,0
51484240,smqhmnuma_4_2_128,7032761,256,0
53270040,smqhmnuma_4_2_256,7441227,256,0
52852320,smqhmnuma_4_2_256,7307097,256,0
53024260,smqhmnuma_4_2_256,7353229,256,0
52269840,smqhmnuma_4_2_256,7342483,256,0
52729100,smqhmnuma_4_2_256,7432362,256,0
55222360,smqhmnuma_4_2_512,7807202,256,0
55931400,smqhmnuma_4_2_512,7925001,256,0
53449100,smqhmnuma_4_2_512,7405320,256,0
56996740,smqhmnuma_4_2_512,8001678,256,0
55075340,smqhmnuma_4_2_512,7759036,256,0
66087100,smqhmnuma_4_2_1024,8352321,256,0
67189760,smqhmnuma_4_2_1024,9475980,256,0
57991020,smqhmnuma_4_2_1024,8229795,256,0
59644060,smqhmnuma_4_2_1024,8539537,256,0
67451940,smqhmnuma_4_2_1024,9720205,256,0
