649555060,smqhmnuma_4_64_1,51108440,256,0
665485340,smqhmnuma_4_64_1,51199567,256,0
644451920,smqhmnuma_4_64_1,51254145,256,0
647184060,smqhmnuma_4_64_1,51148585,256,0
639921080,smqhmnuma_4_64_1,51154574,256,0
652042880,smqhmnuma_4_64_2,51073686,256,0
659744020,smqhmnuma_4_64_2,51492473,256,0
654291140,smqhmnuma_4_64_2,51458459,256,0
654921100,smqhmnuma_4_64_2,51224088,256,0
639044240,smqhmnuma_4_64_2,51255037,256,0
657537120,smqhmnuma_4_64_4,51244729,256,0
668781360,smqhmnuma_4_64_4,51270063,256,0
645886140,smqhmnuma_4_64_4,50954006,256,0
640799660,smqhmnuma_4_64_4,51044525,256,0
706714080,smqhmnuma_4_64_4,51465858,256,0
649500500,smqhmnuma_4_64_8,51039097,256,0
642106920,smqhmnuma_4_64_8,51054914,256,0
652563120,smqhmnuma_4_64_8,51283169,256,0
630708520,smqhmnuma_4_64_8,50972952,256,0
653730440,smqhmnuma_4_64_8,51116899,256,0
722827100,smqhmnuma_4_64_16,58447244,256,0
667186780,smqhmnuma_4_64_16,51610400,256,0
701512020,smqhmnuma_4_64_16,51266358,256,0
665427340,smqhmnuma_4_64_16,51350347,256,0
665135980,smqhmnuma_4_64_16,51384392,256,0
645535340,smqhmnuma_4_64_32,51495791,256,0
677375260,smqhmnuma_4_64_32,51273365,256,0
680001300,smqhmnuma_4_64_32,52311823,256,0
671706320,smqhmnuma_4_64_32,51997748,256,0
664752840,smqhmnuma_4_64_32,51547040,256,0
671192980,smqhmnuma_4_64_64,51708768,256,0
665660160,smqhmnuma_4_64_64,51977071,256,0
653343120,smqhmnuma_4_64_64,51608540,256,0
653853860,smqhmnuma_4_64_64,51632303,256,0
670836740,smqhmnuma_4_64_64,53120995,256,0
686104360,smqhmnuma_4_64_128,56278770,256,0
672009120,smqhmnuma_4_64_128,51650407,256,0
651272940,smqhmnuma_4_64_128,52377793,256,0
693366060,smqhmnuma_4_64_128,55679066,256,0
718507120,smqhmnuma_4_64_128,57389645,256,0
777827700,smqhmnuma_4_64_256,65435304,256,0
684698600,smqhmnuma_4_64_256,53179940,256,0
664976440,smqhmnuma_4_64_256,52084303,256,0
711948420,smqhmnuma_4_64_256,58747386,256,0
731059900,smqhmnuma_4_64_256,60167055,256,0
890279900,smqhmnuma_4_64_512,73593697,256,0
890824480,smqhmnuma_4_64_512,72790296,256,0
850909000,smqhmnuma_4_64_512,71839958,256,0
847589180,smqhmnuma_4_64_512,68623274,256,0
769781280,smqhmnuma_4_64_512,61524746,256,0
959335720,smqhmnuma_4_64_1024,77154261,256,0
834564440,smqhmnuma_4_64_1024,66977535,256,0
947610600,smqhmnuma_4_64_1024,75149072,256,0
936456860,smqhmnuma_4_64_1024,69940290,256,0
870247700,smqhmnuma_4_64_1024,71905551,256,0
