1621261080,smqhmnuma_1024_256_1,12601607,256,0
1907311120,smqhmnuma_1024_256_1,12614902,256,0
1839224900,smqhmnuma_1024_256_1,12642265,256,0
1800794240,smqhmnuma_1024_256_1,12620853,256,0
1764423140,smqhmnuma_1024_256_1,12647357,256,0
2029670300,smqhmnuma_1024_256_2,12645722,256,0
2096888500,smqhmnuma_1024_256_2,12623324,256,0
2441235660,smqhmnuma_1024_256_2,12642357,256,0
2466927920,smqhmnuma_1024_256_2,12628387,256,0
2358553360,smqhmnuma_1024_256_2,12656355,256,0
2424529500,smqhmnuma_1024_256_4,12679720,256,0
2281308660,smqhmnuma_1024_256_4,12664922,256,0
2369483680,smqhmnuma_1024_256_4,12712329,256,0
2234984700,smqhmnuma_1024_256_4,12627892,256,0
2506512780,smqhmnuma_1024_256_4,12739116,256,0
2503635800,smqhmnuma_1024_256_8,12745700,256,0
2254487620,smqhmnuma_1024_256_8,12713498,256,0
2409114920,smqhmnuma_1024_256_8,12691022,256,0
2074347180,smqhmnuma_1024_256_8,12629678,256,0
2491812620,smqhmnuma_1024_256_8,12748260,256,0
2424960220,smqhmnuma_1024_256_16,12696021,256,0
2383964820,smqhmnuma_1024_256_16,12665193,256,0
2917529000,smqhmnuma_1024_256_16,12807025,256,0
2572214240,smqhmnuma_1024_256_16,12779352,256,0
2535914560,smqhmnuma_1024_256_16,12724037,256,0
2328754340,smqhmnuma_1024_256_32,12713908,256,0
2342787040,smqhmnuma_1024_256_32,12722800,256,0
2270877600,smqhmnuma_1024_256_32,12623785,256,0
2384610240,smqhmnuma_1024_256_32,12676592,256,0
3051200740,smqhmnuma_1024_256_32,12831047,256,0
3200073960,smqhmnuma_1024_256_64,12872380,256,0
2778379560,smqhmnuma_1024_256_64,12818646,256,0
2294107360,smqhmnuma_1024_256_64,12721176,256,0
2379665280,smqhmnuma_1024_256_64,12741800,256,0
2536641380,smqhmnuma_1024_256_64,12624295,256,0
2451991140,smqhmnuma_1024_256_128,12621752,256,0
2482188580,smqhmnuma_1024_256_128,12752279,256,0
3448969120,smqhmnuma_1024_256_128,12908564,256,0
2146074560,smqhmnuma_1024_256_128,12702130,256,0
2641592040,smqhmnuma_1024_256_128,12760361,256,0
2302593460,smqhmnuma_1024_256_256,12677733,256,0
2220852460,smqhmnuma_1024_256_256,12718622,256,0
2870353020,smqhmnuma_1024_256_256,12792658,256,0
2451096200,smqhmnuma_1024_256_256,12754716,256,0
2661897680,smqhmnuma_1024_256_256,12805811,256,0
2341866740,smqhmnuma_1024_256_512,12682459,256,0
2474174080,smqhmnuma_1024_256_512,12728672,256,0
2193910960,smqhmnuma_1024_256_512,12616286,256,0
2188638740,smqhmnuma_1024_256_512,12632344,256,0
2181131600,smqhmnuma_1024_256_512,12675025,256,0
2209047880,smqhmnuma_1024_256_1024,12668587,256,0
2275180740,smqhmnuma_1024_256_1024,12658634,256,0
2434436700,smqhmnuma_1024_256_1024,12763157,256,0
2074334560,smqhmnuma_1024_256_1024,12654963,256,0
2381904040,smqhmnuma_1024_256_1024,12709971,256,0
