1633661900,smqhmnuma_32_16_1,97060631,256,0
1626165920,smqhmnuma_32_16_1,82131464,256,0
1538646740,smqhmnuma_32_16_1,90657213,256,0
1588219540,smqhmnuma_32_16_1,91215783,256,0
2122882520,smqhmnuma_32_16_1,94706105,256,0
1545766560,smqhmnuma_32_16_2,88346844,256,0
1464667120,smqhmnuma_32_16_2,84713865,256,0
1517319280,smqhmnuma_32_16_2,85744472,256,0
1524327340,smqhmnuma_32_16_2,87474633,256,0
1808527000,smqhmnuma_32_16_2,103316572,256,0
1597441680,smqhmnuma_32_16_4,92731605,256,0
1516605980,smqhmnuma_32_16_4,85913501,256,0
1540773920,smqhmnuma_32_16_4,85605305,256,0
1576171940,smqhmnuma_32_16_4,82002471,256,0
1612910680,smqhmnuma_32_16_4,87550315,256,0
1578448060,smqhmnuma_32_16_8,86066720,256,0
1569096500,smqhmnuma_32_16_8,92053461,256,0
1554070920,smqhmnuma_32_16_8,89877633,256,0
1468092080,smqhmnuma_32_16_8,86506216,256,0
1516563400,smqhmnuma_32_16_8,88635415,256,0
1505233480,smqhmnuma_32_16_16,86463082,256,0
1608495880,smqhmnuma_32_16_16,97939894,256,0
1671666200,smqhmnuma_32_16_16,94841312,256,0
1648088200,smqhmnuma_32_16_16,92561951,256,0
1699382720,smqhmnuma_32_16_16,102642749,256,0
2051337780,smqhmnuma_32_16_32,120173877,256,0
1652971060,smqhmnuma_32_16_32,101382387,256,0
1564021320,smqhmnuma_32_16_32,89003673,256,0
1985674360,smqhmnuma_32_16_32,119222119,256,0
1648820580,smqhmnuma_32_16_32,96211322,256,0
1871426960,smqhmnuma_32_16_64,114561823,256,0
1736591360,smqhmnuma_32_16_64,99872832,256,0
1567144920,smqhmnuma_32_16_64,98395552,256,0
2319422380,smqhmnuma_32_16_64,137636268,256,0
1874141480,smqhmnuma_32_16_64,120881996,256,0
2162606080,smqhmnuma_32_16_128,127440099,256,0
2026005220,smqhmnuma_32_16_128,123998795,256,0
2027353760,smqhmnuma_32_16_128,132003907,256,0
1921284760,smqhmnuma_32_16_128,117526817,256,0
2100299620,smqhmnuma_32_16_128,128044876,256,0
2489263060,smqhmnuma_32_16_256,143822410,256,0
1986789060,smqhmnuma_32_16_256,128964809,256,0
2231448940,smqhmnuma_32_16_256,131081057,256,0
1976749300,smqhmnuma_32_16_256,125069829,256,0
2195468560,smqhmnuma_32_16_256,133450903,256,0
2207359680,smqhmnuma_32_16_512,133200380,256,0
1945384820,smqhmnuma_32_16_512,121955076,256,0
2279633440,smqhmnuma_32_16_512,136892339,256,0
2092755960,smqhmnuma_32_16_512,134026756,256,0
2193295000,smqhmnuma_32_16_512,137669738,256,0
2341456960,smqhmnuma_32_16_1024,134035344,256,0
2166369100,smqhmnuma_32_16_1024,135845252,256,0
2119582000,smqhmnuma_32_16_1024,131593057,256,0
2300478880,smqhmnuma_32_16_1024,132271400,256,0
2007039580,smqhmnuma_32_16_1024,121622094,256,0
