259641980,smqhmnuma_4_1_1,39440641,256,14
260901840,smqhmnuma_4_1_1,39217371,256,14
259523940,smqhmnuma_4_1_1,39289858,256,14
261632600,smqhmnuma_4_1_1,39536794,256,14
258354220,smqhmnuma_4_1_1,39144823,256,14
261634700,smqhmnuma_4_1_2,39391643,256,14
261518280,smqhmnuma_4_1_2,39314554,256,14
263067200,smqhmnuma_4_1_2,39386284,256,14
262114740,smqhmnuma_4_1_2,39450777,256,14
260823040,smqhmnuma_4_1_2,39436872,256,14
259907220,smqhmnuma_4_1_4,39321706,256,14
261666280,smqhmnuma_4_1_4,39452359,256,14
261410240,smqhmnuma_4_1_4,39594117,256,14
260459860,smqhmnuma_4_1_4,39294113,256,14
277088940,smqhmnuma_4_1_4,39530741,256,14
260228840,smqhmnuma_4_1_8,39364211,256,14
259738620,smqhmnuma_4_1_8,39325793,256,14
261632960,smqhmnuma_4_1_8,39488657,256,14
260390980,smqhmnuma_4_1_8,39498829,256,14
260609320,smqhmnuma_4_1_8,39490636,256,14
262155460,smqhmnuma_4_1_16,39564925,256,14
260880760,smqhmnuma_4_1_16,39482968,256,14
270936600,smqhmnuma_4_1_16,39608137,256,14
262293800,smqhmnuma_4_1_16,39597185,256,14
261614360,smqhmnuma_4_1_16,39640365,256,14
264545940,smqhmnuma_4_1_32,39828724,256,14
263798380,smqhmnuma_4_1_32,39919070,256,14
262755580,smqhmnuma_4_1_32,39721314,256,14
274584440,smqhmnuma_4_1_32,40084246,256,14
262640980,smqhmnuma_4_1_32,39853448,256,14
266901300,smqhmnuma_4_1_64,40272984,256,14
264325820,smqhmnuma_4_1_64,40306929,256,14
267496180,smqhmnuma_4_1_64,40414169,256,14
265184660,smqhmnuma_4_1_64,40238093,256,14
267973160,smqhmnuma_4_1_64,40314920,256,14
268266240,smqhmnuma_4_1_128,40811452,256,14
271766140,smqhmnuma_4_1_128,41046580,256,14
270562960,smqhmnuma_4_1_128,40917009,256,14
269221960,smqhmnuma_4_1_128,40438950,256,14
270342060,smqhmnuma_4_1_128,40805440,256,14
274012440,smqhmnuma_4_1_256,41746526,256,14
275081600,smqhmnuma_4_1_256,41823630,256,14
269791700,smqhmnuma_4_1_256,41000936,256,14
274410360,smqhmnuma_4_1_256,41701667,256,14
271310480,smqhmnuma_4_1_256,41189063,256,14
284943640,smqhmnuma_4_1_512,42463350,256,14
279393960,smqhmnuma_4_1_512,42079429,256,14
305408420,smqhmnuma_4_1_512,43478407,256,14
281231700,smqhmnuma_4_1_512,42596463,256,14
288498120,smqhmnuma_4_1_512,43132291,256,14
289149220,smqhmnuma_4_1_1024,44177984,256,14
303367960,smqhmnuma_4_1_1024,44277733,256,14
308356520,smqhmnuma_4_1_1024,44236200,256,14
302630640,smqhmnuma_4_1_1024,45860660,256,14
302609460,smqhmnuma_4_1_1024,46210177,256,14
