3138361060,smqhmnuma_8_64_1,87282147,256,0
3226537680,smqhmnuma_8_64_1,87323029,256,0
3181542040,smqhmnuma_8_64_1,88496932,256,0
3217829100,smqhmnuma_8_64_1,87374116,256,0
3310881840,smqhmnuma_8_64_1,87852444,256,0
3247572640,smqhmnuma_8_64_2,87376671,256,0
3099109040,smqhmnuma_8_64_2,87850425,256,0
3334689500,smqhmnuma_8_64_2,87922653,256,0
3109174580,smqhmnuma_8_64_2,87292694,256,0
3172555940,smqhmnuma_8_64_2,87336830,256,0
3351535100,smqhmnuma_8_64_4,88274955,256,0
3179797460,smqhmnuma_8_64_4,87208831,256,0
4012662360,smqhmnuma_8_64_4,87399653,256,0
3219880280,smqhmnuma_8_64_4,87381690,256,0
3133847160,smqhmnuma_8_64_4,87311845,256,0
3052970980,smqhmnuma_8_64_8,87638883,256,0
3195452740,smqhmnuma_8_64_8,87213182,256,0
3110262520,smqhmnuma_8_64_8,87651118,256,0
3263756780,smqhmnuma_8_64_8,87744881,256,0
3187379980,smqhmnuma_8_64_8,87282301,256,0
3109429220,smqhmnuma_8_64_16,88215634,256,0
3170595600,smqhmnuma_8_64_16,87922178,256,0
3310428840,smqhmnuma_8_64_16,88099544,256,0
3384360540,smqhmnuma_8_64_16,87719827,256,0
3245516980,smqhmnuma_8_64_16,87875038,256,0
3222039820,smqhmnuma_8_64_32,87273380,256,0
3234131520,smqhmnuma_8_64_32,87397839,256,0
3315595020,smqhmnuma_8_64_32,87499942,256,0
3117835840,smqhmnuma_8_64_32,88242345,256,0
3052543580,smqhmnuma_8_64_32,87513978,256,0
3156256440,smqhmnuma_8_64_64,87609200,256,0
3249049040,smqhmnuma_8_64_64,87800497,256,0
3053847480,smqhmnuma_8_64_64,87850968,256,0
3076796760,smqhmnuma_8_64_64,87344610,256,0
3116769820,smqhmnuma_8_64_64,87410830,256,0
3185388820,smqhmnuma_8_64_128,88969077,256,0
3118398000,smqhmnuma_8_64_128,87688980,256,0
3295119300,smqhmnuma_8_64_128,88244158,256,0
3088551400,smqhmnuma_8_64_128,87644853,256,0
3145477280,smqhmnuma_8_64_128,87490167,256,0
3123510460,smqhmnuma_8_64_256,87129501,256,0
3262004600,smqhmnuma_8_64_256,87960999,256,0
3140891760,smqhmnuma_8_64_256,87887037,256,0
3324232460,smqhmnuma_8_64_256,88487728,256,0
3172094460,smqhmnuma_8_64_256,87958783,256,0
3162336740,smqhmnuma_8_64_512,88526893,256,0
3294615540,smqhmnuma_8_64_512,87398358,256,0
3126441180,smqhmnuma_8_64_512,87683241,256,0
3290739940,smqhmnuma_8_64_512,87705235,256,0
3177800420,smqhmnuma_8_64_512,88090911,256,0
3304674860,smqhmnuma_8_64_1024,87900941,256,0
3133814660,smqhmnuma_8_64_1024,87610323,256,0
3158177280,smqhmnuma_8_64_1024,87414431,256,0
3179543320,smqhmnuma_8_64_1024,87736446,256,0
3309054280,smqhmnuma_8_64_1024,88234647,256,0
