653214280,mqll_4_1_1,35805905,256
673999440,mqll_4_1_1,35827884,256
657336960,mqll_4_1_1,35805880,256
681464040,mqll_4_1_1,35798331,256
655691140,mqll_4_1_1,35892376,256
660195200,mqll_4_1_2,42650332,256
650271860,mqll_4_1_2,42657863,256
647366820,mqll_4_1_2,42763154,256
650674040,mqll_4_1_2,42627569,256
660248600,mqll_4_1_2,42574643,256
786097800,mqll_4_1_4,58007175,256
789536300,mqll_4_1_4,58000321,256
786931240,mqll_4_1_4,57941678,256
799221260,mqll_4_1_4,58005680,256
802515180,mqll_4_1_4,57972368,256
1140202640,mqll_4_1_8,87965325,256
1141010460,mqll_4_1_8,88074374,256
1145801960,mqll_4_1_8,87760847,256
1146082920,mqll_4_1_8,87813302,256
1150802140,mqll_4_1_8,88033311,256
1806675060,mqll_4_1_16,142778186,256
1809196340,mqll_4_1_16,142582043,256
1803245940,mqll_4_1_16,141912182,256
1804184900,mqll_4_1_16,141891661,256
1813979340,mqll_4_1_16,142391781,256
3006209020,mqll_4_1_32,240822822,256
3000927740,mqll_4_1_32,238355707,256
2999350320,mqll_4_1_32,239334270,256
2989158780,mqll_4_1_32,239023468,256
2998838160,mqll_4_1_32,240561599,256
5212955800,mqll_4_1_64,414091104,256
5185537500,mqll_4_1_64,415111274,256
5134263140,mqll_4_1_64,410729235,256
5111259800,mqll_4_1_64,413708793,256
5069163120,mqll_4_1_64,412491867,256
8575752880,mqll_4_1_128,695972840,256
8645709380,mqll_4_1_128,701759978,256
8608044920,mqll_4_1_128,698262819,256
8716287380,mqll_4_1_128,705294115,256
8721065640,mqll_4_1_128,701204578,256
14087040500,mqll_4_1_256,1131956968,256
14149293420,mqll_4_1_256,1138397636,256
14193071860,mqll_4_1_256,1139916586,256
14215342160,mqll_4_1_256,1131458668,256
14023467520,mqll_4_1_256,1131649428,256
22152865460,mqll_4_1_512,1752030462,256
22264810420,mqll_4_1_512,1758469534,256
22095688160,mqll_4_1_512,1743533338,256
22247898100,mqll_4_1_512,1754933740,256
22431984080,mqll_4_1_512,1767497544,256
32710384980,mqll_4_1_1024,2513379938,256
32556999680,mqll_4_1_1024,2505274414,256
32387121600,mqll_4_1_1024,2491897110,256
32716091660,mqll_4_1_1024,2503755975,256
32554249240,mqll_4_1_1024,2511665977,256
693126080,mqll_4_2_1,37710664,256
696196320,mqll_4_2_1,37708201,256
665760020,mqll_4_2_1,37698604,256
669283200,mqll_4_2_1,37796728,256
708387280,mqll_4_2_1,37722009,256
640654980,mqll_4_2_2,45238325,256
636404400,mqll_4_2_2,45344378,256
637914640,mqll_4_2_2,45292072,256
643171240,mqll_4_2_2,45560223,256
645200720,mqll_4_2_2,45182112,256
764863320,mqll_4_2_4,59830093,256
759023560,mqll_4_2_4,59897155,256
763000260,mqll_4_2_4,59846561,256
715658840,mqll_4_2_4,60018686,256
758468560,mqll_4_2_4,59785778,256
1058184280,mqll_4_2_8,88024919,256
1060647900,mqll_4_2_8,87990609,256
1061695500,mqll_4_2_8,87825818,256
1101738600,mqll_4_2_8,88012914,256
1064377560,mqll_4_2_8,87911884,256
1620131800,mqll_4_2_16,138822242,256
1632082240,mqll_4_2_16,139324271,256
1615706280,mqll_4_2_16,138426116,256
1619459660,mqll_4_2_16,139312533,256
1622290940,mqll_4_2_16,139327455,256
2637293700,mqll_4_2_32,230987306,256
2618688000,mqll_4_2_32,232099908,256
2637249920,mqll_4_2_32,230875369,256
2596630140,mqll_4_2_32,229402136,256
2628612340,mqll_4_2_32,231655858,256
4197691740,mqll_4_2_64,395847559,256
4474731760,mqll_4_2_64,396983591,256
4208157160,mqll_4_2_64,397841677,256
4463845520,mqll_4_2_64,396406356,256
4467766760,mqll_4_2_64,398091986,256
7104480440,mqll_4_2_128,672399886,256
7592603740,mqll_4_2_128,672678034,256
7651657080,mqll_4_2_128,678544654,256
7469264240,mqll_4_2_128,672078666,256
7488128120,mqll_4_2_128,674353814,256
12482996520,mqll_4_2_256,1093825334,256
12392991360,mqll_4_2_256,1087979641,256
12342255140,mqll_4_2_256,1085749441,256
11639752300,mqll_4_2_256,1098169570,256
12357355400,mqll_4_2_256,1088938102,256
19780252960,mqll_4_2_512,1698037048,256
19653516360,mqll_4_2_512,1689649391,256
19706493060,mqll_4_2_512,1693919614,256
18537840820,mqll_4_2_512,1702740493,256
18533481240,mqll_4_2_512,1702360613,256
28166680900,mqll_4_2_1024,2359022449,256
26943971320,mqll_4_2_1024,2398768623,256
28495591640,mqll_4_2_1024,2371612871,256
28657741540,mqll_4_2_1024,2384672027,256
26669722680,mqll_4_2_1024,2379850354,256
712452560,mqll_4_4_1,42166986,256
807291380,mqll_4_4_1,42137102,256
764215900,mqll_4_4_1,42118594,256
754892300,mqll_4_4_1,42055990,256
710891660,mqll_4_4_1,42147702,256
658217020,mqll_4_4_2,50159059,256
644403940,mqll_4_4_2,50070393,256
656275740,mqll_4_4_2,50116323,256
660521260,mqll_4_4_2,50086386,256
673118380,mqll_4_4_2,49917389,256
716789860,mqll_4_4_4,65568897,256
716286120,mqll_4_4_4,65709739,256
719518720,mqll_4_4_4,65568644,256
723124020,mqll_4_4_4,65760077,256
712764500,mqll_4_4_4,65543452,256
929393980,mqll_4_4_8,91694079,256
935828720,mqll_4_4_8,91768389,256
932554900,mqll_4_4_8,91679934,256
933828060,mqll_4_4_8,91499945,256
940488120,mqll_4_4_8,91921814,256
1353733480,mqll_4_4_16,138565140,256
1366471520,mqll_4_4_16,139124678,256
1365490840,mqll_4_4_16,139463583,256
1366867740,mqll_4_4_16,139400803,256
1361249340,mqll_4_4_16,139189112,256
2158905420,mqll_4_4_32,225997512,256
2158768000,mqll_4_4_32,225397799,256
2156969820,mqll_4_4_32,225759880,256
2150449540,mqll_4_4_32,225382898,256
2157802900,mqll_4_4_32,225177718,256
3588579420,mqll_4_4_64,380704627,256
3624702800,mqll_4_4_64,384257836,256
3612365520,mqll_4_4_64,382558449,256
3584559480,mqll_4_4_64,381179969,256
3617570060,mqll_4_4_64,383781708,256
6081157460,mqll_4_4_128,648247941,256
6115559280,mqll_4_4_128,653393588,256
6110879640,mqll_4_4_128,651166301,256
6107420500,mqll_4_4_128,651288069,256
6128997920,mqll_4_4_128,653237549,256
10033564180,mqll_4_4_256,1055338960,256
10127313540,mqll_4_4_256,1063988352,256
10075171740,mqll_4_4_256,1058914678,256
10018036800,mqll_4_4_256,1050983695,256
10119475980,mqll_4_4_256,1063071241,256
15746908080,mqll_4_4_512,1608531546,256
15859794320,mqll_4_4_512,1626313054,256
15816382960,mqll_4_4_512,1618974694,256
15663917760,mqll_4_4_512,1606014102,256
15969618140,mqll_4_4_512,1636951199,256
22718835080,mqll_4_4_1024,2242254012,256
22566615520,mqll_4_4_1024,2236688780,256
22441847320,mqll_4_4_1024,2225650746,256
22762022600,mqll_4_4_1024,2258148655,256
22597389560,mqll_4_4_1024,2241086253,256
982269480,mqll_4_8_1,51085957,256
930438800,mqll_4_8_1,51062687,256
901450460,mqll_4_8_1,50993687,256
921598820,mqll_4_8_1,51094874,256
1058334940,mqll_4_8_1,50828577,256
801824580,mqll_4_8_2,59285647,256
773639220,mqll_4_8_2,59406894,256
774647520,mqll_4_8_2,59396807,256
760457880,mqll_4_8_2,59280950,256
778046620,mqll_4_8_2,59441724,256
795921240,mqll_4_8_4,74071933,256
786512680,mqll_4_8_4,74250536,256
789372620,mqll_4_8_4,74494579,256
786935480,mqll_4_8_4,74126325,256
799657280,mqll_4_8_4,74189456,256
970008900,mqll_4_8_8,101846849,256
966319620,mqll_4_8_8,101350762,256
970989760,mqll_4_8_8,101706375,256
974497360,mqll_4_8_8,101512314,256
967807640,mqll_4_8_8,101507368,256
1333726740,mqll_4_8_16,146031895,256
1328187420,mqll_4_8_16,145543163,256
1321696540,mqll_4_8_16,144791501,256
1330734220,mqll_4_8_16,145846339,256
1327435820,mqll_4_8_16,145085492,256
2006631080,mqll_4_8_32,225877658,256
2008641760,mqll_4_8_32,225762069,256
1998664180,mqll_4_8_32,224205402,256
2006824400,mqll_4_8_32,225565427,256
1997631160,mqll_4_8_32,224427269,256
3218700900,mqll_4_8_64,368786695,256
3242895820,mqll_4_8_64,373197749,256
3233882420,mqll_4_8_64,370815663,256
3229048300,mqll_4_8_64,371253896,256
3240345280,mqll_4_8_64,372744480,256
5385598620,mqll_4_8_128,623399257,256
5413464380,mqll_4_8_128,623304911,256
5357306600,mqll_4_8_128,619692042,256
5416727580,mqll_4_8_128,625075629,256
5398318000,mqll_4_8_128,623603596,256
8861182840,mqll_4_8_256,1010484488,256
8846058120,mqll_4_8_256,1008317705,256
8910739180,mqll_4_8_256,1015291873,256
8903366260,mqll_4_8_256,1015049630,256
8848617960,mqll_4_8_256,1008908628,256
13919519680,mqll_4_8_512,1544302214,256
13976988580,mqll_4_8_512,1549537135,256
14108722360,mqll_4_8_512,1565678697,256
14011070360,mqll_4_8_512,1551861930,256
13885302200,mqll_4_8_512,1539063972,256
19579520340,mqll_4_8_1024,2099874219,256
19880725760,mqll_4_8_1024,2131178118,256
19759117260,mqll_4_8_1024,2118015349,256
19794590220,mqll_4_8_1024,2120513722,256
19786604560,mqll_4_8_1024,2122412245,256
1244198400,mqll_4_16_1,60250622,256
1346226760,mqll_4_16_1,61008930,256
1315515040,mqll_4_16_1,60718794,256
1161251800,mqll_4_16_1,60074512,256
1289120360,mqll_4_16_1,60758504,256
1019667220,mqll_4_16_2,73368960,256
1074138320,mqll_4_16_2,72900442,256
997208420,mqll_4_16_2,72941971,256
1002556840,mqll_4_16_2,73290909,256
1006008500,mqll_4_16_2,73484423,256
952867620,mqll_4_16_4,89436633,256
959278120,mqll_4_16_4,89573255,256
951576220,mqll_4_16_4,89427167,256
978387400,mqll_4_16_4,89608597,256
962577260,mqll_4_16_4,89736970,256
1093487460,mqll_4_16_8,115329670,256
1099480320,mqll_4_16_8,115468056,256
1089304580,mqll_4_16_8,115074054,256
1100641480,mqll_4_16_8,115621080,256
1089139540,mqll_4_16_8,115470254,256
1427467580,mqll_4_16_16,162775708,256
1426397020,mqll_4_16_16,161924864,256
1426596660,mqll_4_16_16,162575242,256
1429460120,mqll_4_16_16,162764237,256
1434090980,mqll_4_16_16,162931618,256
2009760780,mqll_4_16_32,237784508,256
2016558560,mqll_4_16_32,237645634,256
2017958400,mqll_4_16_32,237309116,256
2027205240,mqll_4_16_32,237543102,256
2012320300,mqll_4_16_32,237105733,256
3094511780,mqll_4_16_64,372636187,256
3074556640,mqll_4_16_64,370370996,256
3100634960,mqll_4_16_64,374278897,256
3072175180,mqll_4_16_64,369704910,256
3099918560,mqll_4_16_64,373125103,256
4962816220,mqll_4_16_128,602392402,256
4952706020,mqll_4_16_128,601655344,256
4968935260,mqll_4_16_128,603605589,256
5022049880,mqll_4_16_128,611130194,256
4906698460,mqll_4_16_128,596901256,256
8094627440,mqll_4_16_256,966657640,256
8121340780,mqll_4_16_256,972489567,256
8064416280,mqll_4_16_256,966160824,256
8077877140,mqll_4_16_256,967651902,256
8154259420,mqll_4_16_256,978101471,256
12636753720,mqll_4_16_512,1474104608,256
12414726240,mqll_4_16_512,1450654776,256
12595946820,mqll_4_16_512,1469767855,256
12535682340,mqll_4_16_512,1461594585,256
12418166100,mqll_4_16_512,1449949214,256
17486520480,mqll_4_16_1024,1976382241,256
17509302240,mqll_4_16_1024,1982165453,256
16994024160,mqll_4_16_1024,1931995512,256
17579785880,mqll_4_16_1024,1990684002,256
17293986520,mqll_4_16_1024,1961302237,256
1447143860,mqll_4_32_1,68067345,256
1347121700,mqll_4_32_1,68211219,256
1368892980,mqll_4_32_1,67746320,256
1325989100,mqll_4_32_1,68055811,256
1445326280,mqll_4_32_1,68030631,256
1142099140,mqll_4_32_2,78089868,256
1049206680,mqll_4_32_2,77019051,256
1103088160,mqll_4_32_2,77969559,256
1118581320,mqll_4_32_2,77206495,256
1092201660,mqll_4_32_2,77862477,256
1064223640,mqll_4_32_4,98012119,256
1042980600,mqll_4_32_4,97791352,256
1059996480,mqll_4_32_4,97968889,256
1115897220,mqll_4_32_4,99701581,256
1115519860,mqll_4_32_4,98288085,256
1328097120,mqll_4_32_8,138674272,256
1318893140,mqll_4_32_8,138688132,256
1320592780,mqll_4_32_8,138582140,256
1319440280,mqll_4_32_8,139020728,256
1309406380,mqll_4_32_8,137652281,256
1635222920,mqll_4_32_16,186208946,256
1630334700,mqll_4_32_16,186155719,256
1624152560,mqll_4_32_16,184955584,256
1636119580,mqll_4_32_16,186227344,256
1642194180,mqll_4_32_16,186043229,256
2244882780,mqll_4_32_32,269182209,256
2233395580,mqll_4_32_32,268857476,256
2243929640,mqll_4_32_32,268833051,256
2245472080,mqll_4_32_32,269716481,256
2248186280,mqll_4_32_32,270273347,256
3235219420,mqll_4_32_64,395837417,256
3231141560,mqll_4_32_64,395561211,256
3250755520,mqll_4_32_64,397296513,256
3244414660,mqll_4_32_64,397247067,256
3226733600,mqll_4_32_64,394113999,256
4992152380,mqll_4_32_128,612554006,256
4986964140,mqll_4_32_128,611403798,256
4975695560,mqll_4_32_128,610227967,256
4949666380,mqll_4_32_128,607340428,256
4942439980,mqll_4_32_128,606982573,256
7830627200,mqll_4_32_256,942434886,256
7911511320,mqll_4_32_256,952452341,256
7869338200,mqll_4_32_256,945812921,256
7821072820,mqll_4_32_256,942945321,256
7965829360,mqll_4_32_256,958744725,256
12006115460,mqll_4_32_512,1401643844,256
12069070800,mqll_4_32_512,1407822652,256
11954161840,mqll_4_32_512,1394384923,256
11889222080,mqll_4_32_512,1387812340,256
12039832980,mqll_4_32_512,1403859918,256
16586990180,mqll_4_32_1024,1899175776,256
16019143500,mqll_4_32_1024,1843817916,256
16024311840,mqll_4_32_1024,1843540836,256
16362678600,mqll_4_32_1024,1877603740,256
15961069420,mqll_4_32_1024,1837436950,256
1054438720,mqll_4_64_1,72811054,256
1212772920,mqll_4_64_1,73064814,256
1110709800,mqll_4_64_1,72554771,256
1150988320,mqll_4_64_1,73098180,256
1275417500,mqll_4_64_1,73301186,256
973147800,mqll_4_64_2,72638750,256
892865480,mqll_4_64_2,72743134,256
961104740,mqll_4_64_2,73129674,256
825997620,mqll_4_64_2,73104189,256
924891920,mqll_4_64_2,73128765,256
629785180,mqll_4_64_4,75112265,256
680516320,mqll_4_64_4,74939082,256
662212540,mqll_4_64_4,74883270,256
648666900,mqll_4_64_4,75673540,256
626142380,mqll_4_64_4,74949973,256
1136982720,mqll_4_64_8,130228835,256
1099191520,mqll_4_64_8,127047175,256
1111089080,mqll_4_64_8,127419977,256
1129263440,mqll_4_64_8,128474930,256
1078068620,mqll_4_64_8,124016234,256
1674573980,mqll_4_64_16,193977891,256
1805766620,mqll_4_64_16,207143228,256
1767667600,mqll_4_64_16,203748471,256
1822722700,mqll_4_64_16,209758041,256
1778158820,mqll_4_64_16,204580474,256
2529978240,mqll_4_64_32,304634966,256
2510329980,mqll_4_64_32,301462256,256
2537938600,mqll_4_64_32,303957430,256
2551210540,mqll_4_64_32,304481375,256
2546037360,mqll_4_64_32,305542646,256
3589844140,mqll_4_64_64,450933688,256
3583238340,mqll_4_64_64,450750988,256
3567192580,mqll_4_64_64,448935435,256
3584858100,mqll_4_64_64,451107999,256
3578786700,mqll_4_64_64,449911123,256
5183032020,mqll_4_64_128,649592396,256
5166333600,mqll_4_64_128,648194569,256
5218096860,mqll_4_64_128,651919274,256
5171139540,mqll_4_64_128,647888920,256
5191902400,mqll_4_64_128,650648203,256
7810905880,mqll_4_64_256,960442070,256
7808394720,mqll_4_64_256,960566043,256
7778824720,mqll_4_64_256,955795864,256
7750063940,mqll_4_64_256,953306947,256
7721397440,mqll_4_64_256,950184233,256
11491354420,mqll_4_64_512,1371315987,256
11446483600,mqll_4_64_512,1363477656,256
11475729960,mqll_4_64_512,1368560456,256
11538905680,mqll_4_64_512,1374943441,256
11499320100,mqll_4_64_512,1371865506,256
15270810820,mqll_4_64_1024,1795386347,256
15067343020,mqll_4_64_1024,1775791930,256
15111708100,mqll_4_64_1024,1779734784,256
15135441180,mqll_4_64_1024,1782356435,256
15102187200,mqll_4_64_1024,1775973225,256
1710628200,mqll_4_128_1,119519078,256
1756512160,mqll_4_128_1,119764764,256
1748963780,mqll_4_128_1,119603662,256
2062367380,mqll_4_128_1,119684745,256
2006700380,mqll_4_128_1,119483423,256
1420311520,mqll_4_128_2,119434970,256
1528237200,mqll_4_128_2,119639225,256
1494195160,mqll_4_128_2,118366084,256
1389981840,mqll_4_128_2,119949290,256
1398525720,mqll_4_128_2,118768615,256
1032091280,mqll_4_128_4,119366768,256
1001866740,mqll_4_128_4,120138351,256
1026715420,mqll_4_128_4,118146525,256
1003191340,mqll_4_128_4,119660955,256
1046430060,mqll_4_128_4,118304862,256
915025820,mqll_4_128_8,123650318,256
910577940,mqll_4_128_8,124635348,256
842341360,mqll_4_128_8,122648103,256
857099400,mqll_4_128_8,124494592,256
863422780,mqll_4_128_8,122945021,256
845542460,mqll_4_128_16,135741242,256
1168950500,mqll_4_128_16,160084702,256
938563140,mqll_4_128_16,143025217,256
1003977860,mqll_4_128_16,149189633,256
1104057680,mqll_4_128_16,158022160,256
2191789300,mqll_4_128_32,280490804,256
2204156840,mqll_4_128_32,276787332,256
2125429980,mqll_4_128_32,274162291,256
2162208960,mqll_4_128_32,277071732,256
2208091460,mqll_4_128_32,279797525,256
3978147260,mqll_4_128_64,496574466,256
3928510940,mqll_4_128_64,492444593,256
3926504880,mqll_4_128_64,493195298,256
3933835640,mqll_4_128_64,494567187,256
3963354160,mqll_4_128_64,495153361,256
5864511840,mqll_4_128_128,746654373,256
5871686480,mqll_4_128_128,748316864,256
5891450880,mqll_4_128_128,750591974,256
5835737220,mqll_4_128_128,744064885,256
5819174280,mqll_4_128_128,743479632,256
8224275940,mqll_4_128_256,1029925638,256
8245592800,mqll_4_128_256,1029440682,256
8309602700,mqll_4_128_256,1039352002,256
8281559100,mqll_4_128_256,1036713179,256
8289272360,mqll_4_128_256,1035136932,256
11884684100,mqll_4_128_512,1445244042,256
11865121660,mqll_4_128_512,1442994084,256
11696808960,mqll_4_128_512,1427281297,256
11840770700,mqll_4_128_512,1442613044,256
11752347780,mqll_4_128_512,1433110725,256
15272371420,mqll_4_128_1024,1837044542,256
15627581780,mqll_4_128_1024,1877957305,256
15254631560,mqll_4_128_1024,1835367700,256
15325621480,mqll_4_128_1024,1843526235,256
15188540800,mqll_4_128_1024,1827495587,256
4027306160,mqll_4_256_1,200584371,256
3786121660,mqll_4_256_1,195948473,256
3515559520,mqll_4_256_1,202194284,256
3699790680,mqll_4_256_1,202031188,256
4048165260,mqll_4_256_1,200320460,256
3128297200,mqll_4_256_2,201500602,256
2923140560,mqll_4_256_2,201923403,256
2901648060,mqll_4_256_2,198542888,256
2854081500,mqll_4_256_2,205928187,256
3614698720,mqll_4_256_2,189357687,256
2394682320,mqll_4_256_4,214919367,256
2112270940,mqll_4_256_4,199230392,256
1979241260,mqll_4_256_4,195613267,256
1948603920,mqll_4_256_4,186863302,256
2053205060,mqll_4_256_4,196261181,256
1590362160,mqll_4_256_8,195792323,256
1543885400,mqll_4_256_8,192321436,256
1547714500,mqll_4_256_8,196320952,256
1700799680,mqll_4_256_8,200652330,256
1777997580,mqll_4_256_8,198019661,256
1691295640,mqll_4_256_16,232947066,256
1741166420,mqll_4_256_16,232978313,256
1846608380,mqll_4_256_16,250671800,256
1800919480,mqll_4_256_16,239351539,256
1890342280,mqll_4_256_16,239529448,256
2376937280,mqll_4_256_32,286608092,256
3115978160,mqll_4_256_32,378165427,256
2372084080,mqll_4_256_32,318041223,256
2192989120,mqll_4_256_32,300802062,256
2485133960,mqll_4_256_32,323324999,256
3790464360,mqll_4_256_64,484382359,256
3764754380,mqll_4_256_64,482058651,256
3884011500,mqll_4_256_64,494329353,256
3198148460,mqll_4_256_64,436305449,256
3432201540,mqll_4_256_64,452668307,256
6027499960,mqll_4_256_128,783855651,256
5874262040,mqll_4_256_128,760946863,256
5829533800,mqll_4_256_128,761493025,256
5961966800,mqll_4_256_128,774074148,256
5999176620,mqll_4_256_128,781099413,256
9586387120,mqll_4_256_256,1218949000,256
9387206140,mqll_4_256_256,1198187304,256
9519848180,mqll_4_256_256,1214743101,256
9562210600,mqll_4_256_256,1213644058,256
9579328260,mqll_4_256_256,1221441589,256
12780962460,mqll_4_256_512,1594053955,256
12900454500,mqll_4_256_512,1605624620,256
12977548100,mqll_4_256_512,1611943323,256
12885073580,mqll_4_256_512,1602302635,256
12728018620,mqll_4_256_512,1583658874,256
17078164420,mqll_4_256_1024,2082496250,256
17528833360,mqll_4_256_1024,2132249200,256
17071868780,mqll_4_256_1024,2083672736,256
17099555440,mqll_4_256_1024,2084711072,256
16641313500,mqll_4_256_1024,2039756435,256
15070927240,mqll_4_512_1,312240028,256
11897108880,mqll_4_512_1,308808651,256
12288090960,mqll_4_512_1,320208983,256
11710797440,mqll_4_512_1,282255021,256
12367582820,mqll_4_512_1,303107814,256
9238140180,mqll_4_512_2,319342881,256
8781270180,mqll_4_512_2,308499755,256
14318475120,mqll_4_512_2,283261410,256
8296501520,mqll_4_512_2,301791015,256
8955934740,mqll_4_512_2,304771842,256
6088160100,mqll_4_512_4,295481194,256
5544031060,mqll_4_512_4,296516377,256
5286957940,mqll_4_512_4,294894320,256
6977222300,mqll_4_512_4,317164611,256
5314298380,mqll_4_512_4,297309924,256
4069889240,mqll_4_512_8,295187352,256
5034380400,mqll_4_512_8,294641899,256
4054867520,mqll_4_512_8,294231314,256
3832454840,mqll_4_512_8,283483544,256
4426786800,mqll_4_512_8,295348159,256
3198359240,mqll_4_512_16,282018145,256
2901855320,mqll_4_512_16,281641134,256
3343379200,mqll_4_512_16,268733400,256
2715205800,mqll_4_512_16,276503031,256
2813920120,mqll_4_512_16,272360138,256
2279112720,mqll_4_512_32,271153694,256
2315103940,mqll_4_512_32,280890273,256
2515815180,mqll_4_512_32,289519451,256
2537419700,mqll_4_512_32,274447811,256
2240545480,mqll_4_512_32,267359110,256
2222106040,mqll_4_512_64,273438651,256
2469556840,mqll_4_512_64,307656562,256
2574116600,mqll_4_512_64,287410406,256
2439342680,mqll_4_512_64,312333884,256
2399888680,mqll_4_512_64,275900343,256
5042657180,mqll_4_512_128,630857479,256
6146074260,mqll_4_512_128,745896664,256
5612072200,mqll_4_512_128,695823449,256
5661193160,mqll_4_512_128,689796923,256
6852834340,mqll_4_512_128,815265965,256
8543376640,mqll_4_512_256,1147883344,256
8306278440,mqll_4_512_256,1123863714,256
8345113740,mqll_4_512_256,1126647112,256
8463246220,mqll_4_512_256,1150933853,256
8212405740,mqll_4_512_256,1122303455,256
15574966100,mqll_4_512_512,1981921347,256
15636921900,mqll_4_512_512,1980274516,256
15546068560,mqll_4_512_512,1983692955,256
15624003880,mqll_4_512_512,1990016494,256
15641307660,mqll_4_512_512,1989875811,256
20240135700,mqll_4_512_1024,2499141594,256
20417827840,mqll_4_512_1024,2509735336,256
19963749660,mqll_4_512_1024,2468015312,256
20169681680,mqll_4_512_1024,2492165822,256
19758622780,mqll_4_512_1024,2446720340,256
42205405380,mqll_4_1024_1,277067467,256
48204102340,mqll_4_1024_1,283138207,256
42220291180,mqll_4_1024_1,288060432,256
45711558380,mqll_4_1024_1,298419304,256
41921911700,mqll_4_1024_1,321542463,256
33937272380,mqll_4_1024_2,314484275,256
30375688600,mqll_4_1024_2,317189835,256
29739969440,mqll_4_1024_2,292100840,256
31528532620,mqll_4_1024_2,286674646,256
45300064260,mqll_4_1024_2,320365887,256
20246763320,mqll_4_1024_4,289082195,256
19921730320,mqll_4_1024_4,312143300,256
22831745400,mqll_4_1024_4,308676906,256
20699486820,mqll_4_1024_4,278984908,256
20290363700,mqll_4_1024_4,277007969,256
13583753540,mqll_4_1024_8,259427038,256
13334898600,mqll_4_1024_8,260567331,256
13005198840,mqll_4_1024_8,275392232,256
14195280320,mqll_4_1024_8,269583311,256
13396525100,mqll_4_1024_8,278981158,256
8625700840,mqll_4_1024_16,255887778,256
8095788980,mqll_4_1024_16,267614049,256
8026060640,mqll_4_1024_16,270703280,256
8301165260,mqll_4_1024_16,278660450,256
8121430060,mqll_4_1024_16,267765738,256
5433189840,mqll_4_1024_32,198248941,256
5870368580,mqll_4_1024_32,198315778,256
5718371080,mqll_4_1024_32,222614865,256
6447194900,mqll_4_1024_32,234504361,256
7141893960,mqll_4_1024_32,206355695,256
4669801280,mqll_4_1024_64,163207335,256
5274446260,mqll_4_1024_64,169600118,256
4487851140,mqll_4_1024_64,149410327,256
4509279300,mqll_4_1024_64,186598986,256
5433177220,mqll_4_1024_64,178756533,256
5126859680,mqll_4_1024_128,144183102,256
5354001620,mqll_4_1024_128,155194802,256
5146675420,mqll_4_1024_128,176389169,256
5505054020,mqll_4_1024_128,148088133,256
5172892620,mqll_4_1024_128,173549894,256
5120488860,mqll_4_1024_256,152540326,256
5271054260,mqll_4_1024_256,237879606,256
5201191780,mqll_4_1024_256,209730151,256
4908890580,mqll_4_1024_256,190856915,256
4803696160,mqll_4_1024_256,207649978,256
12420071700,mqll_4_1024_512,1671612666,256
13243185640,mqll_4_1024_512,1709071270,256
12815104500,mqll_4_1024_512,1710939399,256
12373939640,mqll_4_1024_512,1651931831,256
13105571800,mqll_4_1024_512,1734996328,256
25571752700,mqll_4_1024_1024,3212211559,256
26236476340,mqll_4_1024_1024,3264242208,256
26076170840,mqll_4_1024_1024,3246462487,256
25633079180,mqll_4_1024_1024,3214068758,256
25959854660,mqll_4_1024_1024,3218681830,256
