2072048300,mqll_4_1_1,50564855,256
2126368860,mqll_4_1_1,50566325,256
2154234260,mqll_4_1_1,50563238,256
2083047660,mqll_4_1_1,50563231,256
2092663360,mqll_4_1_1,50563378,256
1775062980,mqll_4_1_2,50580422,256
1762253780,mqll_4_1_2,50571575,256
1857060640,mqll_4_1_2,50573825,256
1836313540,mqll_4_1_2,50572770,256
1804276620,mqll_4_1_2,50578260,256
1585863680,mqll_4_1_4,50587373,256
1592060520,mqll_4_1_4,50583623,256
1621604000,mqll_4_1_4,50601834,256
1593971400,mqll_4_1_4,50592882,256
1619707180,mqll_4_1_4,50593637,256
1488406620,mqll_4_1_8,50623345,256
1485755660,mqll_4_1_8,50612125,256
1486663840,mqll_4_1_8,50615715,256
1495370420,mqll_4_1_8,50608996,256
1503938440,mqll_4_1_8,50617295,256
1415035320,mqll_4_1_16,50653997,256
1443618640,mqll_4_1_16,50649699,256
1427196980,mqll_4_1_16,50651449,256
1435159360,mqll_4_1_16,50639725,256
1429004020,mqll_4_1_16,50652328,256
1411694640,mqll_4_1_32,50718146,256
1398691660,mqll_4_1_32,50710303,256
1389681220,mqll_4_1_32,50702454,256
1398831740,mqll_4_1_32,50713963,256
1406239840,mqll_4_1_32,50703309,256
1395319940,mqll_4_1_64,50883066,256
1392095880,mqll_4_1_64,50848511,256
1406871260,mqll_4_1_64,50869257,256
1397531660,mqll_4_1_64,50947940,256
1411679580,mqll_4_1_64,50860776,256
1403540040,mqll_4_1_128,51148877,256
1397717800,mqll_4_1_128,51108540,256
1412424260,mqll_4_1_128,51185018,256
1408549580,mqll_4_1_128,51143624,256
1429447760,mqll_4_1_128,51159657,256
1431959820,mqll_4_1_256,51815352,256
1513145020,mqll_4_1_256,51736602,256
1434589460,mqll_4_1_256,51745969,256
1453228640,mqll_4_1_256,51726942,256
1810352640,mqll_4_1_256,51872658,256
1501782900,mqll_4_1_512,52959854,256
1508178920,mqll_4_1_512,52967390,256
1487690380,mqll_4_1_512,52897118,256
1497618040,mqll_4_1_512,52985251,256
1577253260,mqll_4_1_512,54158101,256
1675740200,mqll_4_1_1024,55697160,256
1775137000,mqll_4_1_1024,56555260,256
1726745980,mqll_4_1_1024,55339343,256
1706800440,mqll_4_1_1024,55342769,256
1690638660,mqll_4_1_1024,56181683,256
2014966920,mqll_4_2_1,50567206,256
2065705480,mqll_4_2_1,50570294,256
2012529960,mqll_4_2_1,50567406,256
2060659380,mqll_4_2_1,50569097,256
2020511860,mqll_4_2_1,50564625,256
1697103200,mqll_4_2_2,50581021,256
1691720040,mqll_4_2_2,50576150,256
1720531800,mqll_4_2_2,50590730,256
1695561060,mqll_4_2_2,50582039,256
1871704160,mqll_4_2_2,50576908,256
1522117640,mqll_4_2_4,50601245,256
1506146440,mqll_4_2_4,50583115,256
1512279300,mqll_4_2_4,50584819,256
1494441740,mqll_4_2_4,50598189,256
1489552380,mqll_4_2_4,50589596,256
1358605240,mqll_4_2_8,50616971,256
1397181760,mqll_4_2_8,50614987,256
1375332060,mqll_4_2_8,50609733,256
1360564820,mqll_4_2_8,50604821,256
1387748040,mqll_4_2_8,50616319,256
1285166260,mqll_4_2_16,50638601,256
1296828660,mqll_4_2_16,50664070,256
1294198680,mqll_4_2_16,50655803,256
1266709380,mqll_4_2_16,50656353,256
1283016100,mqll_4_2_16,50633279,256
1260942600,mqll_4_2_32,50711474,256
1271135540,mqll_4_2_32,50743500,256
1259458400,mqll_4_2_32,50733907,256
1254881500,mqll_4_2_32,50707296,256
1267253540,mqll_4_2_32,50752412,256
1245945540,mqll_4_2_64,50900034,256
1235865060,mqll_4_2_64,50855012,256
1289471880,mqll_4_2_64,50840893,256
1245483320,mqll_4_2_64,50853467,256
1245479200,mqll_4_2_64,50863538,256
1239516220,mqll_4_2_128,51180464,256
1229690840,mqll_4_2_128,51133180,256
1247985420,mqll_4_2_128,51209937,256
1231976860,mqll_4_2_128,51061985,256
1251717240,mqll_4_2_128,51105235,256
1270702940,mqll_4_2_256,51619402,256
1270836320,mqll_4_2_256,51613191,256
1269772460,mqll_4_2_256,51687663,256
1270694780,mqll_4_2_256,51658619,256
1272125320,mqll_4_2_256,51820948,256
1299085140,mqll_4_2_512,52785413,256
1306055160,mqll_4_2_512,52940161,256
1309145180,mqll_4_2_512,52655656,256
1333441300,mqll_4_2_512,52888880,256
1296868740,mqll_4_2_512,52965557,256
1671777260,mqll_4_2_1024,56679910,256
1508262760,mqll_4_2_1024,55178396,256
1524297560,mqll_4_2_1024,55489996,256
1554671520,mqll_4_2_1024,55216395,256
1529060280,mqll_4_2_1024,54763978,256
1967209420,mqll_4_4_1,50578023,256
2026749680,mqll_4_4_1,50574161,256
1988372360,mqll_4_4_1,50572922,256
2019566460,mqll_4_4_1,50574275,256
1999922420,mqll_4_4_1,50569061,256
1647819700,mqll_4_4_2,50578599,256
1649260780,mqll_4_4_2,50579640,256
1664285680,mqll_4_4_2,50581140,256
1646061160,mqll_4_4_2,50582976,256
1651491900,mqll_4_4_2,50581167,256
1454528280,mqll_4_4_4,50604010,256
1464752180,mqll_4_4_4,50595907,256
1396920220,mqll_4_4_4,50587952,256
1410882280,mqll_4_4_4,50588536,256
1418928780,mqll_4_4_4,50590190,256
1280597580,mqll_4_4_8,50604600,256
1285152640,mqll_4_4_8,50606868,256
1287704240,mqll_4_4_8,50611239,256
1284383040,mqll_4_4_8,50609770,256
1284785560,mqll_4_4_8,50614589,256
1232662640,mqll_4_4_16,50631252,256
1207796320,mqll_4_4_16,50641126,256
1210106260,mqll_4_4_16,50634319,256
1262607540,mqll_4_4_16,50659314,256
1234347560,mqll_4_4_16,50642267,256
1199944060,mqll_4_4_32,50697663,256
1186103140,mqll_4_4_32,50674918,256
1170476320,mqll_4_4_32,50700917,256
1161289460,mqll_4_4_32,50689944,256
1151799300,mqll_4_4_32,50696817,256
1133273740,mqll_4_4_64,50822919,256
1129211900,mqll_4_4_64,50778077,256
1136421740,mqll_4_4_64,50803535,256
1129283960,mqll_4_4_64,50812511,256
1136691620,mqll_4_4_64,50863609,256
1122747120,mqll_4_4_128,51025085,256
1135301300,mqll_4_4_128,51042917,256
1413945440,mqll_4_4_128,51063139,256
1133828940,mqll_4_4_128,51054366,256
1106930880,mqll_4_4_128,50997059,256
1135768280,mqll_4_4_256,51511804,256
1161096960,mqll_4_4_256,51444379,256
1155977520,mqll_4_4_256,51846811,256
1143098400,mqll_4_4_256,51403690,256
1131772920,mqll_4_4_256,51388603,256
1255532540,mqll_4_4_512,52715419,256
1239134820,mqll_4_4_512,52595124,256
1203870020,mqll_4_4_512,52644918,256
1227343900,mqll_4_4_512,53079822,256
1209545480,mqll_4_4_512,52708258,256
1315507980,mqll_4_4_1024,54405068,256
1359595720,mqll_4_4_1024,54797331,256
1365766320,mqll_4_4_1024,54296264,256
1423185680,mqll_4_4_1024,54496882,256
1331590780,mqll_4_4_1024,54587288,256
1947963900,mqll_4_8_1,50584019,256
1954998840,mqll_4_8_1,50580225,256
1985678040,mqll_4_8_1,50581857,256
2141018600,mqll_4_8_1,50585882,256
1966615840,mqll_4_8_1,50582343,256
1630463760,mqll_4_8_2,50591488,256
1634366500,mqll_4_8_2,50592587,256
1625770660,mqll_4_8_2,50589374,256
1636463560,mqll_4_8_2,50596654,256
1643067440,mqll_4_8_2,50586727,256
1417906560,mqll_4_8_4,50600449,256
1408121820,mqll_4_8_4,50601016,256
1412978620,mqll_4_8_4,50604989,256
1407591880,mqll_4_8_4,50601973,256
1417259020,mqll_4_8_4,50594109,256
1248543780,mqll_4_8_8,50625595,256
1236396260,mqll_4_8_8,50609699,256
1247232900,mqll_4_8_8,50617827,256
1244100960,mqll_4_8_8,50617632,256
1241664500,mqll_4_8_8,50628566,256
1162967300,mqll_4_8_16,50646633,256
1160623180,mqll_4_8_16,50664956,256
1157525000,mqll_4_8_16,50646977,256
1150881860,mqll_4_8_16,50650141,256
1149164860,mqll_4_8_16,50644698,256
1104990900,mqll_4_8_32,50697966,256
1116082020,mqll_4_8_32,50710050,256
1097349000,mqll_4_8_32,50694464,256
1091764800,mqll_4_8_32,50705847,256
1105476820,mqll_4_8_32,50688860,256
1067723820,mqll_4_8_64,50792281,256
1077598460,mqll_4_8_64,50797540,256
1067479900,mqll_4_8_64,50814412,256
1058511220,mqll_4_8_64,50792637,256
1066307120,mqll_4_8_64,50838272,256
1066430060,mqll_4_8_128,50987024,256
1042837540,mqll_4_8_128,50982905,256
1081417220,mqll_4_8_128,51010440,256
1097268980,mqll_4_8_128,51083630,256
1056578280,mqll_4_8_128,51082224,256
1070092620,mqll_4_8_256,51335257,256
1072116140,mqll_4_8_256,51428331,256
1055352580,mqll_4_8_256,51414356,256
1063943740,mqll_4_8_256,51327442,256
1074134400,mqll_4_8_256,51421045,256
1122855080,mqll_4_8_512,52267393,256
1170155480,mqll_4_8_512,52190732,256
1116631600,mqll_4_8_512,52361974,256
1145848920,mqll_4_8_512,52489005,256
1103312780,mqll_4_8_512,52030785,256
1236573920,mqll_4_8_1024,53929699,256
1182831960,mqll_4_8_1024,53907755,256
1318374480,mqll_4_8_1024,53780503,256
1406105660,mqll_4_8_1024,54244822,256
1405277200,mqll_4_8_1024,54015006,256
1951279640,mqll_4_16_1,50598769,256
1961876840,mqll_4_16_1,50594375,256
1944010640,mqll_4_16_1,50602150,256
1970413220,mqll_4_16_1,50594832,256
1965039060,mqll_4_16_1,50607653,256
1626386480,mqll_4_16_2,50600330,256
1602760500,mqll_4_16_2,50598256,256
1593355200,mqll_4_16_2,50609450,256
1614406640,mqll_4_16_2,50601433,256
1602984760,mqll_4_16_2,50601250,256
1379147100,mqll_4_16_4,50633279,256
1627910040,mqll_4_16_4,50611485,256
1382719480,mqll_4_16_4,50613641,256
1384326640,mqll_4_16_4,50615863,256
1374493200,mqll_4_16_4,50616964,256
1224133260,mqll_4_16_8,50647260,256
1225430260,mqll_4_16_8,50643777,256
1216147080,mqll_4_16_8,50630971,256
1218678260,mqll_4_16_8,50628292,256
1210801540,mqll_4_16_8,50624017,256
1110446760,mqll_4_16_16,50654598,256
1117334300,mqll_4_16_16,50663298,256
1125560260,mqll_4_16_16,50661627,256
1116541820,mqll_4_16_16,50661071,256
1120154940,mqll_4_16_16,50659508,256
1053219200,mqll_4_16_32,50708869,256
1049533080,mqll_4_16_32,50696696,256
1043632160,mqll_4_16_32,50703093,256
1051370740,mqll_4_16_32,50696420,256
1069753420,mqll_4_16_32,50746405,256
1013725880,mqll_4_16_64,50776396,256
1012783500,mqll_4_16_64,50787266,256
1012367340,mqll_4_16_64,50791066,256
1175491300,mqll_4_16_64,50788827,256
1025848720,mqll_4_16_64,50812179,256
1011260840,mqll_4_16_128,50933737,256
1026262540,mqll_4_16_128,50971142,256
1055260320,mqll_4_16_128,50964722,256
1007033800,mqll_4_16_128,50959176,256
1007335440,mqll_4_16_128,50987941,256
1022641640,mqll_4_16_256,51230894,256
1019851520,mqll_4_16_256,51355413,256
1013990480,mqll_4_16_256,51230759,256
1010829980,mqll_4_16_256,51333553,256
1009944220,mqll_4_16_256,51244523,256
1062185740,mqll_4_16_512,52097813,256
1037412200,mqll_4_16_512,51938425,256
1080475920,mqll_4_16_512,52049620,256
1053227800,mqll_4_16_512,51872521,256
1039893120,mqll_4_16_512,51929546,256
1265988320,mqll_4_16_1024,53663803,256
1322294260,mqll_4_16_1024,53315817,256
1265626400,mqll_4_16_1024,53296672,256
1274842480,mqll_4_16_1024,53267762,256
1336632800,mqll_4_16_1024,53279881,256
2026177360,mqll_4_32_1,50633737,256
1972404680,mqll_4_32_1,50628689,256
1974315800,mqll_4_32_1,50623589,256
1964095460,mqll_4_32_1,50628059,256
1986288480,mqll_4_32_1,50628457,256
1593779900,mqll_4_32_2,50630755,256
1590113560,mqll_4_32_2,50633809,256
1607371720,mqll_4_32_2,50628731,256
1590622420,mqll_4_32_2,50623246,256
1599691880,mqll_4_32_2,50627093,256
1355899660,mqll_4_32_4,50641797,256
1362744660,mqll_4_32_4,50648310,256
1376325200,mqll_4_32_4,50640540,256
1379582020,mqll_4_32_4,50641713,256
1366692360,mqll_4_32_4,50636057,256
1214377700,mqll_4_32_8,50677478,256
1212616660,mqll_4_32_8,50652820,256
1217004820,mqll_4_32_8,50665005,256
1211213440,mqll_4_32_8,50649817,256
1202079160,mqll_4_32_8,50653591,256
1176578840,mqll_4_32_16,50672667,256
1108772080,mqll_4_32_16,50681235,256
1111288100,mqll_4_32_16,50685815,256
1121717460,mqll_4_32_16,50668703,256
1096106340,mqll_4_32_16,50667778,256
1015634560,mqll_4_32_32,50713892,256
1024831760,mqll_4_32_32,50718810,256
1024096780,mqll_4_32_32,50725176,256
1129724280,mqll_4_32_32,50822495,256
1017668440,mqll_4_32_32,50713379,256
988421740,mqll_4_32_64,50802384,256
972618040,mqll_4_32_64,50796211,256
983986560,mqll_4_32_64,50788595,256
986911460,mqll_4_32_64,50815187,256
981385160,mqll_4_32_64,50800640,256
969784400,mqll_4_32_128,50941945,256
974516180,mqll_4_32_128,50941851,256
1012969780,mqll_4_32_128,50985899,256
971305060,mqll_4_32_128,51065924,256
968698480,mqll_4_32_128,50919415,256
970610160,mqll_4_32_256,51224140,256
990157480,mqll_4_32_256,51163145,256
969105440,mqll_4_32_256,51233386,256
976737720,mqll_4_32_256,51204732,256
959360680,mqll_4_32_256,51218564,256
1059047080,mqll_4_32_512,51723523,256
1023853980,mqll_4_32_512,51810305,256
1020681800,mqll_4_32_512,51831472,256
1035074400,mqll_4_32_512,51770957,256
1019739360,mqll_4_32_512,51838370,256
1174634680,mqll_4_32_1024,52934587,256
1244535920,mqll_4_32_1024,52979559,256
1186680680,mqll_4_32_1024,52910746,256
1182042600,mqll_4_32_1024,52933666,256
1203671240,mqll_4_32_1024,53059925,256
1936260080,mqll_4_64_1,50665574,256
1935519160,mqll_4_64_1,50658144,256
1943926040,mqll_4_64_1,50677593,256
1951855140,mqll_4_64_1,50669383,256
1922535300,mqll_4_64_1,50665723,256
1590276480,mqll_4_64_2,50677320,256
1564426500,mqll_4_64_2,50671610,256
1588300920,mqll_4_64_2,50673926,256
1572304820,mqll_4_64_2,50667080,256
1587064240,mqll_4_64_2,50662521,256
1353817740,mqll_4_64_4,50676340,256
1361549040,mqll_4_64_4,50681856,256
1359769440,mqll_4_64_4,50675305,256
1352029640,mqll_4_64_4,50674211,256
1357099920,mqll_4_64_4,50671216,256
1196807460,mqll_4_64_8,50681614,256
1191368840,mqll_4_64_8,50685733,256
1200664860,mqll_4_64_8,50679997,256
1205138740,mqll_4_64_8,50680521,256
1208962180,mqll_4_64_8,50677419,256
1098512140,mqll_4_64_16,50707798,256
1091219360,mqll_4_64_16,50747364,256
1111274500,mqll_4_64_16,50731768,256
1090324420,mqll_4_64_16,50702272,256
1084181380,mqll_4_64_16,50711713,256
1010937340,mqll_4_64_32,50741223,256
1023372400,mqll_4_64_32,50765403,256
1019989360,mqll_4_64_32,50778436,256
1023322160,mqll_4_64_32,50812566,256
1017881140,mqll_4_64_32,50752537,256
991207700,mqll_4_64_64,50865312,256
964162180,mqll_4_64_64,50812156,256
990530620,mqll_4_64_64,50833866,256
960663980,mqll_4_64_64,50824768,256
993037700,mqll_4_64_64,50851535,256
954830260,mqll_4_64_128,50994208,256
949459800,mqll_4_64_128,50995831,256
951793620,mqll_4_64_128,50950279,256
944760320,mqll_4_64_128,50926816,256
987332460,mqll_4_64_128,50971188,256
986872220,mqll_4_64_256,51174312,256
977584240,mqll_4_64_256,51158487,256
976867860,mqll_4_64_256,51146424,256
980416320,mqll_4_64_256,51158192,256
999660580,mqll_4_64_256,51176858,256
1021924860,mqll_4_64_512,51656928,256
1017152160,mqll_4_64_512,51666189,256
972855900,mqll_4_64_512,51606171,256
1030751920,mqll_4_64_512,51555811,256
970868840,mqll_4_64_512,51532576,256
1204695080,mqll_4_64_1024,52688115,256
1158514440,mqll_4_64_1024,52493840,256
1144042720,mqll_4_64_1024,52772310,256
1358446300,mqll_4_64_1024,52707613,256
1180742620,mqll_4_64_1024,52519975,256
1941814740,mqll_4_128_1,50705668,256
1944054740,mqll_4_128_1,50704405,256
1943177300,mqll_4_128_1,50728763,256
1938266740,mqll_4_128_1,50721226,256
1954845760,mqll_4_128_1,50707950,256
1623337280,mqll_4_128_2,50703541,256
1607278320,mqll_4_128_2,50707930,256
1600282240,mqll_4_128_2,50719766,256
1612459800,mqll_4_128_2,50715637,256
1605214120,mqll_4_128_2,50718589,256
1358201760,mqll_4_128_4,50705186,256
1380113040,mqll_4_128_4,50734664,256
1376924700,mqll_4_128_4,50726213,256
1373263840,mqll_4_128_4,50751076,256
1382670940,mqll_4_128_4,50709970,256
1243874080,mqll_4_128_8,50731631,256
1220824920,mqll_4_128_8,50733947,256
1222347080,mqll_4_128_8,50762434,256
1236539660,mqll_4_128_8,50761201,256
1231376960,mqll_4_128_8,50937548,256
1141571340,mqll_4_128_16,50759459,256
1127509640,mqll_4_128_16,50763344,256
1112777360,mqll_4_128_16,50787497,256
1115398780,mqll_4_128_16,50771525,256
1091633460,mqll_4_128_16,50724150,256
1031188380,mqll_4_128_32,50768480,256
1043320640,mqll_4_128_32,50781796,256
1010491420,mqll_4_128_32,50823047,256
1022476340,mqll_4_128_32,50805689,256
1010377560,mqll_4_128_32,50812938,256
1095053340,mqll_4_128_64,51072497,256
1002056480,mqll_4_128_64,50883504,256
1007376040,mqll_4_128_64,50895374,256
975688520,mqll_4_128_64,50841356,256
985995360,mqll_4_128_64,50867968,256
939991980,mqll_4_128_128,50993605,256
961066300,mqll_4_128_128,50940257,256
1042271500,mqll_4_128_128,51203517,256
984744700,mqll_4_128_128,50965951,256
979999600,mqll_4_128_128,50944763,256
955182160,mqll_4_128_256,51206453,256
988166460,mqll_4_128_256,51168373,256
977037060,mqll_4_128_256,51143487,256
953427820,mqll_4_128_256,51176416,256
968032340,mqll_4_128_256,51144044,256
1120474200,mqll_4_128_512,51585123,256
978998380,mqll_4_128_512,51564437,256
1011856540,mqll_4_128_512,51599189,256
987209120,mqll_4_128_512,51507880,256
997821600,mqll_4_128_512,51539945,256
1115887740,mqll_4_128_1024,52418150,256
1165338260,mqll_4_128_1024,52545713,256
1164832800,mqll_4_128_1024,52370103,256
1113036940,mqll_4_128_1024,52355037,256
1216172180,mqll_4_128_1024,52435699,256
1981307800,mqll_4_256_1,50814562,256
1989966360,mqll_4_256_1,50857167,256
2037771560,mqll_4_256_1,50816826,256
1999212100,mqll_4_256_1,50816154,256
2061990460,mqll_4_256_1,50816234,256
1595744680,mqll_4_256_2,50793919,256
1595493880,mqll_4_256_2,50798015,256
1683773660,mqll_4_256_2,50813281,256
1586316280,mqll_4_256_2,50790076,256
1599551140,mqll_4_256_2,50829992,256
1381474760,mqll_4_256_4,50768702,256
1385957080,mqll_4_256_4,50802583,256
1390315340,mqll_4_256_4,50787716,256
1390278140,mqll_4_256_4,50775186,256
1377459060,mqll_4_256_4,50804310,256
1232407640,mqll_4_256_8,50773767,256
1241257560,mqll_4_256_8,50772687,256
1225250260,mqll_4_256_8,50764349,256
1245360940,mqll_4_256_8,50780677,256
1223655180,mqll_4_256_8,50777963,256
1140755820,mqll_4_256_16,50816816,256
1144071560,mqll_4_256_16,50820042,256
1125744500,mqll_4_256_16,50800315,256
1132525520,mqll_4_256_16,50838686,256
1176939680,mqll_4_256_16,50963464,256
1047249620,mqll_4_256_32,50830006,256
1063354680,mqll_4_256_32,50832655,256
1042344460,mqll_4_256_32,50820754,256
1405693880,mqll_4_256_32,50871158,256
1080842320,mqll_4_256_32,50852806,256
1025050140,mqll_4_256_64,50940417,256
1044230860,mqll_4_256_64,50930182,256
1024727460,mqll_4_256_64,50917249,256
1027857660,mqll_4_256_64,50917682,256
1012858360,mqll_4_256_64,50910097,256
992806960,mqll_4_256_128,50984965,256
963807640,mqll_4_256_128,51026543,256
993595040,mqll_4_256_128,51036165,256
994260980,mqll_4_256_128,51037534,256
987095660,mqll_4_256_128,51001747,256
985209500,mqll_4_256_256,51278047,256
955368600,mqll_4_256_256,51200572,256
948634080,mqll_4_256_256,51220603,256
978276100,mqll_4_256_256,51195925,256
978886580,mqll_4_256_256,51232399,256
1057879660,mqll_4_256_512,51582478,256
1041014900,mqll_4_256_512,51579406,256
1090805540,mqll_4_256_512,51712385,256
1076787060,mqll_4_256_512,51537274,256
1029035300,mqll_4_256_512,51614652,256
1513185520,mqll_4_256_1024,52658862,256
1097054120,mqll_4_256_1024,52165755,256
1148811580,mqll_4_256_1024,52289656,256
1106146940,mqll_4_256_1024,52123838,256
1221162640,mqll_4_256_1024,52255241,256
2008165680,mqll_4_512_1,50932495,256
2022643500,mqll_4_512_1,50915066,256
2027482960,mqll_4_512_1,50940835,256
2031200640,mqll_4_512_1,50955088,256
2033968940,mqll_4_512_1,50940246,256
1637648980,mqll_4_512_2,50934493,256
1632307460,mqll_4_512_2,50965028,256
1642656620,mqll_4_512_2,50948570,256
1639503400,mqll_4_512_2,50975052,256
1670995740,mqll_4_512_2,50989646,256
1422884200,mqll_4_512_4,50931730,256
1441219720,mqll_4_512_4,50926863,256
1463042280,mqll_4_512_4,50910820,256
1382482620,mqll_4_512_4,50889501,256
1456721900,mqll_4_512_4,50908608,256
1362813960,mqll_4_512_8,50911691,256
1249522160,mqll_4_512_8,50888577,256
1350582460,mqll_4_512_8,50959985,256
1258360020,mqll_4_512_8,50887784,256
1335212840,mqll_4_512_8,50918357,256
1180479480,mqll_4_512_16,50921706,256
1182200440,mqll_4_512_16,50943787,256
1231699020,mqll_4_512_16,50973978,256
1245571640,mqll_4_512_16,50958285,256
1210773140,mqll_4_512_16,50955798,256
1130791380,mqll_4_512_32,51008508,256
1173462800,mqll_4_512_32,50981025,256
1154035220,mqll_4_512_32,50957213,256
1133729600,mqll_4_512_32,50951751,256
1143341340,mqll_4_512_32,50923350,256
1128067700,mqll_4_512_64,50993779,256
1055067900,mqll_4_512_64,50975801,256
1106972100,mqll_4_512_64,51005772,256
1088390200,mqll_4_512_64,51059219,256
1211255220,mqll_4_512_64,51020212,256
1086268720,mqll_4_512_128,51179025,256
1092817100,mqll_4_512_128,51117169,256
1452060860,mqll_4_512_128,51441092,256
1087867420,mqll_4_512_128,51132330,256
1061295520,mqll_4_512_128,51080138,256
982620500,mqll_4_512_256,51311877,256
1077371580,mqll_4_512_256,51268155,256
1022625900,mqll_4_512_256,51367803,256
1044911660,mqll_4_512_256,51370292,256
1056555900,mqll_4_512_256,51298813,256
1114882800,mqll_4_512_512,52197066,256
1046015820,mqll_4_512_512,51925227,256
1027764660,mqll_4_512_512,52036215,256
1106764200,mqll_4_512_512,52204574,256
1105499080,mqll_4_512_512,52071604,256
1143273480,mqll_4_512_1024,53030597,256
1178097940,mqll_4_512_1024,52737844,256
1156152460,mqll_4_512_1024,52654723,256
1138754800,mqll_4_512_1024,52772721,256
1146307600,mqll_4_512_1024,52489667,256
2163585500,mqll_4_1024_1,51334199,256
2116823400,mqll_4_1024_1,51259120,256
2083266400,mqll_4_1024_1,51249316,256
2236559900,mqll_4_1024_1,51242410,256
2189547460,mqll_4_1024_1,51286362,256
1779738320,mqll_4_1024_2,51358736,256
1727211560,mqll_4_1024_2,51355424,256
1712030040,mqll_4_1024_2,51246141,256
1746999340,mqll_4_1024_2,51288568,256
1730638540,mqll_4_1024_2,51322766,256
1509936040,mqll_4_1024_4,51184385,256
1520335640,mqll_4_1024_4,51197344,256
1545702180,mqll_4_1024_4,51165156,256
1542449440,mqll_4_1024_4,51250024,256
1569114180,mqll_4_1024_4,51211265,256
1313049620,mqll_4_1024_8,51113792,256
1359032280,mqll_4_1024_8,51118580,256
1407866680,mqll_4_1024_8,51167739,256
1334311000,mqll_4_1024_8,51111015,256
1402163100,mqll_4_1024_8,51127202,256
1305619120,mqll_4_1024_16,51132285,256
1340181540,mqll_4_1024_16,51157270,256
1310928380,mqll_4_1024_16,51142097,256
1321952960,mqll_4_1024_16,51177628,256
1525782300,mqll_4_1024_16,51155729,256
1277865480,mqll_4_1024_32,51179813,256
1227167400,mqll_4_1024_32,51175498,256
1288405920,mqll_4_1024_32,51149489,256
1250423060,mqll_4_1024_32,51145340,256
1213515560,mqll_4_1024_32,51129811,256
1156489120,mqll_4_1024_64,51245378,256
1230911080,mqll_4_1024_64,51205280,256
1193666820,mqll_4_1024_64,51244600,256
1132855180,mqll_4_1024_64,51287740,256
1257876080,mqll_4_1024_64,51288056,256
1231999820,mqll_4_1024_128,51423024,256
1206628380,mqll_4_1024_128,51417754,256
1151207140,mqll_4_1024_128,51375842,256
1120845220,mqll_4_1024_128,51329958,256
1197203020,mqll_4_1024_128,51385479,256
1173271560,mqll_4_1024_256,51519048,256
1105607800,mqll_4_1024_256,51482884,256
1153782940,mqll_4_1024_256,51477333,256
1133618800,mqll_4_1024_256,51490658,256
1074076060,mqll_4_1024_256,51547236,256
1107278880,mqll_4_1024_512,52256887,256
1172506380,mqll_4_1024_512,52532486,256
1145356940,mqll_4_1024_512,52325245,256
1142795760,mqll_4_1024_512,52415895,256
1151344860,mqll_4_1024_512,52231524,256
1074241660,mqll_4_1024_1024,53248655,256
1210632140,mqll_4_1024_1024,53210399,256
1119393260,mqll_4_1024_1024,53579156,256
1189571580,mqll_4_1024_1024,53326495,256
1161784040,mqll_4_1024_1024,53351011,256
