3874582000,mqll_4_1_1,39709607,256
3741494220,mqll_4_1_1,39823437,256
3922159880,mqll_4_1_1,39826710,256
3787088020,mqll_4_1_1,40106442,256
3877606480,mqll_4_1_1,39769483,256
3649640140,mqll_4_1_2,40031035,256
3544846740,mqll_4_1_2,39952892,256
3572952180,mqll_4_1_2,40268862,256
3605259520,mqll_4_1_2,40004200,256
3730607160,mqll_4_1_2,40531789,256
3767011160,mqll_4_1_4,40236120,256
3513711480,mqll_4_1_4,40498632,256
3490306420,mqll_4_1_4,40361489,256
3596116680,mqll_4_1_4,40299847,256
3920233440,mqll_4_1_4,40193886,256
3548046980,mqll_4_1_8,40722410,256
3532448420,mqll_4_1_8,40695006,256
3529054380,mqll_4_1_8,40470618,256
3360532980,mqll_4_1_8,40610318,256
3472793560,mqll_4_1_8,40581830,256
3446519380,mqll_4_1_16,40636640,256
3441258120,mqll_4_1_16,40851346,256
3775311080,mqll_4_1_16,40890783,256
3348529940,mqll_4_1_16,40794212,256
3441154480,mqll_4_1_16,41102602,256
3493233760,mqll_4_1_32,41239493,256
4795852100,mqll_4_1_32,41017842,256
3405800920,mqll_4_1_32,40968129,256
3420516960,mqll_4_1_32,41138685,256
3327035000,mqll_4_1_32,41020785,256
3234679720,mqll_4_1_64,41075916,256
3347263280,mqll_4_1_64,41064178,256
3479784760,mqll_4_1_64,41399342,256
3485011240,mqll_4_1_64,41362373,256
3306795640,mqll_4_1_64,41167695,256
3303958780,mqll_4_1_128,41085229,256
3370903660,mqll_4_1_128,41756530,256
3372071080,mqll_4_1_128,42243937,256
3397155520,mqll_4_1_128,42129617,256
3597585580,mqll_4_1_128,41585107,256
3356882720,mqll_4_1_256,41786376,256
3474559280,mqll_4_1_256,41835179,256
3402669960,mqll_4_1_256,42284925,256
3358810200,mqll_4_1_256,41957379,256
3592828580,mqll_4_1_256,41982216,256
3553872100,mqll_4_1_512,41988805,256
3436617540,mqll_4_1_512,42612286,256
3969626780,mqll_4_1_512,42883659,256
3601787360,mqll_4_1_512,42872757,256
3296475460,mqll_4_1_512,42866885,256
3479832160,mqll_4_1_1024,44774868,256
3513437720,mqll_4_1_1024,43701402,256
3683741900,mqll_4_1_1024,44864124,256
4007924220,mqll_4_1_1024,44068045,256
3418117360,mqll_4_1_1024,43605965,256
3730724760,mqll_4_2_1,40001888,256
3762320200,mqll_4_2_1,39979327,256
4157135080,mqll_4_2_1,39929803,256
3765954880,mqll_4_2_1,39861196,256
3787446720,mqll_4_2_1,40034319,256
3959234480,mqll_4_2_2,40122804,256
3726538560,mqll_4_2_2,40172579,256
4022168420,mqll_4_2_2,40251456,256
3694958820,mqll_4_2_2,40113287,256
3936770960,mqll_4_2_2,40330561,256
4021919180,mqll_4_2_4,40499034,256
3620594760,mqll_4_2_4,40406266,256
3847101060,mqll_4_2_4,40443373,256
3629833560,mqll_4_2_4,40291462,256
3582075040,mqll_4_2_4,40660943,256
3543559980,mqll_4_2_8,40651079,256
3964933080,mqll_4_2_8,40643571,256
3518898880,mqll_4_2_8,40483522,256
3535146420,mqll_4_2_8,40604793,256
3803331720,mqll_4_2_8,40786544,256
3599146240,mqll_4_2_16,41028883,256
3631850840,mqll_4_2_16,41102027,256
3473062160,mqll_4_2_16,41150233,256
3610975080,mqll_4_2_16,40972656,256
3555123000,mqll_4_2_16,40780219,256
3398490620,mqll_4_2_32,40963839,256
3414641180,mqll_4_2_32,41006160,256
3832143240,mqll_4_2_32,41372817,256
4320492980,mqll_4_2_32,41305573,256
3957987420,mqll_4_2_32,41168808,256
3659849300,mqll_4_2_64,41496970,256
3406967900,mqll_4_2_64,41254535,256
3478601260,mqll_4_2_64,41423970,256
3584520240,mqll_4_2_64,41857558,256
3378559220,mqll_4_2_64,41496751,256
3679070820,mqll_4_2_128,42060647,256
4276925360,mqll_4_2_128,41941155,256
3484799760,mqll_4_2_128,41880969,256
3989214320,mqll_4_2_128,41691663,256
3386081020,mqll_4_2_128,41863109,256
4158504760,mqll_4_2_256,42058187,256
3623369380,mqll_4_2_256,42056615,256
4053558080,mqll_4_2_256,42377531,256
3794929880,mqll_4_2_256,42327755,256
3520516860,mqll_4_2_256,42310656,256
3480637620,mqll_4_2_512,42437562,256
3469639180,mqll_4_2_512,43478856,256
3347893840,mqll_4_2_512,43338634,256
3875254000,mqll_4_2_512,42929542,256
3500122620,mqll_4_2_512,42890174,256
4068707840,mqll_4_2_1024,44653192,256
4539668680,mqll_4_2_1024,44124305,256
4080169800,mqll_4_2_1024,44410310,256
3570919740,mqll_4_2_1024,43938497,256
3766112720,mqll_4_2_1024,44627679,256
3721786440,mqll_4_4_1,39820814,256
3665668020,mqll_4_4_1,39993197,256
3817301340,mqll_4_4_1,40069514,256
3861203760,mqll_4_4_1,39972915,256
3763079360,mqll_4_4_1,39856753,256
3773532500,mqll_4_4_2,40212673,256
3684993680,mqll_4_4_2,40268463,256
3642076920,mqll_4_4_2,40268317,256
3544932940,mqll_4_4_2,40078341,256
3423100880,mqll_4_4_2,40285128,256
3332682200,mqll_4_4_4,40712816,256
3477786680,mqll_4_4_4,40391027,256
3638994220,mqll_4_4_4,40638601,256
3491010840,mqll_4_4_4,40552172,256
3861919460,mqll_4_4_4,40646810,256
3412276380,mqll_4_4_8,40774115,256
3779678720,mqll_4_4_8,40711020,256
3337267760,mqll_4_4_8,40720245,256
3658473920,mqll_4_4_8,40578867,256
3508002380,mqll_4_4_8,40639129,256
3262359220,mqll_4_4_16,40765085,256
3248966880,mqll_4_4_16,40790451,256
3384272320,mqll_4_4_16,40853681,256
3445668840,mqll_4_4_16,41160915,256
3346835120,mqll_4_4_16,40868806,256
3646320060,mqll_4_4_32,40923425,256
3460341840,mqll_4_4_32,41255612,256
3513454380,mqll_4_4_32,40940857,256
3284060240,mqll_4_4_32,41128562,256
3247532780,mqll_4_4_32,41075849,256
3372827980,mqll_4_4_64,41365405,256
3438206360,mqll_4_4_64,41197983,256
3764289500,mqll_4_4_64,41002723,256
3594057440,mqll_4_4_64,41647554,256
3276444060,mqll_4_4_64,41363597,256
3157044320,mqll_4_4_128,41623802,256
3327973960,mqll_4_4_128,41378127,256
3367609480,mqll_4_4_128,41447351,256
3520929440,mqll_4_4_128,41441073,256
3561914420,mqll_4_4_128,42191934,256
3567547540,mqll_4_4_256,42083450,256
3248524640,mqll_4_4_256,42009671,256
3359377800,mqll_4_4_256,41839882,256
3266861280,mqll_4_4_256,41840285,256
3227145120,mqll_4_4_256,41983480,256
3359877540,mqll_4_4_512,42507742,256
3204399200,mqll_4_4_512,42447790,256
3545387240,mqll_4_4_512,42617412,256
3367639060,mqll_4_4_512,43169978,256
3547144360,mqll_4_4_512,42495133,256
3434747580,mqll_4_4_1024,43699611,256
3831629140,mqll_4_4_1024,44178312,256
3553061160,mqll_4_4_1024,43967582,256
3466723960,mqll_4_4_1024,44255530,256
3518254420,mqll_4_4_1024,43257402,256
3856594420,mqll_4_8_1,40029988,256
4173844940,mqll_4_8_1,40179191,256
3807936140,mqll_4_8_1,40103215,256
3715045260,mqll_4_8_1,40030662,256
3762658040,mqll_4_8_1,40030029,256
3535583060,mqll_4_8_2,40137734,256
3690781560,mqll_4_8_2,40109744,256
3627675980,mqll_4_8_2,40255964,256
3547701340,mqll_4_8_2,40428795,256
3701357160,mqll_4_8_2,40212352,256
3883829360,mqll_4_8_4,40470445,256
3383031720,mqll_4_8_4,40541328,256
3787568420,mqll_4_8_4,40827832,256
3431103420,mqll_4_8_4,40565954,256
3868539840,mqll_4_8_4,40371750,256
3443647540,mqll_4_8_8,40811279,256
3316929840,mqll_4_8_8,40789091,256
3449704380,mqll_4_8_8,41051586,256
3609463460,mqll_4_8_8,40685576,256
3369293140,mqll_4_8_8,41044026,256
3344968660,mqll_4_8_16,40859500,256
3395276100,mqll_4_8_16,40888540,256
3622115060,mqll_4_8_16,41250416,256
3464148660,mqll_4_8_16,40902261,256
3277248420,mqll_4_8_16,40795133,256
3356288620,mqll_4_8_32,41243033,256
3263928340,mqll_4_8_32,40973895,256
3303837480,mqll_4_8_32,41227754,256
3151870040,mqll_4_8_32,40954898,256
3405358700,mqll_4_8_32,41153697,256
3209247340,mqll_4_8_64,41471948,256
3635090660,mqll_4_8_64,41528719,256
3458175560,mqll_4_8_64,41188269,256
3419899440,mqll_4_8_64,41316585,256
3193222600,mqll_4_8_64,41333973,256
3312183400,mqll_4_8_128,41332544,256
3435201640,mqll_4_8_128,41677982,256
3226292420,mqll_4_8_128,41465194,256
3527591700,mqll_4_8_128,41662265,256
3302193800,mqll_4_8_128,41798803,256
3261564540,mqll_4_8_256,41806534,256
3198579220,mqll_4_8_256,41611716,256
3500873760,mqll_4_8_256,42395811,256
3356151140,mqll_4_8_256,41855148,256
3309721220,mqll_4_8_256,41931031,256
3280613100,mqll_4_8_512,42551053,256
3480835720,mqll_4_8_512,43202679,256
3391699560,mqll_4_8_512,42485778,256
3479587200,mqll_4_8_512,42740940,256
3240039180,mqll_4_8_512,42486743,256
3583942260,mqll_4_8_1024,43824350,256
3436695140,mqll_4_8_1024,43687268,256
3455299180,mqll_4_8_1024,44206079,256
3389073820,mqll_4_8_1024,43681937,256
3354445300,mqll_4_8_1024,43458098,256
3873926180,mqll_4_16_1,40181677,256
3834582900,mqll_4_16_1,40321426,256
4317578680,mqll_4_16_1,40146273,256
4136990440,mqll_4_16_1,40296504,256
4150245160,mqll_4_16_1,40173745,256
3599074940,mqll_4_16_2,40305390,256
3679721320,mqll_4_16_2,40261193,256
3432696780,mqll_4_16_2,40285788,256
3448547200,mqll_4_16_2,40357539,256
3596476900,mqll_4_16_2,40165211,256
3518416840,mqll_4_16_4,40609230,256
3449643000,mqll_4_16_4,40455043,256
4026963580,mqll_4_16_4,40473061,256
3694381980,mqll_4_16_4,40361990,256
3481872700,mqll_4_16_4,40474736,256
3247971020,mqll_4_16_8,40840021,256
3635756040,mqll_4_16_8,40799121,256
3373623620,mqll_4_16_8,40819059,256
3372156660,mqll_4_16_8,40960365,256
3505885040,mqll_4_16_8,40885091,256
3490366760,mqll_4_16_16,41091474,256
3386224500,mqll_4_16_16,41443150,256
3301974000,mqll_4_16_16,41099891,256
3426689700,mqll_4_16_16,41390533,256
3191285920,mqll_4_16_16,40996931,256
3832735700,mqll_4_16_32,41213543,256
3966148560,mqll_4_16_32,41701937,256
3464009400,mqll_4_16_32,41280095,256
3273926240,mqll_4_16_32,41218234,256
3352305400,mqll_4_16_32,41312354,256
3391983520,mqll_4_16_64,41381910,256
3394230560,mqll_4_16_64,41718707,256
3329620820,mqll_4_16_64,41817829,256
3248337460,mqll_4_16_64,41447022,256
3218224180,mqll_4_16_64,41581960,256
3292641400,mqll_4_16_128,41650975,256
3229440200,mqll_4_16_128,41886306,256
3171811120,mqll_4_16_128,41768366,256
3303726720,mqll_4_16_128,41798269,256
3466091440,mqll_4_16_128,41910225,256
3358934540,mqll_4_16_256,42023078,256
3184653940,mqll_4_16_256,41884273,256
3315509660,mqll_4_16_256,42323024,256
3154866140,mqll_4_16_256,42288753,256
3296954020,mqll_4_16_256,42363295,256
3264068260,mqll_4_16_512,42952330,256
3348622020,mqll_4_16_512,42727321,256
3675794300,mqll_4_16_512,42448336,256
3235793740,mqll_4_16_512,42212279,256
3260144760,mqll_4_16_512,42577350,256
3843091080,mqll_4_16_1024,43468920,256
3550390340,mqll_4_16_1024,44452099,256
3448710000,mqll_4_16_1024,43840385,256
3468137060,mqll_4_16_1024,44092932,256
3499063220,mqll_4_16_1024,44459642,256
3774668040,mqll_4_32_1,40324424,256
3933697080,mqll_4_32_1,40448977,256
3870728980,mqll_4_32_1,40409937,256
3850357480,mqll_4_32_1,40259042,256
3713705380,mqll_4_32_1,40427315,256
3454585260,mqll_4_32_2,40411405,256
3840250220,mqll_4_32_2,40331722,256
3777352500,mqll_4_32_2,40455332,256
3571225260,mqll_4_32_2,40374651,256
3994681180,mqll_4_32_2,40481371,256
3456851920,mqll_4_32_4,40650862,256
3437971240,mqll_4_32_4,40382055,256
3581255780,mqll_4_32_4,40516535,256
3419546700,mqll_4_32_4,40582202,256
3812028240,mqll_4_32_4,40413599,256
3605699260,mqll_4_32_8,40701192,256
3474892940,mqll_4_32_8,40803202,256
3682380180,mqll_4_32_8,40859055,256
3707832880,mqll_4_32_8,40736231,256
3370206420,mqll_4_32_8,40796014,256
3402540420,mqll_4_32_16,41258987,256
3416658500,mqll_4_32_16,41218886,256
3399948720,mqll_4_32_16,41087122,256
3474398040,mqll_4_32_16,41288974,256
3602139940,mqll_4_32_16,41096533,256
3814137000,mqll_4_32_32,41814305,256
3648445860,mqll_4_32_32,41884763,256
3698516000,mqll_4_32_32,41963048,256
3354693380,mqll_4_32_32,42202766,256
3540151940,mqll_4_32_32,41769384,256
3493777800,mqll_4_32_64,42094788,256
3860458320,mqll_4_32_64,42202378,256
3773427200,mqll_4_32_64,41763940,256
3330206600,mqll_4_32_64,42155116,256
3696489920,mqll_4_32_64,41724916,256
3794760100,mqll_4_32_128,42344089,256
3840158860,mqll_4_32_128,42350206,256
3425802520,mqll_4_32_128,42318004,256
3392374440,mqll_4_32_128,42387099,256
4091813160,mqll_4_32_128,42331520,256
3456321760,mqll_4_32_256,42770939,256
3304512520,mqll_4_32_256,42375174,256
3588568760,mqll_4_32_256,42650604,256
3411675220,mqll_4_32_256,42980192,256
3805250600,mqll_4_32_256,42974188,256
3824491680,mqll_4_32_512,43144481,256
3990403780,mqll_4_32_512,43939360,256
3329963840,mqll_4_32_512,43198345,256
3876355200,mqll_4_32_512,44205292,256
3316498980,mqll_4_32_512,43028806,256
3540614980,mqll_4_32_1024,45105759,256
3633779360,mqll_4_32_1024,44288920,256
3587324500,mqll_4_32_1024,44281908,256
3512594560,mqll_4_32_1024,44481078,256
3534145220,mqll_4_32_1024,44713458,256
3805533300,mqll_4_64_1,40491168,256
3853447540,mqll_4_64_1,40561050,256
3866810440,mqll_4_64_1,40780788,256
4323864320,mqll_4_64_1,40878483,256
3857665820,mqll_4_64_1,40675626,256
3587115280,mqll_4_64_2,40518622,256
3621882640,mqll_4_64_2,40685707,256
3853940600,mqll_4_64_2,40660545,256
3683757900,mqll_4_64_2,40591901,256
3488037660,mqll_4_64_2,40481590,256
3756366180,mqll_4_64_4,40530693,256
3614412520,mqll_4_64_4,40691972,256
3718416100,mqll_4_64_4,40812326,256
3589882660,mqll_4_64_4,40743470,256
3599328140,mqll_4_64_4,40497201,256
3298800080,mqll_4_64_8,41070561,256
3606667740,mqll_4_64_8,40950358,256
3659083220,mqll_4_64_8,41148650,256
3457408080,mqll_4_64_8,41051184,256
3393480460,mqll_4_64_8,40938438,256
3533482960,mqll_4_64_16,41302051,256
3478647140,mqll_4_64_16,41080734,256
3602293720,mqll_4_64_16,41252756,256
3525581220,mqll_4_64_16,41142370,256
3335167660,mqll_4_64_16,41209953,256
3359469820,mqll_4_64_32,41770830,256
3622711300,mqll_4_64_32,41965982,256
3425992640,mqll_4_64_32,41891243,256
3407720360,mqll_4_64_32,41800296,256
3515870340,mqll_4_64_32,42132095,256
3442752060,mqll_4_64_64,42960749,256
3564829380,mqll_4_64_64,42978304,256
3387791500,mqll_4_64_64,42752701,256
3625588640,mqll_4_64_64,43210833,256
3412203600,mqll_4_64_64,42852003,256
3551643560,mqll_4_64_128,43173248,256
3613133240,mqll_4_64_128,43397383,256
3626323420,mqll_4_64_128,43451605,256
3562440300,mqll_4_64_128,43593111,256
3510392440,mqll_4_64_128,43049615,256
3980371840,mqll_4_64_256,43345599,256
3805130220,mqll_4_64_256,43651648,256
3866457960,mqll_4_64_256,42997667,256
3475253440,mqll_4_64_256,43285584,256
3573622740,mqll_4_64_256,43370564,256
4004007140,mqll_4_64_512,43548750,256
4118459280,mqll_4_64_512,43911427,256
3871725240,mqll_4_64_512,44415015,256
3601955640,mqll_4_64_512,45497916,256
3481293760,mqll_4_64_512,43919704,256
3641748400,mqll_4_64_1024,45031684,256
3914136460,mqll_4_64_1024,45341713,256
3884855880,mqll_4_64_1024,45882724,256
4185091220,mqll_4_64_1024,45713725,256
3474522340,mqll_4_64_1024,45389388,256
4238593840,mqll_4_128_1,41065476,256
4231931620,mqll_4_128_1,40762928,256
3941572920,mqll_4_128_1,41153871,256
4056700800,mqll_4_128_1,41075484,256
4028829180,mqll_4_128_1,40829672,256
3661024540,mqll_4_128_2,40976072,256
3827295500,mqll_4_128_2,40949149,256
3609239120,mqll_4_128_2,41070332,256
3707312160,mqll_4_128_2,40905949,256
3689989840,mqll_4_128_2,41013027,256
3891723060,mqll_4_128_4,40669770,256
3673930720,mqll_4_128_4,40925875,256
3680864200,mqll_4_128_4,40758124,256
3502110200,mqll_4_128_4,40849744,256
3826149220,mqll_4_128_4,40849371,256
3551855640,mqll_4_128_8,40719556,256
3363977220,mqll_4_128_8,40848198,256
3437594700,mqll_4_128_8,41163795,256
3665300780,mqll_4_128_8,40891790,256
3552893620,mqll_4_128_8,40835109,256
3550011400,mqll_4_128_16,41092534,256
3624643840,mqll_4_128_16,41064890,256
3347097900,mqll_4_128_16,41059180,256
3371403820,mqll_4_128_16,41093615,256
3615528580,mqll_4_128_16,41195496,256
3315683060,mqll_4_128_32,41777262,256
3524565280,mqll_4_128_32,41548185,256
3389748140,mqll_4_128_32,41522987,256
3440226720,mqll_4_128_32,41485754,256
3327493000,mqll_4_128_32,41572147,256
3318177220,mqll_4_128_64,42814304,256
3622592320,mqll_4_128_64,42307106,256
3355835180,mqll_4_128_64,42645667,256
3973220520,mqll_4_128_64,42807230,256
3358298040,mqll_4_128_64,42425615,256
4474400420,mqll_4_128_128,44756870,256
4507694460,mqll_4_128_128,44273561,256
3889194980,mqll_4_128_128,43960441,256
4104789140,mqll_4_128_128,44444849,256
4093173580,mqll_4_128_128,44484240,256
4228295200,mqll_4_128_256,44868190,256
4274979080,mqll_4_128_256,44556760,256
5189296500,mqll_4_128_256,44856771,256
4413567380,mqll_4_128_256,45120593,256
5083434940,mqll_4_128_256,45298612,256
4763983080,mqll_4_128_512,46644858,256
4440647960,mqll_4_128_512,45620075,256
4201128840,mqll_4_128_512,45177291,256
4092807040,mqll_4_128_512,45975214,256
4025887540,mqll_4_128_512,46559485,256
4589328040,mqll_4_128_1024,47159941,256
4793008700,mqll_4_128_1024,47607306,256
4167819720,mqll_4_128_1024,47025454,256
4526280440,mqll_4_128_1024,47276956,256
4535174040,mqll_4_128_1024,47074239,256
4289447260,mqll_4_256_1,41144890,256
4215615980,mqll_4_256_1,41081657,256
4232678300,mqll_4_256_1,41450854,256
4171995140,mqll_4_256_1,41208982,256
4381480720,mqll_4_256_1,41410790,256
3749005260,mqll_4_256_2,41021005,256
4128150860,mqll_4_256_2,41124591,256
3924892680,mqll_4_256_2,41114647,256
3783621960,mqll_4_256_2,41003456,256
4016541120,mqll_4_256_2,41233678,256
3931851800,mqll_4_256_4,41126565,256
3798276660,mqll_4_256_4,40889563,256
3697915620,mqll_4_256_4,41127431,256
3711701540,mqll_4_256_4,41125842,256
3794059880,mqll_4_256_4,41026146,256
3719805420,mqll_4_256_8,40911681,256
3974733440,mqll_4_256_8,40887762,256
3588015440,mqll_4_256_8,40906486,256
3950656920,mqll_4_256_8,41126702,256
3704188760,mqll_4_256_8,40920590,256
3716793460,mqll_4_256_16,41074472,256
4007975740,mqll_4_256_16,41148981,256
3562976840,mqll_4_256_16,41292618,256
3510763640,mqll_4_256_16,41222592,256
3497678640,mqll_4_256_16,41198639,256
3616837680,mqll_4_256_32,41791048,256
3329964680,mqll_4_256_32,41492094,256
3842426440,mqll_4_256_32,41566277,256
3687084280,mqll_4_256_32,41424222,256
3681072460,mqll_4_256_32,41525432,256
3530735740,mqll_4_256_64,42416110,256
3995941360,mqll_4_256_64,42992545,256
3467933600,mqll_4_256_64,42078095,256
4169047120,mqll_4_256_64,42452570,256
3519721000,mqll_4_256_64,42864853,256
3967575840,mqll_4_256_128,43875812,256
4232764480,mqll_4_256_128,44438158,256
4306383960,mqll_4_256_128,45155055,256
4140399280,mqll_4_256_128,44209265,256
4538902220,mqll_4_256_128,45329531,256
4550755980,mqll_4_256_256,46137964,256
4552009020,mqll_4_256_256,45909196,256
4502194260,mqll_4_256_256,46086366,256
4106912500,mqll_4_256_256,46961292,256
4855901340,mqll_4_256_256,45858437,256
4292721140,mqll_4_256_512,46554545,256
4512289140,mqll_4_256_512,47187491,256
4587665060,mqll_4_256_512,47773265,256
4064383280,mqll_4_256_512,47508391,256
4745229660,mqll_4_256_512,47576872,256
4291116740,mqll_4_256_1024,48119492,256
4690590640,mqll_4_256_1024,48298569,256
4464702460,mqll_4_256_1024,48401808,256
4436856740,mqll_4_256_1024,48434579,256
4422246140,mqll_4_256_1024,48551042,256
4320856660,mqll_4_512_1,41550253,256
4249788280,mqll_4_512_1,41898533,256
4160847120,mqll_4_512_1,41680613,256
4474222000,mqll_4_512_1,41543791,256
4068411680,mqll_4_512_1,41276055,256
4060156860,mqll_4_512_2,41712211,256
3908178840,mqll_4_512_2,41380744,256
4204336300,mqll_4_512_2,41496085,256
3998179900,mqll_4_512_2,41428834,256
4179470840,mqll_4_512_2,41678175,256
4072631120,mqll_4_512_4,41217583,256
4046448040,mqll_4_512_4,41307189,256
3781608500,mqll_4_512_4,41422959,256
3694518120,mqll_4_512_4,41338490,256
3791351660,mqll_4_512_4,41244788,256
3903891400,mqll_4_512_8,41171605,256
3692215080,mqll_4_512_8,41155779,256
3638731640,mqll_4_512_8,41142762,256
3628417320,mqll_4_512_8,41136621,256
3927256280,mqll_4_512_8,41039846,256
4072924000,mqll_4_512_16,41405169,256
3776456760,mqll_4_512_16,41155666,256
3764816140,mqll_4_512_16,41157438,256
4037431200,mqll_4_512_16,41238405,256
3279863380,mqll_4_512_16,41084081,256
3886255600,mqll_4_512_32,41597818,256
3775085640,mqll_4_512_32,41326328,256
3818420940,mqll_4_512_32,41490395,256
3794736040,mqll_4_512_32,41226544,256
3832268480,mqll_4_512_32,41242795,256
3816761840,mqll_4_512_64,42498787,256
4203658900,mqll_4_512_64,42643225,256
3688434500,mqll_4_512_64,42151340,256
3597518440,mqll_4_512_64,42197597,256
3879302540,mqll_4_512_64,43067350,256
4429821600,mqll_4_512_128,43485978,256
4280546500,mqll_4_512_128,44601548,256
4632052100,mqll_4_512_128,44677511,256
4277682520,mqll_4_512_128,44174316,256
4732733840,mqll_4_512_128,44071950,256
4348006120,mqll_4_512_256,46465069,256
5043488160,mqll_4_512_256,47858548,256
4558780000,mqll_4_512_256,46019616,256
4320167760,mqll_4_512_256,45778615,256
5838324120,mqll_4_512_256,47125440,256
5000300000,mqll_4_512_512,49340767,256
5164186300,mqll_4_512_512,50113022,256
5641809420,mqll_4_512_512,48544453,256
4634341640,mqll_4_512_512,49194602,256
4755500980,mqll_4_512_512,51021570,256
4566956960,mqll_4_512_1024,51314055,256
5037616860,mqll_4_512_1024,51291075,256
5650017840,mqll_4_512_1024,51193874,256
5137234700,mqll_4_512_1024,50816966,256
4953802500,mqll_4_512_1024,51763497,256
4238079900,mqll_4_1024_1,42584289,256
3998378500,mqll_4_1024_1,41833003,256
4246979360,mqll_4_1024_1,42163997,256
4413750960,mqll_4_1024_1,42071630,256
4139076180,mqll_4_1024_1,42226661,256
4087486300,mqll_4_1024_2,42014620,256
3777786120,mqll_4_1024_2,41828379,256
4042664220,mqll_4_1024_2,41736601,256
3916475500,mqll_4_1024_2,41929634,256
3858307120,mqll_4_1024_2,41771583,256
4165839420,mqll_4_1024_4,41998649,256
4004271300,mqll_4_1024_4,41863926,256
4065149320,mqll_4_1024_4,42360386,256
3821723180,mqll_4_1024_4,41754700,256
3662676820,mqll_4_1024_4,41886272,256
3918775580,mqll_4_1024_8,42050968,256
3826294420,mqll_4_1024_8,41769026,256
3489189720,mqll_4_1024_8,42095902,256
3704934980,mqll_4_1024_8,41914509,256
3924574640,mqll_4_1024_8,41846210,256
3551558700,mqll_4_1024_16,41753653,256
3896501360,mqll_4_1024_16,41715360,256
3856225620,mqll_4_1024_16,41644301,256
3354370620,mqll_4_1024_16,42645723,256
3783527900,mqll_4_1024_16,41622896,256
3651810200,mqll_4_1024_32,41714587,256
3396043400,mqll_4_1024_32,41745213,256
3429354760,mqll_4_1024_32,41637668,256
3393898800,mqll_4_1024_32,41432953,256
3537897360,mqll_4_1024_32,41716134,256
3586523180,mqll_4_1024_64,42622167,256
3562838240,mqll_4_1024_64,42015654,256
3732264020,mqll_4_1024_64,42355634,256
3572097340,mqll_4_1024_64,41959407,256
3554654480,mqll_4_1024_64,42223433,256
4366356520,mqll_4_1024_128,43871047,256
4221008660,mqll_4_1024_128,43754650,256
4275971840,mqll_4_1024_128,43545674,256
4061158700,mqll_4_1024_128,43512759,256
4139534620,mqll_4_1024_128,43766335,256
4291859180,mqll_4_1024_256,45827910,256
4369740860,mqll_4_1024_256,45835109,256
4533163480,mqll_4_1024_256,45591439,256
4248466340,mqll_4_1024_256,45817710,256
4993168780,mqll_4_1024_256,46077599,256
4974507860,mqll_4_1024_512,48853792,256
4599576840,mqll_4_1024_512,49814627,256
4213186720,mqll_4_1024_512,47131428,256
4284533460,mqll_4_1024_512,49068945,256
4500864020,mqll_4_1024_512,49599480,256
5349453300,mqll_4_1024_1024,56628973,256
5498016920,mqll_4_1024_1024,54901754,256
6486567200,mqll_4_1024_1024,55756583,256
5556489860,mqll_4_1024_1024,55872974,256
5267280800,mqll_4_1024_1024,55743055,256
