505265820,mqll_4_1_1,24362130,256
450460060,mqll_4_1_1,24350542,256
521185120,mqll_4_1_1,24367722,256
464470740,mqll_4_1_1,24356480,256
435968400,mqll_4_1_1,24350547,256
368076280,mqll_4_1_2,24687259,256
360588740,mqll_4_1_2,24657118,256
360070080,mqll_4_1_2,24679123,256
379412360,mqll_4_1_2,24674279,256
362686340,mqll_4_1_2,24675470,256
319755500,mqll_4_1_4,25351807,256
329720460,mqll_4_1_4,25390294,256
318932800,mqll_4_1_4,25353947,256
321904700,mqll_4_1_4,25360118,256
317163260,mqll_4_1_4,25367011,256
316961180,mqll_4_1_8,26609119,256
316157200,mqll_4_1_8,26600728,256
334248540,mqll_4_1_8,26631774,256
327092360,mqll_4_1_8,26604274,256
321174540,mqll_4_1_8,26593968,256
331206600,mqll_4_1_16,28173634,256
329234040,mqll_4_1_16,28193387,256
338297080,mqll_4_1_16,28177775,256
333749780,mqll_4_1_16,28202820,256
363899880,mqll_4_1_16,28207570,256
343391260,mqll_4_1_32,29206656,256
343600520,mqll_4_1_32,29308174,256
340817400,mqll_4_1_32,29179470,256
339112600,mqll_4_1_32,29295113,256
345626640,mqll_4_1_32,29374227,256
346381660,mqll_4_1_64,29369353,256
374355080,mqll_4_1_64,29613987,256
345786180,mqll_4_1_64,29389983,256
346358500,mqll_4_1_64,29430477,256
341827120,mqll_4_1_64,29328455,256
346095000,mqll_4_1_128,29389555,256
345700540,mqll_4_1_128,29438764,256
347307100,mqll_4_1_128,29456269,256
341530520,mqll_4_1_128,29461122,256
354717060,mqll_4_1_128,29408299,256
342168200,mqll_4_1_256,29394917,256
351447020,mqll_4_1_256,29436633,256
345315580,mqll_4_1_256,29458504,256
347883420,mqll_4_1_256,29341769,256
376879720,mqll_4_1_256,29486354,256
347475440,mqll_4_1_512,29401079,256
342051200,mqll_4_1_512,29344976,256
345563820,mqll_4_1_512,29344258,256
343466560,mqll_4_1_512,29351163,256
351131000,mqll_4_1_512,29375779,256
354526920,mqll_4_1_1024,29372285,256
351304220,mqll_4_1_1024,29478738,256
347101820,mqll_4_1_1024,29467228,256
349305560,mqll_4_1_1024,29513082,256
346173240,mqll_4_1_1024,29446481,256
440359840,mqll_4_2_1,24446329,256
423747780,mqll_4_2_1,24442649,256
445951000,mqll_4_2_1,24451058,256
430501160,mqll_4_2_1,24450590,256
461797240,mqll_4_2_1,24454412,256
314554560,mqll_4_2_2,24825816,256
323858620,mqll_4_2_2,24846774,256
322972240,mqll_4_2_2,24836121,256
349071020,mqll_4_2_2,24848921,256
319463660,mqll_4_2_2,24835860,256
288758780,mqll_4_2_4,25362159,256
286125320,mqll_4_2_4,25361931,256
285839080,mqll_4_2_4,25354565,256
297782440,mqll_4_2_4,25445484,256
284038400,mqll_4_2_4,25349941,256
276548440,mqll_4_2_8,26267037,256
281975020,mqll_4_2_8,26333450,256
275398820,mqll_4_2_8,26289272,256
278765180,mqll_4_2_8,26353840,256
275079800,mqll_4_2_8,26359020,256
282042060,mqll_4_2_16,27534084,256
279041540,mqll_4_2_16,27465512,256
283612500,mqll_4_2_16,27578563,256
287338960,mqll_4_2_16,27732682,256
285295160,mqll_4_2_16,27582696,256
289430260,mqll_4_2_32,28300338,256
287621260,mqll_4_2_32,28371244,256
289001000,mqll_4_2_32,28198725,256
292361840,mqll_4_2_32,28255901,256
289546280,mqll_4_2_32,28251669,256
287169140,mqll_4_2_64,28267260,256
284033420,mqll_4_2_64,28261803,256
287871240,mqll_4_2_64,28300756,256
297481620,mqll_4_2_64,28789967,256
290792780,mqll_4_2_64,28723057,256
287489620,mqll_4_2_128,28410274,256
285152180,mqll_4_2_128,28309312,256
285955860,mqll_4_2_128,28245732,256
287444360,mqll_4_2_128,28432400,256
287856160,mqll_4_2_128,28566243,256
286290860,mqll_4_2_256,28153408,256
286826280,mqll_4_2_256,28262501,256
288468880,mqll_4_2_256,28279620,256
288659840,mqll_4_2_256,28406484,256
290582460,mqll_4_2_256,28378425,256
286276700,mqll_4_2_512,28345801,256
292477460,mqll_4_2_512,28348124,256
286890660,mqll_4_2_512,28413261,256
289627780,mqll_4_2_512,28240511,256
289344600,mqll_4_2_512,28219840,256
288676440,mqll_4_2_1024,28242898,256
290229420,mqll_4_2_1024,28328738,256
287289120,mqll_4_2_1024,28282329,256
287808160,mqll_4_2_1024,28225970,256
286599660,mqll_4_2_1024,28250713,256
442376040,mqll_4_4_1,24521207,256
452530640,mqll_4_4_1,24569679,256
422792140,mqll_4_4_1,24515446,256
430015620,mqll_4_4_1,24518803,256
488010400,mqll_4_4_1,24586996,256
321610160,mqll_4_4_2,24891787,256
313725040,mqll_4_4_2,24827483,256
313156240,mqll_4_4_2,24799517,256
310021320,mqll_4_4_2,24822855,256
314472580,mqll_4_4_2,24877984,256
259142240,mqll_4_4_4,25576931,256
258320220,mqll_4_4_4,25636553,256
259835800,mqll_4_4_4,25599223,256
260098460,mqll_4_4_4,25588705,256
270156420,mqll_4_4_4,25643014,256
250919900,mqll_4_4_8,26380099,256
244475560,mqll_4_4_8,26243656,256
250787880,mqll_4_4_8,26409030,256
255350380,mqll_4_4_8,26490405,256
247757600,mqll_4_4_8,26350050,256
252402920,mqll_4_4_16,27189484,256
250351640,mqll_4_4_16,27197059,256
245934140,mqll_4_4_16,27315874,256
248465860,mqll_4_4_16,27322828,256
248971800,mqll_4_4_16,27166582,256
248777380,mqll_4_4_32,27527420,256
252771020,mqll_4_4_32,27732293,256
249633880,mqll_4_4_32,27871044,256
254061640,mqll_4_4_32,27688515,256
248177000,mqll_4_4_32,27699806,256
246314500,mqll_4_4_64,27627818,256
277686920,mqll_4_4_64,27658673,256
251022060,mqll_4_4_64,27691038,256
252286220,mqll_4_4_64,27881996,256
247093040,mqll_4_4_64,27616338,256
255060040,mqll_4_4_128,27822320,256
250978140,mqll_4_4_128,27681845,256
247477080,mqll_4_4_128,27869647,256
246617260,mqll_4_4_128,27681299,256
251318940,mqll_4_4_128,27708857,256
251492040,mqll_4_4_256,27798719,256
250044140,mqll_4_4_256,27616497,256
254520660,mqll_4_4_256,27726750,256
248258940,mqll_4_4_256,27707741,256
246838320,mqll_4_4_256,27636668,256
249372240,mqll_4_4_512,27643980,256
252710760,mqll_4_4_512,27789167,256
249070680,mqll_4_4_512,27733146,256
252041700,mqll_4_4_512,27680365,256
253085200,mqll_4_4_512,27642604,256
252111020,mqll_4_4_1024,27785660,256
255172960,mqll_4_4_1024,27662750,256
247877260,mqll_4_4_1024,27751600,256
258515760,mqll_4_4_1024,27811510,256
250003900,mqll_4_4_1024,27791257,256
514533940,mqll_4_8_1,24632897,256
454982580,mqll_4_8_1,24557483,256
472961260,mqll_4_8_1,24604372,256
490531320,mqll_4_8_1,24594694,256
492116640,mqll_4_8_1,24639433,256
344668280,mqll_4_8_2,24771525,256
318164280,mqll_4_8_2,24731522,256
320315600,mqll_4_8_2,24743775,256
363746460,mqll_4_8_2,24923113,256
357899820,mqll_4_8_2,24843510,256
256575500,mqll_4_8_4,25393528,256
255276220,mqll_4_8_4,25327784,256
260266400,mqll_4_8_4,25441683,256
255556680,mqll_4_8_4,25382973,256
271740600,mqll_4_8_4,25459438,256
241251000,mqll_4_8_8,27247477,256
230563280,mqll_4_8_8,27093138,256
235503760,mqll_4_8_8,27283150,256
230076100,mqll_4_8_8,27037691,256
231685440,mqll_4_8_8,27165171,256
228319060,mqll_4_8_16,27820787,256
233782020,mqll_4_8_16,28040332,256
232747800,mqll_4_8_16,27997533,256
229978380,mqll_4_8_16,28001743,256
233865060,mqll_4_8_16,27999408,256
230965620,mqll_4_8_32,28439578,256
228201500,mqll_4_8_32,28336291,256
231189460,mqll_4_8_32,28210586,256
228247540,mqll_4_8_32,28334299,256
235720420,mqll_4_8_32,28360428,256
229480920,mqll_4_8_64,28310417,256
230551860,mqll_4_8_64,28327220,256
234543900,mqll_4_8_64,28528710,256
231881960,mqll_4_8_64,28310456,256
230089880,mqll_4_8_64,28232587,256
228828920,mqll_4_8_128,28270530,256
231141940,mqll_4_8_128,28473044,256
235470240,mqll_4_8_128,28483773,256
232591780,mqll_4_8_128,28527849,256
231838740,mqll_4_8_128,28160846,256
228419340,mqll_4_8_256,28335564,256
232171720,mqll_4_8_256,28550730,256
230362800,mqll_4_8_256,28165087,256
235440360,mqll_4_8_256,28441779,256
228862820,mqll_4_8_256,28219580,256
227949940,mqll_4_8_512,28356515,256
227817420,mqll_4_8_512,28188511,256
230755380,mqll_4_8_512,28432871,256
236694060,mqll_4_8_512,28777217,256
229565860,mqll_4_8_512,28246732,256
237653800,mqll_4_8_1024,28455374,256
229539300,mqll_4_8_1024,28225449,256
232764340,mqll_4_8_1024,28463897,256
230069700,mqll_4_8_1024,28304890,256
232686540,mqll_4_8_1024,28406715,256
527342460,mqll_4_16_1,25123162,256
564688380,mqll_4_16_1,25335838,256
518317920,mqll_4_16_1,25093028,256
501395960,mqll_4_16_1,24982654,256
521783560,mqll_4_16_1,25065456,256
343037200,mqll_4_16_2,25064625,256
374626840,mqll_4_16_2,25189117,256
346025860,mqll_4_16_2,24992837,256
387017400,mqll_4_16_2,25194350,256
366870880,mqll_4_16_2,25057269,256
264638340,mqll_4_16_4,25450986,256
268266080,mqll_4_16_4,25464111,256
276808380,mqll_4_16_4,25445182,256
261793120,mqll_4_16_4,25397786,256
274138840,mqll_4_16_4,25510347,256
223720240,mqll_4_16_8,27098756,256
220230540,mqll_4_16_8,27087179,256
231433700,mqll_4_16_8,27052714,256
223274580,mqll_4_16_8,27155354,256
233494400,mqll_4_16_8,27163122,256
247478400,mqll_4_16_16,33842481,256
247383780,mqll_4_16_16,34246162,256
270352480,mqll_4_16_16,33827482,256
243317260,mqll_4_16_16,33655811,256
244605440,mqll_4_16_16,33877299,256
253289620,mqll_4_16_32,35519606,256
249596140,mqll_4_16_32,35388439,256
258504640,mqll_4_16_32,35754910,256
261076820,mqll_4_16_32,36141261,256
254208480,mqll_4_16_32,35475800,256
251631860,mqll_4_16_64,35726754,256
255775540,mqll_4_16_64,35618595,256
298271880,mqll_4_16_64,36042932,256
256274320,mqll_4_16_64,36276654,256
258656380,mqll_4_16_64,36379540,256
253517680,mqll_4_16_128,35705921,256
267382000,mqll_4_16_128,36358862,256
253215240,mqll_4_16_128,36081141,256
252616660,mqll_4_16_128,35760175,256
263220340,mqll_4_16_128,36421384,256
255356840,mqll_4_16_256,35838651,256
253541560,mqll_4_16_256,35299899,256
252266500,mqll_4_16_256,35479341,256
259968340,mqll_4_16_256,35948990,256
254201200,mqll_4_16_256,36258131,256
253414220,mqll_4_16_512,35833657,256
258317100,mqll_4_16_512,36026352,256
253350360,mqll_4_16_512,35671673,256
250361860,mqll_4_16_512,35312763,256
264892260,mqll_4_16_512,35495067,256
256680200,mqll_4_16_1024,36002220,256
257036060,mqll_4_16_1024,35714803,256
264354940,mqll_4_16_1024,36181511,256
257748500,mqll_4_16_1024,35886801,256
259919720,mqll_4_16_1024,35772582,256
551137500,mqll_4_32_1,28394459,256
541341980,mqll_4_32_1,28175170,256
556548920,mqll_4_32_1,28495824,256
530149400,mqll_4_32_1,27986901,256
537829540,mqll_4_32_1,28171661,256
370338580,mqll_4_32_2,27827255,256
380665140,mqll_4_32_2,27994648,256
388289400,mqll_4_32_2,28035515,256
427285300,mqll_4_32_2,28410054,256
366503000,mqll_4_32_2,27850764,256
256791880,mqll_4_32_4,27912798,256
274768820,mqll_4_32_4,28183093,256
275210700,mqll_4_32_4,28153515,256
256843340,mqll_4_32_4,27972256,256
257907760,mqll_4_32_4,28100693,256
305628300,mqll_4_32_8,29419170,256
247916140,mqll_4_32_8,29267686,256
279928760,mqll_4_32_8,29340137,256
263939280,mqll_4_32_8,29307046,256
227553540,mqll_4_32_8,29406908,256
221914580,mqll_4_32_16,34528074,256
218151220,mqll_4_32_16,34720269,256
305926600,mqll_4_32_16,34458306,256
227281740,mqll_4_32_16,34396005,256
257666840,mqll_4_32_16,34502536,256
356896780,mqll_4_32_32,55904438,256
351710920,mqll_4_32_32,55741966,256
354946680,mqll_4_32_32,55855825,256
374707380,mqll_4_32_32,58068756,256
368416360,mqll_4_32_32,56358408,256
383075800,mqll_4_32_64,58841277,256
382775800,mqll_4_32_64,61036752,256
371474500,mqll_4_32_64,59307202,256
375141620,mqll_4_32_64,60046931,256
367601660,mqll_4_32_64,59447037,256
381198040,mqll_4_32_128,60432032,256
386458140,mqll_4_32_128,60490763,256
387667220,mqll_4_32_128,62303608,256
395005460,mqll_4_32_128,61175123,256
366454820,mqll_4_32_128,58652183,256
389310500,mqll_4_32_256,61247113,256
387809860,mqll_4_32_256,60648788,256
375947680,mqll_4_32_256,60173130,256
382277380,mqll_4_32_256,61581894,256
377877700,mqll_4_32_256,60798360,256
384128180,mqll_4_32_512,60773353,256
375658100,mqll_4_32_512,60117285,256
400439440,mqll_4_32_512,63382565,256
376153160,mqll_4_32_512,59283366,256
383648240,mqll_4_32_512,61460725,256
378520980,mqll_4_32_1024,60019400,256
380317500,mqll_4_32_1024,60021201,256
381650700,mqll_4_32_1024,59945415,256
376279360,mqll_4_32_1024,60149662,256
382427560,mqll_4_32_1024,59815832,256
721716140,mqll_4_64_1,39972608,256
705600160,mqll_4_64_1,39910472,256
661650620,mqll_4_64_1,39625334,256
583636000,mqll_4_64_1,38318049,256
576104360,mqll_4_64_1,38434144,256
419875160,mqll_4_64_2,38243174,256
419109460,mqll_4_64_2,37977249,256
443041740,mqll_4_64_2,37949629,256
470117580,mqll_4_64_2,38547030,256
446147360,mqll_4_64_2,38111557,256
343257620,mqll_4_64_4,38457788,256
316425940,mqll_4_64_4,38307486,256
416428460,mqll_4_64_4,38956970,256
332402080,mqll_4_64_4,38146873,256
345874920,mqll_4_64_4,38304915,256
252296420,mqll_4_64_8,39349648,256
253099900,mqll_4_64_8,39520128,256
247362820,mqll_4_64_8,39447893,256
293310000,mqll_4_64_8,39313703,256
262252740,mqll_4_64_8,39388720,256
234251780,mqll_4_64_16,42592095,256
242161140,mqll_4_64_16,43247318,256
236257040,mqll_4_64_16,43138240,256
242292020,mqll_4_64_16,42844668,256
240660600,mqll_4_64_16,43015470,256
274744300,mqll_4_64_32,54424344,256
280133960,mqll_4_64_32,54765017,256
278438540,mqll_4_64_32,54453567,256
281041280,mqll_4_64_32,54935829,256
279416320,mqll_4_64_32,55001193,256
593409240,mqll_4_64_64,105865346,256
580904020,mqll_4_64_64,102650840,256
604067760,mqll_4_64_64,104153536,256
569669520,mqll_4_64_64,103276375,256
594575300,mqll_4_64_64,104952884,256
626141880,mqll_4_64_128,112129794,256
610618880,mqll_4_64_128,110750523,256
618440500,mqll_4_64_128,110251447,256
614918580,mqll_4_64_128,110576737,256
596886500,mqll_4_64_128,107300340,256
590419780,mqll_4_64_256,108254257,256
629221960,mqll_4_64_256,112701089,256
631650800,mqll_4_64_256,112871191,256
631099380,mqll_4_64_256,114650297,256
605801660,mqll_4_64_256,109079002,256
642040160,mqll_4_64_512,112401704,256
616066660,mqll_4_64_512,110547521,256
661861480,mqll_4_64_512,114523216,256
620216560,mqll_4_64_512,111393632,256
610701480,mqll_4_64_512,108998608,256
604660680,mqll_4_64_1024,109277839,256
594474920,mqll_4_64_1024,108348375,256
626477400,mqll_4_64_1024,112375323,256
576486380,mqll_4_64_1024,105553264,256
632536840,mqll_4_64_1024,111829754,256
1311301340,mqll_4_128_1,62609903,256
1137682160,mqll_4_128_1,62541628,256
966642200,mqll_4_128_1,61806967,256
959728620,mqll_4_128_1,61587903,256
1001447740,mqll_4_128_1,60939633,256
669595120,mqll_4_128_2,61239183,256
674091180,mqll_4_128_2,60065375,256
814360700,mqll_4_128_2,61322900,256
664033640,mqll_4_128_2,60277854,256
686297200,mqll_4_128_2,60443322,256
584822580,mqll_4_128_4,61434003,256
490635100,mqll_4_128_4,61039249,256
627062340,mqll_4_128_4,61910631,256
499850420,mqll_4_128_4,61231287,256
535024000,mqll_4_128_4,61276062,256
394147140,mqll_4_128_8,62202639,256
373543980,mqll_4_128_8,62296254,256
378025180,mqll_4_128_8,62032265,256
373624660,mqll_4_128_8,62230400,256
398718300,mqll_4_128_8,61700596,256
335147480,mqll_4_128_16,65380871,256
341359940,mqll_4_128_16,65600696,256
340487980,mqll_4_128_16,66092567,256
334314180,mqll_4_128_16,65014112,256
326644740,mqll_4_128_16,65328687,256
327701140,mqll_4_128_32,73577992,256
326132620,mqll_4_128_32,73710751,256
328560360,mqll_4_128_32,73316355,256
326713060,mqll_4_128_32,75289370,256
336593560,mqll_4_128_32,71923495,256
419171300,mqll_4_128_64,93873091,256
405340760,mqll_4_128_64,92440268,256
401735120,mqll_4_128_64,92651939,256
420716800,mqll_4_128_64,94605336,256
425204920,mqll_4_128_64,95755709,256
940550380,mqll_4_128_128,187174739,256
928695540,mqll_4_128_128,185842043,256
916534680,mqll_4_128_128,183652779,256
945893360,mqll_4_128_128,190363432,256
916420420,mqll_4_128_128,185845546,256
993881320,mqll_4_128_256,199600274,256
1042690720,mqll_4_128_256,205632353,256
1025305000,mqll_4_128_256,202348371,256
984520920,mqll_4_128_256,197088757,256
1030583280,mqll_4_128_256,203574318,256
1060004100,mqll_4_128_512,209242810,256
1027146860,mqll_4_128_512,202355456,256
968247120,mqll_4_128_512,193218413,256
1015660240,mqll_4_128_512,203674627,256
944951100,mqll_4_128_512,188505715,256
1003987120,mqll_4_128_1024,199050905,256
976243740,mqll_4_128_1024,194084767,256
995770580,mqll_4_128_1024,198941295,256
1011839000,mqll_4_128_1024,199209615,256
998365180,mqll_4_128_1024,198226084,256
2099529500,mqll_4_256_1,109250075,256
2211110800,mqll_4_256_1,107488590,256
2166759800,mqll_4_256_1,108542757,256
2003180220,mqll_4_256_1,108366445,256
1974610340,mqll_4_256_1,109564556,256
1742033080,mqll_4_256_2,103521306,256
1574023000,mqll_4_256_2,104697722,256
1665104920,mqll_4_256_2,104450829,256
1801219280,mqll_4_256_2,104234052,256
1593597360,mqll_4_256_2,105308137,256
991336140,mqll_4_256_4,106404183,256
1110011700,mqll_4_256_4,103848519,256
1091096140,mqll_4_256_4,104965814,256
942177960,mqll_4_256_4,104360232,256
949268980,mqll_4_256_4,103614761,256
705254660,mqll_4_256_8,103969541,256
711977620,mqll_4_256_8,105809111,256
707328640,mqll_4_256_8,102083704,256
713115240,mqll_4_256_8,105294243,256
687132500,mqll_4_256_8,104297862,256
519699660,mqll_4_256_16,102627108,256
541073820,mqll_4_256_16,105167475,256
546489720,mqll_4_256_16,103174691,256
533261080,mqll_4_256_16,102030739,256
545129420,mqll_4_256_16,104780557,256
509390440,mqll_4_256_32,106956939,256
490937700,mqll_4_256_32,106367559,256
512266500,mqll_4_256_32,107206924,256
495659820,mqll_4_256_32,106982068,256
489717020,mqll_4_256_32,108598944,256
554461780,mqll_4_256_64,125588227,256
579799380,mqll_4_256_64,119274271,256
555752880,mqll_4_256_64,120515310,256
509994860,mqll_4_256_64,116726231,256
513540000,mqll_4_256_64,118511753,256
639294120,mqll_4_256_128,152255986,256
645234260,mqll_4_256_128,157940296,256
624576480,mqll_4_256_128,153212756,256
635185200,mqll_4_256_128,155921972,256
685106680,mqll_4_256_128,161803050,256
1413852040,mqll_4_256_256,294906037,256
1437663360,mqll_4_256_256,301529356,256
1504091960,mqll_4_256_256,298885613,256
1574962760,mqll_4_256_256,311835411,256
1525853560,mqll_4_256_256,309777893,256
1649881040,mqll_4_256_512,333372620,256
1592586380,mqll_4_256_512,328434672,256
1626228360,mqll_4_256_512,325297265,256
1616139100,mqll_4_256_512,327768294,256
1693346260,mqll_4_256_512,341271859,256
1639928720,mqll_4_256_1024,333839894,256
1650125360,mqll_4_256_1024,335344490,256
1614682620,mqll_4_256_1024,328530597,256
1590311020,mqll_4_256_1024,321330298,256
1691276520,mqll_4_256_1024,336682653,256
5045810880,mqll_4_512_1,189899525,256
5169550580,mqll_4_512_1,182330595,256
6011464500,mqll_4_512_1,184908664,256
5156846320,mqll_4_512_1,187233594,256
5357330140,mqll_4_512_1,200186763,256
3769979900,mqll_4_512_2,192492079,256
4093149600,mqll_4_512_2,191402854,256
3863520120,mqll_4_512_2,179938666,256
3933960740,mqll_4_512_2,194720500,256
3968123580,mqll_4_512_2,191934424,256
2540718840,mqll_4_512_4,190588246,256
2461902660,mqll_4_512_4,190866500,256
2439190860,mqll_4_512_4,187074721,256
2323535680,mqll_4_512_4,185514105,256
2462241720,mqll_4_512_4,184510724,256
1646881360,mqll_4_512_8,178893786,256
1591550840,mqll_4_512_8,183140732,256
1566498180,mqll_4_512_8,171066863,256
1703365400,mqll_4_512_8,179317512,256
1605265780,mqll_4_512_8,175549859,256
1120608520,mqll_4_512_16,168265772,256
1155681860,mqll_4_512_16,167072383,256
1231827280,mqll_4_512_16,169797460,256
1159425520,mqll_4_512_16,172000260,256
1073552880,mqll_4_512_16,170993987,256
945881220,mqll_4_512_32,168203931,256
933342340,mqll_4_512_32,167237497,256
888911700,mqll_4_512_32,166368005,256
918735020,mqll_4_512_32,168449142,256
931830640,mqll_4_512_32,162367624,256
847102120,mqll_4_512_64,162159759,256
859357980,mqll_4_512_64,164512267,256
830613940,mqll_4_512_64,158725283,256
903937620,mqll_4_512_64,160779858,256
893738980,mqll_4_512_64,160755958,256
899807380,mqll_4_512_128,168335186,256
877066940,mqll_4_512_128,185063292,256
900356880,mqll_4_512_128,168289811,256
917567380,mqll_4_512_128,170080237,256
876455660,mqll_4_512_128,180932372,256
1089819680,mqll_4_512_256,212798074,256
1044457880,mqll_4_512_256,206622809,256
1042890480,mqll_4_512_256,189878641,256
1185568080,mqll_4_512_256,208154416,256
1231522000,mqll_4_512_256,236027090,256
1784529340,mqll_4_512_512,346717677,256
1523926920,mqll_4_512_512,327271008,256
1576620500,mqll_4_512_512,298726530,256
1552115420,mqll_4_512_512,319028286,256
1417801560,mqll_4_512_512,310609767,256
1797096380,mqll_4_512_1024,361020474,256
1631933700,mqll_4_512_1024,335484456,256
1504610580,mqll_4_512_1024,316491098,256
1571925980,mqll_4_512_1024,302115021,256
1434462680,mqll_4_512_1024,304538983,256
16931215060,mqll_4_1024_1,269365163,256
18220805320,mqll_4_1024_1,331787788,256
18078715600,mqll_4_1024_1,317040514,256
17882814480,mqll_4_1024_1,320024502,256
17872811360,mqll_4_1024_1,324859042,256
12847788600,mqll_4_1024_2,280581554,256
12357444360,mqll_4_1024_2,295314007,256
11403170920,mqll_4_1024_2,279643240,256
13747972560,mqll_4_1024_2,282098333,256
12816152540,mqll_4_1024_2,312694941,256
7437411480,mqll_4_1024_4,250304425,256
7832811200,mqll_4_1024_4,268950494,256
7704533920,mqll_4_1024_4,296250126,256
7539632100,mqll_4_1024_4,273795656,256
8377365220,mqll_4_1024_4,317238668,256
4827521880,mqll_4_1024_8,273839334,256
4964653680,mqll_4_1024_8,295332721,256
4731246940,mqll_4_1024_8,249113923,256
4472367040,mqll_4_1024_8,268577974,256
4675212420,mqll_4_1024_8,266051734,256
3025078420,mqll_4_1024_16,244708104,256
2817990900,mqll_4_1024_16,245325320,256
3177177540,mqll_4_1024_16,250243865,256
3271647060,mqll_4_1024_16,225221319,256
3036211420,mqll_4_1024_16,245772539,256
2165941440,mqll_4_1024_32,233854762,256
2220355780,mqll_4_1024_32,220629916,256
2154103080,mqll_4_1024_32,224487369,256
2099090760,mqll_4_1024_32,227873074,256
2339962660,mqll_4_1024_32,220365040,256
1786170260,mqll_4_1024_64,231040601,256
1972747780,mqll_4_1024_64,202352812,256
1661338320,mqll_4_1024_64,208396406,256
1902676340,mqll_4_1024_64,208417709,256
1773636940,mqll_4_1024_64,173143447,256
1567876220,mqll_4_1024_128,171111902,256
1508473260,mqll_4_1024_128,146886811,256
1575044420,mqll_4_1024_128,146208100,256
1565036760,mqll_4_1024_128,178561157,256
1707386940,mqll_4_1024_128,164961759,256
1572535600,mqll_4_1024_256,115296210,256
1764413580,mqll_4_1024_256,134665944,256
1585465360,mqll_4_1024_256,126464118,256
1753295960,mqll_4_1024_256,156190230,256
1681771500,mqll_4_1024_256,140604976,256
1870667500,mqll_4_1024_512,169315612,256
1964020080,mqll_4_1024_512,159555559,256
2004860860,mqll_4_1024_512,183154576,256
2144751640,mqll_4_1024_512,165506036,256
1983549900,mqll_4_1024_512,180599238,256
2086589220,mqll_4_1024_1024,251385875,256
2174303160,mqll_4_1024_1024,238135319,256
2486475300,mqll_4_1024_1024,224166677,256
2270974520,mqll_4_1024_1024,227080476,256
2582977520,mqll_4_1024_1024,238476471,256
