122410500,mqll_4_1_1,6483780,256
154168440,mqll_4_1_1,6496435,256
125195120,mqll_4_1_1,6495490,256
119300660,mqll_4_1_1,6474794,256
124385680,mqll_4_1_1,6486173,256
111626480,mqll_4_1_2,6647771,256
108599260,mqll_4_1_2,6643245,256
105892320,mqll_4_1_2,6656504,256
109552040,mqll_4_1_2,6650026,256
107881620,mqll_4_1_2,6632152,256
101316540,mqll_4_1_4,6909874,256
110047740,mqll_4_1_4,6923948,256
96902480,mqll_4_1_4,6900791,256
97998480,mqll_4_1_4,6891772,256
108006280,mqll_4_1_4,6890885,256
104070580,mqll_4_1_8,7266218,256
99450040,mqll_4_1_8,7254993,256
107767960,mqll_4_1_8,7267053,256
102833580,mqll_4_1_8,7260265,256
102604840,mqll_4_1_8,7246915,256
102825000,mqll_4_1_16,7453919,256
99872540,mqll_4_1_16,7469536,256
105874900,mqll_4_1_16,7512101,256
115432520,mqll_4_1_16,7535468,256
105808500,mqll_4_1_16,7497080,256
141386960,mqll_4_1_32,7524518,256
103979680,mqll_4_1_32,7509302,256
103472180,mqll_4_1_32,7529788,256
100497940,mqll_4_1_32,7527341,256
102369800,mqll_4_1_32,7524175,256
103968840,mqll_4_1_64,7520185,256
102195560,mqll_4_1_64,7516397,256
103842580,mqll_4_1_64,7509047,256
109665200,mqll_4_1_64,7472944,256
106139700,mqll_4_1_64,7525355,256
107579020,mqll_4_1_128,7550876,256
108828880,mqll_4_1_128,7529598,256
107082340,mqll_4_1_128,7478169,256
104483460,mqll_4_1_128,7560275,256
106033400,mqll_4_1_128,7525414,256
101911040,mqll_4_1_256,7504946,256
103729940,mqll_4_1_256,7531576,256
115568060,mqll_4_1_256,7521437,256
104034120,mqll_4_1_256,7546676,256
108699240,mqll_4_1_256,7519583,256
107997100,mqll_4_1_512,7527600,256
101056480,mqll_4_1_512,7507457,256
111887300,mqll_4_1_512,7571245,256
100476380,mqll_4_1_512,7489621,256
104163180,mqll_4_1_512,7547771,256
113773640,mqll_4_1_1024,7553825,256
103064980,mqll_4_1_1024,7539240,256
105294440,mqll_4_1_1024,7521675,256
102986720,mqll_4_1_1024,7516846,256
102339200,mqll_4_1_1024,7496879,256
134460140,mqll_4_2_1,6501886,256
134914880,mqll_4_2_1,6527483,256
125318680,mqll_4_2_1,6516556,256
135684640,mqll_4_2_1,6511760,256
132298020,mqll_4_2_1,6517820,256
95251240,mqll_4_2_2,6688466,256
96256840,mqll_4_2_2,6721423,256
106514980,mqll_4_2_2,6718993,256
97871420,mqll_4_2_2,6682163,256
94816300,mqll_4_2_2,6706199,256
88615400,mqll_4_2_4,6917526,256
95549260,mqll_4_2_4,6945445,256
90102360,mqll_4_2_4,6899698,256
91402080,mqll_4_2_4,6917892,256
87076840,mqll_4_2_4,6922392,256
95624500,mqll_4_2_8,7266208,256
88947620,mqll_4_2_8,7214558,256
90903140,mqll_4_2_8,7181431,256
89317320,mqll_4_2_8,7227286,256
89981640,mqll_4_2_8,7152208,256
88839500,mqll_4_2_16,7398652,256
106699800,mqll_4_2_16,7457949,256
89440460,mqll_4_2_16,7265947,256
91104400,mqll_4_2_16,7378271,256
94481840,mqll_4_2_16,7410950,256
94417820,mqll_4_2_32,7366210,256
89375660,mqll_4_2_32,7418585,256
92120460,mqll_4_2_32,7390548,256
91318780,mqll_4_2_32,7351429,256
93458760,mqll_4_2_32,7329923,256
92878200,mqll_4_2_64,7361524,256
87788240,mqll_4_2_64,7310924,256
90084440,mqll_4_2_64,7320538,256
95196420,mqll_4_2_64,7404464,256
90648260,mqll_4_2_64,7349309,256
91458620,mqll_4_2_128,7426190,256
90158660,mqll_4_2_128,7352819,256
87893820,mqll_4_2_128,7304574,256
95609840,mqll_4_2_128,7360311,256
95112060,mqll_4_2_128,7356622,256
88419740,mqll_4_2_256,7322721,256
91060540,mqll_4_2_256,7344758,256
90393080,mqll_4_2_256,7342712,256
88541280,mqll_4_2_256,7348900,256
88047940,mqll_4_2_256,7340658,256
91554760,mqll_4_2_512,7413762,256
91454600,mqll_4_2_512,7366757,256
88487000,mqll_4_2_512,7398426,256
91965560,mqll_4_2_512,7348210,256
101341560,mqll_4_2_512,7459529,256
90727380,mqll_4_2_1024,7371902,256
90703820,mqll_4_2_1024,7380976,256
94306220,mqll_4_2_1024,7396694,256
92715980,mqll_4_2_1024,7423661,256
91939920,mqll_4_2_1024,7427013,256
134406120,mqll_4_4_1,6522720,256
130981240,mqll_4_4_1,6516588,256
130742560,mqll_4_4_1,6523246,256
141143760,mqll_4_4_1,6556750,256
154534760,mqll_4_4_1,6573048,256
100535080,mqll_4_4_2,6685619,256
109390720,mqll_4_4_2,6722849,256
106046280,mqll_4_4_2,6660035,256
97598720,mqll_4_4_2,6667264,256
105781240,mqll_4_4_2,6739513,256
81009640,mqll_4_4_4,6968656,256
82704440,mqll_4_4_4,7098033,256
85705320,mqll_4_4_4,7066905,256
89399180,mqll_4_4_4,7121784,256
85641340,mqll_4_4_4,7100875,256
86805440,mqll_4_4_8,7353581,256
79024920,mqll_4_4_8,7190211,256
105681640,mqll_4_4_8,7292862,256
82441080,mqll_4_4_8,7265339,256
84622760,mqll_4_4_8,7360359,256
80944880,mqll_4_4_16,7352925,256
81649620,mqll_4_4_16,7318445,256
79729760,mqll_4_4_16,7279074,256
84762620,mqll_4_4_16,7398945,256
82443280,mqll_4_4_16,7379051,256
84860580,mqll_4_4_32,7444467,256
89214840,mqll_4_4_32,7444536,256
80470680,mqll_4_4_32,7341238,256
79850880,mqll_4_4_32,7341460,256
87125700,mqll_4_4_32,7507749,256
78863320,mqll_4_4_64,7347778,256
78121420,mqll_4_4_64,7347189,256
81841040,mqll_4_4_64,7426141,256
80972300,mqll_4_4_64,7419955,256
109767820,mqll_4_4_64,7299742,256
86005280,mqll_4_4_128,7422282,256
79669180,mqll_4_4_128,7303585,256
84070520,mqll_4_4_128,7476975,256
78809340,mqll_4_4_128,7331429,256
80602920,mqll_4_4_128,7319046,256
79561440,mqll_4_4_256,7331427,256
80707440,mqll_4_4_256,7351916,256
81896420,mqll_4_4_256,7301876,256
81920800,mqll_4_4_256,7439760,256
79739540,mqll_4_4_256,7343830,256
79253560,mqll_4_4_512,7368466,256
82734360,mqll_4_4_512,7325548,256
79924780,mqll_4_4_512,7343905,256
79380340,mqll_4_4_512,7258017,256
85392580,mqll_4_4_512,7406452,256
83035720,mqll_4_4_1024,7469496,256
83744980,mqll_4_4_1024,7440639,256
79663580,mqll_4_4_1024,7344990,256
81949640,mqll_4_4_1024,7452765,256
81178380,mqll_4_4_1024,7485083,256
145050440,mqll_4_8_1,6554803,256
178982300,mqll_4_8_1,6567450,256
155173420,mqll_4_8_1,6636708,256
140597600,mqll_4_8_1,6571023,256
151001040,mqll_4_8_1,6655918,256
106258260,mqll_4_8_2,6701178,256
107838600,mqll_4_8_2,6714751,256
107860420,mqll_4_8_2,6667559,256
106327080,mqll_4_8_2,6680420,256
105576320,mqll_4_8_2,6657451,256
80417900,mqll_4_8_4,6938837,256
82487600,mqll_4_8_4,6999848,256
90934680,mqll_4_8_4,7124325,256
93652680,mqll_4_8_4,7089024,256
82100360,mqll_4_8_4,7091783,256
81560560,mqll_4_8_8,8159494,256
79143640,mqll_4_8_8,8097602,256
79890340,mqll_4_8_8,8026773,256
90990720,mqll_4_8_8,8431848,256
85672920,mqll_4_8_8,8226060,256
82336480,mqll_4_8_16,8504941,256
81787480,mqll_4_8_16,8382209,256
94516820,mqll_4_8_16,8701743,256
79961320,mqll_4_8_16,8721364,256
83330240,mqll_4_8_16,8405316,256
79800400,mqll_4_8_32,8433454,256
79434460,mqll_4_8_32,8581943,256
80194440,mqll_4_8_32,8614782,256
86681840,mqll_4_8_32,8830088,256
81664480,mqll_4_8_32,8667666,256
84897060,mqll_4_8_64,8680263,256
83826400,mqll_4_8_64,8617440,256
87948760,mqll_4_8_64,8789575,256
82418720,mqll_4_8_64,8567614,256
80766640,mqll_4_8_64,8547768,256
79361560,mqll_4_8_128,8447736,256
83777060,mqll_4_8_128,8579092,256
85406760,mqll_4_8_128,8477084,256
83083020,mqll_4_8_128,8474603,256
84953560,mqll_4_8_128,8650969,256
85866820,mqll_4_8_256,8653709,256
84412280,mqll_4_8_256,8857861,256
81705460,mqll_4_8_256,8331514,256
88508380,mqll_4_8_256,8759735,256
83252000,mqll_4_8_256,8580019,256
91263720,mqll_4_8_512,8523464,256
86304720,mqll_4_8_512,8751813,256
82631020,mqll_4_8_512,8642390,256
81706840,mqll_4_8_512,8404859,256
82118320,mqll_4_8_512,8494138,256
82261660,mqll_4_8_1024,8630031,256
84254120,mqll_4_8_1024,8847218,256
81017400,mqll_4_8_1024,8572704,256
81267840,mqll_4_8_1024,8474617,256
83320640,mqll_4_8_1024,8558179,256
156957100,mqll_4_16_1,7197508,256
207991740,mqll_4_16_1,7432994,256
176069860,mqll_4_16_1,7363803,256
184068120,mqll_4_16_1,7069593,256
159493180,mqll_4_16_1,7302933,256
110410580,mqll_4_16_2,7024406,256
143357040,mqll_4_16_2,7458557,256
113541700,mqll_4_16_2,7149473,256
105688060,mqll_4_16_2,7008065,256
112125000,mqll_4_16_2,7015406,256
83713440,mqll_4_16_4,7287517,256
85272100,mqll_4_16_4,7234229,256
85698000,mqll_4_16_4,7318439,256
90246440,mqll_4_16_4,7339580,256
87587300,mqll_4_16_4,7403214,256
76073500,mqll_4_16_8,8378006,256
74824220,mqll_4_16_8,8339899,256
76793680,mqll_4_16_8,8369196,256
80186060,mqll_4_16_8,8382471,256
81480580,mqll_4_16_8,8443218,256
106960160,mqll_4_16_16,13065759,256
109675900,mqll_4_16_16,13185166,256
101478440,mqll_4_16_16,12843801,256
104047980,mqll_4_16_16,12463023,256
101828460,mqll_4_16_16,12656625,256
103338120,mqll_4_16_32,13695655,256
108090920,mqll_4_16_32,13787521,256
112831540,mqll_4_16_32,14027200,256
112309800,mqll_4_16_32,14209203,256
105573360,mqll_4_16_32,13589272,256
105009560,mqll_4_16_64,13587546,256
107063460,mqll_4_16_64,13781372,256
106561380,mqll_4_16_64,13749359,256
103314000,mqll_4_16_64,13600650,256
105323580,mqll_4_16_64,13711525,256
107936980,mqll_4_16_128,13962587,256
107172920,mqll_4_16_128,13902464,256
106307220,mqll_4_16_128,13570259,256
103451900,mqll_4_16_128,13661176,256
109579880,mqll_4_16_128,14175867,256
109768320,mqll_4_16_256,14116343,256
102869380,mqll_4_16_256,13286386,256
110220400,mqll_4_16_256,14472313,256
103867300,mqll_4_16_256,13554209,256
106315800,mqll_4_16_256,13678036,256
106480520,mqll_4_16_512,13763503,256
103596800,mqll_4_16_512,13094374,256
105329520,mqll_4_16_512,13487825,256
109721280,mqll_4_16_512,13642346,256
106459080,mqll_4_16_512,13555489,256
110632240,mqll_4_16_1024,14244851,256
109736100,mqll_4_16_1024,14075633,256
116121440,mqll_4_16_1024,14400678,256
113174760,mqll_4_16_1024,14100645,256
110982580,mqll_4_16_1024,13964047,256
225720280,mqll_4_32_1,9299017,256
177292860,mqll_4_32_1,8893353,256
160606460,mqll_4_32_1,8876196,256
211390520,mqll_4_32_1,9396758,256
266051020,mqll_4_32_1,9348083,256
123650900,mqll_4_32_2,8760919,256
131698120,mqll_4_32_2,8933985,256
140485880,mqll_4_32_2,9192359,256
163551100,mqll_4_32_2,9581293,256
139589400,mqll_4_32_2,9117360,256
100773760,mqll_4_32_4,8996002,256
100959480,mqll_4_32_4,9027067,256
109361280,mqll_4_32_4,9308204,256
108666240,mqll_4_32_4,9180847,256
95857520,mqll_4_32_4,9194025,256
82836680,mqll_4_32_8,9851780,256
83145720,mqll_4_32_8,9743436,256
81359180,mqll_4_32_8,9825661,256
89451340,mqll_4_32_8,9892750,256
84815300,mqll_4_32_8,9890991,256
92992100,mqll_4_32_16,12630423,256
95447640,mqll_4_32_16,12365810,256
89676880,mqll_4_32_16,12484133,256
97586180,mqll_4_32_16,12833324,256
91199360,mqll_4_32_16,12574926,256
153928680,mqll_4_32_32,22540095,256
152965540,mqll_4_32_32,23024489,256
153366440,mqll_4_32_32,23138659,256
155645140,mqll_4_32_32,23256979,256
149804280,mqll_4_32_32,22795079,256
160307520,mqll_4_32_64,24054899,256
161342160,mqll_4_32_64,24283843,256
157544980,mqll_4_32_64,23590225,256
168340320,mqll_4_32_64,24623692,256
159361520,mqll_4_32_64,24359927,256
167498800,mqll_4_32_128,25021468,256
171652320,mqll_4_32_128,25155561,256
169201640,mqll_4_32_128,23550711,256
202669960,mqll_4_32_128,24265747,256
152852380,mqll_4_32_128,23500844,256
230941900,mqll_4_32_256,24099775,256
210663940,mqll_4_32_256,25187157,256
152281920,mqll_4_32_256,22567491,256
158492540,mqll_4_32_256,23834466,256
188771980,mqll_4_32_256,24341222,256
162649320,mqll_4_32_512,23534384,256
206810600,mqll_4_32_512,25337429,256
167754720,mqll_4_32_512,24710601,256
172514320,mqll_4_32_512,23402087,256
173826460,mqll_4_32_512,24129949,256
177668860,mqll_4_32_1024,23800709,256
156561300,mqll_4_32_1024,23697664,256
159691300,mqll_4_32_1024,24239920,256
156199300,mqll_4_32_1024,23950066,256
192036580,mqll_4_32_1024,23084844,256
282677820,mqll_4_64_1,13434631,256
253470040,mqll_4_64_1,13308554,256
263085240,mqll_4_64_1,13177946,256
252967120,mqll_4_64_1,12990570,256
231312020,mqll_4_64_1,13116939,256
229988800,mqll_4_64_2,13882088,256
215695180,mqll_4_64_2,13193562,256
214571060,mqll_4_64_2,13717473,256
225937560,mqll_4_64_2,13436080,256
249249700,mqll_4_64_2,13574254,256
149765800,mqll_4_64_4,13210793,256
152625440,mqll_4_64_4,13350800,256
151294680,mqll_4_64_4,13295414,256
174335420,mqll_4_64_4,13574764,256
217439460,mqll_4_64_4,13697262,256
112042380,mqll_4_64_8,13707327,256
115450280,mqll_4_64_8,13882601,256
115094500,mqll_4_64_8,13808574,256
111553740,mqll_4_64_8,13895946,256
124724780,mqll_4_64_8,13896234,256
109710000,mqll_4_64_16,15829433,256
110835940,mqll_4_64_16,15542345,256
111960320,mqll_4_64_16,15373178,256
112755020,mqll_4_64_16,15691413,256
103833000,mqll_4_64_16,15518490,256
138500460,mqll_4_64_32,21073221,256
129463220,mqll_4_64_32,20398377,256
127954120,mqll_4_64_32,20713274,256
122881660,mqll_4_64_32,20680820,256
123080060,mqll_4_64_32,20623847,256
245335880,mqll_4_64_64,42231127,256
230205160,mqll_4_64_64,40540136,256
232970040,mqll_4_64_64,40259159,256
231843140,mqll_4_64_64,38894649,256
217379020,mqll_4_64_64,37850036,256
247061180,mqll_4_64_128,42307779,256
235641920,mqll_4_64_128,39375685,256
262194560,mqll_4_64_128,45230496,256
260808880,mqll_4_64_128,44172714,256
260519220,mqll_4_64_128,44896626,256
261319080,mqll_4_64_256,45557543,256
269314460,mqll_4_64_256,42363004,256
250673060,mqll_4_64_256,41268014,256
249802700,mqll_4_64_256,43051454,256
259994640,mqll_4_64_256,45837876,256
245843060,mqll_4_64_512,41741384,256
245711220,mqll_4_64_512,42466545,256
264308500,mqll_4_64_512,45961421,256
279387160,mqll_4_64_512,45196298,256
268633080,mqll_4_64_512,41829372,256
228026960,mqll_4_64_1024,40217416,256
243492940,mqll_4_64_1024,41410583,256
256018260,mqll_4_64_1024,42999866,256
252819180,mqll_4_64_1024,42989282,256
237437580,mqll_4_64_1024,39998984,256
474463360,mqll_4_128_1,21683504,256
532074780,mqll_4_128_1,20975630,256
551744240,mqll_4_128_1,21511971,256
471507180,mqll_4_128_1,20667020,256
526050160,mqll_4_128_1,21901182,256
338467460,mqll_4_128_2,20616401,256
343468420,mqll_4_128_2,21193331,256
396702380,mqll_4_128_2,20722413,256
346947760,mqll_4_128_2,20398445,256
368229700,mqll_4_128_2,20990907,256
245706200,mqll_4_128_4,20798548,256
257213520,mqll_4_128_4,20272158,256
246642560,mqll_4_128_4,20821252,256
246215660,mqll_4_128_4,21142333,256
229322940,mqll_4_128_4,20986424,256
179632920,mqll_4_128_8,20641565,256
201030920,mqll_4_128_8,20828519,256
187087200,mqll_4_128_8,21161179,256
187534440,mqll_4_128_8,21222519,256
181641860,mqll_4_128_8,20496315,256
156300440,mqll_4_128_16,22726658,256
183476860,mqll_4_128_16,22096418,256
203068240,mqll_4_128_16,22741777,256
182597840,mqll_4_128_16,21742432,256
160761620,mqll_4_128_16,22530670,256
218912840,mqll_4_128_32,25287122,256
161135400,mqll_4_128_32,24513851,256
154856240,mqll_4_128_32,24100713,256
164966620,mqll_4_128_32,26078617,256
152935480,mqll_4_128_32,24286151,256
272160940,mqll_4_128_64,32910817,256
232667020,mqll_4_128_64,34037605,256
197370840,mqll_4_128_64,33284979,256
225291060,mqll_4_128_64,32967467,256
202276700,mqll_4_128_64,33067804,256
403072120,mqll_4_128_128,71579220,256
423573460,mqll_4_128_128,70104490,256
323948700,mqll_4_128_128,58789163,256
333993440,mqll_4_128_128,61560740,256
322074660,mqll_4_128_128,59679152,256
345707760,mqll_4_128_256,63019671,256
349707640,mqll_4_128_256,65456903,256
370344160,mqll_4_128_256,65807083,256
338175800,mqll_4_128_256,63800041,256
388602360,mqll_4_128_256,70621059,256
359275180,mqll_4_128_512,65626845,256
350929440,mqll_4_128_512,64718004,256
346074400,mqll_4_128_512,63907906,256
397263120,mqll_4_128_512,73062216,256
323647440,mqll_4_128_512,61473288,256
321951660,mqll_4_128_1024,57584433,256
352891760,mqll_4_128_1024,67460050,256
342010120,mqll_4_128_1024,63727190,256
296728220,mqll_4_128_1024,56424565,256
293106100,mqll_4_128_1024,54093007,256
1102035360,mqll_4_256_1,30575545,256
959282360,mqll_4_256_1,32834586,256
1108660740,mqll_4_256_1,31736200,256
1054061340,mqll_4_256_1,34131805,256
962855600,mqll_4_256_1,32212368,256
732995300,mqll_4_256_2,32696173,256
721359040,mqll_4_256_2,31923396,256
792481440,mqll_4_256_2,31892357,256
687519240,mqll_4_256_2,32323231,256
763660680,mqll_4_256_2,33007478,256
490557100,mqll_4_256_4,31640119,256
439939420,mqll_4_256_4,30510017,256
639030140,mqll_4_256_4,31235598,256
487131340,mqll_4_256_4,32345524,256
594309340,mqll_4_256_4,30279325,256
356720480,mqll_4_256_8,31858119,256
358151020,mqll_4_256_8,30099329,256
380361740,mqll_4_256_8,30742120,256
343971500,mqll_4_256_8,30798245,256
319166700,mqll_4_256_8,30682199,256
305616120,mqll_4_256_16,30010942,256
264176180,mqll_4_256_16,28586574,256
294863880,mqll_4_256_16,27676302,256
278657260,mqll_4_256_16,31600527,256
305486080,mqll_4_256_16,31498656,256
248880480,mqll_4_256_32,31780435,256
262006780,mqll_4_256_32,32125916,256
239340640,mqll_4_256_32,33463191,256
299650840,mqll_4_256_32,31330959,256
261888600,mqll_4_256_32,30043582,256
253456460,mqll_4_256_64,33004309,256
242294340,mqll_4_256_64,30911307,256
231305720,mqll_4_256_64,28971014,256
250471400,mqll_4_256_64,32239713,256
256213200,mqll_4_256_64,33732440,256
315553660,mqll_4_256_128,42450711,256
271780320,mqll_4_256_128,40084045,256
276871020,mqll_4_256_128,35476141,256
283213080,mqll_4_256_128,34467848,256
280881460,mqll_4_256_128,37479339,256
378523040,mqll_4_256_256,61962575,256
372133120,mqll_4_256_256,59649430,256
288931840,mqll_4_256_256,51474930,256
391254460,mqll_4_256_256,61918346,256
346566780,mqll_4_256_256,56085880,256
342407520,mqll_4_256_512,62366975,256
347242900,mqll_4_256_512,62603620,256
345479820,mqll_4_256_512,48955305,256
319109480,mqll_4_256_512,54042224,256
427859140,mqll_4_256_512,58712329,256
304677020,mqll_4_256_1024,58570469,256
369921140,mqll_4_256_1024,57843815,256
330218000,mqll_4_256_1024,59077573,256
387413220,mqll_4_256_1024,56914173,256
358028160,mqll_4_256_1024,64597688,256
3607010300,mqll_4_512_1,43835461,256
2113592800,mqll_4_512_1,41840827,256
2627191640,mqll_4_512_1,48652658,256
2688700600,mqll_4_512_1,47323479,256
1997225480,mqll_4_512_1,53929425,256
1676272240,mqll_4_512_2,45223973,256
1804134180,mqll_4_512_2,40978655,256
1919383740,mqll_4_512_2,44075315,256
2037501160,mqll_4_512_2,40510945,256
2246270720,mqll_4_512_2,42429400,256
1560095000,mqll_4_512_4,48011348,256
1068481560,mqll_4_512_4,43376261,256
1108554280,mqll_4_512_4,41723786,256
1040792280,mqll_4_512_4,41226129,256
1270151900,mqll_4_512_4,45941450,256
851540960,mqll_4_512_8,39830358,256
716553340,mqll_4_512_8,37862319,256
1059141560,mqll_4_512_8,38290429,256
1155037460,mqll_4_512_8,42330116,256
830763100,mqll_4_512_8,38624968,256
573955340,mqll_4_512_16,40178573,256
536902000,mqll_4_512_16,35766798,256
598244620,mqll_4_512_16,35203233,256
676680280,mqll_4_512_16,35567358,256
562828360,mqll_4_512_16,42595057,256
450290880,mqll_4_512_32,36180855,256
656443460,mqll_4_512_32,38145572,256
410135200,mqll_4_512_32,36214316,256
436239980,mqll_4_512_32,34696629,256
500823980,mqll_4_512_32,35118559,256
422211400,mqll_4_512_64,26173721,256
477561580,mqll_4_512_64,30396735,256
417523100,mqll_4_512_64,29433361,256
439120240,mqll_4_512_64,28581831,256
381351720,mqll_4_512_64,32304082,256
464660800,mqll_4_512_128,28770583,256
516112660,mqll_4_512_128,38591347,256
433447900,mqll_4_512_128,25912573,256
441389440,mqll_4_512_128,26412103,256
397581420,mqll_4_512_128,22759520,256
539400220,mqll_4_512_256,35391055,256
507872460,mqll_4_512_256,35361768,256
482910560,mqll_4_512_256,36362296,256
543577080,mqll_4_512_256,35496640,256
538463860,mqll_4_512_256,29293270,256
630875320,mqll_4_512_512,41486957,256
556208280,mqll_4_512_512,47082865,256
546440660,mqll_4_512_512,45920242,256
636729880,mqll_4_512_512,40970769,256
504269480,mqll_4_512_512,45888644,256
506388000,mqll_4_512_1024,46059212,256
682277600,mqll_4_512_1024,41450542,256
497153400,mqll_4_512_1024,36352113,256
472490380,mqll_4_512_1024,36712160,256
646448380,mqll_4_512_1024,40027900,256
10280906980,mqll_4_1024_1,46635251,256
9933831420,mqll_4_1024_1,42014520,256
8374776020,mqll_4_1024_1,42587595,256
9654224660,mqll_4_1024_1,43275604,256
8289546960,mqll_4_1024_1,49790429,256
5518554340,mqll_4_1024_2,41999036,256
6309088400,mqll_4_1024_2,46023208,256
6167055080,mqll_4_1024_2,35734361,256
4904802340,mqll_4_1024_2,37548554,256
5417372940,mqll_4_1024_2,42079641,256
3875089700,mqll_4_1024_4,34305460,256
4036676920,mqll_4_1024_4,36856541,256
5551412780,mqll_4_1024_4,38944663,256
3910202960,mqll_4_1024_4,42117757,256
3877631240,mqll_4_1024_4,38827952,256
2532499900,mqll_4_1024_8,41189305,256
2830938780,mqll_4_1024_8,35029362,256
2633303960,mqll_4_1024_8,35966085,256
2528851500,mqll_4_1024_8,42605188,256
2709450280,mqll_4_1024_8,36203559,256
1896906740,mqll_4_1024_16,29788902,256
1677366980,mqll_4_1024_16,33665820,256
1711566820,mqll_4_1024_16,34015745,256
1653927660,mqll_4_1024_16,29296306,256
1784071340,mqll_4_1024_16,39026622,256
1025263780,mqll_4_1024_32,27098692,256
1183825760,mqll_4_1024_32,33865676,256
1202447920,mqll_4_1024_32,30865672,256
1276115020,mqll_4_1024_32,33100810,256
1166177520,mqll_4_1024_32,26070073,256
837582920,mqll_4_1024_64,27583279,256
934760200,mqll_4_1024_64,26816164,256
800500780,mqll_4_1024_64,24898967,256
899674600,mqll_4_1024_64,29085214,256
880830880,mqll_4_1024_64,27625243,256
921330260,mqll_4_1024_128,20757008,256
797328180,mqll_4_1024_128,25362069,256
734501080,mqll_4_1024_128,18145795,256
862194840,mqll_4_1024_128,24809310,256
813564160,mqll_4_1024_128,26750845,256
823478780,mqll_4_1024_256,22324171,256
914025420,mqll_4_1024_256,24206495,256
878407600,mqll_4_1024_256,21221075,256
858461240,mqll_4_1024_256,23316252,256
877454980,mqll_4_1024_256,20221737,256
991574820,mqll_4_1024_512,26826387,256
872058160,mqll_4_1024_512,20627113,256
980777800,mqll_4_1024_512,26929229,256
965225400,mqll_4_1024_512,25157669,256
948610680,mqll_4_1024_512,27101150,256
894589720,mqll_4_1024_1024,31537535,256
1144928240,mqll_4_1024_1024,34445085,256
952572920,mqll_4_1024_1024,34483364,256
974109420,mqll_4_1024_1024,31420080,256
1091689300,mqll_4_1024_1024,33579738,256
