1776724760,mqll_4_1_1,12583812,256,0
1909127600,mqll_4_1_1,12581614,256,0
2162935300,mqll_4_1_1,12599394,256,0
1911065540,mqll_4_1_1,12589326,256,0
2103742740,mqll_4_1_1,12607371,256,0
1838278440,mqll_4_1_2,12594552,256,0
2038575300,mqll_4_1_2,12594885,256,0
1805783680,mqll_4_1_2,12605101,256,0
1960987720,mqll_4_1_2,12592935,256,0
1889223780,mqll_4_1_2,12600313,256,0
1929428600,mqll_4_1_4,12595533,256,0
1824471320,mqll_4_1_4,12603820,256,0
1891266140,mqll_4_1_4,12594885,256,0
1804307560,mqll_4_1_4,12605634,256,0
1912038100,mqll_4_1_4,12606823,256,0
1829237540,mqll_4_1_8,12599464,256,0
1940101620,mqll_4_1_8,12601922,256,0
1810060860,mqll_4_1_8,12606908,256,0
1919188640,mqll_4_1_8,12596877,256,0
1811784440,mqll_4_1_8,12607663,256,0
1879864860,mqll_4_1_16,12611359,256,0
1818135880,mqll_4_1_16,12615202,256,0
1888754160,mqll_4_1_16,12602362,256,0
1788518220,mqll_4_1_16,12615636,256,0
1824445720,mqll_4_1_16,12613387,256,0
1769918680,mqll_4_1_32,12617016,256,0
1845248100,mqll_4_1_32,12619699,256,0
1743877300,mqll_4_1_32,12621876,256,0
1815433980,mqll_4_1_32,12624284,256,0
1772357580,mqll_4_1_32,12622626,256,0
1810618740,mqll_4_1_64,12625800,256,0
1799346640,mqll_4_1_64,12627176,256,0
1803580060,mqll_4_1_64,12628129,256,0
1758195380,mqll_4_1_64,12629535,256,0
1806144300,mqll_4_1_64,12630335,256,0
1765088700,mqll_4_1_128,12633990,256,0
1820646260,mqll_4_1_128,12632772,256,0
1772950040,mqll_4_1_128,12635665,256,0
1809512340,mqll_4_1_128,12631419,256,0
1771091680,mqll_4_1_128,12639827,256,0
1801496840,mqll_4_1_256,12635225,256,0
1793553580,mqll_4_1_256,12630086,256,0
1781662740,mqll_4_1_256,12634695,256,0
1796729260,mqll_4_1_256,12627311,256,0
1773576740,mqll_4_1_256,12627357,256,0
1826674000,mqll_4_1_512,12633524,256,0
1816529620,mqll_4_1_512,12634030,256,0
1803723060,mqll_4_1_512,12633666,256,0
1803277280,mqll_4_1_512,12639378,256,0
1822990440,mqll_4_1_512,12638151,256,0
1996528560,mqll_4_1_1024,12637166,256,0
1937874880,mqll_4_1_1024,12637211,256,0
1913843960,mqll_4_1_1024,12648206,256,0
1946694560,mqll_4_1_1024,12638815,256,0
1916788180,mqll_4_1_1024,12633687,256,0
1938750660,mqll_4_2_1,12609081,256,0
1893129400,mqll_4_2_1,12623850,256,0
1907051500,mqll_4_2_1,12620860,256,0
1876295680,mqll_4_2_1,12619854,256,0
1860782300,mqll_4_2_1,12612173,256,0
1807722880,mqll_4_2_2,12603004,256,0
1824371880,mqll_4_2_2,12610664,256,0
1872763120,mqll_4_2_2,12606452,256,0
1827145860,mqll_4_2_2,12608793,256,0
1893153580,mqll_4_2_2,12605538,256,0
1788310920,mqll_4_2_4,12608352,256,0
1842410360,mqll_4_2_4,12604787,256,0
1764548420,mqll_4_2_4,12605454,256,0
2036858600,mqll_4_2_4,12601727,256,0
1760856080,mqll_4_2_4,12599797,256,0
1793314220,mqll_4_2_8,12598335,256,0
1760388780,mqll_4_2_8,12601011,256,0
1783679080,mqll_4_2_8,12596773,256,0
1732713100,mqll_4_2_8,12601073,256,0
1784630540,mqll_4_2_8,12597851,256,0
1728053740,mqll_4_2_16,12605279,256,0
1770966980,mqll_4_2_16,12599370,256,0
1755856960,mqll_4_2_16,12601272,256,0
1758788600,mqll_4_2_16,12597572,256,0
1754777220,mqll_4_2_16,12598988,256,0
1741873560,mqll_4_2_32,12618410,256,0
1779985780,mqll_4_2_32,12613772,256,0
1753857580,mqll_4_2_32,12616865,256,0
1741176220,mqll_4_2_32,12618427,256,0
1745777160,mqll_4_2_32,12612810,256,0
1808086800,mqll_4_2_64,12621782,256,0
1727111660,mqll_4_2_64,12622559,256,0
1775989220,mqll_4_2_64,12619021,256,0
1754879300,mqll_4_2_64,12623940,256,0
1781806240,mqll_4_2_64,12619806,256,0
1748012740,mqll_4_2_128,12622929,256,0
1959683960,mqll_4_2_128,12628375,256,0
1739881840,mqll_4_2_128,12622815,256,0
1764170880,mqll_4_2_128,12628381,256,0
1729844120,mqll_4_2_128,12626293,256,0
1763785020,mqll_4_2_256,12620489,256,0
1741658840,mqll_4_2_256,12621515,256,0
1776518060,mqll_4_2_256,12627187,256,0
1723848400,mqll_4_2_256,12626297,256,0
1781442360,mqll_4_2_256,12628261,256,0
1836954460,mqll_4_2_512,12624815,256,0
1818971480,mqll_4_2_512,12625978,256,0
1774982180,mqll_4_2_512,12621758,256,0
1813483580,mqll_4_2_512,12620681,256,0
1797474840,mqll_4_2_512,12624066,256,0
1923547760,mqll_4_2_1024,12623180,256,0
1873305680,mqll_4_2_1024,12624487,256,0
1977824440,mqll_4_2_1024,12626478,256,0
2006555440,mqll_4_2_1024,12628440,256,0
1915055860,mqll_4_2_1024,12626627,256,0
1902324900,mqll_4_4_1,12629192,256,0
1903106360,mqll_4_4_1,12623134,256,0
1914443060,mqll_4_4_1,12632358,256,0
1877837100,mqll_4_4_1,12637742,256,0
1982200340,mqll_4_4_1,12636504,256,0
1845322580,mqll_4_4_2,12614730,256,0
1846695820,mqll_4_4_2,12622716,256,0
1796183140,mqll_4_4_2,12621776,256,0
1863602400,mqll_4_4_2,12619516,256,0
1846564660,mqll_4_4_2,12616807,256,0
1779985560,mqll_4_4_4,12610536,256,0
1759275420,mqll_4_4_4,12606475,256,0
1767951620,mqll_4_4_4,12608393,256,0
1796599420,mqll_4_4_4,12614582,256,0
1776555080,mqll_4_4_4,12608264,256,0
1748325600,mqll_4_4_8,12599640,256,0
1754516500,mqll_4_4_8,12600265,256,0
1727315680,mqll_4_4_8,12601683,256,0
1746738600,mqll_4_4_8,12598407,256,0
1734995040,mqll_4_4_8,12598107,256,0
1781419060,mqll_4_4_16,12598324,256,0
1866253860,mqll_4_4_16,12600610,256,0
1773739980,mqll_4_4_16,12602652,256,0
1829201360,mqll_4_4_16,12595628,256,0
1760494440,mqll_4_4_16,12597830,256,0
1837403500,mqll_4_4_32,12609158,256,0
1769712320,mqll_4_4_32,12614230,256,0
1976171280,mqll_4_4_32,12615441,256,0
1755363220,mqll_4_4_32,12605879,256,0
1769495340,mqll_4_4_32,12608925,256,0
1769517540,mqll_4_4_64,12627665,256,0
1767532200,mqll_4_4_64,12620296,256,0
1756989080,mqll_4_4_64,12615017,256,0
1761066140,mqll_4_4_64,12616753,256,0
1756741780,mqll_4_4_64,12617550,256,0
1761606160,mqll_4_4_128,12616981,256,0
1772201480,mqll_4_4_128,12621822,256,0
1751715920,mqll_4_4_128,12624205,256,0
1767363520,mqll_4_4_128,12622322,256,0
1766426360,mqll_4_4_128,12630526,256,0
1782301240,mqll_4_4_256,12622955,256,0
1779092980,mqll_4_4_256,12622293,256,0
1800925120,mqll_4_4_256,12621748,256,0
1741385160,mqll_4_4_256,12625250,256,0
1797821240,mqll_4_4_256,12618929,256,0
1813055220,mqll_4_4_512,12620938,256,0
1878253800,mqll_4_4_512,12622071,256,0
1819708520,mqll_4_4_512,12624445,256,0
1815036340,mqll_4_4_512,12622292,256,0
1775921320,mqll_4_4_512,12620107,256,0
2508774780,mqll_4_4_1024,12639729,256,0
1915795600,mqll_4_4_1024,12623442,256,0
1935609500,mqll_4_4_1024,12630151,256,0
1920317260,mqll_4_4_1024,12625958,256,0
1999304800,mqll_4_4_1024,12623256,256,0
1881836660,mqll_4_8_1,12637923,256,0
1883243280,mqll_4_8_1,12641638,256,0
1870591640,mqll_4_8_1,12637667,256,0
1890980620,mqll_4_8_1,12636714,256,0
1899384720,mqll_4_8_1,12658432,256,0
1798094880,mqll_4_8_2,12637811,256,0
1846108040,mqll_4_8_2,12631813,256,0
1830631400,mqll_4_8_2,12632153,256,0
1813642960,mqll_4_8_2,12640468,256,0
1849014300,mqll_4_8_2,12635285,256,0
1770995400,mqll_4_8_4,12613849,256,0
1820060800,mqll_4_8_4,12623377,256,0
1832245500,mqll_4_8_4,12618928,256,0
1826339600,mqll_4_8_4,12634504,256,0
1842004400,mqll_4_8_4,12619016,256,0
1769428640,mqll_4_8_8,12611114,256,0
1804444680,mqll_4_8_8,12605652,256,0
1771150020,mqll_4_8_8,12609041,256,0
1848211540,mqll_4_8_8,12602749,256,0
1795224600,mqll_4_8_8,12605229,256,0
1803790480,mqll_4_8_16,12604654,256,0
1746902900,mqll_4_8_16,12596868,256,0
1766486280,mqll_4_8_16,12596153,256,0
1745912900,mqll_4_8_16,12600852,256,0
1772724420,mqll_4_8_16,12604296,256,0
1755929600,mqll_4_8_32,12602967,256,0
1773668920,mqll_4_8_32,12599754,256,0
1749071100,mqll_4_8_32,12601297,256,0
1802130420,mqll_4_8_32,12598573,256,0
1726598140,mqll_4_8_32,12598193,256,0
1769533580,mqll_4_8_64,12633699,256,0
1735392840,mqll_4_8_64,12610778,256,0
1786640520,mqll_4_8_64,12621330,256,0
1732362920,mqll_4_8_64,12614031,256,0
1761868380,mqll_4_8_64,12619514,256,0
1756926600,mqll_4_8_128,12620376,256,0
1796962820,mqll_4_8_128,12621186,256,0
1712004740,mqll_4_8_128,12621854,256,0
1796356260,mqll_4_8_128,12616888,256,0
1779128760,mqll_4_8_128,12619191,256,0
1809505820,mqll_4_8_256,12622426,256,0
1761363320,mqll_4_8_256,12622818,256,0
1805896520,mqll_4_8_256,12619234,256,0
1817625080,mqll_4_8_256,12623839,256,0
1752638180,mqll_4_8_256,12618108,256,0
1854767320,mqll_4_8_512,12623945,256,0
1788426940,mqll_4_8_512,12624511,256,0
1862890580,mqll_4_8_512,12626904,256,0
1814348120,mqll_4_8_512,12624101,256,0
1847523800,mqll_4_8_512,12623281,256,0
1956001900,mqll_4_8_1024,12623898,256,0
1960005080,mqll_4_8_1024,12619431,256,0
1994614840,mqll_4_8_1024,12645225,256,0
1943873880,mqll_4_8_1024,12626688,256,0
1912536440,mqll_4_8_1024,12626446,256,0
1932072060,mqll_4_16_1,12659750,256,0
1852304340,mqll_4_16_1,12648894,256,0
1871322020,mqll_4_16_1,12664210,256,0
1888911020,mqll_4_16_1,12652411,256,0
1877354760,mqll_4_16_1,12647097,256,0
1815738420,mqll_4_16_2,12649556,256,0
1823568260,mqll_4_16_2,12646126,256,0
1802092600,mqll_4_16_2,12645940,256,0
1866766660,mqll_4_16_2,12646191,256,0
2085012040,mqll_4_16_2,12642273,256,0
1758041940,mqll_4_16_4,12628252,256,0
1749733420,mqll_4_16_4,12628129,256,0
1771446580,mqll_4_16_4,12623445,256,0
1816818720,mqll_4_16_4,12627801,256,0
1758323120,mqll_4_16_4,12624432,256,0
1773865720,mqll_4_16_8,12614014,256,0
1739862560,mqll_4_16_8,12615977,256,0
1741144800,mqll_4_16_8,12618025,256,0
1769649660,mqll_4_16_8,12608783,256,0
1762635740,mqll_4_16_8,12615904,256,0
1814877120,mqll_4_16_16,12602090,256,0
1730032700,mqll_4_16_16,12601236,256,0
1783904260,mqll_4_16_16,12602312,256,0
1756798220,mqll_4_16_16,12599953,256,0
1846926680,mqll_4_16_16,12601013,256,0
1751562480,mqll_4_16_32,12601275,256,0
1810609620,mqll_4_16_32,12599414,256,0
1745392580,mqll_4_16_32,12600361,256,0
1803456760,mqll_4_16_32,12603474,256,0
1737424380,mqll_4_16_32,12599117,256,0
1784243200,mqll_4_16_64,12605031,256,0
1742605380,mqll_4_16_64,12607075,256,0
2084037260,mqll_4_16_64,12609409,256,0
1766258260,mqll_4_16_64,12605391,256,0
1751963300,mqll_4_16_64,12601775,256,0
1788598980,mqll_4_16_128,12619224,256,0
1743304620,mqll_4_16_128,12617880,256,0
1771475480,mqll_4_16_128,12624725,256,0
1738479100,mqll_4_16_128,12616659,256,0
1735351580,mqll_4_16_128,12618269,256,0
1764971240,mqll_4_16_256,12617116,256,0
1755046860,mqll_4_16_256,12618249,256,0
1745008420,mqll_4_16_256,12619436,256,0
1793821780,mqll_4_16_256,12630863,256,0
1738683300,mqll_4_16_256,12618848,256,0
1773712400,mqll_4_16_512,12617301,256,0
1786200460,mqll_4_16_512,12620413,256,0
1785167260,mqll_4_16_512,12617610,256,0
1827421740,mqll_4_16_512,12620482,256,0
1921501840,mqll_4_16_512,12624374,256,0
1972234880,mqll_4_16_1024,12620003,256,0
2052223020,mqll_4_16_1024,12627932,256,0
1944239520,mqll_4_16_1024,12623648,256,0
1999415160,mqll_4_16_1024,12625434,256,0
1968597060,mqll_4_16_1024,12619829,256,0
2017847840,mqll_4_32_1,12662816,256,0
1934741360,mqll_4_32_1,12655496,256,0
1979002000,mqll_4_32_1,12660311,256,0
1926981100,mqll_4_32_1,12668513,256,0
1959336740,mqll_4_32_1,12669338,256,0
1823046180,mqll_4_32_2,12646974,256,0
1966332960,mqll_4_32_2,12655590,256,0
1850975560,mqll_4_32_2,12644660,256,0
1915446300,mqll_4_32_2,12654265,256,0
1969836660,mqll_4_32_2,12649328,256,0
1829515520,mqll_4_32_4,12633559,256,0
1879213060,mqll_4_32_4,12632802,256,0
1821258000,mqll_4_32_4,12631024,256,0
1874673280,mqll_4_32_4,12636603,256,0
1820419500,mqll_4_32_4,12635060,256,0
2197442480,mqll_4_32_8,12621049,256,0
1794534520,mqll_4_32_8,12624984,256,0
1814961200,mqll_4_32_8,12617288,256,0
1768826840,mqll_4_32_8,12621687,256,0
1900413560,mqll_4_32_8,12616612,256,0
1758696580,mqll_4_32_16,12604035,256,0
1790528840,mqll_4_32_16,12605507,256,0
1755451540,mqll_4_32_16,12603468,256,0
1793747400,mqll_4_32_16,12605095,256,0
1764544620,mqll_4_32_16,12605370,256,0
1758836240,mqll_4_32_32,12600699,256,0
1798794380,mqll_4_32_32,12597433,256,0
1779207080,mqll_4_32_32,12597819,256,0
1741938440,mqll_4_32_32,12597863,256,0
1776387240,mqll_4_32_32,12596424,256,0
1775053100,mqll_4_32_64,12606628,256,0
1775923240,mqll_4_32_64,12601751,256,0
1740297260,mqll_4_32_64,12602978,256,0
1794025440,mqll_4_32_64,12599560,256,0
1788512660,mqll_4_32_64,12610090,256,0
1803865320,mqll_4_32_128,12619287,256,0
1725016680,mqll_4_32_128,12611454,256,0
1779459640,mqll_4_32_128,12615563,256,0
1914216480,mqll_4_32_128,12609012,256,0
1818395500,mqll_4_32_128,12619504,256,0
1755455140,mqll_4_32_256,12613779,256,0
1780651580,mqll_4_32_256,12619632,256,0
1740415960,mqll_4_32_256,12622411,256,0
1826290080,mqll_4_32_256,12622219,256,0
1766252500,mqll_4_32_256,12611504,256,0
1843421920,mqll_4_32_512,12618998,256,0
1804200160,mqll_4_32_512,12615638,256,0
1956215900,mqll_4_32_512,12643528,256,0
1822213380,mqll_4_32_512,12619980,256,0
1856960120,mqll_4_32_512,12615363,256,0
2056929700,mqll_4_32_1024,12641208,256,0
1926530780,mqll_4_32_1024,12621257,256,0
2023951340,mqll_4_32_1024,12637072,256,0
1919618260,mqll_4_32_1024,12627337,256,0
1977052440,mqll_4_32_1024,12624371,256,0
1915564580,mqll_4_64_1,12672260,256,0
1791166660,mqll_4_64_1,12666919,256,0
1850914640,mqll_4_64_1,12664610,256,0
1910677000,mqll_4_64_1,12661666,256,0
1892935440,mqll_4_64_1,12659867,256,0
1899097920,mqll_4_64_1,12666323,256,0
1802119900,mqll_4_64_2,12658676,256,0
1854752960,mqll_4_64_2,12655535,256,0
1848230140,mqll_4_64_2,12659546,256,0
1911650940,mqll_4_64_2,12656198,256,0
1819785340,mqll_4_64_2,12651099,256,0
1805902520,mqll_4_64_4,12642111,256,0
1836794860,mqll_4_64_4,12640007,256,0
1765233540,mqll_4_64_4,12637609,256,0
1799198740,mqll_4_64_4,12637200,256,0
1774977480,mqll_4_64_4,12643657,256,0
1764676340,mqll_4_64_8,12626527,256,0
1771806560,mqll_4_64_8,12621466,256,0
1775993560,mqll_4_64_8,12628193,256,0
1804176680,mqll_4_64_8,12623724,256,0
1773705580,mqll_4_64_8,12622512,256,0
1745109960,mqll_4_64_16,12609563,256,0
1770991000,mqll_4_64_16,12609567,256,0
1810526260,mqll_4_64_16,12608939,256,0
1754328620,mqll_4_64_16,12608880,256,0
1746593840,mqll_4_64_16,12608896,256,0
1926615020,mqll_4_64_32,12639007,256,0
1771185180,mqll_4_64_32,12599911,256,0
1769892220,mqll_4_64_32,12602391,256,0
1766412880,mqll_4_64_32,12601016,256,0
1902486380,mqll_4_64_32,12606794,256,0
1769652000,mqll_4_64_64,12599011,256,0
1766074640,mqll_4_64_64,12603541,256,0
1763490540,mqll_4_64_64,12600547,256,0
1771584540,mqll_4_64_64,12601209,256,0
1785219140,mqll_4_64_64,12609734,256,0
1852710360,mqll_4_64_128,12617371,256,0
1788950900,mqll_4_64_128,12605217,256,0
1810349720,mqll_4_64_128,12604401,256,0
1822487540,mqll_4_64_128,12608014,256,0
1783174980,mqll_4_64_128,12610173,256,0
1786365440,mqll_4_64_256,12615152,256,0
1861909340,mqll_4_64_256,12630907,256,0
1793070540,mqll_4_64_256,12607266,256,0
1770499320,mqll_4_64_256,12612169,256,0
1769304320,mqll_4_64_256,12609905,256,0
1882698860,mqll_4_64_512,12616778,256,0
1844328660,mqll_4_64_512,12612831,256,0
1877332900,mqll_4_64_512,12627159,256,0
1858306880,mqll_4_64_512,12618407,256,0
1818303260,mqll_4_64_512,12616528,256,0
1967142200,mqll_4_64_1024,12623087,256,0
1930853120,mqll_4_64_1024,12624395,256,0
2050231880,mqll_4_64_1024,12618734,256,0
1920688560,mqll_4_64_1024,12613645,256,0
1968316040,mqll_4_64_1024,12622078,256,0
1895226060,mqll_4_128_1,12668242,256,0
1917610840,mqll_4_128_1,12667699,256,0
1944539060,mqll_4_128_1,12674727,256,0
1890747220,mqll_4_128_1,12666251,256,0
1966682900,mqll_4_128_1,12673370,256,0
1883270680,mqll_4_128_2,12655140,256,0
1853802780,mqll_4_128_2,12667400,256,0
1851696540,mqll_4_128_2,12663136,256,0
1825689940,mqll_4_128_2,12655010,256,0
1864162120,mqll_4_128_2,12655336,256,0
1784843860,mqll_4_128_4,12639610,256,0
1813950360,mqll_4_128_4,12641743,256,0
1831803020,mqll_4_128_4,12642543,256,0
1831914700,mqll_4_128_4,12641046,256,0
1828609740,mqll_4_128_4,12638852,256,0
1892499100,mqll_4_128_8,12627742,256,0
1893019460,mqll_4_128_8,12631033,256,0
1790657900,mqll_4_128_8,12624785,256,0
1803238260,mqll_4_128_8,12628069,256,0
1764415200,mqll_4_128_8,12624145,256,0
2407841220,mqll_4_128_16,12630006,256,0
1781862640,mqll_4_128_16,12610061,256,0
1803175560,mqll_4_128_16,12614889,256,0
1851949300,mqll_4_128_16,12611998,256,0
1818248900,mqll_4_128_16,12615257,256,0
1768748540,mqll_4_128_32,12605148,256,0
1779569580,mqll_4_128_32,12604371,256,0
1747095880,mqll_4_128_32,12604640,256,0
1805573780,mqll_4_128_32,12611697,256,0
1833508700,mqll_4_128_32,12603287,256,0
1746272780,mqll_4_128_64,12597774,256,0
1828743720,mqll_4_128_64,12605850,256,0
1757330960,mqll_4_128_64,12603454,256,0
1790072220,mqll_4_128_64,12600284,256,0
1784038080,mqll_4_128_64,12605117,256,0
1825520160,mqll_4_128_128,12599330,256,0
1750601680,mqll_4_128_128,12605119,256,0
1805282620,mqll_4_128_128,12606218,256,0
1769169540,mqll_4_128_128,12603215,256,0
1807170040,mqll_4_128_128,12602302,256,0
1772418520,mqll_4_128_256,12605484,256,0
1810468080,mqll_4_128_256,12610837,256,0
1838969780,mqll_4_128_256,12620128,256,0
1787556160,mqll_4_128_256,12604085,256,0
1858160920,mqll_4_128_256,12602041,256,0
1946988120,mqll_4_128_512,12611897,256,0
1881367480,mqll_4_128_512,12609030,256,0
1917646780,mqll_4_128_512,12613629,256,0
1876005180,mqll_4_128_512,12607303,256,0
1984279460,mqll_4_128_512,12622503,256,0
2000037880,mqll_4_128_1024,12618454,256,0
2006652760,mqll_4_128_1024,12617237,256,0
2099906500,mqll_4_128_1024,12654013,256,0
2037427820,mqll_4_128_1024,12625400,256,0
2015461260,mqll_4_128_1024,12616041,256,0
2013509380,mqll_4_256_1,12669759,256,0
2028383000,mqll_4_256_1,12672623,256,0
1983645040,mqll_4_256_1,12668892,256,0
2002012740,mqll_4_256_1,12666865,256,0
2000403040,mqll_4_256_1,12667983,256,0
1940301320,mqll_4_256_2,12658413,256,0
1902026960,mqll_4_256_2,12656896,256,0
1947475680,mqll_4_256_2,12660465,256,0
1919828840,mqll_4_256_2,12657346,256,0
1910110480,mqll_4_256_2,12667588,256,0
1862919740,mqll_4_256_4,12647092,256,0
2493359460,mqll_4_256_4,12652367,256,0
1898177280,mqll_4_256_4,12644581,256,0
1913915800,mqll_4_256_4,12649423,256,0
1903061180,mqll_4_256_4,12640357,256,0
1871138120,mqll_4_256_8,12630552,256,0
1833778560,mqll_4_256_8,12629125,256,0
1874508880,mqll_4_256_8,12627964,256,0
1872616420,mqll_4_256_8,12626201,256,0
1850700960,mqll_4_256_8,12629989,256,0
1877182280,mqll_4_256_16,12617274,256,0
1804934580,mqll_4_256_16,12618445,256,0
1847755500,mqll_4_256_16,12614928,256,0
1838991800,mqll_4_256_16,12613669,256,0
1800303540,mqll_4_256_16,12616103,256,0
1834913840,mqll_4_256_32,12606922,256,0
1855361240,mqll_4_256_32,12607960,256,0
1865612720,mqll_4_256_32,12603504,256,0
1842160260,mqll_4_256_32,12604739,256,0
1878559600,mqll_4_256_32,12680897,256,0
1865870480,mqll_4_256_64,12606339,256,0
1835715900,mqll_4_256_64,12604314,256,0
1815218340,mqll_4_256_64,12602502,256,0
1833269320,mqll_4_256_64,12602515,256,0
1968542520,mqll_4_256_64,12603866,256,0
1877390740,mqll_4_256_128,12613060,256,0
1885299600,mqll_4_256_128,12608170,256,0
1849699460,mqll_4_256_128,12607609,256,0
1780832540,mqll_4_256_128,12600505,256,0
1857441660,mqll_4_256_128,12602260,256,0
1908200640,mqll_4_256_256,12605020,256,0
1870750260,mqll_4_256_256,12606784,256,0
2428228000,mqll_4_256_256,12827989,256,0
1978842500,mqll_4_256_256,12627211,256,0
1894252520,mqll_4_256_256,12606014,256,0
1943689540,mqll_4_256_512,12606759,256,0
1998751480,mqll_4_256_512,12622648,256,0
2102178320,mqll_4_256_512,12648640,256,0
1942868500,mqll_4_256_512,12623854,256,0
1949562060,mqll_4_256_512,12608970,256,0
2196669080,mqll_4_256_1024,12642144,256,0
2147475900,mqll_4_256_1024,12667469,256,0
2097771440,mqll_4_256_1024,12635912,256,0
2242027740,mqll_4_256_1024,12752389,256,0
2087377620,mqll_4_256_1024,12632847,256,0
2014474220,mqll_4_512_1,12666044,256,0
1998210940,mqll_4_512_1,12664974,256,0
2056066020,mqll_4_512_1,12665507,256,0
2062286340,mqll_4_512_1,12672926,256,0
2016700380,mqll_4_512_1,12666196,256,0
1963664860,mqll_4_512_2,12661979,256,0
1952387880,mqll_4_512_2,12662450,256,0
1949461980,mqll_4_512_2,12661975,256,0
1916807880,mqll_4_512_2,12663641,256,0
1926375480,mqll_4_512_2,12663733,256,0
1967719040,mqll_4_512_4,12650740,256,0
1953960880,mqll_4_512_4,12650366,256,0
1961345560,mqll_4_512_4,12653337,256,0
1933949740,mqll_4_512_4,12647023,256,0
1933748680,mqll_4_512_4,12650897,256,0
1963382900,mqll_4_512_8,12636626,256,0
1893319520,mqll_4_512_8,12634938,256,0
1901923780,mqll_4_512_8,12632682,256,0
1911668960,mqll_4_512_8,12638377,256,0
1900488560,mqll_4_512_8,12638825,256,0
1891466000,mqll_4_512_16,12619640,256,0
1857680960,mqll_4_512_16,12621021,256,0
1917228300,mqll_4_512_16,12630120,256,0
1895557380,mqll_4_512_16,12623199,256,0
1927594420,mqll_4_512_16,12621904,256,0
1918327180,mqll_4_512_32,12613039,256,0
1899869160,mqll_4_512_32,12615187,256,0
1887281980,mqll_4_512_32,12608839,256,0
1894177640,mqll_4_512_32,12611726,256,0
1872661840,mqll_4_512_32,12612318,256,0
1891268880,mqll_4_512_64,12607843,256,0
1903847320,mqll_4_512_64,12609371,256,0
1987655260,mqll_4_512_64,12604174,256,0
1814202900,mqll_4_512_64,12605855,256,0
1873565080,mqll_4_512_64,12607551,256,0
1872967020,mqll_4_512_128,12601515,256,0
1877190700,mqll_4_512_128,12606693,256,0
1868635140,mqll_4_512_128,12602175,256,0
1861928500,mqll_4_512_128,12607541,256,0
1886944680,mqll_4_512_128,12612053,256,0
2137507340,mqll_4_512_256,12651642,256,0
1890517820,mqll_4_512_256,12603371,256,0
1938446900,mqll_4_512_256,12607798,256,0
1936289440,mqll_4_512_256,12607680,256,0
1886744200,mqll_4_512_256,12601574,256,0
1982372900,mqll_4_512_512,12610320,256,0
1922768220,mqll_4_512_512,12606956,256,0
1950192200,mqll_4_512_512,12620752,256,0
1996633620,mqll_4_512_512,12615528,256,0
2015089660,mqll_4_512_512,12615824,256,0
2043580800,mqll_4_512_1024,12614988,256,0
2097554800,mqll_4_512_1024,12625526,256,0
2066196200,mqll_4_512_1024,12631365,256,0
2170284180,mqll_4_512_1024,12643345,256,0
2074052540,mqll_4_512_1024,12630010,256,0
2070241600,mqll_4_1024_1,12666386,256,0
1986798820,mqll_4_1024_1,12658796,256,0
2029791600,mqll_4_1024_1,12654685,256,0
2010564980,mqll_4_1024_1,12654780,256,0
1993416820,mqll_4_1024_1,12661529,256,0
1980799360,mqll_4_1024_2,12660515,256,0
1957154340,mqll_4_1024_2,12656819,256,0
1939751940,mqll_4_1024_2,12654485,256,0
2039315080,mqll_4_1024_2,12654839,256,0
2054669420,mqll_4_1024_2,12654826,256,0
1968505080,mqll_4_1024_4,12647744,256,0
1913667540,mqll_4_1024_4,12647722,256,0
1958940240,mqll_4_1024_4,12644313,256,0
1957683980,mqll_4_1024_4,12648278,256,0
1880810800,mqll_4_1024_4,12650436,256,0
1927821200,mqll_4_1024_8,12637645,256,0
1975255280,mqll_4_1024_8,12648874,256,0
1928373080,mqll_4_1024_8,12636239,256,0
1921510180,mqll_4_1024_8,12639487,256,0
1913984700,mqll_4_1024_8,12640468,256,0
1882403000,mqll_4_1024_16,12627164,256,0
1900598280,mqll_4_1024_16,12626593,256,0
1897365520,mqll_4_1024_16,12627241,256,0
1898555900,mqll_4_1024_16,12626064,256,0
1881120600,mqll_4_1024_16,12628493,256,0
1871030180,mqll_4_1024_32,12620038,256,0
1914031520,mqll_4_1024_32,12620063,256,0
1888736160,mqll_4_1024_32,12618906,256,0
1868479720,mqll_4_1024_32,12620549,256,0
1875905640,mqll_4_1024_32,12624215,256,0
2461265780,mqll_4_1024_64,12623066,256,0
1888009060,mqll_4_1024_64,12619332,256,0
1888178220,mqll_4_1024_64,12618502,256,0
1883235980,mqll_4_1024_64,12615524,256,0
1818346660,mqll_4_1024_64,12618522,256,0
1884115080,mqll_4_1024_128,12606148,256,0
1848904880,mqll_4_1024_128,12609942,256,0
1857783380,mqll_4_1024_128,12609206,256,0
1902173780,mqll_4_1024_128,12613679,256,0
2029330040,mqll_4_1024_128,12621920,256,0
1949792460,mqll_4_1024_256,12613507,256,0
1933464800,mqll_4_1024_256,12606362,256,0
1882627620,mqll_4_1024_256,12613655,256,0
1981834900,mqll_4_1024_256,12610374,256,0
1917815820,mqll_4_1024_256,12618125,256,0
1969805240,mqll_4_1024_512,12624993,256,0
2077832800,mqll_4_1024_512,12630383,256,0
1993230020,mqll_4_1024_512,12619250,256,0
2142290620,mqll_4_1024_512,12661976,256,0
2057643380,mqll_4_1024_512,12629056,256,0
2049129040,mqll_4_1024_1024,12637127,256,0
2000401940,mqll_4_1024_1024,12633463,256,0
2026473880,mqll_4_1024_1024,12634925,256,0
2009000000,mqll_4_1024_1024,12636926,256,0
2014389220,mqll_4_1024_1024,12637445,256,0
