6884913180,mqll_4_1_1,85519516,256,10
6960768260,mqll_4_1_1,85530103,256,10
7079455860,mqll_4_1_1,85504542,256,10
6988773580,mqll_4_1_1,85465486,256,10
6989157720,mqll_4_1_1,85498386,256,10
6423151060,mqll_4_1_2,85731745,256,10
6390873300,mqll_4_1_2,85723892,256,10
6407351960,mqll_4_1_2,85734034,256,10
6414049740,mqll_4_1_2,85786106,256,10
6360137360,mqll_4_1_2,85651981,256,10
6088734840,mqll_4_1_4,86002027,256,10
6024506680,mqll_4_1_4,86008795,256,10
6115623460,mqll_4_1_4,85881878,256,10
6081968320,mqll_4_1_4,85905532,256,10
6115727460,mqll_4_1_4,85967484,256,10
5979243980,mqll_4_1_8,86290838,256,10
5886097620,mqll_4_1_8,86197024,256,10
5875245440,mqll_4_1_8,86219588,256,10
6003928780,mqll_4_1_8,86357511,256,10
5894382020,mqll_4_1_8,86222319,256,10
5827181020,mqll_4_1_16,86746070,256,10
5855442240,mqll_4_1_16,86708796,256,10
5831476120,mqll_4_1_16,86623886,256,10
5823798020,mqll_4_1_16,86803135,256,10
5779621960,mqll_4_1_16,86487345,256,10
5762230280,mqll_4_1_32,87256879,256,10
5758252840,mqll_4_1_32,87196705,256,10
5758001780,mqll_4_1_32,87381269,256,10
5746956700,mqll_4_1_32,87451283,256,10
5761965420,mqll_4_1_32,87087418,256,10
5732654400,mqll_4_1_64,88237382,256,10
5713914820,mqll_4_1_64,88085434,256,10
5817795880,mqll_4_1_64,88792691,256,10
5740897580,mqll_4_1_64,88409615,256,10
5742181660,mqll_4_1_64,88806175,256,10
5701224480,mqll_4_1_128,89369440,256,10
5825435940,mqll_4_1_128,89961515,256,10
5755596060,mqll_4_1_128,89564121,256,10
5763687920,mqll_4_1_128,90313371,256,10
5756832860,mqll_4_1_128,89374692,256,10
6010786980,mqll_4_1_256,94263775,256,10
5943951700,mqll_4_1_256,93887293,256,10
5971323220,mqll_4_1_256,93215110,256,10
6016758380,mqll_4_1_256,92742352,256,10
5860418660,mqll_4_1_256,92450893,256,10
5939423200,mqll_4_1_512,95355797,256,10
5990331200,mqll_4_1_512,95458332,256,10
6101480120,mqll_4_1_512,95822680,256,10
6111303940,mqll_4_1_512,95699586,256,10
6116119620,mqll_4_1_512,97465772,256,10
6298316940,mqll_4_1_1024,100630846,256,10
6247474080,mqll_4_1_1024,101207402,256,10
6287595600,mqll_4_1_1024,101274978,256,10
6304947940,mqll_4_1_1024,101050689,256,10
6228530800,mqll_4_1_1024,101355136,256,10
6918891100,mqll_4_2_1,85547087,256,10
6961473860,mqll_4_2_1,85566323,256,10
7043258580,mqll_4_2_1,85618250,256,10
6833636020,mqll_4_2_1,85575675,256,10
6962011480,mqll_4_2_1,85595720,256,10
6283603920,mqll_4_2_2,85677734,256,10
6359790760,mqll_4_2_2,85750811,256,10
6332941980,mqll_4_2_2,85646451,256,10
6338431360,mqll_4_2_2,85727064,256,10
6494952700,mqll_4_2_2,85711625,256,10
6014934020,mqll_4_2_4,85830081,256,10
6005575120,mqll_4_2_4,85914575,256,10
5980927140,mqll_4_2_4,85904654,256,10
6087333040,mqll_4_2_4,85872768,256,10
6051661600,mqll_4_2_4,85892316,256,10
5931034120,mqll_4_2_8,86299464,256,10
5861984780,mqll_4_2_8,86298964,256,10
5971135540,mqll_4_2_8,86358112,256,10
5786463940,mqll_4_2_8,86146389,256,10
5928535860,mqll_4_2_8,86291841,256,10
6001016340,mqll_4_2_16,86946790,256,10
5967479320,mqll_4_2_16,86620695,256,10
5757752940,mqll_4_2_16,86949028,256,10
5762448580,mqll_4_2_16,86750401,256,10
5863809840,mqll_4_2_16,86647624,256,10
5724274860,mqll_4_2_32,87280464,256,10
6085711920,mqll_4_2_32,87196164,256,10
5840770240,mqll_4_2_32,87421215,256,10
5763279380,mqll_4_2_32,87802847,256,10
5750108780,mqll_4_2_32,87305065,256,10
5648075240,mqll_4_2_64,88297940,256,10
5680339520,mqll_4_2_64,88190330,256,10
5753720080,mqll_4_2_64,88559825,256,10
5729595320,mqll_4_2_64,88211671,256,10
5692119040,mqll_4_2_64,88577678,256,10
5688090980,mqll_4_2_128,89610533,256,10
5701474440,mqll_4_2_128,89931396,256,10
5716789120,mqll_4_2_128,90866041,256,10
5574333940,mqll_4_2_128,89411457,256,10
5678738320,mqll_4_2_128,89971252,256,10
5748444200,mqll_4_2_256,92221461,256,10
5757869700,mqll_4_2_256,91521520,256,10
6021620880,mqll_4_2_256,93242711,256,10
5841221280,mqll_4_2_256,92829417,256,10
6025760600,mqll_4_2_256,92140298,256,10
5842422260,mqll_4_2_512,95626440,256,10
6091673220,mqll_4_2_512,96580544,256,10
5901184000,mqll_4_2_512,96957948,256,10
5947947580,mqll_4_2_512,96790052,256,10
5944468300,mqll_4_2_512,96722292,256,10
6013457820,mqll_4_2_1024,100145683,256,10
6527701720,mqll_4_2_1024,100828719,256,10
6098064020,mqll_4_2_1024,101113606,256,10
5963656240,mqll_4_2_1024,99665607,256,10
6083243440,mqll_4_2_1024,100940201,256,10
6914745020,mqll_4_4_1,85597446,256,10
6841376580,mqll_4_4_1,85547170,256,10
6856672000,mqll_4_4_1,85540322,256,10
6867413260,mqll_4_4_1,85659239,256,10
6838302460,mqll_4_4_1,85500356,256,10
6426252840,mqll_4_4_2,85626621,256,10
6295739500,mqll_4_4_2,85674055,256,10
6291910880,mqll_4_4_2,85655040,256,10
6355829000,mqll_4_4_2,85686372,256,10
6458454380,mqll_4_4_2,85745824,256,10
5923441500,mqll_4_4_4,85966678,256,10
6015018240,mqll_4_4_4,85915111,256,10
6050067820,mqll_4_4_4,85917420,256,10
6018448640,mqll_4_4_4,85802161,256,10
5997181220,mqll_4_4_4,85971813,256,10
5789896120,mqll_4_4_8,86185185,256,10
5839953140,mqll_4_4_8,86124967,256,10
5750182000,mqll_4_4_8,86265117,256,10
5799277500,mqll_4_4_8,86395504,256,10
5838725280,mqll_4_4_8,86230919,256,10
5718409900,mqll_4_4_16,86647478,256,10
5708712540,mqll_4_4_16,86732328,256,10
5780791680,mqll_4_4_16,86732124,256,10
5715883560,mqll_4_4_16,86485819,256,10
5726370900,mqll_4_4_16,86787211,256,10
5643850880,mqll_4_4_32,87465076,256,10
5792311460,mqll_4_4_32,87590950,256,10
5617447900,mqll_4_4_32,87123098,256,10
5637888720,mqll_4_4_32,87428549,256,10
5688694800,mqll_4_4_32,87080598,256,10
5558648240,mqll_4_4_64,87885722,256,10
5666552820,mqll_4_4_64,88437351,256,10
5785380260,mqll_4_4_64,88037996,256,10
5597742220,mqll_4_4_64,88086633,256,10
5729555580,mqll_4_4_64,88116806,256,10
5757698200,mqll_4_4_128,89844023,256,10
5780470040,mqll_4_4_128,89431685,256,10
5599282660,mqll_4_4_128,89068944,256,10
5671364380,mqll_4_4_128,89788968,256,10
5839849580,mqll_4_4_128,90018993,256,10
5873780060,mqll_4_4_256,92647907,256,10
6291209160,mqll_4_4_256,93240387,256,10
5755514980,mqll_4_4_256,91486994,256,10
5803735580,mqll_4_4_256,92109455,256,10
5889573240,mqll_4_4_256,92191423,256,10
6171393580,mqll_4_4_512,96344857,256,10
5883202200,mqll_4_4_512,95987020,256,10
5796922920,mqll_4_4_512,95152707,256,10
5879436600,mqll_4_4_512,95667435,256,10
5734593020,mqll_4_4_512,94410087,256,10
6594552820,mqll_4_4_1024,101175377,256,10
5793646100,mqll_4_4_1024,99516286,256,10
6000213020,mqll_4_4_1024,99600630,256,10
6147970180,mqll_4_4_1024,100708439,256,10
6014073020,mqll_4_4_1024,100432619,256,10
6914169860,mqll_4_8_1,85595232,256,10
6890503080,mqll_4_8_1,85559833,256,10
7432626380,mqll_4_8_1,85615260,256,10
6872923980,mqll_4_8_1,85577927,256,10
7039339960,mqll_4_8_1,85588124,256,10
6268657280,mqll_4_8_2,85682702,256,10
6284209420,mqll_4_8_2,85724044,256,10
6457012820,mqll_4_8_2,85801361,256,10
6436106860,mqll_4_8_2,85695881,256,10
6530610660,mqll_4_8_2,86211190,256,10
6288270520,mqll_4_8_4,85970965,256,10
6146277260,mqll_4_8_4,85880440,256,10
6110220760,mqll_4_8_4,85955570,256,10
6181572100,mqll_4_8_4,85853542,256,10
6646586980,mqll_4_8_4,85850693,256,10
5883452720,mqll_4_8_8,86322617,256,10
6201881580,mqll_4_8_8,86334432,256,10
6086516700,mqll_4_8_8,86367985,256,10
5885106000,mqll_4_8_8,86257014,256,10
5892702900,mqll_4_8_8,86300269,256,10
5865377180,mqll_4_8_16,86768520,256,10
5732242700,mqll_4_8_16,86668684,256,10
5800998820,mqll_4_8_16,86716543,256,10
5860460920,mqll_4_8_16,86649749,256,10
5847760120,mqll_4_8_16,87019761,256,10
5757728440,mqll_4_8_32,87466145,256,10
5700808320,mqll_4_8_32,87169492,256,10
5617311440,mqll_4_8_32,87042079,256,10
5731417620,mqll_4_8_32,87078327,256,10
5587332200,mqll_4_8_32,87097188,256,10
5820281380,mqll_4_8_64,89171868,256,10
5933838260,mqll_4_8_64,88107884,256,10
5707677600,mqll_4_8_64,88010272,256,10
5695990440,mqll_4_8_64,88189444,256,10
5845685840,mqll_4_8_64,88142573,256,10
5681945700,mqll_4_8_128,89973900,256,10
5738731620,mqll_4_8_128,89378359,256,10
5768091760,mqll_4_8_128,89622153,256,10
5703294660,mqll_4_8_128,89841836,256,10
5794689380,mqll_4_8_128,89629194,256,10
6453627420,mqll_4_8_256,92143002,256,10
5928132520,mqll_4_8_256,92157984,256,10
5839604820,mqll_4_8_256,92861686,256,10
5756339500,mqll_4_8_256,92234794,256,10
5747584940,mqll_4_8_256,92795507,256,10
5806782620,mqll_4_8_512,96305342,256,10
5747266240,mqll_4_8_512,94451039,256,10
5835150100,mqll_4_8_512,95312809,256,10
5857670720,mqll_4_8_512,95248745,256,10
6253039160,mqll_4_8_512,95116852,256,10
5922313580,mqll_4_8_1024,99806503,256,10
6200048500,mqll_4_8_1024,99671809,256,10
6193155600,mqll_4_8_1024,101411744,256,10
6165290280,mqll_4_8_1024,101723484,256,10
5935882400,mqll_4_8_1024,100387337,256,10
7151901420,mqll_4_16_1,85619755,256,10
7432533580,mqll_4_16_1,85540306,256,10
7133409500,mqll_4_16_1,85605944,256,10
7254334800,mqll_4_16_1,85601310,256,10
7288030560,mqll_4_16_1,85605178,256,10
6436729780,mqll_4_16_2,85762006,256,10
6874574560,mqll_4_16_2,85695816,256,10
6408180540,mqll_4_16_2,85768974,256,10
6613156680,mqll_4_16_2,85769730,256,10
6425669380,mqll_4_16_2,85719934,256,10
6117763720,mqll_4_16_4,85993088,256,10
6055406800,mqll_4_16_4,86011698,256,10
5942117920,mqll_4_16_4,85787147,256,10
6054071600,mqll_4_16_4,85972000,256,10
6089115240,mqll_4_16_4,85952147,256,10
5890991500,mqll_4_16_8,86136646,256,10
5871884140,mqll_4_16_8,86114977,256,10
6120418720,mqll_4_16_8,86153673,256,10
5871308280,mqll_4_16_8,86082051,256,10
6121001700,mqll_4_16_8,86395594,256,10
5821297500,mqll_4_16_16,86644749,256,10
5831958400,mqll_4_16_16,86532961,256,10
5849641120,mqll_4_16_16,86651883,256,10
5858366380,mqll_4_16_16,86574671,256,10
5998546540,mqll_4_16_16,86573617,256,10
5933811180,mqll_4_16_32,87539866,256,10
6486967940,mqll_4_16_32,87588535,256,10
5740861700,mqll_4_16_32,87437866,256,10
5676243700,mqll_4_16_32,87309067,256,10
5909013520,mqll_4_16_32,87234666,256,10
5701103020,mqll_4_16_64,88398566,256,10
5839499060,mqll_4_16_64,87777109,256,10
6485495320,mqll_4_16_64,88386042,256,10
5936888240,mqll_4_16_64,87929051,256,10
6067825060,mqll_4_16_64,88464865,256,10
6306355700,mqll_4_16_128,90411135,256,10
5860604860,mqll_4_16_128,89882714,256,10
5914785360,mqll_4_16_128,90213885,256,10
6453423080,mqll_4_16_128,89424389,256,10
5931018760,mqll_4_16_128,89572099,256,10
5758533460,mqll_4_16_256,91958035,256,10
5807838340,mqll_4_16_256,91577984,256,10
6662041780,mqll_4_16_256,92976138,256,10
5844827960,mqll_4_16_256,92246199,256,10
5778140700,mqll_4_16_256,91403678,256,10
6054690680,mqll_4_16_512,95073166,256,10
5963307660,mqll_4_16_512,94594322,256,10
5945860000,mqll_4_16_512,95601806,256,10
6290859460,mqll_4_16_512,95563033,256,10
5987692320,mqll_4_16_512,95362024,256,10
5876398680,mqll_4_16_1024,99981432,256,10
5941736760,mqll_4_16_1024,100148047,256,10
6181753520,mqll_4_16_1024,99945138,256,10
6072293200,mqll_4_16_1024,100257109,256,10
6104698960,mqll_4_16_1024,99753923,256,10
7011178180,mqll_4_32_1,85590387,256,10
7338075520,mqll_4_32_1,85566182,256,10
7065314080,mqll_4_32_1,85652165,256,10
7044209200,mqll_4_32_1,85649918,256,10
7019219080,mqll_4_32_1,85611976,256,10
6753598360,mqll_4_32_2,85697569,256,10
6495447840,mqll_4_32_2,85753161,256,10
6595776680,mqll_4_32_2,85772925,256,10
6467323360,mqll_4_32_2,85710839,256,10
6365798380,mqll_4_32_2,85755724,256,10
7161431760,mqll_4_32_4,85909765,256,10
6167837220,mqll_4_32_4,85879351,256,10
6158888600,mqll_4_32_4,85915768,256,10
6000735860,mqll_4_32_4,85843977,256,10
6013004880,mqll_4_32_4,86017774,256,10
6233033840,mqll_4_32_8,86651800,256,10
6101936800,mqll_4_32_8,86300454,256,10
5967512180,mqll_4_32_8,86103770,256,10
6077304880,mqll_4_32_8,86293538,256,10
6937395400,mqll_4_32_8,86175824,256,10
5746768860,mqll_4_32_16,86853427,256,10
6460795060,mqll_4_32_16,86485199,256,10
6065070060,mqll_4_32_16,86716730,256,10
6462246820,mqll_4_32_16,86961465,256,10
5919753660,mqll_4_32_16,86650274,256,10
5813423080,mqll_4_32_32,87231816,256,10
5987287540,mqll_4_32_32,87465217,256,10
6444038300,mqll_4_32_32,87140923,256,10
6129011540,mqll_4_32_32,87452892,256,10
5698856000,mqll_4_32_32,86910064,256,10
6387444040,mqll_4_32_64,88096457,256,10
6193862240,mqll_4_32_64,88487891,256,10
6379417660,mqll_4_32_64,88187157,256,10
5716802340,mqll_4_32_64,88409583,256,10
5798335280,mqll_4_32_64,87846012,256,10
5929210640,mqll_4_32_128,90125039,256,10
6123743400,mqll_4_32_128,89763482,256,10
6245668020,mqll_4_32_128,89780278,256,10
5819117700,mqll_4_32_128,89245101,256,10
6080358440,mqll_4_32_128,89262880,256,10
5836796300,mqll_4_32_256,91570493,256,10
5738571840,mqll_4_32_256,91102064,256,10
6151904120,mqll_4_32_256,92173074,256,10
6363161360,mqll_4_32_256,92111269,256,10
6506782940,mqll_4_32_256,91964680,256,10
6007647420,mqll_4_32_512,95970483,256,10
6391397640,mqll_4_32_512,94824307,256,10
6308002360,mqll_4_32_512,94903349,256,10
5887344020,mqll_4_32_512,94265289,256,10
6020527580,mqll_4_32_512,94690585,256,10
6600689080,mqll_4_32_1024,100266142,256,10
6428376420,mqll_4_32_1024,99742669,256,10
6315500560,mqll_4_32_1024,100512047,256,10
5888783940,mqll_4_32_1024,97933638,256,10
6754683100,mqll_4_32_1024,100671543,256,10
7665213460,mqll_4_64_1,85624068,256,10
7497365480,mqll_4_64_1,85551760,256,10
7420247960,mqll_4_64_1,85530366,256,10
7148281760,mqll_4_64_1,85653532,256,10
7061093020,mqll_4_64_1,85640100,256,10
6984712620,mqll_4_64_2,85725068,256,10
6378742760,mqll_4_64_2,85754861,256,10
6525155560,mqll_4_64_2,85809343,256,10
6928679720,mqll_4_64_2,85789532,256,10
7003381740,mqll_4_64_2,85704134,256,10
6556501780,mqll_4_64_4,85891312,256,10
6148201700,mqll_4_64_4,85902317,256,10
6186957220,mqll_4_64_4,85848072,256,10
6226503560,mqll_4_64_4,85911799,256,10
6500993600,mqll_4_64_4,85832239,256,10
6100080380,mqll_4_64_8,86761670,256,10
6449232400,mqll_4_64_8,86179015,256,10
6151375440,mqll_4_64_8,86312628,256,10
6135501060,mqll_4_64_8,86296489,256,10
6433475540,mqll_4_64_8,86138646,256,10
5957341860,mqll_4_64_16,86733337,256,10
5907661160,mqll_4_64_16,86678228,256,10
6191407240,mqll_4_64_16,86683308,256,10
5514277340,mqll_4_64_16,86694156,256,10
6029948900,mqll_4_64_16,86686045,256,10
6439137460,mqll_4_64_32,87870981,256,10
6589070060,mqll_4_64_32,87564614,256,10
6459706120,mqll_4_64_32,87675652,256,10
6367875120,mqll_4_64_32,87629614,256,10
6072931020,mqll_4_64_32,87585670,256,10
6465629680,mqll_4_64_64,88204544,256,10
6425543420,mqll_4_64_64,88560458,256,10
6174075000,mqll_4_64_64,88451676,256,10
5874305300,mqll_4_64_64,88480448,256,10
5994153520,mqll_4_64_64,88552496,256,10
6396659660,mqll_4_64_128,89469710,256,10
6439514940,mqll_4_64_128,89954860,256,10
6339140900,mqll_4_64_128,89831713,256,10
6634540360,mqll_4_64_128,90022557,256,10
6361647100,mqll_4_64_128,89617535,256,10
6361755780,mqll_4_64_256,91833932,256,10
6442023100,mqll_4_64_256,92422162,256,10
6456188140,mqll_4_64_256,92307830,256,10
6110705080,mqll_4_64_256,91464609,256,10
5935276120,mqll_4_64_256,92598448,256,10
6032984900,mqll_4_64_512,95747192,256,10
6513284880,mqll_4_64_512,94784572,256,10
6535106000,mqll_4_64_512,94943706,256,10
5975552180,mqll_4_64_512,95373354,256,10
6414190360,mqll_4_64_512,95151195,256,10
6290966440,mqll_4_64_1024,100093526,256,10
6605641180,mqll_4_64_1024,100532799,256,10
6606137900,mqll_4_64_1024,99898745,256,10
6576835080,mqll_4_64_1024,100852643,256,10
6173449980,mqll_4_64_1024,99891310,256,10
7408122320,mqll_4_128_1,85660513,256,10
7380016380,mqll_4_128_1,85646020,256,10
7372743040,mqll_4_128_1,85656042,256,10
7322744340,mqll_4_128_1,85664449,256,10
7566131540,mqll_4_128_1,85562984,256,10
6822383260,mqll_4_128_2,85656758,256,10
7265559680,mqll_4_128_2,85720385,256,10
6918291420,mqll_4_128_2,85751357,256,10
6999094340,mqll_4_128_2,85772545,256,10
6906408720,mqll_4_128_2,85670087,256,10
6787499420,mqll_4_128_4,86029305,256,10
6604119920,mqll_4_128_4,85866499,256,10
6563522760,mqll_4_128_4,85918406,256,10
6694868460,mqll_4_128_4,85912650,256,10
6681356820,mqll_4_128_4,85976532,256,10
6503650160,mqll_4_128_8,86154151,256,10
6336269100,mqll_4_128_8,86278589,256,10
6565153140,mqll_4_128_8,86571665,256,10
6486392620,mqll_4_128_8,86144139,256,10
6335565640,mqll_4_128_8,86249564,256,10
6235381220,mqll_4_128_16,86925243,256,10
6433912540,mqll_4_128_16,86872887,256,10
6625987660,mqll_4_128_16,86721709,256,10
6777099880,mqll_4_128_16,86880118,256,10
6195343860,mqll_4_128_16,86928127,256,10
6506874220,mqll_4_128_32,87808405,256,10
6333809820,mqll_4_128_32,87647321,256,10
6451275720,mqll_4_128_32,87756518,256,10
6468717120,mqll_4_128_32,87631577,256,10
6373324520,mqll_4_128_32,88023477,256,10
6441045680,mqll_4_128_64,88423702,256,10
6153600320,mqll_4_128_64,88244759,256,10
6358530900,mqll_4_128_64,89062157,256,10
5982038680,mqll_4_128_64,88994996,256,10
6272816600,mqll_4_128_64,88651151,256,10
6161295320,mqll_4_128_128,90448563,256,10
6116535780,mqll_4_128_128,90112006,256,10
6328144120,mqll_4_128_128,90002937,256,10
6258740180,mqll_4_128_128,90041346,256,10
6434974580,mqll_4_128_128,90391257,256,10
6493817700,mqll_4_128_256,92554933,256,10
6497887720,mqll_4_128_256,92018422,256,10
6363655500,mqll_4_128_256,92088586,256,10
6427066900,mqll_4_128_256,91380098,256,10
6345598040,mqll_4_128_256,92190156,256,10
6196317860,mqll_4_128_512,94730027,256,10
6502801120,mqll_4_128_512,94875212,256,10
6451866740,mqll_4_128_512,94709246,256,10
6040537140,mqll_4_128_512,94657326,256,10
6335182520,mqll_4_128_512,95401582,256,10
6284032680,mqll_4_128_1024,99840782,256,10
6583012920,mqll_4_128_1024,98618232,256,10
6141508620,mqll_4_128_1024,99662871,256,10
6643494500,mqll_4_128_1024,100885398,256,10
6517263440,mqll_4_128_1024,99676027,256,10
7489199920,mqll_4_256_1,85701536,256,10
7229757400,mqll_4_256_1,85574531,256,10
7711631760,mqll_4_256_1,85666420,256,10
7916111960,mqll_4_256_1,85657767,256,10
7506760840,mqll_4_256_1,85705540,256,10
7054868320,mqll_4_256_2,85766492,256,10
7031486500,mqll_4_256_2,85792342,256,10
6745866480,mqll_4_256_2,85774201,256,10
7071718600,mqll_4_256_2,85852876,256,10
6972124400,mqll_4_256_2,85724662,256,10
6639444780,mqll_4_256_4,86063651,256,10
6676805980,mqll_4_256_4,86053849,256,10
6738714360,mqll_4_256_4,85971560,256,10
6664902360,mqll_4_256_4,86029547,256,10
6530193920,mqll_4_256_4,85974286,256,10
6457163460,mqll_4_256_8,86248351,256,10
6576137440,mqll_4_256_8,86295035,256,10
6243167200,mqll_4_256_8,86371181,256,10
6646299300,mqll_4_256_8,86267113,256,10
6666126300,mqll_4_256_8,86255547,256,10
6779201800,mqll_4_256_16,86881015,256,10
6395203360,mqll_4_256_16,86921224,256,10
6565977880,mqll_4_256_16,86908431,256,10
5907363240,mqll_4_256_16,86834374,256,10
5630394200,mqll_4_256_16,87011134,256,10
6410164140,mqll_4_256_32,87983491,256,10
6006101780,mqll_4_256_32,87842001,256,10
6343249540,mqll_4_256_32,87765812,256,10
6522230400,mqll_4_256_32,87988476,256,10
6678115240,mqll_4_256_32,88191036,256,10
6067053420,mqll_4_256_64,88704924,256,10
6390104140,mqll_4_256_64,88694038,256,10
6480752760,mqll_4_256_64,88917154,256,10
6066287660,mqll_4_256_64,89108574,256,10
6350733340,mqll_4_256_64,88741642,256,10
5830524440,mqll_4_256_128,90705996,256,10
5526795340,mqll_4_256_128,90040176,256,10
6260164540,mqll_4_256_128,89677863,256,10
6102954620,mqll_4_256_128,90522611,256,10
5580553400,mqll_4_256_128,90137981,256,10
6525518400,mqll_4_256_256,92722947,256,10
6314293800,mqll_4_256_256,92859141,256,10
5340887100,mqll_4_256_256,91824457,256,10
5932468120,mqll_4_256_256,92456771,256,10
5573547100,mqll_4_256_256,92252283,256,10
6002273360,mqll_4_256_512,96672696,256,10
6239059120,mqll_4_256_512,96045599,256,10
6001621600,mqll_4_256_512,95090162,256,10
5542641300,mqll_4_256_512,95996354,256,10
6210286160,mqll_4_256_512,95101428,256,10
6168384660,mqll_4_256_1024,99777632,256,10
5577949220,mqll_4_256_1024,98840838,256,10
6467077640,mqll_4_256_1024,98862749,256,10
6265381620,mqll_4_256_1024,100403555,256,10
6542895880,mqll_4_256_1024,99975530,256,10
7316308520,mqll_4_512_1,85753760,256,10
7743036480,mqll_4_512_1,85780628,256,10
7589295160,mqll_4_512_1,85785581,256,10
7616216480,mqll_4_512_1,85715641,256,10
7334575220,mqll_4_512_1,85807719,256,10
7006856780,mqll_4_512_2,85922426,256,10
6913284440,mqll_4_512_2,85871165,256,10
6921048760,mqll_4_512_2,85884170,256,10
6948548540,mqll_4_512_2,85874202,256,10
7287926320,mqll_4_512_2,85967605,256,10
6480745620,mqll_4_512_4,86024844,256,10
6514485800,mqll_4_512_4,86099240,256,10
6380150020,mqll_4_512_4,86084793,256,10
6393665280,mqll_4_512_4,86234629,256,10
6244930580,mqll_4_512_4,86091014,256,10
6168755360,mqll_4_512_8,86521852,256,10
6459391840,mqll_4_512_8,86415189,256,10
6456155860,mqll_4_512_8,86415565,256,10
6046071380,mqll_4_512_8,86453504,256,10
5491026920,mqll_4_512_8,86253030,256,10
5985672220,mqll_4_512_16,86973507,256,10
6127772440,mqll_4_512_16,87117775,256,10
5505506720,mqll_4_512_16,87368823,256,10
5348427000,mqll_4_512_16,86978436,256,10
6419725820,mqll_4_512_16,87010818,256,10
6265195420,mqll_4_512_32,88139418,256,10
5976893520,mqll_4_512_32,88258185,256,10
6339574120,mqll_4_512_32,88017784,256,10
6346607140,mqll_4_512_32,88249195,256,10
5978910700,mqll_4_512_32,87945411,256,10
6356996100,mqll_4_512_64,89200644,256,10
6252136900,mqll_4_512_64,89229762,256,10
5857601760,mqll_4_512_64,89397088,256,10
5622824760,mqll_4_512_64,88618091,256,10
5674219760,mqll_4_512_64,88717558,256,10
6291053080,mqll_4_512_128,90192405,256,10
6372798120,mqll_4_512_128,90365789,256,10
5847227700,mqll_4_512_128,90054473,256,10
6371896520,mqll_4_512_128,89961513,256,10
6529996300,mqll_4_512_128,89802612,256,10
5939073540,mqll_4_512_256,93105052,256,10
5776997900,mqll_4_512_256,92074341,256,10
5555711060,mqll_4_512_256,92307321,256,10
5320231280,mqll_4_512_256,92668399,256,10
6002378500,mqll_4_512_256,92556680,256,10
5934730680,mqll_4_512_512,94107143,256,10
6370484780,mqll_4_512_512,94159083,256,10
6014178480,mqll_4_512_512,95161329,256,10
5673814280,mqll_4_512_512,96212254,256,10
6317776480,mqll_4_512_512,94190282,256,10
6044476120,mqll_4_512_1024,100474068,256,10
6029387620,mqll_4_512_1024,99306592,256,10
5479561380,mqll_4_512_1024,98049594,256,10
5371585500,mqll_4_512_1024,99687674,256,10
5418174120,mqll_4_512_1024,98330830,256,10
7341888120,mqll_4_1024_1,85883949,256,10
7227011500,mqll_4_1024_1,85902455,256,10
7527979900,mqll_4_1024_1,85903290,256,10
7540238360,mqll_4_1024_1,86031442,256,10
7293419020,mqll_4_1024_1,85987038,256,10
6801095160,mqll_4_1024_2,86137153,256,10
6642616060,mqll_4_1024_2,86107328,256,10
6310964360,mqll_4_1024_2,86124920,256,10
6363558460,mqll_4_1024_2,86025924,256,10
6897850900,mqll_4_1024_2,86142832,256,10
6242162920,mqll_4_1024_4,86264844,256,10
6443148820,mqll_4_1024_4,86321181,256,10
6421177140,mqll_4_1024_4,86307958,256,10
6460216500,mqll_4_1024_4,86384733,256,10
6578196620,mqll_4_1024_4,86354477,256,10
5024401220,mqll_4_1024_8,86767038,256,10
6289760200,mqll_4_1024_8,86761520,256,10
5871618220,mqll_4_1024_8,86602346,256,10
6153107040,mqll_4_1024_8,86613174,256,10
6375883260,mqll_4_1024_8,86844149,256,10
5711876320,mqll_4_1024_16,87252668,256,10
5861134460,mqll_4_1024_16,87426040,256,10
5888566080,mqll_4_1024_16,87418563,256,10
5400081480,mqll_4_1024_16,87479365,256,10
5635312080,mqll_4_1024_16,87319726,256,10
5146164640,mqll_4_1024_32,88507319,256,10
6071313320,mqll_4_1024_32,88477214,256,10
5716586940,mqll_4_1024_32,88686815,256,10
6095351860,mqll_4_1024_32,88475415,256,10
6160442720,mqll_4_1024_32,88423902,256,10
5557566740,mqll_4_1024_64,89085150,256,10
6098767640,mqll_4_1024_64,89274588,256,10
6119572400,mqll_4_1024_64,89270806,256,10
5736672660,mqll_4_1024_64,89894480,256,10
5763145980,mqll_4_1024_64,88943818,256,10
5120562000,mqll_4_1024_128,91096215,256,10
5928556560,mqll_4_1024_128,90730508,256,10
5930575460,mqll_4_1024_128,90642251,256,10
5076155240,mqll_4_1024_128,90035373,256,10
5530511900,mqll_4_1024_128,90445165,256,10
5504473480,mqll_4_1024_256,92584840,256,10
6185618220,mqll_4_1024_256,93731825,256,10
5890359600,mqll_4_1024_256,93241187,256,10
5867412880,mqll_4_1024_256,92308964,256,10
5726769840,mqll_4_1024_256,93009968,256,10
5429987900,mqll_4_1024_512,95652660,256,10
5509096180,mqll_4_1024_512,95447101,256,10
5278164780,mqll_4_1024_512,94947102,256,10
5391567940,mqll_4_1024_512,96918901,256,10
5525457140,mqll_4_1024_512,96542090,256,10
6056832900,mqll_4_1024_1024,102456988,256,10
5826387320,mqll_4_1024_1024,101529538,256,10
5697763560,mqll_4_1024_1024,98355285,256,10
5470585540,mqll_4_1024_1024,98621966,256,10
4929265380,mqll_4_1024_1024,100646361,256,10
