252155690,mqlp_4_1_1,6359970,128
254276240,mqlp_4_1_1,6353038,128
254783784,mqlp_4_1_1,6352885,128
256288428,mqlp_4_1_1,6356443,128
254993446,mqlp_4_1_1,6354415,128
229614996,mqlp_4_1_2,6448338,128
229092688,mqlp_4_1_2,6459075,128
233738258,mqlp_4_1_2,6457205,128
237063096,mqlp_4_1_2,6448345,128
230773996,mqlp_4_1_2,6443724,128
214883016,mqlp_4_1_4,6583020,128
218630054,mqlp_4_1_4,6576374,128
216215514,mqlp_4_1_4,6573433,128
221288034,mqlp_4_1_4,6581506,128
223052196,mqlp_4_1_4,6576730,128
216465358,mqlp_4_1_8,6720297,128
211805808,mqlp_4_1_8,6720798,128
210647780,mqlp_4_1_8,6718914,128
212155376,mqlp_4_1_8,6721936,128
211338156,mqlp_4_1_8,6737591,128
212560590,mqlp_4_1_16,6855698,128
210527958,mqlp_4_1_16,6863270,128
210947722,mqlp_4_1_16,6848437,128
209692262,mqlp_4_1_16,6869217,128
209798680,mqlp_4_1_16,6853222,128
210718594,mqlp_4_1_32,6963195,128
210370034,mqlp_4_1_32,6967229,128
209404494,mqlp_4_1_32,6968072,128
212476788,mqlp_4_1_32,6970515,128
214198064,mqlp_4_1_32,6968981,128
210936444,mqlp_4_1_64,7036544,128
209823094,mqlp_4_1_64,7045346,128
210987460,mqlp_4_1_64,7041854,128
213206480,mqlp_4_1_64,7047083,128
211941584,mqlp_4_1_64,7041335,128
209538124,mqlp_4_1_128,7090677,128
210352736,mqlp_4_1_128,7100816,128
212046324,mqlp_4_1_128,7087908,128
211979598,mqlp_4_1_128,7087159,128
210208720,mqlp_4_1_128,7087006,128
211724928,mqlp_4_1_256,7114149,128
211192758,mqlp_4_1_256,7117909,128
214653388,mqlp_4_1_256,7122308,128
210492972,mqlp_4_1_256,7123219,128
210682642,mqlp_4_1_256,7109919,128
213698330,mqlp_4_1_512,7145922,128
211300032,mqlp_4_1_512,7136148,128
211990246,mqlp_4_1_512,7139405,128
214211146,mqlp_4_1_512,7120190,128
217254012,mqlp_4_1_512,7112784,128
213664546,mqlp_4_1_1024,7138138,128
211932286,mqlp_4_1_1024,7145842,128
211442666,mqlp_4_1_1024,7133035,128
211830736,mqlp_4_1_1024,7133812,128
210684916,mqlp_4_1_1024,7133260,128
234398506,mqlp_4_2_1,6380480,128
266384938,mqlp_4_2_1,7180419,128
234362288,mqlp_4_2_1,6376908,128
256478990,mqlp_4_2_1,6756419,128
234917386,mqlp_4_2_1,6390968,128
206881866,mqlp_4_2_2,6461119,128
207938356,mqlp_4_2_2,6500659,128
208667486,mqlp_4_2_2,6553417,128
207236876,mqlp_4_2_2,6474376,128
207389268,mqlp_4_2_2,6471219,128
189545256,mqlp_4_2_4,6571174,128
197793082,mqlp_4_2_4,6679432,128
194570724,mqlp_4_2_4,6584366,128
190174630,mqlp_4_2_4,6616652,128
189690602,mqlp_4_2_4,6593746,128
203884646,mqlp_4_2_8,7349186,128
180719582,mqlp_4_2_8,6698362,128
180405048,mqlp_4_2_8,6690756,128
243554650,mqlp_4_2_8,8908698,128
182092610,mqlp_4_2_8,6694945,128
177870646,mqlp_4_2_16,6795550,128
177355296,mqlp_4_2_16,6782791,128
182864708,mqlp_4_2_16,6935301,128
178259238,mqlp_4_2_16,6807279,128
177713234,mqlp_4_2_16,6847431,128
175052742,mqlp_4_2_32,6890076,128
178824420,mqlp_4_2_32,6888647,128
176123678,mqlp_4_2_32,6890881,128
184719084,mqlp_4_2_32,7029163,128
177838758,mqlp_4_2_32,6965069,128
176303076,mqlp_4_2_64,6958521,128
178619616,mqlp_4_2_64,7083250,128
177674388,mqlp_4_2_64,7006138,128
175217742,mqlp_4_2_64,6959810,128
177441730,mqlp_4_2_64,6956021,128
174982176,mqlp_4_2_128,7016021,128
177862868,mqlp_4_2_128,7033395,128
174101546,mqlp_4_2_128,7005567,128
175265244,mqlp_4_2_128,7012085,128
176277148,mqlp_4_2_128,6992327,128
176660252,mqlp_4_2_256,7061886,128
190832954,mqlp_4_2_256,7384354,128
177944726,mqlp_4_2_256,7034961,128
174797646,mqlp_4_2_256,7035190,128
181090358,mqlp_4_2_256,7044193,128
175958176,mqlp_4_2_512,7041576,128
196822756,mqlp_4_2_512,7721937,128
177038270,mqlp_4_2_512,7049045,128
175349772,mqlp_4_2_512,7048939,128
178140350,mqlp_4_2_512,7078048,128
176593704,mqlp_4_2_1024,7049395,128
177160696,mqlp_4_2_1024,7056608,128
173821800,mqlp_4_2_1024,7049548,128
174750780,mqlp_4_2_1024,7057892,128
177013988,mqlp_4_2_1024,7052764,128
230381878,mqlp_4_4_1,6439226,128
234323322,mqlp_4_4_1,6434839,128
232634152,mqlp_4_4_1,6414075,128
230590744,mqlp_4_4_1,6399149,128
229057098,mqlp_4_4_1,6407278,128
197255872,mqlp_4_4_2,6471537,128
196797488,mqlp_4_4_2,6469903,128
200438258,mqlp_4_4_2,6486432,128
197268436,mqlp_4_4_2,6486330,128
201799422,mqlp_4_4_2,6475259,128
179231842,mqlp_4_4_4,6559576,128
179706168,mqlp_4_4_4,6587213,128
182239018,mqlp_4_4_4,6564423,128
180664900,mqlp_4_4_4,6594802,128
181726432,mqlp_4_4_4,6567663,128
167326590,mqlp_4_4_8,6638718,128
170562832,mqlp_4_4_8,6655684,128
170374366,mqlp_4_4_8,6659823,128
166787914,mqlp_4_4_8,6645997,128
170288464,mqlp_4_4_8,6696223,128
163993138,mqlp_4_4_16,6779979,128
167694420,mqlp_4_4_16,6880533,128
164624164,mqlp_4_4_16,6740480,128
163263912,mqlp_4_4_16,6752556,128
189739950,mqlp_4_4_16,7666391,128
159914528,mqlp_4_4_32,6791212,128
159613634,mqlp_4_4_32,6787938,128
158695530,mqlp_4_4_32,6809512,128
161523098,mqlp_4_4_32,6876366,128
162960464,mqlp_4_4_32,6811725,128
168337918,mqlp_4_4_64,7171991,128
160388420,mqlp_4_4_64,6880147,128
159183304,mqlp_4_4_64,6857905,128
157943336,mqlp_4_4_64,6840758,128
160778386,mqlp_4_4_64,6837785,128
157761972,mqlp_4_4_128,6875791,128
158077642,mqlp_4_4_128,6883939,128
157643166,mqlp_4_4_128,6885804,128
165825618,mqlp_4_4_128,7020387,128
160533206,mqlp_4_4_128,6899017,128
159291176,mqlp_4_4_256,6906270,128
160002472,mqlp_4_4_256,6883254,128
158751232,mqlp_4_4_256,6938633,128
160428436,mqlp_4_4_256,6941773,128
159207802,mqlp_4_4_256,6870315,128
157936270,mqlp_4_4_512,6887700,128
156901866,mqlp_4_4_512,6889614,128
157945072,mqlp_4_4_512,6940547,128
157721532,mqlp_4_4_512,6885804,128
159793782,mqlp_4_4_512,6900885,128
158222310,mqlp_4_4_1024,6921141,128
159338448,mqlp_4_4_1024,6957355,128
158470854,mqlp_4_4_1024,6953006,128
157624552,mqlp_4_4_1024,6905176,128
158559916,mqlp_4_4_1024,6900494,128
244123730,mqlp_4_8_1,6461860,128
252098886,mqlp_4_8_1,6410512,128
244191860,mqlp_4_8_1,6448105,128
266115638,mqlp_4_8_1,6692973,128
242851206,mqlp_4_8_1,6412886,128
226276936,mqlp_4_8_2,7037162,128
204015272,mqlp_4_8_2,6466114,128
205088576,mqlp_4_8_2,6463288,128
209592598,mqlp_4_8_2,6567383,128
201550776,mqlp_4_8_2,6453449,128
181547910,mqlp_4_8_4,6520116,128
182173882,mqlp_4_8_4,6520654,128
181911090,mqlp_4_8_4,6527121,128
186648938,mqlp_4_8_4,6599008,128
183428578,mqlp_4_8_4,6516781,128
170413246,mqlp_4_8_8,6607694,128
166226408,mqlp_4_8_8,6608072,128
170068348,mqlp_4_8_8,6618413,128
169795948,mqlp_4_8_8,6609849,128
168408090,mqlp_4_8_8,6586189,128
164032954,mqlp_4_8_16,6700901,128
159940078,mqlp_4_8_16,6676547,128
161238730,mqlp_4_8_16,6715518,128
161800972,mqlp_4_8_16,6704629,128
160931886,mqlp_4_8_16,6698213,128
156990736,mqlp_4_8_32,6794792,128
156810182,mqlp_4_8_32,6759090,128
156835382,mqlp_4_8_32,6814349,128
155958360,mqlp_4_8_32,6778252,128
161165896,mqlp_4_8_32,6776839,128
156019978,mqlp_4_8_64,6909747,128
155490424,mqlp_4_8_64,6910768,128
156331564,mqlp_4_8_64,6888801,128
158657536,mqlp_4_8_64,6864645,128
158002670,mqlp_4_8_64,6872038,128
155788800,mqlp_4_8_128,7012125,128
156420042,mqlp_4_8_128,6967083,128
154295636,mqlp_4_8_128,6906572,128
153421288,mqlp_4_8_128,6908207,128
154138272,mqlp_4_8_128,6916597,128
153095272,mqlp_4_8_256,6945965,128
152318218,mqlp_4_8_256,6947085,128
153305364,mqlp_4_8_256,6969445,128
154962928,mqlp_4_8_256,6982989,128
161700084,mqlp_4_8_256,7224502,128
154712666,mqlp_4_8_512,6996346,128
153709326,mqlp_4_8_512,6978173,128
152886652,mqlp_4_8_512,6972198,128
154922284,mqlp_4_8_512,6984706,128
161487122,mqlp_4_8_512,7213757,128
153639092,mqlp_4_8_1024,6980743,128
155379002,mqlp_4_8_1024,7097704,128
156419174,mqlp_4_8_1024,6977201,128
158938964,mqlp_4_8_1024,7141620,128
153594072,mqlp_4_8_1024,6973985,128
275267104,mqlp_4_16_1,6415339,128
293526250,mqlp_4_16_1,6459514,128
279052498,mqlp_4_16_1,6421827,128
275001200,mqlp_4_16_1,6423292,128
279762770,mqlp_4_16_1,6411896,128
240935352,mqlp_4_16_2,6428262,128
224662060,mqlp_4_16_2,6423157,128
229001482,mqlp_4_16_2,6429345,128
226823140,mqlp_4_16_2,6429596,128
229798530,mqlp_4_16_2,6424923,128
205824888,mqlp_4_16_4,6505562,128
201674692,mqlp_4_16_4,6473173,128
201090686,mqlp_4_16_4,6465355,128
198811986,mqlp_4_16_4,6460165,128
198522612,mqlp_4_16_4,6464833,128
181966896,mqlp_4_16_8,6539210,128
185292596,mqlp_4_16_8,6518322,128
182290706,mqlp_4_16_8,6523452,128
182732212,mqlp_4_16_8,6526600,128
181483468,mqlp_4_16_8,6521182,128
174678236,mqlp_4_16_16,6628215,128
175216870,mqlp_4_16_16,6662167,128
173335554,mqlp_4_16_16,6623827,128
173120820,mqlp_4_16_16,6630721,128
173934590,mqlp_4_16_16,6624827,128
173190176,mqlp_4_16_32,6801512,128
170245160,mqlp_4_16_32,6843821,128
170987848,mqlp_4_16_32,6854827,128
166773718,mqlp_4_16_32,6816839,128
167271814,mqlp_4_16_32,6849352,128
165934850,mqlp_4_16_64,7167488,128
166801786,mqlp_4_16_64,7116710,128
169933964,mqlp_4_16_64,7200734,128
166152782,mqlp_4_16_64,7086536,128
171697828,mqlp_4_16_64,7102895,128
166620520,mqlp_4_16_128,7439604,128
165103964,mqlp_4_16_128,7338624,128
166617138,mqlp_4_16_128,7406527,128
165592034,mqlp_4_16_128,7452358,128
172472978,mqlp_4_16_128,7411848,128
167316528,mqlp_4_16_256,7652293,128
165367892,mqlp_4_16_256,7686526,128
169240684,mqlp_4_16_256,7788104,128
167046688,mqlp_4_16_256,7764987,128
168252618,mqlp_4_16_256,7797343,128
174102578,mqlp_4_16_512,7876042,128
168950480,mqlp_4_16_512,7919217,128
167486152,mqlp_4_16_512,7956039,128
172036182,mqlp_4_16_512,7972514,128
172190488,mqlp_4_16_512,7997087,128
174139138,mqlp_4_16_1024,8206296,128
166689394,mqlp_4_16_1024,8039141,128
174745868,mqlp_4_16_1024,8141867,128
169752652,mqlp_4_16_1024,8097563,128
168165094,mqlp_4_16_1024,7967088,128
303979918,mqlp_4_32_1,6484016,128
304004252,mqlp_4_32_1,6477499,128
313396274,mqlp_4_32_1,6481087,128
292766628,mqlp_4_32_1,6479329,128
289065094,mqlp_4_32_1,6474105,128
254998160,mqlp_4_32_2,6472737,128
259484850,mqlp_4_32_2,6485447,128
261748280,mqlp_4_32_2,6471106,128
261924880,mqlp_4_32_2,6481660,128
258690892,mqlp_4_32_2,6472478,128
232924692,mqlp_4_32_4,6494323,128
238550138,mqlp_4_32_4,6492172,128
229625852,mqlp_4_32_4,6492246,128
233635276,mqlp_4_32_4,6495201,128
232153972,mqlp_4_32_4,6490718,128
219217812,mqlp_4_32_8,6554271,128
229387576,mqlp_4_32_8,6545554,128
218904728,mqlp_4_32_8,6551413,128
216848938,mqlp_4_32_8,6548917,128
217926330,mqlp_4_32_8,6540307,128
207565144,mqlp_4_32_16,6670316,128
202859448,mqlp_4_32_16,6677927,128
207454658,mqlp_4_32_16,6689341,128
206505628,mqlp_4_32_16,6684141,128
203262560,mqlp_4_32_16,6683792,128
196396186,mqlp_4_32_32,6976481,128
196866954,mqlp_4_32_32,6971650,128
201236218,mqlp_4_32_32,6969941,128
198819998,mqlp_4_32_32,6987106,128
199454524,mqlp_4_32_32,6983541,128
193188398,mqlp_4_32_64,7552501,128
190143084,mqlp_4_32_64,7510325,128
189813404,mqlp_4_32_64,7492460,128
191095802,mqlp_4_32_64,7495206,128
189033904,mqlp_4_32_64,7520561,128
192620330,mqlp_4_32_128,8385083,128
188745324,mqlp_4_32_128,8341507,128
197316006,mqlp_4_32_128,8328372,128
195075708,mqlp_4_32_128,8358903,128
193165794,mqlp_4_32_128,8303060,128
188505010,mqlp_4_32_256,9118138,128
188993320,mqlp_4_32_256,9236026,128
190041886,mqlp_4_32_256,9331551,128
189002270,mqlp_4_32_256,9227387,128
190072588,mqlp_4_32_256,9301650,128
195427830,mqlp_4_32_512,10231594,128
196928134,mqlp_4_32_512,10427784,128
197615310,mqlp_4_32_512,10348076,128
199713828,mqlp_4_32_512,10264019,128
195290434,mqlp_4_32_512,10284143,128
198137318,mqlp_4_32_1024,10712638,128
203282016,mqlp_4_32_1024,11232874,128
199231494,mqlp_4_32_1024,11214945,128
200581758,mqlp_4_32_1024,11102728,128
206244414,mqlp_4_32_1024,11163294,128
312057552,mqlp_4_64_1,6608066,128
337831778,mqlp_4_64_1,6610511,128
312155362,mqlp_4_64_1,6692643,128
352828482,mqlp_4_64_1,6608733,128
313026830,mqlp_4_64_1,6614812,128
276046564,mqlp_4_64_2,6629640,128
276901768,mqlp_4_64_2,6620053,128
275371022,mqlp_4_64_2,6617272,128
278112090,mqlp_4_64_2,6622213,128
278943940,mqlp_4_64_2,6624025,128
258734216,mqlp_4_64_4,6656630,128
252864146,mqlp_4_64_4,6645786,128
279576960,mqlp_4_64_4,6678150,128
264772816,mqlp_4_64_4,6660030,128
254539370,mqlp_4_64_4,6647862,128
249978962,mqlp_4_64_8,6728426,128
239387722,mqlp_4_64_8,6730497,128
269992416,mqlp_4_64_8,6736372,128
248788714,mqlp_4_64_8,6716131,128
244719838,mqlp_4_64_8,6723388,128
229580492,mqlp_4_64_16,6874042,128
232678244,mqlp_4_64_16,6893470,128
231274072,mqlp_4_64_16,6877840,128
230169382,mqlp_4_64_16,6874852,128
240736686,mqlp_4_64_16,6874071,128
217244618,mqlp_4_64_32,7212462,128
231029226,mqlp_4_64_32,7218450,128
218689490,mqlp_4_64_32,7200325,128
222435010,mqlp_4_64_32,7224181,128
218361812,mqlp_4_64_32,7207136,128
206114368,mqlp_4_64_64,7829245,128
205468834,mqlp_4_64_64,7853110,128
207431196,mqlp_4_64_64,7864468,128
211988382,mqlp_4_64_64,7831065,128
207402006,mqlp_4_64_64,7817796,128
192156888,mqlp_4_64_128,8835193,128
197973864,mqlp_4_64_128,8901199,128
197058222,mqlp_4_64_128,8842003,128
189823372,mqlp_4_64_128,8887644,128
192775660,mqlp_4_64_128,8926358,128
191390086,mqlp_4_64_256,10435258,128
189448460,mqlp_4_64_256,10440670,128
189885424,mqlp_4_64_256,10474900,128
187962100,mqlp_4_64_256,10366986,128
191711982,mqlp_4_64_256,10306909,128
196514206,mqlp_4_64_512,12381203,128
195552766,mqlp_4_64_512,12193714,128
197159688,mqlp_4_64_512,12391628,128
199336470,mqlp_4_64_512,12436235,128
197789848,mqlp_4_64_512,12310679,128
219604456,mqlp_4_64_1024,14782006,128
213765340,mqlp_4_64_1024,14634085,128
215733386,mqlp_4_64_1024,14499538,128
215871334,mqlp_4_64_1024,14426726,128
221320038,mqlp_4_64_1024,14899152,128
321167212,mqlp_4_128_1,6751632,128
300060380,mqlp_4_128_1,6773249,128
301189690,mqlp_4_128_1,6780111,128
340045564,mqlp_4_128_1,6808470,128
339204282,mqlp_4_128_1,6778846,128
284171192,mqlp_4_128_2,6799123,128
288410546,mqlp_4_128_2,6801183,128
278818240,mqlp_4_128_2,6789469,128
284592044,mqlp_4_128_2,6800440,128
275152924,mqlp_4_128_2,6779438,128
261496632,mqlp_4_128_4,6835304,128
299968014,mqlp_4_128_4,6841460,128
277265106,mqlp_4_128_4,6857061,128
270139560,mqlp_4_128_4,6830127,128
273769738,mqlp_4_128_4,6823941,128
259004780,mqlp_4_128_8,6937309,128
255423038,mqlp_4_128_8,6936940,128
259309652,mqlp_4_128_8,6943060,128
259966902,mqlp_4_128_8,6950300,128
259307374,mqlp_4_128_8,6959103,128
255388182,mqlp_4_128_16,7265487,128
248397846,mqlp_4_128_16,7135057,128
247828710,mqlp_4_128_16,7158350,128
245690440,mqlp_4_128_16,7147292,128
240918258,mqlp_4_128_16,7129793,128
228787202,mqlp_4_128_32,7500748,128
230302762,mqlp_4_128_32,7503339,128
226920598,mqlp_4_128_32,7490260,128
231419748,mqlp_4_128_32,7498608,128
230003702,mqlp_4_128_32,7537072,128
212620394,mqlp_4_128_64,8284702,128
224446814,mqlp_4_128_64,8478130,128
211790398,mqlp_4_128_64,8186308,128
208798892,mqlp_4_128_64,8149036,128
213122590,mqlp_4_128_64,8213244,128
201308842,mqlp_4_128_128,9308563,128
190756932,mqlp_4_128_128,9280525,128
192564614,mqlp_4_128_128,9267063,128
191239374,mqlp_4_128_128,9314444,128
190320884,mqlp_4_128_128,9362109,128
173934400,mqlp_4_128_256,10933479,128
172607276,mqlp_4_128_256,10958398,128
174091382,mqlp_4_128_256,10963499,128
178362504,mqlp_4_128_256,10850647,128
173555654,mqlp_4_128_256,11020360,128
166843186,mqlp_4_128_512,12974667,128
168421368,mqlp_4_128_512,13089194,128
168863780,mqlp_4_128_512,13158315,128
165883662,mqlp_4_128_512,12860516,128
168530004,mqlp_4_128_512,13260972,128
176133178,mqlp_4_128_1024,15507667,128
172958358,mqlp_4_128_1024,15336306,128
169692252,mqlp_4_128_1024,15177128,128
172991060,mqlp_4_128_1024,15622475,128
175271694,mqlp_4_128_1024,15483395,128
323704776,mqlp_4_256_1,6807240,128
319354402,mqlp_4_256_1,6855254,128
308218402,mqlp_4_256_1,6814958,128
317668400,mqlp_4_256_1,6829546,128
322724654,mqlp_4_256_1,7012580,128
296454484,mqlp_4_256_2,7053941,128
296159612,mqlp_4_256_2,6860399,128
302240914,mqlp_4_256_2,6857182,128
279512286,mqlp_4_256_2,6844856,128
280072056,mqlp_4_256_2,6980479,128
271064354,mqlp_4_256_4,6919935,128
271624590,mqlp_4_256_4,6929089,128
273236530,mqlp_4_256_4,6925893,128
286849624,mqlp_4_256_4,6917394,128
270505654,mqlp_4_256_4,6950149,128
258653354,mqlp_4_256_8,7150243,128
260828628,mqlp_4_256_8,7134279,128
262305564,mqlp_4_256_8,7059727,128
262379976,mqlp_4_256_8,7018730,128
277722886,mqlp_4_256_8,7098172,128
244453182,mqlp_4_256_16,7280560,128
241476332,mqlp_4_256_16,7241171,128
247410996,mqlp_4_256_16,7214862,128
249118266,mqlp_4_256_16,7227732,128
270092164,mqlp_4_256_16,7268023,128
229302978,mqlp_4_256_32,7631758,128
234628920,mqlp_4_256_32,7601578,128
238241658,mqlp_4_256_32,7681359,128
227949630,mqlp_4_256_32,7609171,128
232501806,mqlp_4_256_32,7650469,128
214624470,mqlp_4_256_64,8331991,128
214792270,mqlp_4_256_64,8408754,128
217349272,mqlp_4_256_64,8335798,128
213817704,mqlp_4_256_64,8363398,128
213872242,mqlp_4_256_64,8356818,128
192506248,mqlp_4_256_128,9564744,128
191712836,mqlp_4_256_128,9543347,128
197879908,mqlp_4_256_128,9747000,128
194029360,mqlp_4_256_128,9528459,128
190841390,mqlp_4_256_128,9537563,128
174714470,mqlp_4_256_256,11348317,128
178178154,mqlp_4_256_256,11443924,128
176685722,mqlp_4_256_256,11423730,128
177538662,mqlp_4_256_256,11509039,128
186164078,mqlp_4_256_256,11637967,128
168551160,mqlp_4_256_512,13840182,128
165012956,mqlp_4_256_512,13786072,128
171540298,mqlp_4_256_512,14305902,128
170552784,mqlp_4_256_512,13741304,128
171139806,mqlp_4_256_512,14064634,128
173415188,mqlp_4_256_1024,17193727,128
177493808,mqlp_4_256_1024,17625210,128
178583816,mqlp_4_256_1024,17117435,128
174059230,mqlp_4_256_1024,17385716,128
208694226,mqlp_4_256_1024,17243915,128
362193056,mqlp_4_512_1,6847003,128
317025244,mqlp_4_512_1,6846814,128
318027908,mqlp_4_512_1,6843872,128
319933328,mqlp_4_512_1,6802348,128
368032564,mqlp_4_512_1,6922713,128
288160854,mqlp_4_512_2,6878110,128
313070946,mqlp_4_512_2,6879112,128
277557654,mqlp_4_512_2,6882074,128
280502104,mqlp_4_512_2,6865469,128
289282086,mqlp_4_512_2,6867599,128
269270856,mqlp_4_512_4,7002502,128
280134316,mqlp_4_512_4,7051218,128
270739676,mqlp_4_512_4,6933937,128
268124504,mqlp_4_512_4,6924393,128
269051006,mqlp_4_512_4,6941493,128
270815484,mqlp_4_512_8,7096534,128
260105210,mqlp_4_512_8,7042879,128
260947092,mqlp_4_512_8,7083530,128
265902954,mqlp_4_512_8,7142469,128
252749676,mqlp_4_512_8,7052944,128
244501738,mqlp_4_512_16,7357581,128
242217672,mqlp_4_512_16,7252624,128
248223242,mqlp_4_512_16,7245520,128
247548380,mqlp_4_512_16,7233177,128
252968766,mqlp_4_512_16,7368241,128
234168744,mqlp_4_512_32,7640962,128
229950666,mqlp_4_512_32,7597632,128
231053168,mqlp_4_512_32,7622580,128
229853076,mqlp_4_512_32,7634355,128
238799578,mqlp_4_512_32,7799550,128
219053694,mqlp_4_512_64,8667909,128
212327816,mqlp_4_512_64,8328579,128
225212858,mqlp_4_512_64,8375344,128
213445956,mqlp_4_512_64,8326875,128
216092244,mqlp_4_512_64,8364854,128
199917832,mqlp_4_512_128,9981537,128
190347170,mqlp_4_512_128,9534371,128
192553712,mqlp_4_512_128,9470030,128
194683022,mqlp_4_512_128,9598097,128
192466066,mqlp_4_512_128,9604698,128
182846258,mqlp_4_512_256,11556786,128
177244214,mqlp_4_512_256,11381520,128
179683492,mqlp_4_512_256,11398909,128
187418698,mqlp_4_512_256,12135405,128
179098836,mqlp_4_512_256,11732514,128
173352712,mqlp_4_512_512,14490615,128
174141610,mqlp_4_512_512,14617472,128
173351304,mqlp_4_512_512,14043981,128
171133644,mqlp_4_512_512,14004749,128
177272642,mqlp_4_512_512,14583450,128
181332468,mqlp_4_512_1024,18035575,128
180961090,mqlp_4_512_1024,18011423,128
192058070,mqlp_4_512_1024,17991572,128
176631602,mqlp_4_512_1024,17306441,128
195890650,mqlp_4_512_1024,18536334,128
308572660,mqlp_4_1024_1,6960869,128
312718386,mqlp_4_1024_1,6833005,128
330435172,mqlp_4_1024_1,7037452,128
321103786,mqlp_4_1024_1,6943611,128
301026164,mqlp_4_1024_1,6795917,128
289777350,mqlp_4_1024_2,6866288,128
287652718,mqlp_4_1024_2,6892015,128
287193114,mqlp_4_1024_2,6854757,128
290240068,mqlp_4_1024_2,6860922,128
286511004,mqlp_4_1024_2,6867170,128
271048892,mqlp_4_1024_4,7055999,128
269642386,mqlp_4_1024_4,6936580,128
280649454,mqlp_4_1024_4,6957364,128
271534776,mqlp_4_1024_4,6931834,128
262458318,mqlp_4_1024_4,6928927,128
256553048,mqlp_4_1024_8,7103794,128
263065286,mqlp_4_1024_8,7090379,128
251929028,mqlp_4_1024_8,7028478,128
283001980,mqlp_4_1024_8,7085373,128
257714868,mqlp_4_1024_8,7029972,128
250032136,mqlp_4_1024_16,7300184,128
241858044,mqlp_4_1024_16,7235838,128
240340870,mqlp_4_1024_16,7198189,128
247973574,mqlp_4_1024_16,7291466,128
244381468,mqlp_4_1024_16,7238604,128
237010622,mqlp_4_1024_32,7669771,128
227173720,mqlp_4_1024_32,7575460,128
238093634,mqlp_4_1024_32,7804461,128
231472130,mqlp_4_1024_32,7631114,128
229869038,mqlp_4_1024_32,7604779,128
216532180,mqlp_4_1024_64,8404938,128
214978970,mqlp_4_1024_64,8401135,128
222890670,mqlp_4_1024_64,8680061,128
211332850,mqlp_4_1024_64,8301161,128
215282040,mqlp_4_1024_64,8357349,128
197564398,mqlp_4_1024_128,9804642,128
194839166,mqlp_4_1024_128,9524536,128
193461118,mqlp_4_1024_128,9590492,128
196455066,mqlp_4_1024_128,9540637,128
196234310,mqlp_4_1024_128,9605151,128
186416552,mqlp_4_1024_256,11640538,128
181411000,mqlp_4_1024_256,11603585,128
176334866,mqlp_4_1024_256,11423637,128
176715484,mqlp_4_1024_256,11398684,128
180680378,mqlp_4_1024_256,11992046,128
173994966,mqlp_4_1024_512,14364613,128
172106492,mqlp_4_1024_512,14293642,128
172204928,mqlp_4_1024_512,13961540,128
171838174,mqlp_4_1024_512,14226111,128
168870920,mqlp_4_1024_512,14044349,128
180558432,mqlp_4_1024_1024,17880432,128
189776364,mqlp_4_1024_1024,18718390,128
183290666,mqlp_4_1024_1024,18272516,128
191801044,mqlp_4_1024_1024,19298740,128
193703176,mqlp_4_1024_1024,18273209,128
