1108775806,mqlp_4_1_1,28352387,128,10
1110492022,mqlp_4_1_1,28350597,128,10
1114642846,mqlp_4_1_1,28365767,128,10
1112881368,mqlp_4_1_1,28399533,128,10
1108052626,mqlp_4_1_1,28371644,128,10
1097623422,mqlp_4_1_2,31525715,128,10
1099117112,mqlp_4_1_2,31536044,128,10
1106572970,mqlp_4_1_2,31570918,128,10
1100342808,mqlp_4_1_2,31583769,128,10
1098050558,mqlp_4_1_2,31593890,128,10
1181866436,mqlp_4_1_4,36772858,128,10
1191959320,mqlp_4_1_4,36772725,128,10
1177332716,mqlp_4_1_4,36691165,128,10
1180782232,mqlp_4_1_4,36697221,128,10
1181404464,mqlp_4_1_4,36728372,128,10
1347267186,mqlp_4_1_8,44194551,128,10
1349394994,mqlp_4_1_8,44241180,128,10
1344449020,mqlp_4_1_8,44278394,128,10
1342912072,mqlp_4_1_8,44216072,128,10
1350870076,mqlp_4_1_8,44336144,128,10
1568283982,mqlp_4_1_16,53344591,128,10
1564197638,mqlp_4_1_16,53362989,128,10
1566587274,mqlp_4_1_16,53361326,128,10
1559663808,mqlp_4_1_16,53282446,128,10
1565561574,mqlp_4_1_16,53318731,128,10
1775382396,mqlp_4_1_32,61890811,128,10
1780341498,mqlp_4_1_32,62107195,128,10
1786620188,mqlp_4_1_32,62233822,128,10
1779243064,mqlp_4_1_32,61992049,128,10
1775367840,mqlp_4_1_32,61948272,128,10
1950826768,mqlp_4_1_64,68887301,128,10
1941465346,mqlp_4_1_64,68691302,128,10
1951195406,mqlp_4_1_64,69036620,128,10
1960153440,mqlp_4_1_64,68840148,128,10
1941462154,mqlp_4_1_64,68606472,128,10
2062110332,mqlp_4_1_128,73266159,128,10
2059606122,mqlp_4_1_128,73213871,128,10
2058651958,mqlp_4_1_128,73196993,128,10
2065104652,mqlp_4_1_128,73547689,128,10
2044160314,mqlp_4_1_128,71554110,128,10
2129442532,mqlp_4_1_256,75883687,128,10
2119058922,mqlp_4_1_256,75599068,128,10
2130533072,mqlp_4_1_256,75981221,128,10
2132809522,mqlp_4_1_256,76055594,128,10
2108325532,mqlp_4_1_256,75055086,128,10
2152607996,mqlp_4_1_512,76994725,128,10
2155401366,mqlp_4_1_512,77163205,128,10
2148747408,mqlp_4_1_512,76416110,128,10
2171179386,mqlp_4_1_512,77622003,128,10
2154238862,mqlp_4_1_512,77099457,128,10
2182226934,mqlp_4_1_1024,78141013,128,10
2204579188,mqlp_4_1_1024,77954794,128,10
2184579192,mqlp_4_1_1024,78215607,128,10
2180535698,mqlp_4_1_1024,78221069,128,10
2153640188,mqlp_4_1_1024,75927888,128,10
1200282784,mqlp_4_2_1,29488603,128,10
1197540760,mqlp_4_2_1,29433175,128,10
1222259438,mqlp_4_2_1,29405612,128,10
1208123996,mqlp_4_2_1,29572021,128,10
1186898716,mqlp_4_2_1,29404419,128,10
1289929036,mqlp_4_2_2,34688506,128,10
1209249060,mqlp_4_2_2,32859380,128,10
995048632,mqlp_4_2_2,32971913,128,10
1243689436,mqlp_4_2_2,33396013,128,10
1189540044,mqlp_4_2_2,32905379,128,10
1286689614,mqlp_4_2_4,38480443,128,10
1330490794,mqlp_4_2_4,38527578,128,10
1041053134,mqlp_4_2_4,38253292,128,10
1332105118,mqlp_4_2_4,38413926,128,10
1329927626,mqlp_4_2_4,38588257,128,10
1559472146,mqlp_4_2_8,47130227,128,10
1522435946,mqlp_4_2_8,47069916,128,10
1557026016,mqlp_4_2_8,47300531,128,10
1540813798,mqlp_4_2_8,48092392,128,10
1543737140,mqlp_4_2_8,47784699,128,10
1366263932,mqlp_4_2_16,57037630,128,10
1853150994,mqlp_4_2_16,58850088,128,10
1819325344,mqlp_4_2_16,58574457,128,10
1907718132,mqlp_4_2_16,60452750,128,10
1826338362,mqlp_4_2_16,59005199,128,10
2225094550,mqlp_4_2_32,72731271,128,10
1594080352,mqlp_4_2_32,68371812,128,10
2249232092,mqlp_4_2_32,73140870,128,10
1576629418,mqlp_4_2_32,68160871,128,10
1581016130,mqlp_4_2_32,68496674,128,10
1770064572,mqlp_4_2_64,77467826,128,10
2658304366,mqlp_4_2_64,86429424,128,10
2509348518,mqlp_4_2_64,83624269,128,10
2647941602,mqlp_4_2_64,86673868,128,10
1774342206,mqlp_4_2_64,78531322,128,10
2964428662,mqlp_4_2_128,97456239,128,10
1913228068,mqlp_4_2_128,85341428,128,10
1909331666,mqlp_4_2_128,85179459,128,10
2898853194,mqlp_4_2_128,96935759,128,10
2849970466,mqlp_4_2_128,95906043,128,10
3010290470,mqlp_4_2_256,102649778,128,10
1986884664,mqlp_4_2_256,89449456,128,10
3002840860,mqlp_4_2_256,102972341,128,10
1993842342,mqlp_4_2_256,89836200,128,10
3020999498,mqlp_4_2_256,102777621,128,10
3192647276,mqlp_4_2_512,107356083,128,10
3183606260,mqlp_4_2_512,107905005,128,10
3017703674,mqlp_4_2_512,102785551,128,10
3110831404,mqlp_4_2_512,107135083,128,10
2044359488,mqlp_4_2_512,92293193,128,10
2090888498,mqlp_4_2_1024,94106485,128,10
3181858958,mqlp_4_2_1024,106469229,128,10
2015353326,mqlp_4_2_1024,89871934,128,10
3206499390,mqlp_4_2_1024,109299278,128,10
2038685094,mqlp_4_2_1024,91890803,128,10
1066273890,mqlp_4_4_1,31708697,128,10
1060998036,mqlp_4_4_1,31569092,128,10
1069698908,mqlp_4_4_1,31717264,128,10
1062536488,mqlp_4_4_1,31593567,128,10
1053174262,mqlp_4_4_1,31560662,128,10
1014885448,mqlp_4_4_2,35967620,128,10
1007820928,mqlp_4_4_2,35811477,128,10
1021735294,mqlp_4_4_2,36151719,128,10
1006106734,mqlp_4_4_2,35801356,128,10
999744174,mqlp_4_4_2,35543441,128,10
1023131394,mqlp_4_4_4,41351344,128,10
1048773304,mqlp_4_4_4,42028972,128,10
1021652388,mqlp_4_4_4,41350921,128,10
1022761506,mqlp_4_4_4,41381170,128,10
1032120364,mqlp_4_4_4,41432598,128,10
1124017046,mqlp_4_4_8,50012014,128,10
1149997456,mqlp_4_4_8,50634538,128,10
1167783314,mqlp_4_4_8,51521692,128,10
1127467504,mqlp_4_4_8,50074718,128,10
1236783746,mqlp_4_4_8,54249104,128,10
1287977016,mqlp_4_4_16,61157206,128,10
1284825476,mqlp_4_4_16,61028557,128,10
1290831218,mqlp_4_4_16,61258995,128,10
1296285968,mqlp_4_4_16,61420206,128,10
1285987818,mqlp_4_4_16,61231532,128,10
1487062776,mqlp_4_4_32,73760955,128,10
1482496388,mqlp_4_4_32,73546961,128,10
1482973064,mqlp_4_4_32,73570558,128,10
1486161456,mqlp_4_4_32,73546691,128,10
1491867480,mqlp_4_4_32,73683153,128,10
1685204856,mqlp_4_4_64,85693028,128,10
1679944140,mqlp_4_4_64,85726045,128,10
1677722428,mqlp_4_4_64,85416009,128,10
1684573430,mqlp_4_4_64,86077998,128,10
1658501142,mqlp_4_4_64,84051589,128,10
1830490238,mqlp_4_4_128,94521466,128,10
1802170850,mqlp_4_4_128,93166061,128,10
1825582198,mqlp_4_4_128,94496497,128,10
1827362012,mqlp_4_4_128,94475005,128,10
1838822682,mqlp_4_4_128,94813191,128,10
1934419060,mqlp_4_4_256,100978369,128,10
1924902202,mqlp_4_4_256,100747915,128,10
1944654462,mqlp_4_4_256,101209175,128,10
1876507798,mqlp_4_4_256,96960193,128,10
1926342688,mqlp_4_4_256,100173503,128,10
1988242450,mqlp_4_4_512,104279981,128,10
1974308318,mqlp_4_4_512,103216365,128,10
1944094378,mqlp_4_4_512,101446684,128,10
1968448092,mqlp_4_4_512,103216661,128,10
1967870696,mqlp_4_4_512,103090318,128,10
1979676486,mqlp_4_4_1024,103798712,128,10
2019683028,mqlp_4_4_1024,106102726,128,10
2015455288,mqlp_4_4_1024,105953131,128,10
1968764486,mqlp_4_4_1024,102992784,128,10
2008350492,mqlp_4_4_1024,105114013,128,10
1225994728,mqlp_4_8_1,36054891,128,10
1223837006,mqlp_4_8_1,36124993,128,10
1245906558,mqlp_4_8_1,36673911,128,10
1237146240,mqlp_4_8_1,36101370,128,10
1222789464,mqlp_4_8_1,36074774,128,10
1137714708,mqlp_4_8_2,40636874,128,10
1135875386,mqlp_4_8_2,40901046,128,10
1148708468,mqlp_4_8_2,41263355,128,10
1123926328,mqlp_4_8_2,40495680,128,10
1119019636,mqlp_4_8_2,40502773,128,10
1117985016,mqlp_4_8_4,47182721,128,10
1114030722,mqlp_4_8_4,46975736,128,10
1117550106,mqlp_4_8_4,47148848,128,10
1147654858,mqlp_4_8_4,47140113,128,10
1142968984,mqlp_4_8_4,47754684,128,10
1189617000,mqlp_4_8_8,56371968,128,10
1189858248,mqlp_4_8_8,56364222,128,10
1291985530,mqlp_4_8_8,60040537,128,10
1194040980,mqlp_4_8_8,56292366,128,10
1307992544,mqlp_4_8_8,60666327,128,10
1331847590,mqlp_4_8_16,68336556,128,10
1341902350,mqlp_4_8_16,68485348,128,10
1330776320,mqlp_4_8_16,68474873,128,10
1334493590,mqlp_4_8_16,68669737,128,10
1333693960,mqlp_4_8_16,68564515,128,10
1547793026,mqlp_4_8_32,83266329,128,10
1542778154,mqlp_4_8_32,83946218,128,10
1523208648,mqlp_4_8_32,83225707,128,10
1533227156,mqlp_4_8_32,83129705,128,10
1535026018,mqlp_4_8_32,83781646,128,10
1743631186,mqlp_4_8_64,98664026,128,10
1733831906,mqlp_4_8_64,97598955,128,10
1728762012,mqlp_4_8_64,97481446,128,10
1751846908,mqlp_4_8_64,98915430,128,10
1731148056,mqlp_4_8_64,96836550,128,10
1884587566,mqlp_4_8_128,107540813,128,10
1924449544,mqlp_4_8_128,111102233,128,10
1924995070,mqlp_4_8_128,110890818,128,10
1929177976,mqlp_4_8_128,111321155,128,10
1929971346,mqlp_4_8_128,111661636,128,10
2074426864,mqlp_4_8_256,121095482,128,10
2077724498,mqlp_4_8_256,121358564,128,10
2080851812,mqlp_4_8_256,121595126,128,10
2011374028,mqlp_4_8_256,115469540,128,10
2073450154,mqlp_4_8_256,121032017,128,10
2160501090,mqlp_4_8_512,126675369,128,10
2136329120,mqlp_4_8_512,124868942,128,10
2105690910,mqlp_4_8_512,122788136,128,10
2184548690,mqlp_4_8_512,127979982,128,10
2111146376,mqlp_4_8_512,122867780,128,10
2197148010,mqlp_4_8_1024,129512183,128,10
2102758384,mqlp_4_8_1024,121526849,128,10
2211159600,mqlp_4_8_1024,130159569,128,10
2196883622,mqlp_4_8_1024,128995845,128,10
2205957594,mqlp_4_8_1024,129998261,128,10
1615623322,mqlp_4_16_1,44166863,128,10
1618316118,mqlp_4_16_1,44062276,128,10
1631799962,mqlp_4_16_1,44063079,128,10
1607436132,mqlp_4_16_1,44285482,128,10
1616920636,mqlp_4_16_1,44173549,128,10
1445599294,mqlp_4_16_2,49885684,128,10
1430214188,mqlp_4_16_2,49676218,128,10
1428495314,mqlp_4_16_2,49726578,128,10
1429526936,mqlp_4_16_2,49875635,128,10
1436080458,mqlp_4_16_2,49694099,128,10
1364464414,mqlp_4_16_4,56750328,128,10
1372149964,mqlp_4_16_4,56907081,128,10
1346172254,mqlp_4_16_4,56646491,128,10
1366702710,mqlp_4_16_4,56769174,128,10
1387953062,mqlp_4_16_4,57319978,128,10
1371731344,mqlp_4_16_8,66232899,128,10
1374292344,mqlp_4_16_8,66412367,128,10
1370175818,mqlp_4_16_8,66253896,128,10
1373489088,mqlp_4_16_8,66313253,128,10
1374742560,mqlp_4_16_8,66427483,128,10
1490914152,mqlp_4_16_16,79839169,128,10
1485758760,mqlp_4_16_16,79798344,128,10
1489059968,mqlp_4_16_16,79815672,128,10
1507767554,mqlp_4_16_16,79465453,128,10
1492445260,mqlp_4_16_16,80077032,128,10
1677521308,mqlp_4_16_32,97312186,128,10
1672017902,mqlp_4_16_32,97001770,128,10
1687329198,mqlp_4_16_32,97520937,128,10
1688834202,mqlp_4_16_32,97538381,128,10
1681078408,mqlp_4_16_32,97505705,128,10
1940666798,mqlp_4_16_64,117277962,128,10
1952416430,mqlp_4_16_64,118487686,128,10
1938396246,mqlp_4_16_64,117834808,128,10
1938438350,mqlp_4_16_64,117339862,128,10
1959068564,mqlp_4_16_64,118780301,128,10
2223843402,mqlp_4_16_128,138349150,128,10
2194495078,mqlp_4_16_128,137174000,128,10
2225658978,mqlp_4_16_128,138514966,128,10
2233318754,mqlp_4_16_128,137866148,128,10
2200836188,mqlp_4_16_128,137925572,128,10
2440683734,mqlp_4_16_256,154907327,128,10
2344454572,mqlp_4_16_256,146322047,128,10
2443816572,mqlp_4_16_256,154649335,128,10
2337510016,mqlp_4_16_256,146460361,128,10
2430191400,mqlp_4_16_256,154028602,128,10
2612462858,mqlp_4_16_512,165914000,128,10
2595896262,mqlp_4_16_512,165334498,128,10
2591676010,mqlp_4_16_512,164968428,128,10
2597659100,mqlp_4_16_512,165385908,128,10
2599775734,mqlp_4_16_512,165505433,128,10
2644438488,mqlp_4_16_1024,169426910,128,10
2674840574,mqlp_4_16_1024,172046934,128,10
2607050638,mqlp_4_16_1024,166878667,128,10
2568343470,mqlp_4_16_1024,164613499,128,10
2700725306,mqlp_4_16_1024,173836530,128,10
1858627366,mqlp_4_32_1,46791192,128,10
1897273880,mqlp_4_32_1,46527713,128,10
1835918810,mqlp_4_32_1,46246236,128,10
1852324600,mqlp_4_32_1,46502044,128,10
1848323674,mqlp_4_32_1,46423124,128,10
1714785868,mqlp_4_32_2,53835856,128,10
1696624556,mqlp_4_32_2,53700509,128,10
1716246570,mqlp_4_32_2,53664388,128,10
1724065526,mqlp_4_32_2,54354009,128,10
1698835918,mqlp_4_32_2,53594618,128,10
1686081720,mqlp_4_32_4,65152864,128,10
1675834912,mqlp_4_32_4,64595658,128,10
1686961638,mqlp_4_32_4,65459681,128,10
1686622764,mqlp_4_32_4,65320516,128,10
1705155202,mqlp_4_32_4,64778876,128,10
1698863390,mqlp_4_32_8,78165292,128,10
1696376786,mqlp_4_32_8,78257098,128,10
1712190696,mqlp_4_32_8,79929171,128,10
1691912146,mqlp_4_32_8,78762946,128,10
1696566766,mqlp_4_32_8,78182503,128,10
1755689722,mqlp_4_32_16,93891393,128,10
1755227324,mqlp_4_32_16,93733272,128,10
1771420984,mqlp_4_32_16,94050498,128,10
1755732588,mqlp_4_32_16,93691020,128,10
1766851062,mqlp_4_32_16,93782133,128,10
1943031688,mqlp_4_32_32,114209380,128,10
1937693920,mqlp_4_32_32,113981650,128,10
1936848452,mqlp_4_32_32,113860541,128,10
1931171104,mqlp_4_32_32,113576584,128,10
1929705558,mqlp_4_32_32,113847794,128,10
2190816518,mqlp_4_32_64,136310211,128,10
2219623464,mqlp_4_32_64,138825774,128,10
2196390272,mqlp_4_32_64,136685025,128,10
2235085798,mqlp_4_32_64,140089686,128,10
2229976076,mqlp_4_32_64,139869149,128,10
2593891794,mqlp_4_32_128,167602692,128,10
2577677580,mqlp_4_32_128,168408227,128,10
2595481570,mqlp_4_32_128,169249911,128,10
2475345038,mqlp_4_32_128,159880716,128,10
2566967132,mqlp_4_32_128,167411890,128,10
2966070544,mqlp_4_32_256,197604898,128,10
2946911806,mqlp_4_32_256,196480963,128,10
2966072302,mqlp_4_32_256,197757899,128,10
2876312916,mqlp_4_32_256,190723292,128,10
2939439232,mqlp_4_32_256,195930760,128,10
3286605964,mqlp_4_32_512,220993831,128,10
3269555594,mqlp_4_32_512,220185253,128,10
3316420296,mqlp_4_32_512,223485433,128,10
3281719138,mqlp_4_32_512,220366406,128,10
3307884930,mqlp_4_32_512,222511384,128,10
3379450034,mqlp_4_32_1024,228957539,128,10
3474005918,mqlp_4_32_1024,235820094,128,10
3333244602,mqlp_4_32_1024,224819121,128,10
3481104344,mqlp_4_32_1024,235544646,128,10
3287026452,mqlp_4_32_1024,222115732,128,10
1532084758,mqlp_4_64_1,32240937,128,10
1509138378,mqlp_4_64_1,32215609,128,10
1483306242,mqlp_4_64_1,32229069,128,10
1534279700,mqlp_4_64_1,32248881,128,10
1448250364,mqlp_4_64_1,32232188,128,10
1358824818,mqlp_4_64_2,32626257,128,10
1356629794,mqlp_4_64_2,32682293,128,10
1291186852,mqlp_4_64_2,32598646,128,10
1330518062,mqlp_4_64_2,32821361,128,10
1352341722,mqlp_4_64_2,32805085,128,10
1775272092,mqlp_4_64_4,59497913,128,10
1730438778,mqlp_4_64_4,58816780,128,10
1734116926,mqlp_4_64_4,59170695,128,10
1770721970,mqlp_4_64_4,59067980,128,10
1750214882,mqlp_4_64_4,59054376,128,10
1688931830,mqlp_4_64_8,66273787,128,10
1697418978,mqlp_4_64_8,66152467,128,10
1663799030,mqlp_4_64_8,65779150,128,10
1691885354,mqlp_4_64_8,66081107,128,10
1707594874,mqlp_4_64_8,65495744,128,10
1719411366,mqlp_4_64_16,77797421,128,10
1672575486,mqlp_4_64_16,74714604,128,10
1711258302,mqlp_4_64_16,75851057,128,10
1679449652,mqlp_4_64_16,75422202,128,10
1664923564,mqlp_4_64_16,75105318,128,10
1780622006,mqlp_4_64_32,92522188,128,10
1789129382,mqlp_4_64_32,93296204,128,10
1799848446,mqlp_4_64_32,93345172,128,10
1795508212,mqlp_4_64_32,93540254,128,10
1795311098,mqlp_4_64_32,93211510,128,10
2063917024,mqlp_4_64_64,121833746,128,10
2068809404,mqlp_4_64_64,121860710,128,10
2038628164,mqlp_4_64_64,119664003,128,10
2070558562,mqlp_4_64_64,120150970,128,10
2058226236,mqlp_4_64_64,121600933,128,10
2649158226,mqlp_4_64_128,172107643,128,10
2458199528,mqlp_4_64_128,157759547,128,10
2661616598,mqlp_4_64_128,173458635,128,10
2703695426,mqlp_4_64_128,176350616,128,10
2647858164,mqlp_4_64_128,171444286,128,10
3309834506,mqlp_4_64_256,225585953,128,10
3328148242,mqlp_4_64_256,227385985,128,10
3336646050,mqlp_4_64_256,227151173,128,10
3313820542,mqlp_4_64_256,225495319,128,10
3290427796,mqlp_4_64_256,222965049,128,10
3933553108,mqlp_4_64_512,274177350,128,10
3894674122,mqlp_4_64_512,271882645,128,10
4038137572,mqlp_4_64_512,281658475,128,10
3906262862,mqlp_4_64_512,271944548,128,10
4080341692,mqlp_4_64_512,284916023,128,10
4527042584,mqlp_4_64_1024,317443569,128,10
4520855542,mqlp_4_64_1024,316915875,128,10
4383002022,mqlp_4_64_1024,306479610,128,10
4470167612,mqlp_4_64_1024,313060951,128,10
4534649538,mqlp_4_64_1024,318057880,128,10
1811694634,mqlp_4_128_1,33240473,128,10
1641018884,mqlp_4_128_1,33229166,128,10
1466072968,mqlp_4_128_1,33302261,128,10
1478810580,mqlp_4_128_1,33433082,128,10
1767359852,mqlp_4_128_1,33214488,128,10
1413422698,mqlp_4_128_2,33712212,128,10
1382542100,mqlp_4_128_2,33535312,128,10
1351033566,mqlp_4_128_2,33606562,128,10
1375278782,mqlp_4_128_2,33618932,128,10
1437532378,mqlp_4_128_2,33484957,128,10
1287806868,mqlp_4_128_4,33937800,128,10
1317335390,mqlp_4_128_4,33959540,128,10
1369007738,mqlp_4_128_4,33900739,128,10
1286058800,mqlp_4_128_4,34026857,128,10
1348242932,mqlp_4_128_4,33990539,128,10
1292184180,mqlp_4_128_8,34563482,128,10
1291433998,mqlp_4_128_8,34664818,128,10
1331709060,mqlp_4_128_8,34740941,128,10
1281448436,mqlp_4_128_8,34588534,128,10
1410318972,mqlp_4_128_8,34589836,128,10
1259890954,mqlp_4_128_16,35819447,128,10
1196668568,mqlp_4_128_16,35825959,128,10
1234040286,mqlp_4_128_16,35796407,128,10
1241583514,mqlp_4_128_16,35854508,128,10
1253519172,mqlp_4_128_16,35841621,128,10
1155313750,mqlp_4_128_32,38137659,128,10
1131861868,mqlp_4_128_32,38202174,128,10
1153370268,mqlp_4_128_32,38169158,128,10
1153801004,mqlp_4_128_32,38122403,128,10
1165094248,mqlp_4_128_32,38109594,128,10
1066366208,mqlp_4_128_64,42154109,128,10
1065679462,mqlp_4_128_64,42166367,128,10
1064018678,mqlp_4_128_64,42194390,128,10
1060512388,mqlp_4_128_64,42330609,128,10
1046438788,mqlp_4_128_64,42151217,128,10
958129188,mqlp_4_128_128,48852089,128,10
954814906,mqlp_4_128_128,48571014,128,10
977828742,mqlp_4_128_128,48294798,128,10
949467416,mqlp_4_128_128,48304485,128,10
952067322,mqlp_4_128_128,48699651,128,10
869140186,mqlp_4_128_256,56847525,128,10
870601730,mqlp_4_128_256,56592455,128,10
869240410,mqlp_4_128_256,56955151,128,10
866127418,mqlp_4_128_256,56872034,128,10
868523298,mqlp_4_128_256,57123054,128,10
2644832486,mqlp_4_128_512,191562401,128,10
2808998304,mqlp_4_128_512,203141981,128,10
2984849006,mqlp_4_128_512,215605514,128,10
2531565962,mqlp_4_128_512,183845972,128,10
2545503938,mqlp_4_128_512,185452743,128,10
4307147470,mqlp_4_128_1024,312352870,128,10
3390819056,mqlp_4_128_1024,249939890,128,10
3957094962,mqlp_4_128_1024,287225085,128,10
3663340948,mqlp_4_128_1024,266028941,128,10
3543256222,mqlp_4_128_1024,260303102,128,10
1593791736,mqlp_4_256_1,33926846,128,10
1590217018,mqlp_4_256_1,34385119,128,10
1573807502,mqlp_4_256_1,33819723,128,10
1536345938,mqlp_4_256_1,34069476,128,10
1494298356,mqlp_4_256_1,34026335,128,10
1426007600,mqlp_4_256_2,34393727,128,10
1396109660,mqlp_4_256_2,34564251,128,10
1526637792,mqlp_4_256_2,34312349,128,10
1543575524,mqlp_4_256_2,34204053,128,10
1431302758,mqlp_4_256_2,34301942,128,10
1326386152,mqlp_4_256_4,34760302,128,10
1353711472,mqlp_4_256_4,34767635,128,10
1325398104,mqlp_4_256_4,34851788,128,10
1449351238,mqlp_4_256_4,34901325,128,10
1300587998,mqlp_4_256_4,34692313,128,10
1293461222,mqlp_4_256_8,35575814,128,10
1303167502,mqlp_4_256_8,35439977,128,10
1277661716,mqlp_4_256_8,35411997,128,10
1309745330,mqlp_4_256_8,35418758,128,10
1292372898,mqlp_4_256_8,35466886,128,10
1215611644,mqlp_4_256_16,36800883,128,10
1255326468,mqlp_4_256_16,36743641,128,10
1261665186,mqlp_4_256_16,36769977,128,10
1242068530,mqlp_4_256_16,36585346,128,10
1240413234,mqlp_4_256_16,36665408,128,10
1189196314,mqlp_4_256_32,39319678,128,10
1184134438,mqlp_4_256_32,39336224,128,10
1257646202,mqlp_4_256_32,39107376,128,10
1163005998,mqlp_4_256_32,39057723,128,10
1188531028,mqlp_4_256_32,39238973,128,10
1085969256,mqlp_4_256_64,43265607,128,10
1086036222,mqlp_4_256_64,43268703,128,10
1067298644,mqlp_4_256_64,43215046,128,10
1074540986,mqlp_4_256_64,43330210,128,10
1072449764,mqlp_4_256_64,43320667,128,10
970957324,mqlp_4_256_128,49664760,128,10
970757656,mqlp_4_256_128,49734414,128,10
987093300,mqlp_4_256_128,50350670,128,10
975770740,mqlp_4_256_128,49799335,128,10
983190710,mqlp_4_256_128,50205981,128,10
877135834,mqlp_4_256_256,58444707,128,10
883534776,mqlp_4_256_256,59274345,128,10
875361664,mqlp_4_256_256,58512407,128,10
875840104,mqlp_4_256_256,58547102,128,10
877069900,mqlp_4_256_256,58686305,128,10
821189848,mqlp_4_256_512,70821632,128,10
814024664,mqlp_4_256_512,69919194,128,10
805065000,mqlp_4_256_512,69480365,128,10
808032848,mqlp_4_256_512,69955673,128,10
813587096,mqlp_4_256_512,70043608,128,10
821724870,mqlp_4_256_1024,85940768,128,10
827141272,mqlp_4_256_1024,85063143,128,10
806986780,mqlp_4_256_1024,83798279,128,10
820847784,mqlp_4_256_1024,84930365,128,10
826124970,mqlp_4_256_1024,85877701,128,10
1488117962,mqlp_4_512_1,33905826,128,10
1518910676,mqlp_4_512_1,34109781,128,10
1593763752,mqlp_4_512_1,33927442,128,10
1573748912,mqlp_4_512_1,33968458,128,10
1657475242,mqlp_4_512_1,33935205,128,10
1532182776,mqlp_4_512_2,34250103,128,10
1439975998,mqlp_4_512_2,34480715,128,10
1380236636,mqlp_4_512_2,34349115,128,10
1420615866,mqlp_4_512_2,34302779,128,10
1359570460,mqlp_4_512_2,34345965,128,10
1330960150,mqlp_4_512_4,35102624,128,10
1353257728,mqlp_4_512_4,34776959,128,10
1329423006,mqlp_4_512_4,34768400,128,10
1317800290,mqlp_4_512_4,34849774,128,10
1345374576,mqlp_4_512_4,34839647,128,10
1282129842,mqlp_4_512_8,35511201,128,10
1262947296,mqlp_4_512_8,35548719,128,10
1295810838,mqlp_4_512_8,35871236,128,10
1276341932,mqlp_4_512_8,35576889,128,10
1275070788,mqlp_4_512_8,35651368,128,10
1239434304,mqlp_4_512_16,36727968,128,10
1227738644,mqlp_4_512_16,36752375,128,10
1215612574,mqlp_4_512_16,36815548,128,10
1255516254,mqlp_4_512_16,37000506,128,10
1260073934,mqlp_4_512_16,36860865,128,10
1163199924,mqlp_4_512_32,39473888,128,10
1159429964,mqlp_4_512_32,39131456,128,10
1153963124,mqlp_4_512_32,39088715,128,10
1162438462,mqlp_4_512_32,39201078,128,10
1156160128,mqlp_4_512_32,39137842,128,10
1082382582,mqlp_4_512_64,43535060,128,10
1084895774,mqlp_4_512_64,43524083,128,10
1074906318,mqlp_4_512_64,43320770,128,10
1081618868,mqlp_4_512_64,43542085,128,10
1083098262,mqlp_4_512_64,43615441,128,10
977182902,mqlp_4_512_128,49975370,128,10
970926222,mqlp_4_512_128,49821796,128,10
972912094,mqlp_4_512_128,49571839,128,10
969346390,mqlp_4_512_128,49793248,128,10
973305138,mqlp_4_512_128,49697904,128,10
876880416,mqlp_4_512_256,58832998,128,10
875487360,mqlp_4_512_256,58460248,128,10
879960554,mqlp_4_512_256,59270518,128,10
875907356,mqlp_4_512_256,58616864,128,10
876989296,mqlp_4_512_256,58757900,128,10
813915658,mqlp_4_512_512,70107678,128,10
815658962,mqlp_4_512_512,70406001,128,10
821491170,mqlp_4_512_512,71086124,128,10
820805268,mqlp_4_512_512,70522295,128,10
821669800,mqlp_4_512_512,70617965,128,10
845726282,mqlp_4_512_1024,87732378,128,10
834364084,mqlp_4_512_1024,85779246,128,10
837759068,mqlp_4_512_1024,85896651,128,10
823253212,mqlp_4_512_1024,84037314,128,10
849604356,mqlp_4_512_1024,88782993,128,10
1534383618,mqlp_4_1024_1,33990576,128,10
1597588712,mqlp_4_1024_1,34019550,128,10
1610124458,mqlp_4_1024_1,34519613,128,10
1553813540,mqlp_4_1024_1,33972865,128,10
1490658712,mqlp_4_1024_1,33890868,128,10
1517053468,mqlp_4_1024_2,34536604,128,10
1422801570,mqlp_4_1024_2,34513186,128,10
1372040136,mqlp_4_1024_2,34633890,128,10
1558433170,mqlp_4_1024_2,34894672,128,10
1420261056,mqlp_4_1024_2,34356036,128,10
1337907170,mqlp_4_1024_4,34834587,128,10
1373741068,mqlp_4_1024_4,34786545,128,10
1365096252,mqlp_4_1024_4,34784115,128,10
1343465870,mqlp_4_1024_4,34886942,128,10
1309357538,mqlp_4_1024_4,35111292,128,10
1317553022,mqlp_4_1024_8,35563735,128,10
1263823194,mqlp_4_1024_8,35524759,128,10
1269556596,mqlp_4_1024_8,35490144,128,10
1296668444,mqlp_4_1024_8,35599099,128,10
1303193830,mqlp_4_1024_8,35503011,128,10
1240845950,mqlp_4_1024_16,36760592,128,10
1245440746,mqlp_4_1024_16,36755412,128,10
1345249944,mqlp_4_1024_16,36972496,128,10
1253504872,mqlp_4_1024_16,36745693,128,10
1332005232,mqlp_4_1024_16,36918388,128,10
1161563630,mqlp_4_1024_32,39186637,128,10
1169619746,mqlp_4_1024_32,39181096,128,10
1173739848,mqlp_4_1024_32,39095784,128,10
1185279954,mqlp_4_1024_32,39123933,128,10
1161993190,mqlp_4_1024_32,39148569,128,10
1098666110,mqlp_4_1024_64,43752296,128,10
1108826458,mqlp_4_1024_64,43405693,128,10
1105796340,mqlp_4_1024_64,43351855,128,10
1084485330,mqlp_4_1024_64,43316857,128,10
1074231162,mqlp_4_1024_64,43216934,128,10
976737496,mqlp_4_1024_128,49754602,128,10
976086976,mqlp_4_1024_128,49835065,128,10
987581608,mqlp_4_1024_128,49621831,128,10
975251130,mqlp_4_1024_128,49607775,128,10
991238350,mqlp_4_1024_128,49767728,128,10
867790456,mqlp_4_1024_256,59003130,128,10
879031976,mqlp_4_1024_256,59053894,128,10
877016846,mqlp_4_1024_256,58647564,128,10
875336486,mqlp_4_1024_256,58765705,128,10
882596564,mqlp_4_1024_256,59304331,128,10
818781942,mqlp_4_1024_512,70267423,128,10
815147544,mqlp_4_1024_512,69737844,128,10
822381354,mqlp_4_1024_512,70074096,128,10
827343214,mqlp_4_1024_512,70324238,128,10
817727170,mqlp_4_1024_512,69867546,128,10
806306186,mqlp_4_1024_1024,83926098,128,10
812312516,mqlp_4_1024_1024,84180082,128,10
809764180,mqlp_4_1024_1024,83349128,128,10
820428940,mqlp_4_1024_1024,84633798,128,10
848575242,mqlp_4_1024_1024,87694860,128,10
