20094449060,mqppnuma_4_1_2_128,31252393,1
18646856000,mqppnuma_4_1_2_128,28923016,1
18688293600,mqppnuma_4_1_2_128,28921586,1
19094919680,mqppnuma_4_1_2_128,28922267,1
18627541500,mqppnuma_4_1_2_128,28921585,1
11887216500,mqppnuma_4_1_2_128,28985688,2
11807665620,mqppnuma_4_1_2_128,28990306,2
11932590800,mqppnuma_4_1_2_128,28988367,2
11888247980,mqppnuma_4_1_2_128,28987619,2
12091158320,mqppnuma_4_1_2_128,28988871,2
5731363300,mqppnuma_4_1_2_128,29094388,4
5730021360,mqppnuma_4_1_2_128,29095249,4
5755616680,mqppnuma_4_1_2_128,29092662,4
5732066320,mqppnuma_4_1_2_128,29090857,4
5729465260,mqppnuma_4_1_2_128,29090174,4
6485218860,mqppnuma_4_1_2_128,29270434,8
6477329640,mqppnuma_4_1_2_128,29275433,8
6435240100,mqppnuma_4_1_2_128,29273131,8
6475373220,mqppnuma_4_1_2_128,29275168,8
6798340840,mqppnuma_4_1_2_128,29274455,8
3854156520,mqppnuma_4_1_2_128,29617809,16
3893235920,mqppnuma_4_1_2_128,29618745,16
3898492860,mqppnuma_4_1_2_128,29600736,16
3915809860,mqppnuma_4_1_2_128,29609730,16
3907944600,mqppnuma_4_1_2_128,29617699,16
2195173720,mqppnuma_4_1_2_128,30247244,32
2175564100,mqppnuma_4_1_2_128,30259853,32
2198367140,mqppnuma_4_1_2_128,30234697,32
2182358640,mqppnuma_4_1_2_128,30219863,32
2175791340,mqppnuma_4_1_2_128,30220738,32
1259786100,mqppnuma_4_1_2_128,31520261,64
1258942220,mqppnuma_4_1_2_128,31496844,64
1259622980,mqppnuma_4_1_2_128,31525364,64
1258667940,mqppnuma_4_1_2_128,31529483,64
1256749720,mqppnuma_4_1_2_128,31508529,64
771967400,mqppnuma_4_1_2_128,35314726,128
777477660,mqppnuma_4_1_2_128,35381354,128
772630480,mqppnuma_4_1_2_128,35281508,128
771595120,mqppnuma_4_1_2_128,35278402,128
774740820,mqppnuma_4_1_2_128,35408042,128
598471420,mqppnuma_4_1_2_128,42952765,256
591364260,mqppnuma_4_1_2_128,42914843,256
591836940,mqppnuma_4_1_2_128,42839502,256
587931900,mqppnuma_4_1_2_128,42907599,256
601631280,mqppnuma_4_1_2_128,42953629,256
