3290029700,mqppnuma_4_4_512_32,6576766,1
3276888640,mqppnuma_4_4_512_32,6581327,1
3268740420,mqppnuma_4_4_512_32,6576147,1
3235348800,mqppnuma_4_4_512_32,6578606,1
3265328900,mqppnuma_4_4_512_32,6570076,1
1668933520,mqppnuma_4_4_512_32,6440091,2
1686704000,mqppnuma_4_4_512_32,6442279,2
1660746220,mqppnuma_4_4_512_32,6444582,2
1691482280,mqppnuma_4_4_512_32,6441317,2
1651589060,mqppnuma_4_4_512_32,6444516,2
866814820,mqppnuma_4_4_512_32,6490917,4
856963180,mqppnuma_4_4_512_32,6485411,4
869529280,mqppnuma_4_4_512_32,6487062,4
749575480,mqppnuma_4_4_512_32,6481804,4
841629460,mqppnuma_4_4_512_32,6482204,4
796044040,mqppnuma_4_4_512_32,6564993,8
795457500,mqppnuma_4_4_512_32,6574112,8
791455060,mqppnuma_4_4_512_32,6572514,8
766041560,mqppnuma_4_4_512_32,6574908,8
784216920,mqppnuma_4_4_512_32,6564066,8
496717000,mqppnuma_4_4_512_32,6650901,16
451718560,mqppnuma_4_4_512_32,6654557,16
484329320,mqppnuma_4_4_512_32,6665636,16
504852340,mqppnuma_4_4_512_32,6663410,16
502871500,mqppnuma_4_4_512_32,6662084,16
279424800,mqppnuma_4_4_512_32,6727367,32
276898020,mqppnuma_4_4_512_32,6710693,32
280700500,mqppnuma_4_4_512_32,6717158,32
276378300,mqppnuma_4_4_512_32,6714736,32
276472140,mqppnuma_4_4_512_32,6720947,32
174205200,mqppnuma_4_4_512_32,6752323,64
174770280,mqppnuma_4_4_512_32,6751280,64
175274400,mqppnuma_4_4_512_32,6750956,64
173472340,mqppnuma_4_4_512_32,6755698,64
173654900,mqppnuma_4_4_512_32,6757757,64
112416920,mqppnuma_4_4_512_32,6989207,128
113899900,mqppnuma_4_4_512_32,7038832,128
111892900,mqppnuma_4_4_512_32,6980590,128
111571360,mqppnuma_4_4_512_32,6974384,128
112586920,mqppnuma_4_4_512_32,7014507,128
83985500,mqppnuma_4_4_512_32,7056764,256
83966660,mqppnuma_4_4_512_32,7058256,256
83406460,mqppnuma_4_4_512_32,7092333,256
87151360,mqppnuma_4_4_512_32,7085091,256
83866820,mqppnuma_4_4_512_32,7126123,256
