61240842520,mqppnuma_4_1024_16_4,47894693,1,0
35069041560,mqppnuma_4_1024_16_4,27741122,1,0
61109282920,mqppnuma_4_1024_16_4,47894693,1,0
61078820240,mqppnuma_4_1024_16_4,47894693,1,0
59785366380,mqppnuma_4_1024_16_4,46542965,1,0
35522882260,mqppnuma_4_1024_16_4,47950076,2,0
35429241780,mqppnuma_4_1024_16_4,47949865,2,0
35392098560,mqppnuma_4_1024_16_4,47950311,2,0
35422465680,mqppnuma_4_1024_16_4,47949701,2,0
35519768340,mqppnuma_4_1024_16_4,47950875,2,0
20278162620,mqppnuma_4_1024_16_4,47980073,4,0
20317864460,mqppnuma_4_1024_16_4,47979493,4,0
20249833080,mqppnuma_4_1024_16_4,47979751,4,0
20284363680,mqppnuma_4_1024_16_4,47978825,4,0
20285113620,mqppnuma_4_1024_16_4,47979182,4,0
13649810040,mqppnuma_4_1024_16_4,47972298,8,0
13654501800,mqppnuma_4_1024_16_4,47974861,8,0
13721274460,mqppnuma_4_1024_16_4,47969733,8,0
13682365600,mqppnuma_4_1024_16_4,47972517,8,0
13656630960,mqppnuma_4_1024_16_4,47971785,8,0
8695313700,mqppnuma_4_1024_16_4,47984554,16,0
8695714200,mqppnuma_4_1024_16_4,47982222,16,0
8692321400,mqppnuma_4_1024_16_4,47992072,16,0
8701056760,mqppnuma_4_1024_16_4,47978040,16,0
8688901300,mqppnuma_4_1024_16_4,47968654,16,0
6097274540,mqppnuma_4_1024_16_4,47975599,32,0
6085048780,mqppnuma_4_1024_16_4,47982517,32,0
6070831880,mqppnuma_4_1024_16_4,47975674,32,0
6081203460,mqppnuma_4_1024_16_4,47998260,32,0
6102155020,mqppnuma_4_1024_16_4,47993960,32,0
5067268160,mqppnuma_4_1024_16_4,48010771,64,0
5105163940,mqppnuma_4_1024_16_4,48006472,64,0
5032500460,mqppnuma_4_1024_16_4,48019201,64,0
5132526580,mqppnuma_4_1024_16_4,48011180,64,0
5058963460,mqppnuma_4_1024_16_4,48020277,64,0
6174765760,mqppnuma_4_1024_16_4,48090235,128,0
6154249340,mqppnuma_4_1024_16_4,48088147,128,0
6145525260,mqppnuma_4_1024_16_4,48097843,128,0
6105864820,mqppnuma_4_1024_16_4,48083161,128,0
6325040520,mqppnuma_4_1024_16_4,48082403,128,0
4111336340,mqppnuma_4_1024_16_4,48211034,256,0
4175844420,mqppnuma_4_1024_16_4,48209390,256,0
4231340080,mqppnuma_4_1024_16_4,48227528,256,0
4118323640,mqppnuma_4_1024_16_4,48226501,256,0
6077042560,mqppnuma_4_1024_16_4,48314803,256,0
