606198698,smqhmnuma_8_2_1,38434161,128
607355154,smqhmnuma_8_2_1,38640042,128
624901952,smqhmnuma_8_2_1,39803992,128
612726454,smqhmnuma_8_2_1,38829234,128
611110214,smqhmnuma_8_2_1,38831238,128
604339964,smqhmnuma_8_2_2,38340466,128
614474934,smqhmnuma_8_2_2,39047284,128
625300438,smqhmnuma_8_2_2,39665518,128
611754988,smqhmnuma_8_2_2,38814980,128
602474140,smqhmnuma_8_2_2,38199185,128
608152842,smqhmnuma_8_2_4,38436618,128
616995392,smqhmnuma_8_2_4,38910170,128
610306692,smqhmnuma_8_2_4,38588324,128
606443332,smqhmnuma_8_2_4,38426682,128
610485464,smqhmnuma_8_2_4,38489003,128
612532952,smqhmnuma_8_2_8,38806786,128
609972598,smqhmnuma_8_2_8,38536465,128
604967434,smqhmnuma_8_2_8,38412628,128
605246352,smqhmnuma_8_2_8,38405678,128
605712244,smqhmnuma_8_2_8,38403027,128
613318598,smqhmnuma_8_2_16,38741042,128
617885630,smqhmnuma_8_2_16,39330372,128
604217304,smqhmnuma_8_2_16,38267573,128
610841380,smqhmnuma_8_2_16,38813570,128
613202610,smqhmnuma_8_2_16,38969061,128
601612642,smqhmnuma_8_2_32,38122055,128
605989484,smqhmnuma_8_2_32,38494869,128
611426078,smqhmnuma_8_2_32,38790487,128
617151296,smqhmnuma_8_2_32,39270490,128
607821340,smqhmnuma_8_2_32,38589332,128
608718086,smqhmnuma_8_2_64,38637151,128
607009134,smqhmnuma_8_2_64,38578991,128
619535244,smqhmnuma_8_2_64,39458608,128
605278418,smqhmnuma_8_2_64,38445404,128
606267582,smqhmnuma_8_2_64,38305128,128
606707450,smqhmnuma_8_2_128,38429427,128
614134336,smqhmnuma_8_2_128,39036578,128
622226310,smqhmnuma_8_2_128,39572876,128
604025886,smqhmnuma_8_2_128,38281105,128
603345310,smqhmnuma_8_2_128,38374043,128
609962224,smqhmnuma_8_2_256,38773401,128
610520480,smqhmnuma_8_2_256,38674992,128
625706124,smqhmnuma_8_2_256,39885390,128
609749152,smqhmnuma_8_2_256,38705454,128
604410578,smqhmnuma_8_2_256,38319006,128
600615580,smqhmnuma_8_2_512,38119510,128
608303634,smqhmnuma_8_2_512,38528839,128
605525584,smqhmnuma_8_2_512,38432166,128
616731514,smqhmnuma_8_2_512,39084962,128
611338248,smqhmnuma_8_2_512,38772850,128
613846498,smqhmnuma_8_2_1024,38994743,128
612307986,smqhmnuma_8_2_1024,38795183,128
607980756,smqhmnuma_8_2_1024,38575678,128
604503824,smqhmnuma_8_2_1024,38291897,128
608415942,smqhmnuma_8_2_1024,38569977,128
