87695976,smqhmnuma_16_4_1,7422499,128
87685770,smqhmnuma_16_4_1,7445675,128
87979402,smqhmnuma_16_4_1,7437620,128
86490224,smqhmnuma_16_4_1,7357823,128
87464134,smqhmnuma_16_4_1,7397553,128
87161920,smqhmnuma_16_4_2,7389026,128
87424996,smqhmnuma_16_4_2,7403401,128
86910792,smqhmnuma_16_4_2,7374947,128
87349600,smqhmnuma_16_4_2,7394483,128
87831706,smqhmnuma_16_4_2,7412496,128
87310326,smqhmnuma_16_4_4,7392026,128
87443268,smqhmnuma_16_4_4,7404833,128
87090448,smqhmnuma_16_4_4,7379675,128
87233632,smqhmnuma_16_4_4,7402096,128
88626440,smqhmnuma_16_4_4,7500951,128
88324462,smqhmnuma_16_4_8,7463689,128
87743164,smqhmnuma_16_4_8,7431665,128
87012700,smqhmnuma_16_4_8,7371053,128
88019598,smqhmnuma_16_4_8,7454275,128
87537464,smqhmnuma_16_4_8,7405762,128
86995060,smqhmnuma_16_4_16,7409762,128
88172040,smqhmnuma_16_4_16,7444165,128
86711284,smqhmnuma_16_4_16,7405409,128
87213822,smqhmnuma_16_4_16,7374286,128
86948752,smqhmnuma_16_4_16,7393710,128
87737746,smqhmnuma_16_4_32,7475694,128
87297896,smqhmnuma_16_4_32,7378539,128
87470400,smqhmnuma_16_4_32,7396961,128
88317892,smqhmnuma_16_4_32,7456022,128
87172094,smqhmnuma_16_4_32,7350908,128
87878126,smqhmnuma_16_4_64,7457868,128
88408706,smqhmnuma_16_4_64,7487812,128
88419098,smqhmnuma_16_4_64,7438456,128
87229368,smqhmnuma_16_4_64,7400144,128
86937674,smqhmnuma_16_4_64,7373635,128
87847356,smqhmnuma_16_4_128,7390029,128
88193500,smqhmnuma_16_4_128,7403251,128
87780548,smqhmnuma_16_4_128,7409679,128
88037950,smqhmnuma_16_4_128,7408450,128
87401070,smqhmnuma_16_4_128,7367249,128
87194336,smqhmnuma_16_4_256,7393356,128
87657270,smqhmnuma_16_4_256,7393267,128
88336608,smqhmnuma_16_4_256,7487936,128
87333896,smqhmnuma_16_4_256,7399468,128
87538428,smqhmnuma_16_4_256,7403461,128
87308654,smqhmnuma_16_4_512,7362313,128
86867742,smqhmnuma_16_4_512,7387444,128
87803478,smqhmnuma_16_4_512,7398096,128
87900000,smqhmnuma_16_4_512,7394674,128
87928944,smqhmnuma_16_4_512,7433351,128
88205374,smqhmnuma_16_4_1024,7411541,128
87549964,smqhmnuma_16_4_1024,7415237,128
87679528,smqhmnuma_16_4_1024,7411349,128
87520838,smqhmnuma_16_4_1024,7380107,128
88125522,smqhmnuma_16_4_1024,7508674,128
