290805018,smqhmnuma_16_4_1,25589467,128
290018244,smqhmnuma_16_4_1,25523823,128
291454640,smqhmnuma_16_4_1,25588397,128
292276234,smqhmnuma_16_4_1,25596564,128
290426870,smqhmnuma_16_4_1,25590530,128
290669826,smqhmnuma_16_4_2,25581024,128
291654928,smqhmnuma_16_4_2,25538239,128
290915948,smqhmnuma_16_4_2,25542646,128
290147942,smqhmnuma_16_4_2,25580400,128
291075928,smqhmnuma_16_4_2,25540814,128
291286008,smqhmnuma_16_4_4,25527352,128
291023980,smqhmnuma_16_4_4,25539693,128
290997306,smqhmnuma_16_4_4,25580143,128
293123688,smqhmnuma_16_4_4,25665811,128
290482718,smqhmnuma_16_4_4,25539148,128
290909576,smqhmnuma_16_4_8,25506503,128
325719530,smqhmnuma_16_4_8,25513204,128
293234538,smqhmnuma_16_4_8,25627623,128
291211224,smqhmnuma_16_4_8,25524913,128
292988528,smqhmnuma_16_4_8,25535133,128
290390764,smqhmnuma_16_4_16,25560395,128
292012920,smqhmnuma_16_4_16,25566819,128
291248972,smqhmnuma_16_4_16,25578392,128
290568484,smqhmnuma_16_4_16,25559322,128
294224270,smqhmnuma_16_4_16,25570037,128
290219750,smqhmnuma_16_4_32,25527304,128
291135244,smqhmnuma_16_4_32,25620105,128
290402746,smqhmnuma_16_4_32,25577114,128
290711056,smqhmnuma_16_4_32,25539708,128
291374964,smqhmnuma_16_4_32,25574941,128
292305650,smqhmnuma_16_4_64,25553649,128
291304238,smqhmnuma_16_4_64,25528575,128
290856880,smqhmnuma_16_4_64,25521386,128
291267420,smqhmnuma_16_4_64,25567804,128
290430540,smqhmnuma_16_4_64,25552653,128
292113618,smqhmnuma_16_4_128,25550660,128
292352898,smqhmnuma_16_4_128,25528829,128
292951588,smqhmnuma_16_4_128,25553432,128
291956616,smqhmnuma_16_4_128,25526614,128
293179972,smqhmnuma_16_4_128,25541480,128
290789106,smqhmnuma_16_4_256,25521326,128
291890386,smqhmnuma_16_4_256,25641322,128
291483548,smqhmnuma_16_4_256,25625149,128
290903334,smqhmnuma_16_4_256,25562160,128
291594212,smqhmnuma_16_4_256,25610851,128
292114604,smqhmnuma_16_4_512,25575602,128
290704266,smqhmnuma_16_4_512,25571655,128
291867848,smqhmnuma_16_4_512,25543318,128
292187712,smqhmnuma_16_4_512,25478077,128
290381642,smqhmnuma_16_4_512,25553320,128
291154406,smqhmnuma_16_4_1024,25551357,128
291307254,smqhmnuma_16_4_1024,25585525,128
290874728,smqhmnuma_16_4_1024,25589779,128
291328634,smqhmnuma_16_4_1024,25601532,128
291059050,smqhmnuma_16_4_1024,25596312,128
