2585820180,smqhmnuma_2_16_1,12561980,128,0
3260522722,smqhmnuma_2_16_1,12571906,128,0
2540623328,smqhmnuma_2_16_1,12560931,128,0
2578421782,smqhmnuma_2_16_1,12572062,128,0
2502813662,smqhmnuma_2_16_1,12561363,128,0
2846730082,smqhmnuma_2_16_1,12574895,128,0
2562371066,smqhmnuma_2_16_1,12561208,128,0
2518418978,smqhmnuma_2_16_2,12570325,128,0
2894034224,smqhmnuma_2_16_2,12566880,128,0
2586046374,smqhmnuma_2_16_2,12560494,128,0
2779406144,smqhmnuma_2_16_2,12571370,128,0
2857805198,smqhmnuma_2_16_2,12575923,128,0
2528925026,smqhmnuma_2_16_4,12572895,128,0
2596648562,smqhmnuma_2_16_4,12554689,128,0
2737082424,smqhmnuma_2_16_4,12564101,128,0
2534409702,smqhmnuma_2_16_4,12555361,128,0
2703147254,smqhmnuma_2_16_4,12572218,128,0
2552112046,smqhmnuma_2_16_8,12570404,128,0
2553099534,smqhmnuma_2_16_8,12561755,128,0
2682820964,smqhmnuma_2_16_8,12574361,128,0
2552357044,smqhmnuma_2_16_8,12561953,128,0
2593427940,smqhmnuma_2_16_8,12563153,128,0
2567210194,smqhmnuma_2_16_16,12562104,128,0
2688346034,smqhmnuma_2_16_16,12570891,128,0
3161248564,smqhmnuma_2_16_16,12563559,128,0
2553439134,smqhmnuma_2_16_16,12562642,128,0
2575604676,smqhmnuma_2_16_16,12569486,128,0
2489739712,smqhmnuma_2_16_32,12569170,128,0
2544367668,smqhmnuma_2_16_32,12571440,128,0
2551176742,smqhmnuma_2_16_32,12570447,128,0
2954043060,smqhmnuma_2_16_32,12576400,128,0
2878142162,smqhmnuma_2_16_32,12567208,128,0
2793496372,smqhmnuma_2_16_64,12569597,128,0
2625251462,smqhmnuma_2_16_64,12571270,128,0
2671482210,smqhmnuma_2_16_64,12571059,128,0
2575046384,smqhmnuma_2_16_64,12563018,128,0
3094954020,smqhmnuma_2_16_64,12568173,128,0
2749241362,smqhmnuma_2_16_128,12570801,128,0
2675812214,smqhmnuma_2_16_128,12573153,128,0
2605571426,smqhmnuma_2_16_128,12561698,128,0
2525012544,smqhmnuma_2_16_128,12567425,128,0
2532819226,smqhmnuma_2_16_128,12572739,128,0
2564692008,smqhmnuma_2_16_256,12559831,128,0
2559051624,smqhmnuma_2_16_256,12571001,128,0
2626293780,smqhmnuma_2_16_256,12570729,128,0
2577229738,smqhmnuma_2_16_256,12570892,128,0
2539268268,smqhmnuma_2_16_256,12570498,128,0
2592837382,smqhmnuma_2_16_512,12561881,128,0
2618311194,smqhmnuma_2_16_512,12563909,128,0
2541843196,smqhmnuma_2_16_512,12561766,128,0
2611591440,smqhmnuma_2_16_512,12563215,128,0
2601684220,smqhmnuma_2_16_512,12569580,128,0
2552455716,smqhmnuma_2_16_1024,12571904,128,0
2587872180,smqhmnuma_2_16_1024,12572585,128,0
3100528592,smqhmnuma_2_16_1024,12576876,128,0
2550510724,smqhmnuma_2_16_1024,12560924,128,0
2496690198,smqhmnuma_2_16_1024,12570023,128,0
