443971244,smqhmnuma_8_2_1,34768980,128,14
444396474,smqhmnuma_8_2_1,34867315,128,14
445564002,smqhmnuma_8_2_1,34991082,128,14
443722524,smqhmnuma_8_2_1,34860698,128,14
445395892,smqhmnuma_8_2_1,34974557,128,14
445824286,smqhmnuma_8_2_2,35068918,128,14
444054906,smqhmnuma_8_2_2,34852068,128,14
447123924,smqhmnuma_8_2_2,35078229,128,14
445463500,smqhmnuma_8_2_2,34951824,128,14
444567352,smqhmnuma_8_2_2,34900847,128,14
446547136,smqhmnuma_8_2_4,35025649,128,14
445272394,smqhmnuma_8_2_4,34879708,128,14
446251796,smqhmnuma_8_2_4,34992723,128,14
446786382,smqhmnuma_8_2_4,35166059,128,14
446601918,smqhmnuma_8_2_4,35039941,128,14
443335038,smqhmnuma_8_2_8,34914319,128,14
443347056,smqhmnuma_8_2_8,34848499,128,14
444677846,smqhmnuma_8_2_8,34771689,128,14
444906900,smqhmnuma_8_2_8,34932579,128,14
444755454,smqhmnuma_8_2_8,35021580,128,14
444207588,smqhmnuma_8_2_16,34901057,128,14
446127336,smqhmnuma_8_2_16,35015063,128,14
444032106,smqhmnuma_8_2_16,34776416,128,14
444956734,smqhmnuma_8_2_16,34904564,128,14
446193358,smqhmnuma_8_2_16,35017598,128,14
444478022,smqhmnuma_8_2_32,34804992,128,14
445996682,smqhmnuma_8_2_32,34994436,128,14
444365696,smqhmnuma_8_2_32,34840922,128,14
444568924,smqhmnuma_8_2_32,34971798,128,14
443900262,smqhmnuma_8_2_32,34858683,128,14
444787276,smqhmnuma_8_2_64,34869763,128,14
445740512,smqhmnuma_8_2_64,35056135,128,14
445856220,smqhmnuma_8_2_64,35093255,128,14
447731740,smqhmnuma_8_2_64,35063148,128,14
446294698,smqhmnuma_8_2_64,34940476,128,14
443246526,smqhmnuma_8_2_128,34777591,128,14
445423984,smqhmnuma_8_2_128,34983250,128,14
444372430,smqhmnuma_8_2_128,34944538,128,14
443254368,smqhmnuma_8_2_128,34729174,128,14
444707456,smqhmnuma_8_2_128,34935734,128,14
444443646,smqhmnuma_8_2_256,34831446,128,14
445261314,smqhmnuma_8_2_256,34901080,128,14
444473370,smqhmnuma_8_2_256,34881849,128,14
444738442,smqhmnuma_8_2_256,34957824,128,14
444998890,smqhmnuma_8_2_256,34951032,128,14
444019380,smqhmnuma_8_2_512,34738280,128,14
445425978,smqhmnuma_8_2_512,35028125,128,14
445527686,smqhmnuma_8_2_512,34897446,128,14
443761588,smqhmnuma_8_2_512,34852524,128,14
445272236,smqhmnuma_8_2_512,34971396,128,14
445077208,smqhmnuma_8_2_1024,34880990,128,14
444514154,smqhmnuma_8_2_1024,34873814,128,14
444343632,smqhmnuma_8_2_1024,34778460,128,14
447508688,smqhmnuma_8_2_1024,35110970,128,14
454424332,smqhmnuma_8_2_1024,34740457,128,14
