152174240,smqhmnuma_8_2_1,11887353,128,14
152593584,smqhmnuma_8_2_1,11789713,128,14
150027640,smqhmnuma_8_2_1,11561225,128,14
150587464,smqhmnuma_8_2_1,11693400,128,14
150013600,smqhmnuma_8_2_1,11659555,128,14
149527860,smqhmnuma_8_2_2,11534441,128,14
150390036,smqhmnuma_8_2_2,11641111,128,14
152162684,smqhmnuma_8_2_2,11786297,128,14
149109454,smqhmnuma_8_2_2,11538117,128,14
150764566,smqhmnuma_8_2_2,11633096,128,14
150147918,smqhmnuma_8_2_4,11645506,128,14
151740450,smqhmnuma_8_2_4,11791279,128,14
149289336,smqhmnuma_8_2_4,11508951,128,14
151285870,smqhmnuma_8_2_4,11709346,128,14
150867300,smqhmnuma_8_2_4,11650521,128,14
150293498,smqhmnuma_8_2_8,11611786,128,14
149781820,smqhmnuma_8_2_8,11591843,128,14
152312772,smqhmnuma_8_2_8,11833858,128,14
149445782,smqhmnuma_8_2_8,11561412,128,14
150609414,smqhmnuma_8_2_8,11675370,128,14
151955600,smqhmnuma_8_2_16,11786442,128,14
152762762,smqhmnuma_8_2_16,11854412,128,14
151476502,smqhmnuma_8_2_16,11671507,128,14
151428230,smqhmnuma_8_2_16,11683092,128,14
150774914,smqhmnuma_8_2_16,11669592,128,14
151355820,smqhmnuma_8_2_32,11749342,128,14
151036132,smqhmnuma_8_2_32,11655535,128,14
152655868,smqhmnuma_8_2_32,11826727,128,14
151757210,smqhmnuma_8_2_32,11793749,128,14
151265788,smqhmnuma_8_2_32,11738976,128,14
149973168,smqhmnuma_8_2_64,11661610,128,14
153729078,smqhmnuma_8_2_64,11928152,128,14
149800434,smqhmnuma_8_2_64,11613431,128,14
152062264,smqhmnuma_8_2_64,11796096,128,14
152541288,smqhmnuma_8_2_64,11858551,128,14
150424812,smqhmnuma_8_2_128,11617622,128,14
150144702,smqhmnuma_8_2_128,11652897,128,14
152761894,smqhmnuma_8_2_128,11846685,128,14
150704732,smqhmnuma_8_2_128,11664280,128,14
149976702,smqhmnuma_8_2_128,11606454,128,14
150391210,smqhmnuma_8_2_256,11652146,128,14
152530718,smqhmnuma_8_2_256,11838927,128,14
150172762,smqhmnuma_8_2_256,11662180,128,14
153838104,smqhmnuma_8_2_256,11962260,128,14
150873506,smqhmnuma_8_2_256,11709916,128,14
151358066,smqhmnuma_8_2_512,11729087,128,14
150658976,smqhmnuma_8_2_512,11651043,128,14
151517286,smqhmnuma_8_2_512,11661690,128,14
149854038,smqhmnuma_8_2_512,11582732,128,14
150804462,smqhmnuma_8_2_512,11689031,128,14
152240524,smqhmnuma_8_2_1024,11810865,128,14
150949622,smqhmnuma_8_2_1024,11714455,128,14
152413216,smqhmnuma_8_2_1024,11785128,128,14
150597564,smqhmnuma_8_2_1024,11702765,128,14
153289628,smqhmnuma_8_2_1024,11898842,128,14
