3840797174,smqhmnuma_32_16_1,92513149,128,0
3098264040,smqhmnuma_32_16_1,79389337,128,0
3108994164,smqhmnuma_32_16_1,80494660,128,0
2948605674,smqhmnuma_32_16_1,79818184,128,0
2907409312,smqhmnuma_32_16_1,78859756,128,0
3024513598,smqhmnuma_32_16_2,80092003,128,0
3069080710,smqhmnuma_32_16_2,79916864,128,0
3288331752,smqhmnuma_32_16_2,85281096,128,0
2969272246,smqhmnuma_32_16_2,80069898,128,0
3084384338,smqhmnuma_32_16_2,79226129,128,0
3069192726,smqhmnuma_32_16_4,80351792,128,0
3681668782,smqhmnuma_32_16_4,79612670,128,0
2991794844,smqhmnuma_32_16_4,80327189,128,0
2969977168,smqhmnuma_32_16_4,79927948,128,0
2994556876,smqhmnuma_32_16_4,78695435,128,0
2969516892,smqhmnuma_32_16_8,81694092,128,0
3018495434,smqhmnuma_32_16_8,78611229,128,0
2907703170,smqhmnuma_32_16_8,79479716,128,0
3042362088,smqhmnuma_32_16_8,79608838,128,0
2929016232,smqhmnuma_32_16_8,78210494,128,0
2881675428,smqhmnuma_32_16_16,78698924,128,0
2975459660,smqhmnuma_32_16_16,80276379,128,0
3076148418,smqhmnuma_32_16_16,79786937,128,0
2947371666,smqhmnuma_32_16_16,80166178,128,0
2931920298,smqhmnuma_32_16_16,80054523,128,0
3095715178,smqhmnuma_32_16_32,79066880,128,0
3094540868,smqhmnuma_32_16_32,79249388,128,0
3058412300,smqhmnuma_32_16_32,79825541,128,0
2928246928,smqhmnuma_32_16_32,79330066,128,0
3044097088,smqhmnuma_32_16_32,79215736,128,0
3159827944,smqhmnuma_32_16_64,79242090,128,0
3123528640,smqhmnuma_32_16_64,78948202,128,0
3128292006,smqhmnuma_32_16_64,79771755,128,0
2914485016,smqhmnuma_32_16_64,78488133,128,0
3660601392,smqhmnuma_32_16_64,82360980,128,0
2796152052,smqhmnuma_32_16_128,79685240,128,0
3077975016,smqhmnuma_32_16_128,79884921,128,0
2864395938,smqhmnuma_32_16_128,78648149,128,0
3379877878,smqhmnuma_32_16_128,79226593,128,0
2897025010,smqhmnuma_32_16_128,79148854,128,0
2969529134,smqhmnuma_32_16_256,79157001,128,0
2960604628,smqhmnuma_32_16_256,78918016,128,0
3306743096,smqhmnuma_32_16_256,81294845,128,0
2895986148,smqhmnuma_32_16_256,79389087,128,0
2849651216,smqhmnuma_32_16_256,79255120,128,0
2938845338,smqhmnuma_32_16_512,80193904,128,0
3056240938,smqhmnuma_32_16_512,80267218,128,0
3099659052,smqhmnuma_32_16_512,79365832,128,0
3107560508,smqhmnuma_32_16_512,80411977,128,0
2915745908,smqhmnuma_32_16_512,78591818,128,0
3177784554,smqhmnuma_32_16_1024,81067527,128,0
3049853074,smqhmnuma_32_16_1024,79129619,128,0
2934724724,smqhmnuma_32_16_1024,79106711,128,0
3709849004,smqhmnuma_32_16_1024,90511817,128,0
3066389314,smqhmnuma_32_16_1024,80315272,128,0
