255414100,slsmqhmnuma_16_2_1,29424417,256
251739500,slsmqhmnuma_16_2_1,29256769,256
256651040,slsmqhmnuma_16_2_1,29288061,256
254473040,slsmqhmnuma_16_2_1,29315868,256
297310200,slsmqhmnuma_16_2_2,29382328,256
252507100,slsmqhmnuma_16_2_2,29218102,256
253733660,slsmqhmnuma_16_2_2,29390492,256
263276800,slsmqhmnuma_16_2_2,29325167,256
254305540,slsmqhmnuma_16_2_4,29312177,256
251369060,slsmqhmnuma_16_2_4,29225783,256
253961160,slsmqhmnuma_16_2_4,29273495,256
254548960,slsmqhmnuma_16_2_4,29218620,256
252097360,slsmqhmnuma_16_2_8,29374975,256
252395540,slsmqhmnuma_16_2_8,29392885,256
253108660,slsmqhmnuma_16_2_8,29269530,256
250813500,slsmqhmnuma_16_2_8,29233516,256
251820720,slsmqhmnuma_16_2_16,29265539,256
250713540,slsmqhmnuma_16_2_16,29271131,256
250712560,slsmqhmnuma_16_2_16,29237257,256
249666540,slsmqhmnuma_16_2_16,29225848,256
253145040,slsmqhmnuma_16_2_32,29548681,256
253944240,slsmqhmnuma_16_2_32,29278372,256
252728680,slsmqhmnuma_16_2_32,29384547,256
256259740,slsmqhmnuma_16_2_32,29355166,256
249260200,slsmqhmnuma_16_2_64,29253488,256
253666080,slsmqhmnuma_16_2_64,29386268,256
249445200,slsmqhmnuma_16_2_64,29329666,256
252889700,slsmqhmnuma_16_2_64,29345230,256
247625600,slsmqhmnuma_16_2_128,29406961,256
253871200,slsmqhmnuma_16_2_128,29422124,256
255726500,slsmqhmnuma_16_2_128,29409420,256
253376640,slsmqhmnuma_16_2_128,29257625,256
252088400,slsmqhmnuma_16_2_256,29396259,256
253683080,slsmqhmnuma_16_2_256,29529947,256
252870900,slsmqhmnuma_16_2_256,29357160,256
252183380,slsmqhmnuma_16_2_256,29364797,256
250534000,slsmqhmnuma_16_2_512,29287889,256
250598860,slsmqhmnuma_16_2_512,29333849,256
251580040,slsmqhmnuma_16_2_512,29268776,256
252271820,slsmqhmnuma_16_2_512,29274892,256
252555080,slsmqhmnuma_16_2_1024,29346682,256
255872660,slsmqhmnuma_16_2_1024,29386831,256
254113760,slsmqhmnuma_16_2_1024,29415851,256
254293360,slsmqhmnuma_16_2_1024,29361850,256
