3222213860,slsmqhmnuma_32_64_1,87748584,256,0
3535520280,slsmqhmnuma_32_64_1,87848840,256,0
3472272220,slsmqhmnuma_32_64_1,88057408,256,0
4016779280,slsmqhmnuma_32_64_1,87965699,256,0
3498943400,slsmqhmnuma_32_64_2,87993355,256,0
3633216440,slsmqhmnuma_32_64_2,87662301,256,0
3551692360,slsmqhmnuma_32_64_2,88061079,256,0
3811931200,slsmqhmnuma_32_64_2,87477420,256,0
3304865600,slsmqhmnuma_32_64_4,87639634,256,0
3638775960,slsmqhmnuma_32_64_4,88180505,256,0
3418794540,slsmqhmnuma_32_64_4,87908191,256,0
3445220220,slsmqhmnuma_32_64_4,87969917,256,0
4813408160,slsmqhmnuma_32_64_8,87718861,256,0
4146951260,slsmqhmnuma_32_64_8,87452706,256,0
3758288440,slsmqhmnuma_32_64_8,87728359,256,0
3444356160,slsmqhmnuma_32_64_8,87796079,256,0
3342656400,slsmqhmnuma_32_64_16,87806702,256,0
3899503640,slsmqhmnuma_32_64_16,88001725,256,0
4163220380,slsmqhmnuma_32_64_16,87855421,256,0
4066172380,slsmqhmnuma_32_64_16,87853395,256,0
3703520560,slsmqhmnuma_32_64_32,88098080,256,0
3574198140,slsmqhmnuma_32_64_32,88246849,256,0
4860582900,slsmqhmnuma_32_64_32,87706275,256,0
4133821700,slsmqhmnuma_32_64_32,87749697,256,0
3404607860,slsmqhmnuma_32_64_64,87771574,256,0
3248653560,slsmqhmnuma_32_64_64,87909927,256,0
4314616200,slsmqhmnuma_32_64_64,87811064,256,0
3820006400,slsmqhmnuma_32_64_64,87867043,256,0
3580492520,slsmqhmnuma_32_64_128,87897675,256,0
3821136840,slsmqhmnuma_32_64_128,87801635,256,0
4948902500,slsmqhmnuma_32_64_128,88250767,256,0
4372965520,slsmqhmnuma_32_64_128,87860931,256,0
3655447680,slsmqhmnuma_32_64_256,87540639,256,0
3623574500,slsmqhmnuma_32_64_256,87784904,256,0
3466072080,slsmqhmnuma_32_64_256,87809987,256,0
4635441180,slsmqhmnuma_32_64_256,87422903,256,0
5396443120,slsmqhmnuma_32_64_512,87705065,256,0
3876979960,slsmqhmnuma_32_64_512,87752091,256,0
3905399260,slsmqhmnuma_32_64_512,87717818,256,0
3619440080,slsmqhmnuma_32_64_512,87969205,256,0
3859178440,slsmqhmnuma_32_64_1024,87819237,256,0
4053599880,slsmqhmnuma_32_64_1024,87753489,256,0
3484473240,slsmqhmnuma_32_64_1024,87461812,256,0
4012891020,slsmqhmnuma_32_64_1024,87858112,256,0
