1348532920,slsmqhmnuma_16_16_1,76346683,256,0
1354508680,slsmqhmnuma_16_16_1,76340475,256,0
1302640120,slsmqhmnuma_16_16_1,76420315,256,0
1302487340,slsmqhmnuma_16_16_1,76346455,256,0
1321829200,slsmqhmnuma_16_16_2,76303190,256,0
1313183740,slsmqhmnuma_16_16_2,76233090,256,0
1397839540,slsmqhmnuma_16_16_2,76490660,256,0
1300402960,slsmqhmnuma_16_16_2,76278283,256,0
1303729400,slsmqhmnuma_16_16_4,76318118,256,0
1439872940,slsmqhmnuma_16_16_4,76307561,256,0
1427560400,slsmqhmnuma_16_16_4,76409113,256,0
1361059940,slsmqhmnuma_16_16_4,76522210,256,0
1437293700,slsmqhmnuma_16_16_8,76381158,256,0
1360962240,slsmqhmnuma_16_16_8,76309068,256,0
1313171120,slsmqhmnuma_16_16_8,76519900,256,0
1337166960,slsmqhmnuma_16_16_8,76470291,256,0
1321443640,slsmqhmnuma_16_16_16,76190956,256,0
1304332720,slsmqhmnuma_16_16_16,76565883,256,0
1335995620,slsmqhmnuma_16_16_16,76396127,256,0
1306456340,slsmqhmnuma_16_16_16,76391299,256,0
1367957760,slsmqhmnuma_16_16_32,76406007,256,0
1320888640,slsmqhmnuma_16_16_32,76436501,256,0
1355314560,slsmqhmnuma_16_16_32,76430621,256,0
1314558420,slsmqhmnuma_16_16_32,76315756,256,0
1319709640,slsmqhmnuma_16_16_64,76470429,256,0
1362775480,slsmqhmnuma_16_16_64,76495906,256,0
1332472120,slsmqhmnuma_16_16_64,76292821,256,0
1402983400,slsmqhmnuma_16_16_64,76352665,256,0
1408247460,slsmqhmnuma_16_16_128,76400793,256,0
1336156080,slsmqhmnuma_16_16_128,76570578,256,0
1367319840,slsmqhmnuma_16_16_128,76437120,256,0
1316996340,slsmqhmnuma_16_16_128,76397179,256,0
1312326820,slsmqhmnuma_16_16_256,76360024,256,0
1338007920,slsmqhmnuma_16_16_256,76371217,256,0
1410690480,slsmqhmnuma_16_16_256,76479813,256,0
1440453760,slsmqhmnuma_16_16_256,76318174,256,0
1333189180,slsmqhmnuma_16_16_512,76409649,256,0
1331315080,slsmqhmnuma_16_16_512,76459134,256,0
1358728820,slsmqhmnuma_16_16_512,76442213,256,0
1381983000,slsmqhmnuma_16_16_512,76318733,256,0
1389201260,slsmqhmnuma_16_16_1024,76547007,256,0
1359304940,slsmqhmnuma_16_16_1024,76277971,256,0
1315999140,slsmqhmnuma_16_16_1024,76312171,256,0
1341733280,slsmqhmnuma_16_16_1024,76281271,256,0
