372296180,slsmqhmnuma_8_2_1,37938064,256,14
383820600,slsmqhmnuma_8_2_1,37941725,256,14
390804040,slsmqhmnuma_8_2_1,37971367,256,14
372203020,slsmqhmnuma_8_2_1,37985101,256,14
371936140,slsmqhmnuma_8_2_2,37989954,256,14
371668340,slsmqhmnuma_8_2_2,37919860,256,14
370718320,slsmqhmnuma_8_2_2,37990812,256,14
370099000,slsmqhmnuma_8_2_2,37902264,256,14
371848940,slsmqhmnuma_8_2_4,37947389,256,14
391612760,slsmqhmnuma_8_2_4,37892954,256,14
371627420,slsmqhmnuma_8_2_4,37973310,256,14
387598480,slsmqhmnuma_8_2_4,38012870,256,14
372121740,slsmqhmnuma_8_2_8,38072448,256,14
378956280,slsmqhmnuma_8_2_8,38061256,256,14
368641400,slsmqhmnuma_8_2_8,37924845,256,14
369131580,slsmqhmnuma_8_2_8,37991207,256,14
379249080,slsmqhmnuma_8_2_16,37933592,256,14
404836500,slsmqhmnuma_8_2_16,37929745,256,14
378233560,slsmqhmnuma_8_2_16,37893464,256,14
379893160,slsmqhmnuma_8_2_16,37924917,256,14
378422720,slsmqhmnuma_8_2_32,37943362,256,14
382328120,slsmqhmnuma_8_2_32,37954736,256,14
380901040,slsmqhmnuma_8_2_32,37918168,256,14
403897940,slsmqhmnuma_8_2_32,37930986,256,14
378426240,slsmqhmnuma_8_2_64,37922477,256,14
375151420,slsmqhmnuma_8_2_64,37982294,256,14
369692720,slsmqhmnuma_8_2_64,37971333,256,14
373750320,slsmqhmnuma_8_2_64,37859448,256,14
374258980,slsmqhmnuma_8_2_128,37974583,256,14
372695660,slsmqhmnuma_8_2_128,38021939,256,14
374747780,slsmqhmnuma_8_2_128,37985324,256,14
373950380,slsmqhmnuma_8_2_128,37940681,256,14
370840540,slsmqhmnuma_8_2_256,38020934,256,14
368133560,slsmqhmnuma_8_2_256,37956802,256,14
386328960,slsmqhmnuma_8_2_256,38051177,256,14
375865960,slsmqhmnuma_8_2_256,37984423,256,14
370090760,slsmqhmnuma_8_2_512,37818267,256,14
379531100,slsmqhmnuma_8_2_512,37866110,256,14
388958600,slsmqhmnuma_8_2_512,37924361,256,14
371956320,slsmqhmnuma_8_2_512,37895915,256,14
372085060,slsmqhmnuma_8_2_1024,38033956,256,14
372217160,slsmqhmnuma_8_2_1024,38041033,256,14
374663900,slsmqhmnuma_8_2_1024,38025951,256,14
379133900,slsmqhmnuma_8_2_1024,38002349,256,14
