643535620,mqllnuma_4_2_2_1,45234004,256
640881540,mqllnuma_4_2_2_1,45302625,256
667171360,mqllnuma_4_2_2_1,45132371,256
642173100,mqllnuma_4_2_2_1,45184446,256
643793060,mqllnuma_4_2_2_1,45167633,256
642761680,mqllnuma_4_2_2_2,45295648,256
630448300,mqllnuma_4_2_2_2,45281300,256
636812380,mqllnuma_4_2_2_2,45342185,256
609165660,mqllnuma_4_2_2_2,45538497,256
604118420,mqllnuma_4_2_2_2,45419227,256
615823520,mqllnuma_4_2_2_4,45291894,256
625942780,mqllnuma_4_2_2_4,45219858,256
595118700,mqllnuma_4_2_2_4,45398001,256
624067100,mqllnuma_4_2_2_4,45281552,256
612086860,mqllnuma_4_2_2_4,45378828,256
596294760,mqllnuma_4_2_2_8,45206803,256
595904200,mqllnuma_4_2_2_8,45319159,256
595225580,mqllnuma_4_2_2_8,45253910,256
600106920,mqllnuma_4_2_2_8,45212100,256
602273480,mqllnuma_4_2_2_8,45199044,256
590030300,mqllnuma_4_2_2_16,45346032,256
601501540,mqllnuma_4_2_2_16,45243929,256
588780260,mqllnuma_4_2_2_16,45340977,256
586179980,mqllnuma_4_2_2_16,45328238,256
587421800,mqllnuma_4_2_2_16,45526681,256
575237060,mqllnuma_4_2_2_32,45363504,256
552834900,mqllnuma_4_2_2_32,45498688,256
550560840,mqllnuma_4_2_2_32,45433667,256
583946680,mqllnuma_4_2_2_32,45260255,256
578480000,mqllnuma_4_2_2_32,45363292,256
570210180,mqllnuma_4_2_2_64,45358494,256
571763300,mqllnuma_4_2_2_64,45386376,256
574171140,mqllnuma_4_2_2_64,45248071,256
577416780,mqllnuma_4_2_2_64,45431312,256
537552900,mqllnuma_4_2_2_64,45510686,256
571502020,mqllnuma_4_2_2_128,45552356,256
568532320,mqllnuma_4_2_2_128,45518654,256
534994940,mqllnuma_4_2_2_128,45634499,256
570808060,mqllnuma_4_2_2_128,45456869,256
570760420,mqllnuma_4_2_2_128,45508372,256
563937240,mqllnuma_4_2_2_256,45675709,256
536342300,mqllnuma_4_2_2_256,45808628,256
563622380,mqllnuma_4_2_2_256,45626008,256
560941880,mqllnuma_4_2_2_256,45562936,256
531537920,mqllnuma_4_2_2_256,45763544,256
570042420,mqllnuma_4_2_2_512,46082731,256
568375140,mqllnuma_4_2_2_512,46011356,256
568777220,mqllnuma_4_2_2_512,45912334,256
572874300,mqllnuma_4_2_2_512,45866045,256
571070680,mqllnuma_4_2_2_512,45977407,256
534752840,mqllnuma_4_2_2_1024,46453382,256
543315740,mqllnuma_4_2_2_1024,46558075,256
579714060,mqllnuma_4_2_2_1024,46595012,256
557224860,mqllnuma_4_2_2_1024,46207760,256
530747080,mqllnuma_4_2_2_1024,46395657,256
