5783519780,mqllnuma_4_1024_512_1,95883184,256,10
5913884780,mqllnuma_4_1024_512_1,97213298,256,10
5531959920,mqllnuma_4_1024_512_1,94937705,256,10
5437518680,mqllnuma_4_1024_512_1,95414690,256,10
6276973860,mqllnuma_4_1024_512_1,96725463,256,10
5789274860,mqllnuma_4_1024_512_2,97945698,256,10
5771680220,mqllnuma_4_1024_512_2,94601355,256,10
5872661320,mqllnuma_4_1024_512_2,95869553,256,10
5711659400,mqllnuma_4_1024_512_2,95775523,256,10
6221975920,mqllnuma_4_1024_512_2,96570391,256,10
5424400020,mqllnuma_4_1024_512_4,97634838,256,10
5407703500,mqllnuma_4_1024_512_4,96903860,256,10
5574006720,mqllnuma_4_1024_512_4,95605341,256,10
5712890440,mqllnuma_4_1024_512_4,95048443,256,10
4916568560,mqllnuma_4_1024_512_4,98594077,256,10
4995339560,mqllnuma_4_1024_512_8,95694021,256,10
5744355360,mqllnuma_4_1024_512_8,95115042,256,10
4578737300,mqllnuma_4_1024_512_8,96024377,256,10
5985071000,mqllnuma_4_1024_512_8,95139753,256,10
5213222000,mqllnuma_4_1024_512_8,94487625,256,10
4965626080,mqllnuma_4_1024_512_16,94891125,256,10
4968916100,mqllnuma_4_1024_512_16,95239423,256,10
6064599280,mqllnuma_4_1024_512_16,96822215,256,10
4768440580,mqllnuma_4_1024_512_16,95256927,256,10
5267544280,mqllnuma_4_1024_512_16,95975815,256,10
5557030960,mqllnuma_4_1024_512_32,95852607,256,10
5668122640,mqllnuma_4_1024_512_32,95646364,256,10
5266079160,mqllnuma_4_1024_512_32,96272899,256,10
6153030300,mqllnuma_4_1024_512_32,97247199,256,10
5612527160,mqllnuma_4_1024_512_32,96185352,256,10
5805701700,mqllnuma_4_1024_512_64,95496927,256,10
5623767600,mqllnuma_4_1024_512_64,97445354,256,10
4799976340,mqllnuma_4_1024_512_64,96437309,256,10
5504558020,mqllnuma_4_1024_512_64,97446497,256,10
4923312020,mqllnuma_4_1024_512_64,96991526,256,10
5262500800,mqllnuma_4_1024_512_128,95525227,256,10
5000274320,mqllnuma_4_1024_512_128,95835430,256,10
5408415860,mqllnuma_4_1024_512_128,95302623,256,10
5072194400,mqllnuma_4_1024_512_128,96470313,256,10
5237270900,mqllnuma_4_1024_512_128,97933174,256,10
5646991160,mqllnuma_4_1024_512_256,96538989,256,10
5279366300,mqllnuma_4_1024_512_256,95421541,256,10
5403078100,mqllnuma_4_1024_512_256,97523090,256,10
5426038120,mqllnuma_4_1024_512_256,97297607,256,10
5234451400,mqllnuma_4_1024_512_256,95538181,256,10
5235814520,mqllnuma_4_1024_512_512,96493973,256,10
5649705280,mqllnuma_4_1024_512_512,97401734,256,10
5911233160,mqllnuma_4_1024_512_512,96358768,256,10
5449981500,mqllnuma_4_1024_512_512,97005022,256,10
5541867920,mqllnuma_4_1024_512_512,94867811,256,10
4875693260,mqllnuma_4_1024_512_1024,95382027,256,10
5110280280,mqllnuma_4_1024_512_1024,95952133,256,10
4917349620,mqllnuma_4_1024_512_1024,96782243,256,10
5081846180,mqllnuma_4_1024_512_1024,96170643,256,10
5698339000,mqllnuma_4_1024_512_1024,99813773,256,10
