576188120,mqllnuma_4_2_2_1,44925521,256,10
579626480,mqllnuma_4_2_2_1,44722670,256,10
580638020,mqllnuma_4_2_2_1,44636204,256,10
584781000,mqllnuma_4_2_2_1,44716287,256,10
584644580,mqllnuma_4_2_2_1,44715897,256,10
572599040,mqllnuma_4_2_2_2,44674531,256,10
575910280,mqllnuma_4_2_2_2,44777309,256,10
575985460,mqllnuma_4_2_2_2,44705930,256,10
535650840,mqllnuma_4_2_2_2,44857976,256,10
579718260,mqllnuma_4_2_2_2,44730570,256,10
554668820,mqllnuma_4_2_2_4,44703784,256,10
557431900,mqllnuma_4_2_2_4,44599981,256,10
534685180,mqllnuma_4_2_2_4,44801244,256,10
556287360,mqllnuma_4_2_2_4,44634196,256,10
556469800,mqllnuma_4_2_2_4,44816705,256,10
535998720,mqllnuma_4_2_2_8,44689589,256,10
511922500,mqllnuma_4_2_2_8,44992085,256,10
544299700,mqllnuma_4_2_2_8,44543716,256,10
541971960,mqllnuma_4_2_2_8,44868556,256,10
541192700,mqllnuma_4_2_2_8,44782646,256,10
554492800,mqllnuma_4_2_2_16,44705179,256,10
532163240,mqllnuma_4_2_2_16,44758804,256,10
495244920,mqllnuma_4_2_2_16,44902795,256,10
527419340,mqllnuma_4_2_2_16,44698206,256,10
528626740,mqllnuma_4_2_2_16,44685187,256,10
521679020,mqllnuma_4_2_2_32,44963474,256,10
531200880,mqllnuma_4_2_2_32,44684452,256,10
525091660,mqllnuma_4_2_2_32,44746902,256,10
523280360,mqllnuma_4_2_2_32,44666621,256,10
521983060,mqllnuma_4_2_2_32,44611354,256,10
530460180,mqllnuma_4_2_2_64,44641507,256,10
512532320,mqllnuma_4_2_2_64,44823440,256,10
482207560,mqllnuma_4_2_2_64,44936895,256,10
562513500,mqllnuma_4_2_2_64,44625223,256,10
474420060,mqllnuma_4_2_2_64,45186426,256,10
511863920,mqllnuma_4_2_2_128,44775314,256,10
513581320,mqllnuma_4_2_2_128,44839416,256,10
513485980,mqllnuma_4_2_2_128,44695342,256,10
515126000,mqllnuma_4_2_2_128,44603542,256,10
531848720,mqllnuma_4_2_2_128,44880494,256,10
525383860,mqllnuma_4_2_2_256,45049384,256,10
535976640,mqllnuma_4_2_2_256,45013595,256,10
522663780,mqllnuma_4_2_2_256,45200948,256,10
520936460,mqllnuma_4_2_2_256,44798238,256,10
520061600,mqllnuma_4_2_2_256,45102868,256,10
530155380,mqllnuma_4_2_2_512,45241784,256,10
523299280,mqllnuma_4_2_2_512,45404208,256,10
510173480,mqllnuma_4_2_2_512,45367519,256,10
511906180,mqllnuma_4_2_2_512,45311625,256,10
469258520,mqllnuma_4_2_2_512,45464275,256,10
518113800,mqllnuma_4_2_2_1024,45432254,256,10
519325540,mqllnuma_4_2_2_1024,45718400,256,10
518881260,mqllnuma_4_2_2_1024,45783060,256,10
512650200,mqllnuma_4_2_2_1024,45839248,256,10
523949020,mqllnuma_4_2_2_1024,45700926,256,10
