207379980,mqllnuma_4_1_1_1,11197638,256,10
200419760,mqllnuma_4_1_1_1,11214590,256,10
236800640,mqllnuma_4_1_1_1,11071812,256,10
199768140,mqllnuma_4_1_1_1,11224709,256,10
204243980,mqllnuma_4_1_1_1,11230638,256,10
197834360,mqllnuma_4_1_1_2,11182202,256,10
205649700,mqllnuma_4_1_1_2,11219266,256,10
203437400,mqllnuma_4_1_1_2,11189319,256,10
222755040,mqllnuma_4_1_1_2,11180612,256,10
197140680,mqllnuma_4_1_1_2,11265267,256,10
196406000,mqllnuma_4_1_1_4,11233264,256,10
192350700,mqllnuma_4_1_1_4,11205968,256,10
211736260,mqllnuma_4_1_1_4,11240863,256,10
188442560,mqllnuma_4_1_1_4,11267860,256,10
196151900,mqllnuma_4_1_1_4,11190866,256,10
180858460,mqllnuma_4_1_1_8,11228958,256,10
182818380,mqllnuma_4_1_1_8,11253363,256,10
181470800,mqllnuma_4_1_1_8,11196692,256,10
195221900,mqllnuma_4_1_1_8,11253092,256,10
183077260,mqllnuma_4_1_1_8,11217591,256,10
176260280,mqllnuma_4_1_1_16,11294064,256,10
190568600,mqllnuma_4_1_1_16,11187424,256,10
176668200,mqllnuma_4_1_1_16,11304697,256,10
178194880,mqllnuma_4_1_1_16,11199787,256,10
186165280,mqllnuma_4_1_1_16,11161165,256,10
173237360,mqllnuma_4_1_1_32,11268176,256,10
170706120,mqllnuma_4_1_1_32,11299495,256,10
174468440,mqllnuma_4_1_1_32,11293892,256,10
173729960,mqllnuma_4_1_1_32,11227907,256,10
177170780,mqllnuma_4_1_1_32,11253740,256,10
169993540,mqllnuma_4_1_1_64,11349819,256,10
170900540,mqllnuma_4_1_1_64,11315306,256,10
171036040,mqllnuma_4_1_1_64,11309209,256,10
168268520,mqllnuma_4_1_1_64,11336340,256,10
170244480,mqllnuma_4_1_1_64,11310433,256,10
189216200,mqllnuma_4_1_1_128,11256682,256,10
178563320,mqllnuma_4_1_1_128,11361216,256,10
173800600,mqllnuma_4_1_1_128,11244627,256,10
167416720,mqllnuma_4_1_1_128,11340573,256,10
170768060,mqllnuma_4_1_1_128,11403957,256,10
170878300,mqllnuma_4_1_1_256,11462700,256,10
181958880,mqllnuma_4_1_1_256,11301130,256,10
171227220,mqllnuma_4_1_1_256,11362471,256,10
199151080,mqllnuma_4_1_1_256,11490877,256,10
176537360,mqllnuma_4_1_1_256,11400217,256,10
171091360,mqllnuma_4_1_1_512,11560030,256,10
181518820,mqllnuma_4_1_1_512,11503135,256,10
194585020,mqllnuma_4_1_1_512,11378576,256,10
178707600,mqllnuma_4_1_1_512,11512509,256,10
167817420,mqllnuma_4_1_1_512,11642943,256,10
173876360,mqllnuma_4_1_1_1024,11766650,256,10
176918260,mqllnuma_4_1_1_1024,11736643,256,10
169921560,mqllnuma_4_1_1_1024,11645561,256,10
179758160,mqllnuma_4_1_1_1024,11808094,256,10
168741440,mqllnuma_4_1_1_1024,11727485,256,10
