287571806,298292302,317561458,285935234,287947084,15899950328,mqpl_4_512_4,28895840,2
15754794968,mqpl_4_512_4,28900763,2
15824968546,mqpl_4_512_4,28891226,2
15898646432,mqpl_4_512_4,28891380,2
15851320904,mqpl_4_512_4,28899313,2
8990722452,mqpl_4_512_4,29066902,4
8983865710,mqpl_4_512_4,29067301,4
8975376108,mqpl_4_512_4,29070814,4
8978858416,mqpl_4_512_4,29074615,4
8992027958,mqpl_4_512_4,29069135,4
4835092964,mqpl_4_512_4,29369490,8
4826216598,mqpl_4_512_4,29359543,8
4815391082,mqpl_4_512_4,29354808,8
4821557694,mqpl_4_512_4,29344306,8
4827002184,mqpl_4_512_4,29359871,8
2719919962,mqpl_4_512_4,29943406,16
2725051202,mqpl_4_512_4,29941958,16
2719714418,mqpl_4_512_4,29932670,16
2729527192,mqpl_4_512_4,29949369,16
2721145428,mqpl_4_512_4,29926044,16
2190943788,mqpl_4_512_4,31167835,32
2189815014,mqpl_4_512_4,31169081,32
2190611698,mqpl_4_512_4,31193061,32
2192231290,mqpl_4_512_4,31160003,32
2187845706,mqpl_4_512_4,31191043,32
1492798878,mqpl_4_512_4,34872326,64
1489322660,mqpl_4_512_4,34784009,64
1489454822,mqpl_4_512_4,34803642,64
1490421834,mqpl_4_512_4,34751700,64
1492612686,mqpl_4_512_4,34787623,64
1115582714,mqpl_4_512_4,42516900,128
1115327012,mqpl_4_512_4,42615465,128
1115930248,mqpl_4_512_4,42434900,128
1118588232,mqpl_4_512_4,42634825,128
1120776320,mqpl_4_512_4,42588670,128
