6239288034,mqpl_4_2_2,7708284,1
6223363214,mqpl_4_2_2,7708813,1
6218094234,mqpl_4_2_2,7707958,1
6216023440,mqpl_4_2_2,7708573,1
6207751344,mqpl_4_2_2,7708649,1
4624980410,mqpl_4_2_2,7731239,2
4639012520,mqpl_4_2_2,7732709,2
4600170198,mqpl_4_2_2,7731592,2
4608652110,mqpl_4_2_2,7730646,2
4640058678,mqpl_4_2_2,7731297,2
2712504148,mqpl_4_2_2,7773521,4
2722788960,mqpl_4_2_2,7777077,4
2742572210,mqpl_4_2_2,7773890,4
2711791898,mqpl_4_2_2,7776073,4
2720568478,mqpl_4_2_2,7774163,4
1471149048,mqpl_4_2_2,7850428,8
1487926394,mqpl_4_2_2,7855320,8
1482721128,mqpl_4_2_2,7852342,8
1479386840,mqpl_4_2_2,7855667,8
1490168914,mqpl_4_2_2,7853172,8
834081586,mqpl_4_2_2,8015353,16
844325532,mqpl_4_2_2,8026821,16
842430846,mqpl_4_2_2,8020373,16
832685838,mqpl_4_2_2,8015813,16
834544032,mqpl_4_2_2,8018385,16
702998456,mqpl_4_2_2,8328243,32
703714030,mqpl_4_2_2,8333801,32
705434340,mqpl_4_2_2,8341746,32
703380200,mqpl_4_2_2,8315218,32
703200286,mqpl_4_2_2,8316408,32
467349312,mqpl_4_2_2,9048861,64
470253186,mqpl_4_2_2,9073820,64
508150278,mqpl_4_2_2,9062104,64
467485788,mqpl_4_2_2,9045970,64
470478658,mqpl_4_2_2,9087787,64
356207880,mqpl_4_2_2,11131686,128
355251482,mqpl_4_2_2,11089829,128
354914046,mqpl_4_2_2,11059862,128
354374030,mqpl_4_2_2,11083676,128
354551692,mqpl_4_2_2,11140906,128
