159760466354,mqpl_4_1024_128,35022078,1
160551465044,mqpl_4_1024_128,35031509,1
159927803138,mqpl_4_1024_128,35026940,1
159985567638,mqpl_4_1024_128,35022003,1
160251870458,mqpl_4_1024_128,35033602,1
81293651200,mqpl_4_1024_128,35051153,2
81364092566,mqpl_4_1024_128,35033523,2
81224097032,mqpl_4_1024_128,35073898,2
81346202362,mqpl_4_1024_128,35191722,2
80904515158,mqpl_4_1024_128,35275885,2
41440417230,mqpl_4_1024_128,35424553,4
41186706812,mqpl_4_1024_128,35720537,4
41176144820,mqpl_4_1024_128,35606505,4
41019241506,mqpl_4_1024_128,35102957,4
41165210682,mqpl_4_1024_128,35290724,4
21204836684,mqpl_4_1024_128,36113036,8
21296835238,mqpl_4_1024_128,36127749,8
21248110892,mqpl_4_1024_128,35695244,8
21192680286,mqpl_4_1024_128,35807641,8
21191706740,mqpl_4_1024_128,36227412,8
11298120094,mqpl_4_1024_128,37475762,16
11302230290,mqpl_4_1024_128,37584825,16
11219559108,mqpl_4_1024_128,36562456,16
11301924388,mqpl_4_1024_128,37044952,16
11255995288,mqpl_4_1024_128,36846630,16
6275711616,mqpl_4_1024_128,39887749,32
6190843708,mqpl_4_1024_128,37923517,32
6227236352,mqpl_4_1024_128,38388077,32
6198257414,mqpl_4_1024_128,38130707,32
6254451102,mqpl_4_1024_128,38979408,32
3803359556,mqpl_4_1024_128,41128926,64
3861637662,mqpl_4_1024_128,40845915,64
4205928250,mqpl_4_1024_128,40786991,64
3906379174,mqpl_4_1024_128,40872121,64
3790255562,mqpl_4_1024_128,40629243,64
3374821592,mqpl_4_1024_128,43868523,128
3230909466,mqpl_4_1024_128,43642489,128
3916132834,mqpl_4_1024_128,42534486,128
3768796240,mqpl_4_1024_128,43141425,128
3520448224,mqpl_4_1024_128,43090920,128
