2976965404,mqpl_4_256_1024,6348185,1
2974297376,2975706374,mqpl_4_256_1024,6357247,1
2982087166,mqpl_4_256_1024,6350787,1
2992541582,mqpl_4_256_1024,6359103,1
1884538788,mqpl_4_256_1024,6522843,2
1886590056,mqpl_4_256_1024,6519066,2
1879433598,mqpl_4_256_1024,6519383,2
1884587676,mqpl_4_256_1024,6516158,2
1888340088,mqpl_4_256_1024,6539470,2
1040975492,mqpl_4_256_1024,6625419,4
1044017870,mqpl_4_256_1024,6669576,4
1041155298,mqpl_4_256_1024,6635466,4
1040310688,mqpl_4_256_1024,6631007,4
1045180544,mqpl_4_256_1024,6659619,4
568036224,mqpl_4_256_1024,6678979,8
565384936,mqpl_4_256_1024,6675175,8
562821590,mqpl_4_256_1024,6647492,8
565166440,mqpl_4_256_1024,6659166,8
563296576,mqpl_4_256_1024,6652589,8
327433154,mqpl_4_256_1024,6707261,16
326638280,mqpl_4_256_1024,6699744,16
326135152,mqpl_4_256_1024,6686629,16
325874754,mqpl_4_256_1024,6681406,16
326460640,mqpl_4_256_1024,6693592,16
249960906,mqpl_4_256_1024,6700726,32
249713296,mqpl_4_256_1024,6705768,32
250083360,mqpl_4_256_1024,6702716,32
249142286,mqpl_4_256_1024,6689746,32
249928598,mqpl_4_256_1024,6706786,32
169639828,mqpl_4_256_1024,6749203,64
169060164,mqpl_4_256_1024,6731225,64
169647086,mqpl_4_256_1024,6749231,64
169706024,mqpl_4_256_1024,6746141,64
169028036,mqpl_4_256_1024,6732946,64
127126176,mqpl_4_256_1024,6853929,128
126305136,mqpl_4_256_1024,6856568,128
131732362,mqpl_4_256_1024,6846813,128
127179232,mqpl_4_256_1024,6821938,128
129112604,mqpl_4_256_1024,6854729,128
