56621562244,mqpl_4_1024_1024,50554744,1
56361239096,mqpl_4_1024_1024,50550792,1
56393558356,mqpl_4_1024_1024,50550642,1
56823830098,mqpl_4_1024_1024,50557348,1
56319906010,mqpl_4_1024_1024,50553324,1
29251960786,mqpl_4_1024_1024,50562754,2
29172926992,mqpl_4_1024_1024,50568361,2
29336446656,mqpl_4_1024_1024,50570838,2
29283381278,mqpl_4_1024_1024,50588423,2
29375816482,mqpl_4_1024_1024,50562726,2
14925021736,mqpl_4_1024_1024,50582064,4
14893548602,mqpl_4_1024_1024,50578895,4
14894291812,mqpl_4_1024_1024,50581608,4
14973244726,mqpl_4_1024_1024,50595194,4
14952917048,mqpl_4_1024_1024,50593589,4
7740466146,mqpl_4_1024_1024,50625154,8
7740224116,mqpl_4_1024_1024,50630543,8
7744546456,mqpl_4_1024_1024,50619363,8
7747890958,mqpl_4_1024_1024,50618190,8
7749034710,mqpl_4_1024_1024,50633256,8
4284596236,mqpl_4_1024_1024,50702674,16
4284271752,mqpl_4_1024_1024,50738803,16
4284033954,mqpl_4_1024_1024,50706969,16
4282324708,mqpl_4_1024_1024,50697226,16
4291319736,mqpl_4_1024_1024,50695170,16
2314960456,mqpl_4_1024_1024,50916636,32
2312445356,mqpl_4_1024_1024,50919378,32
2318633438,mqpl_4_1024_1024,50896760,32
2313888902,mqpl_4_1024_1024,50808376,32
2316992506,mqpl_4_1024_1024,50843099,32
1372878116,mqpl_4_1024_1024,51215978,64
1389646722,mqpl_4_1024_1024,51427650,64
1394673880,mqpl_4_1024_1024,51563609,64
1388759802,mqpl_4_1024_1024,51766906,64
1424653734,mqpl_4_1024_1024,51157916,64
1183158570,mqpl_4_1024_1024,52522860,128
1396919990,mqpl_4_1024_1024,52822040,128
1162893662,mqpl_4_1024_1024,52378327,128
1177801712,mqpl_4_1024_1024,52281680,128
1167810104,mqpl_4_1024_1024,52085902,128
