49234844790,mqpl_4_256_128,33694824,1,0
48717057132,mqpl_4_256_128,33198304,1,0
49280065234,mqpl_4_256_128,33609722,1,0
47547414026,mqpl_4_256_128,32462868,1,0
48625394162,mqpl_4_256_128,33171498,1,0
38737314440,mqpl_4_256_128,47898497,2,0
38741070940,mqpl_4_256_128,47898359,2,0
38523369510,mqpl_4_256_128,47898428,2,0
38449981476,mqpl_4_256_128,47898369,2,0
38489877948,mqpl_4_256_128,47898425,2,0
21526486234,mqpl_4_256_128,47900621,4,0
21628493380,mqpl_4_256_128,47900498,4,0
22097684306,mqpl_4_256_128,47900379,4,0
21327757976,mqpl_4_256_128,47900609,4,0
21740764530,mqpl_4_256_128,47900710,4,0
13517834122,mqpl_4_256_128,47902078,8,0
13392475890,mqpl_4_256_128,47902459,8,0
13577460324,mqpl_4_256_128,47901949,8,0
13396287410,mqpl_4_256_128,47902335,8,0
13617320138,mqpl_4_256_128,47902410,8,0
9439458096,mqpl_4_256_128,47904948,16,0
9254854378,mqpl_4_256_128,47905059,16,0
9477933784,mqpl_4_256_128,47907206,16,0
9587820884,mqpl_4_256_128,47906608,16,0
9255923270,mqpl_4_256_128,47906608,16,0
10207242538,mqpl_4_256_128,47911995,32,0
9885309470,mqpl_4_256_128,47912132,32,0
9845965408,mqpl_4_256_128,47912199,32,0
9852077686,mqpl_4_256_128,47912178,32,0
9817329348,mqpl_4_256_128,47912024,32,0
10639619286,mqpl_4_256_128,47930916,64,0
10255253204,mqpl_4_256_128,47926661,64,0
10431219536,mqpl_4_256_128,47928155,64,0
10463651656,mqpl_4_256_128,47926012,64,0
10732751166,mqpl_4_256_128,47933347,64,0
11729378004,mqpl_4_256_128,47989295,128,0
11339972590,mqpl_4_256_128,47978925,128,0
11286854920,mqpl_4_256_128,47977820,128,0
11522948078,mqpl_4_256_128,47975525,128,0
12616653522,mqpl_4_256_128,47993476,128,0
