16356657184,mqpl_4_256_1024,12524207,1,0
16352836008,mqpl_4_256_1024,12524207,1,0
16374981102,mqpl_4_256_1024,12524207,1,0
13707764716,mqpl_4_256_1024,10117369,1,0
16386148674,mqpl_4_256_1024,12524207,1,0
9102091932,mqpl_4_256_1024,12524572,2,0
9145112884,mqpl_4_256_1024,12524665,2,0
9118913952,mqpl_4_256_1024,12524561,2,0
9100024734,mqpl_4_256_1024,12524462,2,0
9131997448,mqpl_4_256_1024,12524442,2,0
5126537696,mqpl_4_256_1024,12525560,4,0
5106240348,mqpl_4_256_1024,12525033,4,0
5116786798,mqpl_4_256_1024,12525122,4,0
5121555146,mqpl_4_256_1024,12525141,4,0
5111618488,mqpl_4_256_1024,12525538,4,0
3131166276,mqpl_4_256_1024,12526913,8,0
3122305716,mqpl_4_256_1024,12526725,8,0
3126095976,mqpl_4_256_1024,12526966,8,0
3129835454,mqpl_4_256_1024,12526760,8,0
3126538894,mqpl_4_256_1024,12526400,8,0
2263841116,mqpl_4_256_1024,12529080,16,0
2264820122,mqpl_4_256_1024,12529417,16,0
2262517666,mqpl_4_256_1024,12529581,16,0
2265249358,mqpl_4_256_1024,12528869,16,0
2265533318,mqpl_4_256_1024,12528611,16,0
2455299868,mqpl_4_256_1024,12533962,32,0
2467054412,mqpl_4_256_1024,12534285,32,0
2468501010,mqpl_4_256_1024,12533550,32,0
2473586644,mqpl_4_256_1024,12534037,32,0
2464959352,mqpl_4_256_1024,12533773,32,0
2570995650,mqpl_4_256_1024,12542505,64,0
2639575206,mqpl_4_256_1024,12541863,64,0
2615894790,mqpl_4_256_1024,12542675,64,0
2630081542,mqpl_4_256_1024,12543460,64,0
2815731156,mqpl_4_256_1024,12542437,64,0
3047168994,mqpl_4_256_1024,12572683,128,0
3436157360,mqpl_4_256_1024,12567943,128,0
3439052356,mqpl_4_256_1024,12568643,128,0
3192787402,mqpl_4_256_1024,12569094,128,0
3706722988,mqpl_4_256_1024,12574342,128,0
