274737258016,mqpl_4_128_32,84827395,1,10
274757153018,mqpl_4_128_32,84821836,1,10
274543098824,mqpl_4_128_32,84825541,1,10
275581361192,mqpl_4_128_32,84826856,1,10
275877579988,mqpl_4_128_32,84822415,1,10
139658275046,mqpl_4_128_32,84834886,2,10
139565300454,mqpl_4_128_32,84827178,2,10
139526253260,mqpl_4_128_32,84831427,2,10
139790631222,mqpl_4_128_32,84828474,2,10
139230691368,mqpl_4_128_32,84831834,2,10
70793755660,mqpl_4_128_32,84858458,4,10
70766919350,mqpl_4_128_32,84847533,4,10
70775722972,mqpl_4_128_32,84856671,4,10
70812376182,mqpl_4_128_32,84879249,4,10
70841370322,mqpl_4_128_32,84897772,4,10
36358804994,mqpl_4_128_32,84920326,8,10
36437221680,mqpl_4_128_32,84925016,8,10
36431440802,mqpl_4_128_32,84946568,8,10
36386786176,mqpl_4_128_32,84975594,8,10
36415750928,mqpl_4_128_32,84949764,8,10
19325168576,mqpl_4_128_32,85007820,16,10
19306283448,mqpl_4_128_32,84969321,16,10
19347595096,mqpl_4_128_32,85224524,16,10
19334248898,mqpl_4_128_32,85015365,16,10
19335058012,mqpl_4_128_32,85089017,16,10
11475185752,mqpl_4_128_32,85159353,32,10
11478588430,mqpl_4_128_32,85168989,32,10
11495112780,mqpl_4_128_32,85542861,32,10
11537872992,mqpl_4_128_32,85182767,32,10
11491802202,mqpl_4_128_32,85540028,32,10
6806629988,mqpl_4_128_32,85458244,64,10
7223185896,mqpl_4_128_32,85776647,64,10
7022846862,mqpl_4_128_32,85920654,64,10
6831969788,mqpl_4_128_32,85516435,64,10
6804009754,mqpl_4_128_32,85803734,64,10
5774631942,mqpl_4_128_32,86123694,128,10
6550146696,mqpl_4_128_32,86224188,128,10
5683192510,mqpl_4_128_32,86117956,128,10
5616535894,mqpl_4_128_32,86638461,128,10
5582824966,mqpl_4_128_32,86318995,128,10
