4066194468,mqpl_4_2_2,6716449,1,10
4054959118,mqpl_4_2_2,6716187,1,10
4038235924,mqpl_4_2_2,6716208,1,10
4057870056,mqpl_4_2_2,6716328,1,10
4037951132,mqpl_4_2_2,6716335,1,10
3241280270,mqpl_4_2_2,6718726,2,10
3238113002,mqpl_4_2_2,6718556,2,10
3246657822,mqpl_4_2_2,6718751,2,10
3287175742,mqpl_4_2_2,6718552,2,10
3260469030,mqpl_4_2_2,6718552,2,10
1967485864,mqpl_4_2_2,6728132,4,10
1973232496,mqpl_4_2_2,6728471,4,10
1968677530,mqpl_4_2_2,6727884,4,10
1974731764,mqpl_4_2_2,6728390,4,10
1962489708,mqpl_4_2_2,6728312,4,10
1062674044,mqpl_4_2_2,6768690,8,10
1060487704,mqpl_4_2_2,6767445,8,10
1067357642,mqpl_4_2_2,6767152,8,10
1061244542,mqpl_4_2_2,6767257,8,10
1059838798,mqpl_4_2_2,6767962,8,10
594792174,mqpl_4_2_2,6922795,16,10
596062388,mqpl_4_2_2,6918914,16,10
593409238,mqpl_4_2_2,6920787,16,10
593454330,mqpl_4_2_2,6918604,16,10
593308802,mqpl_4_2_2,6921356,16,10
542020274,mqpl_4_2_2,7377739,32,10
543938384,mqpl_4_2_2,7373110,32,10
540993526,mqpl_4_2_2,7376141,32,10
543198964,mqpl_4_2_2,7379069,32,10
541711044,mqpl_4_2_2,7380210,32,10
390016992,mqpl_4_2_2,8510251,64,10
391050726,mqpl_4_2_2,8526459,64,10
392208824,mqpl_4_2_2,8511797,64,10
389375962,mqpl_4_2_2,8512871,64,10
391682302,mqpl_4_2_2,8503471,64,10
315896120,mqpl_4_2_2,10935437,128,10
315139308,mqpl_4_2_2,10904709,128,10
315056586,mqpl_4_2_2,10866817,128,10
315895964,mqpl_4_2_2,10898849,128,10
313820392,mqpl_4_2_2,10914546,128,10
