185843419998,mqpl_4_1024_1024,75832619,1,10
185799373232,mqpl_4_1024_1024,75871327,1,10
186121514336,mqpl_4_1024_1024,75874424,1,10
185786960642,mqpl_4_1024_1024,75865754,1,10
185627545892,mqpl_4_1024_1024,75886632,1,10
93738668994,mqpl_4_1024_1024,76116818,2,10
93801570600,mqpl_4_1024_1024,75998559,2,10
93778822838,mqpl_4_1024_1024,76056988,2,10
93759813664,mqpl_4_1024_1024,75982211,2,10
93913037684,mqpl_4_1024_1024,76028643,2,10
47497159142,mqpl_4_1024_1024,76337728,4,10
47518239406,mqpl_4_1024_1024,76316410,4,10
47564055096,mqpl_4_1024_1024,76345545,4,10
47471078636,mqpl_4_1024_1024,76203071,4,10
47581667814,mqpl_4_1024_1024,76375614,4,10
24518794968,mqpl_4_1024_1024,77108620,8,10
24515956794,mqpl_4_1024_1024,77002514,8,10
24512517484,mqpl_4_1024_1024,77089082,8,10
24519657226,mqpl_4_1024_1024,77057036,8,10
24538837524,mqpl_4_1024_1024,77175178,8,10
13063486406,mqpl_4_1024_1024,77779272,16,10
13053524932,mqpl_4_1024_1024,77951180,16,10
13161704032,mqpl_4_1024_1024,78801038,16,10
13070770070,mqpl_4_1024_1024,77934377,16,10
13124991954,mqpl_4_1024_1024,78528918,16,10
7685519070,mqpl_4_1024_1024,79904393,32,10
7718764818,mqpl_4_1024_1024,80022164,32,10
7683401172,mqpl_4_1024_1024,79562070,32,10
7700251070,mqpl_4_1024_1024,79960864,32,10
7714293818,mqpl_4_1024_1024,79833055,32,10
4482409112,mqpl_4_1024_1024,85381526,64,10
4405090462,mqpl_4_1024_1024,83504590,64,10
4435589356,mqpl_4_1024_1024,84038337,64,10
4430999812,mqpl_4_1024_1024,84278628,64,10
4354197088,mqpl_4_1024_1024,82753090,64,10
3548783780,mqpl_4_1024_1024,96049432,128,10
3356538346,mqpl_4_1024_1024,91210491,128,10
3319392824,mqpl_4_1024_1024,89785611,128,10
3428467160,mqpl_4_1024_1024,93804520,128,10
3438749066,mqpl_4_1024_1024,94829396,128,10
