123826161280,mqplnuma_4_8_64_4,35016470,1
119948590480,mqplnuma_4_8_64_4,35016860,1
114971936000,mqplnuma_4_8_64_4,35017185,1
113037097580,mqplnuma_4_8_64_4,35016517,1
113592997920,mqplnuma_4_8_64_4,35017631,1
57264698540,mqplnuma_4_8_64_4,35017318,2
57257096700,mqplnuma_4_8_64_4,35018225,2
57248860800,mqplnuma_4_8_64_4,35017236,2
57233448260,mqplnuma_4_8_64_4,35017321,2
57353348440,mqplnuma_4_8_64_4,35018204,2
29277526220,mqplnuma_4_8_64_4,35022031,4
29211110540,mqplnuma_4_8_64_4,35021628,4
29209354320,mqplnuma_4_8_64_4,35022449,4
29138752160,mqplnuma_4_8_64_4,35022471,4
29145545000,mqplnuma_4_8_64_4,35020653,4
15877602280,mqplnuma_4_8_64_4,35054882,8
15975592140,mqplnuma_4_8_64_4,35426532,8
15941724160,mqplnuma_4_8_64_4,35078098,8
15984631100,mqplnuma_4_8_64_4,35427474,8
15961053760,mqplnuma_4_8_64_4,35320625,8
8194500300,mqplnuma_4_8_64_4,35354024,16
8249096340,mqplnuma_4_8_64_4,35718379,16
8232508680,mqplnuma_4_8_64_4,35342402,16
8235946240,mqplnuma_4_8_64_4,35509355,16
8237017420,mqplnuma_4_8_64_4,35518553,16
4516311960,mqplnuma_4_8_64_4,36703675,32
4462192820,mqplnuma_4_8_64_4,36188236,32
4474518640,mqplnuma_4_8_64_4,36449348,32
4446365000,mqplnuma_4_8_64_4,36241453,32
4520093220,mqplnuma_4_8_64_4,37300954,32
2909249560,mqplnuma_4_8_64_4,38445322,64
2845940540,mqplnuma_4_8_64_4,38049783,64
2937729700,mqplnuma_4_8_64_4,38711023,64
2936807820,mqplnuma_4_8_64_4,38584615,64
2890813960,mqplnuma_4_8_64_4,38575948,64
3120249540,mqplnuma_4_8_64_4,39878876,128
3021918580,mqplnuma_4_8_64_4,39968993,128
3143119840,mqplnuma_4_8_64_4,40331918,128
3268607600,mqplnuma_4_8_64_4,40485606,128
2906642340,mqplnuma_4_8_64_4,40197887,128
3203203080,mqplnuma_4_8_64_4,41505773,256
3167285440,mqplnuma_4_8_64_4,41380680,256
3139195140,mqplnuma_4_8_64_4,41551839,256
3195560680,mqplnuma_4_8_64_4,41712266,256
3469735120,mqplnuma_4_8_64_4,41723447,256
