184660193000,mqplnuma_4_1024_512_512,84935748,1,10
183483943820,mqplnuma_4_1024_512_512,85228879,1,10
184090359940,mqplnuma_4_1024_512_512,85164027,1,10
185173955980,mqplnuma_4_1024_512_512,86538667,1,10
184119199720,mqplnuma_4_1024_512_512,85055046,1,10
93165241740,mqplnuma_4_1024_512_512,86096828,2,10
92982938140,mqplnuma_4_1024_512_512,85866486,2,10
93167723660,mqplnuma_4_1024_512_512,85995777,2,10
94030732700,mqplnuma_4_1024_512_512,88193842,2,10
93408998540,mqplnuma_4_1024_512_512,86521249,2,10
47256528580,mqplnuma_4_1024_512_512,87597023,4,10
46850869600,mqplnuma_4_1024_512_512,86007738,4,10
46869681340,mqplnuma_4_1024_512_512,86289752,4,10
46927103560,mqplnuma_4_1024_512_512,86640614,4,10
46678370600,mqplnuma_4_1024_512_512,85758723,4,10
24634721080,mqplnuma_4_1024_512_512,86301770,8,10
24561049400,mqplnuma_4_1024_512_512,86420671,8,10
24641884900,mqplnuma_4_1024_512_512,86956058,8,10
25066951760,mqplnuma_4_1024_512_512,89197578,8,10
24692128140,mqplnuma_4_1024_512_512,86772992,8,10
12611393980,mqplnuma_4_1024_512_512,86164897,16,10
12815609880,mqplnuma_4_1024_512_512,87626844,16,10
12715715100,mqplnuma_4_1024_512_512,87130823,16,10
12826974920,mqplnuma_4_1024_512_512,88291015,16,10
12622310920,mqplnuma_4_1024_512_512,86414214,16,10
6781757080,mqplnuma_4_1024_512_512,88483781,32,10
6768443920,mqplnuma_4_1024_512_512,88336932,32,10
6807760500,mqplnuma_4_1024_512_512,88508538,32,10
6782378440,mqplnuma_4_1024_512_512,89068994,32,10
6906148980,mqplnuma_4_1024_512_512,90515416,32,10
4131900200,mqplnuma_4_1024_512_512,89650201,64,10
4217030360,mqplnuma_4_1024_512_512,89712696,64,10
4264546000,mqplnuma_4_1024_512_512,90323678,64,10
4235986520,mqplnuma_4_1024_512_512,89317116,64,10
4217836160,mqplnuma_4_1024_512_512,90392660,64,10
4598768760,mqplnuma_4_1024_512_512,90948433,128,10
4169326880,mqplnuma_4_1024_512_512,91796027,128,10
4206698200,mqplnuma_4_1024_512_512,90503210,128,10
4194914900,mqplnuma_4_1024_512_512,90694776,128,10
4578895040,mqplnuma_4_1024_512_512,91218411,128,10
5133047080,mqplnuma_4_1024_512_512,95165886,256,10
5452254400,mqplnuma_4_1024_512_512,95633541,256,10
5348116280,mqplnuma_4_1024_512_512,93766635,256,10
5281214340,mqplnuma_4_1024_512_512,94624877,256,10
5413102980,mqplnuma_4_1024_512_512,98254684,256,10
