26797016560,obim,50542646,1
26781150400,obim,50542646,1
26765410420,obim,50542646,1
26818698100,obim,50542646,1
26787764660,obim,50542646,1
13831360280,obim,50542646,2
13837202520,obim,50542646,2
13830039860,obim,50542646,2
13836106820,obim,50542646,2
13844386120,obim,50542646,2
7004230480,obim,50542664,4
6989724620,obim,50542700,4
6983683120,obim,50542675,4
7011543100,obim,50542681,4
6998622680,obim,50542664,4
4870470440,obim,50542666,8
4750441240,obim,50542671,8
4762910380,obim,50542695,8
4764852460,obim,50542710,8
4774990660,obim,50542666,8
2702665000,obim,50542688,16
2700439520,obim,50542698,16
2691951020,obim,50542695,16
2695756380,obim,50542679,16
2690344560,obim,50542677,16
1586070720,obim,50543702,32
1581698800,obim,50544054,32
1583902100,obim,50543624,32
1577984860,obim,50543282,32
1605056320,obim,50542971,32
1609201820,obim,50544855,64
1624076140,obim,50544518,64
1611741340,obim,50545377,64
1612338900,obim,50544439,64
1615334640,obim,50545840,64
1110672500,obim,50550917,128
1176023600,obim,50548402,128
1187538440,obim,50547819,128
1094892860,obim,50549577,128
1108334100,obim,50545267,128
1163472360,obim,50561629,256
1295908480,obim,50564387,256
1311130940,obim,50557778,256
1319805840,obim,50558674,256
1199977300,obim,50567004,256
27679672020,adap-obim,50542646,1
27615766340,adap-obim,50542646,1
27663214300,adap-obim,50542646,1
27629187940,adap-obim,50542646,1
27632462920,adap-obim,50542646,1
14277730140,adap-obim,50542646,2
14267505040,adap-obim,50542646,2
14246828940,adap-obim,50542662,2
14282728000,adap-obim,50542657,2
14284134360,adap-obim,50542646,2
7223444440,adap-obim,50542689,4
7221630260,adap-obim,50542673,4
7224167200,adap-obim,50542664,4
7217265220,adap-obim,50542664,4
7205221680,adap-obim,50542697,4
4876292900,adap-obim,50542704,8
4881510340,adap-obim,50542686,8
4890875860,adap-obim,50542666,8
4893535000,adap-obim,50542666,8
4841445860,adap-obim,50542694,8
2749621040,adap-obim,50542682,16
2762389880,adap-obim,50542777,16
2752171060,adap-obim,50542676,16
2761146760,adap-obim,50542703,16
2748845820,adap-obim,50542838,16
1604587420,adap-obim,50543368,32
1636384240,adap-obim,50543340,32
1640222640,adap-obim,50543430,32
1606678780,adap-obim,50543389,32
1635143320,adap-obim,50543492,32
1607658740,adap-obim,50544018,64
1600071300,adap-obim,50544995,64
1604405000,adap-obim,50545328,64
1609660920,adap-obim,50545595,64
1617685020,adap-obim,50545356,64
1179314640,adap-obim,50549912,128
1123083580,adap-obim,50547552,128
1126283460,adap-obim,50547168,128
1083633300,adap-obim,50550357,128
1060423820,adap-obim,50547666,128
1295712560,adap-obim,50566388,256
1292541080,adap-obim,50561891,256
1225053200,adap-obim,50558202,256
1200015340,adap-obim,50570795,256
1243223080,adap-obim,50562486,256
