2103338780,obim,6262104,1
2131483760,obim,6262104,1
2128892780,obim,6262104,1
2124421540,obim,6262104,1
2113627100,obim,6262104,1
1277788940,obim,6262170,2
1263110600,obim,6262170,2
1315817340,obim,6262163,2
1281303860,obim,6262104,2
1242013640,obim,6262104,2
669447240,obim,6262123,4
672529440,obim,6262122,4
678727220,obim,6262114,4
677163280,obim,6262133,4
669756560,obim,6262120,4
618974640,obim,6262193,8
618691800,obim,6262186,8
618690140,obim,6262200,8
618419680,obim,6262187,8
612466100,obim,6262179,8
398513540,obim,6262516,16
399025960,obim,6262553,16
399282480,obim,6262569,16
397388380,obim,6262458,16
396649180,obim,6262479,16
285634860,obim,6264681,32
357416100,obim,6264872,32
282112880,obim,6264783,32
283981460,obim,6264548,32
271607860,obim,6265190,32
277704040,obim,6272115,64
278314980,obim,6272063,64
273732320,obim,6273136,64
278348860,obim,6272641,64
273735180,obim,6272853,64
503977040,obim,6281070,128
370504520,obim,6281700,128
410590040,obim,6276329,128
371038380,obim,6280279,128
360470180,obim,6278867,128
1177776380,obim,6481262,256
1072361020,obim,6580286,256
1367158360,obim,6402159,256
1338608760,obim,6300506,256
1070230140,obim,6281763,256
2230433500,adap-obim,6262104,1
2247296160,adap-obim,6262104,1
2277577880,adap-obim,6262104,1
2279580260,adap-obim,6262104,1
2337386520,adap-obim,6262104,1
1134847660,adap-obim,6262311,2
1217349000,adap-obim,6262356,2
1151018780,adap-obim,6262450,2
1155081040,adap-obim,6262621,2
1154151000,adap-obim,6263363,2
517260480,adap-obim,6267483,4
516429660,adap-obim,6267921,4
516471920,adap-obim,6265830,4
516015200,adap-obim,6267107,4
521202520,adap-obim,6264336,4
514804280,adap-obim,6321809,8
514135060,adap-obim,6316856,8
512907600,adap-obim,6314037,8
515380220,adap-obim,6324060,8
516749460,adap-obim,6326018,8
297033240,adap-obim,6494726,16
295862200,adap-obim,6475138,16
297195760,adap-obim,6495177,16
293232040,adap-obim,6427712,16
296643620,adap-obim,6462295,16
197919720,adap-obim,6979488,32
194485780,adap-obim,6930544,32
195940260,adap-obim,6884333,32
189967460,adap-obim,6986516,32
197161640,adap-obim,6942704,32
156639080,adap-obim,9592377,64
155228980,adap-obim,9674921,64
153917660,adap-obim,9695843,64
156929580,adap-obim,9763181,64
157516740,adap-obim,9768843,64
131263200,adap-obim,15334821,128
133029160,adap-obim,15340733,128
131788520,adap-obim,15212105,128
139541340,adap-obim,15032233,128
134724880,adap-obim,15195146,128
151416900,adap-obim,24183433,256
157119900,adap-obim,24005102,256
152936440,adap-obim,24027984,256
151422260,adap-obim,24494986,256
150968660,adap-obim,24057765,256
