53137612240,obim,47894693,1,0
53109835980,obim,47894693,1,0
53085512920,obim,47894693,1,0
53033857340,obim,47894693,1,0
53293705820,obim,47894693,1,0
27466592740,obim,47953832,2,0
27495204420,obim,47952895,2,0
27407788220,obim,47953480,2,0
27417658440,obim,47953349,2,0
27444649580,obim,47953285,2,0
14402446040,obim,47986640,4,0
14398305120,obim,47986437,4,0
14412112580,obim,47985512,4,0
14398581120,obim,47985746,4,0
14397227840,obim,47985560,4,0
8462897000,obim,48001762,8,0
8419769720,obim,48001513,8,0
8427330600,obim,48001828,8,0
8445445920,obim,48001619,8,0
8429410560,obim,48001803,8,0
4591793800,obim,48015575,16,0
4581769940,obim,48015749,16,0
4584803580,obim,48019211,16,0
4586739780,obim,48017844,16,0
4581442900,obim,48018294,16,0
3764813560,obim,48039569,32,0
3786135020,obim,48039116,32,0
3786857620,obim,48041896,32,0
3769553960,obim,48042156,32,0
3789613660,obim,48041880,32,0
3833519780,obim,48065016,64,0
3842629260,obim,48064480,64,0
3869219200,obim,48066321,64,0
3892707840,obim,48066256,64,0
3901205620,obim,48065224,64,0
4131151280,obim,48062843,128,0
4149796980,obim,48061817,128,0
4160783260,obim,48059026,128,0
4287774320,obim,48061989,128,0
4278570680,obim,48065446,128,0
3453009900,obim,48085808,256,0
3554519900,obim,48088816,256,0
3342939760,obim,48091035,256,0
3468073860,obim,48095487,256,0
3423329300,obim,48099446,256,0
53438981920,adap-obim,47894693,1,0
53416713880,adap-obim,47894693,1,0
53379208800,adap-obim,47894693,1,0
53444730160,adap-obim,47894693,1,0
53462375720,adap-obim,47894693,1,0
27285822060,adap-obim,47984746,2,0
27635429460,adap-obim,47971535,2,0
27714791220,adap-obim,47971797,2,0
27674428720,adap-obim,47970445,2,0
27679289860,adap-obim,47972447,2,0
14440920020,adap-obim,48016448,4,0
14432627420,adap-obim,48015625,4,0
14502508340,adap-obim,48013613,4,0
14445029180,adap-obim,48015453,4,0
14466589500,adap-obim,48017139,4,0
8585764780,adap-obim,48014335,8,0
8572314640,adap-obim,48013709,8,0
8578671500,adap-obim,48013875,8,0
8042910420,adap-obim,48010874,8,0
8588272180,adap-obim,48013103,8,0
4647357000,adap-obim,48014307,16,0
4640414900,adap-obim,48014634,16,0
4661382420,adap-obim,48013862,16,0
4656645060,adap-obim,48016066,16,0
4651902620,adap-obim,48014321,16,0
3783930560,adap-obim,48042664,32,0
3752486400,adap-obim,48043945,32,0
3760500820,adap-obim,48042123,32,0
3771078960,adap-obim,48043495,32,0
3791560320,adap-obim,48040419,32,0
3839927020,adap-obim,48065088,64,0
3907564900,adap-obim,48065064,64,0
3872559340,adap-obim,48064345,64,0
3923948340,adap-obim,48064325,64,0
3896580080,adap-obim,48065320,64,0
4007229400,adap-obim,48060907,128,0
4018675320,adap-obim,48065671,128,0
4102379880,adap-obim,48062309,128,0
4128275220,adap-obim,48063139,128,0
4148762920,adap-obim,48063351,128,0
3344439280,adap-obim,48117107,256,0
3354153880,adap-obim,48121121,256,0
3555425380,adap-obim,48125216,256,0
3450925400,adap-obim,48138760,256,0
3444547200,adap-obim,48119118,256,0
