12944732420,obim,12524207,1,0
12939043380,obim,12524207,1,0
12955243180,obim,12524207,1,0
12960835280,obim,12524207,1,0
12965166560,obim,12524207,1,0
6843505120,obim,12539772,2,0
6880537960,obim,12540225,2,0
6851897640,obim,12540314,2,0
6857666920,obim,12540438,2,0
6853987600,obim,12539969,2,0
3575905460,obim,12549359,4,0
3564001240,obim,12549896,4,0
3570537860,obim,12548835,4,0
3573312420,obim,12549793,4,0
3572772640,obim,12549223,4,0
2082768840,obim,12554072,8,0
2083753540,obim,12554402,8,0
2083459020,obim,12554593,8,0
2082397040,obim,12554684,8,0
2084215460,obim,12554360,8,0
1127220240,obim,12559846,16,0
1131222420,obim,12559561,16,0
1127476800,obim,12559431,16,0
1127834400,obim,12559404,16,0
1127578540,obim,12559866,16,0
958150080,obim,12568195,32,0
958214360,obim,12568199,32,0
956668480,obim,12568490,32,0
958620820,obim,12568328,32,0
960454240,obim,12568215,32,0
956505540,obim,12577346,64,0
1074881900,obim,12576316,64,0
1096366080,obim,12576967,64,0
1056377200,obim,12576608,64,0
1090646120,obim,12576867,64,0
1015279680,obim,12588683,128,0
1292092620,obim,12589770,128,0
1358255420,obim,12589563,128,0
1282153620,obim,12586653,128,0
1329811380,obim,12589595,128,0
1108881540,obim,12605085,256,0
1427121900,obim,12606309,256,0
1429723980,obim,12612136,256,0
1424276220,obim,12604654,256,0
1429565300,obim,12610004,256,0
13220791120,adap-obim,12524207,1,0
13251540120,adap-obim,12524207,1,0
13241013200,adap-obim,12524207,1,0
13256906240,adap-obim,12524207,1,0
13241092420,adap-obim,12524207,1,0
6933638260,adap-obim,12546488,2,0
6949102040,adap-obim,12545918,2,0
6951750940,adap-obim,12546723,2,0
6969982700,adap-obim,12546422,2,0
6937572920,adap-obim,12545708,2,0
3625247960,adap-obim,12557495,4,0
3629261880,adap-obim,12558208,4,0
3633848760,adap-obim,12557468,4,0
3624273860,adap-obim,12557169,4,0
3610052160,adap-obim,12559847,4,0
2125070720,adap-obim,12556199,8,0
2129065140,adap-obim,12555992,8,0
2128619080,adap-obim,12556338,8,0
2129126300,adap-obim,12556843,8,0
2133027020,adap-obim,12555783,8,0
1144212000,adap-obim,12559762,16,0
1141821140,adap-obim,12559653,16,0
1140264660,adap-obim,12559506,16,0
1142552100,adap-obim,12560334,16,0
1141750420,adap-obim,12559725,16,0
960586980,adap-obim,12567436,32,0
961421820,adap-obim,12568450,32,0
960369120,adap-obim,12568725,32,0
959085300,adap-obim,12568129,32,0
958737240,adap-obim,12568463,32,0
950887660,adap-obim,12577210,64,0
1080348280,adap-obim,12577015,64,0
1099457500,adap-obim,12576659,64,0
1086819840,adap-obim,12577740,64,0
1098310160,adap-obim,12577032,64,0
1015637640,adap-obim,12588913,128,0
1304531920,adap-obim,12587248,128,0
1357344440,adap-obim,12584491,128,0
1291151440,adap-obim,12588533,128,0
1329883400,adap-obim,12588955,128,0
1090608060,adap-obim,12608106,256,0
1340940380,adap-obim,12614869,256,0
1441610680,adap-obim,12617662,256,0
1362494240,adap-obim,12609855,256,0
1410997480,adap-obim,12604703,256,0
