159054524780,obim,84823491,1,0
158875601520,obim,84823491,1,0
159121322340,obim,84823491,1,0
159439642680,obim,84823491,1,0
158315176940,obim,84823491,1,0
79099643120,obim,84826416,2,0
79356046220,obim,84826252,2,0
79074040400,obim,84826531,2,0
79264725480,obim,84826461,2,0
79316927380,obim,84825995,2,0
40215938580,obim,84824703,4,0
40090907580,obim,84824882,4,0
40056019660,obim,84824647,4,0
40115264540,obim,84825103,4,0
40142926140,obim,84824717,4,0
20899592560,obim,84826408,8,0
20914381400,obim,84826174,8,0
20960255260,obim,84826004,8,0
20946148360,obim,84826062,8,0
20925627940,obim,84825784,8,0
10654846260,obim,84838691,16,0
10797721800,obim,84837937,16,0
10745371460,obim,84837788,16,0
10742307120,obim,84838695,16,0
10732477760,obim,84838281,16,0
5589999740,obim,84919691,32,0
5588274780,obim,84911080,32,0
5543786500,obim,84911808,32,0
5578412820,obim,84912890,32,0
5582765680,obim,84912780,32,0
3476967820,obim,87648866,64,0
3487105680,obim,87462184,64,0
3480746720,obim,87644143,64,0
3481698280,obim,87733812,64,0
3489154800,obim,87641692,64,0
3248521440,obim,95445558,128,0
3148965980,obim,95069142,128,0
3179419520,obim,94928173,128,0
3266797720,obim,95647740,128,0
3215843680,obim,95273806,128,0
3865174220,obim,105723867,256,0
3837612460,obim,105733030,256,0
3848489940,obim,105479338,256,0
3875067340,obim,106595353,256,0
3837839260,obim,105740262,256,0
161365775000,adap-obim,84823491,1,0
161213447680,adap-obim,84823491,1,0
161238206860,adap-obim,84823491,1,0
161095165660,adap-obim,84823491,1,0
159803472560,adap-obim,84823491,1,0
80005987140,adap-obim,84825880,2,0
80134614580,adap-obim,84826116,2,0
80141983460,adap-obim,84826070,2,0
80195114580,adap-obim,84825997,2,0
80226930180,adap-obim,84826076,2,0
40634136080,adap-obim,84824813,4,0
40617028860,adap-obim,84824747,4,0
40632360620,adap-obim,84824963,4,0
40584125480,adap-obim,84824841,4,0
40617234240,adap-obim,84825086,4,0
21206489980,adap-obim,84826253,8,0
21152705420,adap-obim,84825773,8,0
21191566280,adap-obim,84825876,8,0
21185364600,adap-obim,84826437,8,0
21166167160,adap-obim,84826542,8,0
10872336220,adap-obim,84838225,16,0
10863483360,adap-obim,84838555,16,0
10792821140,adap-obim,84838498,16,0
10868943760,adap-obim,84837899,16,0
10869035620,adap-obim,84837962,16,0
5662128360,adap-obim,84912487,32,0
5617768000,adap-obim,84911951,32,0
5663748320,adap-obim,84912864,32,0
5664420120,adap-obim,84912387,32,0
5685128440,adap-obim,84921495,32,0
3557505180,adap-obim,87380279,64,0
3542182140,adap-obim,87491145,64,0
3548793240,adap-obim,87656373,64,0
3549036640,adap-obim,87549198,64,0
3561764600,adap-obim,87607080,64,0
3255369200,adap-obim,95162860,128,0
3280017120,adap-obim,95193570,128,0
3251487120,adap-obim,95103664,128,0
3182321520,adap-obim,95021977,128,0
3192005600,adap-obim,95190915,128,0
3862967280,adap-obim,105809396,256,0
3860541060,adap-obim,105291556,256,0
3826319740,adap-obim,105661854,256,0
3839753180,adap-obim,105297555,256,0
3770376760,adap-obim,104574880,256,0
