98351854060,obim,75745522,1,0
98629872860,obim,75745522,1,0
98652210620,obim,75745522,1,0
98686502400,obim,75745522,1,0
98478341940,obim,75745522,1,0
48977884720,obim,75745643,2,0
49090590900,obim,75745724,2,0
49080822660,obim,75745599,2,0
49161749420,obim,75745698,2,0
49148673900,obim,75745668,2,0
24776856080,obim,75745974,4,0
24805854380,obim,75745956,4,0
24799251160,obim,75746051,4,0
25102374020,obim,75745851,4,0
24786297660,obim,75745932,4,0
13501124220,obim,75749829,8,0
13504284740,obim,75749924,8,0
13510049120,obim,75748073,8,0
13524505880,obim,75749843,8,0
13497467260,obim,75749588,8,0
7100953680,obim,75765733,16,0
7081676120,obim,75774438,16,0
7085162380,obim,75768370,16,0
7089280620,obim,75764537,16,0
7083179200,obim,75769333,16,0
3811282720,obim,75891473,32,0
3805811660,obim,75822475,32,0
3821016960,obim,75802277,32,0
3810849740,obim,75825749,32,0
3828457740,obim,75894016,32,0
2313447220,obim,76601240,64,0
2386937560,obim,76501053,64,0
2324378840,obim,76551704,64,0
2315863540,obim,76561883,64,0
2310829740,obim,75928670,64,0
1575495940,obim,78633482,128,0
1598081620,obim,78890263,128,0
1588773580,obim,79443903,128,0
1581403420,obim,79676921,128,0
1548661820,obim,78128905,128,0
1923094480,obim,83378867,256,0
1804226960,obim,80324893,256,0
1817299340,obim,79957153,256,0
1882827440,obim,82181272,256,0
1811015600,obim,79806918,256,0
86284771340,adap-obim,77195932,1,0
90017053540,adap-obim,77195932,1,0
86448631180,adap-obim,77195932,1,0
86544987060,adap-obim,77195932,1,0
86438905700,adap-obim,77195932,1,0
39181313640,adap-obim,98494457,2,0
39163188520,adap-obim,98544401,2,0
39091178960,adap-obim,98467461,2,0
39371580820,adap-obim,98602946,2,0
39153253920,adap-obim,98524346,2,0
19723352640,adap-obim,98227893,4,0
19698079260,adap-obim,98115316,4,0
19706284320,adap-obim,98274758,4,0
19701575040,adap-obim,98299509,4,0
19740773360,adap-obim,98171258,4,0
11621560760,adap-obim,98171365,8,0
11630377340,adap-obim,98244728,8,0
11644730440,adap-obim,98383622,8,0
11590767700,adap-obim,98298503,8,0
11630024340,adap-obim,98250997,8,0
7620129540,adap-obim,125919661,16,0
6282978160,adap-obim,98993230,16,0
7781700220,adap-obim,127559294,16,0
7706122300,adap-obim,126492919,16,0
7703085640,adap-obim,125724145,16,0
3451600960,adap-obim,98970103,32,0
3510860920,adap-obim,100216689,32,0
3422330820,adap-obim,98593224,32,0
3467471260,adap-obim,99200491,32,0
3548898840,adap-obim,102144985,32,0
2450621180,adap-obim,101498579,64,0
2614335300,adap-obim,101587405,64,0
2676320100,adap-obim,101360259,64,0
2600400940,adap-obim,99530204,64,0
3754983260,adap-obim,130112332,64,0
2144324000,adap-obim,132835607,128,0
2213737440,adap-obim,132445876,128,0
1840385260,adap-obim,106199444,128,0
2560126480,adap-obim,140132760,128,0
2531477420,adap-obim,144378029,128,0
2043554860,adap-obim,120039291,256,0
2228323760,adap-obim,123844111,256,0
2255088860,adap-obim,126432166,256,0
2204042580,adap-obim,124173217,256,0
1640507460,adap-obim,93360248,256,0
