9469072140,obim,29625079,1,14
9434396580,obim,29625079,1,14
9569477420,obim,29625079,1,14
9448154840,obim,29625079,1,14
9462265140,obim,29625079,1,14
6228909860,obim,29561134,2,14
5980689400,obim,29559056,2,14
6168993340,obim,29563324,2,14
6103896280,obim,29559803,2,14
6152042060,obim,29560023,2,14
2642167280,obim,29541477,4,14
2639944000,obim,29554817,4,14
2640458580,obim,29549038,4,14
2645843660,obim,29549725,4,14
2645748100,obim,29543455,4,14
2905923820,obim,29632226,8,14
2919255200,obim,29620840,8,14
2929445520,obim,29644230,8,14
2921951160,obim,29623838,8,14
2923863220,obim,29650024,8,14
1527010620,obim,30936782,16,14
1534238920,obim,30974371,16,14
1571183300,obim,31085552,16,14
1531345440,obim,30964408,16,14
1530700040,obim,31036307,16,14
927418340,obim,37084563,32,14
931483460,obim,37154435,32,14
923983420,obim,36853134,32,14
929179140,obim,37098364,32,14
935611580,obim,37374444,32,14
671600280,obim,51840658,64,14
675797880,obim,52710388,64,14
688322980,obim,52773037,64,14
673158220,obim,52388686,64,14
673723260,obim,52795615,64,14
585290020,obim,82849612,128,14
578186940,obim,82311007,128,14
577949960,obim,82748587,128,14
585628860,obim,84148660,128,14
586845780,obim,85048881,128,14
666368280,obim,140575813,256,14
668943280,obim,139770772,256,14
672671760,obim,138377066,256,14
702629320,obim,138627274,256,14
699134660,obim,138057141,256,14
9444841360,adap-obim,27530625,1,14
9356120540,adap-obim,27530625,1,14
9489971360,adap-obim,27530625,1,14
9480360340,adap-obim,27530625,1,14
9519464500,adap-obim,27530625,1,14
5768378000,adap-obim,27517225,2,14
5738553740,adap-obim,27520262,2,14
6065245020,adap-obim,27519980,2,14
5985915660,adap-obim,27522077,2,14
5954983320,adap-obim,27520257,2,14
2683194580,adap-obim,27544534,4,14
2687465720,adap-obim,27545793,4,14
2672545900,adap-obim,27552103,4,14
2682074340,adap-obim,27555700,4,14
2682156220,adap-obim,27550157,4,14
2901069520,adap-obim,26807687,8,14
2896802000,adap-obim,26801271,8,14
2899742820,adap-obim,26802036,8,14
2898302540,adap-obim,26796194,8,14
2842250460,adap-obim,27679041,8,14
1545333660,adap-obim,29303777,16,14
1550557020,adap-obim,29417824,16,14
1668159400,adap-obim,28351502,16,14
1650032500,adap-obim,28403951,16,14
1546903640,adap-obim,29369034,16,14
1161371420,adap-obim,32623940,32,14
1086133020,adap-obim,32388682,32,14
956588640,adap-obim,35231385,32,14
1092179940,adap-obim,32256587,32,14
958181360,adap-obim,35425615,32,14
712913760,adap-obim,48834111,64,14
890283920,adap-obim,42789991,64,14
797936240,adap-obim,51127285,64,14
803429300,adap-obim,47515272,64,14
717816980,adap-obim,49130882,64,14
705804100,adap-obim,69233554,128,14
700015380,adap-obim,67216334,128,14
697232700,adap-obim,69581800,128,14
953826200,adap-obim,54518437,128,14
1065269680,adap-obim,50566375,128,14
1494445060,adap-obim,86797133,256,14
1035544960,adap-obim,95821664,256,14
1713571560,adap-obim,83502191,256,14
1407660680,adap-obim,139954629,256,14
1299733460,adap-obim,91212565,256,14
