383164930,mqpp_4_1_1,9323347,128
386424230,mqpp_4_1_1,9322344,128
380205850,mqpp_4_1_1,9308449,128
378664634,mqpp_4_1_1,9322998,128
373511292,mqpp_4_1_1,9313448,128
381115896,mqpp_4_1_2,10635171,128
388438384,mqpp_4_1_2,10632318,128
383235598,mqpp_4_1_2,10609883,128
380138052,mqpp_4_1_2,10577834,128
382983548,mqpp_4_1_2,10641251,128
419940506,mqpp_4_1_4,12797278,128
422584612,mqpp_4_1_4,12828117,128
420482270,mqpp_4_1_4,12784710,128
419254600,mqpp_4_1_4,12756934,128
421018224,mqpp_4_1_4,12833195,128
483713550,mqpp_4_1_8,15902480,128
483278572,mqpp_4_1_8,15920353,128
486121668,mqpp_4_1_8,16006178,128
492706600,mqpp_4_1_8,15969836,128
482491374,mqpp_4_1_8,15974958,128
569246632,mqpp_4_1_16,19757109,128
576802908,mqpp_4_1_16,19978502,128
573050788,mqpp_4_1_16,19984371,128
572337590,mqpp_4_1_16,19930299,128
574880896,mqpp_4_1_16,20038527,128
673210766,mqpp_4_1_32,24285079,128
672987114,mqpp_4_1_32,24072619,128
679065776,mqpp_4_1_32,24400038,128
676322066,mqpp_4_1_32,24334965,128
669433884,mqpp_4_1_32,24168001,128
756571632,mqpp_4_1_64,27908630,128
755198994,mqpp_4_1_64,27904887,128
765623788,mqpp_4_1_64,28057807,128
765237578,mqpp_4_1_64,28133226,128
755244628,mqpp_4_1_64,27711307,128
827687128,mqpp_4_1_128,30931486,128
824490136,mqpp_4_1_128,30645483,128
821200336,mqpp_4_1_128,30642993,128
825554718,mqpp_4_1_128,30827641,128
822068060,mqpp_4_1_128,30677949,128
870542262,mqpp_4_1_256,32444669,128
878459118,mqpp_4_1_256,32800639,128
857982076,mqpp_4_1_256,32220018,128
859937218,mqpp_4_1_256,32348143,128
872733734,mqpp_4_1_256,32588227,128
898707202,mqpp_4_1_512,33724453,128
892368698,mqpp_4_1_512,33632390,128
893280334,mqpp_4_1_512,33688138,128
897530574,mqpp_4_1_512,33776579,128
889874328,mqpp_4_1_512,33487281,128
899166574,mqpp_4_1_1024,33873545,128
906925968,mqpp_4_1_1024,34184831,128
908954254,mqpp_4_1_1024,34158380,128
906311320,mqpp_4_1_1024,34256274,128
897384306,mqpp_4_1_1024,33704751,128
399349268,mqpp_4_2_1,9589129,128
386289702,mqpp_4_2_1,9576350,128
395029976,mqpp_4_2_1,9571776,128
400020860,mqpp_4_2_1,9561347,128
387560646,mqpp_4_2_1,9592114,128
388725932,mqpp_4_2_2,10930163,128
401077544,mqpp_4_2_2,10964759,128
388826058,mqpp_4_2_2,10944770,128
398386598,mqpp_4_2_2,10945546,128
390247448,mqpp_4_2_2,10962947,128
420234700,mqpp_4_2_4,13147414,128
414979214,mqpp_4_2_4,13141023,128
416673638,mqpp_4_2_4,13038247,128
417733668,mqpp_4_2_4,13085681,128
419440070,mqpp_4_2_4,13083560,128
470661956,mqpp_4_2_8,16245284,128
468274694,mqpp_4_2_8,16169028,128
464927238,mqpp_4_2_8,16059703,128
470558080,mqpp_4_2_8,16205940,128
468831700,mqpp_4_2_8,16158970,128
543109550,mqpp_4_2_16,20150074,128
547742396,mqpp_4_2_16,20282365,128
543889684,mqpp_4_2_16,20102286,128
543399052,mqpp_4_2_16,20153669,128
542047914,mqpp_4_2_16,20242972,128
639584282,mqpp_4_2_32,24969747,128
640288880,mqpp_4_2_32,25202432,128
653157670,mqpp_4_2_32,25217647,128
645126456,mqpp_4_2_32,25164671,128
633460072,mqpp_4_2_32,24843197,128
731707908,mqpp_4_2_64,29626982,128
735667816,mqpp_4_2_64,29797457,128
744742026,mqpp_4_2_64,30073814,128
746168700,mqpp_4_2_64,30075522,128
741392832,mqpp_4_2_64,29880571,128
820066796,mqpp_4_2_128,33785125,128
815820384,mqpp_4_2_128,33674669,128
825641206,mqpp_4_2_128,33907744,128
814054760,mqpp_4_2_128,33512318,128
808280616,mqpp_4_2_128,33366999,128
862940380,mqpp_4_2_256,35991211,128
879835560,mqpp_4_2_256,36534480,128
874648646,mqpp_4_2_256,36385326,128
883591224,mqpp_4_2_256,36940065,128
870548408,mqpp_4_2_256,36240946,128
915209666,mqpp_4_2_512,38184081,128
919539966,mqpp_4_2_512,38528402,128
893800006,mqpp_4_2_512,37294651,128
914192390,mqpp_4_2_512,38309901,128
919812752,mqpp_4_2_512,38304819,128
938939126,mqpp_4_2_1024,39275482,128
938728852,mqpp_4_2_1024,39490464,128
926543648,mqpp_4_2_1024,38921185,128
921768898,mqpp_4_2_1024,38520482,128
922962232,mqpp_4_2_1024,38764967,128
405610838,mqpp_4_4_1,9727513,128
403076560,mqpp_4_4_1,9708845,128
407624122,mqpp_4_4_1,9718867,128
396865048,mqpp_4_4_1,9673098,128
402442760,mqpp_4_4_1,9706200,128
407588582,mqpp_4_4_2,11131361,128
404457956,mqpp_4_4_2,11178995,128
398570264,mqpp_4_4_2,11146841,128
403573556,mqpp_4_4_2,11126326,128
399920136,mqpp_4_4_2,11131810,128
423485914,mqpp_4_4_4,13316323,128
424567228,mqpp_4_4_4,13333995,128
418455860,mqpp_4_4_4,13228797,128
419529100,mqpp_4_4_4,13239170,128
418836664,mqpp_4_4_4,13198879,128
465420954,mqpp_4_4_8,16275885,128
462829394,mqpp_4_4_8,16228613,128
466699382,mqpp_4_4_8,16280135,128
466560468,mqpp_4_4_8,16225658,128
465041592,mqpp_4_4_8,16292205,128
528540868,mqpp_4_4_16,20201933,128
527515586,mqpp_4_4_16,20270888,128
533609684,mqpp_4_4_16,20345147,128
526159604,mqpp_4_4_16,20149383,128
523404190,mqpp_4_4_16,20038826,128
618289432,mqpp_4_4_32,25342719,128
615820040,mqpp_4_4_32,24985989,128
616160970,mqpp_4_4_32,25210440,128
616195404,mqpp_4_4_32,25019081,128
617642006,mqpp_4_4_32,25230658,128
716576924,mqpp_4_4_64,30656713,128
723509254,mqpp_4_4_64,31008266,128
727130308,mqpp_4_4_64,31308730,128
723443792,mqpp_4_4_64,31150181,128
716762014,mqpp_4_4_64,30754887,128
813810914,mqpp_4_4_128,36088543,128
818261624,mqpp_4_4_128,36303536,128
824397608,mqpp_4_4_128,36448040,128
815211172,mqpp_4_4_128,36152602,128
812258054,mqpp_4_4_128,36011496,128
892265214,mqpp_4_4_256,40058360,128
886973454,mqpp_4_4_256,39809137,128
890324356,mqpp_4_4_256,39873848,128
889312266,mqpp_4_4_256,39958047,128
907675264,mqpp_4_4_256,40758225,128
963790554,mqpp_4_4_512,43470876,128
938858348,mqpp_4_4_512,42411797,128
942091630,mqpp_4_4_512,42575019,128
945559082,mqpp_4_4_512,42727177,128
953599946,mqpp_4_4_512,43303793,128
982193350,mqpp_4_4_1024,44353501,128
974250514,mqpp_4_4_1024,44063738,128
975451962,mqpp_4_4_1024,44061674,128
971898830,mqpp_4_4_1024,44157016,128
971929792,mqpp_4_4_1024,44067177,128
426520862,mqpp_4_8_1,9761708,128
425412602,mqpp_4_8_1,9728823,128
411713746,mqpp_4_8_1,9722331,128
416463222,mqpp_4_8_1,9705694,128
423128336,mqpp_4_8_1,9722166,128
406822956,mqpp_4_8_2,11201059,128
404170222,mqpp_4_8_2,11151396,128
403998746,mqpp_4_8_2,11163556,128
412031616,mqpp_4_8_2,11144052,128
407020770,mqpp_4_8_2,11189344,128
468366212,mqpp_4_8_4,13307828,128
429275708,mqpp_4_8_4,13264960,128
424681302,mqpp_4_8_4,13210155,128
425141156,mqpp_4_8_4,13263421,128
426292152,mqpp_4_8_4,13174165,128
464491890,mqpp_4_8_8,16317493,128
464378592,mqpp_4_8_8,16150701,128
464291662,mqpp_4_8_8,16037629,128
464312294,mqpp_4_8_8,16299182,128
458799034,mqpp_4_8_8,16023012,128
519056416,mqpp_4_8_16,19896823,128
528959794,mqpp_4_8_16,20069929,128
524384954,mqpp_4_8_16,20049062,128
526067242,mqpp_4_8_16,20045364,128
522014818,mqpp_4_8_16,19976620,128
607098338,mqpp_4_8_32,25336281,128
604861286,mqpp_4_8_32,25012531,128
604872222,mqpp_4_8_32,25085148,128
610103706,mqpp_4_8_32,25466847,128
607693682,mqpp_4_8_32,25352053,128
720077372,mqpp_4_8_64,31675370,128
702802734,mqpp_4_8_64,31031622,128
719929422,mqpp_4_8_64,31953254,128
714047870,mqpp_4_8_64,31393215,128
707357436,mqpp_4_8_64,31146805,128
821256502,mqpp_4_8_128,37708822,128
818529832,mqpp_4_8_128,37463581,128
834855466,mqpp_4_8_128,38430425,128
823696842,mqpp_4_8_128,37860453,128
823220616,mqpp_4_8_128,37804478,128
933264074,mqpp_4_8_256,44026482,128
930680798,mqpp_4_8_256,43985898,128
919203848,mqpp_4_8_256,43174642,128
922500874,mqpp_4_8_256,43610748,128
912068292,mqpp_4_8_256,43056770,128
1003113414,mqpp_4_8_512,48043529,128
989447178,mqpp_4_8_512,47250888,128
998343770,mqpp_4_8_512,47726040,128
999707386,mqpp_4_8_512,47857956,128
993983128,mqpp_4_8_512,47674150,128
1044620788,mqpp_4_8_1024,50034688,128
1031260260,mqpp_4_8_1024,49372507,128
1046726692,mqpp_4_8_1024,50109061,128
1038285714,mqpp_4_8_1024,49702703,128
1036408422,mqpp_4_8_1024,49735298,128
418063768,mqpp_4_16_1,9739783,128
423899542,mqpp_4_16_1,9720400,128
420159860,mqpp_4_16_1,9708880,128
423113982,mqpp_4_16_1,9710941,128
432844126,mqpp_4_16_1,9716370,128
409610434,mqpp_4_16_2,11150664,128
415018556,mqpp_4_16_2,11119444,128
409167082,mqpp_4_16_2,11195361,128
418694050,mqpp_4_16_2,11148703,128
411313584,mqpp_4_16_2,11126513,128
426833728,mqpp_4_16_4,13246854,128
428240636,mqpp_4_16_4,13264724,128
432169322,mqpp_4_16_4,13262217,128
431232386,mqpp_4_16_4,13281959,128
424723772,mqpp_4_16_4,13226995,128
463411624,mqpp_4_16_8,16089897,128
461184288,mqpp_4_16_8,15994116,128
464296692,mqpp_4_16_8,15945936,128
465947324,mqpp_4_16_8,15986500,128
460640990,mqpp_4_16_8,15950836,128
521258236,mqpp_4_16_16,19788901,128
523991116,mqpp_4_16_16,19970977,128
524712406,mqpp_4_16_16,20019031,128
522631586,mqpp_4_16_16,19875710,128
521403082,mqpp_4_16_16,19781623,128
595327220,mqpp_4_16_32,24799238,128
601824870,mqpp_4_16_32,25043685,128
596615196,mqpp_4_16_32,24813888,128
597386132,mqpp_4_16_32,24780654,128
602529830,mqpp_4_16_32,24892973,128
691850216,mqpp_4_16_64,31121816,128
692460114,mqpp_4_16_64,31021456,128
696476586,mqpp_4_16_64,31208709,128
701515910,mqpp_4_16_64,31410174,128
703281822,mqpp_4_16_64,31552625,128
803763784,mqpp_4_16_128,37486828,128
819082820,mqpp_4_16_128,38026863,128
823517512,mqpp_4_16_128,38309250,128
810851354,mqpp_4_16_128,37795850,128
813331930,mqpp_4_16_128,37811656,128
920846366,mqpp_4_16_256,44264318,128
927148036,mqpp_4_16_256,44588768,128
941691568,mqpp_4_16_256,45413516,128
936500414,mqpp_4_16_256,45062422,128
938749768,mqpp_4_16_256,45176376,128
1003700784,mqpp_4_16_512,49252042,128
1033971758,mqpp_4_16_512,50969885,128
1006042372,mqpp_4_16_512,49085420,128
1020802816,mqpp_4_16_512,50383493,128
990981036,mqpp_4_16_512,48830999,128
1103194774,mqpp_4_16_1024,54714312,128
1087427986,mqpp_4_16_1024,53722902,128
1065305522,mqpp_4_16_1024,52366333,128
1061415066,mqpp_4_16_1024,52357035,128
1083085658,mqpp_4_16_1024,53260665,128
422888664,mqpp_4_32_1,9716728,128
423161350,mqpp_4_32_1,9672862,128
441995274,mqpp_4_32_1,9721288,128
424875608,mqpp_4_32_1,9688647,128
421875668,mqpp_4_32_1,9713955,128
413378280,mqpp_4_32_2,11114654,128
413815186,mqpp_4_32_2,11120890,128
416423946,mqpp_4_32_2,11093225,128
413065230,mqpp_4_32_2,11192808,128
419732356,mqpp_4_32_2,11152971,128
434374690,mqpp_4_32_4,13255360,128
432167576,mqpp_4_32_4,13110060,128
427519558,mqpp_4_32_4,13210008,128
431865806,mqpp_4_32_4,13171302,128
375627104,mqpp_4_1_1,9304381,128
375139664,mqpp_4_1_1,9325549,128
372665010,mqpp_4_1_1,9343613,128
375561956,mqpp_4_1_1,9296341,128
373560778,mqpp_4_1_1,9301968,128
381167334,mqpp_4_1_2,10618947,128
381647096,mqpp_4_1_2,10634512,128
383975372,mqpp_4_1_2,10627539,128
382782162,mqpp_4_1_2,10630998,128
383722044,mqpp_4_1_2,10610046,128
420588558,mqpp_4_1_4,12855719,128
417463646,mqpp_4_1_4,12790239,128
419634882,mqpp_4_1_4,12838554,128
417316914,mqpp_4_1_4,12758360,128
418535298,mqpp_4_1_4,12784115,128
487278158,mqpp_4_1_8,16058906,128
491338480,mqpp_4_1_8,16049812,128
484318654,mqpp_4_1_8,15919594,128
483924754,mqpp_4_1_8,15975621,128
483200764,mqpp_4_1_8,15971702,128
574413288,mqpp_4_1_16,19962348,128
570768660,mqpp_4_1_16,19898795,128
569028026,mqpp_4_1_16,19863842,128
576591848,mqpp_4_1_16,20048280,128
568961888,mqpp_4_1_16,19857886,128
673293800,mqpp_4_1_32,24195165,128
667739262,mqpp_4_1_32,24095503,128
668774062,mqpp_4_1_32,24243168,128
669651792,mqpp_4_1_32,24200835,128
679766390,mqpp_4_1_32,24484348,128
760346346,mqpp_4_1_64,28167917,128
755915032,mqpp_4_1_64,27936944,128
756034712,mqpp_4_1_64,27911820,128
755910420,mqpp_4_1_64,27943116,128
765942404,mqpp_4_1_64,28193277,128
830437110,mqpp_4_1_128,31015389,128
829705512,mqpp_4_1_128,31012217,128
828409088,mqpp_4_1_128,30850888,128
834855886,mqpp_4_1_128,30954469,128
827903360,mqpp_4_1_128,30889279,128
861390990,mqpp_4_1_256,32411917,128
868675662,mqpp_4_1_256,32664770,128
868366998,mqpp_4_1_256,32698369,128
867170200,mqpp_4_1_256,32606527,128
866684058,mqpp_4_1_256,32528937,128
887949932,mqpp_4_1_512,33365280,128
884155532,mqpp_4_1_512,33345899,128
883860066,mqpp_4_1_512,33332430,128
893248666,mqpp_4_1_512,33547433,128
899828422,mqpp_4_1_512,33855104,128
909158342,mqpp_4_1_1024,34348287,128
903988766,mqpp_4_1_1024,34115498,128
907723370,mqpp_4_1_1024,34330794,128
898721400,mqpp_4_1_1024,33926092,128
910289138,mqpp_4_1_1024,34257638,128
389013516,mqpp_4_2_1,9598682,128
391760824,mqpp_4_2_1,9558771,128
398867744,mqpp_4_2_1,9556322,128
390247694,mqpp_4_2_1,9570204,128
390375242,mqpp_4_2_1,9564116,128
391138922,mqpp_4_2_2,10940723,128
387060458,mqpp_4_2_2,10923834,128
390906800,mqpp_4_2_2,10985489,128
388034208,mqpp_4_2_2,10972842,128
392060334,mqpp_4_2_2,10948236,128
412688454,mqpp_4_2_4,13061257,128
416254200,mqpp_4_2_4,13082059,128
414059188,mqpp_4_2_4,13123301,128
414145958,mqpp_4_2_4,13063337,128
417444386,mqpp_4_2_4,13141135,128
468717286,mqpp_4_2_8,16197779,128
465150018,mqpp_4_2_8,16130962,128
463060362,mqpp_4_2_8,16064148,128
467508330,mqpp_4_2_8,16181379,128
465455782,mqpp_4_2_8,16124841,128
542350854,mqpp_4_2_16,20248218,128
540021306,mqpp_4_2_16,20128001,128
544164394,mqpp_4_2_16,20212703,128
546973476,mqpp_4_2_16,20315383,128
547852622,mqpp_4_2_16,20450992,128
633095342,mqpp_4_2_32,24901094,128
640392578,mqpp_4_2_32,25042918,128
634844042,mqpp_4_2_32,24842309,128
639953670,mqpp_4_2_32,25090948,128
637425324,mqpp_4_2_32,25083888,128
736404504,mqpp_4_2_64,29882387,128
723012886,mqpp_4_2_64,29349819,128
742072736,mqpp_4_2_64,30104952,128
735708366,mqpp_4_2_64,29775074,128
733674386,mqpp_4_2_64,29803228,128
814636264,mqpp_4_2_128,33630064,128
821124298,mqpp_4_2_128,33784211,128
816777620,mqpp_4_2_128,33794164,128
808261876,mqpp_4_2_128,33451861,128
807847422,mqpp_4_2_128,33322995,128
866981170,mqpp_4_2_256,36106066,128
878480460,mqpp_4_2_256,36558779,128
868651262,mqpp_4_2_256,36179315,128
883320624,mqpp_4_2_256,36867856,128
867601522,mqpp_4_2_256,36125422,128
900611112,mqpp_4_2_512,37729572,128
902887176,mqpp_4_2_512,37979261,128
912348672,mqpp_4_2_512,38297288,128
906033526,mqpp_4_2_512,38078575,128
911654340,mqpp_4_2_512,38251263,128
929028656,mqpp_4_2_1024,39041824,128
926757754,mqpp_4_2_1024,38965625,128
929873264,mqpp_4_2_1024,38899865,128
927467654,mqpp_4_2_1024,38942881,128
914231312,mqpp_4_2_1024,38522394,128
400213612,mqpp_4_4_1,9670660,128
402109196,mqpp_4_4_1,9679341,128
402648626,mqpp_4_4_1,9713225,128
399768178,mqpp_4_4_1,9693525,128
401860328,mqpp_4_4_1,9700241,128
399420974,mqpp_4_4_2,11143789,128
397788666,mqpp_4_4_2,11149887,128
398926224,mqpp_4_4_2,11145839,128
398773476,mqpp_4_4_2,11164758,128
398847372,mqpp_4_4_2,11132442,128
421715464,mqpp_4_4_4,13267882,128
418504710,mqpp_4_4_4,13211221,128
424747740,mqpp_4_4_4,13278770,128
418011046,mqpp_4_4_4,13304584,128
417550702,mqpp_4_4_4,13244379,128
461023614,mqpp_4_4_8,16166577,128
465808036,mqpp_4_4_8,16181686,128
466818452,mqpp_4_4_8,16373024,128
461081144,mqpp_4_4_8,16170789,128
461396576,mqpp_4_4_8,16215509,128
526062032,mqpp_4_4_16,20234863,128
527033828,mqpp_4_4_16,20149553,128
525446518,mqpp_4_4_16,20241558,128
529350234,mqpp_4_4_16,20297920,128
528403332,mqpp_4_4_16,20267535,128
611452840,mqpp_4_4_32,25002418,128
608080430,mqpp_4_4_32,24959885,128
610543054,mqpp_4_4_32,25046073,128
623484334,mqpp_4_4_32,25651216,128
613918422,mqpp_4_4_32,25211857,128
714644800,mqpp_4_4_64,30871820,128
708132284,mqpp_4_4_64,30553130,128
726354834,mqpp_4_4_64,31259307,128
713528594,mqpp_4_4_64,30847315,128
723406274,mqpp_4_4_64,31447109,128
830647006,mqpp_4_4_128,36925874,128
816073382,mqpp_4_4_128,36174286,128
823701424,mqpp_4_4_128,36467374,128
825387958,mqpp_4_4_128,36437847,128
816709550,mqpp_4_4_128,35925362,128
890027116,mqpp_4_4_256,40253150,128
904266420,mqpp_4_4_256,40884254,128
895623044,mqpp_4_4_256,40403408,128
894795036,mqpp_4_4_256,40301541,128
898519160,mqpp_4_4_256,40494356,128
941537120,mqpp_4_4_512,42457010,128
944295264,mqpp_4_4_512,42817692,128
946041082,mqpp_4_4_512,42884854,128
932894080,mqpp_4_4_512,42288358,128
940068956,mqpp_4_4_512,42748305,128
983190506,mqpp_4_4_1024,44719004,128
976197054,mqpp_4_4_1024,44438174,128
982600602,mqpp_4_4_1024,44746980,128
968316736,mqpp_4_4_1024,44102178,128
957355144,mqpp_4_4_1024,43639557,128
413586972,mqpp_4_8_1,9696382,128
429214422,mqpp_4_8_1,9736079,128
415166932,mqpp_4_8_1,9701308,128
412787758,mqpp_4_8_1,9718513,128
410132424,mqpp_4_8_1,9688079,128
411714050,mqpp_4_8_2,11219140,128
403846624,mqpp_4_8_2,11143914,128
404091924,mqpp_4_8_2,11175364,128
405176938,mqpp_4_8_2,11155618,128
406522738,mqpp_4_8_2,11165684,128
424183072,mqpp_4_8_4,13278219,128
421550786,mqpp_4_8_4,13254437,128
422953984,mqpp_4_8_4,13255044,128
423602748,mqpp_4_8_4,13275316,128
421484998,mqpp_4_8_4,13271824,128
466366436,mqpp_4_8_8,16281491,128
469331174,mqpp_4_8_8,16276450,128
464999980,mqpp_4_8_8,16282380,128
462583432,mqpp_4_8_8,16119963,128
464496402,mqpp_4_8_8,16144900,128
518477588,mqpp_4_8_16,19906070,128
522465698,mqpp_4_8_16,20018247,128
528039394,mqpp_4_8_16,20411656,128
522724360,mqpp_4_8_16,20130955,128
520051872,mqpp_4_8_16,19959207,128
605770854,mqpp_4_8_32,25205133,128
605893718,mqpp_4_8_32,25280044,128
605825604,mqpp_4_8_32,25321970,128
599400032,mqpp_4_8_32,24993475,128
607687956,mqpp_4_8_32,25182150,128
703711718,mqpp_4_8_64,31119054,128
704782752,mqpp_4_8_64,31249255,128
706960430,mqpp_4_8_64,31372664,128
709460486,mqpp_4_8_64,31430174,128
702971712,mqpp_4_8_64,31105298,128
821028008,mqpp_4_8_128,37875525,128
811741202,mqpp_4_8_128,37441438,128
820464630,mqpp_4_8_128,37817306,128
815199262,mqpp_4_8_128,37364479,128
820845886,mqpp_4_8_128,37761890,128
921504364,mqpp_4_8_256,43445009,128
909064620,mqpp_4_8_256,43070484,128
915395728,mqpp_4_8_256,43408160,128
918567740,mqpp_4_8_256,43617550,128
909617132,mqpp_4_8_256,43074649,128
990558084,mqpp_4_8_512,47417120,128
991483950,mqpp_4_8_512,47466661,128
976941440,mqpp_4_8_512,46769268,128
985217140,mqpp_4_8_512,47058050,128
997543722,mqpp_4_8_512,47613972,128
1034401734,mqpp_4_8_1024,49660453,128
1060534110,mqpp_4_8_1024,51015947,128
1039007668,mqpp_4_8_1024,50128528,128
1031736742,mqpp_4_8_1024,49585589,128
1040299146,mqpp_4_8_1024,50133296,128
418606998,mqpp_4_16_1,9696665,128
415873644,mqpp_4_16_1,9692947,128
432714740,mqpp_4_16_1,9741448,128
417256010,mqpp_4_16_1,9735964,128
415397436,mqpp_4_16_1,9709463,128
414547212,mqpp_4_16_2,11158919,128
410241930,mqpp_4_16_2,11221670,128
409488588,mqpp_4_16_2,11193114,128
412360954,mqpp_4_16_2,11149416,128
413419368,mqpp_4_16_2,11191024,128
425450522,mqpp_4_16_4,13201848,128
427166646,mqpp_4_16_4,13232152,128
431101446,mqpp_4_16_4,13236063,128
428471972,mqpp_4_16_4,13230221,128
427370132,mqpp_4_16_4,13187516,128
465838110,mqpp_4_16_8,16045374,128
464864284,mqpp_4_16_8,16060618,128
463790700,mqpp_4_16_8,16077231,128
465162296,mqpp_4_16_8,16166213,128
463284902,mqpp_4_16_8,16061432,128
522960296,mqpp_4_16_16,19993981,128
522980736,mqpp_4_16_16,19998842,128
519706028,mqpp_4_16_16,19704279,128
521782062,mqpp_4_16_16,19943274,128
525504904,mqpp_4_16_16,20170172,128
596426046,mqpp_4_16_32,24804668,128
598444146,mqpp_4_16_32,25018758,128
590336392,mqpp_4_16_32,24618823,128
602501820,mqpp_4_16_32,25076192,128
593235042,mqpp_4_16_32,24641740,128
699866576,mqpp_4_16_64,30990777,128
710347684,mqpp_4_16_64,31733532,128
702203738,mqpp_4_16_64,31360715,128
690611606,mqpp_4_16_64,30815920,128
697776130,mqpp_4_16_64,31113794,128
811656942,mqpp_4_16_128,37813878,128
810144146,mqpp_4_16_128,37708371,128
812536648,mqpp_4_16_128,37938757,128
822258510,mqpp_4_16_128,38409608,128
820860332,mqpp_4_16_128,38170329,128
904325186,mqpp_4_16_256,43794860,128
912441028,mqpp_4_16_256,44017721,128
915397922,mqpp_4_16_256,44446871,128
914387210,mqpp_4_16_256,44373928,128
914593016,mqpp_4_16_256,44299921,128
1024332384,mqpp_4_16_512,50178935,128
1057533284,mqpp_4_16_512,52071922,128
1021347416,mqpp_4_16_512,50145210,128
1012196954,mqpp_4_16_512,49581173,128
1007297412,mqpp_4_16_512,49360625,128
1051745164,mqpp_4_16_1024,52908969,128
1079673194,mqpp_4_16_1024,54005636,128
1085482936,mqpp_4_16_1024,54806252,128
1062116732,mqpp_4_16_1024,53547151,128
1060855200,mqpp_4_16_1024,53220220,128
421746862,mqpp_4_32_1,9710405,128
422947914,mqpp_4_32_1,9706918,128
425774464,mqpp_4_32_1,9705147,128
421841190,mqpp_4_32_1,9687704,128
421211240,mqpp_4_32_1,9686314,128
413923496,mqpp_4_32_2,11159776,128
409840938,mqpp_4_32_2,11059453,128
422030404,mqpp_4_32_2,11161030,128
412949390,mqpp_4_32_2,11135637,128
409683594,mqpp_4_32_2,11090426,128
432275876,mqpp_4_32_4,13143443,128
431355408,mqpp_4_32_4,13194328,128
430253810,mqpp_4_32_4,13212837,128
427162808,mqpp_4_32_4,13147276,128
426775378,mqpp_4_32_4,13198795,128
466555804,mqpp_4_32_8,16009764,128
462593720,mqpp_4_32_8,15884786,128
464953092,mqpp_4_32_8,15964133,128
463193294,mqpp_4_32_8,15907216,128
464407264,mqpp_4_32_8,15953698,128
514769890,mqpp_4_32_16,19455966,128
518019550,mqpp_4_32_16,19754493,128
519813138,mqpp_4_32_16,19601950,128
521705228,mqpp_4_32_16,19775767,128
514045432,mqpp_4_32_16,19509797,128
592574912,mqpp_4_32_32,24535508,128
598259312,mqpp_4_32_32,24598070,128
599361332,mqpp_4_32_32,24727303,128
596554344,mqpp_4_32_32,24691838,128
593871594,mqpp_4_32_32,24485028,128
695721066,mqpp_4_32_64,30501960,128
688456016,mqpp_4_32_64,30434007,128
695482218,mqpp_4_32_64,30851167,128
689593252,mqpp_4_32_64,30513055,128
706159330,mqpp_4_32_64,31402347,128
790245470,mqpp_4_32_128,37334782,128
777061298,mqpp_4_32_128,36856313,128
782565438,mqpp_4_32_128,36929018,128
808440064,mqpp_4_32_128,38530031,128
775282400,mqpp_4_32_128,36631207,128
914182048,mqpp_4_32_256,44045633,128
912861760,mqpp_4_32_256,44334148,128
918772626,mqpp_4_32_256,44531435,128
923612406,mqpp_4_32_256,44913834,128
939634428,mqpp_4_32_256,45791239,128
1008955302,mqpp_4_32_512,50074466,128
1036560864,mqpp_4_32_512,51346055,128
1002803626,mqpp_4_32_512,49663984,128
1027439364,mqpp_4_32_512,51114242,128
1013203050,mqpp_4_32_512,50435531,128
1078360366,mqpp_4_32_1024,54952778,128
1076125840,mqpp_4_32_1024,54915161,128
1075982446,mqpp_4_32_1024,55058331,128
1106650054,mqpp_4_32_1024,56831959,128
1052797134,mqpp_4_32_1024,53733929,128
421593296,mqpp_4_64_1,9707767,128
426220552,mqpp_4_64_1,9707817,128
427147580,mqpp_4_64_1,9693767,128
422713328,mqpp_4_64_1,9694159,128
423845098,mqpp_4_64_1,9691127,128
416420142,mqpp_4_64_2,11096967,128
414641716,mqpp_4_64_2,11073049,128
410212790,mqpp_4_64_2,11077309,128
412226168,mqpp_4_64_2,11092493,128
411366904,mqpp_4_64_2,11135028,128
429611284,mqpp_4_64_4,13137792,128
429947912,mqpp_4_64_4,13133045,128
431481538,mqpp_4_64_4,13133575,128
429094008,mqpp_4_64_4,13110017,128
431146912,mqpp_4_64_4,13167672,128
468506494,mqpp_4_64_8,15882745,128
468496656,mqpp_4_64_8,16005201,128
465016672,mqpp_4_64_8,15919923,128
464706516,mqpp_4_64_8,15872896,128
463255128,mqpp_4_64_8,15892042,128
518170006,mqpp_4_64_16,19719935,128
520816666,mqpp_4_64_16,19833985,128
513866942,mqpp_4_64_16,19504685,128
513963986,mqpp_4_64_16,19571228,128
518599454,mqpp_4_64_16,19567457,128
593142796,mqpp_4_64_32,24489812,128
597234510,mqpp_4_64_32,24608091,128
596967184,mqpp_4_64_32,24478432,128
589088518,mqpp_4_64_32,24249743,128
583905342,mqpp_4_64_32,23905618,128
686838362,mqpp_4_64_64,30313493,128
685788580,mqpp_4_64_64,30420189,128
691871056,mqpp_4_64_64,30636675,128
686650210,mqpp_4_64_64,30455931,128
687281764,mqpp_4_64_64,30278865,128
780008006,mqpp_4_64_128,36848784,128
787611504,mqpp_4_64_128,37438490,128
773320416,mqpp_4_64_128,36602759,128
787057496,mqpp_4_64_128,37329115,128
780033398,mqpp_4_64_128,36829104,128
900277230,mqpp_4_64_256,43637718,128
894027842,mqpp_4_64_256,43133765,128
890770970,mqpp_4_64_256,43051252,128
899240434,mqpp_4_64_256,43437165,128
898025460,mqpp_4_64_256,43570099,128
999385088,mqpp_4_64_512,49748695,128
1007823940,mqpp_4_64_512,50480903,128
993085086,mqpp_4_64_512,49272359,128
997686400,mqpp_4_64_512,49650925,128
971522608,mqpp_4_64_512,48345643,128
1090048700,mqpp_4_64_1024,55931911,128
1064570050,mqpp_4_64_1024,54529384,128
1045497100,mqpp_4_64_1024,53664067,128
1040343508,mqpp_4_64_1024,53402235,128
1031279888,mqpp_4_64_1024,52868529,128
422552586,mqpp_4_128_1,9716491,128
432540668,mqpp_4_128_1,9691933,128
419698130,mqpp_4_128_1,9716997,128
425030548,mqpp_4_128_1,9728167,128
431013834,mqpp_4_128_1,9724956,128
415191672,mqpp_4_128_2,11083903,128
411477092,mqpp_4_128_2,11085677,128
411433826,mqpp_4_128_2,11088336,128
413287426,mqpp_4_128_2,11104752,128
413366052,mqpp_4_128_2,11090160,128
434661908,mqpp_4_128_4,13197933,128
435072796,mqpp_4_128_4,13080884,128
430610874,mqpp_4_128_4,13104526,128
433810484,mqpp_4_128_4,13195584,128
433094126,mqpp_4_128_4,13196388,128
473644198,mqpp_4_128_8,15926529,128
465425362,mqpp_4_128_8,15787565,128
465874596,mqpp_4_128_8,15996776,128
466097756,mqpp_4_128_8,15960436,128
466079250,mqpp_4_128_8,15840715,128
518427192,mqpp_4_128_16,19580548,128
513826840,mqpp_4_128_16,19339527,128
510722554,mqpp_4_128_16,19263792,128
514920892,mqpp_4_128_16,19378325,128
513329198,mqpp_4_128_16,19330121,128
593562896,mqpp_4_128_32,24369982,128
593102952,mqpp_4_128_32,24184431,128
590755942,mqpp_4_128_32,24297080,128
589427670,mqpp_4_128_32,24101770,128
592417582,mqpp_4_128_32,24152905,128
689784288,mqpp_4_128_64,30533189,128
676783808,mqpp_4_128_64,29849354,128
684213578,mqpp_4_128_64,30013697,128
693038872,mqpp_4_128_64,30432826,128
691369796,mqpp_4_128_64,30566517,128
772854210,mqpp_4_128_128,36524436,128
769689638,mqpp_4_128_128,36401201,128
777400774,mqpp_4_128_128,36694528,128
752128538,mqpp_4_128_128,35367529,128
772073678,mqpp_4_128_128,36417944,128
878257662,mqpp_4_128_256,42194549,128
888059632,mqpp_4_128_256,42920176,128
912111986,mqpp_4_128_256,44223668,128
906313288,mqpp_4_128_256,43729267,128
872478778,mqpp_4_128_256,41821356,128
968376758,mqpp_4_128_512,48841075,128
951718474,mqpp_4_128_512,47753554,128
977920388,mqpp_4_128_512,49114238,128
962990234,mqpp_4_128_512,48342726,128
975878260,mqpp_4_128_512,48962522,128
1073108768,mqpp_4_128_1024,54154357,128
1038094826,mqpp_4_128_1024,52050738,128
1020964376,mqpp_4_128_1024,51188531,128
1057930682,mqpp_4_128_1024,52894984,128
1032846514,mqpp_4_128_1024,51695243,128
423680696,mqpp_4_256_1,9702783,128
419460092,mqpp_4_256_1,9669049,128
423441942,mqpp_4_256_1,9694483,128
421874954,mqpp_4_256_1,9703018,128
425455110,mqpp_4_256_1,9664564,128
413063030,mqpp_4_256_2,11093312,128
412539418,mqpp_4_256_2,11087740,128
416798054,mqpp_4_256_2,11133114,128
414286850,mqpp_4_256_2,11114623,128
415814584,mqpp_4_256_2,11108510,128
432553822,mqpp_4_256_4,13092883,128
429965974,mqpp_4_256_4,13150438,128
432208058,mqpp_4_256_4,13197154,128
429540308,mqpp_4_256_4,13140328,128
431248806,mqpp_4_256_4,13103226,128
464047756,mqpp_4_256_8,15808037,128
461236334,mqpp_4_256_8,15670244,128
470282132,mqpp_4_256_8,15954574,128
462479104,mqpp_4_256_8,15800507,128
467831986,mqpp_4_256_8,15889278,128
516153408,mqpp_4_256_16,19516875,128
521663372,mqpp_4_256_16,19662705,128
514486262,mqpp_4_256_16,19350592,128
514796084,mqpp_4_256_16,19270652,128
520701404,mqpp_4_256_16,19729784,128
594949446,mqpp_4_256_32,24309101,128
594233556,mqpp_4_256_32,24268518,128
592192978,mqpp_4_256_32,24271698,128
593669644,mqpp_4_256_32,24401478,128
594613776,mqpp_4_256_32,24235369,128
682580882,mqpp_4_256_64,30446526,128
665052094,mqpp_4_256_64,29402035,128
666222410,mqpp_4_256_64,29678068,128
665745900,mqpp_4_256_64,29617522,128
673393924,mqpp_4_256_64,29882841,128
794331738,mqpp_4_256_128,36811695,128
782424788,mqpp_4_256_128,36081514,128
776680316,mqpp_4_256_128,36073234,128
791949278,mqpp_4_256_128,36581210,128
787530968,mqpp_4_256_128,36596029,128
883491536,mqpp_4_256_256,42612112,128
872714810,mqpp_4_256_256,42056335,128
885349318,mqpp_4_256_256,42690653,128
873067732,mqpp_4_256_256,41937062,128
866822168,mqpp_4_256_256,41637178,128
984553238,mqpp_4_256_512,49434447,128
949504862,mqpp_4_256_512,47582986,128
950575580,mqpp_4_256_512,47720204,128
927410872,mqpp_4_256_512,46335190,128
952320244,mqpp_4_256_512,47904619,128
1007960592,mqpp_4_256_1024,50425125,128
1032865282,mqpp_4_256_1024,51762470,128
1042356598,mqpp_4_256_1024,52222308,128
1013355636,mqpp_4_256_1024,50753499,128
1030509546,mqpp_4_256_1024,51408177,128
437977034,mqpp_4_512_1,9678918,128
442958960,mqpp_4_512_1,9698526,128
427931696,mqpp_4_512_1,9658793,128
433094750,mqpp_4_512_1,9706958,128
427241070,mqpp_4_512_1,9734651,128
413969380,mqpp_4_512_2,11059998,128
416788180,mqpp_4_512_2,11074227,128
418679746,mqpp_4_512_2,11149382,128
412321450,mqpp_4_512_2,11059568,128
417029684,mqpp_4_512_2,11119854,128
427571830,mqpp_4_512_4,13031174,128
432423196,mqpp_4_512_4,13174322,128
431370276,mqpp_4_512_4,13069570,128
432043644,mqpp_4_512_4,13125228,128
430610478,mqpp_4_512_4,13112853,128
465283608,mqpp_4_512_8,15803434,128
466595926,mqpp_4_512_8,15897857,128
464478518,mqpp_4_512_8,15802474,128
464729844,mqpp_4_512_8,15863225,128
463567452,mqpp_4_512_8,15820727,128
518615250,mqpp_4_512_16,19435567,128
523265488,mqpp_4_512_16,19625920,128
518372372,mqpp_4_512_16,19469489,128
519670906,mqpp_4_512_16,19498391,128
514581114,mqpp_4_512_16,19308170,128
584181766,mqpp_4_512_32,23747533,128
587946030,mqpp_4_512_32,23969740,128
590006152,mqpp_4_512_32,24128285,128
602170848,mqpp_4_512_32,24605722,128
597337984,mqpp_4_512_32,24248663,128
669676918,mqpp_4_512_64,29769825,128
678499404,mqpp_4_512_64,30360244,128
670945848,mqpp_4_512_64,29742544,128
652867016,mqpp_4_512_64,28831989,128
673698788,mqpp_4_512_64,29934309,128
785202472,mqpp_4_512_128,36306324,128
773017070,mqpp_4_512_128,35653931,128
786454490,mqpp_4_512_128,36199592,128
773486500,mqpp_4_512_128,36006241,128
783075130,mqpp_4_512_128,36234694,128
880844400,mqpp_4_512_256,42431128,128
869110646,mqpp_4_512_256,41653210,128
871766260,mqpp_4_512_256,41959428,128
885126254,mqpp_4_512_256,42728076,128
884148390,mqpp_4_512_256,42633460,128
915889560,mqpp_4_512_512,45542132,128
961366638,mqpp_4_512_512,48317370,128
928906056,mqpp_4_512_512,46442384,128
926581636,mqpp_4_512_512,46301506,128
922118462,mqpp_4_512_512,46187722,128
1018724752,mqpp_4_512_1024,50754463,128
1002303408,mqpp_4_512_1024,49805990,128
991357934,mqpp_4_512_1024,49341509,128
990004362,mqpp_4_512_1024,49144535,128
1032389004,mqpp_4_512_1024,51655829,128
423723574,mqpp_4_1024_1,9663421,128
424548848,mqpp_4_1024_1,9672990,128
425251616,mqpp_4_1024_1,9714682,128
465083942,mqpp_4_1024_1,9686673,128
419332316,mqpp_4_1024_1,9687885,128
413924200,mqpp_4_1024_2,11075249,128
418518386,mqpp_4_1024_2,11070168,128
417367502,mqpp_4_1024_2,11054166,128
412739502,mqpp_4_1024_2,11088551,128
415457884,mqpp_4_1024_2,11060677,128
434672888,mqpp_4_1024_4,13209765,128
431018304,mqpp_4_1024_4,13087251,128
429693496,mqpp_4_1024_4,13055580,128
432004760,mqpp_4_1024_4,13164581,128
429931616,mqpp_4_1024_4,13061679,128
464348488,mqpp_4_1024_8,15805317,128
464681042,mqpp_4_1024_8,15769581,128
467648926,mqpp_4_1024_8,15966695,128
466221010,mqpp_4_1024_8,15776953,128
464926398,mqpp_4_1024_8,15757623,128
515450486,mqpp_4_1024_16,19306852,128
520706622,mqpp_4_1024_16,19480811,128
528313074,mqpp_4_1024_16,19624308,128
517570530,mqpp_4_1024_16,19460408,128
516230972,mqpp_4_1024_16,19300975,128
600590110,mqpp_4_1024_32,24556865,128
589195240,mqpp_4_1024_32,24099724,128
593915550,mqpp_4_1024_32,24232621,128
583384422,mqpp_4_1024_32,23846676,128
595070010,mqpp_4_1024_32,24328976,128
673372198,mqpp_4_1024_64,29845828,128
667845676,mqpp_4_1024_64,29589306,128
668356676,mqpp_4_1024_64,29537532,128
677477344,mqpp_4_1024_64,30020169,128
674156886,mqpp_4_1024_64,29735569,128
772661352,mqpp_4_1024_128,35716421,128
762216494,mqpp_4_1024_128,35088872,128
796541744,mqpp_4_1024_128,36920340,128
776792108,mqpp_4_1024_128,35886828,128
784072188,mqpp_4_1024_128,36291952,128
865681814,mqpp_4_1024_256,41801535,128
847010704,mqpp_4_1024_256,40860503,128
876060832,mqpp_4_1024_256,42555448,128
875865044,mqpp_4_1024_256,42393469,128
864593554,mqpp_4_1024_256,41727327,128
957260338,mqpp_4_1024_512,47047805,128
963054214,mqpp_4_1024_512,47358906,128
944798780,mqpp_4_1024_512,46368372,128
970355344,mqpp_4_1024_512,47777408,128
952361466,mqpp_4_1024_512,46685501,128
998563914,mqpp_4_1024_1024,49460231,128
1028876660,mqpp_4_1024_1024,51404690,128
996178738,mqpp_4_1024_1024,49380559,128
992390992,mqpp_4_1024_1024,49402918,128
1012264586,mqpp_4_1024_1024,50330804,128
