3099261352,mqpp_4_1_1,12550493,128,0
3381095122,mqpp_4_1_1,12549346,128,0
3051780916,mqpp_4_1_1,12547503,128,0
3499600726,mqpp_4_1_1,12549941,128,0
2977739074,mqpp_4_1_1,12547372,128,0
3005702324,mqpp_4_1_2,12551880,128,0
2875448248,mqpp_4_1_2,12551563,128,0
3134468416,mqpp_4_1_2,12553066,128,0
2926935062,mqpp_4_1_2,12551617,128,0
2954511722,mqpp_4_1_2,12556277,128,0
2854783758,mqpp_4_1_4,12557742,128,0
2827176820,mqpp_4_1_4,12555786,128,0
2820039662,mqpp_4_1_4,12558982,128,0
3036412042,mqpp_4_1_4,12555239,128,0
2934781142,mqpp_4_1_4,12557909,128,0
3199860780,mqpp_4_1_8,12559667,128,0
2939020528,mqpp_4_1_8,12560647,128,0
2905505374,mqpp_4_1_8,12559938,128,0
2883984938,mqpp_4_1_8,12559853,128,0
2954613140,mqpp_4_1_8,12560527,128,0
2707396324,mqpp_4_1_16,12561004,128,0
2945017098,mqpp_4_1_16,12558356,128,0
2712876894,mqpp_4_1_16,12556863,128,0
2766151662,mqpp_4_1_16,12558207,128,0
2710851852,mqpp_4_1_16,12559273,128,0
3123878162,mqpp_4_1_32,12561330,128,0
2859947808,mqpp_4_1_32,12562377,128,0
3697607912,mqpp_4_1_32,12564416,128,0
2706904076,mqpp_4_1_32,12562025,128,0
2764969584,mqpp_4_1_32,12562444,128,0
3279697296,mqpp_4_1_64,12563159,128,0
2799445432,mqpp_4_1_64,12561527,128,0
3334231314,mqpp_4_1_64,12565430,128,0
2926784136,mqpp_4_1_64,12563880,128,0
2702648382,mqpp_4_1_64,12561775,128,0
2733449906,mqpp_4_1_128,12563741,128,0
2803428274,mqpp_4_1_128,12565741,128,0
3101139438,mqpp_4_1_128,12566458,128,0
2724118756,mqpp_4_1_128,12563801,128,0
3057080622,mqpp_4_1_128,12562278,128,0
3483074112,mqpp_4_1_256,12565676,128,0
3310335742,mqpp_4_1_256,12567841,128,0
3093797264,mqpp_4_1_256,12566781,128,0
3013301430,mqpp_4_1_256,12566738,128,0
2902772998,mqpp_4_1_256,12566638,128,0
5999260802,mqpp_4_1_512,12583430,128,0
3552434924,mqpp_4_1_512,12570240,128,0
3240094434,mqpp_4_1_512,12570770,128,0
2923235732,mqpp_4_1_512,12571665,128,0
2936676032,mqpp_4_1_512,12569185,128,0
3305278992,mqpp_4_1_1024,12573253,128,0
3045566632,mqpp_4_1_1024,12568568,128,0
3566123372,mqpp_4_1_1024,12576319,128,0
2966636248,mqpp_4_1_1024,12574721,128,0
3323388660,mqpp_4_1_1024,12571048,128,0
3138344402,mqpp_4_2_1,12590108,128,0
3005056756,mqpp_4_2_1,12589825,128,0
3547620550,mqpp_4_2_1,12591099,128,0
3043246046,mqpp_4_2_1,12589469,128,0
3071174292,mqpp_4_2_1,12589699,128,0
3197327434,mqpp_4_2_2,12587013,128,0
2957598968,mqpp_4_2_2,12585586,128,0
3190978948,mqpp_4_2_2,12587375,128,0
2885598500,mqpp_4_2_2,12586081,128,0
2892382742,mqpp_4_2_2,12589183,128,0
2877917574,mqpp_4_2_4,12582956,128,0
2969111234,mqpp_4_2_4,12585011,128,0
2778972526,mqpp_4_2_4,12581930,128,0
3246336074,mqpp_4_2_4,12586733,128,0
2752422278,mqpp_4_2_4,12582716,128,0
3278291832,mqpp_4_2_8,12577946,128,0
3225824548,mqpp_4_2_8,12581442,128,0
3086668236,mqpp_4_2_8,12577337,128,0
3614443582,mqpp_4_2_8,12579940,128,0
2891394770,mqpp_4_2_8,12579994,128,0
2804443674,mqpp_4_2_16,12571898,128,0
3193129520,mqpp_4_2_16,12575869,128,0
2807581352,mqpp_4_2_16,12573683,128,0
3114670986,mqpp_4_2_16,12576244,128,0
3033876656,mqpp_4_2_16,12574439,128,0
2657475420,mqpp_4_2_32,12571239,128,0
3029862932,mqpp_4_2_32,12571834,128,0
2884857766,mqpp_4_2_32,12572906,128,0
2961336680,mqpp_4_2_32,12571107,128,0
3096882336,mqpp_4_2_32,12570412,128,0
2931750892,mqpp_4_2_64,12570944,128,0
3211022240,mqpp_4_2_64,12568196,128,0
2995279226,mqpp_4_2_64,12570412,128,0
3205457422,mqpp_4_2_64,12568363,128,0
3349161158,mqpp_4_2_64,12570001,128,0
3416625520,mqpp_4_2_128,12571983,128,0
2877683930,mqpp_4_2_128,12566688,128,0
3411739068,mqpp_4_2_128,12565687,128,0
3183526914,mqpp_4_2_128,12568604,128,0
3575439722,mqpp_4_2_128,12569607,128,0
3328371750,mqpp_4_2_256,12567122,128,0
3445071260,mqpp_4_2_256,12569960,128,0
3770955782,mqpp_4_2_256,12566186,128,0
3253585626,mqpp_4_2_256,12571372,128,0
2761112706,mqpp_4_2_256,12567316,128,0
3819992590,mqpp_4_2_512,12572902,128,0
3419504222,mqpp_4_2_512,12572003,128,0
3024196880,mqpp_4_2_512,12569784,128,0
5452904776,mqpp_4_2_512,12571996,128,0
3266898844,mqpp_4_2_512,12571722,128,0
2915108774,mqpp_4_2_1024,12568693,128,0
3677013314,mqpp_4_2_1024,12572938,128,0
2955437280,mqpp_4_2_1024,12568005,128,0
3111293674,mqpp_4_2_1024,12569282,128,0
3077567554,mqpp_4_2_1024,12573852,128,0
3636710458,mqpp_4_4_1,12619903,128,0
3234380156,mqpp_4_4_1,12618980,128,0
3067324306,mqpp_4_4_1,12618551,128,0
3116409062,mqpp_4_4_1,12618621,128,0
3171909978,mqpp_4_4_1,12619109,128,0
3671334944,mqpp_4_4_2,12613384,128,0
3232888024,mqpp_4_4_2,12613434,128,0
2955938178,mqpp_4_4_2,12612642,128,0
3144935370,mqpp_4_4_2,12613157,128,0
2939848328,mqpp_4_4_2,12612481,128,0
2859261352,mqpp_4_4_4,12605907,128,0
3300820722,mqpp_4_4_4,12605846,128,0
2823083490,mqpp_4_4_4,12603150,128,0
3136948548,mqpp_4_4_4,12602846,128,0
2910880630,mqpp_4_4_4,12601864,128,0
3029623684,mqpp_4_4_8,12596788,128,0
2947182404,mqpp_4_4_8,12595114,128,0
3017847646,mqpp_4_4_8,12595431,128,0
2816776326,mqpp_4_4_8,12593523,128,0
3153936564,mqpp_4_4_8,12592822,128,0
2815990444,mqpp_4_4_16,12586152,128,0
3024605320,mqpp_4_4_16,12588442,128,0
2959569846,mqpp_4_4_16,12583118,128,0
3892912306,mqpp_4_4_16,12586308,128,0
2940948628,mqpp_4_4_16,12587274,128,0
3065278456,mqpp_4_4_32,12574197,128,0
2859893398,mqpp_4_4_32,12577981,128,0
3488909414,mqpp_4_4_32,12577979,128,0
3249539048,mqpp_4_4_32,12577664,128,0
2882985606,mqpp_4_4_32,12575953,128,0
3887252490,mqpp_4_4_64,12576172,128,0
2997569348,mqpp_4_4_64,12575144,128,0
3621244498,mqpp_4_4_64,12570412,128,0
3632795474,mqpp_4_4_64,12574750,128,0
3003950842,mqpp_4_4_64,12573687,128,0
3430551986,mqpp_4_4_128,12575058,128,0
3956900548,mqpp_4_4_128,12574723,128,0
3198426300,mqpp_4_4_128,12576570,128,0
3235869724,mqpp_4_4_128,12569469,128,0
3578941284,mqpp_4_4_128,12570796,128,0
3051723112,mqpp_4_4_256,12570231,128,0
3674315266,mqpp_4_4_256,12573835,128,0
3830473586,mqpp_4_4_256,12570747,128,0
3055325642,mqpp_4_4_256,12570860,128,0
3262216226,mqpp_4_4_256,12570344,128,0
3966635148,mqpp_4_4_512,12574420,128,0
2920258136,mqpp_4_4_512,12573934,128,0
3020156268,mqpp_4_4_512,12569075,128,0
2856445938,mqpp_4_4_512,12571766,128,0
2937275200,mqpp_4_4_512,12570739,128,0
2893436994,mqpp_4_4_1024,12572651,128,0
2882785794,mqpp_4_4_1024,12569440,128,0
3648455814,mqpp_4_4_1024,12576875,128,0
4254477866,mqpp_4_4_1024,12572376,128,0
3810421994,mqpp_4_4_1024,12573624,128,0
2978724218,mqpp_4_8_1,12640801,128,0
3080917862,mqpp_4_8_1,12636874,128,0
3322399702,mqpp_4_8_1,12636176,128,0
3297635292,mqpp_4_8_1,12637895,128,0
3083762702,mqpp_4_8_1,12635051,128,0
2903353846,mqpp_4_8_2,12626663,128,0
2917344674,mqpp_4_8_2,12629103,128,0
3032983692,mqpp_4_8_2,12628329,128,0
3719032856,mqpp_4_8_2,12629886,128,0
3161580100,mqpp_4_8_2,12628769,128,0
3012747994,mqpp_4_8_4,12619214,128,0
3411447736,mqpp_4_8_4,12621040,128,0
2828572640,mqpp_4_8_4,12617845,128,0
3026762838,mqpp_4_8_4,12615655,128,0
3413498756,mqpp_4_8_4,12618984,128,0
4004745126,mqpp_4_8_8,12605838,128,0
3388775614,mqpp_4_8_8,12607147,128,0
3188582734,mqpp_4_8_8,12605149,128,0
2834003828,mqpp_4_8_8,12602376,128,0
3240506538,mqpp_4_8_8,12605945,128,0
3712242552,mqpp_4_8_16,12594769,128,0
3716506362,mqpp_4_8_16,12593176,128,0
3122253256,mqpp_4_8_16,12593504,128,0
3053358078,mqpp_4_8_16,12595328,128,0
2994145780,mqpp_4_8_16,12592845,128,0
2934030504,mqpp_4_8_32,12586897,128,0
3017316620,mqpp_4_8_32,12584262,128,0
3053101424,mqpp_4_8_32,12583083,128,0
3739155064,mqpp_4_8_32,12584641,128,0
2797873272,mqpp_4_8_32,12586002,128,0
3010589382,mqpp_4_8_64,12579823,128,0
3102991094,mqpp_4_8_64,12577834,128,0
2701488832,mqpp_4_8_64,12574794,128,0
3147948052,mqpp_4_8_64,12578438,128,0
3438301994,mqpp_4_8_64,12578601,128,0
2995128128,mqpp_4_8_128,12574434,128,0
3470756944,mqpp_4_8_128,12574244,128,0
2969693758,mqpp_4_8_128,12573652,128,0
3581120790,mqpp_4_8_128,12575350,128,0
3431492312,mqpp_4_8_128,12572586,128,0
3413411220,mqpp_4_8_256,12571490,128,0
3349341832,mqpp_4_8_256,12570430,128,0
3201912004,mqpp_4_8_256,12574314,128,0
2996754530,mqpp_4_8_256,12570465,128,0
4178931480,mqpp_4_8_256,12570066,128,0
2881870192,mqpp_4_8_512,12572195,128,0
3078225810,mqpp_4_8_512,12569583,128,0
5473442894,mqpp_4_8_512,12571223,128,0
3132490084,mqpp_4_8_512,12571182,128,0
2901391744,mqpp_4_8_512,12568981,128,0
3106564152,mqpp_4_8_1024,12572388,128,0
3355825608,mqpp_4_8_1024,12570284,128,0
3677714396,mqpp_4_8_1024,12570542,128,0
3421674070,mqpp_4_8_1024,12572620,128,0
3576231250,mqpp_4_8_1024,12571749,128,0
3018286288,mqpp_4_16_1,12649191,128,0
3066285400,mqpp_4_16_1,12650060,128,0
3292875866,mqpp_4_16_1,12647724,128,0
3552555832,mqpp_4_16_1,12648476,128,0
3072139858,mqpp_4_16_1,12647177,128,0
3432965380,mqpp_4_16_2,12639404,128,0
3773824282,mqpp_4_16_2,12638745,128,0
2965013664,mqpp_4_16_2,12637919,128,0
2916905260,mqpp_4_16_2,12638963,128,0
3061563580,mqpp_4_16_2,12639922,128,0
3063745340,mqpp_4_16_4,12625227,128,0
3339764080,mqpp_4_16_4,12629054,128,0
3417846702,mqpp_4_16_4,12628631,128,0
2842420402,mqpp_4_16_4,12628996,128,0
3720418642,mqpp_4_16_4,12628739,128,0
3149163106,mqpp_4_16_8,12610798,128,0
3263313618,mqpp_4_16_8,12613270,128,0
3109077058,mqpp_4_16_8,12615781,128,0
2741161880,mqpp_4_16_8,12608770,128,0
3771962970,mqpp_4_16_8,12613631,128,0
3528559162,mqpp_4_16_16,12599996,128,0
2952582446,mqpp_4_16_16,12600251,128,0
3639060184,mqpp_4_16_16,12600776,128,0
3280484628,mqpp_4_16_16,12603109,128,0
3196887702,mqpp_4_16_16,12599706,128,0
3110314296,mqpp_4_16_32,12587138,128,0
2952343400,mqpp_4_16_32,12588288,128,0
3562445752,mqpp_4_16_32,12590318,128,0
2943565606,mqpp_4_16_32,12585104,128,0
2957562850,mqpp_4_16_32,12588854,128,0
3565163062,mqpp_4_16_64,12580541,128,0
3421620590,mqpp_4_16_64,12577812,128,0
3448422766,mqpp_4_16_64,12580023,128,0
3546546086,mqpp_4_16_64,12582356,128,0
3055067754,mqpp_4_16_64,12577542,128,0
3726367434,mqpp_4_16_128,12575643,128,0
2974091448,mqpp_4_16_128,12574174,128,0
3079596484,mqpp_4_16_128,12574248,128,0
2928579148,mqpp_4_16_128,12576791,128,0
2787090620,mqpp_4_16_128,12574963,128,0
3102418952,mqpp_4_16_256,12572076,128,0
2854777760,mqpp_4_16_256,12571894,128,0
2894931876,mqpp_4_16_256,12574185,128,0
3325533396,mqpp_4_16_256,12573381,128,0
5593329600,mqpp_4_16_256,12574753,128,0
2998253822,mqpp_4_16_512,12572470,128,0
3562851564,mqpp_4_16_512,12576208,128,0
3295623432,mqpp_4_16_512,12572943,128,0
2914270656,mqpp_4_16_512,12574425,128,0
3966397468,mqpp_4_16_512,12575823,128,0
3081250018,mqpp_4_16_1024,12574846,128,0
3039214660,mqpp_4_16_1024,12575720,128,0
3669040242,mqpp_4_16_1024,12576162,128,0
3071981394,mqpp_4_16_1024,12573734,128,0
3545483818,mqpp_4_16_1024,12571860,128,0
3096780994,mqpp_4_32_1,12655827,128,0
3510593726,mqpp_4_32_1,12657081,128,0
3165474472,mqpp_4_32_1,12656085,128,0
3097892984,mqpp_4_32_1,12656434,128,0
3027105744,mqpp_4_32_1,12656607,128,0
3637617276,mqpp_4_32_2,12645977,128,0
2932583752,mqpp_4_32_2,12644748,128,0
4759534140,mqpp_4_32_2,12644909,128,0
2922240830,mqpp_4_32_2,12645004,128,0
4100086666,mqpp_4_32_2,12644646,128,0
2904813162,mqpp_4_32_4,12630664,128,0
2802360548,mqpp_4_32_4,12630405,128,0
3095712046,mqpp_4_32_4,12630415,128,0
2777457868,mqpp_4_32_4,12629378,128,0
3063968272,mqpp_4_32_4,12633597,128,0
2943826394,mqpp_4_32_8,12616458,128,0
2864351158,mqpp_4_32_8,12616712,128,0
3369277578,mqpp_4_32_8,12620605,128,0
2766618378,mqpp_4_32_8,12615776,128,0
3519490670,mqpp_4_32_8,12618402,128,0
3018347382,mqpp_4_32_16,12599943,128,0
2946487874,mqpp_4_32_16,12603062,128,0
3103498290,mqpp_4_32_16,12603429,128,0
2749380146,mqpp_4_32_16,12608096,128,0
3209094768,mqpp_4_32_16,12606318,128,0
3187641170,mqpp_4_32_32,12592399,128,0
2948624592,mqpp_4_32_32,12591350,128,0
3626248900,mqpp_4_32_32,12594470,128,0
3199599254,mqpp_4_32_32,12592188,128,0
2857370980,mqpp_4_32_32,12587905,128,0
3142133670,mqpp_4_32_64,12584065,128,0
3110152352,mqpp_4_32_64,12581446,128,0
2938592438,mqpp_4_32_64,12578518,128,0
2949989632,mqpp_4_32_64,12579653,128,0
2726630124,mqpp_4_32_64,12577915,128,0
4175962096,mqpp_4_32_128,12581390,128,0
3413893080,mqpp_4_32_128,12580303,128,0
3895865800,mqpp_4_32_128,12579673,128,0
3095317914,mqpp_4_32_128,12578912,128,0
3403784010,mqpp_4_32_128,12580775,128,0
3694422060,mqpp_4_32_256,12575053,128,0
3207955912,mqpp_4_32_256,12578219,128,0
3176405746,mqpp_4_32_256,12572731,128,0
3646408104,mqpp_4_32_256,12574686,128,0
2955409018,mqpp_4_32_256,12575108,128,0
2763889776,mqpp_4_32_512,12575055,128,0
2946911320,mqpp_4_32_512,12574262,128,0
3027985840,mqpp_4_32_512,12575473,128,0
3138596206,mqpp_4_32_512,12575280,128,0
2948557866,mqpp_4_32_512,12573565,128,0
4327269598,mqpp_4_32_1024,12577436,128,0
3152882036,mqpp_4_32_1024,12576416,128,0
2825720472,mqpp_4_32_1024,12573271,128,0
3242978170,mqpp_4_32_1024,12572385,128,0
3380555210,mqpp_4_32_1024,12576769,128,0
3026504190,mqpp_4_64_1,12661025,128,0
3064850032,mqpp_4_64_1,12662212,128,0
3683241292,mqpp_4_64_1,12662154,128,0
3256824996,mqpp_4_64_1,12660041,128,0
3083575876,mqpp_4_64_1,12659343,128,0
3035413652,mqpp_4_64_2,12649672,128,0
2912945974,mqpp_4_64_2,12648816,128,0
2896936678,mqpp_4_64_2,12648794,128,0
3156081682,mqpp_4_64_2,12648696,128,0
2940159770,mqpp_4_64_2,12650225,128,0
3053647374,mqpp_4_64_4,12634788,128,0
2820457704,mqpp_4_64_4,12637675,128,0
3023857390,mqpp_4_64_4,12633768,128,0
2850186546,mqpp_4_64_4,12633958,128,0
2847696634,mqpp_4_64_4,12634340,128,0
3066236356,mqpp_4_64_8,12623625,128,0
2877626920,mqpp_4_64_8,12618703,128,0
3768764222,mqpp_4_64_8,12619553,128,0
3034002526,mqpp_4_64_8,12621458,128,0
2885809946,mqpp_4_64_8,12622245,128,0
3087323790,mqpp_4_64_16,12603647,128,0
2724111168,mqpp_4_64_16,12602063,128,0
3026262892,mqpp_4_64_16,12605668,128,0
3506031322,mqpp_4_64_16,12605374,128,0
2778281002,mqpp_4_64_16,12600928,128,0
3245497676,mqpp_4_64_32,12591501,128,0
3684371146,mqpp_4_64_32,12594703,128,0
3523880082,mqpp_4_64_32,12593107,128,0
3565776142,mqpp_4_64_32,12590126,128,0
3256050280,mqpp_4_64_32,12590804,128,0
2923335462,mqpp_4_64_64,12580391,128,0
2700772802,mqpp_4_64_64,12580150,128,0
3299455898,mqpp_4_64_64,12580819,128,0
2930278402,mqpp_4_64_64,12582975,128,0
2855160472,mqpp_4_64_64,12580237,128,0
3391193496,mqpp_4_64_128,12582049,128,0
2983060520,mqpp_4_64_128,12574355,128,0
2686667042,mqpp_4_64_128,12574545,128,0
3704074800,mqpp_4_64_128,12582830,128,0
3023267016,mqpp_4_64_128,12576884,128,0
3516754490,mqpp_4_64_256,12577974,128,0
3260102268,mqpp_4_64_256,12576372,128,0
2773175398,mqpp_4_64_256,12576751,128,0
3832754472,mqpp_4_64_256,12576682,128,0
3013879602,mqpp_4_64_256,12577860,128,0
2969946408,mqpp_4_64_512,12576292,128,0
2917715660,mqpp_4_64_512,12574794,128,0
2924749302,mqpp_4_64_512,12574591,128,0
3664884648,mqpp_4_64_512,12577917,128,0
2916269412,mqpp_4_64_512,12575703,128,0
3766714390,mqpp_4_64_1024,12577846,128,0
2882145812,mqpp_4_64_1024,12574869,128,0
2870007320,mqpp_4_64_1024,12576818,128,0
3200323224,mqpp_4_64_1024,12577689,128,0
3661836980,mqpp_4_64_1024,12576296,128,0
3301689480,mqpp_4_128_1,12667395,128,0
3377280768,mqpp_4_128_1,12660872,128,0
3368711136,mqpp_4_128_1,12663902,128,0
3121300418,mqpp_4_128_1,12661828,128,0
3751786548,mqpp_4_128_1,12662087,128,0
3270173782,mqpp_4_128_2,12651976,128,0
2877282566,mqpp_4_128_2,12651312,128,0
3003944384,mqpp_4_128_2,12650048,128,0
2990287274,mqpp_4_128_2,12649957,128,0
2844740320,mqpp_4_128_2,12651726,128,0
2880134636,mqpp_4_128_4,12635467,128,0
3067002768,mqpp_4_128_4,12637308,128,0
3325532368,mqpp_4_128_4,12638022,128,0
2843220830,mqpp_4_128_4,12636309,128,0
3266337854,mqpp_4_128_4,12636895,128,0
3353858586,mqpp_4_128_8,12618407,128,0
3002897406,mqpp_4_128_8,12621952,128,0
3522464064,mqpp_4_128_8,12617867,128,0
2801027270,mqpp_4_128_8,12618797,128,0
2767043240,mqpp_4_128_8,12621598,128,0
3139265336,mqpp_4_128_16,12607997,128,0
2896217330,mqpp_4_128_16,12606549,128,0
3056373796,mqpp_4_128_16,12603444,128,0
2705959010,mqpp_4_128_16,12602612,128,0
3271864122,mqpp_4_128_16,12606340,128,0
3104600968,mqpp_4_128_32,12591685,128,0
2808815336,mqpp_4_128_32,12590624,128,0
3209257580,mqpp_4_128_32,12594943,128,0
3297280372,mqpp_4_128_32,12593496,128,0
2775564370,mqpp_4_128_32,12589217,128,0
2711477242,mqpp_4_128_64,12581976,128,0
2729892058,mqpp_4_128_64,12581295,128,0
3594457348,mqpp_4_128_64,12582049,128,0
3324511292,mqpp_4_128_64,12586312,128,0
3042363872,mqpp_4_128_64,12580559,128,0
3394708848,mqpp_4_128_128,12576116,128,0
2863116876,mqpp_4_128_128,12578566,128,0
2889544880,mqpp_4_128_128,12575700,128,0
3230057950,mqpp_4_128_128,12576356,128,0
2916651664,mqpp_4_128_128,12578723,128,0
3073477964,mqpp_4_128_256,12575079,128,0
2720351856,mqpp_4_128_256,12574021,128,0
3524437696,mqpp_4_128_256,12572954,128,0
3111468344,mqpp_4_128_256,12577363,128,0
2700943354,mqpp_4_128_256,12573396,128,0
2994012936,mqpp_4_128_512,12574481,128,0
4156235844,mqpp_4_128_512,12578473,128,0
3191497750,mqpp_4_128_512,12577531,128,0
2851515512,mqpp_4_128_512,12572849,128,0
3365315992,mqpp_4_128_512,12574540,128,0
2888675524,mqpp_4_128_1024,12572707,128,0
2766604878,mqpp_4_128_1024,12573759,128,0
3521087386,mqpp_4_128_1024,12576923,128,0
3119317864,mqpp_4_128_1024,12573424,128,0
3090869574,mqpp_4_128_1024,12578497,128,0
3089856962,mqpp_4_256_1,12662106,128,0
3002238072,mqpp_4_256_1,12664295,128,0
3001490018,mqpp_4_256_1,12664508,128,0
3452002636,mqpp_4_256_1,12661046,128,0
3274236988,mqpp_4_256_1,12663252,128,0
3700454126,mqpp_4_256_2,12653049,128,0
3200483812,mqpp_4_256_2,12654392,128,0
2809651938,mqpp_4_256_2,12654531,128,0
2967919376,mqpp_4_256_2,12652979,128,0
3237389924,mqpp_4_256_2,12652674,128,0
3422786228,mqpp_4_256_4,12637976,128,0
2768027124,mqpp_4_256_4,12637976,128,0
3002626678,mqpp_4_256_4,12636606,128,0
3206457612,mqpp_4_256_4,12640616,128,0
2813625030,mqpp_4_256_4,12637339,128,0
2746994924,mqpp_4_256_8,12623139,128,0
3055224068,mqpp_4_256_8,12621783,128,0
2820508968,mqpp_4_256_8,12622604,128,0
3350247556,mqpp_4_256_8,12626605,128,0
3056583138,mqpp_4_256_8,12617768,128,0
2757488060,mqpp_4_256_16,12607090,128,0
2806256484,mqpp_4_256_16,12609577,128,0
2895462192,mqpp_4_256_16,12605554,128,0
3582953110,mqpp_4_256_16,12605229,128,0
3217270570,mqpp_4_256_16,12604388,128,0
2748150812,mqpp_4_256_32,12595452,128,0
2959291198,mqpp_4_256_32,12594624,128,0
2706827634,mqpp_4_256_32,12590693,128,0
3124589264,mqpp_4_256_32,12593848,128,0
2806302974,mqpp_4_256_32,12588010,128,0
3616058512,mqpp_4_256_64,12585796,128,0
2689844106,mqpp_4_256_64,12582778,128,0
2875157724,mqpp_4_256_64,12579704,128,0
3038022874,mqpp_4_256_64,12583872,128,0
2555546704,mqpp_4_256_64,12579796,128,0
3086450018,mqpp_4_256_128,12578819,128,0
3079813466,mqpp_4_256_128,12578651,128,0
3704243344,mqpp_4_256_128,12578968,128,0
3034804820,mqpp_4_256_128,12585464,128,0
2923098898,mqpp_4_256_128,12579364,128,0
2729130098,mqpp_4_256_256,12575218,128,0
2805994650,mqpp_4_256_256,12576751,128,0
2787166248,mqpp_4_256_256,12575850,128,0
3574952310,mqpp_4_256_256,12579583,128,0
2731997712,mqpp_4_256_256,12576048,128,0
2731036586,mqpp_4_256_512,12575725,128,0
3707606212,mqpp_4_256_512,12575939,128,0
2857087000,mqpp_4_256_512,12576883,128,0
3317550912,mqpp_4_256_512,12575791,128,0
3216129492,mqpp_4_256_512,12577173,128,0
3417192822,mqpp_4_256_1024,12580541,128,0
4676359808,mqpp_4_256_1024,12585992,128,0
2852144824,mqpp_4_256_1024,12573816,128,0
3204699946,mqpp_4_256_1024,12573703,128,0
3609376376,mqpp_4_256_1024,12574785,128,0
3218300118,mqpp_4_512_1,12664038,128,0
3060083198,mqpp_4_512_1,12666321,128,0
3034273240,mqpp_4_512_1,12664257,128,0
2922225130,mqpp_4_512_1,12666387,128,0
2958656082,mqpp_4_512_1,12666843,128,0
2973816382,mqpp_4_512_2,12652034,128,0
2800298134,mqpp_4_512_2,12652773,128,0
3334423912,mqpp_4_512_2,12657122,128,0
2867625136,mqpp_4_512_2,12653297,128,0
3078382088,mqpp_4_512_2,12651541,128,0
2772474264,mqpp_4_512_4,12640392,128,0
2776250002,mqpp_4_512_4,12637916,128,0
2836921244,mqpp_4_512_4,12639714,128,0
3053463076,mqpp_4_512_4,12640217,128,0
2926421844,mqpp_4_512_4,12641381,128,0
3360962396,mqpp_4_512_8,12619766,128,0
2736837338,mqpp_4_512_8,12622163,128,0
3439502418,mqpp_4_512_8,12625783,128,0
2978398058,mqpp_4_512_8,12624326,128,0
2655012660,mqpp_4_512_8,12620413,128,0
3080549744,mqpp_4_512_16,12604452,128,0
2568693272,mqpp_4_512_16,12604916,128,0
2596211920,mqpp_4_512_16,12603468,128,0
2655968470,mqpp_4_512_16,12605220,128,0
2646575610,mqpp_4_512_16,12604086,128,0
2711346248,mqpp_4_512_32,12589973,128,0
3417343414,mqpp_4_512_32,12593768,128,0
3147008878,mqpp_4_512_32,12593314,128,0
2607100756,mqpp_4_512_32,12591189,128,0
2652437654,mqpp_4_512_32,12591050,128,0
2653258274,mqpp_4_512_64,12581114,128,0
2694496424,mqpp_4_512_64,12580057,128,0
3410132506,mqpp_4_512_64,12584103,128,0
3383926482,mqpp_4_512_64,12585015,128,0
3082008570,mqpp_4_512_64,12589559,128,0
3327746310,mqpp_4_512_128,12576906,128,0
2785930502,mqpp_4_512_128,12577079,128,0
2926087208,mqpp_4_512_128,12577923,128,0
3341304344,mqpp_4_512_128,12580388,128,0
2782090100,mqpp_4_512_128,12577090,128,0
3561019410,mqpp_4_512_256,12579936,128,0
2756218122,mqpp_4_512_256,12574414,128,0
3066416256,mqpp_4_512_256,12579083,128,0
3254209710,mqpp_4_512_256,12575107,128,0
3566764284,mqpp_4_512_256,12581809,128,0
2691197438,mqpp_4_512_512,12572985,128,0
2962360372,mqpp_4_512_512,12575174,128,0
2910880256,mqpp_4_512_512,12573452,128,0
2679694530,mqpp_4_512_512,12572835,128,0
3153120582,mqpp_4_512_512,12577351,128,0
3975839036,mqpp_4_512_1024,12578847,128,0
3038872116,mqpp_4_512_1024,12576564,128,0
3070334972,mqpp_4_512_1024,12577009,128,0
3103553338,mqpp_4_512_1024,12574186,128,0
3900412434,mqpp_4_512_1024,12577060,128,0
2923022566,mqpp_4_1024_1,12665287,128,0
3061065114,mqpp_4_1024_1,12661238,128,0
3003473398,mqpp_4_1024_1,12664254,128,0
2954340648,mqpp_4_1024_1,12664498,128,0
2891327646,mqpp_4_1024_1,12667838,128,0
2789200814,mqpp_4_1024_2,12654437,128,0
2814612390,mqpp_4_1024_2,12653038,128,0
2898834422,mqpp_4_1024_2,12651194,128,0
2842333024,mqpp_4_1024_2,12650643,128,0
2929163954,mqpp_4_1024_2,12656393,128,0
2752085450,mqpp_4_1024_4,12636912,128,0
2715321706,mqpp_4_1024_4,12641012,128,0
2670625762,mqpp_4_1024_4,12639989,128,0
2690322250,mqpp_4_1024_4,12638504,128,0
2675267252,mqpp_4_1024_4,12637293,128,0
2944699734,mqpp_4_1024_8,12626988,128,0
2649323696,mqpp_4_1024_8,12622056,128,0
2748930770,mqpp_4_1024_8,12623272,128,0
2863465546,mqpp_4_1024_8,12620555,128,0
2847121786,mqpp_4_1024_8,12624229,128,0
2854884774,mqpp_4_1024_16,12606162,128,0
2668396960,mqpp_4_1024_16,12605058,128,0
2640948772,mqpp_4_1024_16,12606434,128,0
2665741268,mqpp_4_1024_16,12606548,128,0
2738874802,mqpp_4_1024_16,12605353,128,0
2525519030,mqpp_4_1024_32,12592586,128,0
2687040746,mqpp_4_1024_32,12595387,128,0
3157141280,mqpp_4_1024_32,12591721,128,0
2757065978,mqpp_4_1024_32,12591453,128,0
2592357034,mqpp_4_1024_32,12590029,128,0
3082452614,mqpp_4_1024_64,12588356,128,0
3098296362,mqpp_4_1024_64,12583687,128,0
2592167004,mqpp_4_1024_64,12580849,128,0
2969330126,mqpp_4_1024_64,12584216,128,0
2750454364,mqpp_4_1024_64,12582245,128,0
2664542630,mqpp_4_1024_128,12577554,128,0
3093441958,mqpp_4_1024_128,12577036,128,0
2557358204,mqpp_4_1024_128,12574868,128,0
3174910294,mqpp_4_1024_128,12578619,128,0
3250306628,mqpp_4_1024_128,12578616,128,0
2594185698,mqpp_4_1024_256,12573393,128,0
2753483300,mqpp_4_1024_256,12576621,128,0
2657673228,mqpp_4_1024_256,12577134,128,0
3638946618,mqpp_4_1024_256,12577755,128,0
3613849576,mqpp_4_1024_256,12576053,128,0
2752501934,mqpp_4_1024_512,12578556,128,0
3133994312,mqpp_4_1024_512,12572874,128,0
4458408046,mqpp_4_1024_512,12584320,128,0
3307177054,mqpp_4_1024_512,12577056,128,0
2637351794,mqpp_4_1024_512,12574958,128,0
2864490052,mqpp_4_1024_1024,12571612,128,0
2971625748,mqpp_4_1024_1024,12574585,128,0
2782457030,mqpp_4_1024_1024,12575612,128,0
3031108920,mqpp_4_1024_1024,12580146,128,0
3189777416,mqpp_4_1024_1024,12577338,128,0
