3801852980,mqpl_4_1_1,39893499,256
3812853480,mqpl_4_1_1,39783842,256
3791533840,mqpl_4_1_1,39960480,256
3931864520,mqpl_4_1_1,40001091,256
3739821340,mqpl_4_1_1,39901237,256
3514803080,mqpl_4_1_2,40031281,256
3603770320,mqpl_4_1_2,39987284,256
3614999700,mqpl_4_1_2,40261302,256
3523103960,mqpl_4_1_2,40139862,256
3519781000,mqpl_4_1_2,40245340,256
3565770980,mqpl_4_1_4,40273829,256
3542044780,mqpl_4_1_4,40286608,256
3450657440,mqpl_4_1_4,40361089,256
3560548360,mqpl_4_1_4,40337450,256
3666201700,mqpl_4_1_4,40421870,256
3449986120,mqpl_4_1_8,40543648,256
3500359560,mqpl_4_1_8,40495894,256
3653361080,mqpl_4_1_8,40514273,256
3563014240,mqpl_4_1_8,40730114,256
3884471460,mqpl_4_1_8,40548378,256
3672828740,mqpl_4_1_16,40787421,256
3634756040,mqpl_4_1_16,40923957,256
3349253940,mqpl_4_1_16,40958294,256
3496442600,mqpl_4_1_16,40738133,256
3307086780,mqpl_4_1_16,40736878,256
3372885020,mqpl_4_1_32,40966092,256
3752910680,mqpl_4_1_32,40955311,256
3473528360,mqpl_4_1_32,40834603,256
3357165940,mqpl_4_1_32,41123567,256
3500089060,mqpl_4_1_32,40974918,256
3233104200,mqpl_4_1_64,41123828,256
3383971520,mqpl_4_1_64,41336671,256
3768950120,mqpl_4_1_64,41341570,256
3309997600,mqpl_4_1_64,41161093,256
3428748820,mqpl_4_1_64,41225853,256
3347022100,mqpl_4_1_128,41630360,256
3423357900,mqpl_4_1_128,41822376,256
3775151440,mqpl_4_1_128,41650327,256
3474646240,mqpl_4_1_128,41710423,256
3375436220,mqpl_4_1_128,41570426,256
3313545120,mqpl_4_1_256,42196771,256
3472783220,mqpl_4_1_256,41922573,256
3641463380,mqpl_4_1_256,42346798,256
3269699940,mqpl_4_1_256,41666454,256
3304609600,mqpl_4_1_256,42040375,256
3601485640,mqpl_4_1_512,42813622,256
3407015080,mqpl_4_1_512,42567985,256
3532972960,mqpl_4_1_512,42322893,256
3595634500,mqpl_4_1_512,42818237,256
3450609420,mqpl_4_1_512,43081843,256
4179615360,mqpl_4_1_1024,44167545,256
3758290700,mqpl_4_1_1024,43187370,256
3561299200,mqpl_4_1_1024,44093759,256
3806563160,mqpl_4_1_1024,44280240,256
3408151620,mqpl_4_1_1024,44189454,256
3780745340,mqpl_4_2_1,39961442,256
3876917380,mqpl_4_2_1,40052137,256
4094663840,mqpl_4_2_1,40038602,256
3960959080,mqpl_4_2_1,39923711,256
4050860240,mqpl_4_2_1,39990283,256
3754220420,mqpl_4_2_2,40332655,256
3857789420,mqpl_4_2_2,40189119,256
3507381140,mqpl_4_2_2,40339084,256
3582441620,mqpl_4_2_2,40283161,256
3848437740,mqpl_4_2_2,40029551,256
3696462260,mqpl_4_2_4,40497451,256
3614834540,mqpl_4_2_4,40505989,256
3495974600,mqpl_4_2_4,40233312,256
3598377020,mqpl_4_2_4,40486314,256
3815403080,mqpl_4_2_4,40714349,256
3437052380,mqpl_4_2_8,40505188,256
3850817540,mqpl_4_2_8,40513724,256
3559491320,mqpl_4_2_8,40820819,256
3496287680,mqpl_4_2_8,40564156,256
3493339960,mqpl_4_2_8,40858808,256
3246384980,mqpl_4_2_16,40902500,256
3635391500,mqpl_4_2_16,40895558,256
3782321200,mqpl_4_2_16,40908306,256
3612060520,mqpl_4_2_16,40971708,256
3197309060,mqpl_4_2_16,40808563,256
3450520700,mqpl_4_2_32,41151870,256
3270682220,mqpl_4_2_32,41013371,256
3305048220,mqpl_4_2_32,41433851,256
3259756180,mqpl_4_2_32,41020894,256
3476633540,mqpl_4_2_32,41125675,256
3349557520,mqpl_4_2_64,41213344,256
3673187700,mqpl_4_2_64,41545925,256
3383811740,mqpl_4_2_64,41809402,256
3353225480,mqpl_4_2_64,41320448,256
3887154600,mqpl_4_2_64,41523670,256
4340852560,mqpl_4_2_128,41857265,256
3294432120,mqpl_4_2_128,41583587,256
3317892860,mqpl_4_2_128,41943099,256
3469199580,mqpl_4_2_128,41428354,256
4137711660,mqpl_4_2_128,41650738,256
3269856000,mqpl_4_2_256,42575087,256
3356702700,mqpl_4_2_256,42330952,256
3456367700,mqpl_4_2_256,41969610,256
3361039340,mqpl_4_2_256,42696554,256
3416224580,mqpl_4_2_256,42108393,256
3925894280,mqpl_4_2_512,42663509,256
3704981500,mqpl_4_2_512,42597003,256
3288831180,mqpl_4_2_512,42352233,256
4096395420,mqpl_4_2_512,42824526,256
3521947300,mqpl_4_2_512,42887914,256
3479963280,mqpl_4_2_1024,44299966,256
3560798940,mqpl_4_2_1024,43928993,256
3619413200,mqpl_4_2_1024,43574471,256
3410770400,mqpl_4_2_1024,44391601,256
3787598600,mqpl_4_2_1024,44494082,256
3715242800,mqpl_4_4_1,40123498,256
3767875140,mqpl_4_4_1,39904391,256
3999925680,mqpl_4_4_1,40022020,256
3769950300,mqpl_4_4_1,40099926,256
3722704360,mqpl_4_4_1,40028812,256
3568249980,mqpl_4_4_2,40452210,256
3511975440,mqpl_4_4_2,40486264,256
3654075820,mqpl_4_4_2,40399660,256
3571482340,mqpl_4_4_2,40240510,256
3952334340,mqpl_4_4_2,40215973,256
3446370200,mqpl_4_4_4,40499282,256
3421943640,mqpl_4_4_4,40724033,256
3369862920,mqpl_4_4_4,40681421,256
3319457600,mqpl_4_4_4,40582718,256
3627395780,mqpl_4_4_4,40635530,256
3610394100,mqpl_4_4_8,40772554,256
3402511660,mqpl_4_4_8,40736844,256
3254723080,mqpl_4_4_8,40378584,256
3301767000,mqpl_4_4_8,40932260,256
3384828020,mqpl_4_4_8,40786868,256
3477761760,mqpl_4_4_16,41110648,256
3517295080,mqpl_4_4_16,41122709,256
3491766900,mqpl_4_4_16,40974500,256
3328383260,mqpl_4_4_16,41140340,256
3275551800,mqpl_4_4_16,40806218,256
3604598720,mqpl_4_4_32,41598752,256
3219026180,mqpl_4_4_32,41192378,256
3692075880,mqpl_4_4_32,41148469,256
3243945520,mqpl_4_4_32,41207510,256
3387973980,mqpl_4_4_32,40890146,256
3259413260,mqpl_4_4_64,41528702,256
3312454840,mqpl_4_4_64,41529118,256
3236811280,mqpl_4_4_64,41450159,256
3497354820,mqpl_4_4_64,41759686,256
3653904180,mqpl_4_4_64,41785296,256
3207317600,mqpl_4_4_128,42077428,256
3354533940,mqpl_4_4_128,41860536,256
3629768800,mqpl_4_4_128,41923813,256
3236668140,mqpl_4_4_128,41731130,256
3259552520,mqpl_4_4_128,41502692,256
3424666800,mqpl_4_4_256,41836606,256
3383022820,mqpl_4_4_256,41988521,256
3486462460,mqpl_4_4_256,42166242,256
3506876000,mqpl_4_4_256,42024844,256
3605696400,mqpl_4_4_256,42210642,256
3276922060,mqpl_4_4_512,42203788,256
3411013020,mqpl_4_4_512,42998781,256
3912633680,mqpl_4_4_512,42769746,256
3581707140,mqpl_4_4_512,42593440,256
3463800900,mqpl_4_4_512,42525807,256
3693312300,mqpl_4_4_1024,43980808,256
3618582440,mqpl_4_4_1024,43650967,256
3551259240,mqpl_4_4_1024,44318131,256
3416864660,mqpl_4_4_1024,44865358,256
3587416100,mqpl_4_4_1024,44925383,256
3835487980,mqpl_4_8_1,40471967,256
3934465380,mqpl_4_8_1,40215500,256
3742806840,mqpl_4_8_1,40077045,256
3795412420,mqpl_4_8_1,40277247,256
3696410480,mqpl_4_8_1,40297498,256
3849241800,mqpl_4_8_2,40530419,256
3556785640,mqpl_4_8_2,40404012,256
3613075500,mqpl_4_8_2,40427741,256
3483509180,mqpl_4_8_2,40341155,256
3614219660,mqpl_4_8_2,40435927,256
3423731180,mqpl_4_8_4,40774878,256
3658165000,mqpl_4_8_4,40749091,256
3643349280,mqpl_4_8_4,40720353,256
3434908860,mqpl_4_8_4,40693330,256
3400779060,mqpl_4_8_4,40722491,256
3459867460,mqpl_4_8_8,40736169,256
3478774200,mqpl_4_8_8,40866402,256
3323051120,mqpl_4_8_8,40873553,256
3309472880,mqpl_4_8_8,40686565,256
3400034600,mqpl_4_8_8,40775513,256
3216138320,mqpl_4_8_16,41075642,256
3426715300,mqpl_4_8_16,41067135,256
3264222360,mqpl_4_8_16,41080032,256
3433684180,mqpl_4_8_16,41102718,256
3347233280,mqpl_4_8_16,41188066,256
3331214380,mqpl_4_8_32,41637243,256
3339584660,mqpl_4_8_32,41705308,256
3258788180,mqpl_4_8_32,41320774,256
3501404880,mqpl_4_8_32,41398011,256
3448545180,mqpl_4_8_32,41240437,256
3378898540,mqpl_4_8_64,41491522,256
3255464220,mqpl_4_8_64,41577220,256
3188413680,mqpl_4_8_64,41651193,256
3279124900,mqpl_4_8_64,42048329,256
3225772940,mqpl_4_8_64,41518246,256
3522556840,mqpl_4_8_128,42014841,256
3186236640,mqpl_4_8_128,41725485,256
3506214840,mqpl_4_8_128,41836168,256
3293579440,mqpl_4_8_128,42346064,256
3201942660,mqpl_4_8_128,41740810,256
3238200620,mqpl_4_8_256,41986559,256
3180694860,mqpl_4_8_256,41928913,256
3461089760,mqpl_4_8_256,42703103,256
3272412700,mqpl_4_8_256,42080088,256
3453571800,mqpl_4_8_256,42613971,256
3312954460,mqpl_4_8_512,42684096,256
3395443300,mqpl_4_8_512,42544488,256
3315002620,mqpl_4_8_512,43278764,256
3326408580,mqpl_4_8_512,43057503,256
3264169980,mqpl_4_8_512,42407066,256
3549952720,mqpl_4_8_1024,44068238,256
3433840460,mqpl_4_8_1024,44354601,256
3579956000,mqpl_4_8_1024,43692987,256
3426845120,mqpl_4_8_1024,44235833,256
3479633980,mqpl_4_8_1024,44500680,256
3990747340,mqpl_4_16_1,40509801,256
3841917160,mqpl_4_16_1,40674081,256
3860609220,mqpl_4_16_1,40365732,256
4039095360,mqpl_4_16_1,40407964,256
3853183540,mqpl_4_16_1,40502146,256
3695777620,mqpl_4_16_2,40942748,256
4046751860,mqpl_4_16_2,40696642,256
3764614540,mqpl_4_16_2,40792863,256
3679624500,mqpl_4_16_2,40591183,256
3693154260,mqpl_4_16_2,40732711,256
3518843100,mqpl_4_16_4,40706187,256
3396512840,mqpl_4_16_4,40708281,256
3954024400,mqpl_4_16_4,40637227,256
3435045800,mqpl_4_16_4,40668608,256
3498785600,mqpl_4_16_4,40911983,256
3564900960,mqpl_4_16_8,40770213,256
3316652840,mqpl_4_16_8,40817278,256
3478252200,mqpl_4_16_8,41044429,256
3499030860,mqpl_4_16_8,40895606,256
3622137860,mqpl_4_16_8,41159709,256
3358174480,mqpl_4_16_16,41699948,256
3426123080,mqpl_4_16_16,41043179,256
3528980900,mqpl_4_16_16,41315170,256
3365282680,mqpl_4_16_16,41224722,256
3572939600,mqpl_4_16_16,41254929,256
3244546280,mqpl_4_16_32,41600509,256
3399152780,mqpl_4_16_32,41424250,256
3310459000,mqpl_4_16_32,41992135,256
3718188040,mqpl_4_16_32,41486443,256
3309057820,mqpl_4_16_32,41742176,256
3317731920,mqpl_4_16_64,41789299,256
4101217820,mqpl_4_16_64,42165174,256
3381416500,mqpl_4_16_64,42127633,256
3182147200,mqpl_4_16_64,41681232,256
3497279260,mqpl_4_16_64,41612236,256
3328531820,mqpl_4_16_128,42483862,256
3289410580,mqpl_4_16_128,42036617,256
3804551540,mqpl_4_16_128,42177172,256
3678845100,mqpl_4_16_128,41934048,256
3954953480,mqpl_4_16_128,42049360,256
3291964460,mqpl_4_16_256,43110336,256
3435814580,mqpl_4_16_256,42153983,256
3485698600,mqpl_4_16_256,42659554,256
3682508220,mqpl_4_16_256,42409051,256
3453439920,mqpl_4_16_256,42946484,256
3303043420,mqpl_4_16_512,43057396,256
3803247360,mqpl_4_16_512,44020640,256
3549523680,mqpl_4_16_512,42824896,256
3374286180,mqpl_4_16_512,43017933,256
3511303560,mqpl_4_16_512,43598021,256
3447535640,mqpl_4_16_1024,44970597,256
3460563720,mqpl_4_16_1024,44429127,256
3421338680,mqpl_4_16_1024,44903871,256
3422165380,mqpl_4_16_1024,43873459,256
3435028440,mqpl_4_16_1024,44150417,256
4128108040,mqpl_4_32_1,40812920,256
3886625580,mqpl_4_32_1,40604893,256
3889131760,mqpl_4_32_1,40730795,256
3858950960,mqpl_4_32_1,40486503,256
3947174680,mqpl_4_32_1,40693788,256
3878470080,mqpl_4_32_2,40810588,256
3724701420,mqpl_4_32_2,40898645,256
4040222880,mqpl_4_32_2,40819218,256
3851423520,mqpl_4_32_2,40644327,256
3743390100,mqpl_4_32_2,40781363,256
3698023680,mqpl_4_32_4,40786456,256
3667938700,mqpl_4_32_4,40971745,256
3538664800,mqpl_4_32_4,40834257,256
3563039880,mqpl_4_32_4,40938918,256
3765021560,mqpl_4_32_4,41020265,256
3328679520,mqpl_4_32_8,41026500,256
3522537960,mqpl_4_32_8,40891367,256
3457976020,mqpl_4_32_8,40938561,256
3641496320,mqpl_4_32_8,41008665,256
3681313640,mqpl_4_32_8,41240198,256
3364047800,mqpl_4_32_16,41459136,256
3513992900,mqpl_4_32_16,41637871,256
3504586300,mqpl_4_32_16,41435789,256
3569454780,mqpl_4_32_16,41243547,256
3440153100,mqpl_4_32_16,41493801,256
3300236560,mqpl_4_32_32,41624529,256
3455874500,mqpl_4_32_32,42011730,256
3520216880,mqpl_4_32_32,41731774,256
3536946640,mqpl_4_32_32,41905543,256
3508837860,mqpl_4_32_32,41745339,256
3518078180,mqpl_4_32_64,42384235,256
3548868480,mqpl_4_32_64,42308052,256
3343356720,mqpl_4_32_64,41960629,256
3439767580,mqpl_4_32_64,42244766,256
3441119160,mqpl_4_32_64,42253155,256
3605522660,mqpl_4_32_128,42265524,256
3531679040,mqpl_4_32_128,42676320,256
3439168080,mqpl_4_32_128,43064085,256
3531171280,mqpl_4_32_128,42758773,256
3424234480,mqpl_4_32_128,43053757,256
3606930340,mqpl_4_32_256,43138311,256
3611939660,mqpl_4_32_256,43190698,256
3486832320,mqpl_4_32_256,42761112,256
3489325700,mqpl_4_32_256,43278179,256
3896545840,mqpl_4_32_256,43237212,256
3764530940,mqpl_4_32_512,45091329,256
3578760960,mqpl_4_32_512,43649976,256
3542388900,mqpl_4_32_512,45080638,256
3676241380,mqpl_4_32_512,43993867,256
4633513640,mqpl_4_32_512,44264286,256
4022612120,mqpl_4_32_1024,45644832,256
3794212200,mqpl_4_32_1024,45761835,256
3742981060,mqpl_4_32_1024,45396796,256
3830605800,mqpl_4_32_1024,45493802,256
3636943020,mqpl_4_32_1024,44960656,256
4051804640,mqpl_4_64_1,41187340,256
4758289600,mqpl_4_64_1,40847785,256
4139800140,mqpl_4_64_1,40738959,256
4243332160,mqpl_4_64_1,40784703,256
4155849800,mqpl_4_64_1,40794212,256
3948751900,mqpl_4_64_2,40997650,256
3688940420,mqpl_4_64_2,41016771,256
3846134320,mqpl_4_64_2,40875050,256
3731283260,mqpl_4_64_2,40828096,256
3853464660,mqpl_4_64_2,41058512,256
3629865520,mqpl_4_64_4,40970587,256
3628276480,mqpl_4_64_4,40931875,256
3895067320,mqpl_4_64_4,40981483,256
4152863980,mqpl_4_64_4,41286736,256
4021544520,mqpl_4_64_4,41006599,256
3890104060,mqpl_4_64_8,41348622,256
3467829620,mqpl_4_64_8,41121532,256
3814693680,mqpl_4_64_8,41046185,256
3578410520,mqpl_4_64_8,41369288,256
3617133540,mqpl_4_64_8,41070167,256
3362184540,mqpl_4_64_16,41207368,256
3492402280,mqpl_4_64_16,41355744,256
3545661520,mqpl_4_64_16,41710204,256
3643020560,mqpl_4_64_16,41688704,256
3678858220,mqpl_4_64_16,41303953,256
3669736420,mqpl_4_64_32,41774426,256
3390925780,mqpl_4_64_32,42249152,256
3790661000,mqpl_4_64_32,42518012,256
3509242780,mqpl_4_64_32,41785880,256
3663021220,mqpl_4_64_32,41695735,256
3417938020,mqpl_4_64_64,43006680,256
3569776740,mqpl_4_64_64,42512010,256
3677600680,mqpl_4_64_64,42079264,256
3975865100,mqpl_4_64_64,42699562,256
3448085240,mqpl_4_64_64,42488112,256
5083473940,mqpl_4_64_128,42818386,256
3582041580,mqpl_4_64_128,43250404,256
3834479360,mqpl_4_64_128,42711518,256
3824417080,mqpl_4_64_128,43320463,256
3656777200,mqpl_4_64_128,43244101,256
3838142700,mqpl_4_64_256,44279090,256
3692341460,mqpl_4_64_256,43065199,256
3964895100,mqpl_4_64_256,44016402,256
3887191120,mqpl_4_64_256,44352785,256
3708685200,mqpl_4_64_256,43449096,256
3905115420,mqpl_4_64_512,44990088,256
3794565280,mqpl_4_64_512,44529404,256
4144571080,mqpl_4_64_512,45320133,256
3689007720,mqpl_4_64_512,45015711,256
3425719740,mqpl_4_64_512,43972866,256
3753650760,mqpl_4_64_1024,45745815,256
4354301820,mqpl_4_64_1024,47269210,256
3870743500,mqpl_4_64_1024,45669698,256
3717113560,mqpl_4_64_1024,45319475,256
4308056300,mqpl_4_64_1024,46462353,256
4021041460,mqpl_4_128_1,41178764,256
4276946600,mqpl_4_128_1,41097124,256
4252282400,mqpl_4_128_1,41298200,256
4191577680,mqpl_4_128_1,40719230,256
4467984160,mqpl_4_128_1,41109780,256
4003848460,mqpl_4_128_2,41453904,256
3909784640,mqpl_4_128_2,41092380,256
3993716360,mqpl_4_128_2,41387805,256
4020134860,mqpl_4_128_2,40966936,256
3684683860,mqpl_4_128_2,41046146,256
3686319800,mqpl_4_128_4,41143374,256
3794312900,mqpl_4_128_4,41077542,256
3757443060,mqpl_4_128_4,41150885,256
3937509520,mqpl_4_128_4,41212433,256
3595523460,mqpl_4_128_4,40831563,256
4055390900,mqpl_4_128_8,41256864,256
3598272960,mqpl_4_128_8,41149141,256
3520853680,mqpl_4_128_8,41648026,256
3985985660,mqpl_4_128_8,41507540,256
3610928640,mqpl_4_128_8,41171649,256
4049784320,mqpl_4_128_16,42169178,256
3721564500,mqpl_4_128_16,41503990,256
3617700540,mqpl_4_128_16,41818888,256
3681834380,mqpl_4_128_16,41819837,256
3959641140,mqpl_4_128_16,41879606,256
3481578980,mqpl_4_128_32,42551107,256
3821506080,mqpl_4_128_32,42647253,256
3809588480,mqpl_4_128_32,42790345,256
3943628160,mqpl_4_128_32,42013267,256
4324677460,mqpl_4_128_32,42165070,256
3700002540,mqpl_4_128_64,42736997,256
3574520880,mqpl_4_128_64,43034420,256
3911422600,mqpl_4_128_64,43298790,256
3787141560,mqpl_4_128_64,42999341,256
3877513220,mqpl_4_128_64,42958893,256
3775174100,mqpl_4_128_128,43280392,256
3514692760,mqpl_4_128_128,43819380,256
3791740860,mqpl_4_128_128,43942023,256
4049919500,mqpl_4_128_128,44091013,256
3847658700,mqpl_4_128_128,43961206,256
3860242980,mqpl_4_128_256,45304732,256
3712438440,mqpl_4_128_256,44103981,256
3903078700,mqpl_4_128_256,44805145,256
3952154740,mqpl_4_128_256,44463122,256
4051884780,mqpl_4_128_256,44813031,256
3954742280,mqpl_4_128_512,45471340,256
3851600840,mqpl_4_128_512,45415754,256
3992721520,mqpl_4_128_512,45828399,256
3629999520,mqpl_4_128_512,44789245,256
4148037580,mqpl_4_128_512,45264579,256
4475962700,mqpl_4_128_1024,47259470,256
4142944040,mqpl_4_128_1024,46786164,256
4346991000,mqpl_4_128_1024,47002477,256
3932005880,mqpl_4_128_1024,47106942,256
3797952700,mqpl_4_128_1024,48533187,256
4133245980,mqpl_4_256_1,41356878,256
4456916480,mqpl_4_256_1,41345811,256
3999494540,mqpl_4_256_1,41869628,256
3927378520,mqpl_4_256_1,41291658,256
3952480600,mqpl_4_256_1,41589662,256
3853837800,mqpl_4_256_2,41428785,256
3856906300,mqpl_4_256_2,42001738,256
4113871380,mqpl_4_256_2,41621831,256
3845001100,mqpl_4_256_2,41332355,256
4033126900,mqpl_4_256_2,42265441,256
3415795420,mqpl_4_256_4,41128587,256
3893214060,mqpl_4_256_4,41762256,256
3616949880,mqpl_4_256_4,41248923,256
3738880040,mqpl_4_256_4,41682197,256
3872314520,mqpl_4_256_4,41680659,256
3650928280,mqpl_4_256_8,41542819,256
3632062580,mqpl_4_256_8,41480310,256
3700231620,mqpl_4_256_8,41716952,256
3530316920,mqpl_4_256_8,41951686,256
3796543980,mqpl_4_256_8,41745692,256
3557034480,mqpl_4_256_16,41841021,256
4002028200,mqpl_4_256_16,41965993,256
3522447660,mqpl_4_256_16,41838892,256
3587442560,mqpl_4_256_16,42112011,256
3730501340,mqpl_4_256_16,41902103,256
3592657180,mqpl_4_256_32,43401848,256
3893836720,mqpl_4_256_32,43260388,256
3468007840,mqpl_4_256_32,42634033,256
3425256700,mqpl_4_256_32,42581115,256
4051189500,mqpl_4_256_32,42692081,256
3973252060,mqpl_4_256_64,43348699,256
3727454280,mqpl_4_256_64,43921266,256
3660586060,mqpl_4_256_64,43228354,256
3841478980,mqpl_4_256_64,44194198,256
3962809560,mqpl_4_256_64,43033657,256
3796942940,mqpl_4_256_128,44298256,256
4050608020,mqpl_4_256_128,43974736,256
3562427120,mqpl_4_256_128,43981471,256
3803951840,mqpl_4_256_128,44556978,256
3474461600,mqpl_4_256_128,44355006,256
3908252060,mqpl_4_256_256,45368561,256
3726524360,mqpl_4_256_256,44941477,256
3936388100,mqpl_4_256_256,44905531,256
3582741660,mqpl_4_256_256,47030428,256
3686185400,mqpl_4_256_256,45236927,256
3729690420,mqpl_4_256_512,46118713,256
3744630540,mqpl_4_256_512,47014621,256
3913223900,mqpl_4_256_512,47653689,256
4303435480,mqpl_4_256_512,46344934,256
3857074880,mqpl_4_256_512,45950732,256
3916558040,mqpl_4_256_1024,47188546,256
4064925720,mqpl_4_256_1024,50989381,256
4671788480,mqpl_4_256_1024,47337716,256
3931010260,mqpl_4_256_1024,49031480,256
3978100560,mqpl_4_256_1024,47294617,256
3874713600,mqpl_4_512_1,42222515,256
4057156980,mqpl_4_512_1,42356516,256
4084178840,mqpl_4_512_1,42075373,256
4296614460,mqpl_4_512_1,41701841,256
3871864480,mqpl_4_512_1,41932064,256
3976997380,mqpl_4_512_2,41852812,256
3849299300,mqpl_4_512_2,42494395,256
3515256080,mqpl_4_512_2,42159097,256
3557417940,mqpl_4_512_2,41704063,256
3932664920,mqpl_4_512_2,42284976,256
3561402920,mqpl_4_512_4,42059504,256
4009723660,mqpl_4_512_4,42202108,256
3615522900,mqpl_4_512_4,42824254,256
3658437320,mqpl_4_512_4,41814415,256
3910984820,mqpl_4_512_4,42179022,256
3833933260,mqpl_4_512_8,43410636,256
3650730740,mqpl_4_512_8,42318086,256
3933261660,mqpl_4_512_8,42306354,256
3504434000,mqpl_4_512_8,42257118,256
3506079540,mqpl_4_512_8,41774973,256
3452093480,mqpl_4_512_16,42533218,256
3664339960,mqpl_4_512_16,42609580,256
3519841000,mqpl_4_512_16,42015513,256
3638714500,mqpl_4_512_16,42481383,256
3635864300,mqpl_4_512_16,42391512,256
3414247440,mqpl_4_512_32,43414108,256
3508266920,mqpl_4_512_32,43206749,256
3397673100,mqpl_4_512_32,43259636,256
3111901540,mqpl_4_512_32,43103822,256
3635677820,mqpl_4_512_32,43814613,256
3743059420,mqpl_4_512_64,44916472,256
3628845300,mqpl_4_512_64,45723326,256
3965701380,mqpl_4_512_64,45152468,256
3719963540,mqpl_4_512_64,43787891,256
3641693520,mqpl_4_512_64,43960662,256
3793299620,mqpl_4_512_128,45391322,256
4107554080,mqpl_4_512_128,45478811,256
3637937480,mqpl_4_512_128,45276080,256
3662554800,mqpl_4_512_128,45512834,256
3686349600,mqpl_4_512_128,44517179,256
3964898020,mqpl_4_512_256,46468569,256
4067724520,mqpl_4_512_256,48020217,256
3837420180,mqpl_4_512_256,46505317,256
3688254420,mqpl_4_512_256,46339431,256
3901512020,mqpl_4_512_256,45919934,256
3918006260,mqpl_4_512_512,48920106,256
3664614100,mqpl_4_512_512,46134565,256
3828773160,mqpl_4_512_512,47583738,256
3789694700,mqpl_4_512_512,48022887,256
3914882180,mqpl_4_512_512,48894080,256
3955257000,mqpl_4_512_1024,51407996,256
4361407480,mqpl_4_512_1024,50124699,256
3884288220,mqpl_4_512_1024,51277586,256
4638148440,mqpl_4_512_1024,49681678,256
4338431400,mqpl_4_512_1024,53105027,256
3825927040,mqpl_4_1024_1,42427724,256
4028987300,mqpl_4_1024_1,41951293,256
4647721740,mqpl_4_1024_1,44000963,256
4074127080,mqpl_4_1024_1,43035962,256
4121422920,mqpl_4_1024_1,42909441,256
3787310600,mqpl_4_1024_2,42817860,256
3922562820,mqpl_4_1024_2,43418895,256
4111778100,mqpl_4_1024_2,43062668,256
3986968460,mqpl_4_1024_2,42918295,256
3684576960,mqpl_4_1024_2,43008459,256
3677548760,mqpl_4_1024_4,42962788,256
3708796520,mqpl_4_1024_4,43183387,256
3701001580,mqpl_4_1024_4,42737609,256
3905446480,mqpl_4_1024_4,42365592,256
3707317120,mqpl_4_1024_4,44061535,256
3485812500,mqpl_4_1024_8,42809149,256
3780385640,mqpl_4_1024_8,42933493,256
3581807300,mqpl_4_1024_8,42607046,256
3543602200,mqpl_4_1024_8,42539057,256
3691978820,mqpl_4_1024_8,46277937,256
3933556720,mqpl_4_1024_16,43573811,256
3631141900,mqpl_4_1024_16,43742151,256
3537652700,mqpl_4_1024_16,43722426,256
3455829160,mqpl_4_1024_16,43000904,256
3425950640,mqpl_4_1024_16,43728025,256
3569180040,mqpl_4_1024_32,44146784,256
3451658520,mqpl_4_1024_32,44970832,256
3983927960,mqpl_4_1024_32,45179975,256
3715034320,mqpl_4_1024_32,45387903,256
3508840700,mqpl_4_1024_32,44034895,256
3341272360,mqpl_4_1024_64,45873018,256
3845155960,mqpl_4_1024_64,46171522,256
3409647780,mqpl_4_1024_64,47009824,256
3436953520,mqpl_4_1024_64,45224501,256
3455817240,mqpl_4_1024_64,45489808,256
4133896980,mqpl_4_1024_128,47448643,256
3671475380,mqpl_4_1024_128,46147147,256
3670824520,mqpl_4_1024_128,46797968,256
3731309080,mqpl_4_1024_128,46097894,256
3775966840,mqpl_4_1024_128,46222325,256
3578875680,mqpl_4_1024_256,48656149,256
3804597560,mqpl_4_1024_256,48001841,256
3782768260,mqpl_4_1024_256,48624966,256
4786173440,mqpl_4_1024_256,47490705,256
3629330480,mqpl_4_1024_256,47427125,256
4535606680,mqpl_4_1024_512,51326135,256
3998378720,mqpl_4_1024_512,49453115,256
4037064000,mqpl_4_1024_512,49278193,256
4336669900,mqpl_4_1024_512,51152241,256
3759193220,mqpl_4_1024_512,50322209,256
4429036620,mqpl_4_1024_1024,54553612,256
3793876000,mqpl_4_1024_1024,51784135,256
3919610720,mqpl_4_1024_1024,52670255,256
3907635340,mqpl_4_1024_1024,52168295,256
3735807300,mqpl_4_1024_1024,52157371,256
