457233200,mqpl_4_1_1,24580249,256
534028460,mqpl_4_1_1,24585849,256
540149120,mqpl_4_1_1,24584953,256
501755560,mqpl_4_1_1,24577842,256
527363300,mqpl_4_1_1,24583733,256
345159860,mqpl_4_1_2,24871784,256
354898380,mqpl_4_1_2,24868639,256
368326700,mqpl_4_1_2,24880628,256
342387120,mqpl_4_1_2,24870668,256
369558840,mqpl_4_1_2,24887293,256
296184520,mqpl_4_1_4,25445939,256
297017200,mqpl_4_1_4,25464008,256
300561280,mqpl_4_1_4,25442078,256
301672120,mqpl_4_1_4,25433674,256
299533160,mqpl_4_1_4,25433213,256
289396500,mqpl_4_1_8,26476691,256
286004540,mqpl_4_1_8,26459221,256
291146300,mqpl_4_1_8,26479441,256
286200540,mqpl_4_1_8,26434268,256
287534040,mqpl_4_1_8,26450230,256
294419740,mqpl_4_1_16,27902150,256
299736980,mqpl_4_1_16,27842006,256
293084860,mqpl_4_1_16,27864500,256
291222620,mqpl_4_1_16,27856636,256
296347040,mqpl_4_1_16,27866875,256
323354960,mqpl_4_1_32,28812349,256
341486260,mqpl_4_1_32,28846159,256
296557160,mqpl_4_1_32,28823893,256
300487280,mqpl_4_1_32,28819813,256
314335100,mqpl_4_1_32,28820539,256
298731160,mqpl_4_1_64,28924442,256
302153680,mqpl_4_1_64,28973965,256
306647800,mqpl_4_1_64,28972015,256
310278640,mqpl_4_1_64,29055665,256
321965860,mqpl_4_1_64,29041328,256
302510140,mqpl_4_1_128,28958099,256
305977240,mqpl_4_1_128,29021947,256
301699320,mqpl_4_1_128,28903759,256
309089980,mqpl_4_1_128,29041837,256
300876900,mqpl_4_1_128,29009151,256
299126900,mqpl_4_1_256,28930943,256
303104940,mqpl_4_1_256,28974515,256
304106540,mqpl_4_1_256,28954614,256
301133420,mqpl_4_1_256,28972971,256
303858020,mqpl_4_1_256,28900250,256
299968320,mqpl_4_1_512,28881696,256
310605220,mqpl_4_1_512,28960236,256
301046720,mqpl_4_1_512,28946452,256
306710740,mqpl_4_1_512,28965827,256
303430040,mqpl_4_1_512,28943957,256
303382240,mqpl_4_1_1024,28879817,256
304820740,mqpl_4_1_1024,28986778,256
314583860,mqpl_4_1_1024,29063148,256
307163120,mqpl_4_1_1024,29444283,256
304032500,mqpl_4_1_1024,28988523,256
533339780,mqpl_4_2_1,24817269,256
544823940,mqpl_4_2_1,24807213,256
500244860,mqpl_4_2_1,24808250,256
475778020,mqpl_4_2_1,24798182,256
505866180,mqpl_4_2_1,24806537,256
416864720,mqpl_4_2_2,25050381,256
353116720,mqpl_4_2_2,25013643,256
362349920,mqpl_4_2_2,25032277,256
352494960,mqpl_4_2_2,25022769,256
395462040,mqpl_4_2_2,25024802,256
294777320,mqpl_4_2_4,25422073,256
297214200,mqpl_4_2_4,25402256,256
294754960,mqpl_4_2_4,25433807,256
302634400,mqpl_4_2_4,25651354,256
288662420,mqpl_4_2_4,25418721,256
277471140,mqpl_4_2_8,26125247,256
272202520,mqpl_4_2_8,26110548,256
267614160,mqpl_4_2_8,26092127,256
283551300,mqpl_4_2_8,26098533,256
272250900,mqpl_4_2_8,26078508,256
266075880,mqpl_4_2_16,26951495,256
264921680,mqpl_4_2_16,26965486,256
264245180,mqpl_4_2_16,26976092,256
265477200,mqpl_4_2_16,27042447,256
270346980,mqpl_4_2_16,27555464,256
278975100,mqpl_4_2_32,27513343,256
266917760,mqpl_4_2_32,27479814,256
266594180,mqpl_4_2_32,27477467,256
268081560,mqpl_4_2_32,27528381,256
269034820,mqpl_4_2_32,27530620,256
270490860,mqpl_4_2_64,27554782,256
269485760,mqpl_4_2_64,27873001,256
271817140,mqpl_4_2_64,27583067,256
271896300,mqpl_4_2_64,27542749,256
272738680,mqpl_4_2_64,27621956,256
264854220,mqpl_4_2_128,27546817,256
267434300,mqpl_4_2_128,27607528,256
269249740,mqpl_4_2_128,27601987,256
276595240,mqpl_4_2_128,27597438,256
267623140,mqpl_4_2_128,27587230,256
267502340,mqpl_4_2_256,27590394,256
265309580,mqpl_4_2_256,27565178,256
270902960,mqpl_4_2_256,27567720,256
269715600,mqpl_4_2_256,27558522,256
268078840,mqpl_4_2_256,27534608,256
270571380,mqpl_4_2_512,27554752,256
292449760,mqpl_4_2_512,30299426,256
266546140,mqpl_4_2_512,27587337,256
274656120,mqpl_4_2_512,28347980,256
284939700,mqpl_4_2_512,29143172,256
265414280,mqpl_4_2_1024,27578621,256
271220960,mqpl_4_2_1024,27597538,256
269620320,mqpl_4_2_1024,27538140,256
278896800,mqpl_4_2_1024,27582607,256
280470680,mqpl_4_2_1024,28905954,256
558393420,mqpl_4_4_1,24928981,256
576696680,mqpl_4_4_1,24910979,256
558531440,mqpl_4_4_1,25089696,256
587397920,mqpl_4_4_1,24915066,256
525427800,mqpl_4_4_1,24882123,256
359883600,mqpl_4_4_2,25037219,256
402873200,mqpl_4_4_2,25151503,256
417909720,mqpl_4_4_2,25078399,256
367722580,mqpl_4_4_2,25067397,256
403939820,mqpl_4_4_2,25072403,256
320386640,mqpl_4_4_4,25395793,256
294360400,mqpl_4_4_4,25373890,256
296301680,mqpl_4_4_4,25400276,256
286655580,mqpl_4_4_4,25388966,256
289911260,mqpl_4_4_4,25390699,256
259174660,mqpl_4_4_8,25899400,256
267281480,mqpl_4_4_8,25916861,256
272556120,mqpl_4_4_8,25903441,256
259420360,mqpl_4_4_8,25895223,256
269728480,mqpl_4_4_8,25926662,256
256551860,mqpl_4_4_16,27002168,256
273434960,mqpl_4_4_16,26568958,256
249892320,mqpl_4_4_16,26577839,256
257470500,mqpl_4_4_16,26533791,256
250757700,mqpl_4_4_16,26527508,256
249154360,mqpl_4_4_32,26814938,256
251484320,mqpl_4_4_32,26837722,256
251756440,mqpl_4_4_32,26850442,256
253534420,mqpl_4_4_32,26798542,256
248917660,mqpl_4_4_32,26818721,256
256225640,mqpl_4_4_64,26849082,256
246889360,mqpl_4_4_64,26813562,256
252403540,mqpl_4_4_64,26844609,256
250155380,mqpl_4_4_64,26810474,256
248957000,mqpl_4_4_64,26806075,256
249675880,mqpl_4_4_128,26845451,256
247476980,mqpl_4_4_128,26795950,256
253421420,mqpl_4_4_128,26858767,256
258859320,mqpl_4_4_128,26861107,256
249647440,mqpl_4_4_128,26824971,256
253237600,mqpl_4_4_256,26833767,256
259651580,mqpl_4_4_256,26846298,256
254432220,mqpl_4_4_256,26890581,256
267886000,mqpl_4_4_256,26878921,256
248035640,mqpl_4_4_256,26819909,256
251814420,mqpl_4_4_512,26859914,256
283498840,mqpl_4_4_512,28872888,256
252621360,mqpl_4_4_512,26843877,256
268924720,mqpl_4_4_512,26883030,256
250833300,mqpl_4_4_512,26908779,256
250018940,mqpl_4_4_1024,26994008,256
247288000,mqpl_4_4_1024,26823329,256
246245760,mqpl_4_4_1024,26833715,256
249891400,mqpl_4_4_1024,26795489,256
250153140,mqpl_4_4_1024,26775735,256
599681220,mqpl_4_8_1,24948596,256
579215720,mqpl_4_8_1,24927526,256
563735060,mqpl_4_8_1,24907883,256
577538800,mqpl_4_8_1,24926257,256
600324560,mqpl_4_8_1,24938990,256
379178960,mqpl_4_8_2,25077265,256
376991680,mqpl_4_8_2,25054868,256
398365620,mqpl_4_8_2,25052956,256
413102760,mqpl_4_8_2,25066791,256
395609500,mqpl_4_8_2,25062258,256
292562440,mqpl_4_8_4,25329770,256
287051120,mqpl_4_8_4,25339868,256
288200880,mqpl_4_8_4,25326925,256
296642720,mqpl_4_8_4,25321521,256
295914460,mqpl_4_8_4,25338130,256
258459480,mqpl_4_8_8,25810760,256
261090820,mqpl_4_8_8,25778719,256
261802180,mqpl_4_8_8,25830851,256
254241420,mqpl_4_8_8,25807384,256
262497760,mqpl_4_8_8,25776424,256
250175440,mqpl_4_8_16,26275367,256
248336000,mqpl_4_8_16,26329791,256
248309660,mqpl_4_8_16,26313666,256
255506140,mqpl_4_8_16,27350236,256
258348420,mqpl_4_8_16,26346305,256
245253920,mqpl_4_8_32,26722617,256
248957120,mqpl_4_8_32,26574212,256
239661700,mqpl_4_8_32,26551264,256
239863920,mqpl_4_8_32,26516922,256
242816560,mqpl_4_8_32,26590624,256
242383640,mqpl_4_8_64,26482973,256
242950240,mqpl_4_8_64,26511959,256
241632640,mqpl_4_8_64,26507618,256
241849760,mqpl_4_8_64,26472898,256
236715020,mqpl_4_8_64,26504982,256
240289720,mqpl_4_8_128,26479969,256
244400340,mqpl_4_8_128,26524128,256
239715960,mqpl_4_8_128,26496850,256
240357380,mqpl_4_8_128,26517713,256
248296960,mqpl_4_8_128,26523339,256
256251020,mqpl_4_8_256,26574360,256
244183500,mqpl_4_8_256,26539200,256
242843840,mqpl_4_8_256,26493964,256
241590220,mqpl_4_8_256,26477733,256
252623800,mqpl_4_8_256,26741121,256
240907260,mqpl_4_8_512,26510700,256
238700160,mqpl_4_8_512,26506219,256
240708640,mqpl_4_8_512,26512785,256
243904400,mqpl_4_8_512,26526215,256
239757440,mqpl_4_8_512,26461236,256
241953080,mqpl_4_8_1024,26491461,256
239124860,mqpl_4_8_1024,26695527,256
247067360,mqpl_4_8_1024,26496951,256
237676140,mqpl_4_8_1024,26473349,256
241995060,mqpl_4_8_1024,26493006,256
641340740,mqpl_4_16_1,24965637,256
578123880,mqpl_4_16_1,24940800,256
606464500,mqpl_4_16_1,24914802,256
610202500,mqpl_4_16_1,24947433,256
604786280,mqpl_4_16_1,24919861,256
399357920,mqpl_4_16_2,25054314,256
389542440,mqpl_4_16_2,25042177,256
438453460,mqpl_4_16_2,25090294,256
404606200,mqpl_4_16_2,25076106,256
493941300,mqpl_4_16_2,25093496,256
291297440,mqpl_4_16_4,25313194,256
314659520,mqpl_4_16_4,25295192,256
327338740,mqpl_4_16_4,25304984,256
314947140,mqpl_4_16_4,25310804,256
297223420,mqpl_4_16_4,25306636,256
258500880,mqpl_4_16_8,25701715,256
253669700,mqpl_4_16_8,25729807,256
256455640,mqpl_4_16_8,25717311,256
259341960,mqpl_4_16_8,25723850,256
264207460,mqpl_4_16_8,25746253,256
254919000,mqpl_4_16_16,26267012,256
243350460,mqpl_4_16_16,26180636,256
239734920,mqpl_4_16_16,26213801,256
239924520,mqpl_4_16_16,26241202,256
248496740,mqpl_4_16_16,26221559,256
240161380,mqpl_4_16_32,26437741,256
238337720,mqpl_4_16_32,26384558,256
242246240,mqpl_4_16_32,26460906,256
238236100,mqpl_4_16_32,26445134,256
237338440,mqpl_4_16_32,26463345,256
238800440,mqpl_4_16_64,26355295,256
238746980,mqpl_4_16_64,26381729,256
237841980,mqpl_4_16_64,26407234,256
238996840,mqpl_4_16_64,26356283,256
238352060,mqpl_4_16_64,26371507,256
243524420,mqpl_4_16_128,26387940,256
244095560,mqpl_4_16_128,26403547,256
238054820,mqpl_4_16_128,26414602,256
236978000,mqpl_4_16_128,26374948,256
237286880,mqpl_4_16_128,26385635,256
239350060,mqpl_4_16_256,26364635,256
235592780,mqpl_4_16_256,26424238,256
242161520,mqpl_4_16_256,26361497,256
238898480,mqpl_4_16_256,26387337,256
234735840,mqpl_4_16_256,26366938,256
234265100,mqpl_4_16_512,26391323,256
237242380,mqpl_4_16_512,26418235,256
236594400,mqpl_4_16_512,26357425,256
270290840,mqpl_4_16_512,26435530,256
243302300,mqpl_4_16_512,26426366,256
244050660,mqpl_4_16_1024,26381662,256
234701020,mqpl_4_16_1024,26385667,256
239339360,mqpl_4_16_1024,26370182,256
241639260,mqpl_4_16_1024,26368751,256
233127860,mqpl_4_16_1024,26382932,256
603778220,mqpl_4_32_1,24936478,256
593026840,mqpl_4_32_1,24969643,256
635763200,mqpl_4_32_1,24964526,256
613756720,mqpl_4_32_1,24983754,256
583560540,mqpl_4_32_1,24920728,256
406293540,mqpl_4_32_2,25044677,256
401560560,mqpl_4_32_2,25027565,256
403067040,mqpl_4_32_2,25073225,256
428478540,mqpl_4_32_2,25071789,256
435838000,mqpl_4_32_2,25088623,256
293046160,mqpl_4_32_4,25269168,256
293712440,mqpl_4_32_4,25260887,256
305894040,mqpl_4_32_4,25292453,256
319095820,mqpl_4_32_4,25286358,256
337145160,mqpl_4_32_4,25285641,256
263924040,mqpl_4_32_8,25709170,256
258359000,mqpl_4_32_8,25725039,256
256198780,mqpl_4_32_8,25707313,256
257806720,mqpl_4_32_8,25663467,256
255480620,mqpl_4_32_8,25692225,256
245492340,mqpl_4_32_16,26191073,256
241822120,mqpl_4_32_16,26107208,256
241917140,mqpl_4_32_16,26196399,256
244512340,mqpl_4_32_16,26121917,256
239748800,mqpl_4_32_16,26176622,256
251673500,mqpl_4_32_32,26372926,256
238247860,mqpl_4_32_32,26398091,256
237819840,mqpl_4_32_32,26398011,256
236153780,mqpl_4_32_32,26392007,256
234705520,mqpl_4_32_32,26372337,256
237668420,mqpl_4_32_64,26306949,256
245256200,mqpl_4_32_64,26364294,256
269879440,mqpl_4_32_64,26297875,256
240353840,mqpl_4_32_64,26385699,256
243954160,mqpl_4_32_64,26401720,256
232612640,mqpl_4_32_128,26325123,256
238608060,mqpl_4_32_128,26302101,256
233011200,mqpl_4_32_128,26317885,256
247791500,mqpl_4_32_128,26363757,256
263772620,mqpl_4_32_128,26429362,256
236355680,mqpl_4_32_256,26302620,256
236986780,mqpl_4_32_256,26345216,256
236363120,mqpl_4_32_256,26367331,256
234397280,mqpl_4_32_256,26319752,256
237806820,mqpl_4_32_256,26311933,256
232067020,mqpl_4_32_512,26334748,256
237329980,mqpl_4_32_512,26318567,256
237383400,mqpl_4_32_512,26362049,256
235435160,mqpl_4_32_512,26340124,256
235942440,mqpl_4_32_512,26440943,256
232241700,mqpl_4_32_1024,26358307,256
239456960,mqpl_4_32_1024,26373802,256
235592080,mqpl_4_32_1024,26327918,256
232170100,mqpl_4_32_1024,26356635,256
233813360,mqpl_4_32_1024,26323063,256
652523120,mqpl_4_64_1,24980363,256
627482720,mqpl_4_64_1,24961400,256
604350500,mqpl_4_64_1,24916886,256
627151820,mqpl_4_64_1,24932256,256
670877020,mqpl_4_64_1,24979259,256
442722580,mqpl_4_64_2,25059461,256
477089160,mqpl_4_64_2,25063489,256
425240040,mqpl_4_64_2,25216708,256
481563840,mqpl_4_64_2,25059980,256
425764440,mqpl_4_64_2,25062704,256
348117560,mqpl_4_64_4,25259858,256
293501480,mqpl_4_64_4,25257070,256
289854300,mqpl_4_64_4,25270453,256
293568100,mqpl_4_64_4,25251295,256
298985840,mqpl_4_64_4,25254877,256
258419080,mqpl_4_64_8,25678212,256
252299840,mqpl_4_64_8,25605333,256
256607700,mqpl_4_64_8,25659310,256
258986680,mqpl_4_64_8,25645830,256
267998920,mqpl_4_64_8,25680954,256
241085320,mqpl_4_64_16,26186899,256
240541500,mqpl_4_64_16,26130756,256
241938080,mqpl_4_64_16,26195825,256
244000880,mqpl_4_64_16,26169064,256
237903380,mqpl_4_64_16,26132855,256
235909040,mqpl_4_64_32,26352896,256
234807680,mqpl_4_64_32,26348772,256
236967040,mqpl_4_64_32,26326798,256
234047120,mqpl_4_64_32,26344407,256
234367460,mqpl_4_64_32,26297824,256
235911040,mqpl_4_64_64,26281015,256
234386020,mqpl_4_64_64,26267183,256
247374740,mqpl_4_64_64,28133961,256
232808640,mqpl_4_64_64,26262892,256
258814560,mqpl_4_64_64,26279384,256
231613760,mqpl_4_64_128,26282310,256
234952340,mqpl_4_64_128,26284589,256
233364280,mqpl_4_64_128,26405616,256
232750300,mqpl_4_64_128,26275413,256
237114180,mqpl_4_64_128,26266888,256
238869980,mqpl_4_64_256,26315428,256
235122580,mqpl_4_64_256,26351220,256
237411800,mqpl_4_64_256,26307252,256
242293600,mqpl_4_64_256,26350192,256
233628400,mqpl_4_64_256,26356018,256
235858280,mqpl_4_64_512,26314433,256
235445220,mqpl_4_64_512,26287296,256
231324060,mqpl_4_64_512,26301749,256
233738020,mqpl_4_64_512,26326787,256
235141460,mqpl_4_64_512,26344349,256
236248560,mqpl_4_64_1024,26308642,256
233521960,mqpl_4_64_1024,26544465,256
239115060,mqpl_4_64_1024,26301503,256
239132160,mqpl_4_64_1024,26305014,256
237734640,mqpl_4_64_1024,26343727,256
599334340,mqpl_4_128_1,24941674,256
610865460,mqpl_4_128_1,24969733,256
593913220,mqpl_4_128_1,24959139,256
616777160,mqpl_4_128_1,24961560,256
613678920,mqpl_4_128_1,24937283,256
377185920,mqpl_4_128_2,25015561,256
397735260,mqpl_4_128_2,25043079,256
441435060,mqpl_4_128_2,25071462,256
460518720,mqpl_4_128_2,25081357,256
450768980,mqpl_4_128_2,25054704,256
301612660,mqpl_4_128_4,25249737,256
323585140,mqpl_4_128_4,25297371,256
301381240,mqpl_4_128_4,25282395,256
317890920,mqpl_4_128_4,25264122,256
319833020,mqpl_4_128_4,25269764,256
259069220,mqpl_4_128_8,25691450,256
253903080,mqpl_4_128_8,25684513,256
262190780,mqpl_4_128_8,25652360,256
251511800,mqpl_4_128_8,25616124,256
254173860,mqpl_4_128_8,25656758,256
261789560,mqpl_4_128_16,26194295,256
243518340,mqpl_4_128_16,26164669,256
244528700,mqpl_4_128_16,26127000,256
242422620,mqpl_4_128_16,26117212,256
238954520,mqpl_4_128_16,26148269,256
233691120,mqpl_4_128_32,26356915,256
235638000,mqpl_4_128_32,26340312,256
232824880,mqpl_4_128_32,26353949,256
235907220,mqpl_4_128_32,26344302,256
232240160,mqpl_4_128_32,26414861,256
237836820,mqpl_4_128_64,26280308,256
238636760,mqpl_4_128_64,26315472,256
254971120,mqpl_4_128_64,26367000,256
248233620,mqpl_4_128_64,28234956,256
234411720,mqpl_4_128_64,26283403,256
232043740,mqpl_4_128_128,26286071,256
235495120,mqpl_4_128_128,26278565,256
240554900,mqpl_4_128_128,26272954,256
234016080,mqpl_4_128_128,26288788,256
231986160,mqpl_4_128_128,26338467,256
276273660,mqpl_4_128_256,26304583,256
234167300,mqpl_4_128_256,26346004,256
241004260,mqpl_4_128_256,26343800,256
231387420,mqpl_4_128_256,26299943,256
262057760,mqpl_4_128_256,26328192,256
237843920,mqpl_4_128_512,26309817,256
234635580,mqpl_4_128_512,26310153,256
233920160,mqpl_4_128_512,26315606,256
253320360,mqpl_4_128_512,26347189,256
231157720,mqpl_4_128_512,26279851,256
255528600,mqpl_4_128_1024,26369467,256
230233380,mqpl_4_128_1024,26306993,256
235942920,mqpl_4_128_1024,26247612,256
232644140,mqpl_4_128_1024,26320890,256
234266700,mqpl_4_128_1024,26260915,256
618259220,mqpl_4_256_1,24964485,256
653341080,mqpl_4_256_1,25001064,256
684579300,mqpl_4_256_1,24986413,256
609187000,mqpl_4_256_1,24951475,256
652635720,mqpl_4_256_1,25000090,256
407111000,mqpl_4_256_2,25044530,256
436162460,mqpl_4_256_2,25057932,256
495498100,mqpl_4_256_2,25123167,256
435765860,mqpl_4_256_2,25052232,256
444111760,mqpl_4_256_2,25064914,256
291944780,mqpl_4_256_4,25248031,256
302118080,mqpl_4_256_4,25236059,256
294046500,mqpl_4_256_4,25270262,256
300040540,mqpl_4_256_4,25264029,256
308180900,mqpl_4_256_4,25262414,256
262080120,mqpl_4_256_8,25623991,256
263672840,mqpl_4_256_8,25628854,256
261210320,mqpl_4_256_8,25652824,256
257657160,mqpl_4_256_8,25661141,256
255712080,mqpl_4_256_8,25659330,256
241746700,mqpl_4_256_16,26101746,256
239242060,mqpl_4_256_16,26112576,256
243083480,mqpl_4_256_16,26156607,256
239137720,mqpl_4_256_16,26138445,256
248361740,mqpl_4_256_16,26144070,256
234361760,mqpl_4_256_32,26346824,256
239803380,mqpl_4_256_32,26360106,256
237980980,mqpl_4_256_32,26354949,256
242783380,mqpl_4_256_32,26361624,256
235939680,mqpl_4_256_32,26328274,256
237207220,mqpl_4_256_64,26298149,256
231287240,mqpl_4_256_64,26241045,256
231430220,mqpl_4_256_64,26275791,256
234101080,mqpl_4_256_64,26312096,256
233111440,mqpl_4_256_64,26297659,256
232719940,mqpl_4_256_128,26331763,256
230548100,mqpl_4_256_128,26299902,256
231922440,mqpl_4_256_128,26296970,256
242920160,mqpl_4_256_128,26317407,256
234063520,mqpl_4_256_128,26496408,256
327955340,mqpl_4_256_256,26297635,256
261732800,mqpl_4_256_256,26308585,256
235870660,mqpl_4_256_256,26332432,256
234009600,mqpl_4_256_256,26302066,256
234797660,mqpl_4_256_256,26309878,256
250377120,mqpl_4_256_512,28152103,256
233677460,mqpl_4_256_512,26294668,256
231341560,mqpl_4_256_512,26342110,256
240524100,mqpl_4_256_512,26286584,256
242269580,mqpl_4_256_512,26310564,256
260075080,mqpl_4_256_1024,26272790,256
231399480,mqpl_4_256_1024,26268880,256
230214060,mqpl_4_256_1024,26277413,256
233498420,mqpl_4_256_1024,26269046,256
231394900,mqpl_4_256_1024,26274491,256
609947300,mqpl_4_512_1,24949277,256
626246460,mqpl_4_512_1,24969215,256
597848520,mqpl_4_512_1,24941217,256
623927800,mqpl_4_512_1,24966084,256
628938140,mqpl_4_512_1,24980587,256
428382720,mqpl_4_512_2,25036246,256
433445660,mqpl_4_512_2,25052906,256
423980000,mqpl_4_512_2,25059585,256
456737200,mqpl_4_512_2,25067132,256
455870980,mqpl_4_512_2,25072471,256
320196600,mqpl_4_512_4,25252241,256
308725880,mqpl_4_512_4,25271623,256
292147360,mqpl_4_512_4,25255123,256
334410800,mqpl_4_512_4,25268749,256
304304780,mqpl_4_512_4,25333205,256
256241820,mqpl_4_512_8,25597714,256
252854460,mqpl_4_512_8,25645901,256
254822220,mqpl_4_512_8,25660361,256
252377920,mqpl_4_512_8,25632319,256
252695040,mqpl_4_512_8,25635586,256
239541220,mqpl_4_512_16,26164059,256
236704160,mqpl_4_512_16,26129071,256
243051240,mqpl_4_512_16,26115592,256
238581120,mqpl_4_512_16,26118441,256
238477900,mqpl_4_512_16,26153529,256
235431700,mqpl_4_512_32,26333040,256
237617560,mqpl_4_512_32,26351547,256
235049060,mqpl_4_512_32,26331849,256
232218800,mqpl_4_512_32,26322245,256
233796120,mqpl_4_512_32,26322920,256
233674800,mqpl_4_512_64,26289249,256
241064800,mqpl_4_512_64,26326374,256
230991840,mqpl_4_512_64,26292923,256
233703080,mqpl_4_512_64,26274543,256
250659840,mqpl_4_512_64,26285889,256
241305560,mqpl_4_512_128,26301934,256
237279540,mqpl_4_512_128,26273145,256
231773000,mqpl_4_512_128,26289138,256
231753520,mqpl_4_512_128,26317250,256
235789480,mqpl_4_512_128,26275125,256
229485580,mqpl_4_512_256,26322800,256
240725720,mqpl_4_512_256,26313467,256
252490420,mqpl_4_512_256,26309146,256
258921160,mqpl_4_512_256,26293840,256
237917120,mqpl_4_512_256,26323971,256
253201120,mqpl_4_512_512,26323145,256
234413780,mqpl_4_512_512,26339341,256
233719080,mqpl_4_512_512,26313978,256
233613820,mqpl_4_512_512,26326275,256
238087260,mqpl_4_512_512,26322742,256
241306140,mqpl_4_512_1024,26305292,256
233237900,mqpl_4_512_1024,26324785,256
238027760,mqpl_4_512_1024,26327847,256
229411440,mqpl_4_512_1024,26291796,256
288415540,mqpl_4_512_1024,26329951,256
600502340,mqpl_4_1024_1,24933751,256
656569060,mqpl_4_1024_1,25001102,256
634970580,mqpl_4_1024_1,24984820,256
647461440,mqpl_4_1024_1,24985213,256
665332540,mqpl_4_1024_1,24995305,256
398550500,mqpl_4_1024_2,25045146,256
458328260,mqpl_4_1024_2,25100932,256
436088180,mqpl_4_1024_2,25051091,256
405374600,mqpl_4_1024_2,25029348,256
406708160,mqpl_4_1024_2,25043521,256
288902320,mqpl_4_1024_4,25267907,256
355366780,mqpl_4_1024_4,25300150,256
299621600,mqpl_4_1024_4,25248945,256
300897220,mqpl_4_1024_4,25252407,256
292728180,mqpl_4_1024_4,25255069,256
252379800,mqpl_4_1024_8,25661778,256
261011320,mqpl_4_1024_8,25661655,256
261930020,mqpl_4_1024_8,25639888,256
267272640,mqpl_4_1024_8,25663690,256
253106380,mqpl_4_1024_8,25660899,256
246992720,mqpl_4_1024_16,26318831,256
235825460,mqpl_4_1024_16,26100105,256
238828840,mqpl_4_1024_16,26131698,256
242940680,mqpl_4_1024_16,26142319,256
241185480,mqpl_4_1024_16,26158487,256
235247400,mqpl_4_1024_32,26347798,256
233504060,mqpl_4_1024_32,26368658,256
232680300,mqpl_4_1024_32,26332939,256
235081600,mqpl_4_1024_32,26367083,256
239091980,mqpl_4_1024_32,26349186,256
234265020,mqpl_4_1024_64,26287919,256
234558540,mqpl_4_1024_64,26306518,256
231499980,mqpl_4_1024_64,26308350,256
252394480,mqpl_4_1024_64,26319942,256
244786660,mqpl_4_1024_64,26276057,256
233139360,mqpl_4_1024_128,26313228,256
232293840,mqpl_4_1024_128,26311975,256
234670360,mqpl_4_1024_128,26287969,256
235828780,mqpl_4_1024_128,26269333,256
237307040,mqpl_4_1024_128,26277942,256
243945240,mqpl_4_1024_256,26340162,256
233584200,mqpl_4_1024_256,26328532,256
233462960,mqpl_4_1024_256,26308148,256
237014280,mqpl_4_1024_256,26331940,256
229303260,mqpl_4_1024_256,26299670,256
232578060,mqpl_4_1024_512,26277597,256
311277660,mqpl_4_1024_512,26240829,256
236860580,mqpl_4_1024_512,26320983,256
231744880,mqpl_4_1024_512,26265247,256
232672860,mqpl_4_1024_512,26262447,256
234474820,mqpl_4_1024_1024,26313583,256
236742120,mqpl_4_1024_1024,26276000,256
244071600,mqpl_4_1024_1024,26425991,256
234523540,mqpl_4_1024_1024,26290545,256
258301880,mqpl_4_1024_1024,26276488,256
