669821560,mqpl_4_1_1,34890957,256,10
658553200,mqpl_4_1_1,35014352,256,10
669869720,mqpl_4_1_1,34933528,256,10
606374440,mqpl_4_1_1,34996758,256,10
622707340,mqpl_4_1_1,34875198,256,10
588706580,mqpl_4_1_2,42774049,256,10
573566160,mqpl_4_1_2,42882316,256,10
580923360,mqpl_4_1_2,42810418,256,10
605829640,mqpl_4_1_2,42903495,256,10
568811500,mqpl_4_1_2,42805961,256,10
671885140,mqpl_4_1_4,58915696,256,10
672541200,mqpl_4_1_4,58731913,256,10
691308380,mqpl_4_1_4,58504808,256,10
689582420,mqpl_4_1_4,58646743,256,10
737026680,mqpl_4_1_4,58480118,256,10
929982180,mqpl_4_1_8,88027154,256,10
937690340,mqpl_4_1_8,88484702,256,10
931853620,mqpl_4_1_8,88267702,256,10
928425960,mqpl_4_1_8,88571297,256,10
934940200,mqpl_4_1_8,88299223,256,10
1432366640,mqpl_4_1_16,141937488,256,10
1441705900,mqpl_4_1_16,142289793,256,10
1419294520,mqpl_4_1_16,141328924,256,10
1431758640,mqpl_4_1_16,142401386,256,10
1427032440,mqpl_4_1_16,141884790,256,10
2359338240,mqpl_4_1_32,238118082,256,10
2383795020,mqpl_4_1_32,240266952,256,10
2337012620,mqpl_4_1_32,238503498,256,10
2392387840,mqpl_4_1_32,238202672,256,10
2346565420,mqpl_4_1_32,238912443,256,10
3912675940,mqpl_4_1_64,407933131,256,10
3970735500,mqpl_4_1_64,410995752,256,10
3933151700,mqpl_4_1_64,411323162,256,10
3974290540,mqpl_4_1_64,413162711,256,10
3965541280,mqpl_4_1_64,410095442,256,10
6658187760,mqpl_4_1_128,714090543,256,10
6686987740,mqpl_4_1_128,707656768,256,10
6532364660,mqpl_4_1_128,703520343,256,10
6576214140,mqpl_4_1_128,704929820,256,10
6596377740,mqpl_4_1_128,697942378,256,10
10954245860,mqpl_4_1_256,1165101920,256,10
10830772280,mqpl_4_1_256,1158874926,256,10
10736564860,mqpl_4_1_256,1154098911,256,10
10779641720,mqpl_4_1_256,1152133098,256,10
10793981100,mqpl_4_1_256,1151193583,256,10
17113791140,mqpl_4_1_512,1807812086,256,10
17098765980,mqpl_4_1_512,1804957177,256,10
17086857720,mqpl_4_1_512,1806387051,256,10
16918996720,mqpl_4_1_512,1792464773,256,10
17168743560,mqpl_4_1_512,1812680062,256,10
25256464880,mqpl_4_1_1024,2604857474,256,10
24791884860,mqpl_4_1_1024,2558819967,256,10
24791871420,mqpl_4_1_1024,2558936596,256,10
25105407540,mqpl_4_1_1024,2586762416,256,10
24794455740,mqpl_4_1_1024,2558823138,256,10
674006540,mqpl_4_2_1,36360401,256,10
702263520,mqpl_4_2_1,36555560,256,10
728491400,mqpl_4_2_1,36556204,256,10
663740140,mqpl_4_2_1,36478607,256,10
716333280,mqpl_4_2_1,36423177,256,10
591928300,mqpl_4_2_2,44048642,256,10
637919860,mqpl_4_2_2,44182076,256,10
581810280,mqpl_4_2_2,44170857,256,10
585855780,mqpl_4_2_2,44015159,256,10
600258840,mqpl_4_2_2,44081314,256,10
644223620,mqpl_4_2_4,59120319,256,10
640736780,mqpl_4_2_4,59238826,256,10
643223700,mqpl_4_2_4,59222136,256,10
656798840,mqpl_4_2_4,59022141,256,10
655928400,mqpl_4_2_4,59188163,256,10
840331180,mqpl_4_2_8,86429993,256,10
837587920,mqpl_4_2_8,86648027,256,10
839385300,mqpl_4_2_8,86375879,256,10
842969200,mqpl_4_2_8,86151228,256,10
834263500,mqpl_4_2_8,86250221,256,10
1218279880,mqpl_4_2_16,133898241,256,10
1232692700,mqpl_4_2_16,133835395,256,10
1223669640,mqpl_4_2_16,134617438,256,10
1210337460,mqpl_4_2_16,134051832,256,10
1215590240,mqpl_4_2_16,133993862,256,10
1926287720,mqpl_4_2_32,220298406,256,10
1950611380,mqpl_4_2_32,222529657,256,10
1951298700,mqpl_4_2_32,221092506,256,10
1941571660,mqpl_4_2_32,221854060,256,10
1931562040,mqpl_4_2_32,220393501,256,10
3256468260,mqpl_4_2_64,381192390,256,10
3252898980,mqpl_4_2_64,379681717,256,10
3265555060,mqpl_4_2_64,382037962,256,10
3221708420,mqpl_4_2_64,377789923,256,10
3229897320,mqpl_4_2_64,379415286,256,10
5458509600,mqpl_4_2_128,656735109,256,10
5449639480,mqpl_4_2_128,655492482,256,10
5437096280,mqpl_4_2_128,652508567,256,10
5433316700,mqpl_4_2_128,652273677,256,10
5456501740,mqpl_4_2_128,651017228,256,10
9076195200,mqpl_4_2_256,1077886762,256,10
8976127100,mqpl_4_2_256,1071464951,256,10
9041626520,mqpl_4_2_256,1081272697,256,10
9003569100,mqpl_4_2_256,1077878108,256,10
9040199420,mqpl_4_2_256,1084071560,256,10
14320063140,mqpl_4_2_512,1690747545,256,10
14140391140,mqpl_4_2_512,1669288303,256,10
14139225880,mqpl_4_2_512,1671102245,256,10
14364722620,mqpl_4_2_512,1693434691,256,10
14318421840,mqpl_4_2_512,1688371979,256,10
20905518440,mqpl_4_2_1024,2392006522,256,10
20674753260,mqpl_4_2_1024,2368785028,256,10
20842184280,mqpl_4_2_1024,2385662286,256,10
20646198760,mqpl_4_2_1024,2361670002,256,10
20911874480,mqpl_4_2_1024,2391123147,256,10
737332360,mqpl_4_4_1,36991792,256,10
783311580,mqpl_4_4_1,36922144,256,10
762875940,mqpl_4_4_1,37078024,256,10
738628320,mqpl_4_4_1,36923624,256,10
744689460,mqpl_4_4_1,36901422,256,10
595175720,mqpl_4_4_2,44441151,256,10
636723760,mqpl_4_4_2,44413200,256,10
612908080,mqpl_4_4_2,44369883,256,10
663909120,mqpl_4_4_2,44082461,256,10
669312600,mqpl_4_4_2,44291124,256,10
641183420,mqpl_4_4_4,59297317,256,10
628087540,mqpl_4_4_4,59351383,256,10
628616140,mqpl_4_4_4,59138561,256,10
653339620,mqpl_4_4_4,59286813,256,10
626123560,mqpl_4_4_4,59314022,256,10
809742700,mqpl_4_4_8,85789419,256,10
796292440,mqpl_4_4_8,86271495,256,10
788924760,mqpl_4_4_8,85970875,256,10
787291500,mqpl_4_4_8,85474345,256,10
794671020,mqpl_4_4_8,86091443,256,10
1109363660,mqpl_4_4_16,130372407,256,10
1108374400,mqpl_4_4_16,130057942,256,10
1104758140,mqpl_4_4_16,129932450,256,10
1110760400,mqpl_4_4_16,129443231,256,10
1109093500,mqpl_4_4_16,129924437,256,10
1682155040,mqpl_4_4_32,207948131,256,10
1680983580,mqpl_4_4_32,206941140,256,10
1728342960,mqpl_4_4_32,210559554,256,10
1685947500,mqpl_4_4_32,207387606,256,10
1689570780,mqpl_4_4_32,207765412,256,10
2775456480,mqpl_4_4_64,352836045,256,10
2738234400,mqpl_4_4_64,349399097,256,10
2747356940,mqpl_4_4_64,351606630,256,10
2826229560,mqpl_4_4_64,348229266,256,10
2740865480,mqpl_4_4_64,349999012,256,10
4556494780,mqpl_4_4_128,595839172,256,10
4592669240,mqpl_4_4_128,599328093,256,10
4586703880,mqpl_4_4_128,602268130,256,10
4583779640,mqpl_4_4_128,600494902,256,10
4584234360,mqpl_4_4_128,598080537,256,10
7677748340,mqpl_4_4_256,1000684878,256,10
7636671040,mqpl_4_4_256,994235498,256,10
7669283060,mqpl_4_4_256,998667718,256,10
7630046280,mqpl_4_4_256,994856324,256,10
7654259300,mqpl_4_4_256,998796562,256,10
12233698700,mqpl_4_4_512,1573361628,256,10
12189459960,mqpl_4_4_512,1569118667,256,10
11973943960,mqpl_4_4_512,1539908847,256,10
11981942920,mqpl_4_4_512,1540437058,256,10
12212870660,mqpl_4_4_512,1569759730,256,10
17421232060,mqpl_4_4_1024,2171703736,256,10
17895059940,mqpl_4_4_1024,2220250772,256,10
17544962280,mqpl_4_4_1024,2187563261,256,10
17488338520,mqpl_4_4_1024,2181533702,256,10
17546959840,mqpl_4_4_1024,2180112326,256,10
803833720,mqpl_4_8_1,36940543,256,10
877135520,mqpl_4_8_1,37245415,256,10
783630580,mqpl_4_8_1,36895163,256,10
908130680,mqpl_4_8_1,37262213,256,10
781308760,mqpl_4_8_1,37038284,256,10
606773080,mqpl_4_8_2,43777787,256,10
677096400,mqpl_4_8_2,43869415,256,10
683828060,mqpl_4_8_2,43887509,256,10
688665340,mqpl_4_8_2,44038077,256,10
632151320,mqpl_4_8_2,44098906,256,10
620081080,mqpl_4_8_4,58909277,256,10
624459080,mqpl_4_8_4,58827663,256,10
634036800,mqpl_4_8_4,59123439,256,10
626368000,mqpl_4_8_4,59036581,256,10
619094840,mqpl_4_8_4,58779794,256,10
814380720,mqpl_4_8_8,85693952,256,10
775559840,mqpl_4_8_8,85819851,256,10
789055720,mqpl_4_8_8,85800842,256,10
779063700,mqpl_4_8_8,85935535,256,10
775331340,mqpl_4_8_8,85919081,256,10
1050084900,mqpl_4_8_16,128292015,256,10
1058783000,mqpl_4_8_16,128699743,256,10
1053802480,mqpl_4_8_16,128261540,256,10
1064301000,mqpl_4_8_16,128863056,256,10
1064708320,mqpl_4_8_16,129619820,256,10
1541829660,mqpl_4_8_32,199787293,256,10
1548653240,mqpl_4_8_32,199774824,256,10
1554185680,mqpl_4_8_32,200197877,256,10
1539521200,mqpl_4_8_32,199576660,256,10
1543018340,mqpl_4_8_32,199331913,256,10
2416365960,mqpl_4_8_64,327400831,256,10
2449563220,mqpl_4_8_64,327739744,256,10
2413189300,mqpl_4_8_64,327220915,256,10
2417151960,mqpl_4_8_64,326481715,256,10
2407992900,mqpl_4_8_64,326060967,256,10
3937837480,mqpl_4_8_128,550087506,256,10
3980867020,mqpl_4_8_128,555614946,256,10
3952145240,mqpl_4_8_128,551756478,256,10
3952566660,mqpl_4_8_128,551585694,256,10
3918448500,mqpl_4_8_128,547617941,256,10
6577641700,mqpl_4_8_256,916440978,256,10
6564770020,mqpl_4_8_256,915215266,256,10
6583691620,mqpl_4_8_256,915996503,256,10
6530132760,mqpl_4_8_256,910201005,256,10
6564293780,mqpl_4_8_256,914878652,256,10
10304432720,mqpl_4_8_512,1411949560,256,10
10376552800,mqpl_4_8_512,1422998093,256,10
10233425420,mqpl_4_8_512,1405361734,256,10
10522428900,mqpl_4_8_512,1441387173,256,10
10289219820,mqpl_4_8_512,1411907585,256,10
14928490300,mqpl_4_8_1024,1988830148,256,10
14434392200,mqpl_4_8_1024,1933073729,256,10
14657392060,mqpl_4_8_1024,1958661317,256,10
14621603340,mqpl_4_8_1024,1954105635,256,10
14740749860,mqpl_4_8_1024,1968994616,256,10
869011020,mqpl_4_16_1,37109439,256,10
805792060,mqpl_4_16_1,36926102,256,10
844894600,mqpl_4_16_1,36930931,256,10
839017840,mqpl_4_16_1,36973973,256,10
819066340,mqpl_4_16_1,37015373,256,10
656996240,mqpl_4_16_2,43916670,256,10
690555660,mqpl_4_16_2,43752090,256,10
755049680,mqpl_4_16_2,43745754,256,10
650010180,mqpl_4_16_2,43701081,256,10
613320180,mqpl_4_16_2,43927325,256,10
635181000,mqpl_4_16_4,58284233,256,10
624422420,mqpl_4_16_4,58748189,256,10
684469000,mqpl_4_16_4,58254626,256,10
629180340,mqpl_4_16_4,58406873,256,10
630943880,mqpl_4_16_4,58568146,256,10
771634260,mqpl_4_16_8,85625502,256,10
768282140,mqpl_4_16_8,85449814,256,10
766874020,mqpl_4_16_8,85362899,256,10
766709240,mqpl_4_16_8,85202115,256,10
765165640,mqpl_4_16_8,85254602,256,10
1042572440,mqpl_4_16_16,128914370,256,10
1036847120,mqpl_4_16_16,127902338,256,10
1041566820,mqpl_4_16_16,127874685,256,10
1039242500,mqpl_4_16_16,127894850,256,10
1045406720,mqpl_4_16_16,128950648,256,10
1474516780,mqpl_4_16_32,195086863,256,10
1494933240,mqpl_4_16_32,196299006,256,10
1482499180,mqpl_4_16_32,196061835,256,10
1484676680,mqpl_4_16_32,196591234,256,10
1490087880,mqpl_4_16_32,197091025,256,10
2234219220,mqpl_4_16_64,312608637,256,10
2233224700,mqpl_4_16_64,313248805,256,10
2236817700,mqpl_4_16_64,313494263,256,10
2243159200,mqpl_4_16_64,313414108,256,10
2248721240,mqpl_4_16_64,310201644,256,10
3527773860,mqpl_4_16_128,511660185,256,10
3529788920,mqpl_4_16_128,514306214,256,10
3507390860,mqpl_4_16_128,509399752,256,10
3543516260,mqpl_4_16_128,515522178,256,10
3490069580,mqpl_4_16_128,506325151,256,10
5643184800,mqpl_4_16_256,826361727,256,10
5626426740,mqpl_4_16_256,823572308,256,10
5681758120,mqpl_4_16_256,830371757,256,10
5634248660,mqpl_4_16_256,824489687,256,10
5619700400,mqpl_4_16_256,822602508,256,10
8888508200,mqpl_4_16_512,1280134191,256,10
8817291600,mqpl_4_16_512,1270829290,256,10
8839079680,mqpl_4_16_512,1272071344,256,10
8902288560,mqpl_4_16_512,1280835605,256,10
8788312300,mqpl_4_16_512,1264916084,256,10
12288303960,mqpl_4_16_1024,1733919252,256,10
12337285840,mqpl_4_16_1024,1742566528,256,10
12360132600,mqpl_4_16_1024,1745586091,256,10
12149592640,mqpl_4_16_1024,1718859915,256,10
12137727040,mqpl_4_16_1024,1716880186,256,10
913245440,mqpl_4_32_1,37116930,256,10
901182180,mqpl_4_32_1,37010201,256,10
866670660,mqpl_4_32_1,36643053,256,10
825133680,mqpl_4_32_1,36847273,256,10
849346520,mqpl_4_32_1,36822066,256,10
631648960,mqpl_4_32_2,43252297,256,10
618058300,mqpl_4_32_2,43371884,256,10
684321720,mqpl_4_32_2,43192973,256,10
669636900,mqpl_4_32_2,43400712,256,10
682002520,mqpl_4_32_2,43351722,256,10
613755640,mqpl_4_32_4,57977404,256,10
688912480,mqpl_4_32_4,57767250,256,10
617026980,mqpl_4_32_4,58015114,256,10
618025620,mqpl_4_32_4,57931499,256,10
648271700,mqpl_4_32_4,57859057,256,10
758773360,mqpl_4_32_8,84717572,256,10
765914560,mqpl_4_32_8,84808206,256,10
775744860,mqpl_4_32_8,85502269,256,10
760296400,mqpl_4_32_8,84923479,256,10
764967020,mqpl_4_32_8,84758175,256,10
1031560860,mqpl_4_32_16,128338877,256,10
1037269680,mqpl_4_32_16,128034195,256,10
1034563640,mqpl_4_32_16,128023166,256,10
1043256460,mqpl_4_32_16,128657177,256,10
1039471920,mqpl_4_32_16,128724386,256,10
1448069540,mqpl_4_32_32,193309898,256,10
1443510880,mqpl_4_32_32,193210776,256,10
1460015600,mqpl_4_32_32,194772770,256,10
1466864500,mqpl_4_32_32,195098112,256,10
1458653360,mqpl_4_32_32,194683372,256,10
2139238180,mqpl_4_32_64,302953690,256,10
2137242040,mqpl_4_32_64,302385065,256,10
2132823320,mqpl_4_32_64,302426225,256,10
2145738240,mqpl_4_32_64,304765961,256,10
2119622080,mqpl_4_32_64,301771816,256,10
3265212740,mqpl_4_32_128,485155219,256,10
3223091880,mqpl_4_32_128,480153184,256,10
3238144780,mqpl_4_32_128,482130452,256,10
3223433140,mqpl_4_32_128,479845756,256,10
3248385280,mqpl_4_32_128,482600168,256,10
5047406000,mqpl_4_32_256,764578118,256,10
4981986200,mqpl_4_32_256,757081828,256,10
5038249960,mqpl_4_32_256,764687034,256,10
4972829840,mqpl_4_32_256,754654561,256,10
5014714520,mqpl_4_32_256,760323543,256,10
7810373620,mqpl_4_32_512,1167417678,256,10
7896413540,mqpl_4_32_512,1176560519,256,10
7666763140,mqpl_4_32_512,1146008063,256,10
7721877360,mqpl_4_32_512,1151480619,256,10
7674000600,mqpl_4_32_512,1146473985,256,10
10340273740,mqpl_4_32_1024,1525794647,256,10
10248253160,mqpl_4_32_1024,1509720470,256,10
10480349180,mqpl_4_32_1024,1539294971,256,10
10625309680,mqpl_4_32_1024,1562101867,256,10
10389345600,mqpl_4_32_1024,1531071586,256,10
825809180,mqpl_4_64_1,36534068,256,10
810204480,mqpl_4_64_1,36790538,256,10
883233360,mqpl_4_64_1,36919359,256,10
832715200,mqpl_4_64_1,36828862,256,10
892257920,mqpl_4_64_1,36863680,256,10
648796660,mqpl_4_64_2,42853438,256,10
689254280,mqpl_4_64_2,42860915,256,10
685732120,mqpl_4_64_2,43283509,256,10
631963260,mqpl_4_64_2,43063011,256,10
699470220,mqpl_4_64_2,43125134,256,10
627954960,mqpl_4_64_4,57455290,256,10
623124980,mqpl_4_64_4,57655420,256,10
619958240,mqpl_4_64_4,58033146,256,10
628149380,mqpl_4_64_4,57632556,256,10
624263820,mqpl_4_64_4,57476803,256,10
756991620,mqpl_4_64_8,84888448,256,10
774761320,mqpl_4_64_8,84622515,256,10
769431080,mqpl_4_64_8,84831629,256,10
760769480,mqpl_4_64_8,84274522,256,10
764258340,mqpl_4_64_8,84927047,256,10
1029702920,mqpl_4_64_16,127991481,256,10
1031744460,mqpl_4_64_16,128418739,256,10
1028017860,mqpl_4_64_16,127215755,256,10
1029270420,mqpl_4_64_16,127353885,256,10
1029824000,mqpl_4_64_16,127914495,256,10
1431953000,mqpl_4_64_32,192443052,256,10
1454049420,mqpl_4_64_32,193126640,256,10
1427569100,mqpl_4_64_32,191784772,256,10
1440625640,mqpl_4_64_32,193383937,256,10
1442340400,mqpl_4_64_32,193279305,256,10
2081574640,mqpl_4_64_64,298433284,256,10
2066179840,mqpl_4_64_64,296273067,256,10
2066648260,mqpl_4_64_64,295764030,256,10
2075493820,mqpl_4_64_64,297815991,256,10
2067313140,mqpl_4_64_64,296228254,256,10
3116508800,mqpl_4_64_128,466423295,256,10
3110714500,mqpl_4_64_128,465664601,256,10
3115851300,mqpl_4_64_128,466886248,256,10
3100284020,mqpl_4_64_128,464535412,256,10
3113304080,mqpl_4_64_128,465787578,256,10
4640644840,mqpl_4_64_256,717697930,256,10
4571980580,mqpl_4_64_256,707295338,256,10
4638002520,mqpl_4_64_256,716840826,256,10
4598820360,mqpl_4_64_256,712528014,256,10
4680412900,mqpl_4_64_256,722116243,256,10
6892268560,mqpl_4_64_512,1057177929,256,10
6998192760,mqpl_4_64_512,1071702192,256,10
6911249700,mqpl_4_64_512,1061174118,256,10
6963286180,mqpl_4_64_512,1067472896,256,10
6971853640,mqpl_4_64_512,1070279700,256,10
9280091180,mqpl_4_64_1024,1404266595,256,10
9070603080,mqpl_4_64_1024,1374323349,256,10
9145291260,mqpl_4_64_1024,1382506359,256,10
9191283220,mqpl_4_64_1024,1389158818,256,10
9016004380,mqpl_4_64_1024,1366000828,256,10
913259580,mqpl_4_128_1,36961019,256,10
865795220,mqpl_4_128_1,36696644,256,10
912910480,mqpl_4_128_1,37065128,256,10
974464580,mqpl_4_128_1,37325537,256,10
780901020,mqpl_4_128_1,36707881,256,10
665281880,mqpl_4_128_2,43241055,256,10
610270780,mqpl_4_128_2,42705167,256,10
616820080,mqpl_4_128_2,43164666,256,10
697820200,mqpl_4_128_2,43006302,256,10
662915080,mqpl_4_128_2,43127589,256,10
626725420,mqpl_4_128_4,57226408,256,10
623874540,mqpl_4_128_4,57356647,256,10
620234280,mqpl_4_128_4,57759546,256,10
620057220,mqpl_4_128_4,57872856,256,10
616525540,mqpl_4_128_4,57763355,256,10
762852540,mqpl_4_128_8,84340511,256,10
757217700,mqpl_4_128_8,84683218,256,10
758002980,mqpl_4_128_8,84152619,256,10
757952840,mqpl_4_128_8,84050667,256,10
753438420,mqpl_4_128_8,84137983,256,10
1026604620,mqpl_4_128_16,127645745,256,10
1020593860,mqpl_4_128_16,127269168,256,10
1029192680,mqpl_4_128_16,127028002,256,10
1028148140,mqpl_4_128_16,127841521,256,10
1018485860,mqpl_4_128_16,127607447,256,10
1437146980,mqpl_4_128_32,192157421,256,10
1442414380,mqpl_4_128_32,192374270,256,10
1443399820,mqpl_4_128_32,192879288,256,10
1445219720,mqpl_4_128_32,192464760,256,10
1436365620,mqpl_4_128_32,191948451,256,10
2057588340,mqpl_4_128_64,295514962,256,10
2049672100,mqpl_4_128_64,294340271,256,10
2069195740,mqpl_4_128_64,296551414,256,10
2053994640,mqpl_4_128_64,295089811,256,10
2051979240,mqpl_4_128_64,293021052,256,10
3038905660,mqpl_4_128_128,459846053,256,10
3020321500,mqpl_4_128_128,449578419,256,10
3009265580,mqpl_4_128_128,454007752,256,10
3008167340,mqpl_4_128_128,451837678,256,10
3001823020,mqpl_4_128_128,454173624,256,10
4356185080,mqpl_4_128_256,675447022,256,10
4431164380,mqpl_4_128_256,687642719,256,10
4398598560,mqpl_4_128_256,681600859,256,10
4427646680,mqpl_4_128_256,686873827,256,10
4396109260,mqpl_4_128_256,681426324,256,10
6384656880,mqpl_4_128_512,992547255,256,10
6407785200,mqpl_4_128_512,996679261,256,10
6347909420,mqpl_4_128_512,987526902,256,10
6407619100,mqpl_4_128_512,995750882,256,10
6382321060,mqpl_4_128_512,993147143,256,10
8363959420,mqpl_4_128_1024,1288905567,256,10
8255121840,mqpl_4_128_1024,1273464458,256,10
8342064880,mqpl_4_128_1024,1286075998,256,10
8329888660,mqpl_4_128_1024,1284322117,256,10
8296086960,mqpl_4_128_1024,1281384809,256,10
885188460,mqpl_4_256_1,37138623,256,10
804505140,mqpl_4_256_1,36668127,256,10
896817240,mqpl_4_256_1,36901049,256,10
890758000,mqpl_4_256_1,36912208,256,10
878988700,mqpl_4_256_1,36905988,256,10
678906220,mqpl_4_256_2,43083928,256,10
712384600,mqpl_4_256_2,42962032,256,10
646969280,mqpl_4_256_2,43099771,256,10
730594620,mqpl_4_256_2,43143879,256,10
628012720,mqpl_4_256_2,42918977,256,10
616829840,mqpl_4_256_4,57628052,256,10
636337860,mqpl_4_256_4,57897412,256,10
621289920,mqpl_4_256_4,57218913,256,10
635513100,mqpl_4_256_4,56720562,256,10
623675380,mqpl_4_256_4,56937081,256,10
757096880,mqpl_4_256_8,84378464,256,10
756944640,mqpl_4_256_8,84435709,256,10
757776020,mqpl_4_256_8,84427439,256,10
765534260,mqpl_4_256_8,84435015,256,10
755859820,mqpl_4_256_8,83960213,256,10
1018853680,mqpl_4_256_16,127561649,256,10
1028664920,mqpl_4_256_16,127693853,256,10
1033790260,mqpl_4_256_16,127047691,256,10
1020681700,mqpl_4_256_16,127458363,256,10
1029933520,mqpl_4_256_16,127439211,256,10
1437354560,mqpl_4_256_32,192151311,256,10
1449182480,mqpl_4_256_32,194698250,256,10
1424631120,mqpl_4_256_32,191115254,256,10
1430980500,mqpl_4_256_32,192703127,256,10
1437234600,mqpl_4_256_32,193187081,256,10
2020434940,mqpl_4_256_64,290707296,256,10
2028085080,mqpl_4_256_64,292922993,256,10
2039402160,mqpl_4_256_64,292758235,256,10
2034269440,mqpl_4_256_64,293698254,256,10
2024704840,mqpl_4_256_64,291254822,256,10
3009390940,mqpl_4_256_128,454656341,256,10
2954110140,mqpl_4_256_128,447483381,256,10
2947126980,mqpl_4_256_128,445093455,256,10
2951296200,mqpl_4_256_128,445187013,256,10
2975191060,mqpl_4_256_128,449923466,256,10
4259139660,mqpl_4_256_256,665256923,256,10
4289480320,mqpl_4_256_256,672245417,256,10
4226388720,mqpl_4_256_256,661438193,256,10
4248678160,mqpl_4_256_256,665431233,256,10
4250035720,mqpl_4_256_256,663503652,256,10
6074540960,mqpl_4_256_512,949834541,256,10
6068675680,mqpl_4_256_512,953047108,256,10
6021433680,mqpl_4_256_512,946888193,256,10
6010346240,mqpl_4_256_512,942667244,256,10
6038622980,mqpl_4_256_512,949680460,256,10
7716655680,mqpl_4_256_1024,1200410725,256,10
7748666900,mqpl_4_256_1024,1204728465,256,10
7777771880,mqpl_4_256_1024,1208900799,256,10
7733105460,mqpl_4_256_1024,1202087937,256,10
7772450920,mqpl_4_256_1024,1205931388,256,10
904508080,mqpl_4_512_1,37038676,256,10
853545360,mqpl_4_512_1,36734690,256,10
903432400,mqpl_4_512_1,36916012,256,10
870784920,mqpl_4_512_1,36945775,256,10
863383080,mqpl_4_512_1,36807146,256,10
622285720,mqpl_4_512_2,43122200,256,10
684636960,mqpl_4_512_2,42802957,256,10
661764600,mqpl_4_512_2,43411523,256,10
649169940,mqpl_4_512_2,43212113,256,10
623915400,mqpl_4_512_2,43267360,256,10
629326320,mqpl_4_512_4,57326969,256,10
618864160,mqpl_4_512_4,57401184,256,10
620513880,mqpl_4_512_4,57647044,256,10
656409900,mqpl_4_512_4,56738217,256,10
615222820,mqpl_4_512_4,57303439,256,10
764465540,mqpl_4_512_8,84142542,256,10
762484940,mqpl_4_512_8,84719987,256,10
765443680,mqpl_4_512_8,84836295,256,10
756874360,mqpl_4_512_8,84595339,256,10
757786220,mqpl_4_512_8,84230047,256,10
1035027400,mqpl_4_512_16,128131053,256,10
1041130660,mqpl_4_512_16,127580311,256,10
1027686960,mqpl_4_512_16,127337891,256,10
1026168060,mqpl_4_512_16,127156064,256,10
1029444740,mqpl_4_512_16,127040119,256,10
1431098100,mqpl_4_512_32,192451229,256,10
1434260580,mqpl_4_512_32,192261480,256,10
1418677140,mqpl_4_512_32,190763606,256,10
1433425460,mqpl_4_512_32,192879111,256,10
1435182640,mqpl_4_512_32,191641085,256,10
2029940160,mqpl_4_512_64,291207692,256,10
2036108380,mqpl_4_512_64,292326723,256,10
2016790240,mqpl_4_512_64,290232166,256,10
2040382840,mqpl_4_512_64,292407135,256,10
2041980460,mqpl_4_512_64,293834381,256,10
2952144940,mqpl_4_512_128,446301895,256,10
2929260420,mqpl_4_512_128,441575977,256,10
2955105060,mqpl_4_512_128,447340999,256,10
2905736420,mqpl_4_512_128,440070379,256,10
2957263120,mqpl_4_512_128,447678505,256,10
4216405700,mqpl_4_512_256,658653764,256,10
4256198360,mqpl_4_512_256,665105285,256,10
4252872740,mqpl_4_512_256,663963049,256,10
4265783040,mqpl_4_512_256,664947857,256,10
4220308720,mqpl_4_512_256,657648408,256,10
5967190640,mqpl_4_512_512,939231109,256,10
5857766260,mqpl_4_512_512,921888517,256,10
5907121820,mqpl_4_512_512,930795062,256,10
5919266880,mqpl_4_512_512,933038317,256,10
5923827120,mqpl_4_512_512,931651499,256,10
7427914480,mqpl_4_512_1024,1153175984,256,10
7348943400,mqpl_4_512_1024,1139067613,256,10
7463903700,mqpl_4_512_1024,1158951368,256,10
7415711060,mqpl_4_512_1024,1149996544,256,10
7407165140,mqpl_4_512_1024,1148420517,256,10
812603720,mqpl_4_1024_1,36602224,256,10
886708800,mqpl_4_1024_1,37038015,256,10
843010760,mqpl_4_1024_1,36711095,256,10
892692860,mqpl_4_1024_1,36745535,256,10
882991460,mqpl_4_1024_1,37053518,256,10
785003160,mqpl_4_1024_2,43331340,256,10
734689320,mqpl_4_1024_2,43039596,256,10
639951360,mqpl_4_1024_2,42780640,256,10
647024160,mqpl_4_1024_2,42982910,256,10
651157980,mqpl_4_1024_2,43061876,256,10
620250280,mqpl_4_1024_4,57500027,256,10
630639100,mqpl_4_1024_4,57457506,256,10
625285260,mqpl_4_1024_4,57804656,256,10
626008160,mqpl_4_1024_4,57632351,256,10
639873680,mqpl_4_1024_4,57285063,256,10
761199840,mqpl_4_1024_8,84805140,256,10
759060160,mqpl_4_1024_8,84708043,256,10
779254760,mqpl_4_1024_8,84761525,256,10
755579860,mqpl_4_1024_8,83938959,256,10
759645300,mqpl_4_1024_8,84491545,256,10
1022564020,mqpl_4_1024_16,127502054,256,10
1022618540,mqpl_4_1024_16,127471056,256,10
1028002760,mqpl_4_1024_16,127909529,256,10
1020578460,mqpl_4_1024_16,127047715,256,10
1024704840,mqpl_4_1024_16,127769256,256,10
1411967180,mqpl_4_1024_32,190416988,256,10
1425552500,mqpl_4_1024_32,192078967,256,10
1424774160,mqpl_4_1024_32,191295728,256,10
1424458300,mqpl_4_1024_32,191271427,256,10
1430721420,mqpl_4_1024_32,192350463,256,10
2050138360,mqpl_4_1024_64,292697429,256,10
2035367660,mqpl_4_1024_64,291845748,256,10
2012191620,mqpl_4_1024_64,289341495,256,10
2015001980,mqpl_4_1024_64,289126337,256,10
2039428340,mqpl_4_1024_64,293165952,256,10
2925501280,mqpl_4_1024_128,443525969,256,10
2939051760,mqpl_4_1024_128,443670345,256,10
2919477760,mqpl_4_1024_128,441445536,256,10
2922065460,mqpl_4_1024_128,442212465,256,10
2903684400,mqpl_4_1024_128,440682769,256,10
4212332500,mqpl_4_1024_256,658014790,256,10
4218054200,mqpl_4_1024_256,659546293,256,10
4166308480,mqpl_4_1024_256,651562885,256,10
4198112900,mqpl_4_1024_256,654883930,256,10
4213374880,mqpl_4_1024_256,659554338,256,10
5867918340,mqpl_4_1024_512,914458789,256,10
6018395920,mqpl_4_1024_512,930424378,256,10
5889669740,mqpl_4_1024_512,916497282,256,10
5891257900,mqpl_4_1024_512,919138509,256,10
5937676040,mqpl_4_1024_512,925066881,256,10
7401229480,mqpl_4_1024_1024,1154109718,256,10
7234523160,mqpl_4_1024_1024,1124586849,256,10
7204556560,mqpl_4_1024_1024,1124223192,256,10
7282194200,mqpl_4_1024_1024,1135839631,256,10
7326209500,mqpl_4_1024_1024,1143328222,256,10
