238469780,mqpl_4_1_1,11544664,256,10
229532920,mqpl_4_1_1,11626165,256,10
228363580,mqpl_4_1_1,11568904,256,10
216603420,mqpl_4_1_1,11590510,256,10
218752820,mqpl_4_1_1,11490327,256,10
219366600,mqpl_4_1_2,15058650,256,10
224670720,mqpl_4_1_2,14972545,256,10
229109420,mqpl_4_1_2,15038120,256,10
226189940,mqpl_4_1_2,15034597,256,10
228857760,mqpl_4_1_2,15002022,256,10
257522700,mqpl_4_1_4,21145049,256,10
258600340,mqpl_4_1_4,21131914,256,10
262058980,mqpl_4_1_4,21242985,256,10
288923880,mqpl_4_1_4,21057406,256,10
256280860,mqpl_4_1_4,21075863,256,10
345691940,mqpl_4_1_8,31397087,256,10
353134940,mqpl_4_1_8,31789055,256,10
350409300,mqpl_4_1_8,31678168,256,10
343213700,mqpl_4_1_8,31326568,256,10
343018440,mqpl_4_1_8,31464899,256,10
520934720,mqpl_4_1_16,49867388,256,10
516330820,mqpl_4_1_16,49603863,256,10
515492160,mqpl_4_1_16,49544411,256,10
519262780,mqpl_4_1_16,49631465,256,10
527408700,mqpl_4_1_16,50247476,256,10
805507560,mqpl_4_1_32,79569944,256,10
805943580,mqpl_4_1_32,79558971,256,10
803754740,mqpl_4_1_32,80265857,256,10
816317560,mqpl_4_1_32,80049421,256,10
810434260,mqpl_4_1_32,80696749,256,10
1276530800,mqpl_4_1_64,129755217,256,10
1239020260,mqpl_4_1_64,128064278,256,10
1265837900,mqpl_4_1_64,129054523,256,10
1340162580,mqpl_4_1_64,130056730,256,10
1271005960,mqpl_4_1_64,129671335,256,10
1899434160,mqpl_4_1_128,198516973,256,10
1842603520,mqpl_4_1_128,195263778,256,10
1891709960,mqpl_4_1_128,195161417,256,10
1893009600,mqpl_4_1_128,196511313,256,10
1921148560,mqpl_4_1_128,201968467,256,10
2560579240,mqpl_4_1_256,273841381,256,10
2582613380,mqpl_4_1_256,279697404,256,10
2589973600,mqpl_4_1_256,277772843,256,10
2592542240,mqpl_4_1_256,275609874,256,10
2616977340,mqpl_4_1_256,276872751,256,10
3009190680,mqpl_4_1_512,324856071,256,10
3079103660,mqpl_4_1_512,329562498,256,10
3051690480,mqpl_4_1_512,323614554,256,10
3103475640,mqpl_4_1_512,331561974,256,10
3144218820,mqpl_4_1_512,333562634,256,10
3145055700,mqpl_4_1_1024,340453296,256,10
3236056080,mqpl_4_1_1024,342796800,256,10
3160189840,mqpl_4_1_1024,341114163,256,10
3250731380,mqpl_4_1_1024,344722821,256,10
3239573780,mqpl_4_1_1024,341014221,256,10
241544380,mqpl_4_2_1,12099903,256,10
235265500,mqpl_4_2_1,12055710,256,10
240964460,mqpl_4_2_1,12026297,256,10
256361840,mqpl_4_2_1,11945399,256,10
278397380,mqpl_4_2_1,11936208,256,10
239435900,mqpl_4_2_2,15202864,256,10
235091800,mqpl_4_2_2,15311615,256,10
238357380,mqpl_4_2_2,15232767,256,10
256466440,mqpl_4_2_2,15259374,256,10
222584820,mqpl_4_2_2,15382870,256,10
241123780,mqpl_4_2_4,20950750,256,10
240944800,mqpl_4_2_4,20919362,256,10
241795500,mqpl_4_2_4,20932033,256,10
241051840,mqpl_4_2_4,21024696,256,10
246365460,mqpl_4_2_4,21041157,256,10
303170980,mqpl_4_2_8,30429246,256,10
313989140,mqpl_4_2_8,30767398,256,10
308955720,mqpl_4_2_8,30707111,256,10
309983300,mqpl_4_2_8,30670471,256,10
312122820,mqpl_4_2_8,30390812,256,10
440647080,mqpl_4_2_16,46638692,256,10
447841800,mqpl_4_2_16,46320718,256,10
435975160,mqpl_4_2_16,46549589,256,10
438102760,mqpl_4_2_16,46370951,256,10
438103860,mqpl_4_2_16,46521842,256,10
664795960,mqpl_4_2_32,73627727,256,10
669880960,mqpl_4_2_32,73767355,256,10
665823440,mqpl_4_2_32,73554441,256,10
668471400,mqpl_4_2_32,73889292,256,10
660123640,mqpl_4_2_32,73038215,256,10
1023389800,mqpl_4_2_64,117556719,256,10
1031120940,mqpl_4_2_64,118063917,256,10
1032439440,mqpl_4_2_64,118481839,256,10
1032455480,mqpl_4_2_64,119167081,256,10
1025080020,mqpl_4_2_64,118181469,256,10
1520311200,mqpl_4_2_128,180056913,256,10
1528859680,mqpl_4_2_128,181035194,256,10
1509525540,mqpl_4_2_128,178360715,256,10
1483468740,mqpl_4_2_128,176992529,256,10
1517275540,mqpl_4_2_128,179223590,256,10
2116447320,mqpl_4_2_256,251679701,256,10
2071895700,mqpl_4_2_256,248803672,256,10
2037902800,mqpl_4_2_256,246595225,256,10
2112363460,mqpl_4_2_256,252920856,256,10
2092259560,mqpl_4_2_256,251775607,256,10
2396657220,mqpl_4_2_512,290737079,256,10
2454256660,mqpl_4_2_512,291839707,256,10
2393951020,mqpl_4_2_512,288375906,256,10
2457283060,mqpl_4_2_512,295433579,256,10
2487382880,mqpl_4_2_512,297898874,256,10
2506904000,mqpl_4_2_1024,300805485,256,10
2521621580,mqpl_4_2_1024,300469983,256,10
2509334000,mqpl_4_2_1024,300205361,256,10
2446067620,mqpl_4_2_1024,293233045,256,10
2417058600,mqpl_4_2_1024,290987723,256,10
272897440,mqpl_4_4_1,11958111,256,10
249058760,mqpl_4_4_1,12018923,256,10
295992340,mqpl_4_4_1,12017197,256,10
250071840,mqpl_4_4_1,11945327,256,10
279921340,mqpl_4_4_1,11973683,256,10
223046440,mqpl_4_4_2,15226935,256,10
239682380,mqpl_4_4_2,15056778,256,10
224065120,mqpl_4_4_2,15245870,256,10
252061240,mqpl_4_4_2,15201955,256,10
233133960,mqpl_4_4_2,15007328,256,10
237233260,mqpl_4_4_4,20832005,256,10
244603440,mqpl_4_4_4,20811208,256,10
234221160,mqpl_4_4_4,20829734,256,10
247481780,mqpl_4_4_4,20786118,256,10
237851700,mqpl_4_4_4,20806673,256,10
290461840,mqpl_4_4_8,30249187,256,10
291921880,mqpl_4_4_8,30348376,256,10
293733160,mqpl_4_4_8,30268805,256,10
298205020,mqpl_4_4_8,30224467,256,10
297692680,mqpl_4_4_8,30058343,256,10
402201620,mqpl_4_4_16,45178163,256,10
400301980,mqpl_4_4_16,44922278,256,10
399228260,mqpl_4_4_16,44550537,256,10
394957860,mqpl_4_4_16,44783560,256,10
400439360,mqpl_4_4_16,44987804,256,10
577919360,mqpl_4_4_32,68961994,256,10
576724880,mqpl_4_4_32,68198116,256,10
573281060,mqpl_4_4_32,68101215,256,10
571393920,mqpl_4_4_32,68520737,256,10
562039380,mqpl_4_4_32,67298089,256,10
839142860,mqpl_4_4_64,105401011,256,10
839020100,mqpl_4_4_64,104709870,256,10
843874300,mqpl_4_4_64,104833341,256,10
849640360,mqpl_4_4_64,106128920,256,10
864893740,mqpl_4_4_64,108019096,256,10
1237442420,mqpl_4_4_128,161193760,256,10
1246647540,mqpl_4_4_128,160979521,256,10
1251885980,mqpl_4_4_128,161851918,256,10
1245236460,mqpl_4_4_128,161055030,256,10
1253498880,mqpl_4_4_128,161684656,256,10
1688945560,mqpl_4_4_256,220924123,256,10
1672214200,mqpl_4_4_256,218582656,256,10
1698624080,mqpl_4_4_256,224372285,256,10
1713287100,mqpl_4_4_256,222031579,256,10
1682846040,mqpl_4_4_256,220330134,256,10
1944946900,mqpl_4_4_512,255552681,256,10
1865928500,mqpl_4_4_512,245298193,256,10
1889546360,mqpl_4_4_512,248979066,256,10
1973083460,mqpl_4_4_512,258318822,256,10
1946021500,mqpl_4_4_512,257523144,256,10
1912439280,mqpl_4_4_1024,252707107,256,10
1891201100,mqpl_4_4_1024,250535976,256,10
1916825740,mqpl_4_4_1024,252044666,256,10
1915086840,mqpl_4_4_1024,251553436,256,10
1994842900,mqpl_4_4_1024,263129562,256,10
271204200,mqpl_4_8_1,11820177,256,10
280321380,mqpl_4_8_1,11959899,256,10
297527500,mqpl_4_8_1,11901511,256,10
286632040,mqpl_4_8_1,11863072,256,10
274160000,mqpl_4_8_1,11816386,256,10
229852860,mqpl_4_8_2,15035007,256,10
246108940,mqpl_4_8_2,14893536,256,10
226736240,mqpl_4_8_2,15065212,256,10
254614740,mqpl_4_8_2,14915452,256,10
238700680,mqpl_4_8_2,15008413,256,10
240938220,mqpl_4_8_4,20651385,256,10
231920420,mqpl_4_8_4,20554105,256,10
237114440,mqpl_4_8_4,20697432,256,10
249443160,mqpl_4_8_4,20376160,256,10
233642220,mqpl_4_8_4,20545909,256,10
285709600,mqpl_4_8_8,30057232,256,10
286793720,mqpl_4_8_8,30173981,256,10
291420640,mqpl_4_8_8,30067246,256,10
283227940,mqpl_4_8_8,29700197,256,10
281651980,mqpl_4_8_8,29998280,256,10
385417820,mqpl_4_8_16,43979612,256,10
374797180,mqpl_4_8_16,43659993,256,10
375892820,mqpl_4_8_16,43861188,256,10
384146620,mqpl_4_8_16,44197226,256,10
378049420,mqpl_4_8_16,44342162,256,10
524133780,mqpl_4_8_32,65107985,256,10
533227740,mqpl_4_8_32,66209788,256,10
525701800,mqpl_4_8_32,65808897,256,10
518133160,mqpl_4_8_32,64139332,256,10
515946960,mqpl_4_8_32,64291478,256,10
741045580,mqpl_4_8_64,97814847,256,10
731518960,mqpl_4_8_64,96387815,256,10
731245340,mqpl_4_8_64,97058385,256,10
739793160,mqpl_4_8_64,97446528,256,10
748742540,mqpl_4_8_64,98462889,256,10
1050643460,mqpl_4_8_128,144023292,256,10
1085419640,mqpl_4_8_128,149368852,256,10
1048008780,mqpl_4_8_128,144550550,256,10
1067695400,mqpl_4_8_128,147292146,256,10
1054895320,mqpl_4_8_128,145047486,256,10
1395279300,mqpl_4_8_256,195409007,256,10
1423241960,mqpl_4_8_256,199485213,256,10
1414803660,mqpl_4_8_256,198353526,256,10
1426076400,mqpl_4_8_256,200637631,256,10
1394391800,mqpl_4_8_256,194879164,256,10
1573306980,mqpl_4_8_512,221376398,256,10
1522340100,mqpl_4_8_512,215165044,256,10
1578885740,mqpl_4_8_512,222518457,256,10
1525780520,mqpl_4_8_512,214261209,256,10
1606118480,mqpl_4_8_512,225458321,256,10
1605575100,mqpl_4_8_1024,226753997,256,10
1522578960,mqpl_4_8_1024,215147182,256,10
1544098740,mqpl_4_8_1024,216788307,256,10
1529986480,mqpl_4_8_1024,216297259,256,10
1600090700,mqpl_4_8_1024,224662224,256,10
297338700,mqpl_4_16_1,11804548,256,10
281720180,mqpl_4_16_1,11692374,256,10
273587800,mqpl_4_16_1,11733757,256,10
287799180,mqpl_4_16_1,11805292,256,10
302041700,mqpl_4_16_1,11733199,256,10
241286960,mqpl_4_16_2,14893333,256,10
251640000,mqpl_4_16_2,14687678,256,10
237148120,mqpl_4_16_2,14686761,256,10
239036140,mqpl_4_16_2,14715950,256,10
234856960,mqpl_4_16_2,14742513,256,10
239891700,mqpl_4_16_4,20497908,256,10
246929400,mqpl_4_16_4,20289545,256,10
253996580,mqpl_4_16_4,20307972,256,10
238028620,mqpl_4_16_4,20236704,256,10
237564540,mqpl_4_16_4,20151262,256,10
275666740,mqpl_4_16_8,29692538,256,10
285568780,mqpl_4_16_8,29782844,256,10
283082200,mqpl_4_16_8,30068539,256,10
278547740,mqpl_4_16_8,29815954,256,10
284691860,mqpl_4_16_8,29773029,256,10
372007940,mqpl_4_16_16,43942333,256,10
372305920,mqpl_4_16_16,43728864,256,10
371770300,mqpl_4_16_16,43537280,256,10
371532880,mqpl_4_16_16,43573330,256,10
372434960,mqpl_4_16_16,43468943,256,10
495548940,mqpl_4_16_32,63000982,256,10
517792000,mqpl_4_16_32,63424160,256,10
498815140,mqpl_4_16_32,63090308,256,10
529920960,mqpl_4_16_32,62664748,256,10
515981180,mqpl_4_16_32,63398291,256,10
675659820,mqpl_4_16_64,91982085,256,10
668960160,mqpl_4_16_64,90731991,256,10
681559980,mqpl_4_16_64,93012666,256,10
688169280,mqpl_4_16_64,94310410,256,10
687669980,mqpl_4_16_64,93984772,256,10
929260460,mqpl_4_16_128,131622100,256,10
934845060,mqpl_4_16_128,132295949,256,10
942832820,mqpl_4_16_128,134454982,256,10
934666560,mqpl_4_16_128,133265495,256,10
935128860,mqpl_4_16_128,132062099,256,10
1197939260,mqpl_4_16_256,174546645,256,10
1242280520,mqpl_4_16_256,181515477,256,10
1221158220,mqpl_4_16_256,179114439,256,10
1225337060,mqpl_4_16_256,178434000,256,10
1207932420,mqpl_4_16_256,176539384,256,10
1316664340,mqpl_4_16_512,194374197,256,10
1355676040,mqpl_4_16_512,200388211,256,10
1346661640,mqpl_4_16_512,198336247,256,10
1361584500,mqpl_4_16_512,200489898,256,10
1286167980,mqpl_4_16_512,189669505,256,10
1270360900,mqpl_4_16_1024,187628407,256,10
1333517500,mqpl_4_16_1024,197846739,256,10
1317227900,mqpl_4_16_1024,194598631,256,10
1295100460,mqpl_4_16_1024,191697537,256,10
1318179780,mqpl_4_16_1024,195188115,256,10
271325320,mqpl_4_32_1,11614713,256,10
285557300,mqpl_4_32_1,11589280,256,10
292744260,mqpl_4_32_1,11694707,256,10
264261140,mqpl_4_32_1,11552215,256,10
286316920,mqpl_4_32_1,11710822,256,10
228489020,mqpl_4_32_2,14460631,256,10
228243100,mqpl_4_32_2,14311751,256,10
235914580,mqpl_4_32_2,14478916,256,10
225830040,mqpl_4_32_2,14621924,256,10
221164720,mqpl_4_32_2,14429550,256,10
230677160,mqpl_4_32_4,20129596,256,10
245810640,mqpl_4_32_4,19923343,256,10
231321620,mqpl_4_32_4,19929874,256,10
232841680,mqpl_4_32_4,19985272,256,10
233818880,mqpl_4_32_4,20253215,256,10
279642360,mqpl_4_32_8,29686206,256,10
277904160,mqpl_4_32_8,29694561,256,10
276804480,mqpl_4_32_8,29381700,256,10
286453120,mqpl_4_32_8,29661219,256,10
277247700,mqpl_4_32_8,29126160,256,10
368583260,mqpl_4_32_16,43856382,256,10
362306580,mqpl_4_32_16,42794276,256,10
370245300,mqpl_4_32_16,43553156,256,10
364084580,mqpl_4_32_16,43024768,256,10
361526020,mqpl_4_32_16,42877559,256,10
538029320,mqpl_4_32_32,63005935,256,10
486247320,mqpl_4_32_32,62155878,256,10
537213260,mqpl_4_32_32,62879365,256,10
527384180,mqpl_4_32_32,62244554,256,10
495832900,mqpl_4_32_32,62331023,256,10
658960060,mqpl_4_32_64,90815832,256,10
659487480,mqpl_4_32_64,89717025,256,10
645503220,mqpl_4_32_64,89138941,256,10
652079360,mqpl_4_32_64,89208996,256,10
649784500,mqpl_4_32_64,88958578,256,10
863081920,mqpl_4_32_128,124581510,256,10
855234380,mqpl_4_32_128,124296926,256,10
875925300,mqpl_4_32_128,126711236,256,10
864534720,mqpl_4_32_128,126289842,256,10
865059160,mqpl_4_32_128,125010910,256,10
1071221720,mqpl_4_32_256,161110639,256,10
1076149440,mqpl_4_32_256,161336514,256,10
1067426660,mqpl_4_32_256,159670798,256,10
1062389480,mqpl_4_32_256,159573563,256,10
1068220460,mqpl_4_32_256,160174495,256,10
1118330660,mqpl_4_32_512,168497901,256,10
1187728960,mqpl_4_32_512,179936808,256,10
1166115160,mqpl_4_32_512,176238504,256,10
1178859260,mqpl_4_32_512,177678713,256,10
1139136000,mqpl_4_32_512,171197019,256,10
1133168660,mqpl_4_32_1024,171753017,256,10
1126127680,mqpl_4_32_1024,171074467,256,10
1140422140,mqpl_4_32_1024,171913688,256,10
1178948180,mqpl_4_32_1024,178593532,256,10
1167670320,mqpl_4_32_1024,177503841,256,10
324500760,mqpl_4_64_1,11753015,256,10
277968000,mqpl_4_64_1,11581029,256,10
295616720,mqpl_4_64_1,11715879,256,10
313469340,mqpl_4_64_1,11765307,256,10
270913100,mqpl_4_64_1,11636692,256,10
234585780,mqpl_4_64_2,14326377,256,10
252279160,mqpl_4_64_2,14289151,256,10
243764600,mqpl_4_64_2,14571168,256,10
231822180,mqpl_4_64_2,14472133,256,10
220080140,mqpl_4_64_2,14283635,256,10
228776740,mqpl_4_64_4,19844582,256,10
249220600,mqpl_4_64_4,19852164,256,10
230403300,mqpl_4_64_4,19835376,256,10
232042960,mqpl_4_64_4,19944934,256,10
227655700,mqpl_4_64_4,20140771,256,10
282617740,mqpl_4_64_8,29329656,256,10
302782300,mqpl_4_64_8,29202272,256,10
283348360,mqpl_4_64_8,29481675,256,10
314548380,mqpl_4_64_8,28972232,256,10
283208740,mqpl_4_64_8,29141361,256,10
362310280,mqpl_4_64_16,42950707,256,10
360310680,mqpl_4_64_16,43047790,256,10
366365380,mqpl_4_64_16,43430303,256,10
364987120,mqpl_4_64_16,43613105,256,10
363919520,mqpl_4_64_16,43303197,256,10
508632080,mqpl_4_64_32,62961650,256,10
479035800,mqpl_4_64_32,62138830,256,10
503024980,mqpl_4_64_32,62819840,256,10
479463180,mqpl_4_64_32,62060478,256,10
488257000,mqpl_4_64_32,62402900,256,10
636965780,mqpl_4_64_64,88830623,256,10
641050020,mqpl_4_64_64,88764327,256,10
639974940,mqpl_4_64_64,88098354,256,10
636513260,mqpl_4_64_64,88591136,256,10
640822260,mqpl_4_64_64,88701558,256,10
958896480,mqpl_4_64_128,121804252,256,10
827547000,mqpl_4_64_128,120964768,256,10
818628540,mqpl_4_64_128,119133147,256,10
880130720,mqpl_4_64_128,122683382,256,10
816976520,mqpl_4_64_128,119095525,256,10
1005103840,mqpl_4_64_256,152685929,256,10
994491120,mqpl_4_64_256,150581909,256,10
988612640,mqpl_4_64_256,149928509,256,10
986999260,mqpl_4_64_256,150186045,256,10
982191900,mqpl_4_64_256,149151111,256,10
1046485600,mqpl_4_64_512,160178486,256,10
1070903980,mqpl_4_64_512,162969708,256,10
1016518560,mqpl_4_64_512,155600012,256,10
998669280,mqpl_4_64_512,152137231,256,10
1050156320,mqpl_4_64_512,160688384,256,10
999161400,mqpl_4_64_1024,152714294,256,10
1001298140,mqpl_4_64_1024,152983993,256,10
1031165160,mqpl_4_64_1024,157192803,256,10
1035768700,mqpl_4_64_1024,158493418,256,10
1032090000,mqpl_4_64_1024,157641031,256,10
298640680,mqpl_4_128_1,11739243,256,10
266169220,mqpl_4_128_1,11602811,256,10
299765000,mqpl_4_128_1,11723234,256,10
274841820,mqpl_4_128_1,11494648,256,10
276704260,mqpl_4_128_1,11693781,256,10
223395540,mqpl_4_128_2,14438821,256,10
241729800,mqpl_4_128_2,14223812,256,10
230522980,mqpl_4_128_2,14376166,256,10
246233940,mqpl_4_128_2,14371680,256,10
248901780,mqpl_4_128_2,14401718,256,10
232444380,mqpl_4_128_4,20149608,256,10
232295720,mqpl_4_128_4,20091653,256,10
231792600,mqpl_4_128_4,20058054,256,10
233015200,mqpl_4_128_4,19806151,256,10
244249140,mqpl_4_128_4,19835603,256,10
275930980,mqpl_4_128_8,29175242,256,10
278802900,mqpl_4_128_8,29247626,256,10
282524000,mqpl_4_128_8,29300784,256,10
286418260,mqpl_4_128_8,29346773,256,10
279045600,mqpl_4_128_8,29434585,256,10
362435960,mqpl_4_128_16,42619899,256,10
371800280,mqpl_4_128_16,43941289,256,10
366150280,mqpl_4_128_16,43465474,256,10
363901880,mqpl_4_128_16,43261978,256,10
365290060,mqpl_4_128_16,43278114,256,10
525760260,mqpl_4_128_32,62079308,256,10
476767800,mqpl_4_128_32,61385032,256,10
526423580,mqpl_4_128_32,60971351,256,10
499401940,mqpl_4_128_32,61413513,256,10
479448160,mqpl_4_128_32,61509498,256,10
641831220,mqpl_4_128_64,88737991,256,10
630749360,mqpl_4_128_64,87929256,256,10
638735340,mqpl_4_128_64,88356202,256,10
628428800,mqpl_4_128_64,87231499,256,10
630869580,mqpl_4_128_64,87425397,256,10
825863260,mqpl_4_128_128,120731939,256,10
810352580,mqpl_4_128_128,118566506,256,10
821408300,mqpl_4_128_128,120551699,256,10
811263940,mqpl_4_128_128,118226752,256,10
809451900,mqpl_4_128_128,119116521,256,10
956305840,mqpl_4_128_256,144169325,256,10
988017940,mqpl_4_128_256,149068678,256,10
990682620,mqpl_4_128_256,149697255,256,10
974695680,mqpl_4_128_256,148123116,256,10
1025384160,mqpl_4_128_256,153053959,256,10
1034697120,mqpl_4_128_512,158769172,256,10
1017924880,mqpl_4_128_512,155611823,256,10
984854720,mqpl_4_128_512,150447345,256,10
1008571760,mqpl_4_128_512,155438784,256,10
970669720,mqpl_4_128_512,148937402,256,10
960769560,mqpl_4_128_1024,147338007,256,10
987539280,mqpl_4_128_1024,152389145,256,10
953579860,mqpl_4_128_1024,145747284,256,10
930859860,mqpl_4_128_1024,142145410,256,10
958682800,mqpl_4_128_1024,147001234,256,10
273215860,mqpl_4_256_1,11672504,256,10
301479740,mqpl_4_256_1,11738249,256,10
289349040,mqpl_4_256_1,11651204,256,10
325676780,mqpl_4_256_1,11835126,256,10
263027820,mqpl_4_256_1,11589101,256,10
242195760,mqpl_4_256_2,14292691,256,10
261244320,mqpl_4_256_2,14390069,256,10
238087560,mqpl_4_256_2,14295459,256,10
235294820,mqpl_4_256_2,14363113,256,10
228317760,mqpl_4_256_2,14368814,256,10
238573120,mqpl_4_256_4,19778592,256,10
234220200,mqpl_4_256_4,19837030,256,10
230347140,mqpl_4_256_4,20037259,256,10
230960820,mqpl_4_256_4,19683084,256,10
236185840,mqpl_4_256_4,19741135,256,10
276932540,mqpl_4_256_8,29326511,256,10
279867680,mqpl_4_256_8,29134877,256,10
275523740,mqpl_4_256_8,29300315,256,10
278925040,mqpl_4_256_8,29230582,256,10
275199680,mqpl_4_256_8,29036055,256,10
365308060,mqpl_4_256_16,43531003,256,10
366399380,mqpl_4_256_16,43411909,256,10
357428000,mqpl_4_256_16,43136118,256,10
365478540,mqpl_4_256_16,43313260,256,10
361738860,mqpl_4_256_16,43326337,256,10
535354780,mqpl_4_256_32,62515792,256,10
478560500,mqpl_4_256_32,61818273,256,10
477573380,mqpl_4_256_32,61679926,256,10
526418640,mqpl_4_256_32,61731286,256,10
476283320,mqpl_4_256_32,61483763,256,10
628083420,mqpl_4_256_64,87319823,256,10
630116300,mqpl_4_256_64,87086453,256,10
638333140,mqpl_4_256_64,86573569,256,10
621639820,mqpl_4_256_64,86499883,256,10
625465940,mqpl_4_256_64,86776771,256,10
799381460,mqpl_4_256_128,117511618,256,10
812584440,mqpl_4_256_128,119401640,256,10
808902660,mqpl_4_256_128,119223867,256,10
806273380,mqpl_4_256_128,119267723,256,10
799793480,mqpl_4_256_128,117110783,256,10
926271120,mqpl_4_256_256,141163968,256,10
936902280,mqpl_4_256_256,142618678,256,10
965328760,mqpl_4_256_256,147840562,256,10
964686760,mqpl_4_256_256,147212624,256,10
947164400,mqpl_4_256_256,144948086,256,10
967014000,mqpl_4_256_512,149081143,256,10
985823820,mqpl_4_256_512,151476606,256,10
955915000,mqpl_4_256_512,146909789,256,10
968048540,mqpl_4_256_512,149138858,256,10
935145180,mqpl_4_256_512,142767584,256,10
911085720,mqpl_4_256_1024,139126571,256,10
965390460,mqpl_4_256_1024,147627263,256,10
905892980,mqpl_4_256_1024,138728557,256,10
916431340,mqpl_4_256_1024,140377343,256,10
903808180,mqpl_4_256_1024,139136237,256,10
288593260,mqpl_4_512_1,11553868,256,10
305762540,mqpl_4_512_1,11722889,256,10
293362160,mqpl_4_512_1,11657932,256,10
285056480,mqpl_4_512_1,11654334,256,10
278826740,mqpl_4_512_1,11623968,256,10
231656140,mqpl_4_512_2,14236316,256,10
245784800,mqpl_4_512_2,14351485,256,10
231168500,mqpl_4_512_2,14356064,256,10
250032640,mqpl_4_512_2,14563352,256,10
225255160,mqpl_4_512_2,14528521,256,10
228013580,mqpl_4_512_4,19988158,256,10
232377240,mqpl_4_512_4,19894653,256,10
233673520,mqpl_4_512_4,19725423,256,10
248133420,mqpl_4_512_4,19739208,256,10
233097300,mqpl_4_512_4,20039764,256,10
282209900,mqpl_4_512_8,29528981,256,10
276142520,mqpl_4_512_8,29032416,256,10
278869780,mqpl_4_512_8,29104650,256,10
281264380,mqpl_4_512_8,29364852,256,10
282909160,mqpl_4_512_8,29331179,256,10
359550720,mqpl_4_512_16,43096533,256,10
359192960,mqpl_4_512_16,42954885,256,10
363444200,mqpl_4_512_16,43044908,256,10
364239180,mqpl_4_512_16,43175916,256,10
361849800,mqpl_4_512_16,43107898,256,10
527020180,mqpl_4_512_32,62660794,256,10
501214380,mqpl_4_512_32,60870710,256,10
474820820,mqpl_4_512_32,61030234,256,10
529529200,mqpl_4_512_32,61296808,256,10
569211680,mqpl_4_512_32,61561998,256,10
638936520,mqpl_4_512_64,88971959,256,10
640453980,mqpl_4_512_64,89254176,256,10
635000120,mqpl_4_512_64,88294622,256,10
628636480,mqpl_4_512_64,87608681,256,10
632859320,mqpl_4_512_64,88042885,256,10
775300220,mqpl_4_512_128,113881403,256,10
809322180,mqpl_4_512_128,119054569,256,10
803294460,mqpl_4_512_128,116963530,256,10
790534200,mqpl_4_512_128,116342326,256,10
800708300,mqpl_4_512_128,117659196,256,10
925451760,mqpl_4_512_256,140648595,256,10
945825180,mqpl_4_512_256,144229137,256,10
963675540,mqpl_4_512_256,146514338,256,10
925613880,mqpl_4_512_256,140965989,256,10
956739860,mqpl_4_512_256,144974098,256,10
915870580,mqpl_4_512_512,140589268,256,10
939032500,mqpl_4_512_512,143338433,256,10
972185160,mqpl_4_512_512,149254942,256,10
940075160,mqpl_4_512_512,144738370,256,10
984384340,mqpl_4_512_512,151676541,256,10
932804400,mqpl_4_512_1024,142781523,256,10
891156800,mqpl_4_512_1024,135937204,256,10
910205000,mqpl_4_512_1024,138720488,256,10
904380340,mqpl_4_512_1024,136877152,256,10
915590860,mqpl_4_512_1024,139308257,256,10
280964560,mqpl_4_1024_1,11516621,256,10
287047060,mqpl_4_1024_1,11555245,256,10
294080040,mqpl_4_1024_1,11583026,256,10
264994440,mqpl_4_1024_1,11615836,256,10
289424560,mqpl_4_1024_1,11569559,256,10
241509600,mqpl_4_1024_2,14288114,256,10
235783900,mqpl_4_1024_2,14244856,256,10
230312680,mqpl_4_1024_2,14411264,256,10
227303960,mqpl_4_1024_2,14355239,256,10
248443680,mqpl_4_1024_2,14509684,256,10
228597500,mqpl_4_1024_4,19822881,256,10
233087840,mqpl_4_1024_4,20107069,256,10
224247580,mqpl_4_1024_4,19719093,256,10
231334980,mqpl_4_1024_4,20004354,256,10
229754240,mqpl_4_1024_4,19801399,256,10
276383040,mqpl_4_1024_8,29300966,256,10
276198600,mqpl_4_1024_8,29104263,256,10
273373160,mqpl_4_1024_8,29290173,256,10
278008400,mqpl_4_1024_8,29441242,256,10
278497020,mqpl_4_1024_8,29131015,256,10
364930800,mqpl_4_1024_16,43185774,256,10
367421120,mqpl_4_1024_16,43638763,256,10
364798260,mqpl_4_1024_16,43499257,256,10
364252680,mqpl_4_1024_16,42838025,256,10
359935300,mqpl_4_1024_16,42769764,256,10
526008160,mqpl_4_1024_32,61415783,256,10
573663000,mqpl_4_1024_32,61281086,256,10
501188160,mqpl_4_1024_32,62221595,256,10
503208160,mqpl_4_1024_32,61602247,256,10
485018280,mqpl_4_1024_32,62110604,256,10
623264980,mqpl_4_1024_64,86660355,256,10
620503720,mqpl_4_1024_64,86591842,256,10
631381940,mqpl_4_1024_64,86928059,256,10
633675620,mqpl_4_1024_64,88031452,256,10
630052060,mqpl_4_1024_64,87741811,256,10
799430380,mqpl_4_1024_128,117940863,256,10
795977280,mqpl_4_1024_128,116936433,256,10
795902740,mqpl_4_1024_128,116228909,256,10
799559580,mqpl_4_1024_128,116132885,256,10
790085560,mqpl_4_1024_128,115914562,256,10
954694100,mqpl_4_1024_256,145462109,256,10
954957140,mqpl_4_1024_256,145192690,256,10
916148180,mqpl_4_1024_256,138855650,256,10
928376300,mqpl_4_1024_256,141284314,256,10
957036300,mqpl_4_1024_256,142675527,256,10
964544180,mqpl_4_1024_512,144422515,256,10
935755300,mqpl_4_1024_512,142907916,256,10
957399220,mqpl_4_1024_512,147587046,256,10
951573220,mqpl_4_1024_512,144596048,256,10
923431760,mqpl_4_1024_512,141368762,256,10
895724220,mqpl_4_1024_1024,137003516,256,10
882354020,mqpl_4_1024_1024,134882316,256,10
909337480,mqpl_4_1024_1024,139409700,256,10
865443100,mqpl_4_1024_1024,131828376,256,10
879507940,mqpl_4_1024_1024,134659525,256,10
