8096611942,slsmqhm_8_2,7717262,1,14
8102876466,slsmqhm_8_2,7717262,1,14
8134460440,slsmqhm_8_2,7717262,1,14
8090729694,slsmqhm_8_2,7717262,1,14
8150280310,slsmqhm_8_2,7717262,1,14
8151663540,slsmqhm_8_2,7717262,1,14
8073051074,slsmqhm_8_2,7717262,1,14
8104328302,slsmqhm_8_2,7717262,1,14
8082537266,slsmqhm_8_2,7717262,1,14
8098089116,slsmqhm_8_2,7717262,1,14
5016313416,slsmqhm_8_2,7727148,2,14
4995657864,slsmqhm_8_2,7727310,2,14
5003136444,slsmqhm_8_2,7727862,2,14
4997129440,slsmqhm_8_2,7726121,2,14
4993381988,slsmqhm_8_2,7726283,2,14
4998450928,slsmqhm_8_2,7727311,2,14
5000531006,slsmqhm_8_2,7727427,2,14
4997873372,slsmqhm_8_2,7725397,2,14
5016579178,slsmqhm_8_2,7726271,2,14
4989828050,slsmqhm_8_2,7726264,2,14
2613266770,slsmqhm_8_2,7755414,4,14
2643439456,slsmqhm_8_2,7755907,4,14
2684214648,slsmqhm_8_2,7756497,4,14
2628982984,slsmqhm_8_2,7755122,4,14
2655776450,slsmqhm_8_2,7755066,4,14
2657889656,slsmqhm_8_2,7758483,4,14
2637584422,slsmqhm_8_2,7756750,4,14
2696404326,slsmqhm_8_2,7755917,4,14
2686742300,slsmqhm_8_2,7756269,4,14
2622927728,slsmqhm_8_2,7757306,4,14
1505532660,slsmqhm_8_2,7814264,8,14
1504097426,slsmqhm_8_2,7811966,8,14
1472598234,slsmqhm_8_2,7814226,8,14
1458762194,slsmqhm_8_2,7810904,8,14
1463071688,slsmqhm_8_2,7812395,8,14
1500205478,slsmqhm_8_2,7816949,8,14
1485189704,slsmqhm_8_2,7812233,8,14
1511975614,slsmqhm_8_2,7813887,8,14
1459413624,slsmqhm_8_2,7816000,8,14
1432028638,slsmqhm_8_2,7813514,8,14
856647166,slsmqhm_8_2,7955392,16,14
845310816,slsmqhm_8_2,7957018,16,14
858093062,slsmqhm_8_2,7955039,16,14
835821716,slsmqhm_8_2,7949110,16,14
873587760,slsmqhm_8_2,7951285,16,14
855618450,slsmqhm_8_2,7945369,16,14
840118844,slsmqhm_8_2,7947207,16,14
838480912,slsmqhm_8_2,7952352,16,14
832456056,slsmqhm_8_2,7947434,16,14
861184244,slsmqhm_8_2,7954196,16,14
626349358,slsmqhm_8_2,8316077,32,14
633925370,slsmqhm_8_2,8323246,32,14
628978860,slsmqhm_8_2,8316530,32,14
633855582,slsmqhm_8_2,8316943,32,14
623119338,slsmqhm_8_2,8310048,32,14
623038640,slsmqhm_8_2,8314334,32,14
623135032,slsmqhm_8_2,8316581,32,14
624959290,slsmqhm_8_2,8314030,32,14
625805912,slsmqhm_8_2,8320402,32,14
625454978,slsmqhm_8_2,8311684,32,14
404261992,slsmqhm_8_2,9026127,64,14
400572038,slsmqhm_8_2,9043992,64,14
393229988,slsmqhm_8_2,9016354,64,14
403772774,slsmqhm_8_2,9036941,64,14
403555906,slsmqhm_8_2,9029502,64,14
399726380,slsmqhm_8_2,9013692,64,14
401112722,slsmqhm_8_2,9024099,64,14
405159888,slsmqhm_8_2,9015288,64,14
400599492,slsmqhm_8_2,9009360,64,14
406683838,slsmqhm_8_2,9044782,64,14
281924150,slsmqhm_8_2,10424951,128,14
282620886,slsmqhm_8_2,10456741,128,14
282228346,slsmqhm_8_2,10406609,128,14
278640636,slsmqhm_8_2,10443198,128,14
279298102,slsmqhm_8_2,10425699,128,14
282750718,slsmqhm_8_2,10466261,128,14
279209970,slsmqhm_8_2,10425167,128,14
281133680,slsmqhm_8_2,10428709,128,14
280920550,slsmqhm_8_2,10421517,128,14
281186922,slsmqhm_8_2,10444535,128,14
