65182025480,slsmqhm_16_8,50542646,1,0
64577130648,slsmqhm_16_8,50542646,1,0
64399258978,slsmqhm_16_8,50542646,1,0
64716713540,slsmqhm_16_8,50542646,1,0
64419583694,slsmqhm_16_8,50542646,1,0
64159622958,slsmqhm_16_8,50542646,1,0
64244314010,slsmqhm_16_8,50542646,1,0
63846181676,slsmqhm_16_8,50542646,1,0
64884000460,slsmqhm_16_8,50542646,1,0
64750451820,slsmqhm_16_8,50542646,1,0
34004367146,slsmqhm_16_8,50611382,2,0
34225716294,slsmqhm_16_8,50609494,2,0
34566669126,slsmqhm_16_8,50626064,2,0
34326320628,slsmqhm_16_8,50631849,2,0
34278182938,slsmqhm_16_8,50609432,2,0
35170191258,slsmqhm_16_8,50655700,2,0
33945644022,slsmqhm_16_8,50601513,2,0
34521015708,slsmqhm_16_8,50632328,2,0
34214008676,slsmqhm_16_8,50619593,2,0
34838556020,slsmqhm_16_8,50645445,2,0
17807575336,slsmqhm_16_8,50800608,4,0
17783839160,slsmqhm_16_8,50754908,4,0
17773383608,slsmqhm_16_8,50749891,4,0
17990543858,slsmqhm_16_8,50787524,4,0
17784065520,slsmqhm_16_8,50737100,4,0
17877349928,slsmqhm_16_8,50744733,4,0
18098088586,slsmqhm_16_8,50796136,4,0
18090935254,slsmqhm_16_8,50779022,4,0
17781226222,slsmqhm_16_8,50736251,4,0
17961863250,slsmqhm_16_8,50727811,4,0
9513006764,slsmqhm_16_8,50947349,8,0
9326554702,slsmqhm_16_8,50874746,8,0
9452921418,slsmqhm_16_8,50933821,8,0
9458410792,slsmqhm_16_8,50885641,8,0
9371523330,slsmqhm_16_8,50915135,8,0
9487152112,slsmqhm_16_8,50916270,8,0
9463926468,slsmqhm_16_8,50921873,8,0
9500663856,slsmqhm_16_8,50939428,8,0
9406674784,slsmqhm_16_8,50920243,8,0
9532060036,slsmqhm_16_8,50993625,8,0
5367479118,slsmqhm_16_8,51074374,16,0
5329684114,slsmqhm_16_8,51136437,16,0
5350751450,slsmqhm_16_8,51054038,16,0
5362191646,slsmqhm_16_8,51055434,16,0
5337062338,slsmqhm_16_8,51116121,16,0
5324224618,slsmqhm_16_8,51049665,16,0
5342725002,slsmqhm_16_8,51035551,16,0
5363622108,slsmqhm_16_8,51100171,16,0
5320460622,slsmqhm_16_8,51061331,16,0
5324605556,slsmqhm_16_8,50980873,16,0
3731266952,slsmqhm_16_8,51932083,32,0
3403845542,slsmqhm_16_8,51145260,32,0
3438270170,slsmqhm_16_8,51323867,32,0
3401052066,slsmqhm_16_8,51289120,32,0
3430887030,slsmqhm_16_8,51214674,32,0
3575306778,slsmqhm_16_8,51488661,32,0
3554982444,slsmqhm_16_8,51572661,32,0
3519417662,slsmqhm_16_8,51495797,32,0
3354627472,slsmqhm_16_8,51150159,32,0
3399372372,slsmqhm_16_8,51306252,32,0
2103155662,slsmqhm_16_8,51560507,64,0
2145817162,slsmqhm_16_8,51706981,64,0
2207894734,slsmqhm_16_8,51671798,64,0
2112432052,slsmqhm_16_8,51465292,64,0
2103245810,slsmqhm_16_8,51644619,64,0
2112089902,slsmqhm_16_8,51607892,64,0
2119461928,slsmqhm_16_8,51624293,64,0
2077248666,slsmqhm_16_8,51429203,64,0
2147147596,slsmqhm_16_8,51938617,64,0
2092353400,slsmqhm_16_8,51401719,64,0
1494107792,slsmqhm_16_8,51880160,128,0
1421282464,slsmqhm_16_8,52050793,128,0
1385634996,slsmqhm_16_8,51727947,128,0
1374750380,slsmqhm_16_8,51566448,128,0
1702412880,slsmqhm_16_8,51834720,128,0
1410529534,slsmqhm_16_8,51778243,128,0
1387518916,slsmqhm_16_8,51833740,128,0
1426994638,slsmqhm_16_8,52073885,128,0
1402091914,slsmqhm_16_8,51773520,128,0
1420629296,slsmqhm_16_8,51755871,128,0
