4279556596,slsmqhm_16_2,6262104,1,0
4296209144,slsmqhm_16_2,6262104,1,0
4306938152,slsmqhm_16_2,6262104,1,0
4288337376,slsmqhm_16_2,6262104,1,0
4299653612,slsmqhm_16_2,6262104,1,0
4289105992,slsmqhm_16_2,6262104,1,0
4293840560,slsmqhm_16_2,6262104,1,0
4299078558,slsmqhm_16_2,6262104,1,0
4285162062,slsmqhm_16_2,6262104,1,0
4283302918,slsmqhm_16_2,6262104,1,0
2415874610,slsmqhm_16_2,6264824,2,0
2421173444,slsmqhm_16_2,6264844,2,0
2407795934,slsmqhm_16_2,6264884,2,0
2418628734,slsmqhm_16_2,6265042,2,0
2417505150,slsmqhm_16_2,6265168,2,0
2410277242,slsmqhm_16_2,6264776,2,0
2413459934,slsmqhm_16_2,6264694,2,0
2438362862,slsmqhm_16_2,6264871,2,0
2434376142,slsmqhm_16_2,6265042,2,0
2416547422,slsmqhm_16_2,6265005,2,0
1320412306,slsmqhm_16_2,6269739,4,0
1313892132,slsmqhm_16_2,6269671,4,0
1314620944,slsmqhm_16_2,6269392,4,0
1314394108,slsmqhm_16_2,6269821,4,0
1315664586,slsmqhm_16_2,6268994,4,0
1320895682,slsmqhm_16_2,6269156,4,0
1305411522,slsmqhm_16_2,6269303,4,0
1317379022,slsmqhm_16_2,6269225,4,0
1303271656,slsmqhm_16_2,6268296,4,0
1311027438,slsmqhm_16_2,6268790,4,0
777249256,slsmqhm_16_2,6280173,8,0
773948094,slsmqhm_16_2,6278699,8,0
754219976,slsmqhm_16_2,6280161,8,0
739586654,slsmqhm_16_2,6278493,8,0
823551988,slsmqhm_16_2,6279453,8,0
744340732,slsmqhm_16_2,6279143,8,0
791360778,slsmqhm_16_2,6278170,8,0
778031272,slsmqhm_16_2,6280408,8,0
778600806,slsmqhm_16_2,6278009,8,0
803520950,slsmqhm_16_2,6279841,8,0
486791286,slsmqhm_16_2,6309852,16,0
481227758,slsmqhm_16_2,6312507,16,0
472148640,slsmqhm_16_2,6314693,16,0
479658724,slsmqhm_16_2,6313387,16,0
476381766,slsmqhm_16_2,6312464,16,0
491195420,slsmqhm_16_2,6317009,16,0
475663060,slsmqhm_16_2,6308311,16,0
495711678,slsmqhm_16_2,6314436,16,0
483222732,slsmqhm_16_2,6313275,16,0
481878372,slsmqhm_16_2,6317831,16,0
354614620,slsmqhm_16_2,6421438,32,0
356305566,slsmqhm_16_2,6424845,32,0
350849830,slsmqhm_16_2,6417496,32,0
356332112,slsmqhm_16_2,6424239,32,0
353104638,slsmqhm_16_2,6410464,32,0
346750824,slsmqhm_16_2,6416367,32,0
345379468,slsmqhm_16_2,6412904,32,0
346494346,slsmqhm_16_2,6424385,32,0
354826774,slsmqhm_16_2,6427032,32,0
351067430,slsmqhm_16_2,6422234,32,0
223271140,slsmqhm_16_2,6744808,64,0
222262636,slsmqhm_16_2,6739437,64,0
224988802,slsmqhm_16_2,6729523,64,0
225745300,slsmqhm_16_2,6726888,64,0
223243108,slsmqhm_16_2,6739495,64,0
223613854,slsmqhm_16_2,6755780,64,0
226043976,slsmqhm_16_2,6748284,64,0
222507432,slsmqhm_16_2,6729344,64,0
224407386,slsmqhm_16_2,6752127,64,0
224212558,slsmqhm_16_2,6742134,64,0
145754170,slsmqhm_16_2,7466364,128,0
142614642,slsmqhm_16_2,7479461,128,0
147222872,slsmqhm_16_2,7481337,128,0
147983586,slsmqhm_16_2,7516478,128,0
177080024,slsmqhm_16_2,7526045,128,0
146523080,slsmqhm_16_2,7492739,128,0
147156798,slsmqhm_16_2,7484089,128,0
145544038,slsmqhm_16_2,7513542,128,0
147009078,slsmqhm_16_2,7510779,128,0
146912648,slsmqhm_16_2,7496630,128,0
