17453045318,slsmqhm_32_4,23947347,1,0
17445581584,slsmqhm_32_4,23947347,1,0
17535868340,slsmqhm_32_4,23947347,1,0
17425655066,slsmqhm_32_4,23947347,1,0
17591965112,slsmqhm_32_4,23947347,1,0
17515296778,slsmqhm_32_4,23947347,1,0
17548716882,slsmqhm_32_4,23947347,1,0
17449239244,slsmqhm_32_4,23947347,1,0
17498181784,slsmqhm_32_4,23947347,1,0
17430261484,slsmqhm_32_4,23947347,1,0
9378741294,slsmqhm_32_4,23954987,2,0
9421488028,slsmqhm_32_4,23955719,2,0
9384197930,slsmqhm_32_4,23955724,2,0
9393245136,slsmqhm_32_4,23955625,2,0
9393219932,slsmqhm_32_4,23955536,2,0
9371477630,slsmqhm_32_4,23955086,2,0
9401000812,slsmqhm_32_4,23955821,2,0
9432639380,slsmqhm_32_4,23956106,2,0
9425201146,slsmqhm_32_4,23955254,2,0
9446721664,slsmqhm_32_4,23955906,2,0
4859042224,slsmqhm_32_4,23964745,4,0
4890890800,slsmqhm_32_4,23965863,4,0
4882998116,slsmqhm_32_4,23964849,4,0
4887501586,slsmqhm_32_4,23965601,4,0
4860834456,slsmqhm_32_4,23964878,4,0
4868904074,slsmqhm_32_4,23965020,4,0
4877706874,slsmqhm_32_4,23965095,4,0
4882380768,slsmqhm_32_4,23964440,4,0
4878443524,slsmqhm_32_4,23964993,4,0
4870143150,slsmqhm_32_4,23966012,4,0
2701884244,slsmqhm_32_4,23984413,8,0
2716576628,slsmqhm_32_4,23985671,8,0
2688731428,slsmqhm_32_4,23986271,8,0
2770551646,slsmqhm_32_4,23985083,8,0
2780278628,slsmqhm_32_4,23984198,8,0
2699592004,slsmqhm_32_4,23985036,8,0
2719416498,slsmqhm_32_4,23983031,8,0
2677722066,slsmqhm_32_4,23981152,8,0
2729213838,slsmqhm_32_4,23986556,8,0
2684774640,slsmqhm_32_4,23986046,8,0
1671735212,slsmqhm_32_4,24040390,16,0
1628610972,slsmqhm_32_4,24039832,16,0
1627891306,slsmqhm_32_4,24037223,16,0
1671008970,slsmqhm_32_4,24049323,16,0
1631939676,slsmqhm_32_4,24038668,16,0
1678723992,slsmqhm_32_4,24045416,16,0
1677709782,slsmqhm_32_4,24036693,16,0
1666037748,slsmqhm_32_4,24040632,16,0
1624745106,slsmqhm_32_4,24039124,16,0
1714450296,slsmqhm_32_4,24053024,16,0
1261088004,slsmqhm_32_4,24268915,32,0
1273362938,slsmqhm_32_4,24265445,32,0
1259376106,slsmqhm_32_4,24253786,32,0
1253009646,slsmqhm_32_4,24264186,32,0
1242092248,slsmqhm_32_4,24250819,32,0
1284756618,slsmqhm_32_4,24281234,32,0
1266900238,slsmqhm_32_4,24262298,32,0
1281747150,slsmqhm_32_4,24268292,32,0
1268030210,slsmqhm_32_4,24265537,32,0
1249617916,slsmqhm_32_4,24264180,32,0
799545810,slsmqhm_32_4,24972444,64,0
808242636,slsmqhm_32_4,24951777,64,0
829109410,slsmqhm_32_4,25002381,64,0
795104954,slsmqhm_32_4,24932947,64,0
810928074,slsmqhm_32_4,24992287,64,0
816110158,slsmqhm_32_4,25012613,64,0
810274930,slsmqhm_32_4,24947625,64,0
820932466,slsmqhm_32_4,24970999,64,0
812249486,slsmqhm_32_4,24993981,64,0
804416318,slsmqhm_32_4,24979582,64,0
528151734,slsmqhm_32_4,26933096,128,0
526465530,slsmqhm_32_4,26928899,128,0
529127494,slsmqhm_32_4,27032312,128,0
522531816,slsmqhm_32_4,27025653,128,0
525688142,slsmqhm_32_4,27010583,128,0
523485096,slsmqhm_32_4,26961570,128,0
524603344,slsmqhm_32_4,26975606,128,0
521473846,slsmqhm_32_4,26976103,128,0
528876880,slsmqhm_32_4,26916801,128,0
523160972,slsmqhm_32_4,26938044,128,0
