164151600222,slsmqhm_32_64,35016137,1,0
162768098684,slsmqhm_32_64,35016137,1,0
163643032050,slsmqhm_32_64,35016137,1,0
163414040430,slsmqhm_32_64,35016137,1,0
163304887674,slsmqhm_32_64,35016137,1,0
163770427572,slsmqhm_32_64,35016137,1,0
162594414218,slsmqhm_32_64,35016137,1,0
163208940136,slsmqhm_32_64,35016137,1,0
164456390732,slsmqhm_32_64,35016137,1,0
162832528894,slsmqhm_32_64,35016137,1,0
83713411238,slsmqhm_32_64,35022409,2,0
83427027968,slsmqhm_32_64,35035134,2,0
83495844190,slsmqhm_32_64,35032539,2,0
83458301670,slsmqhm_32_64,35024635,2,0
82948613790,slsmqhm_32_64,35113532,2,0
83631692740,slsmqhm_32_64,35021845,2,0
83377069954,slsmqhm_32_64,35025549,2,0
83284554936,slsmqhm_32_64,35022599,2,0
83840220952,slsmqhm_32_64,35029928,2,0
83472306662,slsmqhm_32_64,35031556,2,0
42548774650,slsmqhm_32_64,35395767,4,0
42339818492,slsmqhm_32_64,35356951,4,0
42036429500,slsmqhm_32_64,35098412,4,0
42198141792,slsmqhm_32_64,35089946,4,0
42058260360,slsmqhm_32_64,35209268,4,0
42521111550,slsmqhm_32_64,35297697,4,0
42315177742,slsmqhm_32_64,35201462,4,0
42190164886,slsmqhm_32_64,35128642,4,0
42132109274,slsmqhm_32_64,35109928,4,0
42101581126,slsmqhm_32_64,35127771,4,0
21919161406,slsmqhm_32_64,35585253,8,0
21926675924,slsmqhm_32_64,35457318,8,0
21878137654,slsmqhm_32_64,35502200,8,0
21928140592,slsmqhm_32_64,35617885,8,0
21957085104,slsmqhm_32_64,35560320,8,0
21989813926,slsmqhm_32_64,35834330,8,0
21888060930,slsmqhm_32_64,35672593,8,0
21979986268,slsmqhm_32_64,35479909,8,0
21854844524,slsmqhm_32_64,35505423,8,0
21873306774,slsmqhm_32_64,35459825,8,0
11761329788,slsmqhm_32_64,36788212,16,0
11733801906,slsmqhm_32_64,36243320,16,0
11784138656,slsmqhm_32_64,36669398,16,0
11818491708,slsmqhm_32_64,37150755,16,0
11752573760,slsmqhm_32_64,36473274,16,0
12171163968,slsmqhm_32_64,36321370,16,0
11733105780,slsmqhm_32_64,36266169,16,0
11880110242,slsmqhm_32_64,36438435,16,0
11707023122,slsmqhm_32_64,36299248,16,0
12117320822,slsmqhm_32_64,37260175,16,0
6622725470,slsmqhm_32_64,38018295,32,0
7262555338,slsmqhm_32_64,39514561,32,0
7136337408,slsmqhm_32_64,39858461,32,0
6955512052,slsmqhm_32_64,39778348,32,0
7024054730,slsmqhm_32_64,38873023,32,0
6934029758,slsmqhm_32_64,38970820,32,0
7361619364,slsmqhm_32_64,39739455,32,0
7587149954,slsmqhm_32_64,39439873,32,0
7612588606,slsmqhm_32_64,39231332,32,0
7081825098,slsmqhm_32_64,39556284,32,0
6275758842,slsmqhm_32_64,43867244,64,0
5043775526,slsmqhm_32_64,43527375,64,0
5819294062,slsmqhm_32_64,43695052,64,0
5717156776,slsmqhm_32_64,42922142,64,0
5923055434,slsmqhm_32_64,42807530,64,0
5600103018,slsmqhm_32_64,42213678,64,0
5649438400,slsmqhm_32_64,42899636,64,0
5458046334,slsmqhm_32_64,42541566,64,0
5930481534,slsmqhm_32_64,43164926,64,0
5641936588,slsmqhm_32_64,42895337,64,0
5464016508,slsmqhm_32_64,47732202,128,0
5485724048,slsmqhm_32_64,46310655,128,0
4650399652,slsmqhm_32_64,47546010,128,0
4729117730,slsmqhm_32_64,46076349,128,0
5022194976,slsmqhm_32_64,47589604,128,0
6279570812,slsmqhm_32_64,48071586,128,0
7714178288,slsmqhm_32_64,46880273,128,0
5065606036,slsmqhm_32_64,46835290,128,0
9484355334,slsmqhm_32_64,46513146,128,0
5962109144,slsmqhm_32_64,47916759,128,0
