17933557892,slsmqhm_8_8,12524207,1,0
17437639432,slsmqhm_8_8,12524207,1,0
17440723742,slsmqhm_8_8,12524207,1,0
17395894062,slsmqhm_8_8,12524207,1,0
17441931916,slsmqhm_8_8,12524207,1,0
17820700132,slsmqhm_8_8,12524207,1,0
17474991214,slsmqhm_8_8,12524207,1,0
17530694358,slsmqhm_8_8,12524207,1,0
17636872880,slsmqhm_8_8,12524207,1,0
17678811690,slsmqhm_8_8,12524207,1,0
10875574140,slsmqhm_8_8,12533169,2,0
10664780894,slsmqhm_8_8,12535779,2,0
10970307680,slsmqhm_8_8,12536683,2,0
10783057016,slsmqhm_8_8,12534811,2,0
10729111904,slsmqhm_8_8,12536807,2,0
11150927368,slsmqhm_8_8,12541398,2,0
10903272994,slsmqhm_8_8,12536367,2,0
11106328486,slsmqhm_8_8,12540154,2,0
10744628390,slsmqhm_8_8,12535760,2,0
10967698576,slsmqhm_8_8,12536226,2,0
5659279244,slsmqhm_8_8,12550746,4,0
5591011852,slsmqhm_8_8,12551182,4,0
5481622830,slsmqhm_8_8,12549696,4,0
5424281432,slsmqhm_8_8,12551054,4,0
5512939974,slsmqhm_8_8,12548362,4,0
5584346142,slsmqhm_8_8,12550767,4,0
5717889790,slsmqhm_8_8,12551596,4,0
5563498512,slsmqhm_8_8,12550679,4,0
5570901378,slsmqhm_8_8,12548737,4,0
5571498142,slsmqhm_8_8,12548514,4,0
3485219056,slsmqhm_8_8,12536320,8,0
3550269892,slsmqhm_8_8,12536823,8,0
3559691800,slsmqhm_8_8,12537576,8,0
3480544984,slsmqhm_8_8,12535746,8,0
3508457566,slsmqhm_8_8,12537077,8,0
3501673818,slsmqhm_8_8,12537260,8,0
3546242982,slsmqhm_8_8,12535634,8,0
3542386768,slsmqhm_8_8,12535369,8,0
3555394210,slsmqhm_8_8,12536991,8,0
3587821038,slsmqhm_8_8,12538534,8,0
2427708772,slsmqhm_8_8,12539818,16,0
2416853090,slsmqhm_8_8,12539847,16,0
2420192224,slsmqhm_8_8,12540035,16,0
2430148884,slsmqhm_8_8,12541903,16,0
2412161874,slsmqhm_8_8,12540513,16,0
2421845344,slsmqhm_8_8,12545549,16,0
2432962442,slsmqhm_8_8,12539680,16,0
2438595260,slsmqhm_8_8,12540314,16,0
2435145040,slsmqhm_8_8,12543018,16,0
2434029432,slsmqhm_8_8,12540970,16,0
2307766816,slsmqhm_8_8,12566160,32,0
2316114338,slsmqhm_8_8,12563332,32,0
2307564064,slsmqhm_8_8,12565327,32,0
2307635306,slsmqhm_8_8,12565896,32,0
2310461322,slsmqhm_8_8,12568745,32,0
2313790228,slsmqhm_8_8,12565464,32,0
2316536420,slsmqhm_8_8,12563659,32,0
2310118022,slsmqhm_8_8,12567918,32,0
2320532888,slsmqhm_8_8,12563823,32,0
2307174078,slsmqhm_8_8,12563628,32,0
2277589164,slsmqhm_8_8,12572627,64,0
2279233002,slsmqhm_8_8,12572940,64,0
2273838212,slsmqhm_8_8,12574932,64,0
2274953784,slsmqhm_8_8,12575322,64,0
2282678362,slsmqhm_8_8,12573127,64,0
2277491526,slsmqhm_8_8,12572683,64,0
2274235432,slsmqhm_8_8,12573777,64,0
2279735024,slsmqhm_8_8,12573491,64,0
2277820144,slsmqhm_8_8,12573680,64,0
2272413322,slsmqhm_8_8,12573904,64,0
2162209374,slsmqhm_8_8,12593345,128,0
2169431584,slsmqhm_8_8,12596616,128,0
2275245622,slsmqhm_8_8,12596635,128,0
2204772074,slsmqhm_8_8,12596912,128,0
2150664126,slsmqhm_8_8,12592016,128,0
2153689090,slsmqhm_8_8,12591428,128,0
2202097870,slsmqhm_8_8,12594683,128,0
2172684292,slsmqhm_8_8,12594224,128,0
2139498954,slsmqhm_8_8,12591830,128,0
2164522778,slsmqhm_8_8,12594935,128,0
