397120117362,slsmqhm_32_64,84816567,1,0
393753055472,slsmqhm_32_64,84816567,1,0
393682978858,slsmqhm_32_64,84816567,1,0
394824671116,slsmqhm_32_64,84816567,1,0
398433161852,slsmqhm_32_64,84816567,1,0
396164450738,slsmqhm_32_64,84816567,1,0
393053243996,slsmqhm_32_64,84816567,1,0
399775802412,slsmqhm_32_64,84816567,1,0
396528784444,slsmqhm_32_64,84816567,1,0
398170700674,slsmqhm_32_64,84816567,1,0
194986775802,slsmqhm_32_64,84822597,2,0
196380611996,slsmqhm_32_64,84817968,2,0
196817380130,slsmqhm_32_64,84822003,2,0
196915694720,slsmqhm_32_64,84820054,2,0
197379047518,slsmqhm_32_64,84822089,2,0
196714251624,slsmqhm_32_64,84820186,2,0
196610292228,slsmqhm_32_64,84819733,2,0
197043707482,slsmqhm_32_64,84816579,2,0
196895764158,slsmqhm_32_64,84815993,2,0
195616392080,slsmqhm_32_64,84814480,2,0
96620948352,slsmqhm_32_64,84824197,4,0
96635663830,slsmqhm_32_64,84817680,4,0
96753760640,slsmqhm_32_64,84820587,4,0
97081263702,slsmqhm_32_64,84819845,4,0
96969725832,slsmqhm_32_64,84819551,4,0
96767380772,slsmqhm_32_64,84822405,4,0
97010405840,slsmqhm_32_64,84823623,4,0
96543815418,slsmqhm_32_64,84816930,4,0
97461007060,slsmqhm_32_64,84819153,4,0
97186944660,slsmqhm_32_64,84820113,4,0
49410464346,slsmqhm_32_64,84821904,8,0
49247869628,slsmqhm_32_64,84826184,8,0
49269647250,slsmqhm_32_64,84831751,8,0
49491060504,slsmqhm_32_64,84827344,8,0
49347348956,slsmqhm_32_64,84818795,8,0
49542363218,slsmqhm_32_64,84823003,8,0
49330625488,slsmqhm_32_64,84844475,8,0
49342095360,slsmqhm_32_64,84825417,8,0
49211776078,slsmqhm_32_64,84827422,8,0
49619715060,slsmqhm_32_64,84826197,8,0
26473568136,slsmqhm_32_64,84837418,16,0
26422634376,slsmqhm_32_64,84840857,16,0
26431300456,slsmqhm_32_64,84839386,16,0
26421632988,slsmqhm_32_64,84877290,16,0
26344705522,slsmqhm_32_64,84854988,16,0
26357502888,slsmqhm_32_64,84870758,16,0
26302818520,slsmqhm_32_64,84863769,16,0
26475740870,slsmqhm_32_64,84842596,16,0
26414981662,slsmqhm_32_64,84868008,16,0
26425550840,slsmqhm_32_64,84857768,16,0
14661030220,slsmqhm_32_64,84929067,32,0
14297080674,slsmqhm_32_64,84885723,32,0
14354521352,slsmqhm_32_64,84935890,32,0
14162689204,slsmqhm_32_64,84974401,32,0
14326227296,slsmqhm_32_64,84886608,32,0
14320937798,slsmqhm_32_64,84885410,32,0
14597652640,slsmqhm_32_64,84900852,32,0
14303517960,slsmqhm_32_64,84921325,32,0
14331535820,slsmqhm_32_64,84923715,32,0
14330240054,slsmqhm_32_64,84897244,32,0
8794453624,slsmqhm_32_64,85202089,64,0
8532235914,slsmqhm_32_64,85214784,64,0
9179370108,slsmqhm_32_64,85298289,64,0
8725271924,slsmqhm_32_64,85306023,64,0
9235614270,slsmqhm_32_64,85195950,64,0
9022155414,slsmqhm_32_64,85218557,64,0
9057101922,slsmqhm_32_64,85287227,64,0
8716858520,slsmqhm_32_64,85274607,64,0
9037446032,slsmqhm_32_64,85358775,64,0
8925923598,slsmqhm_32_64,85318959,64,0
6012540504,slsmqhm_32_64,85976959,128,0
5995254624,slsmqhm_32_64,86136346,128,0
6024683398,slsmqhm_32_64,86313768,128,0
5991273018,slsmqhm_32_64,86304101,128,0
5991854254,slsmqhm_32_64,85803163,128,0
5989845766,slsmqhm_32_64,86035944,128,0
6031357928,slsmqhm_32_64,85911619,128,0
6099678838,slsmqhm_32_64,85855797,128,0
6119920690,slsmqhm_32_64,85946609,128,0
6073780720,slsmqhm_32_64,85817920,128,0
