24912156136,slsmqhm_16_2,25660216,1,14
25163207484,slsmqhm_16_2,25660216,1,14
24925735818,slsmqhm_16_2,25660216,1,14
24924466992,slsmqhm_16_2,25660216,1,14
24905500110,slsmqhm_16_2,25660216,1,14
25183945870,slsmqhm_16_2,25660216,1,14
24844687602,slsmqhm_16_2,25660216,1,14
24906160534,slsmqhm_16_2,25660216,1,14
24970989576,slsmqhm_16_2,25660216,1,14
24827357258,slsmqhm_16_2,25660216,1,14
14144967544,slsmqhm_16_2,25661220,2,14
14121624464,slsmqhm_16_2,25661035,2,14
14169830892,slsmqhm_16_2,25661193,2,14
14125923624,slsmqhm_16_2,25661086,2,14
14173999318,slsmqhm_16_2,25661094,2,14
14099137506,slsmqhm_16_2,25661121,2,14
14153681096,slsmqhm_16_2,25661430,2,14
14157014218,slsmqhm_16_2,25661097,2,14
14153850218,slsmqhm_16_2,25662122,2,14
14158662184,slsmqhm_16_2,25661279,2,14
7233165086,slsmqhm_16_2,25673258,4,14
7243026672,slsmqhm_16_2,25674033,4,14
7273559016,slsmqhm_16_2,25673535,4,14
7301704782,slsmqhm_16_2,25673134,4,14
7244444674,slsmqhm_16_2,25673868,4,14
7229516992,slsmqhm_16_2,25673047,4,14
7224185906,slsmqhm_16_2,25673323,4,14
7249130220,slsmqhm_16_2,25674323,4,14
7234666942,slsmqhm_16_2,25673136,4,14
7250972226,slsmqhm_16_2,25673736,4,14
4188105632,slsmqhm_16_2,25773464,8,14
3939976108,slsmqhm_16_2,25764954,8,14
3907485920,slsmqhm_16_2,25772456,8,14
4141473980,slsmqhm_16_2,25763626,8,14
3932270628,slsmqhm_16_2,25766258,8,14
3972690090,slsmqhm_16_2,25767292,8,14
4096507102,slsmqhm_16_2,25767006,8,14
3850066072,slsmqhm_16_2,25762089,8,14
4048459730,slsmqhm_16_2,25766798,8,14
4023679354,slsmqhm_16_2,25774983,8,14
2396693718,slsmqhm_16_2,26198073,16,14
2324799236,slsmqhm_16_2,26180194,16,14
2313228414,slsmqhm_16_2,26190732,16,14
2244318318,slsmqhm_16_2,26179784,16,14
2292747728,slsmqhm_16_2,26178720,16,14
2239910786,slsmqhm_16_2,26178972,16,14
2336976890,slsmqhm_16_2,26184111,16,14
2235441474,slsmqhm_16_2,26178490,16,14
2324600038,slsmqhm_16_2,26189015,16,14
2275799992,slsmqhm_16_2,26184615,16,14
1577647462,slsmqhm_16_2,27598854,32,14
1550245082,slsmqhm_16_2,27582502,32,14
1605529892,slsmqhm_16_2,27610731,32,14
1577925836,slsmqhm_16_2,27576093,32,14
1567785306,slsmqhm_16_2,27613474,32,14
1577137302,slsmqhm_16_2,27578601,32,14
1579345628,slsmqhm_16_2,27602087,32,14
1583716294,slsmqhm_16_2,27613826,32,14
1548319574,slsmqhm_16_2,27581452,32,14
1602593944,slsmqhm_16_2,27599812,32,14
1028248288,slsmqhm_16_2,30512995,64,14
1014734106,slsmqhm_16_2,30525082,64,14
1018471540,slsmqhm_16_2,30525167,64,14
1020275742,slsmqhm_16_2,30457404,64,14
1012034476,slsmqhm_16_2,30560729,64,14
1019451120,slsmqhm_16_2,30504605,64,14
1015993800,slsmqhm_16_2,30560932,64,14
1039521968,slsmqhm_16_2,30541955,64,14
1007042730,slsmqhm_16_2,30540434,64,14
1009428900,slsmqhm_16_2,30515251,64,14
711564522,slsmqhm_16_2,36266231,128,14
716065936,slsmqhm_16_2,36199135,128,14
713655862,slsmqhm_16_2,36091748,128,14
706845350,slsmqhm_16_2,36052140,128,14
710933948,slsmqhm_16_2,36183301,128,14
715191702,slsmqhm_16_2,36169280,128,14
705212504,slsmqhm_16_2,36167926,128,14
712999684,slsmqhm_16_2,36142006,128,14
700131508,slsmqhm_16_2,36188382,128,14
712195144,slsmqhm_16_2,36221297,128,14
