299824422210,slsmqhm_128_64,75747143,1,0
297845253346,slsmqhm_128_64,75747143,1,0
298152324740,slsmqhm_128_64,75747143,1,0
300239805588,slsmqhm_128_64,75747143,1,0
300319738758,slsmqhm_128_64,75747143,1,0
298535974556,slsmqhm_128_64,75747143,1,0
300700744864,slsmqhm_128_64,75747143,1,0
298809739474,slsmqhm_128_64,75747143,1,0
300648457658,slsmqhm_128_64,75747143,1,0
299455286306,slsmqhm_128_64,75747143,1,0
144886093394,slsmqhm_128_64,75748223,2,0
144073777426,slsmqhm_128_64,75748174,2,0
144708411920,slsmqhm_128_64,75749108,2,0
144237231812,slsmqhm_128_64,75754398,2,0
144973618828,slsmqhm_128_64,75747920,2,0
144620620732,slsmqhm_128_64,75747957,2,0
144468063698,slsmqhm_128_64,75748272,2,0
144353647648,slsmqhm_128_64,75749140,2,0
144677281590,slsmqhm_128_64,75748871,2,0
144360284668,slsmqhm_128_64,75747768,2,0
69814546760,slsmqhm_128_64,75762940,4,0
70009473500,slsmqhm_128_64,75755571,4,0
70015245846,slsmqhm_128_64,75751421,4,0
70124291472,slsmqhm_128_64,75749631,4,0
69867111266,slsmqhm_128_64,75753957,4,0
69960310002,slsmqhm_128_64,75748908,4,0
69906462950,slsmqhm_128_64,75754131,4,0
69912509928,slsmqhm_128_64,75750352,4,0
69938086938,slsmqhm_128_64,75751644,4,0
70080455896,slsmqhm_128_64,75748950,4,0
34468220408,slsmqhm_128_64,75765361,8,0
34481718590,slsmqhm_128_64,75774189,8,0
34402695886,slsmqhm_128_64,75767384,8,0
34422220820,slsmqhm_128_64,75758567,8,0
34429954414,slsmqhm_128_64,75765034,8,0
34426102070,slsmqhm_128_64,75760667,8,0
34395205308,slsmqhm_128_64,75761721,8,0
34525481426,slsmqhm_128_64,75755634,8,0
34399548024,slsmqhm_128_64,75761445,8,0
34454069882,slsmqhm_128_64,75759029,8,0
18058229958,slsmqhm_128_64,75788461,16,0
18069801560,slsmqhm_128_64,75832201,16,0
18038988032,slsmqhm_128_64,75792603,16,0
18062975292,slsmqhm_128_64,75841405,16,0
18028190152,slsmqhm_128_64,75816511,16,0
18014025298,slsmqhm_128_64,75799444,16,0
18030368090,slsmqhm_128_64,75793728,16,0
18039494758,slsmqhm_128_64,75791725,16,0
18024516904,slsmqhm_128_64,75865225,16,0
18029878582,slsmqhm_128_64,75807113,16,0
8810295190,slsmqhm_128_64,75917499,32,0
8755388418,slsmqhm_128_64,75926267,32,0
8775382022,slsmqhm_128_64,75964607,32,0
8779217406,slsmqhm_128_64,75966682,32,0
8757809382,slsmqhm_128_64,75932447,32,0
8758216632,slsmqhm_128_64,75918721,32,0
8766778482,slsmqhm_128_64,75964933,32,0
8735956118,slsmqhm_128_64,75895998,32,0
8763839530,slsmqhm_128_64,75951682,32,0
8771009406,slsmqhm_128_64,75936035,32,0
4882763310,slsmqhm_128_64,76442595,64,0
4878908858,slsmqhm_128_64,76164201,64,0
4874323184,slsmqhm_128_64,76279537,64,0
4862949368,slsmqhm_128_64,76247030,64,0
4899159624,slsmqhm_128_64,76380459,64,0
4879408198,slsmqhm_128_64,76174122,64,0
4871619780,slsmqhm_128_64,76205260,64,0
4870411334,slsmqhm_128_64,76341816,64,0
4864794064,slsmqhm_128_64,76264248,64,0
4887584836,slsmqhm_128_64,76199588,64,0
3373676344,slsmqhm_128_64,77153133,128,0
3287269728,slsmqhm_128_64,76868734,128,0
3355120720,slsmqhm_128_64,77007931,128,0
3293444672,slsmqhm_128_64,77270472,128,0
3309090040,slsmqhm_128_64,77258734,128,0
3346361444,slsmqhm_128_64,77042570,128,0
3297269692,slsmqhm_128_64,76863091,128,0
3365211756,slsmqhm_128_64,77100438,128,0
3357819940,slsmqhm_128_64,77049812,128,0
3380746652,slsmqhm_128_64,76856898,128,0
