1099252942,mqllnuma_4_4_4_1,44437640,128
1106027484,mqllnuma_4_4_4_1,44240215,128
1113731480,mqllnuma_4_4_4_1,44143268,128
1102509810,mqllnuma_4_4_4_1,44349014,128
1109460504,mqllnuma_4_4_4_1,44244910,128
1088278584,mqllnuma_4_4_4_2,44244722,128
1090615980,mqllnuma_4_4_4_2,44296720,128
1090333676,mqllnuma_4_4_4_2,44250570,128
1090360638,mqllnuma_4_4_4_2,44288154,128
1085514160,mqllnuma_4_4_4_2,44310766,128
1032910100,mqllnuma_4_4_4_4,44305036,128
1028069234,mqllnuma_4_4_4_4,44231427,128
1033366590,mqllnuma_4_4_4_4,44288245,128
1032801196,mqllnuma_4_4_4_4,44225865,128
1032823372,mqllnuma_4_4_4_4,44392501,128
957610534,mqllnuma_4_4_4_8,44320338,128
964941456,mqllnuma_4_4_4_8,44282144,128
959704046,mqllnuma_4_4_4_8,44402061,128
958738890,mqllnuma_4_4_4_8,44218437,128
960596558,mqllnuma_4_4_4_8,44325781,128
895864662,mqllnuma_4_4_4_16,44359186,128
895503502,mqllnuma_4_4_4_16,44289630,128
894934538,mqllnuma_4_4_4_16,44317567,128
894396328,mqllnuma_4_4_4_16,44244417,128
894030586,mqllnuma_4_4_4_16,44407763,128
842404624,mqllnuma_4_4_4_32,44256187,128
841925296,mqllnuma_4_4_4_32,44231330,128
844034212,mqllnuma_4_4_4_32,44325480,128
842837236,mqllnuma_4_4_4_32,44322581,128
841500822,mqllnuma_4_4_4_32,44343759,128
800081370,mqllnuma_4_4_4_64,44510569,128
800743532,mqllnuma_4_4_4_64,44471388,128
799759146,mqllnuma_4_4_4_64,44297969,128
800178580,mqllnuma_4_4_4_64,44397965,128
801041804,mqllnuma_4_4_4_64,44464831,128
769961524,mqllnuma_4_4_4_128,44572899,128
768282036,mqllnuma_4_4_4_128,44515637,128
767617484,mqllnuma_4_4_4_128,44454660,128
769800046,mqllnuma_4_4_4_128,44731256,128
767114492,mqllnuma_4_4_4_128,44617390,128
738015720,mqllnuma_4_4_4_256,44977961,128
736634804,mqllnuma_4_4_4_256,44741487,128
737385036,mqllnuma_4_4_4_256,44926864,128
734198576,mqllnuma_4_4_4_256,44728149,128
734981678,mqllnuma_4_4_4_256,44838060,128
719844368,mqllnuma_4_4_4_512,45373568,128
718573916,mqllnuma_4_4_4_512,45234514,128
723061266,mqllnuma_4_4_4_512,45352768,128
725601112,mqllnuma_4_4_4_512,45447514,128
722387404,mqllnuma_4_4_4_512,45273835,128
705375712,mqllnuma_4_4_4_1024,46158322,128
710006228,mqllnuma_4_4_4_1024,46479548,128
713539800,mqllnuma_4_4_4_1024,46570675,128
706017474,mqllnuma_4_4_4_1024,46146471,128
708156230,mqllnuma_4_4_4_1024,46365324,128
