383313482,mqllnuma_4_64_16_1,29318089,128
382652478,mqllnuma_4_64_16_1,29299125,128
385042088,mqllnuma_4_64_16_1,29231292,128
389355286,mqllnuma_4_64_16_1,29426507,128
386429736,mqllnuma_4_64_16_1,29389597,128
378868754,mqllnuma_4_64_16_2,29434740,128
379283100,mqllnuma_4_64_16_2,29406629,128
381723238,mqllnuma_4_64_16_2,29233448,128
386071932,mqllnuma_4_64_16_2,29167752,128
376984024,mqllnuma_4_64_16_2,29406099,128
366263582,mqllnuma_4_64_16_4,29285184,128
359724962,mqllnuma_4_64_16_4,29404568,128
362884092,mqllnuma_4_64_16_4,29548831,128
362590830,mqllnuma_4_64_16_4,29353173,128
361417228,mqllnuma_4_64_16_4,29302346,128
342802344,mqllnuma_4_64_16_8,29464029,128
344515476,mqllnuma_4_64_16_8,29331728,128
337851630,mqllnuma_4_64_16_8,29347207,128
341232654,mqllnuma_4_64_16_8,29331231,128
342261252,mqllnuma_4_64_16_8,29488073,128
317434220,mqllnuma_4_64_16_16,29626554,128
317491608,mqllnuma_4_64_16_16,29508954,128
320081360,mqllnuma_4_64_16_16,29302171,128
318114582,mqllnuma_4_64_16_16,29426032,128
319616386,mqllnuma_4_64_16_16,29477370,128
301000094,mqllnuma_4_64_16_32,29656700,128
304003054,mqllnuma_4_64_16_32,29719686,128
300043434,mqllnuma_4_64_16_32,29667152,128
301928388,mqllnuma_4_64_16_32,29732606,128
300530280,mqllnuma_4_64_16_32,29397704,128
285055836,mqllnuma_4_64_16_64,29982752,128
288673592,mqllnuma_4_64_16_64,29876069,128
285063622,mqllnuma_4_64_16_64,29998522,128
286952318,mqllnuma_4_64_16_64,30056273,128
286442848,mqllnuma_4_64_16_64,29790586,128
278488460,mqllnuma_4_64_16_128,30409416,128
277278092,mqllnuma_4_64_16_128,30228287,128
277325442,mqllnuma_4_64_16_128,30140899,128
276223626,mqllnuma_4_64_16_128,30179442,128
278020698,mqllnuma_4_64_16_128,30290147,128
278095264,mqllnuma_4_64_16_256,31214052,128
280748162,mqllnuma_4_64_16_256,31384641,128
278549960,mqllnuma_4_64_16_256,31115167,128
276696534,mqllnuma_4_64_16_256,30921380,128
277838130,mqllnuma_4_64_16_256,31102698,128
282213594,mqllnuma_4_64_16_512,32546635,128
284466180,mqllnuma_4_64_16_512,32724262,128
285124888,mqllnuma_4_64_16_512,32306936,128
287640114,mqllnuma_4_64_16_512,32873834,128
282618668,mqllnuma_4_64_16_512,32322445,128
301926382,mqllnuma_4_64_16_1024,34954734,128
293224580,mqllnuma_4_64_16_1024,34125595,128
298821008,mqllnuma_4_64_16_1024,34715250,128
301664276,mqllnuma_4_64_16_1024,34904413,128
310018508,mqllnuma_4_64_16_1024,35545848,128
