10909860212,mqllnuma_4_1024_512_1,47946104,128,0
13153620446,mqllnuma_4_1024_512_1,47983229,128,0
12989173182,mqllnuma_4_1024_512_1,47977532,128,0
11283709290,mqllnuma_4_1024_512_1,47952250,128,0
16137382002,mqllnuma_4_1024_512_1,48010384,128,0
12979709790,mqllnuma_4_1024_512_2,47972450,128,0
14250902604,mqllnuma_4_1024_512_2,47980770,128,0
11838361206,mqllnuma_4_1024_512_2,47956791,128,0
10896414866,mqllnuma_4_1024_512_2,47951858,128,0
14343757130,mqllnuma_4_1024_512_2,47993839,128,0
13571867502,mqllnuma_4_1024_512_4,47989556,128,0
12809848028,mqllnuma_4_1024_512_4,47975818,128,0
10931975444,mqllnuma_4_1024_512_4,47954063,128,0
12888562976,mqllnuma_4_1024_512_4,47974789,128,0
12471839178,mqllnuma_4_1024_512_4,47954034,128,0
11360950800,mqllnuma_4_1024_512_8,47952781,128,0
12027241058,mqllnuma_4_1024_512_8,47973717,128,0
12826183728,mqllnuma_4_1024_512_8,47953941,128,0
12145639646,mqllnuma_4_1024_512_8,47965070,128,0
11222992354,mqllnuma_4_1024_512_8,47951896,128,0
14170330388,mqllnuma_4_1024_512_16,47996983,128,0
11206977144,mqllnuma_4_1024_512_16,47951776,128,0
11509412016,mqllnuma_4_1024_512_16,47955712,128,0
13049433634,mqllnuma_4_1024_512_16,47959228,128,0
11709992582,mqllnuma_4_1024_512_16,47952717,128,0
12950051732,mqllnuma_4_1024_512_32,47985114,128,0
10715992496,mqllnuma_4_1024_512_32,47964502,128,0
10614349530,mqllnuma_4_1024_512_32,47960984,128,0
11203276106,mqllnuma_4_1024_512_32,47966621,128,0
12965429230,mqllnuma_4_1024_512_32,47991149,128,0
12425717198,mqllnuma_4_1024_512_64,48003493,128,0
10678774240,mqllnuma_4_1024_512_64,47978982,128,0
12031971512,mqllnuma_4_1024_512_64,47991589,128,0
13124476890,mqllnuma_4_1024_512_64,47996640,128,0
12795947434,mqllnuma_4_1024_512_64,47979161,128,0
14123257312,mqllnuma_4_1024_512_128,48053339,128,0
10620780160,mqllnuma_4_1024_512_128,47992977,128,0
11012645880,mqllnuma_4_1024_512_128,47998873,128,0
12036636468,mqllnuma_4_1024_512_128,48009605,128,0
13715104336,mqllnuma_4_1024_512_128,48043031,128,0
10880742742,mqllnuma_4_1024_512_256,48017428,128,0
12963703308,mqllnuma_4_1024_512_256,48047150,128,0
13715433822,mqllnuma_4_1024_512_256,48039026,128,0
14059656294,mqllnuma_4_1024_512_256,48049225,128,0
11426002796,mqllnuma_4_1024_512_256,47995525,128,0
13907226332,mqllnuma_4_1024_512_512,48077816,128,0
11887233630,mqllnuma_4_1024_512_512,48034548,128,0
11633380978,mqllnuma_4_1024_512_512,48035686,128,0
14112577700,mqllnuma_4_1024_512_512,48060545,128,0
15530864586,mqllnuma_4_1024_512_512,48086451,128,0
20811153082,mqllnuma_4_1024_512_1024,48120441,128,0
15803030004,mqllnuma_4_1024_512_1024,48096943,128,0
18049372276,mqllnuma_4_1024_512_1024,48099927,128,0
12483591710,mqllnuma_4_1024_512_1024,48062278,128,0
18821468106,mqllnuma_4_1024_512_1024,48097172,128,0
