2983548820,mqllnuma_4_1024_512_1,12561956,128,0
3200756354,mqllnuma_4_1024_512_1,12565584,128,0
3136424938,mqllnuma_4_1024_512_1,12566612,128,0
2653702256,mqllnuma_4_1024_512_1,12556818,128,0
2964349152,mqllnuma_4_1024_512_1,12560740,128,0
3573127512,mqllnuma_4_1024_512_2,12561440,128,0
3351339930,mqllnuma_4_1024_512_2,12563505,128,0
3044726282,mqllnuma_4_1024_512_2,12561681,128,0
3362984140,mqllnuma_4_1024_512_2,12560317,128,0
2613066388,mqllnuma_4_1024_512_2,12556571,128,0
2991036196,mqllnuma_4_1024_512_4,12558969,128,0
3652848658,mqllnuma_4_1024_512_4,12570434,128,0
3863117280,mqllnuma_4_1024_512_4,12566971,128,0
3360279746,mqllnuma_4_1024_512_4,12561185,128,0
3516629602,mqllnuma_4_1024_512_4,12567315,128,0
2726704486,mqllnuma_4_1024_512_8,12559248,128,0
3053663502,mqllnuma_4_1024_512_8,12558408,128,0
3178505884,mqllnuma_4_1024_512_8,12567166,128,0
3168926084,mqllnuma_4_1024_512_8,12562229,128,0
3844400070,mqllnuma_4_1024_512_8,12561981,128,0
2957345352,mqllnuma_4_1024_512_16,12560846,128,0
2707601912,mqllnuma_4_1024_512_16,12559187,128,0
2625056644,mqllnuma_4_1024_512_16,12559779,128,0
3401704664,mqllnuma_4_1024_512_16,12566470,128,0
2798740196,mqllnuma_4_1024_512_16,12561443,128,0
2739658060,mqllnuma_4_1024_512_32,12558220,128,0
3164471170,mqllnuma_4_1024_512_32,12567841,128,0
3080841860,mqllnuma_4_1024_512_32,12562062,128,0
3279063768,mqllnuma_4_1024_512_32,12568151,128,0
2901317186,mqllnuma_4_1024_512_32,12565354,128,0
2577910352,mqllnuma_4_1024_512_64,12559002,128,0
2859958782,mqllnuma_4_1024_512_64,12562310,128,0
2694902190,mqllnuma_4_1024_512_64,12560708,128,0
2679813746,mqllnuma_4_1024_512_64,12562458,128,0
2977313692,mqllnuma_4_1024_512_64,12565077,128,0
3076332704,mqllnuma_4_1024_512_128,12570108,128,0
2724021194,mqllnuma_4_1024_512_128,12563395,128,0
3205124444,mqllnuma_4_1024_512_128,12567073,128,0
2732589368,mqllnuma_4_1024_512_128,12562324,128,0
2814959500,mqllnuma_4_1024_512_128,12562580,128,0
3201635798,mqllnuma_4_1024_512_256,12571720,128,0
3017746364,mqllnuma_4_1024_512_256,12567448,128,0
3004983738,mqllnuma_4_1024_512_256,12567729,128,0
3003821720,mqllnuma_4_1024_512_256,12568714,128,0
3637143174,mqllnuma_4_1024_512_256,12570427,128,0
2948951618,mqllnuma_4_1024_512_512,12568007,128,0
2972952618,mqllnuma_4_1024_512_512,12569708,128,0
2716206786,mqllnuma_4_1024_512_512,12562278,128,0
3018154318,mqllnuma_4_1024_512_512,12567357,128,0
2842399236,mqllnuma_4_1024_512_512,12566604,128,0
2693476832,mqllnuma_4_1024_512_1024,12565072,128,0
2904562166,mqllnuma_4_1024_512_1024,12569981,128,0
3239383938,mqllnuma_4_1024_512_1024,12572873,128,0
2546661110,mqllnuma_4_1024_512_1024,12560849,128,0
3628616126,mqllnuma_4_1024_512_1024,12575030,128,0
