925292184,mqllnuma_4_4_4_1,43737380,128,10
921847890,mqllnuma_4_4_4_1,43698503,128,10
927569520,mqllnuma_4_4_4_1,43580796,128,10
924246168,mqllnuma_4_4_4_1,43766103,128,10
929599246,mqllnuma_4_4_4_1,43686549,128,10
907874630,mqllnuma_4_4_4_2,43717247,128,10
899967706,mqllnuma_4_4_4_2,43713396,128,10
901342204,mqllnuma_4_4_4_2,43655609,128,10
902338858,mqllnuma_4_4_4_2,43743196,128,10
909555366,mqllnuma_4_4_4_2,43596201,128,10
847164658,mqllnuma_4_4_4_4,43683987,128,10
848242444,mqllnuma_4_4_4_4,43856082,128,10
847399260,mqllnuma_4_4_4_4,43808122,128,10
851757510,mqllnuma_4_4_4_4,43753251,128,10
853737246,mqllnuma_4_4_4_4,43649714,128,10
785980580,mqllnuma_4_4_4_8,43647695,128,10
787152974,mqllnuma_4_4_4_8,43836010,128,10
786538450,mqllnuma_4_4_4_8,43663621,128,10
788697344,mqllnuma_4_4_4_8,43687873,128,10
787252302,mqllnuma_4_4_4_8,43605973,128,10
725221948,mqllnuma_4_4_4_16,43753541,128,10
723978452,mqllnuma_4_4_4_16,43695338,128,10
725729454,mqllnuma_4_4_4_16,43742392,128,10
724073550,mqllnuma_4_4_4_16,43678656,128,10
726973614,mqllnuma_4_4_4_16,43701009,128,10
679186660,mqllnuma_4_4_4_32,43632201,128,10
673214500,mqllnuma_4_4_4_32,43718342,128,10
678937752,mqllnuma_4_4_4_32,43718042,128,10
676163518,mqllnuma_4_4_4_32,43864984,128,10
676364716,mqllnuma_4_4_4_32,43712285,128,10
638368626,mqllnuma_4_4_4_64,43777013,128,10
637696554,mqllnuma_4_4_4_64,43950850,128,10
636077438,mqllnuma_4_4_4_64,43817562,128,10
639850902,mqllnuma_4_4_4_64,43813120,128,10
639413112,mqllnuma_4_4_4_64,43747731,128,10
608469102,mqllnuma_4_4_4_128,43925402,128,10
607820920,mqllnuma_4_4_4_128,44058088,128,10
609230096,mqllnuma_4_4_4_128,44079199,128,10
607499514,mqllnuma_4_4_4_128,43887137,128,10
606131060,mqllnuma_4_4_4_128,43964761,128,10
583172040,mqllnuma_4_4_4_256,44118281,128,10
582724052,mqllnuma_4_4_4_256,44241030,128,10
580393814,mqllnuma_4_4_4_256,44132626,128,10
585378794,mqllnuma_4_4_4_256,44212175,128,10
584118012,mqllnuma_4_4_4_256,44092373,128,10
565230974,mqllnuma_4_4_4_512,44524664,128,10
563849026,mqllnuma_4_4_4_512,44665309,128,10
566512180,mqllnuma_4_4_4_512,44644824,128,10
563808452,mqllnuma_4_4_4_512,44615236,128,10
566721226,mqllnuma_4_4_4_512,44827240,128,10
554562366,mqllnuma_4_4_4_1024,45643113,128,10
557312096,mqllnuma_4_4_4_1024,45694160,128,10
553753180,mqllnuma_4_4_4_1024,45527261,128,10
554420380,mqllnuma_4_4_4_1024,45521619,128,10
556552258,mqllnuma_4_4_4_1024,45641687,128,10
