3476419078,mqllnuma_4_1024_1024_1,92875226,128,10
3547645216,mqllnuma_4_1024_1024_1,95092796,128,10
3553407714,mqllnuma_4_1024_1024_1,94042914,128,10
3445018430,mqllnuma_4_1024_1024_1,92192224,128,10
3555813138,mqllnuma_4_1024_1024_1,95244774,128,10
3538797996,mqllnuma_4_1024_1024_2,95555715,128,10
3508544816,mqllnuma_4_1024_1024_2,94636538,128,10
3424446922,mqllnuma_4_1024_1024_2,92118036,128,10
3412715420,mqllnuma_4_1024_1024_2,92692334,128,10
3503627610,mqllnuma_4_1024_1024_2,93381728,128,10
3461735046,mqllnuma_4_1024_1024_4,93239052,128,10
3398600752,mqllnuma_4_1024_1024_4,94083095,128,10
3381359980,mqllnuma_4_1024_1024_4,93038842,128,10
3435148598,mqllnuma_4_1024_1024_4,94180517,128,10
3403348474,mqllnuma_4_1024_1024_4,94871211,128,10
3275506382,mqllnuma_4_1024_1024_8,93727587,128,10
3288880308,mqllnuma_4_1024_1024_8,93570298,128,10
3255425898,mqllnuma_4_1024_1024_8,92718287,128,10
3280757540,mqllnuma_4_1024_1024_8,94900610,128,10
3392720370,mqllnuma_4_1024_1024_8,93777910,128,10
3111062742,mqllnuma_4_1024_1024_16,92692496,128,10
3097522396,mqllnuma_4_1024_1024_16,92318127,128,10
3124814066,mqllnuma_4_1024_1024_16,92335597,128,10
3089222374,mqllnuma_4_1024_1024_16,92370942,128,10
3216053050,mqllnuma_4_1024_1024_16,95619893,128,10
3021131862,mqllnuma_4_1024_1024_32,94216945,128,10
3063488026,mqllnuma_4_1024_1024_32,93935362,128,10
3176923868,mqllnuma_4_1024_1024_32,93410570,128,10
3168662996,mqllnuma_4_1024_1024_32,98878318,128,10
3054837182,mqllnuma_4_1024_1024_32,94639051,128,10
2963984860,mqllnuma_4_1024_1024_64,96071557,128,10
2975553726,mqllnuma_4_1024_1024_64,97568031,128,10
3079917044,mqllnuma_4_1024_1024_64,100642063,128,10
2992384528,mqllnuma_4_1024_1024_64,97238683,128,10
3083005106,mqllnuma_4_1024_1024_64,100322886,128,10
3188400018,mqllnuma_4_1024_1024_128,106343590,128,10
3283486470,mqllnuma_4_1024_1024_128,115425245,128,10
3414880134,mqllnuma_4_1024_1024_128,123101050,128,10
3024621988,mqllnuma_4_1024_1024_128,101435788,128,10
3272365810,mqllnuma_4_1024_1024_128,117268879,128,10
3446516570,mqllnuma_4_1024_1024_256,128677073,128,10
3969792092,mqllnuma_4_1024_1024_256,152902833,128,10
3895250752,mqllnuma_4_1024_1024_256,149200906,128,10
3852219972,mqllnuma_4_1024_1024_256,140507591,128,10
4007076258,mqllnuma_4_1024_1024_256,146705518,128,10
3555578670,mqllnuma_4_1024_1024_512,139680192,128,10
4625463954,mqllnuma_4_1024_1024_512,178332004,128,10
4221414980,mqllnuma_4_1024_1024_512,168574632,128,10
3417189290,mqllnuma_4_1024_1024_512,133599908,128,10
4066478056,mqllnuma_4_1024_1024_512,168305240,128,10
4020424500,mqllnuma_4_1024_1024_1024,165536050,128,10
4716148872,mqllnuma_4_1024_1024_1024,192560527,128,10
4827176066,mqllnuma_4_1024_1024_1024,191049598,128,10
4754089894,mqllnuma_4_1024_1024_1024,190606796,128,10
4249246016,mqllnuma_4_1024_1024_1024,184904210,128,10
