323866790,mqllnuma_4_2_1_1,9032746,128,10
347201392,mqllnuma_4_2_1_1,9005968,128,10
331643260,mqllnuma_4_2_1_1,8992477,128,10
356172872,mqllnuma_4_2_1_1,9009795,128,10
352440650,mqllnuma_4_2_1_1,9013160,128,10
350305172,mqllnuma_4_2_1_2,8982074,128,10
343129940,mqllnuma_4_2_1_2,9018502,128,10
348964936,mqllnuma_4_2_1_2,8990102,128,10
354129286,mqllnuma_4_2_1_2,9011778,128,10
344378888,mqllnuma_4_2_1_2,9007284,128,10
325623452,mqllnuma_4_2_1_4,9027749,128,10
296539872,mqllnuma_4_2_1_4,9010752,128,10
326738296,mqllnuma_4_2_1_4,9008272,128,10
322865784,mqllnuma_4_2_1_4,9011061,128,10
291486344,mqllnuma_4_2_1_4,9024681,128,10
290692612,mqllnuma_4_2_1_8,9039784,128,10
291695844,mqllnuma_4_2_1_8,9032621,128,10
292615192,mqllnuma_4_2_1_8,9011378,128,10
291235716,mqllnuma_4_2_1_8,9025502,128,10
288391532,mqllnuma_4_2_1_8,9022116,128,10
269381870,mqllnuma_4_2_1_16,9075984,128,10
227806690,mqllnuma_4_2_1_16,9073096,128,10
264914864,mqllnuma_4_2_1_16,9049403,128,10
229371620,mqllnuma_4_2_1_16,9075078,128,10
264118964,mqllnuma_4_2_1_16,9034706,128,10
250900660,mqllnuma_4_2_1_32,9078698,128,10
249392154,mqllnuma_4_2_1_32,9092013,128,10
252911026,mqllnuma_4_2_1_32,9063455,128,10
208305226,mqllnuma_4_2_1_32,9086373,128,10
247157954,mqllnuma_4_2_1_32,9059576,128,10
237496016,mqllnuma_4_2_1_64,9112406,128,10
233470758,mqllnuma_4_2_1_64,9110058,128,10
193776168,mqllnuma_4_2_1_64,9166230,128,10
240274164,mqllnuma_4_2_1_64,9121698,128,10
238404096,mqllnuma_4_2_1_64,9153580,128,10
228074790,mqllnuma_4_2_1_128,9237823,128,10
227595926,mqllnuma_4_2_1_128,9229291,128,10
184847182,mqllnuma_4_2_1_128,9235369,128,10
235622710,mqllnuma_4_2_1_128,9203678,128,10
236991546,mqllnuma_4_2_1_128,9224137,128,10
227132870,mqllnuma_4_2_1_256,9415804,128,10
234879652,mqllnuma_4_2_1_256,9443012,128,10
234141172,mqllnuma_4_2_1_256,9380125,128,10
231425380,mqllnuma_4_2_1_256,9441785,128,10
232255572,mqllnuma_4_2_1_256,9475817,128,10
176871812,mqllnuma_4_2_1_512,9609670,128,10
229767328,mqllnuma_4_2_1_512,9739830,128,10
236476394,mqllnuma_4_2_1_512,9751289,128,10
237158302,mqllnuma_4_2_1_512,9750874,128,10
230149416,mqllnuma_4_2_1_512,9773270,128,10
239294682,mqllnuma_4_2_1_1024,10024636,128,10
231740552,mqllnuma_4_2_1_1024,10113054,128,10
185371860,mqllnuma_4_2_1_1024,10350589,128,10
243250602,mqllnuma_4_2_1_1024,10171978,128,10
233909562,mqllnuma_4_2_1_1024,10070716,128,10
