6220001994,mqllnuma_4_1024_512_1,92215598,128,10
5740745272,mqllnuma_4_1024_512_1,92725631,128,10
5725118780,mqllnuma_4_1024_512_1,92329131,128,10
6096067554,mqllnuma_4_1024_512_1,92454946,128,10
6151109694,mqllnuma_4_1024_512_1,92281857,128,10
6044266132,mqllnuma_4_1024_512_2,91807723,128,10
6105724728,mqllnuma_4_1024_512_2,90751265,128,10
5563284550,mqllnuma_4_1024_512_2,90736957,128,10
6029870868,mqllnuma_4_1024_512_2,91294188,128,10
6075752926,mqllnuma_4_1024_512_2,90961555,128,10
5738314202,mqllnuma_4_1024_512_4,92669787,128,10
6012220020,mqllnuma_4_1024_512_4,93730253,128,10
6155748682,mqllnuma_4_1024_512_4,91117702,128,10
5850749704,mqllnuma_4_1024_512_4,91316556,128,10
6082339046,mqllnuma_4_1024_512_4,93892158,128,10
5652729526,mqllnuma_4_1024_512_8,92356213,128,10
5399926960,mqllnuma_4_1024_512_8,91122645,128,10
5297268216,mqllnuma_4_1024_512_8,91540064,128,10
5678913740,mqllnuma_4_1024_512_8,93088155,128,10
5721367046,mqllnuma_4_1024_512_8,91713876,128,10
5670498022,mqllnuma_4_1024_512_16,92299582,128,10
5357122544,mqllnuma_4_1024_512_16,91423403,128,10
5397882848,mqllnuma_4_1024_512_16,90984934,128,10
5605406266,mqllnuma_4_1024_512_16,94543623,128,10
5548680880,mqllnuma_4_1024_512_16,94736670,128,10
5173341464,mqllnuma_4_1024_512_32,91181399,128,10
5362376548,mqllnuma_4_1024_512_32,92744436,128,10
5188769648,mqllnuma_4_1024_512_32,91927053,128,10
5034919958,mqllnuma_4_1024_512_32,93792200,128,10
5380267812,mqllnuma_4_1024_512_32,93359383,128,10
5323874054,mqllnuma_4_1024_512_64,93756673,128,10
5435660320,mqllnuma_4_1024_512_64,93590996,128,10
5352540102,mqllnuma_4_1024_512_64,93096952,128,10
5185116030,mqllnuma_4_1024_512_64,93571488,128,10
5315323724,mqllnuma_4_1024_512_64,93471678,128,10
5779066062,mqllnuma_4_1024_512_128,95178083,128,10
5336398764,mqllnuma_4_1024_512_128,93225013,128,10
5265513792,mqllnuma_4_1024_512_128,94017144,128,10
5677276670,mqllnuma_4_1024_512_128,95223174,128,10
5603446982,mqllnuma_4_1024_512_128,93921867,128,10
5673421944,mqllnuma_4_1024_512_256,95402644,128,10
6022091790,mqllnuma_4_1024_512_256,95285547,128,10
6005114214,mqllnuma_4_1024_512_256,94107281,128,10
5500181912,mqllnuma_4_1024_512_256,95062536,128,10
5883529894,mqllnuma_4_1024_512_256,94283745,128,10
5569608660,mqllnuma_4_1024_512_512,95920997,128,10
5342825540,mqllnuma_4_1024_512_512,95070371,128,10
5787757020,mqllnuma_4_1024_512_512,95269601,128,10
6624038704,mqllnuma_4_1024_512_512,95983141,128,10
6180083502,mqllnuma_4_1024_512_512,95110646,128,10
5975701080,mqllnuma_4_1024_512_1024,94855495,128,10
6089486872,mqllnuma_4_1024_512_1024,95279939,128,10
5704632242,mqllnuma_4_1024_512_1024,95293715,128,10
6344646370,mqllnuma_4_1024_512_1024,95274613,128,10
6159884544,mqllnuma_4_1024_512_1024,96938670,128,10
