5155607340,mqpp_4_1_1,7714690,1
4968937340,mqpp_4_1_1,7714736,1
4999663940,mqpp_4_1_1,7714130,1
4968808060,mqpp_4_1_1,7715779,1
4928522620,mqpp_4_1_1,7714437,1
4934478440,mqpp_4_1_1,7713201,1
4910694320,mqpp_4_1_1,7714295,1
4909158320,mqpp_4_1_1,7713409,1
4901072160,mqpp_4_1_1,7713986,1
4910480000,mqpp_4_1_1,7715326,1
3190842100,mqpp_4_1_1,7731561,2
3176656920,mqpp_4_1_1,7729533,2
3236022780,mqpp_4_1_1,7729435,2
3240678660,mqpp_4_1_1,7731197,2
3219768220,mqpp_4_1_1,7729012,2
3218299400,mqpp_4_1_1,7729220,2
3202511280,mqpp_4_1_1,7729973,2
3202649820,mqpp_4_1_1,7729673,2
3199092780,mqpp_4_1_1,7729162,2
3223620080,mqpp_4_1_1,7730600,2
1568016880,mqpp_4_1_1,7758742,4
1569300800,mqpp_4_1_1,7757903,4
1566981900,mqpp_4_1_1,7758937,4
1567911520,mqpp_4_1_1,7757624,4
1566327760,mqpp_4_1_1,7758937,4
1566209900,mqpp_4_1_1,7758926,4
1565794440,mqpp_4_1_1,7756777,4
1569469040,mqpp_4_1_1,7758528,4
1568435840,mqpp_4_1_1,7758845,4
1567478540,mqpp_4_1_1,7760188,4
1886307100,mqpp_4_1_1,7809444,8
1807079000,mqpp_4_1_1,7806165,8
1817059140,mqpp_4_1_1,7803547,8
1802563300,mqpp_4_1_1,7805950,8
1821123340,mqpp_4_1_1,7805801,8
1821183340,mqpp_4_1_1,7807186,8
1827115500,mqpp_4_1_1,7805401,8
1870437300,mqpp_4_1_1,7805098,8
1813389120,mqpp_4_1_1,7807874,8
1851578380,mqpp_4_1_1,7806025,8
1100107740,mqpp_4_1_1,7892393,16
1103081600,mqpp_4_1_1,7890679,16
1099330440,mqpp_4_1_1,7896322,16
1115210800,mqpp_4_1_1,7893406,16
1113753240,mqpp_4_1_1,7898573,16
1119431660,mqpp_4_1_1,7896445,16
1112822720,mqpp_4_1_1,7895543,16
1117734600,mqpp_4_1_1,7892907,16
1120374540,mqpp_4_1_1,7897589,16
1101871500,mqpp_4_1_1,7895791,16
625206200,mqpp_4_1_1,8092741,32
632765580,mqpp_4_1_1,8088792,32
629158540,mqpp_4_1_1,8088402,32
632415880,mqpp_4_1_1,8087207,32
621343700,mqpp_4_1_1,8082706,32
622291420,mqpp_4_1_1,8087186,32
635691440,mqpp_4_1_1,8091414,32
633066880,mqpp_4_1_1,8087236,32
630390620,mqpp_4_1_1,8076350,32
633820700,mqpp_4_1_1,8084943,32
366704740,mqpp_4_1_1,8481326,64
366558400,mqpp_4_1_1,8469637,64
368525320,mqpp_4_1_1,8481846,64
367983700,mqpp_4_1_1,8481603,64
367733840,mqpp_4_1_1,8476138,64
450111540,mqpp_4_1_1,8475868,64
448612460,mqpp_4_1_1,8492768,64
368201760,mqpp_4_1_1,8493435,64
367894320,mqpp_4_1_1,8468251,64
367491260,mqpp_4_1_1,8480145,64
271295840,mqpp_4_1_1,9383147,128
271124840,mqpp_4_1_1,9378861,128
275031380,mqpp_4_1_1,9349883,128
271710020,mqpp_4_1_1,9358472,128
271210860,mqpp_4_1_1,9357191,128
272063980,mqpp_4_1_1,9401700,128
272037540,mqpp_4_1_1,9356611,128
277640380,mqpp_4_1_1,9361522,128
276551520,mqpp_4_1_1,9380063,128
272975800,mqpp_4_1_1,9365855,128
229192960,mqpp_4_1_1,11814592,256
248794360,mqpp_4_1_1,11757357,256
253288940,mqpp_4_1_1,11788877,256
253912940,mqpp_4_1_1,11733147,256
243870360,mqpp_4_1_1,11703996,256
230430000,mqpp_4_1_1,11734473,256
240464940,mqpp_4_1_1,11738779,256
246635720,mqpp_4_1_1,11746088,256
255292780,mqpp_4_1_1,11757944,256
275861500,mqpp_4_1_1,11701019,256
4904287940,mqpp_4_1_1,7715046,1
4903035880,mqpp_4_1_1,7715189,1
4912642160,mqpp_4_1_1,7715362,1
4883215400,mqpp_4_1_1,7715530,1
4910929000,mqpp_4_1_1,7715273,1
4883146000,mqpp_4_1_1,7714743,1
4901226560,mqpp_4_1_1,7713951,1
4892734560,mqpp_4_1_1,7713548,1
4892587180,mqpp_4_1_1,7714939,1
4899810680,mqpp_4_1_1,7714140,1
3187881020,mqpp_4_1_1,7733032,2
3217127760,mqpp_4_1_1,7731190,2
3168604060,mqpp_4_1_1,7730532,2
3218502960,mqpp_4_1_1,7731195,2
3181021040,mqpp_4_1_1,7729758,2
3189560760,mqpp_4_1_1,7730320,2
3185506780,mqpp_4_1_1,7729640,2
3190402560,mqpp_4_1_1,7729418,2
3268385400,mqpp_4_1_1,7729962,2
3186645900,mqpp_4_1_1,7729153,2
1562945720,mqpp_4_1_1,7759667,4
1567389400,mqpp_4_1_1,7759784,4
1566599940,mqpp_4_1_1,7757582,4
1565014980,mqpp_4_1_1,7759607,4
1567310380,mqpp_4_1_1,7758042,4
1570096340,mqpp_4_1_1,7759666,4
1567230260,mqpp_4_1_1,7757965,4
1575634380,mqpp_4_1_1,7757999,4
1568039580,mqpp_4_1_1,7757950,4
1567707520,mqpp_4_1_1,7759434,4
1860856100,mqpp_4_1_1,7807302,8
1865287680,mqpp_4_1_1,7806190,8
1805518400,mqpp_4_1_1,7804490,8
1820653980,mqpp_4_1_1,7804838,8
1875942700,mqpp_4_1_1,7805200,8
1837560400,mqpp_4_1_1,7804361,8
1859612580,mqpp_4_1_1,7806333,8
1865862660,mqpp_4_1_1,7805987,8
1854516160,mqpp_4_1_1,7806092,8
1888535380,mqpp_4_1_1,7805947,8
1108365620,mqpp_4_1_1,7892290,16
1124412640,mqpp_4_1_1,7900534,16
1115818540,mqpp_4_1_1,7894783,16
1112569340,mqpp_4_1_1,7895453,16
1106753100,mqpp_4_1_1,7895606,16
1116552760,mqpp_4_1_1,7894921,16
1109704440,mqpp_4_1_1,7896716,16
1119150180,mqpp_4_1_1,7894520,16
1108916000,mqpp_4_1_1,7893431,16
1126821620,mqpp_4_1_1,7893935,16
631394940,mqpp_4_1_1,8077786,32
622757000,mqpp_4_1_1,8096162,32
627182360,mqpp_4_1_1,8091704,32
630747300,mqpp_4_1_1,8088016,32
631398260,mqpp_4_1_1,8078366,32
625017620,mqpp_4_1_1,8079660,32
626732800,mqpp_4_1_1,8081671,32
630252440,mqpp_4_1_1,8092262,32
628319160,mqpp_4_1_1,8081100,32
627124160,mqpp_4_1_1,8093156,32
367641040,mqpp_4_1_1,8472223,64
367160400,mqpp_4_1_1,8475632,64
368817000,mqpp_4_1_1,8484825,64
367271680,mqpp_4_1_1,8479713,64
367300500,mqpp_4_1_1,8476713,64
367630760,mqpp_4_1_1,8476277,64
366708800,mqpp_4_1_1,8464458,64
368311100,mqpp_4_1_1,8478735,64
367935240,mqpp_4_1_1,8473322,64
367285600,mqpp_4_1_1,8489272,64
273665060,mqpp_4_1_1,9382452,128
271608060,mqpp_4_1_1,9374468,128
274466560,mqpp_4_1_1,9347264,128
270312220,mqpp_4_1_1,9351647,128
271670060,mqpp_4_1_1,9375358,128
271258780,mqpp_4_1_1,9380515,128
270185500,mqpp_4_1_1,9349558,128
272075000,mqpp_4_1_1,9366849,128
271587000,mqpp_4_1_1,9368725,128
273910500,mqpp_4_1_1,9366824,128
238294280,mqpp_4_1_1,11740625,256
229956620,mqpp_4_1_1,11764880,256
235837440,mqpp_4_1_1,11703361,256
233956860,mqpp_4_1_1,11790853,256
246695320,mqpp_4_1_1,11779914,256
250587340,mqpp_4_1_1,11757765,256
229205180,mqpp_4_1_1,11744975,256
256183380,mqpp_4_1_1,11713055,256
281072560,mqpp_4_1_1,11696535,256
235880860,mqpp_4_1_1,11775980,256
