132176902400,mqpp_4_16_1024,35023682,1
128554826580,mqpp_4_16_1024,35086485,1
116168457340,mqpp_4_16_1024,35053666,1
113726467180,mqpp_4_16_1024,35020900,1
113529166720,mqpp_4_16_1024,35082371,1
112705223740,mqpp_4_16_1024,35044880,1
112900251200,mqpp_4_16_1024,35028739,1
112790610960,mqpp_4_16_1024,35022229,1
111869430860,mqpp_4_16_1024,35037992,1
112416258620,mqpp_4_16_1024,35078449,1
57168161240,mqpp_4_16_1024,35019393,2
57065039540,mqpp_4_16_1024,35024225,2
57160953220,mqpp_4_16_1024,35021368,2
56465688840,mqpp_4_16_1024,35019448,2
56784037200,mqpp_4_16_1024,35026967,2
56956707740,mqpp_4_16_1024,35018754,2
57108779860,mqpp_4_16_1024,35019074,2
57116359140,mqpp_4_16_1024,35026000,2
57100413740,mqpp_4_16_1024,35018679,2
57025552840,mqpp_4_16_1024,35023453,2
29152646360,mqpp_4_16_1024,35026484,4
28860296600,mqpp_4_16_1024,35029146,4
29283744800,mqpp_4_16_1024,35025548,4
29031943860,mqpp_4_16_1024,35031745,4
28837796460,mqpp_4_16_1024,35020755,4
29036319380,mqpp_4_16_1024,35036853,4
29159471300,mqpp_4_16_1024,35020662,4
29202982460,mqpp_4_16_1024,35025602,4
29163064940,mqpp_4_16_1024,35027437,4
29176092260,mqpp_4_16_1024,35030492,4
15687156240,mqpp_4_16_1024,35040271,8
15699251600,mqpp_4_16_1024,35044138,8
15666361400,mqpp_4_16_1024,35028507,8
15568661120,mqpp_4_16_1024,35041969,8
15633211960,mqpp_4_16_1024,35032426,8
15682832180,mqpp_4_16_1024,35036722,8
15642434080,mqpp_4_16_1024,35302193,8
15653242340,mqpp_4_16_1024,35033920,8
15749761880,mqpp_4_16_1024,35310657,8
15729479160,mqpp_4_16_1024,35122136,8
8064693820,mqpp_4_16_1024,35072236,16
8046742040,mqpp_4_16_1024,35097918,16
8061797600,mqpp_4_16_1024,35082302,16
8064859880,mqpp_4_16_1024,35077388,16
7996093860,mqpp_4_16_1024,35078267,16
8065441660,mqpp_4_16_1024,35218410,16
8047026960,mqpp_4_16_1024,35087641,16
8074470080,mqpp_4_16_1024,35093209,16
8072932500,mqpp_4_16_1024,35083292,16
8043640540,mqpp_4_16_1024,35098818,16
4417672140,mqpp_4_16_1024,36739450,32
4386654160,mqpp_4_16_1024,35787124,32
4386120440,mqpp_4_16_1024,35598438,32
4377221200,mqpp_4_16_1024,35830418,32
4409338180,mqpp_4_16_1024,36050479,32
4402441000,mqpp_4_16_1024,36346183,32
4378814860,mqpp_4_16_1024,35367905,32
4362494400,mqpp_4_16_1024,35494237,32
4339259980,mqpp_4_16_1024,35638335,32
4367178600,mqpp_4_16_1024,35947817,32
2833593340,mqpp_4_16_1024,37520302,64
2886934680,mqpp_4_16_1024,38131865,64
2735431760,mqpp_4_16_1024,36939746,64
2826471560,mqpp_4_16_1024,37138201,64
2836360260,mqpp_4_16_1024,37463514,64
2780725340,mqpp_4_16_1024,36613168,64
2764332220,mqpp_4_16_1024,37012405,64
2818919620,mqpp_4_16_1024,37486431,64
2809577020,mqpp_4_16_1024,37236560,64
2841682800,mqpp_4_16_1024,37942491,64
3209756860,mqpp_4_16_1024,39767802,128
3375428040,mqpp_4_16_1024,39390305,128
3206297060,mqpp_4_16_1024,39598365,128
3247031100,mqpp_4_16_1024,39440366,128
3211718920,mqpp_4_16_1024,39788445,128
3160193360,mqpp_4_16_1024,39281976,128
3219120560,mqpp_4_16_1024,39632472,128
3248493480,mqpp_4_16_1024,39335194,128
3200862960,mqpp_4_16_1024,39395048,128
3217445140,mqpp_4_16_1024,39585055,128
3277520960,mqpp_4_16_1024,41496865,256
3215055400,mqpp_4_16_1024,41257880,256
3314184020,mqpp_4_16_1024,41311846,256
3671256740,mqpp_4_16_1024,41232369,256
3253436380,mqpp_4_16_1024,41207611,256
3168401260,mqpp_4_16_1024,41247166,256
3254896800,mqpp_4_16_1024,41060520,256
3555215420,mqpp_4_16_1024,41171609,256
3189635960,mqpp_4_16_1024,41344639,256
3438119860,mqpp_4_16_1024,40945742,256
