44079573460,mqpp_4_64_128,50546295,1
44183007820,mqpp_4_64_128,50544673,1
44074691940,mqpp_4_64_128,50545456,1
44062057660,mqpp_4_64_128,50544640,1
44123267840,mqpp_4_64_128,50547096,1
44429562300,mqpp_4_64_128,50546429,1
44077097680,mqpp_4_64_128,50547434,1
44317102240,mqpp_4_64_128,50546200,1
44061042100,mqpp_4_64_128,50545688,1
43826279200,mqpp_4_64_128,50546276,1
23206324720,mqpp_4_64_128,50551730,2
23251925940,mqpp_4_64_128,50548759,2
23208915140,mqpp_4_64_128,50549376,2
23157184200,mqpp_4_64_128,50549487,2
23213560420,mqpp_4_64_128,50553255,2
23169190320,mqpp_4_64_128,50552175,2
23112315900,mqpp_4_64_128,50551385,2
23181584500,mqpp_4_64_128,50554357,2
23175588820,mqpp_4_64_128,50553459,2
23142827720,mqpp_4_64_128,50551534,2
11651397620,mqpp_4_64_128,50555190,4
11714062300,mqpp_4_64_128,50553580,4
11714507960,mqpp_4_64_128,50562983,4
11676818320,mqpp_4_64_128,50555729,4
11674378880,mqpp_4_64_128,50557595,4
11747814460,mqpp_4_64_128,50556215,4
11734294760,mqpp_4_64_128,50557822,4
11698377400,mqpp_4_64_128,50557561,4
11752272300,mqpp_4_64_128,50560966,4
11704002540,mqpp_4_64_128,50556149,4
6984093640,mqpp_4_64_128,50566824,8
6963994380,mqpp_4_64_128,50568116,8
6947186840,mqpp_4_64_128,50571509,8
6986459560,mqpp_4_64_128,50571073,8
6971427300,mqpp_4_64_128,50573345,8
6967046160,mqpp_4_64_128,50571464,8
6962854000,mqpp_4_64_128,50573598,8
6962585360,mqpp_4_64_128,50567901,8
6982571340,mqpp_4_64_128,50570789,8
6988185000,mqpp_4_64_128,50565453,8
3731964920,mqpp_4_64_128,50590807,16
3726467600,mqpp_4_64_128,50589825,16
3710530400,mqpp_4_64_128,50596427,16
3720435940,mqpp_4_64_128,50588226,16
3732791320,mqpp_4_64_128,50600714,16
3727959520,mqpp_4_64_128,50589389,16
3732543380,mqpp_4_64_128,50591802,16
3734772140,mqpp_4_64_128,50595039,16
3727401500,mqpp_4_64_128,50596151,16
3707705780,mqpp_4_64_128,50593008,16
2024260920,mqpp_4_64_128,50636703,32
2021681820,mqpp_4_64_128,50630917,32
2032465640,mqpp_4_64_128,50631161,32
2031736800,mqpp_4_64_128,50633970,32
2031294160,mqpp_4_64_128,50627038,32
2022740000,mqpp_4_64_128,50631846,32
2025209760,mqpp_4_64_128,50644588,32
2030622360,mqpp_4_64_128,50631210,32
2024408100,mqpp_4_64_128,50631152,32
2022435960,mqpp_4_64_128,50625624,32
1253768440,mqpp_4_64_128,50712667,64
1256259360,mqpp_4_64_128,50717214,64
1261159660,mqpp_4_64_128,50703560,64
1247292620,mqpp_4_64_128,50716227,64
1253505860,mqpp_4_64_128,50719697,64
1239471440,mqpp_4_64_128,50733091,64
1260631640,mqpp_4_64_128,50697341,64
1258434880,mqpp_4_64_128,50718694,64
1253043460,mqpp_4_64_128,50725033,64
1265954440,mqpp_4_64_128,50693734,64
1087305180,mqpp_4_64_128,50871173,128
1057332060,mqpp_4_64_128,50875902,128
1072926760,mqpp_4_64_128,50833071,128
1063196700,mqpp_4_64_128,50895364,128
1094103780,mqpp_4_64_128,50868914,128
1064881120,mqpp_4_64_128,50844022,128
1084630120,mqpp_4_64_128,50831809,128
1087358320,mqpp_4_64_128,50849809,128
1094662100,mqpp_4_64_128,50842667,128
1082254880,mqpp_4_64_128,50854221,128
1009136920,mqpp_4_64_128,51273724,256
1001759740,mqpp_4_64_128,51175569,256
968526760,mqpp_4_64_128,51127563,256
982678260,mqpp_4_64_128,51189460,256
960562620,mqpp_4_64_128,51082034,256
989742540,mqpp_4_64_128,51150090,256
977784000,mqpp_4_64_128,51180419,256
968620280,mqpp_4_64_128,51116026,256
983570200,mqpp_4_64_128,51105083,256
1320750020,mqpp_4_64_128,51161793,256
