3368305860,mqpp_4_4_512,6577389,1
3352743340,mqpp_4_4_512,6571937,1
3346595280,mqpp_4_4_512,6585466,1
3339358120,mqpp_4_4_512,6576277,1
3344858080,mqpp_4_4_512,6565315,1
3347940760,mqpp_4_4_512,6575831,1
3332657520,mqpp_4_4_512,6559547,1
3306330980,mqpp_4_4_512,6586117,1
3311979120,mqpp_4_4_512,6572155,1
3303085060,mqpp_4_4_512,6575338,1
1683910860,mqpp_4_4_512,6444468,2
1674492100,mqpp_4_4_512,6447643,2
1687357000,mqpp_4_4_512,6446503,2
1671251140,mqpp_4_4_512,6442639,2
1680551300,mqpp_4_4_512,6449939,2
1508054340,mqpp_4_4_512,6434934,2
1663636320,mqpp_4_4_512,6446072,2
1677804240,mqpp_4_4_512,6442892,2
1663958560,mqpp_4_4_512,6444809,2
1668136900,mqpp_4_4_512,6445371,2
857778640,mqpp_4_4_512,6492120,4
852489400,mqpp_4_4_512,6485555,4
851225360,mqpp_4_4_512,6487159,4
872706740,mqpp_4_4_512,6489019,4
856196120,mqpp_4_4_512,6491615,4
849639280,mqpp_4_4_512,6487262,4
843451380,mqpp_4_4_512,6481648,4
867002480,mqpp_4_4_512,6487059,4
846583420,mqpp_4_4_512,6483198,4
834617160,mqpp_4_4_512,6491444,4
793299660,mqpp_4_4_512,6583077,8
792376920,mqpp_4_4_512,6568001,8
786411760,mqpp_4_4_512,6571211,8
785386900,mqpp_4_4_512,6572114,8
785401320,mqpp_4_4_512,6567454,8
788578660,mqpp_4_4_512,6570408,8
781779660,mqpp_4_4_512,6567388,8
797350140,mqpp_4_4_512,6575478,8
797830520,mqpp_4_4_512,6576397,8
788028100,mqpp_4_4_512,6571143,8
453265180,mqpp_4_4_512,6650756,16
459293940,mqpp_4_4_512,6651716,16
461429540,mqpp_4_4_512,6657799,16
449533200,mqpp_4_4_512,6642833,16
474162560,mqpp_4_4_512,6650091,16
461958460,mqpp_4_4_512,6658155,16
482971940,mqpp_4_4_512,6652689,16
446909940,mqpp_4_4_512,6648105,16
448006100,mqpp_4_4_512,6643170,16
454890860,mqpp_4_4_512,6648644,16
276532980,mqpp_4_4_512,6716198,32
278920400,mqpp_4_4_512,6722212,32
276667500,mqpp_4_4_512,6713300,32
277710540,mqpp_4_4_512,6716905,32
277329760,mqpp_4_4_512,6714038,32
277967600,mqpp_4_4_512,6714971,32
277800000,mqpp_4_4_512,6719499,32
276608580,mqpp_4_4_512,6716889,32
277875480,mqpp_4_4_512,6713229,32
275707140,mqpp_4_4_512,6714308,32
173919420,mqpp_4_4_512,6759364,64
175520260,mqpp_4_4_512,6760420,64
173691980,mqpp_4_4_512,6751429,64
173968000,mqpp_4_4_512,6764948,64
174742700,mqpp_4_4_512,6751101,64
174368000,mqpp_4_4_512,6757388,64
173955360,mqpp_4_4_512,6758459,64
174643060,mqpp_4_4_512,6753078,64
174619180,mqpp_4_4_512,6758079,64
175332000,mqpp_4_4_512,6758605,64
128278740,mqpp_4_4_512,6809962,128
127566200,mqpp_4_4_512,6809159,128
129274960,mqpp_4_4_512,6815995,128
128011860,mqpp_4_4_512,6814170,128
127804900,mqpp_4_4_512,6819814,128
128196940,mqpp_4_4_512,6811015,128
127213900,mqpp_4_4_512,6809612,128
127487560,mqpp_4_4_512,6814442,128
127269660,mqpp_4_4_512,6807612,128
127390880,mqpp_4_4_512,6802424,128
115094340,mqpp_4_4_512,6957705,256
102992320,mqpp_4_4_512,6925662,256
102858820,mqpp_4_4_512,6929353,256
103259920,mqpp_4_4_512,6920523,256
104125720,mqpp_4_4_512,6923467,256
103243000,mqpp_4_4_512,6941750,256
106678620,mqpp_4_4_512,6942212,256
102210940,mqpp_4_4_512,6917753,256
111363060,mqpp_4_4_512,6926986,256
113793840,mqpp_4_4_512,6935317,256
