20651954360,mqpp_4_2_16,12172399,1,0
20894192860,mqpp_4_2_16,12524207,1,0
13442977760,mqpp_4_2_16,7725896,1,0
19336840160,mqpp_4_2_16,12460971,1,0
19529969440,mqpp_4_2_16,12524207,1,0
19724006140,mqpp_4_2_16,12524207,1,0
19230666080,mqpp_4_2_16,12524207,1,0
18665869720,mqpp_4_2_16,12524207,1,0
15793201040,mqpp_4_2_16,10487482,1,0
18466999820,mqpp_4_2_16,12524207,1,0
10295211560,mqpp_4_2_16,12533536,2,0
9960291420,mqpp_4_2_16,12533377,2,0
10014361320,mqpp_4_2_16,12533531,2,0
9993605340,mqpp_4_2_16,12533140,2,0
9899940480,mqpp_4_2_16,12533189,2,0
9930512240,mqpp_4_2_16,12533368,2,0
9908504940,mqpp_4_2_16,12533379,2,0
9877191720,mqpp_4_2_16,12533145,2,0
9656956780,mqpp_4_2_16,12532708,2,0
9800183300,mqpp_4_2_16,12533303,2,0
5473525920,mqpp_4_2_16,12537661,4,0
5491748100,mqpp_4_2_16,12537331,4,0
5430280320,mqpp_4_2_16,12537549,4,0
5478542180,mqpp_4_2_16,12537100,4,0
5445910400,mqpp_4_2_16,12537545,4,0
5420089660,mqpp_4_2_16,12537015,4,0
5414409080,mqpp_4_2_16,12537182,4,0
5453526840,mqpp_4_2_16,12537961,4,0
5447353100,mqpp_4_2_16,12537340,4,0
5440421320,mqpp_4_2_16,12537069,4,0
3586695520,mqpp_4_2_16,12534758,8,0
3574132160,mqpp_4_2_16,12534321,8,0
3581166480,mqpp_4_2_16,12534590,8,0
3582761480,mqpp_4_2_16,12534946,8,0
3576397860,mqpp_4_2_16,12534443,8,0
3580234760,mqpp_4_2_16,12534574,8,0
3581210700,mqpp_4_2_16,12534522,8,0
3566279120,mqpp_4_2_16,12534464,8,0
3567797620,mqpp_4_2_16,12534358,8,0
3581836360,mqpp_4_2_16,12534558,8,0
2241770340,mqpp_4_2_16,12535280,16,0
2253380140,mqpp_4_2_16,12535123,16,0
2251302900,mqpp_4_2_16,12536793,16,0
2258968240,mqpp_4_2_16,12535536,16,0
2255174600,mqpp_4_2_16,12536073,16,0
2157430900,mqpp_4_2_16,12535624,16,0
2241101720,mqpp_4_2_16,12536786,16,0
2247557540,mqpp_4_2_16,12536391,16,0
2241128480,mqpp_4_2_16,12536509,16,0
2250111180,mqpp_4_2_16,12536532,16,0
1576181020,mqpp_4_2_16,12540770,32,0
1577511740,mqpp_4_2_16,12540461,32,0
1581530280,mqpp_4_2_16,12540493,32,0
1583805600,mqpp_4_2_16,12540270,32,0
1571942680,mqpp_4_2_16,12540015,32,0
1570728840,mqpp_4_2_16,12540320,32,0
1587109740,mqpp_4_2_16,12540963,32,0
1574865840,mqpp_4_2_16,12539753,32,0
1575784620,mqpp_4_2_16,12540233,32,0
1568867500,mqpp_4_2_16,12539096,32,0
1428595100,mqpp_4_2_16,12548191,64,0
1457500880,mqpp_4_2_16,12548974,64,0
1434890000,mqpp_4_2_16,12549488,64,0
1464042080,mqpp_4_2_16,12547807,64,0
1469212080,mqpp_4_2_16,12548424,64,0
1449149080,mqpp_4_2_16,12548501,64,0
1443188220,mqpp_4_2_16,12547941,64,0
1448119560,mqpp_4_2_16,12548450,64,0
1449615260,mqpp_4_2_16,12548454,64,0
1460295040,mqpp_4_2_16,12548067,64,0
1673047520,mqpp_4_2_16,12573106,128,0
1674923440,mqpp_4_2_16,12571343,128,0
1684698020,mqpp_4_2_16,12572797,128,0
1667784920,mqpp_4_2_16,12574274,128,0
1664269620,mqpp_4_2_16,12574912,128,0
1640495420,mqpp_4_2_16,12573427,128,0
1679521240,mqpp_4_2_16,12573468,128,0
1656412160,mqpp_4_2_16,12574749,128,0
1654269320,mqpp_4_2_16,12572179,128,0
1711061000,mqpp_4_2_16,12572955,128,0
1665619940,mqpp_4_2_16,12614317,256,0
1664572460,mqpp_4_2_16,12622788,256,0
1697774800,mqpp_4_2_16,12618240,256,0
1846028400,mqpp_4_2_16,12706755,256,0
1703782460,mqpp_4_2_16,12616603,256,0
1727848560,mqpp_4_2_16,12617869,256,0
1693150820,mqpp_4_2_16,12615297,256,0
1716780460,mqpp_4_2_16,12616799,256,0
1709137700,mqpp_4_2_16,12616039,256,0
1739032500,mqpp_4_2_16,12621382,256,0
28212980780,mqpp_4_2_16,12524207,1,0
26679955580,mqpp_4_2_16,12524207,1,0
25471712340,mqpp_4_2_16,12524207,1,0
23987693680,mqpp_4_2_16,12524207,1,0
14759518840,mqpp_4_2_16,7256878,1,0
22357540480,mqpp_4_2_16,12524207,1,0
21377629340,mqpp_4_2_16,12524207,1,0
15967128240,mqpp_4_2_16,9028688,1,0
19903850920,mqpp_4_2_16,12524207,1,0
18921292880,mqpp_4_2_16,12524207,1,0
10401027900,mqpp_4_2_16,12533600,2,0
10124449160,mqpp_4_2_16,12533466,2,0
10022288540,mqpp_4_2_16,12533243,2,0
9979955080,mqpp_4_2_16,12533343,2,0
9972359460,mqpp_4_2_16,12533155,2,0
9611498840,mqpp_4_2_16,12532454,2,0
9707360340,mqpp_4_2_16,12533096,2,0
9637003580,mqpp_4_2_16,12532789,2,0
9650667880,mqpp_4_2_16,12532721,2,0
9564373200,mqpp_4_2_16,12532844,2,0
5381266840,mqpp_4_2_16,12536756,4,0
5474418940,mqpp_4_2_16,12537152,4,0
5426479040,mqpp_4_2_16,12537047,4,0
5431171280,mqpp_4_2_16,12537242,4,0
5412967880,mqpp_4_2_16,12537437,4,0
5424086520,mqpp_4_2_16,12537229,4,0
5421178880,mqpp_4_2_16,12537155,4,0
5429625440,mqpp_4_2_16,12537192,4,0
5441279000,mqpp_4_2_16,12537147,4,0
5375407300,mqpp_4_2_16,12536994,4,0
3574538420,mqpp_4_2_16,12534141,8,0
3583515160,mqpp_4_2_16,12534428,8,0
3563221660,mqpp_4_2_16,12535220,8,0
3560423040,mqpp_4_2_16,12534999,8,0
3577725760,mqpp_4_2_16,12534397,8,0
3565796260,mqpp_4_2_16,12534439,8,0
3570798040,mqpp_4_2_16,12535404,8,0
3570067980,mqpp_4_2_16,12534863,8,0
3584957020,mqpp_4_2_16,12534222,8,0
3569574840,mqpp_4_2_16,12534703,8,0
2261796280,mqpp_4_2_16,12535063,16,0
2246945640,mqpp_4_2_16,12537000,16,0
2251491660,mqpp_4_2_16,12535794,16,0
2244879060,mqpp_4_2_16,12535361,16,0
2244070260,mqpp_4_2_16,12534974,16,0
2245703960,mqpp_4_2_16,12535157,16,0
2244739680,mqpp_4_2_16,12536065,16,0
2250608420,mqpp_4_2_16,12535963,16,0
2248434140,mqpp_4_2_16,12535057,16,0
2253617160,mqpp_4_2_16,12536222,16,0
1574521340,mqpp_4_2_16,12540472,32,0
1572218440,mqpp_4_2_16,12539431,32,0
1577027000,mqpp_4_2_16,12540433,32,0
1580292720,mqpp_4_2_16,12539673,32,0
1574577240,mqpp_4_2_16,12540242,32,0
1579470460,mqpp_4_2_16,12541074,32,0
1578259940,mqpp_4_2_16,12540233,32,0
1585830160,mqpp_4_2_16,12539862,32,0
1582451700,mqpp_4_2_16,12540628,32,0
1570639260,mqpp_4_2_16,12539751,32,0
1437751440,mqpp_4_2_16,12548401,64,0
1491334800,mqpp_4_2_16,12547964,64,0
1466499300,mqpp_4_2_16,12548270,64,0
1454646160,mqpp_4_2_16,12547537,64,0
1482648420,mqpp_4_2_16,12547941,64,0
1480718680,mqpp_4_2_16,12548384,64,0
1449569640,mqpp_4_2_16,12548097,64,0
1472311040,mqpp_4_2_16,12547750,64,0
1476316140,mqpp_4_2_16,12548019,64,0
1477645020,mqpp_4_2_16,12547722,64,0
1672720920,mqpp_4_2_16,12573957,128,0
1730414260,mqpp_4_2_16,12574271,128,0
1756160280,mqpp_4_2_16,12573225,128,0
1725780920,mqpp_4_2_16,12573062,128,0
1695560740,mqpp_4_2_16,12574730,128,0
1711184180,mqpp_4_2_16,12572611,128,0
1721068700,mqpp_4_2_16,12573684,128,0
1686734820,mqpp_4_2_16,12573882,128,0
1703472500,mqpp_4_2_16,12573916,128,0
1693664340,mqpp_4_2_16,12574885,128,0
1663504960,mqpp_4_2_16,12620817,256,0
1694849140,mqpp_4_2_16,12625461,256,0
1698665640,mqpp_4_2_16,12628142,256,0
1691210220,mqpp_4_2_16,12614143,256,0
1694784080,mqpp_4_2_16,12617933,256,0
1722188340,mqpp_4_2_16,12620828,256,0
1729982580,mqpp_4_2_16,12629223,256,0
1751740640,mqpp_4_2_16,12627226,256,0
1755465620,mqpp_4_2_16,12618738,256,0
1818516140,mqpp_4_2_16,12620666,256,0
