123962677240,mqpp_4_1024_1024,75816687,1,10
124242780200,mqpp_4_1024_1024,75798995,1,10
124232564280,mqpp_4_1024_1024,75861110,1,10
124296208880,mqpp_4_1024_1024,75803275,1,10
124303559640,mqpp_4_1024_1024,75825090,1,10
123917525380,mqpp_4_1024_1024,75824633,1,10
124407502880,mqpp_4_1024_1024,75804311,1,10
124369470180,mqpp_4_1024_1024,75850653,1,10
124512059400,mqpp_4_1024_1024,75804102,1,10
124409466000,mqpp_4_1024_1024,75856986,1,10
61950616740,mqpp_4_1024_1024,75886111,2,10
61924162740,mqpp_4_1024_1024,75858073,2,10
61919423020,mqpp_4_1024_1024,75861312,2,10
62061169900,mqpp_4_1024_1024,75882256,2,10
62081607880,mqpp_4_1024_1024,75892775,2,10
61896614980,mqpp_4_1024_1024,75885512,2,10
61921079560,mqpp_4_1024_1024,75897599,2,10
62073141340,mqpp_4_1024_1024,75909918,2,10
61950464800,mqpp_4_1024_1024,75901265,2,10
62020654280,mqpp_4_1024_1024,75922158,2,10
31391025900,mqpp_4_1024_1024,76053235,4,10
31421912820,mqpp_4_1024_1024,76079604,4,10
31320592220,mqpp_4_1024_1024,75997420,4,10
31393638340,mqpp_4_1024_1024,76035866,4,10
31439711240,mqpp_4_1024_1024,76104533,4,10
31365454880,mqpp_4_1024_1024,76060035,4,10
31358372760,mqpp_4_1024_1024,75977806,4,10
31332363220,mqpp_4_1024_1024,76006238,4,10
31367899900,mqpp_4_1024_1024,76089358,4,10
31342110320,mqpp_4_1024_1024,76058730,4,10
16804205660,mqpp_4_1024_1024,76343794,8,10
16849311700,mqpp_4_1024_1024,76419247,8,10
16839506820,mqpp_4_1024_1024,76264746,8,10
16750293780,mqpp_4_1024_1024,76267286,8,10
16810066980,mqpp_4_1024_1024,76266058,8,10
16861701440,mqpp_4_1024_1024,76414985,8,10
16830869180,mqpp_4_1024_1024,76268783,8,10
16838982480,mqpp_4_1024_1024,76358385,8,10
16824035420,mqpp_4_1024_1024,76209988,8,10
16843987300,mqpp_4_1024_1024,76324359,8,10
8613231080,mqpp_4_1024_1024,76966592,16,10
8615830020,mqpp_4_1024_1024,76732259,16,10
8638808420,mqpp_4_1024_1024,76961608,16,10
8608559140,mqpp_4_1024_1024,76963489,16,10
8629853540,mqpp_4_1024_1024,76957160,16,10
8615042840,mqpp_4_1024_1024,76809304,16,10
8606194240,mqpp_4_1024_1024,76912878,16,10
8630513740,mqpp_4_1024_1024,76905124,16,10
8591780340,mqpp_4_1024_1024,76864526,16,10
8633049540,mqpp_4_1024_1024,77163061,16,10
4465021200,mqpp_4_1024_1024,78145283,32,10
4470020280,mqpp_4_1024_1024,78136874,32,10
4472349420,mqpp_4_1024_1024,78350113,32,10
4482002540,mqpp_4_1024_1024,78170351,32,10
4500805240,mqpp_4_1024_1024,78062812,32,10
4469132460,mqpp_4_1024_1024,77884670,32,10
4483536320,mqpp_4_1024_1024,78090932,32,10
4469936040,mqpp_4_1024_1024,78060059,32,10
4471349900,mqpp_4_1024_1024,78183866,32,10
4476387000,mqpp_4_1024_1024,78071493,32,10
2637950240,mqpp_4_1024_1024,80687614,64,10
2635726180,mqpp_4_1024_1024,80507584,64,10
2644856440,mqpp_4_1024_1024,81545492,64,10
2636578160,mqpp_4_1024_1024,80407629,64,10
2634808220,mqpp_4_1024_1024,80109153,64,10
2650996260,mqpp_4_1024_1024,80496541,64,10
2666522820,mqpp_4_1024_1024,81084335,64,10
2650242980,mqpp_4_1024_1024,80693342,64,10
2655107680,mqpp_4_1024_1024,80726005,64,10
2644284620,mqpp_4_1024_1024,81163977,64,10
2159071620,mqpp_4_1024_1024,86113631,128,10
2173887680,mqpp_4_1024_1024,86157783,128,10
2193434580,mqpp_4_1024_1024,85703892,128,10
2170537380,mqpp_4_1024_1024,86736212,128,10
2206882080,mqpp_4_1024_1024,86082144,128,10
2148136740,mqpp_4_1024_1024,85742909,128,10
2151074900,mqpp_4_1024_1024,85891065,128,10
2141391540,mqpp_4_1024_1024,85951944,128,10
2202655220,mqpp_4_1024_1024,86888266,128,10
2214274100,mqpp_4_1024_1024,86307661,128,10
2592453600,mqpp_4_1024_1024,99859613,256,10
2539856080,mqpp_4_1024_1024,97686414,256,10
3180611960,mqpp_4_1024_1024,101034788,256,10
2552422540,mqpp_4_1024_1024,98648050,256,10
2615384300,mqpp_4_1024_1024,100809703,256,10
2492994260,mqpp_4_1024_1024,97747356,256,10
2550687860,mqpp_4_1024_1024,97354169,256,10
2599489740,mqpp_4_1024_1024,99569607,256,10
2460503700,mqpp_4_1024_1024,99055461,256,10
2473945340,mqpp_4_1024_1024,97528460,256,10
