185203652000,mqpp_4_512_1024,85977885,1,10
183568111500,mqpp_4_512_1024,84858245,1,10
183873757020,mqpp_4_512_1024,84845991,1,10
184258198720,mqpp_4_512_1024,84866164,1,10
182984019080,mqpp_4_512_1024,84873420,1,10
183154679200,mqpp_4_512_1024,84924728,1,10
183952857440,mqpp_4_512_1024,84894954,1,10
183829066680,mqpp_4_512_1024,84873420,1,10
183543553180,mqpp_4_512_1024,84956976,1,10
183767328580,mqpp_4_512_1024,84850914,1,10
93079889000,mqpp_4_512_1024,84835251,2,10
92910236340,mqpp_4_512_1024,84834691,2,10
92830985080,mqpp_4_512_1024,84851640,2,10
93072485760,mqpp_4_512_1024,84832939,2,10
92957872920,mqpp_4_512_1024,84834111,2,10
92820669580,mqpp_4_512_1024,84835437,2,10
92968647100,mqpp_4_512_1024,84839307,2,10
92899733980,mqpp_4_512_1024,84829870,2,10
93008613380,mqpp_4_512_1024,84834960,2,10
92895536280,mqpp_4_512_1024,84861706,2,10
46559661080,mqpp_4_512_1024,84829841,4,10
46675469760,mqpp_4_512_1024,84860140,4,10
46610788060,mqpp_4_512_1024,84835861,4,10
46659603280,mqpp_4_512_1024,84845120,4,10
46627116900,mqpp_4_512_1024,84863197,4,10
46684206640,mqpp_4_512_1024,84842611,4,10
46648501900,mqpp_4_512_1024,84847803,4,10
46629172740,mqpp_4_512_1024,84840848,4,10
46661510100,mqpp_4_512_1024,84839142,4,10
46657443320,mqpp_4_512_1024,84835863,4,10
24549978160,mqpp_4_512_1024,84853883,8,10
24505226220,mqpp_4_512_1024,84860740,8,10
24473404340,mqpp_4_512_1024,84852017,8,10
24478915180,mqpp_4_512_1024,84856201,8,10
24381245840,mqpp_4_512_1024,84842396,8,10
24459973600,mqpp_4_512_1024,84874560,8,10
24497908380,mqpp_4_512_1024,84850777,8,10
24560904160,mqpp_4_512_1024,84888156,8,10
24487206060,mqpp_4_512_1024,84851435,8,10
24519715820,mqpp_4_512_1024,84852457,8,10
12613035580,mqpp_4_512_1024,84899159,16,10
12608699080,mqpp_4_512_1024,84885071,16,10
12609041860,mqpp_4_512_1024,84932618,16,10
12619167800,mqpp_4_512_1024,84888525,16,10
12596035520,mqpp_4_512_1024,84892398,16,10
12610608420,mqpp_4_512_1024,84896468,16,10
12504668780,mqpp_4_512_1024,84905966,16,10
12607411280,mqpp_4_512_1024,84910963,16,10
12600972800,mqpp_4_512_1024,84891682,16,10
12590243720,mqpp_4_512_1024,84869493,16,10
6565695760,mqpp_4_512_1024,85059035,32,10
6603714400,mqpp_4_512_1024,84979628,32,10
6619756880,mqpp_4_512_1024,85044510,32,10
6623326780,mqpp_4_512_1024,85100837,32,10
6606753580,mqpp_4_512_1024,85059610,32,10
6645983120,mqpp_4_512_1024,85029356,32,10
6646426280,mqpp_4_512_1024,85349670,32,10
6621263960,mqpp_4_512_1024,85000472,32,10
6631040680,mqpp_4_512_1024,85249346,32,10
6628969320,mqpp_4_512_1024,84998661,32,10
4011351180,mqpp_4_512_1024,85302260,64,10
4004679620,mqpp_4_512_1024,85279304,64,10
4009658160,mqpp_4_512_1024,85315165,64,10
4005932280,mqpp_4_512_1024,85180063,64,10
4015742040,mqpp_4_512_1024,85310825,64,10
3996373600,mqpp_4_512_1024,85352716,64,10
3959423940,mqpp_4_512_1024,85335875,64,10
3929403280,mqpp_4_512_1024,85447721,64,10
4037296200,mqpp_4_512_1024,85314548,64,10
4013191240,mqpp_4_512_1024,85271421,64,10
4730560520,mqpp_4_512_1024,86286267,128,10
4659410560,mqpp_4_512_1024,87924167,128,10
4555316660,mqpp_4_512_1024,87450799,128,10
4452287700,mqpp_4_512_1024,86747902,128,10
4638161380,mqpp_4_512_1024,86279090,128,10
4510808220,mqpp_4_512_1024,86706955,128,10
4798181500,mqpp_4_512_1024,86367032,128,10
4480191740,mqpp_4_512_1024,86548944,128,10
4407103780,mqpp_4_512_1024,87648246,128,10
4639982480,mqpp_4_512_1024,86370790,128,10
5077876060,mqpp_4_512_1024,91268676,256,10
5550118980,mqpp_4_512_1024,90991965,256,10
5500640820,mqpp_4_512_1024,92557689,256,10
4976562640,mqpp_4_512_1024,91111377,256,10
5211097160,mqpp_4_512_1024,90972907,256,10
5303539560,mqpp_4_512_1024,91344191,256,10
5431322760,mqpp_4_512_1024,91044862,256,10
5221483420,mqpp_4_512_1024,91154996,256,10
5374096240,mqpp_4_512_1024,91981367,256,10
4930520360,mqpp_4_512_1024,91071223,256,10
