3245505200,mqpp_4_1_1,6715986,1,10
3267835700,mqpp_4_1_1,6715997,1,10
3225256040,mqpp_4_1_1,6715861,1,10
3234622880,mqpp_4_1_1,6715918,1,10
3235817640,mqpp_4_1_1,6716083,1,10
3245620560,mqpp_4_1_1,6716053,1,10
3241216740,mqpp_4_1_1,6716034,1,10
3235746560,mqpp_4_1_1,6715959,1,10
3221212000,mqpp_4_1_1,6715996,1,10
3225852040,mqpp_4_1_1,6715884,1,10
2231966120,mqpp_4_1_1,6720614,2,10
2192311320,mqpp_4_1_1,6716816,2,10
2222645280,mqpp_4_1_1,6716781,2,10
2263945920,mqpp_4_1_1,6718213,2,10
2215660580,mqpp_4_1_1,6718055,2,10
2215222380,mqpp_4_1_1,6720057,2,10
2199617360,mqpp_4_1_1,6717416,2,10
2235092620,mqpp_4_1_1,6717453,2,10
2191513600,mqpp_4_1_1,6716707,2,10
2209528360,mqpp_4_1_1,6717010,2,10
1097996380,mqpp_4_1_1,6720382,4,10
1094376980,mqpp_4_1_1,6720104,4,10
1109959100,mqpp_4_1_1,6720305,4,10
1093779700,mqpp_4_1_1,6720429,4,10
1090658940,mqpp_4_1_1,6720145,4,10
1094585200,mqpp_4_1_1,6720429,4,10
1106373740,mqpp_4_1_1,6720353,4,10
1093659960,mqpp_4_1_1,6720281,4,10
1092940900,mqpp_4_1_1,6720581,4,10
1092929580,mqpp_4_1_1,6720374,4,10
1374537860,mqpp_4_1_1,6734067,8,10
1413668920,mqpp_4_1_1,6733700,8,10
1371103700,mqpp_4_1_1,6733586,8,10
1374698960,mqpp_4_1_1,6734162,8,10
1383973940,mqpp_4_1_1,6733612,8,10
1355521540,mqpp_4_1_1,6733793,8,10
1397658900,mqpp_4_1_1,6734088,8,10
1396478800,mqpp_4_1_1,6733973,8,10
1397546340,mqpp_4_1_1,6733705,8,10
1402189020,mqpp_4_1_1,6734279,8,10
829062720,mqpp_4_1_1,6785522,16,10
835928060,mqpp_4_1_1,6784344,16,10
851683820,mqpp_4_1_1,6785174,16,10
858135220,mqpp_4_1_1,6784580,16,10
866618520,mqpp_4_1_1,6785049,16,10
846939920,mqpp_4_1_1,6784513,16,10
846545040,mqpp_4_1_1,6786333,16,10
848700040,mqpp_4_1_1,6786177,16,10
850256300,mqpp_4_1_1,6785512,16,10
840076380,mqpp_4_1_1,6784469,16,10
495713100,mqpp_4_1_1,6970364,32,10
485475380,mqpp_4_1_1,6973324,32,10
492137760,mqpp_4_1_1,6974825,32,10
487245120,mqpp_4_1_1,6975547,32,10
490316520,mqpp_4_1_1,6973995,32,10
490886840,mqpp_4_1_1,6972795,32,10
487305680,mqpp_4_1_1,6971563,32,10
489478160,mqpp_4_1_1,6971397,32,10
493767520,mqpp_4_1_1,6970732,32,10
487783600,mqpp_4_1_1,6971397,32,10
292381900,mqpp_4_1_1,7515011,64,10
292980260,mqpp_4_1_1,7520141,64,10
293981980,mqpp_4_1_1,7519816,64,10
296681020,mqpp_4_1_1,7518210,64,10
293361360,mqpp_4_1_1,7513497,64,10
293244260,mqpp_4_1_1,7517461,64,10
301194880,mqpp_4_1_1,7524975,64,10
293204060,mqpp_4_1_1,7515070,64,10
293774400,mqpp_4_1_1,7522522,64,10
293713100,mqpp_4_1_1,7524093,64,10
238395220,mqpp_4_1_1,8777363,128,10
235419380,mqpp_4_1_1,8834004,128,10
237689320,mqpp_4_1_1,8806102,128,10
235169840,mqpp_4_1_1,8829093,128,10
235568600,mqpp_4_1_1,8803153,128,10
249439660,mqpp_4_1_1,8794855,128,10
234670840,mqpp_4_1_1,8815087,128,10
235609620,mqpp_4_1_1,8797481,128,10
236002120,mqpp_4_1_1,8794673,128,10
235358500,mqpp_4_1_1,8791111,128,10
227447280,mqpp_4_1_1,11536024,256,10
246398980,mqpp_4_1_1,11464965,256,10
220921600,mqpp_4_1_1,11551469,256,10
235846500,mqpp_4_1_1,11583694,256,10
226101280,mqpp_4_1_1,11518926,256,10
210555900,mqpp_4_1_1,11529725,256,10
234496940,mqpp_4_1_1,11497187,256,10
213200500,mqpp_4_1_1,11506670,256,10
263497800,mqpp_4_1_1,11475797,256,10
255816800,mqpp_4_1_1,11454358,256,10
