402828758,mqppnuma_4_1_1_1,9220266,128
402959616,mqppnuma_4_1_1_1,9219363,128
402827306,mqppnuma_4_1_1_1,9250532,128
402363838,mqppnuma_4_1_1_1,9215917,128
401176572,mqppnuma_4_1_1_1,9215952,128
382667660,mqppnuma_4_1_1_2,9239146,128
383218124,mqppnuma_4_1_1_2,9233919,128
387077572,mqppnuma_4_1_1_2,9251499,128
382215392,mqppnuma_4_1_1_2,9222574,128
381503114,mqppnuma_4_1_1_2,9241327,128
345618192,mqppnuma_4_1_1_4,9269028,128
346314736,mqppnuma_4_1_1_4,9263436,128
348312288,mqppnuma_4_1_1_4,9258662,128
346871440,mqppnuma_4_1_1_4,9269804,128
351588770,mqppnuma_4_1_1_4,9255480,128
308718740,mqppnuma_4_1_1_8,9281013,128
307141172,mqppnuma_4_1_1_8,9299986,128
305916510,mqppnuma_4_1_1_8,9293010,128
306563990,mqppnuma_4_1_1_8,9289770,128
306132348,mqppnuma_4_1_1_8,9270400,128
273931512,mqppnuma_4_1_1_16,9321487,128
273607860,mqppnuma_4_1_1_16,9305017,128
273441548,mqppnuma_4_1_1_16,9298572,128
273756826,mqppnuma_4_1_1_16,9309631,128
277142140,mqppnuma_4_1_1_16,9331877,128
251364854,mqppnuma_4_1_1_32,9366963,128
252089798,mqppnuma_4_1_1_32,9364721,128
252956368,mqppnuma_4_1_1_32,9366067,128
251361610,mqppnuma_4_1_1_32,9359369,128
250168260,mqppnuma_4_1_1_32,9331361,128
236132682,mqppnuma_4_1_1_64,9432485,128
236405998,mqppnuma_4_1_1_64,9385228,128
236662718,mqppnuma_4_1_1_64,9418540,128
236505074,mqppnuma_4_1_1_64,9407680,128
236190344,mqppnuma_4_1_1_64,9418606,128
228461264,mqppnuma_4_1_1_128,9575470,128
228757244,mqppnuma_4_1_1_128,9580960,128
228375386,mqppnuma_4_1_1_128,9564726,128
228720960,mqppnuma_4_1_1_128,9592228,128
227579396,mqppnuma_4_1_1_128,9552212,128
224645250,mqppnuma_4_1_1_256,9804389,128
224917964,mqppnuma_4_1_1_256,9864218,128
225604560,mqppnuma_4_1_1_256,9855400,128
227435710,mqppnuma_4_1_1_256,9917881,128
225372558,mqppnuma_4_1_1_256,9834471,128
229167146,mqppnuma_4_1_1_512,10325187,128
228352132,mqppnuma_4_1_1_512,10266844,128
228330760,mqppnuma_4_1_1_512,10276558,128
226276736,mqppnuma_4_1_1_512,10148275,128
226731090,mqppnuma_4_1_1_512,10194703,128
234991040,mqppnuma_4_1_1_1024,10841993,128
239565406,mqppnuma_4_1_1_1024,11090451,128
233366286,mqppnuma_4_1_1_1024,10763327,128
233205782,mqppnuma_4_1_1_1024,10748697,128
240635078,mqppnuma_4_1_1_1024,11080763,128
