3918742932,mqppnuma_4_1024_64_1,42749678,128
3646855686,mqppnuma_4_1024_64_1,41404285,128
3340157274,mqppnuma_4_1024_64_1,42926782,128
3518690682,mqppnuma_4_1024_64_1,43787887,128
3502615496,mqppnuma_4_1024_64_1,42347541,128
3596555726,mqppnuma_4_1024_64_2,43331440,128
3826465122,mqppnuma_4_1024_64_2,44605849,128
3322132178,mqppnuma_4_1024_64_2,42721046,128
3253807398,mqppnuma_4_1024_64_2,42068137,128
3421480850,mqppnuma_4_1024_64_2,44467629,128
3829304254,mqppnuma_4_1024_64_4,44463867,128
4326024002,mqppnuma_4_1024_64_4,49762446,128
4260628628,mqppnuma_4_1024_64_4,47829282,128
3717353072,mqppnuma_4_1024_64_4,46305739,128
3771550844,mqppnuma_4_1024_64_4,44796114,128
3691181786,mqppnuma_4_1024_64_8,45694934,128
4141919836,mqppnuma_4_1024_64_8,52653804,128
3759920142,mqppnuma_4_1024_64_8,44324816,128
4354812114,mqppnuma_4_1024_64_8,51380016,128
4387172230,mqppnuma_4_1024_64_8,53050543,128
4338143810,mqppnuma_4_1024_64_16,55042841,128
4671131256,mqppnuma_4_1024_64_16,56715939,128
4425642180,mqppnuma_4_1024_64_16,56321318,128
4527036618,mqppnuma_4_1024_64_16,55306563,128
4929657112,mqppnuma_4_1024_64_16,57914560,128
5439867940,mqppnuma_4_1024_64_32,66594867,128
4791237692,mqppnuma_4_1024_64_32,59563096,128
4704349972,mqppnuma_4_1024_64_32,54647130,128
5685339436,mqppnuma_4_1024_64_32,65799623,128
5734372584,mqppnuma_4_1024_64_32,66271270,128
6186332826,mqppnuma_4_1024_64_64,64924007,128
5339268258,mqppnuma_4_1024_64_64,58761988,128
5917845700,mqppnuma_4_1024_64_64,66707132,128
5498459048,mqppnuma_4_1024_64_64,63924034,128
4884675550,mqppnuma_4_1024_64_64,57733154,128
6689024338,mqppnuma_4_1024_64_128,65472660,128
7242405680,mqppnuma_4_1024_64_128,68902639,128
6886230762,mqppnuma_4_1024_64_128,71087082,128
7071324930,mqppnuma_4_1024_64_128,70814214,128
7505181986,mqppnuma_4_1024_64_128,72427725,128
8144035908,mqppnuma_4_1024_64_256,70662426,128
6682695674,mqppnuma_4_1024_64_256,66693197,128
8053261216,mqppnuma_4_1024_64_256,69295264,128
7203010340,mqppnuma_4_1024_64_256,68346223,128
7871603908,mqppnuma_4_1024_64_256,69847098,128
8437062222,mqppnuma_4_1024_64_512,68946110,128
8550249520,mqppnuma_4_1024_64_512,70867022,128
8862817536,mqppnuma_4_1024_64_512,77158988,128
8635264020,mqppnuma_4_1024_64_512,68815012,128
8823614154,mqppnuma_4_1024_64_512,72147793,128
8803559382,mqppnuma_4_1024_64_1024,71901399,128
7960018530,mqppnuma_4_1024_64_1024,68699092,128
8844727546,mqppnuma_4_1024_64_1024,68838275,128
5843215952,mqppnuma_4_1024_64_1024,59742147,128
9094400138,mqppnuma_4_1024_64_1024,70273974,128
