1275502068,mqppnuma_4_1024_256_1,52546724,128
1269571200,mqppnuma_4_1024_256_1,52539331,128
1505776296,mqppnuma_4_1024_256_1,52570129,128
1222743726,mqppnuma_4_1024_256_1,52594109,128
1217301446,mqppnuma_4_1024_256_1,52689530,128
1118415706,mqppnuma_4_1024_256_2,52472940,128
1172570824,mqppnuma_4_1024_256_2,52205161,128
1398320480,mqppnuma_4_1024_256_2,52384989,128
1210204592,mqppnuma_4_1024_256_2,52151173,128
1210459998,mqppnuma_4_1024_256_2,52351968,128
1084309308,mqppnuma_4_1024_256_4,52687880,128
1122356514,mqppnuma_4_1024_256_4,52721716,128
1091878630,mqppnuma_4_1024_256_4,52747428,128
1113069814,mqppnuma_4_1024_256_4,52316917,128
1075920108,mqppnuma_4_1024_256_4,53585105,128
1348489926,mqppnuma_4_1024_256_8,65620880,128
1285158816,mqppnuma_4_1024_256_8,63257031,128
1197331684,mqppnuma_4_1024_256_8,58526272,128
1108557352,mqppnuma_4_1024_256_8,56038821,128
1333730536,mqppnuma_4_1024_256_8,66368746,128
1581953082,mqppnuma_4_1024_256_16,78345847,128
1497481672,mqppnuma_4_1024_256_16,75932106,128
1421385764,mqppnuma_4_1024_256_16,74205978,128
1676360990,mqppnuma_4_1024_256_16,84594594,128
1569643912,mqppnuma_4_1024_256_16,77560776,128
1556872712,mqppnuma_4_1024_256_32,79811547,128
2101152136,mqppnuma_4_1024_256_32,100422140,128
1776258584,mqppnuma_4_1024_256_32,82447810,128
1925141778,mqppnuma_4_1024_256_32,95577067,128
2126529440,mqppnuma_4_1024_256_32,91041985,128
2246683914,mqppnuma_4_1024_256_64,101789124,128
2236012848,mqppnuma_4_1024_256_64,95971225,128
1985873774,mqppnuma_4_1024_256_64,96678050,128
2433618674,mqppnuma_4_1024_256_64,107954459,128
2280327790,mqppnuma_4_1024_256_64,101176788,128
2647950220,mqppnuma_4_1024_256_128,110885796,128
2545791630,mqppnuma_4_1024_256_128,101701569,128
2613554990,mqppnuma_4_1024_256_128,111865897,128
2540236632,mqppnuma_4_1024_256_128,101943221,128
2629819788,mqppnuma_4_1024_256_128,112363484,128
2887713924,mqppnuma_4_1024_256_256,111272871,128
2855177604,mqppnuma_4_1024_256_256,105493510,128
2911039060,mqppnuma_4_1024_256_256,109211724,128
2878744816,mqppnuma_4_1024_256_256,111092672,128
1731252682,mqppnuma_4_1024_256_256,91626828,128
3205873148,mqppnuma_4_1024_256_512,110071821,128
3141741518,mqppnuma_4_1024_256_512,102677518,128
3192331260,mqppnuma_4_1024_256_512,102916107,128
2947787002,mqppnuma_4_1024_256_512,103848810,128
3001077326,mqppnuma_4_1024_256_512,102186383,128
3331753504,mqppnuma_4_1024_256_1024,113394430,128
3209686418,mqppnuma_4_1024_256_1024,110064826,128
3220806502,mqppnuma_4_1024_256_1024,110260223,128
3180593786,mqppnuma_4_1024_256_1024,110749418,128
3146750340,mqppnuma_4_1024_256_1024,101071104,128
