184336658,mqppnuma_4_4_256_1,6985941,128
186021692,mqppnuma_4_4_256_1,6985772,128
184586040,mqppnuma_4_4_256_1,6978142,128
185329616,mqppnuma_4_4_256_1,6979152,128
185206398,mqppnuma_4_4_256_1,6978528,128
163894738,mqppnuma_4_4_256_2,6950521,128
163728936,mqppnuma_4_4_256_2,6955105,128
163064998,mqppnuma_4_4_256_2,6953395,128
163094196,mqppnuma_4_4_256_2,6948221,128
163887804,mqppnuma_4_4_256_2,6945623,128
140900332,mqppnuma_4_4_256_4,6946759,128
141430692,mqppnuma_4_4_256_4,6940060,128
141864906,mqppnuma_4_4_256_4,6946301,128
140375062,mqppnuma_4_4_256_4,6936656,128
141162836,mqppnuma_4_4_256_4,6945988,128
122144868,mqppnuma_4_4_256_8,6929338,128
122020316,mqppnuma_4_4_256_8,6932338,128
123035504,mqppnuma_4_4_256_8,6925774,128
121688550,mqppnuma_4_4_256_8,6921682,128
122008530,mqppnuma_4_4_256_8,6930735,128
110634974,mqppnuma_4_4_256_16,6947237,128
109519914,mqppnuma_4_4_256_16,6946387,128
109767918,mqppnuma_4_4_256_16,6946032,128
109468236,mqppnuma_4_4_256_16,6936886,128
110021036,mqppnuma_4_4_256_16,6941647,128
100498504,mqppnuma_4_4_256_32,6983316,128
100287524,mqppnuma_4_4_256_32,6971307,128
100544796,mqppnuma_4_4_256_32,7007454,128
100724970,mqppnuma_4_4_256_32,7011840,128
100040718,mqppnuma_4_4_256_32,6986760,128
97654040,mqppnuma_4_4_256_64,7224893,128
98148360,mqppnuma_4_4_256_64,7278715,128
98341036,mqppnuma_4_4_256_64,7310775,128
98291898,mqppnuma_4_4_256_64,7243963,128
97075794,mqppnuma_4_4_256_64,7176864,128
99498306,mqppnuma_4_4_256_128,7844829,128
100134712,mqppnuma_4_4_256_128,7770867,128
96757208,mqppnuma_4_4_256_128,7616669,128
99786258,mqppnuma_4_4_256_128,7822966,128
98197972,mqppnuma_4_4_256_128,7697152,128
112154350,mqppnuma_4_4_256_256,9388022,128
103075934,mqppnuma_4_4_256_256,8513547,128
111123396,mqppnuma_4_4_256_256,9262158,128
112960290,mqppnuma_4_4_256_256,9461847,128
107242752,mqppnuma_4_4_256_256,8749625,128
113200988,mqppnuma_4_4_256_512,9807032,128
114121978,mqppnuma_4_4_256_512,9831880,128
113293522,mqppnuma_4_4_256_512,9687704,128
126255604,mqppnuma_4_4_256_512,11144163,128
121111626,mqppnuma_4_4_256_512,10548395,128
172065596,mqppnuma_4_4_256_1024,16256779,128
143903532,mqppnuma_4_4_256_1024,13201396,128
148964602,mqppnuma_4_4_256_1024,13663871,128
121877414,mqppnuma_4_4_256_1024,10745042,128
119490770,mqppnuma_4_4_256_1024,10586492,128
