2812116772,mqppnuma_4_1024_4_1,12654170,128,0
2842494204,mqppnuma_4_1024_4_1,12654670,128,0
2827074678,mqppnuma_4_1024_4_1,12652678,128,0
2878219984,mqppnuma_4_1024_4_1,12653867,128,0
2832819568,mqppnuma_4_1024_4_1,12661052,128,0
2905949600,mqppnuma_4_1024_4_2,12654347,128,0
2673871260,mqppnuma_4_1024_4_2,12655447,128,0
2820623630,mqppnuma_4_1024_4_2,12655537,128,0
2756576844,mqppnuma_4_1024_4_2,12653690,128,0
2894921074,mqppnuma_4_1024_4_2,12651937,128,0
2846283040,mqppnuma_4_1024_4_4,12657032,128,0
2541584378,mqppnuma_4_1024_4_4,12656475,128,0
2604184096,mqppnuma_4_1024_4_4,12656640,128,0
3032009948,mqppnuma_4_1024_4_4,12656986,128,0
2618845058,mqppnuma_4_1024_4_4,12655661,128,0
3283860958,mqppnuma_4_1024_4_8,12665643,128,0
3352285732,mqppnuma_4_1024_4_8,12664670,128,0
2594108168,mqppnuma_4_1024_4_8,12657873,128,0
2686414270,mqppnuma_4_1024_4_8,12662961,128,0
3027915136,mqppnuma_4_1024_4_8,12666908,128,0
3217886622,mqppnuma_4_1024_4_16,12668643,128,0
2504964770,mqppnuma_4_1024_4_16,12667347,128,0
3126248330,mqppnuma_4_1024_4_16,12671372,128,0
3360864074,mqppnuma_4_1024_4_16,12666775,128,0
2519982418,mqppnuma_4_1024_4_16,12670683,128,0
2334486696,mqppnuma_4_1024_4_32,12672343,128,0
2482649580,mqppnuma_4_1024_4_32,12671674,128,0
2717378468,mqppnuma_4_1024_4_32,12670261,128,0
2699750930,mqppnuma_4_1024_4_32,12676115,128,0
3047096208,mqppnuma_4_1024_4_32,12674185,128,0
2472368926,mqppnuma_4_1024_4_64,12674947,128,0
2364815634,mqppnuma_4_1024_4_64,12680333,128,0
2795681116,mqppnuma_4_1024_4_64,12676012,128,0
2427261496,mqppnuma_4_1024_4_64,12675682,128,0
2457917524,mqppnuma_4_1024_4_64,12676902,128,0
3037818480,mqppnuma_4_1024_4_128,12681227,128,0
2347463890,mqppnuma_4_1024_4_128,12673391,128,0
2645724286,mqppnuma_4_1024_4_128,12680721,128,0
2373286100,mqppnuma_4_1024_4_128,12677960,128,0
2401867628,mqppnuma_4_1024_4_128,12675726,128,0
3132790654,mqppnuma_4_1024_4_256,12679623,128,0
2644358212,mqppnuma_4_1024_4_256,12677868,128,0
2331934016,mqppnuma_4_1024_4_256,12678040,128,0
2394946158,mqppnuma_4_1024_4_256,12678757,128,0
2350937364,mqppnuma_4_1024_4_256,12677988,128,0
2331985076,mqppnuma_4_1024_4_512,12675125,128,0
2479955142,mqppnuma_4_1024_4_512,12681231,128,0
2997429302,mqppnuma_4_1024_4_512,12677754,128,0
2951994132,mqppnuma_4_1024_4_512,12677183,128,0
2790945568,mqppnuma_4_1024_4_512,12684602,128,0
3558470242,mqppnuma_4_1024_4_1024,12677002,128,0
2916266678,mqppnuma_4_1024_4_1024,12676786,128,0
2494724794,mqppnuma_4_1024_4_1024,12682585,128,0
2595869834,mqppnuma_4_1024_4_1024,12678427,128,0
3000150430,mqppnuma_4_1024_4_1024,12677549,128,0
