13249749800,mqppnuma_4_512_16_1,48191158,128,0
14000827854,mqppnuma_4_512_16_1,48199717,128,0
13012959382,mqppnuma_4_512_16_1,48187440,128,0
13014312906,mqppnuma_4_512_16_1,48176913,128,0
12966564148,mqppnuma_4_512_16_1,48198484,128,0
12103858612,mqppnuma_4_512_16_2,48179052,128,0
12068951988,mqppnuma_4_512_16_2,48189162,128,0
12821632580,mqppnuma_4_512_16_2,48188378,128,0
11770418398,mqppnuma_4_512_16_2,48167482,128,0
11635870444,mqppnuma_4_512_16_2,48167124,128,0
10424466502,mqppnuma_4_512_16_4,48194502,128,0
10377713980,mqppnuma_4_512_16_4,48210159,128,0
11279993108,mqppnuma_4_512_16_4,48179168,128,0
11294881882,mqppnuma_4_512_16_4,48220187,128,0
11676366188,mqppnuma_4_512_16_4,48204802,128,0
9935061852,mqppnuma_4_512_16_8,48228653,128,0
10950984076,mqppnuma_4_512_16_8,48218531,128,0
10113403974,mqppnuma_4_512_16_8,48232387,128,0
10825280450,mqppnuma_4_512_16_8,48224700,128,0
10547418494,mqppnuma_4_512_16_8,48231189,128,0
10094894726,mqppnuma_4_512_16_16,48255116,128,0
10044175994,mqppnuma_4_512_16_16,48259523,128,0
11140103870,mqppnuma_4_512_16_16,48248267,128,0
10963404480,mqppnuma_4_512_16_16,48256210,128,0
10190756748,mqppnuma_4_512_16_16,48263154,128,0
10484776166,mqppnuma_4_512_16_32,48283909,128,0
10087297356,mqppnuma_4_512_16_32,48296267,128,0
10790314712,mqppnuma_4_512_16_32,48290947,128,0
11027330284,mqppnuma_4_512_16_32,48293086,128,0
10314504568,mqppnuma_4_512_16_32,48295053,128,0
10758222208,mqppnuma_4_512_16_64,48303161,128,0
10558025772,mqppnuma_4_512_16_64,48297972,128,0
10847229458,mqppnuma_4_512_16_64,48310033,128,0
11383449050,mqppnuma_4_512_16_64,48298554,128,0
11376969024,mqppnuma_4_512_16_64,48316946,128,0
10627817810,mqppnuma_4_512_16_128,48324682,128,0
10912605274,mqppnuma_4_512_16_128,48332202,128,0
11102185192,mqppnuma_4_512_16_128,48331092,128,0
10624467398,mqppnuma_4_512_16_128,48317219,128,0
12672677208,mqppnuma_4_512_16_128,48338041,128,0
10598219618,mqppnuma_4_512_16_256,48337741,128,0
10552307454,mqppnuma_4_512_16_256,48344011,128,0
12716831884,mqppnuma_4_512_16_256,48365219,128,0
10586560296,mqppnuma_4_512_16_256,48328369,128,0
10823823374,mqppnuma_4_512_16_256,48315337,128,0
