1129448810,mqppnuma_4_1_2_1,31546017,128,10
1133454332,mqppnuma_4_1_2_1,31544032,128,10
1137308248,mqppnuma_4_1_2_1,31544297,128,10
1133975182,mqppnuma_4_1_2_1,31544784,128,10
1135462810,mqppnuma_4_1_2_1,31570787,128,10
1056836290,mqppnuma_4_1_2_2,31853520,128,10
1060183908,mqppnuma_4_1_2_2,31823899,128,10
1055930468,mqppnuma_4_1_2_2,31837282,128,10
1063086130,mqppnuma_4_1_2_2,31812882,128,10
1058418040,mqppnuma_4_1_2_2,31815072,128,10
936014092,mqppnuma_4_1_2_4,32095450,128,10
932386914,mqppnuma_4_1_2_4,32058238,128,10
935535920,mqppnuma_4_1_2_4,32090239,128,10
939650402,mqppnuma_4_1_2_4,32070145,128,10
936888644,mqppnuma_4_1_2_4,32080564,128,10
821084030,mqppnuma_4_1_2_8,32300213,128,10
814879370,mqppnuma_4_1_2_8,32326828,128,10
819045262,mqppnuma_4_1_2_8,32323417,128,10
817514446,mqppnuma_4_1_2_8,32305945,128,10
815536714,mqppnuma_4_1_2_8,32275801,128,10
727961024,mqppnuma_4_1_2_16,32486254,128,10
724530904,mqppnuma_4_1_2_16,32473609,128,10
724030110,mqppnuma_4_1_2_16,32438768,128,10
725253064,mqppnuma_4_1_2_16,32467059,128,10
724793398,mqppnuma_4_1_2_16,32491188,128,10
665065390,mqppnuma_4_1_2_32,32672457,128,10
662632580,mqppnuma_4_1_2_32,32645588,128,10
661550192,mqppnuma_4_1_2_32,32627050,128,10
660673736,mqppnuma_4_1_2_32,32644836,128,10
663132172,mqppnuma_4_1_2_32,32649899,128,10
622047190,mqppnuma_4_1_2_64,32857745,128,10
620969416,mqppnuma_4_1_2_64,32866787,128,10
619821292,mqppnuma_4_1_2_64,32870814,128,10
625202534,mqppnuma_4_1_2_64,32843816,128,10
620685362,mqppnuma_4_1_2_64,32872651,128,10
599381552,mqppnuma_4_1_2_128,33234517,128,10
599028816,mqppnuma_4_1_2_128,33287726,128,10
599513794,mqppnuma_4_1_2_128,33295847,128,10
599183550,mqppnuma_4_1_2_128,33279081,128,10
599294464,mqppnuma_4_1_2_128,33226823,128,10
587429980,mqppnuma_4_1_2_256,34113308,128,10
585684086,mqppnuma_4_1_2_256,34007992,128,10
582737330,mqppnuma_4_1_2_256,33864208,128,10
585914406,mqppnuma_4_1_2_256,33966521,128,10
586891824,mqppnuma_4_1_2_256,33955496,128,10
589405876,mqppnuma_4_1_2_512,35149272,128,10
589694272,mqppnuma_4_1_2_512,35353380,128,10
591953714,mqppnuma_4_1_2_512,35351879,128,10
593625276,mqppnuma_4_1_2_512,35382533,128,10
591539346,mqppnuma_4_1_2_512,35429975,128,10
608270046,mqppnuma_4_1_2_1024,37145554,128,10
610470696,mqppnuma_4_1_2_1024,37216399,128,10
597373700,mqppnuma_4_1_2_1024,36513985,128,10
620697702,mqppnuma_4_1_2_1024,37938414,128,10
599789462,mqppnuma_4_1_2_1024,36704095,128,10
