2145146980,mqlp_4_1_1,50565283,256
2056071180,mqlp_4_1_1,50564780,256
2086613600,mqlp_4_1_1,50570294,256
2075361600,mqlp_4_1_1,50565720,256
2114766620,mqlp_4_1_1,50571588,256
1838769460,mqlp_4_1_2,50594171,256
1861859460,mqlp_4_1_2,50582514,256
1826292220,mqlp_4_1_2,50574209,256
1871864240,mqlp_4_1_2,50593118,256
1833648820,mqlp_4_1_2,50587375,256
1716922560,mqlp_4_1_4,50613164,256
1693526360,mqlp_4_1_4,50619230,256
1665810820,mqlp_4_1_4,50602554,256
1685069900,mqlp_4_1_4,50612769,256
1683718660,mqlp_4_1_4,50611863,256
1592328860,mqlp_4_1_8,50661403,256
1581680500,mqlp_4_1_8,50641656,256
1572335880,mqlp_4_1_8,50648891,256
1570614600,mqlp_4_1_8,50629386,256
1578274480,mqlp_4_1_8,50642496,256
1515213680,mqlp_4_1_16,50691597,256
1512755160,mqlp_4_1_16,50685738,256
1507201180,mqlp_4_1_16,50674658,256
1497962420,mqlp_4_1_16,50674759,256
1510113220,mqlp_4_1_16,50684831,256
1469437640,mqlp_4_1_32,50729126,256
1478211300,mqlp_4_1_32,50730066,256
1488736080,mqlp_4_1_32,50770668,256
1494498040,mqlp_4_1_32,50734623,256
1487452980,mqlp_4_1_32,50762374,256
1475329340,mqlp_4_1_64,50819588,256
1470650280,mqlp_4_1_64,50775375,256
1467158940,mqlp_4_1_64,50789855,256
1468603420,mqlp_4_1_64,50820569,256
1465791580,mqlp_4_1_64,50821264,256
1452031280,mqlp_4_1_128,50872393,256
1548261140,mqlp_4_1_128,50901371,256
1461524680,mqlp_4_1_128,50880551,256
1441939160,mqlp_4_1_128,50852319,256
1444949660,mqlp_4_1_128,50808882,256
1449081860,mqlp_4_1_256,50960441,256
1454297300,mqlp_4_1_256,50902166,256
1466303400,mqlp_4_1_256,51056338,256
1476269160,mqlp_4_1_256,51107129,256
1454435480,mqlp_4_1_256,50892645,256
1460480060,mqlp_4_1_512,50979489,256
1454161160,mqlp_4_1_512,50959667,256
1463964600,mqlp_4_1_512,51108275,256
1459923780,mqlp_4_1_512,51093613,256
1479344920,mqlp_4_1_512,51102962,256
1502125480,mqlp_4_1_1024,50948180,256
1480378940,mqlp_4_1_1024,51096664,256
1473625580,mqlp_4_1_1024,50990286,256
1502715860,mqlp_4_1_1024,51192560,256
1493162920,mqlp_4_1_1024,51183887,256
2079792760,mqlp_4_2_1,50580277,256
2046337180,mqlp_4_2_1,50570535,256
2065495200,mqlp_4_2_1,50574036,256
2078038880,mqlp_4_2_1,50579873,256
2071186980,mqlp_4_2_1,50574621,256
1773137800,mqlp_4_2_2,50594440,256
1771743920,mqlp_4_2_2,50584784,256
1741782220,mqlp_4_2_2,50578787,256
1743412140,mqlp_4_2_2,50587416,256
1793371540,mqlp_4_2_2,50586563,256
1569413320,mqlp_4_2_4,50615114,256
1623756420,mqlp_4_2_4,50601179,256
1601690560,mqlp_4_2_4,50625393,256
1580048100,mqlp_4_2_4,50625442,256
1587368360,mqlp_4_2_4,50610652,256
1480945640,mqlp_4_2_8,50670215,256
1457695560,mqlp_4_2_8,50635525,256
1441966680,mqlp_4_2_8,50635998,256
1452625400,mqlp_4_2_8,50631672,256
1465674640,mqlp_4_2_8,50636119,256
1384576220,mqlp_4_2_16,50711160,256
1386685820,mqlp_4_2_16,50694042,256
1382637680,mqlp_4_2_16,50680211,256
1368814280,mqlp_4_2_16,50691868,256
1379343400,mqlp_4_2_16,50713930,256
1331796640,mqlp_4_2_32,50767236,256
1323373240,mqlp_4_2_32,50751909,256
1321125920,mqlp_4_2_32,50730230,256
1325799720,mqlp_4_2_32,50766880,256
1319057260,mqlp_4_2_32,50715019,256
1380014000,mqlp_4_2_64,51410780,256
1317904080,mqlp_4_2_64,50832028,256
1474761680,mqlp_4_2_64,50784889,256
1299073320,mqlp_4_2_64,50774774,256
1303702660,mqlp_4_2_64,50799940,256
1281123160,mqlp_4_2_128,50875591,256
1282408320,mqlp_4_2_128,50915782,256
1284241660,mqlp_4_2_128,50960393,256
1272577700,mqlp_4_2_128,50907332,256
1321022440,mqlp_4_2_128,51114662,256
1287295760,mqlp_4_2_256,51087831,256
1277709540,mqlp_4_2_256,50980241,256
1284285540,mqlp_4_2_256,51084725,256
1278424600,mqlp_4_2_256,51012215,256
1271162100,mqlp_4_2_256,50887040,256
1275591400,mqlp_4_2_512,51031599,256
1277750820,mqlp_4_2_512,51090655,256
1277316880,mqlp_4_2_512,51111418,256
1273594100,mqlp_4_2_512,51049691,256
1266438400,mqlp_4_2_512,50958919,256
1299404500,mqlp_4_2_1024,51029479,256
1271570060,mqlp_4_2_1024,50982190,256
1277170000,mqlp_4_2_1024,51064565,256
1494943940,mqlp_4_2_1024,50985834,256
1277096780,mqlp_4_2_1024,50982943,256
2013986420,mqlp_4_4_1,50574351,256
1970556680,mqlp_4_4_1,50573777,256
1983962460,mqlp_4_4_1,50575858,256
1992902440,mqlp_4_4_1,50571094,256
1993287700,mqlp_4_4_1,50571833,256
1695486540,mqlp_4_4_2,50597031,256
1682589740,mqlp_4_4_2,50583773,256
1727207720,mqlp_4_4_2,50628472,256
1708832200,mqlp_4_4_2,50609146,256
1697637840,mqlp_4_4_2,50597811,256
1523400380,mqlp_4_4_4,50657217,256
1516580420,mqlp_4_4_4,50641200,256
1508680060,mqlp_4_4_4,50607759,256
1491323500,mqlp_4_4_4,50601571,256
1506714840,mqlp_4_4_4,50611286,256
1348244880,mqlp_4_4_8,50644455,256
1359305200,mqlp_4_4_8,50634417,256
1350805380,mqlp_4_4_8,50627999,256
1491211440,mqlp_4_4_8,50647699,256
1371076480,mqlp_4_4_8,50787741,256
1305711780,mqlp_4_4_16,50749132,256
1262220340,mqlp_4_4_16,50662090,256
1307752480,mqlp_4_4_16,50679589,256
1253339920,mqlp_4_4_16,50661217,256
1257088700,mqlp_4_4_16,50664937,256
1209285320,mqlp_4_4_32,50729901,256
1197964380,mqlp_4_4_32,50708085,256
1208484420,mqlp_4_4_32,50740547,256
1200608560,mqlp_4_4_32,50760820,256
1211281900,mqlp_4_4_32,50787590,256
1221368800,mqlp_4_4_64,50778752,256
1177418200,mqlp_4_4_64,50776489,256
1174975140,mqlp_4_4_64,50777253,256
1175158340,mqlp_4_4_64,50859866,256
1172578220,mqlp_4_4_64,50798666,256
1164526340,mqlp_4_4_128,50861941,256
1156775720,mqlp_4_4_128,50837504,256
1169493380,mqlp_4_4_128,50825448,256
1164511060,mqlp_4_4_128,50875041,256
1152974200,mqlp_4_4_128,50855852,256
1154118220,mqlp_4_4_256,50871432,256
1157606440,mqlp_4_4_256,50875778,256
1166254420,mqlp_4_4_256,50922786,256
1155590680,mqlp_4_4_256,50982110,256
1147041640,mqlp_4_4_256,50902607,256
1155954180,mqlp_4_4_512,51031662,256
1150589020,mqlp_4_4_512,51039230,256
1150922140,mqlp_4_4_512,50910275,256
1140284320,mqlp_4_4_512,50985507,256
1142232280,mqlp_4_4_512,50947131,256
1137262920,mqlp_4_4_1024,50962304,256
1145215140,mqlp_4_4_1024,51004381,256
1149551280,mqlp_4_4_1024,50953285,256
1136223840,mqlp_4_4_1024,51013031,256
1141302860,mqlp_4_4_1024,51008920,256
1964247440,mqlp_4_8_1,50583302,256
1975451140,mqlp_4_8_1,50577785,256
1955304800,mqlp_4_8_1,50581744,256
1964099540,mqlp_4_8_1,50581367,256
1971910880,mqlp_4_8_1,50581687,256
1671775980,mqlp_4_8_2,50602852,256
1657230660,mqlp_4_8_2,50593540,256
1662008800,mqlp_4_8_2,50599729,256
1665906720,mqlp_4_8_2,50611617,256
1648625160,mqlp_4_8_2,50600075,256
1438451560,mqlp_4_8_4,50627534,256
1435252440,mqlp_4_8_4,50610055,256
1438821620,mqlp_4_8_4,50655042,256
1450395680,mqlp_4_8_4,50619198,256
1431055880,mqlp_4_8_4,50614192,256
1301356680,mqlp_4_8_8,50633947,256
1316751340,mqlp_4_8_8,50644131,256
1310627740,mqlp_4_8_8,50712859,256
1314230900,mqlp_4_8_8,50656791,256
1306722020,mqlp_4_8_8,50649628,256
1201229120,mqlp_4_8_16,50686240,256
1209384540,mqlp_4_8_16,50678584,256
1215122800,mqlp_4_8_16,50787103,256
1223471360,mqlp_4_8_16,50754308,256
1209822960,mqlp_4_8_16,50722022,256
1141387200,mqlp_4_8_32,50731701,256
1130325320,mqlp_4_8_32,50798472,256
1135084620,mqlp_4_8_32,50747968,256
1138904020,mqlp_4_8_32,50732335,256
1146579740,mqlp_4_8_32,50862891,256
1097598400,mqlp_4_8_64,50820561,256
1109831520,mqlp_4_8_64,50843538,256
1123389360,mqlp_4_8_64,50885270,256
1103624520,mqlp_4_8_64,50814650,256
1105750280,mqlp_4_8_64,50831924,256
1079696560,mqlp_4_8_128,50881009,256
1075396900,mqlp_4_8_128,50891848,256
1106776620,mqlp_4_8_128,51118384,256
1081830780,mqlp_4_8_128,51011047,256
1072426460,mqlp_4_8_128,50900494,256
1066423960,mqlp_4_8_256,51045572,256
1131518820,mqlp_4_8_256,51381052,256
1068729320,mqlp_4_8_256,50986010,256
1072801400,mqlp_4_8_256,50971859,256
1076482080,mqlp_4_8_256,51074900,256
1064499380,mqlp_4_8_512,51151122,256
1060719060,mqlp_4_8_512,51039606,256
1067550920,mqlp_4_8_512,51056098,256
1056348720,mqlp_4_8_512,51029460,256
1062337560,mqlp_4_8_512,51069712,256
1054463560,mqlp_4_8_1024,51043794,256
1125911040,mqlp_4_8_1024,51522987,256
1065736700,mqlp_4_8_1024,51052448,256
1072257300,mqlp_4_8_1024,51057328,256
1067078700,mqlp_4_8_1024,51037818,256
2037159800,mqlp_4_16_1,50621609,256
1982042960,mqlp_4_16_1,50691128,256
1953549440,mqlp_4_16_1,50599479,256
1982615280,mqlp_4_16_1,50602055,256
1980272300,mqlp_4_16_1,50600099,256
1649501680,mqlp_4_16_2,50615762,256
1649720560,mqlp_4_16_2,50615013,256
1646039900,mqlp_4_16_2,50609061,256
1638492940,mqlp_4_16_2,50606859,256
1642049880,mqlp_4_16_2,50616021,256
1435435140,mqlp_4_16_4,50628597,256
1449494100,mqlp_4_16_4,50630285,256
1444171460,mqlp_4_16_4,50635535,256
1434779340,mqlp_4_16_4,50636478,256
1528212760,mqlp_4_16_4,50631806,256
1281476460,mqlp_4_16_8,50645867,256
1287950360,mqlp_4_16_8,50655035,256
1277216420,mqlp_4_16_8,50656864,256
1298006980,mqlp_4_16_8,50678251,256
1277057300,mqlp_4_16_8,50684667,256
1227593240,mqlp_4_16_16,50881752,256
1192172600,mqlp_4_16_16,50785226,256
1186750720,mqlp_4_16_16,50767314,256
1177320040,mqlp_4_16_16,50742032,256
1186623520,mqlp_4_16_16,50707778,256
1100198380,mqlp_4_16_32,50747239,256
1132093220,mqlp_4_16_32,50726931,256
1104825640,mqlp_4_16_32,50832043,256
1098869520,mqlp_4_16_32,50734606,256
1102118440,mqlp_4_16_32,50742835,256
1085349800,mqlp_4_16_64,50927281,256
1069844560,mqlp_4_16_64,50814698,256
1078182920,mqlp_4_16_64,50933902,256
1069686820,mqlp_4_16_64,50829894,256
1071470400,mqlp_4_16_64,50822254,256
1043884560,mqlp_4_16_128,50998444,256
1187450400,mqlp_4_16_128,51075169,256
1065397260,mqlp_4_16_128,51389736,256
1055387820,mqlp_4_16_128,51035934,256
1044078600,mqlp_4_16_128,50985614,256
1036463660,mqlp_4_16_256,51030802,256
1030444300,mqlp_4_16_256,51024082,256
1030082900,mqlp_4_16_256,51063884,256
1042840760,mqlp_4_16_256,51105000,256
1027074020,mqlp_4_16_256,51130903,256
1028322040,mqlp_4_16_512,51059961,256
1032271920,mqlp_4_16_512,51147732,256
1116997860,mqlp_4_16_512,51276264,256
1023585960,mqlp_4_16_512,51116776,256
1021454680,mqlp_4_16_512,51096995,256
1020303880,mqlp_4_16_1024,51158177,256
1062190320,mqlp_4_16_1024,51356205,256
1016598200,mqlp_4_16_1024,51143492,256
1016132320,mqlp_4_16_1024,51183218,256
1023993120,mqlp_4_16_1024,51194335,256
1943617440,mqlp_4_32_1,50625104,256
1986615180,mqlp_4_32_1,50628152,256
1981851780,mqlp_4_32_1,50621157,256
2071569960,mqlp_4_32_1,50618957,256
2026819900,mqlp_4_32_1,50624458,256
1624795320,mqlp_4_32_2,50681135,256
1630908560,mqlp_4_32_2,50639616,256
1633942400,mqlp_4_32_2,50634627,256
1624246020,mqlp_4_32_2,50672901,256
1632582360,mqlp_4_32_2,50642520,256
1422040520,mqlp_4_32_4,50663130,256
1421431620,mqlp_4_32_4,50674695,256
1400464120,mqlp_4_32_4,50658132,256
1415177980,mqlp_4_32_4,50667137,256
1418200140,mqlp_4_32_4,50668453,256
1267984900,mqlp_4_32_8,50714859,256
1264997640,mqlp_4_32_8,50735721,256
1270716140,mqlp_4_32_8,50692543,256
1267814140,mqlp_4_32_8,50685538,256
1279181800,mqlp_4_32_8,50716635,256
1162843340,mqlp_4_32_16,50760182,256
1139607340,mqlp_4_32_16,50771512,256
1151774960,mqlp_4_32_16,50723579,256
1175018080,mqlp_4_32_16,50809111,256
1149307320,mqlp_4_32_16,50777507,256
1084603920,mqlp_4_32_32,50846361,256
1088475360,mqlp_4_32_32,50909427,256
1074706520,mqlp_4_32_32,50795420,256
1082041220,mqlp_4_32_32,50815161,256
1080444720,mqlp_4_32_32,50773920,256
1033103480,mqlp_4_32_64,50850038,256
1028945660,mqlp_4_32_64,50868109,256
1036268060,mqlp_4_32_64,50871635,256
1035036280,mqlp_4_32_64,50870970,256
1048558520,mqlp_4_32_64,50898702,256
1043318640,mqlp_4_32_128,51158472,256
1011435060,mqlp_4_32_128,51002854,256
1104528940,mqlp_4_32_128,51878528,256
1048827820,mqlp_4_32_128,51330213,256
1025727660,mqlp_4_32_128,51301673,256
1000099000,mqlp_4_32_256,51115685,256
1009656520,mqlp_4_32_256,51153475,256
999355760,mqlp_4_32_256,51162684,256
1010491940,mqlp_4_32_256,51306738,256
1009851120,mqlp_4_32_256,51138540,256
990158680,mqlp_4_32_512,51338715,256
984127460,mqlp_4_32_512,51235213,256
1013328560,mqlp_4_32_512,51548380,256
1008299780,mqlp_4_32_512,51279616,256
979073080,mqlp_4_32_512,51268589,256
1061686440,mqlp_4_32_1024,51708382,256
996463060,mqlp_4_32_1024,51382271,256
1035337440,mqlp_4_32_1024,51531740,256
994810820,mqlp_4_32_1024,51437506,256
991585760,mqlp_4_32_1024,51399353,256
1974334040,mqlp_4_64_1,50663071,256
1996942420,mqlp_4_64_1,50674225,256
1970907420,mqlp_4_64_1,50666074,256
1977698740,mqlp_4_64_1,50679424,256
1986537000,mqlp_4_64_1,50670649,256
1626052140,mqlp_4_64_2,50696619,256
1611280680,mqlp_4_64_2,50682204,256
1625581540,mqlp_4_64_2,50679600,256
1639134440,mqlp_4_64_2,50681344,256
1632781840,mqlp_4_64_2,50698756,256
1414844320,mqlp_4_64_4,50713829,256
1398816400,mqlp_4_64_4,50719874,256
1417839900,mqlp_4_64_4,50733763,256
1412465060,mqlp_4_64_4,50749439,256
1414341100,mqlp_4_64_4,50727849,256
1249451420,mqlp_4_64_8,50745752,256
1253366920,mqlp_4_64_8,50729968,256
1245100540,mqlp_4_64_8,50733138,256
1263473240,mqlp_4_64_8,50773368,256
1255905140,mqlp_4_64_8,50785857,256
1128401400,mqlp_4_64_16,50783252,256
1145727860,mqlp_4_64_16,51025558,256
1130007260,mqlp_4_64_16,50785691,256
1125818480,mqlp_4_64_16,50806528,256
1110307560,mqlp_4_64_16,50768373,256
1079760500,mqlp_4_64_32,50923495,256
1070480280,mqlp_4_64_32,50849391,256
1185744420,mqlp_4_64_32,51989817,256
1046822560,mqlp_4_64_32,50866517,256
1096701440,mqlp_4_64_32,51127155,256
1012847480,mqlp_4_64_64,51011255,256
1033556000,mqlp_4_64_64,51075911,256
1074115460,mqlp_4_64_64,51181237,256
1019840380,mqlp_4_64_64,51116463,256
1018636320,mqlp_4_64_64,50942147,256
990286940,mqlp_4_64_128,51234111,256
1045292140,mqlp_4_64_128,51582897,256
1021735880,mqlp_4_64_128,51301312,256
1122658480,mqlp_4_64_128,51919301,256
980165840,mqlp_4_64_128,51067550,256
991152140,mqlp_4_64_256,51326239,256
982554180,mqlp_4_64_256,51342243,256
989506800,mqlp_4_64_256,51374695,256
1155933740,mqlp_4_64_256,52008243,256
1084869160,mqlp_4_64_256,52452861,256
1129493440,mqlp_4_64_512,52229249,256
981786200,mqlp_4_64_512,51552826,256
1004339360,mqlp_4_64_512,51636896,256
990856140,mqlp_4_64_512,51632716,256
1043721340,mqlp_4_64_512,51607192,256
1093930120,mqlp_4_64_1024,51926581,256
1033999620,mqlp_4_64_1024,51917355,256
1127777700,mqlp_4_64_1024,52113637,256
1219580720,mqlp_4_64_1024,52476107,256
1151715620,mqlp_4_64_1024,52122249,256
1977849680,mqlp_4_128_1,50715037,256
1965663920,mqlp_4_128_1,50711209,256
1993242920,mqlp_4_128_1,50735801,256
1964821260,mqlp_4_128_1,50707967,256
1978128420,mqlp_4_128_1,50708043,256
1629479760,mqlp_4_128_2,50773086,256
1625748040,mqlp_4_128_2,50754581,256
1648147760,mqlp_4_128_2,50737745,256
1646510220,mqlp_4_128_2,50748759,256
1627252800,mqlp_4_128_2,50744095,256
1411659680,mqlp_4_128_4,50769497,256
1416180360,mqlp_4_128_4,50749284,256
1417498780,mqlp_4_128_4,50776541,256
1424702360,mqlp_4_128_4,50770026,256
1422883880,mqlp_4_128_4,50737647,256
1258661280,mqlp_4_128_8,50806897,256
1294317920,mqlp_4_128_8,50812271,256
1237312840,mqlp_4_128_8,50767166,256
1294940840,mqlp_4_128_8,50837951,256
1262330360,mqlp_4_128_8,50793857,256
1510406720,mqlp_4_128_16,50883419,256
1148818060,mqlp_4_128_16,50839690,256
1159685900,mqlp_4_128_16,50858167,256
1156978360,mqlp_4_128_16,50825392,256
1146251700,mqlp_4_128_16,50832264,256
1108441060,mqlp_4_128_32,51109039,256
1171079680,mqlp_4_128_32,52290695,256
1063228820,mqlp_4_128_32,50922188,256
1067918320,mqlp_4_128_32,50980933,256
1073409740,mqlp_4_128_32,50906497,256
1033804580,mqlp_4_128_64,51048516,256
1027487760,mqlp_4_128_64,51176956,256
1044738400,mqlp_4_128_64,51286675,256
1034304000,mqlp_4_128_64,51013467,256
1055646420,mqlp_4_128_64,51016854,256
1002565840,mqlp_4_128_128,51260031,256
1231037540,mqlp_4_128_128,53083431,256
1023936120,mqlp_4_128_128,51326758,256
1004526300,mqlp_4_128_128,51258178,256
1028368280,mqlp_4_128_128,51380633,256
1028421560,mqlp_4_128_256,51547684,256
1051585540,mqlp_4_128_256,51720221,256
1297854920,mqlp_4_128_256,52018831,256
1125895640,mqlp_4_128_256,51938508,256
1204933300,mqlp_4_128_256,52724604,256
1170390700,mqlp_4_128_512,52776271,256
1111544880,mqlp_4_128_512,51846131,256
1077211560,mqlp_4_128_512,52123977,256
1138398320,mqlp_4_128_512,52353795,256
1179981560,mqlp_4_128_512,52683900,256
1109337620,mqlp_4_128_1024,52809238,256
1194286400,mqlp_4_128_1024,52604533,256
1121345120,mqlp_4_128_1024,52374820,256
1245304260,mqlp_4_128_1024,54150352,256
1244561540,mqlp_4_128_1024,53094170,256
2036955080,mqlp_4_256_1,50817132,256
2036743680,mqlp_4_256_1,50775323,256
2019333560,mqlp_4_256_1,50783802,256
1986455920,mqlp_4_256_1,50786999,256
1999024260,mqlp_4_256_1,50784526,256
1682413460,mqlp_4_256_2,50807203,256
1656489580,mqlp_4_256_2,50798880,256
1628090480,mqlp_4_256_2,50782699,256
2028777000,mqlp_4_256_2,50801991,256
1652164360,mqlp_4_256_2,50802208,256
1454842520,mqlp_4_256_4,50809550,256
1445180820,mqlp_4_256_4,50872927,256
1410244300,mqlp_4_256_4,50803017,256
1447241580,mqlp_4_256_4,50841124,256
1433452040,mqlp_4_256_4,50824889,256
1295927000,mqlp_4_256_8,50862393,256
1259849760,mqlp_4_256_8,50867637,256
1296792880,mqlp_4_256_8,50849277,256
1305760540,mqlp_4_256_8,50949111,256
1312528200,mqlp_4_256_8,50832186,256
1216838100,mqlp_4_256_16,50921480,256
1187515620,mqlp_4_256_16,50863205,256
1187341640,mqlp_4_256_16,50897587,256
1175890400,mqlp_4_256_16,50891876,256
1158722380,mqlp_4_256_16,50861558,256
1112933920,mqlp_4_256_32,50983474,256
1073584960,mqlp_4_256_32,51051358,256
1120094440,mqlp_4_256_32,51001310,256
1135689660,mqlp_4_256_32,51030168,256
1428972280,mqlp_4_256_32,50983341,256
1057478200,mqlp_4_256_64,51111098,256
1050470040,mqlp_4_256_64,51277298,256
1143776680,mqlp_4_256_64,51857002,256
1181234820,mqlp_4_256_64,51612310,256
1032997720,mqlp_4_256_64,51036550,256
1054717580,mqlp_4_256_128,51350164,256
1156447520,mqlp_4_256_128,51890724,256
1037929660,mqlp_4_256_128,51265761,256
1126787960,mqlp_4_256_128,51548946,256
1084432500,mqlp_4_256_128,51363618,256
1160658520,mqlp_4_256_256,52044560,256
1243330480,mqlp_4_256_256,52795036,256
1119851560,mqlp_4_256_256,51732123,256
1027811720,mqlp_4_256_256,51655827,256
1107749800,mqlp_4_256_256,51982462,256
1117622580,mqlp_4_256_512,52152611,256
1206259260,mqlp_4_256_512,53621068,256
1194407720,mqlp_4_256_512,53102181,256
1205887300,mqlp_4_256_512,52525012,256
1268480980,mqlp_4_256_512,53446547,256
1234294440,mqlp_4_256_1024,52984778,256
1394778940,mqlp_4_256_1024,53234719,256
1265414460,mqlp_4_256_1024,53619095,256
1249223040,mqlp_4_256_1024,53988396,256
1140347740,mqlp_4_256_1024,52822802,256
2127721100,mqlp_4_512_1,50902428,256
2045071280,mqlp_4_512_1,50921405,256
2103156340,mqlp_4_512_1,50922081,256
2055467980,mqlp_4_512_1,50906363,256
2091822800,mqlp_4_512_1,50909097,256
1699592040,mqlp_4_512_2,51000194,256
1677550120,mqlp_4_512_2,50909590,256
1686804060,mqlp_4_512_2,50930115,256
1680367440,mqlp_4_512_2,50927159,256
1681573940,mqlp_4_512_2,50953883,256
1509740660,mqlp_4_512_4,50932076,256
1471208120,mqlp_4_512_4,50921499,256
1459157300,mqlp_4_512_4,50942696,256
1498591620,mqlp_4_512_4,50976412,256
1507289580,mqlp_4_512_4,50921901,256
1387039700,mqlp_4_512_8,50989627,256
1443922880,mqlp_4_512_8,51031464,256
1416702020,mqlp_4_512_8,51142654,256
1378342200,mqlp_4_512_8,51006071,256
1400335480,mqlp_4_512_8,51111181,256
1238745680,mqlp_4_512_16,51032254,256
1246481300,mqlp_4_512_16,51115144,256
1272077380,mqlp_4_512_16,51015278,256
1238462760,mqlp_4_512_16,51003898,256
1281649560,mqlp_4_512_16,51037536,256
1218452080,mqlp_4_512_32,51160482,256
1188079880,mqlp_4_512_32,51111781,256
1211892120,mqlp_4_512_32,51236488,256
1176433640,mqlp_4_512_32,51120000,256
1164833480,mqlp_4_512_32,51113121,256
1137291160,mqlp_4_512_64,51227882,256
1155531040,mqlp_4_512_64,51404064,256
1209445600,mqlp_4_512_64,51190921,256
1148028280,mqlp_4_512_64,51266113,256
1161342340,mqlp_4_512_64,51339802,256
1113065700,mqlp_4_512_128,51575065,256
1177437600,mqlp_4_512_128,51746683,256
1131400960,mqlp_4_512_128,51506896,256
1343673140,mqlp_4_512_128,51450383,256
1165398620,mqlp_4_512_128,51454554,256
1249394760,mqlp_4_512_256,51977885,256
1039511680,mqlp_4_512_256,51769819,256
1147775960,mqlp_4_512_256,51995851,256
1122417280,mqlp_4_512_256,51667256,256
1173446900,mqlp_4_512_256,52033303,256
1309264800,mqlp_4_512_512,53516027,256
1229846740,mqlp_4_512_512,52436728,256
1140165300,mqlp_4_512_512,52184389,256
1214240160,mqlp_4_512_512,53274782,256
1236583160,mqlp_4_512_512,53289684,256
1180033600,mqlp_4_512_1024,53708187,256
1163127560,mqlp_4_512_1024,53421502,256
1265072760,mqlp_4_512_1024,53570228,256
1249234700,mqlp_4_512_1024,53900905,256
1234935460,mqlp_4_512_1024,53178197,256
2045675300,mqlp_4_1024_1,51145455,256
2072361560,mqlp_4_1024_1,51134365,256
2085000200,mqlp_4_1024_1,51126655,256
2097764600,mqlp_4_1024_1,51125953,256
2562581660,mqlp_4_1024_1,51121256,256
1745735280,mqlp_4_1024_2,51140686,256
1802171480,mqlp_4_1024_2,51111284,256
1785884680,mqlp_4_1024_2,51141855,256
1758429580,mqlp_4_1024_2,51135164,256
1728371220,mqlp_4_1024_2,51094724,256
1624198720,mqlp_4_1024_4,51234653,256
1552703460,mqlp_4_1024_4,51154873,256
1615975400,mqlp_4_1024_4,51169118,256
1566874840,mqlp_4_1024_4,51153151,256
1604041720,mqlp_4_1024_4,51146338,256
1479910620,mqlp_4_1024_8,51158861,256
1460286420,mqlp_4_1024_8,51176836,256
1519456080,mqlp_4_1024_8,51133909,256
1466419520,mqlp_4_1024_8,51159608,256
1469322040,mqlp_4_1024_8,51235273,256
1353571260,mqlp_4_1024_16,51207401,256
1339625080,mqlp_4_1024_16,51217495,256
1391467900,mqlp_4_1024_16,51295244,256
1375402900,mqlp_4_1024_16,51324416,256
1725293520,mqlp_4_1024_16,51323249,256
1410382300,mqlp_4_1024_32,51427391,256
1224876460,mqlp_4_1024_32,51311188,256
1290706980,mqlp_4_1024_32,51285255,256
1343339800,mqlp_4_1024_32,51269594,256
1265853800,mqlp_4_1024_32,51364315,256
1245433580,mqlp_4_1024_64,51593736,256
1287187460,mqlp_4_1024_64,51634912,256
1309308000,mqlp_4_1024_64,51716770,256
1275154800,mqlp_4_1024_64,51431514,256
1288590160,mqlp_4_1024_64,52514871,256
1271265520,mqlp_4_1024_128,51765836,256
1280975520,mqlp_4_1024_128,51647547,256
1265848540,mqlp_4_1024_128,52004430,256
1191184140,mqlp_4_1024_128,51789294,256
1216553000,mqlp_4_1024_128,51667254,256
1211663740,mqlp_4_1024_256,52850726,256
1210676880,mqlp_4_1024_256,52337461,256
1261373620,mqlp_4_1024_256,52541926,256
1213627920,mqlp_4_1024_256,52694118,256
1266145520,mqlp_4_1024_256,52514547,256
1188771620,mqlp_4_1024_512,52495662,256
1234765620,mqlp_4_1024_512,52776083,256
1269439300,mqlp_4_1024_512,53613452,256
1183111940,mqlp_4_1024_512,52421651,256
1201666220,mqlp_4_1024_512,52750552,256
1293293560,mqlp_4_1024_1024,55076553,256
1228412260,mqlp_4_1024_1024,53398237,256
1261886540,mqlp_4_1024_1024,53194752,256
1267041660,mqlp_4_1024_1024,54749491,256
1274527960,mqlp_4_1024_1024,53811723,256
