141699300,mqlp_4_1_1,6489349,256
140035360,mqlp_4_1_1,6497983,256
133230440,mqlp_4_1_1,6504562,256
147564380,mqlp_4_1_1,6494514,256
131785060,mqlp_4_1_1,6505091,256
154095460,mqlp_4_1_2,6661886,256
136784100,mqlp_4_1_2,6634536,256
129737200,mqlp_4_1_2,6662927,256
143595540,mqlp_4_1_2,6648401,256
154300140,mqlp_4_1_2,6687989,256
136799960,mqlp_4_1_4,6841752,256
121982780,mqlp_4_1_4,6866400,256
117666040,mqlp_4_1_4,6873916,256
119530400,mqlp_4_1_4,6854509,256
170375580,mqlp_4_1_4,6876082,256
131657080,mqlp_4_1_8,7044451,256
130625620,mqlp_4_1_8,7058941,256
118498640,mqlp_4_1_8,7042411,256
153527240,mqlp_4_1_8,7044350,256
119470500,mqlp_4_1_8,7060140,256
123164840,mqlp_4_1_16,7220649,256
118896440,mqlp_4_1_16,7173830,256
132484840,mqlp_4_1_16,7224379,256
169024720,mqlp_4_1_16,7220530,256
119345560,mqlp_4_1_16,7236947,256
114660000,mqlp_4_1_32,7328784,256
118623400,mqlp_4_1_32,7380326,256
117099880,mqlp_4_1_32,7370395,256
141896360,mqlp_4_1_32,7365282,256
159618420,mqlp_4_1_32,7323679,256
176752000,mqlp_4_1_64,7438600,256
117262280,mqlp_4_1_64,7480193,256
179174000,mqlp_4_1_64,7431689,256
115544960,mqlp_4_1_64,7456839,256
189439180,mqlp_4_1_64,7477916,256
163440640,mqlp_4_1_128,7514216,256
150498420,mqlp_4_1_128,7538768,256
143435740,mqlp_4_1_128,7506617,256
118174320,mqlp_4_1_128,7527100,256
128446860,mqlp_4_1_128,7502057,256
145718840,mqlp_4_1_256,7586256,256
162047680,mqlp_4_1_256,7573241,256
123486820,mqlp_4_1_256,7578252,256
125691620,mqlp_4_1_256,7578333,256
120596180,mqlp_4_1_256,7547741,256
183289260,mqlp_4_1_512,7577330,256
159801280,mqlp_4_1_512,7583305,256
120767380,mqlp_4_1_512,7579471,256
114923240,mqlp_4_1_512,7543979,256
118894540,mqlp_4_1_512,7537757,256
115409500,mqlp_4_1_1024,7543201,256
155127700,mqlp_4_1_1024,7574716,256
116086860,mqlp_4_1_1024,7582905,256
137516240,mqlp_4_1_1024,7591240,256
130447220,mqlp_4_1_1024,7609140,256
142064080,mqlp_4_2_1,6546456,256
198614320,mqlp_4_2_1,6530523,256
202456540,mqlp_4_2_1,6523730,256
152999460,mqlp_4_2_1,6521873,256
155048100,mqlp_4_2_1,6520270,256
111720960,mqlp_4_2_2,6664955,256
111122120,mqlp_4_2_2,6643857,256
124294160,mqlp_4_2_2,6687423,256
139467740,mqlp_4_2_2,6640696,256
121522720,mqlp_4_2_2,6650696,256
145495840,mqlp_4_2_4,7174938,256
110850820,mqlp_4_2_4,6824276,256
104825260,mqlp_4_2_4,6818086,256
115993400,mqlp_4_2_4,6988368,256
104950160,mqlp_4_2_4,6828887,256
101560620,mqlp_4_2_8,6899738,256
129071720,mqlp_4_2_8,7008975,256
105393240,mqlp_4_2_8,6929553,256
105901380,mqlp_4_2_8,6994769,256
145882400,129644320,mqlp_4_1_1,6497020,256
129499960,mqlp_4_1_1,6504426,256
134997220,mqlp_4_1_1,6479316,256
130299380,mqlp_4_1_1,6491241,256
147979600,mqlp_4_1_1,6493105,256
120265560,mqlp_4_1_2,6648518,256
118535220,mqlp_4_1_2,6649301,256
119497340,mqlp_4_1_2,6670139,256
132374320,mqlp_4_1_2,6675120,256
117047360,mqlp_4_1_2,6671454,256
120187380,mqlp_4_1_4,6879820,256
115320160,mqlp_4_1_4,6867696,256
119091620,mqlp_4_1_4,6873300,256
119346700,mqlp_4_1_4,6864886,256
131833600,mqlp_4_1_1,6502294,256
136614260,mqlp_4_1_1,6490760,256
156521020,mqlp_4_1_1,6513941,256
151613280,mqlp_4_1_1,6508712,256
129444460,mqlp_4_1_1,6508152,256
125256360,mqlp_4_1_2,6677698,256
125466580,mqlp_4_1_2,6657495,256
132085360,mqlp_4_1_2,6687175,256
118910840,mqlp_4_1_2,6659214,256
121549820,mqlp_4_1_2,6662550,256
116224200,mqlp_4_1_4,6842949,256
117975680,mqlp_4_1_4,6840825,256
119087480,mqlp_4_1_4,6822986,256
125691660,mqlp_4_1_4,6827396,256
121131200,mqlp_4_1_4,6896683,256
112920400,mqlp_4_1_8,7038158,256
113418600,mqlp_4_1_8,7030911,256
116605660,mqlp_4_1_8,7020100,256
117967680,mqlp_4_1_8,7058625,256
121150000,mqlp_4_1_8,7065584,256
116029720,mqlp_4_1_16,7236451,256
116367080,mqlp_4_1_16,7228071,256
114306700,mqlp_4_1_16,7202269,256
114815420,mqlp_4_1_16,7207731,256
119328460,mqlp_4_1_16,7241551,256
118184800,mqlp_4_1_32,7399717,256
119576940,mqlp_4_1_32,7387788,256
115599780,mqlp_4_1_32,7360091,256
116122900,mqlp_4_1_32,7336206,256
112264460,mqlp_4_1_32,7356555,256
115760640,mqlp_4_1_64,7442303,256
114947140,mqlp_4_1_64,7458243,256
116536420,mqlp_4_1_64,7467531,256
116232380,mqlp_4_1_64,7431163,256
115163760,mqlp_4_1_64,7457301,256
111574060,mqlp_4_1_128,7497098,256
117856860,mqlp_4_1_128,7513857,256
120283160,mqlp_4_1_128,7531824,256
117595700,mqlp_4_1_128,7515224,256
115308800,mqlp_4_1_128,7470126,256
123562200,mqlp_4_1_256,7590847,256
115556520,mqlp_4_1_256,7526551,256
121591280,mqlp_4_1_256,7564700,256
120642040,mqlp_4_1_256,7560383,256
122533080,mqlp_4_1_256,7558144,256
117531660,mqlp_4_1_512,7569086,256
116516120,mqlp_4_1_512,7536082,256
117228580,mqlp_4_1_512,7583791,256
117637200,mqlp_4_1_512,7581699,256
115894300,mqlp_4_1_512,7541269,256
117732000,mqlp_4_1_1024,7593014,256
115233700,mqlp_4_1_1024,7543045,256
125710440,mqlp_4_1_1024,7611452,256
118407240,mqlp_4_1_1024,7551477,256
113936040,mqlp_4_1_1024,7570352,256
138412360,mqlp_4_2_1,6563378,256
125409540,mqlp_4_2_1,6508481,256
133600420,mqlp_4_2_1,6512725,256
140186100,mqlp_4_2_1,6522911,256
127597840,mqlp_4_2_1,6509926,256
111324040,mqlp_4_2_2,6644808,256
131405980,mqlp_4_2_2,6675952,256
116436740,mqlp_4_2_2,6670909,256
115567120,mqlp_4_2_2,6646388,256
113313380,mqlp_4_2_2,6635771,256
110151700,mqlp_4_2_4,6798098,256
113625160,mqlp_4_2_4,6809226,256
111449460,mqlp_4_2_4,6802907,256
110299520,mqlp_4_2_4,6798008,256
106419040,mqlp_4_2_4,6792414,256
105215280,mqlp_4_2_8,6955647,256
104073120,mqlp_4_2_8,7048726,256
106651320,mqlp_4_2_8,6964563,256
101147260,mqlp_4_2_8,6917490,256
112621740,mqlp_4_2_8,6988053,256
100828960,mqlp_4_2_16,7050431,256
107691620,mqlp_4_2_16,7140958,256
98871520,mqlp_4_2_16,7030046,256
99573320,mqlp_4_2_16,7037604,256
108873520,mqlp_4_2_16,7078922,256
101085960,mqlp_4_2_32,7156142,256
99943360,mqlp_4_2_32,7187341,256
104071720,mqlp_4_2_32,7323771,256
104257560,mqlp_4_2_32,7219941,256
105984660,mqlp_4_2_32,7229844,256
115093680,mqlp_4_2_64,7596393,256
101348480,mqlp_4_2_64,7258019,256
100701820,mqlp_4_2_64,7259662,256
101503960,mqlp_4_2_64,7221212,256
103282180,mqlp_4_2_64,7225273,256
102758640,mqlp_4_2_128,7302640,256
98549860,mqlp_4_2_128,7263057,256
100918220,mqlp_4_2_128,7261417,256
102954680,mqlp_4_2_128,7437487,256
107543440,mqlp_4_2_128,7382178,256
101240680,mqlp_4_2_256,7312844,256
126588620,mqlp_4_2_256,7345127,256
101126680,mqlp_4_2_256,7333288,256
105250820,mqlp_4_2_256,7315126,256
104662760,mqlp_4_2_256,7336253,256
103974860,mqlp_4_2_512,7290656,256
124250120,mqlp_4_2_512,7368603,256
104132060,mqlp_4_2_512,7356019,256
106187160,mqlp_4_2_512,7347545,256
101783300,mqlp_4_2_512,7346919,256
104765800,mqlp_4_2_1024,7358711,256
100940720,mqlp_4_2_1024,7313704,256
101144220,mqlp_4_2_1024,7312149,256
102019780,mqlp_4_2_1024,7329866,256
102244520,mqlp_4_2_1024,7395102,256
139536580,mqlp_4_4_1,6561974,256
144107740,mqlp_4_4_1,6547201,256
130263040,mqlp_4_4_1,6526424,256
155141420,mqlp_4_4_1,6556566,256
144344480,mqlp_4_4_1,6511804,256
116211420,mqlp_4_4_2,6658873,256
117422980,mqlp_4_4_2,6602138,256
119650600,mqlp_4_4_2,6642848,256
119882460,mqlp_4_4_2,6624386,256
131845240,mqlp_4_4_2,6666459,256
107080740,mqlp_4_4_4,6715560,256
131020300,mqlp_4_4_4,6711184,256
111297300,mqlp_4_4_4,6772715,256
103462780,mqlp_4_4_4,6701950,256
108543780,mqlp_4_4_4,6832033,256
97967260,mqlp_4_4_8,6821277,256
111547380,mqlp_4_4_8,6917963,256
112992560,mqlp_4_4_8,6885450,256
107871620,mqlp_4_4_8,6840781,256
104542900,mqlp_4_4_8,6795808,256
99499400,mqlp_4_4_16,6860099,256
99256340,mqlp_4_4_16,6855827,256
103325000,mqlp_4_4_16,6953792,256
96462580,mqlp_4_4_16,6844969,256
97879220,mqlp_4_4_16,6891065,256
99758000,mqlp_4_4_32,6957427,256
95123900,mqlp_4_4_32,6976563,256
97461720,mqlp_4_4_32,6997321,256
93864460,mqlp_4_4_32,6934278,256
96498360,mqlp_4_4_32,6911779,256
99611820,mqlp_4_4_64,7052401,256
98384100,mqlp_4_4_64,7000117,256
95023320,mqlp_4_4_64,6934499,256
104366080,mqlp_4_4_64,7060998,256
99213740,mqlp_4_4_64,7043816,256
95314700,mqlp_4_4_128,6992806,256
103626500,mqlp_4_4_128,7091980,256
97412380,mqlp_4_4_128,6994084,256
94756960,mqlp_4_4_128,7003622,256
103109700,mqlp_4_4_128,7055867,256
100613040,mqlp_4_4_256,7069099,256
107959900,mqlp_4_4_256,7282363,256
112958180,mqlp_4_4_256,7033653,256
95914500,mqlp_4_4_256,7002782,256
101732120,mqlp_4_4_256,7112561,256
96292680,mqlp_4_4_512,7037356,256
92535740,mqlp_4_4_512,7035533,256
100424500,mqlp_4_4_512,7033124,256
107926140,mqlp_4_4_512,7121463,256
94550180,mqlp_4_4_512,7012184,256
96029740,mqlp_4_4_1024,7077993,256
98084980,mqlp_4_4_1024,6998746,256
102213420,mqlp_4_4_1024,7086354,256
101340120,mqlp_4_4_1024,7133682,256
98059640,mqlp_4_4_1024,7047296,256
150159960,mqlp_4_8_1,6506313,256
154865160,mqlp_4_8_1,6524721,256
154775600,mqlp_4_8_1,6504224,256
162584820,mqlp_4_8_1,6554816,256
168629400,mqlp_4_8_1,6558508,256
136521940,mqlp_4_8_2,6621620,256
129073900,mqlp_4_8_2,6566780,256
129320760,mqlp_4_8_2,6576243,256
133115580,mqlp_4_8_2,6591919,256
130055760,mqlp_4_8_2,6557030,256
116506560,mqlp_4_8_4,6610687,256
115511100,mqlp_4_8_4,6591542,256
122498800,mqlp_4_8_4,6658942,256
112559560,mqlp_4_8_4,6618485,256
137004080,mqlp_4_8_4,6714957,256
108764640,mqlp_4_8_8,6673995,256
117643620,mqlp_4_8_8,6703733,256
114841660,mqlp_4_8_8,6725334,256
107061200,mqlp_4_8_8,6660839,256
111133860,mqlp_4_8_8,6716548,256
108637140,mqlp_4_8_16,6791947,256
106967840,mqlp_4_8_16,6808535,256
104441800,mqlp_4_8_16,6783784,256
109607380,mqlp_4_8_16,6813534,256
103130500,mqlp_4_8_16,6759191,256
105718660,mqlp_4_8_32,6839450,256
111569640,mqlp_4_8_32,6984692,256
108535120,mqlp_4_8_32,6916984,256
103044140,mqlp_4_8_32,6848523,256
112432400,mqlp_4_8_32,6893232,256
114879660,mqlp_4_8_64,7114564,256
106801180,mqlp_4_8_64,7073092,256
113359500,mqlp_4_8_64,7071917,256
104806380,mqlp_4_8_64,6956517,256
102506240,mqlp_4_8_64,7002810,256
108370960,mqlp_4_8_128,7211784,256
107451540,mqlp_4_8_128,7069797,256
111293440,mqlp_4_8_128,7073864,256
102001580,mqlp_4_8_128,7028792,256
105949320,mqlp_4_8_128,7021856,256
108315560,mqlp_4_8_256,7121875,256
109265240,mqlp_4_8_256,7191258,256
107875820,mqlp_4_8_256,7121930,256
117217540,mqlp_4_8_256,7124593,256
103022240,mqlp_4_8_256,7062600,256
104712780,mqlp_4_8_512,7174952,256
110730800,mqlp_4_8_512,7221548,256
106999320,mqlp_4_8_512,7187324,256
100980500,mqlp_4_8_512,7095766,256
116762720,mqlp_4_8_512,7278898,256
103326880,mqlp_4_8_1024,7121587,256
104152180,mqlp_4_8_1024,7279891,256
106624240,mqlp_4_8_1024,7173522,256
104685780,mqlp_4_8_1024,7151006,256
101693720,mqlp_4_8_1024,7141764,256
176228100,mqlp_4_16_1,6664478,256
182788260,mqlp_4_16_1,6698388,256
180553980,mqlp_4_16_1,6681106,256
168442820,mqlp_4_16_1,6616591,256
173170060,mqlp_4_16_1,6641598,256
163733640,mqlp_4_16_2,6701469,256
146364040,mqlp_4_16_2,6612799,256
138846800,mqlp_4_16_2,6595046,256
155897780,mqlp_4_16_2,6671996,256
157479380,mqlp_4_16_2,6663098,256
133335500,mqlp_4_16_4,6637243,256
136323560,mqlp_4_16_4,6677081,256
135646020,mqlp_4_16_4,6652373,256
131564860,mqlp_4_16_4,6623852,256
152908800,mqlp_4_16_4,6771610,256
137540400,mqlp_4_16_8,6761492,256
141408320,mqlp_4_16_8,6819057,256
132723600,mqlp_4_16_8,6756065,256
131498900,mqlp_4_16_8,6767815,256
127374520,mqlp_4_16_8,6750507,256
137804080,mqlp_4_16_16,6925749,256
123275320,mqlp_4_16_16,6868740,256
122084320,mqlp_4_16_16,6889039,256
134892200,mqlp_4_16_16,6899383,256
133799640,mqlp_4_16_16,6939353,256
137361680,mqlp_4_16_32,7236032,256
121252460,mqlp_4_16_32,7144269,256
134379900,mqlp_4_16_32,7229965,256
123654720,mqlp_4_16_32,7156659,256
121464040,mqlp_4_16_32,7139180,256
121318540,mqlp_4_16_64,7557211,256
122358880,mqlp_4_16_64,7493924,256
129274780,mqlp_4_16_64,7508569,256
142189680,mqlp_4_16_64,7591837,256
189426700,mqlp_4_16_64,7590035,256
134866280,mqlp_4_16_128,7829672,256
120372360,mqlp_4_16_128,7843051,256
121912960,mqlp_4_16_128,7934678,256
134682660,mqlp_4_16_128,7958299,256
121079340,mqlp_4_16_128,7899036,256
126778440,mqlp_4_16_256,8281113,256
120697740,mqlp_4_16_256,8286042,256
124830200,mqlp_4_16_256,8188733,256
124674040,mqlp_4_16_256,8067751,256
123181580,mqlp_4_16_256,8233469,256
122544620,mqlp_4_16_512,8416388,256
127713500,mqlp_4_16_512,8458937,256
140600820,mqlp_4_16_512,8492338,256
125020060,mqlp_4_16_512,8579365,256
124178700,mqlp_4_16_512,8442732,256
127169780,mqlp_4_16_1024,8712326,256
137323880,mqlp_4_16_1024,8640897,256
136287620,mqlp_4_16_1024,8609323,256
126295280,mqlp_4_16_1024,8804322,256
128225200,mqlp_4_16_1024,8665850,256
160185380,mqlp_4_32_1,6748731,256
160971160,mqlp_4_32_1,6720155,256
170684440,mqlp_4_32_1,6773586,256
172820920,mqlp_4_32_1,6769698,256
213397100,mqlp_4_32_1,6892411,256
171646520,mqlp_4_32_2,6855377,256
164745700,mqlp_4_32_2,6812208,256
152410100,mqlp_4_32_2,6759903,256
149156960,mqlp_4_32_2,6752232,256
172547640,mqlp_4_32_2,6877420,256
145696240,mqlp_4_32_4,6819891,256
139084840,mqlp_4_32_4,6799871,256
155261220,mqlp_4_32_4,6854353,256
143516100,mqlp_4_32_4,6810655,256
200681380,mqlp_4_32_4,6937227,256
142641020,mqlp_4_32_8,6923572,256
140924720,mqlp_4_32_8,6890852,256
155955900,mqlp_4_32_8,6967525,256
143149420,mqlp_4_32_8,6886970,256
157044080,mqlp_4_32_8,6978918,256
157377660,mqlp_4_32_16,7149810,256
141128460,mqlp_4_32_16,7054090,256
141602620,mqlp_4_32_16,7023701,256
147319500,mqlp_4_32_16,7044176,256
140441000,mqlp_4_32_16,7043213,256
127887960,mqlp_4_32_32,7334060,256
149888800,mqlp_4_32_32,7406378,256
133425800,mqlp_4_32_32,7311340,256
158968760,mqlp_4_32_32,7493584,256
153242040,mqlp_4_32_32,7373553,256
136835480,mqlp_4_32_64,7939017,256
130449480,mqlp_4_32_64,7869791,256
149703560,mqlp_4_32_64,8105036,256
132106980,mqlp_4_32_64,7962609,256
149431040,mqlp_4_32_64,7994445,256
137784060,mqlp_4_32_128,8889128,256
149914000,mqlp_4_32_128,8839271,256
154135980,mqlp_4_32_128,8934769,256
137385780,mqlp_4_32_128,8784708,256
137347240,mqlp_4_32_128,8725943,256
129772460,mqlp_4_32_256,9691928,256
133747900,mqlp_4_32_256,9610183,256
131807920,mqlp_4_32_256,9796950,256
138915880,mqlp_4_32_256,9767551,256
136014320,mqlp_4_32_256,10002562,256
141033100,mqlp_4_32_512,10742891,256
141985520,mqlp_4_32_512,10902846,256
151473180,mqlp_4_32_512,10750426,256
147981660,mqlp_4_32_512,10949999,256
166308220,mqlp_4_32_512,10914394,256
147766500,mqlp_4_32_1024,11480437,256
163148560,mqlp_4_32_1024,11536466,256
151361220,mqlp_4_32_1024,11497178,256
144258200,mqlp_4_32_1024,11451415,256
152442140,mqlp_4_32_1024,11524162,256
246141940,mqlp_4_64_1,7005723,256
185759260,mqlp_4_64_1,6847911,256
245096660,mqlp_4_64_1,7011700,256
226189280,mqlp_4_64_1,6954536,256
177754580,mqlp_4_64_1,6945450,256
190576760,mqlp_4_64_2,6900856,256
154040460,mqlp_4_64_2,6901824,256
220183400,mqlp_4_64_2,6896997,256
162522120,mqlp_4_64_2,6948220,256
216902540,mqlp_4_64_2,7026995,256
140685260,mqlp_4_64_4,6949940,256
155809900,mqlp_4_64_4,6984178,256
149445760,mqlp_4_64_4,6980901,256
199356800,mqlp_4_64_4,7006239,256
227498940,mqlp_4_64_4,7050309,256
149622300,mqlp_4_64_8,7073748,256
155755580,mqlp_4_64_8,7110056,256
181957000,mqlp_4_64_8,7223351,256
247765000,mqlp_4_64_8,7210235,256
155713800,mqlp_4_64_8,7066122,256
147677040,mqlp_4_64_16,7234162,256
139136320,mqlp_4_64_16,7209912,256
144062840,mqlp_4_64_16,7196336,256
158671720,mqlp_4_64_16,7234279,256
159699900,mqlp_4_64_16,7288368,256
139234780,mqlp_4_64_32,7562175,256
149570100,mqlp_4_64_32,7604817,256
141829220,mqlp_4_64_32,7535248,256
149278040,mqlp_4_64_32,7600037,256
145006680,mqlp_4_64_32,7562632,256
148277120,mqlp_4_64_64,8175538,256
149169260,mqlp_4_64_64,8185877,256
130252380,mqlp_4_64_64,8130020,256
150921820,mqlp_4_64_64,8202227,256
134009940,mqlp_4_64_64,8109883,256
130317920,mqlp_4_64_128,9294271,256
150634320,mqlp_4_64_128,9318176,256
125968540,mqlp_4_64_128,9282582,256
141657600,mqlp_4_64_128,9250773,256
131108320,mqlp_4_64_128,9268907,256
124947700,mqlp_4_64_256,10910941,256
127212880,mqlp_4_64_256,10844177,256
121535760,mqlp_4_64_256,10800977,256
119741200,mqlp_4_64_256,10678896,256
137452160,mqlp_4_64_256,11036066,256
138524820,mqlp_4_64_512,12917772,256
154423340,mqlp_4_64_512,13247238,256
139296700,mqlp_4_64_512,13025054,256
124288340,mqlp_4_64_512,12820006,256
123970940,mqlp_4_64_512,12900558,256
133878780,mqlp_4_64_1024,15369999,256
133433740,mqlp_4_64_1024,14956784,256
133329780,mqlp_4_64_1024,15034897,256
130720860,mqlp_4_64_1024,14702510,256
129344240,mqlp_4_64_1024,14641013,256
222845720,mqlp_4_128_1,6956850,256
170733340,mqlp_4_128_1,6897143,256
168595720,mqlp_4_128_1,6918364,256
206072180,mqlp_4_128_1,6953735,256
202078240,mqlp_4_128_1,6995288,256
162428140,mqlp_4_128_2,6996883,256
191850100,mqlp_4_128_2,6969439,256
176284340,mqlp_4_128_2,7042615,256
181174840,mqlp_4_128_2,7037558,256
206384120,mqlp_4_128_2,6975866,256
155617460,mqlp_4_128_4,7063062,256
159014440,mqlp_4_128_4,7064626,256
159317740,mqlp_4_128_4,7085195,256
279048480,mqlp_4_128_4,7148002,256
154883460,mqlp_4_128_4,7053338,256
141264600,mqlp_4_128_8,7160321,256
136496460,mqlp_4_128_8,7151504,256
164140140,mqlp_4_128_8,7239206,256
176286940,mqlp_4_128_8,7143758,256
208432880,mqlp_4_128_8,7232878,256
168279600,mqlp_4_128_16,7404614,256
146180940,mqlp_4_128_16,7299107,256
144627740,mqlp_4_128_16,7346792,256
153295620,mqlp_4_128_16,7341651,256
145866040,mqlp_4_128_16,7326334,256
146563900,mqlp_4_128_32,7643964,256
153300400,mqlp_4_128_32,7709057,256
145558660,mqlp_4_128_32,7734519,256
139146580,mqlp_4_128_32,7671230,256
141974500,mqlp_4_128_32,7719175,256
134988560,mqlp_4_128_64,8306927,256
138365840,mqlp_4_128_64,8300506,256
155812880,mqlp_4_128_64,8362124,256
131348820,mqlp_4_128_64,8284274,256
131522660,mqlp_4_128_64,8346937,256
136716940,mqlp_4_128_128,9430409,256
148540040,mqlp_4_128_128,9559125,256
131854300,mqlp_4_128_128,9425918,256
121835800,mqlp_4_128_128,9389450,256
124635060,mqlp_4_128_128,9373330,256
124337400,mqlp_4_128_256,11403111,256
124604760,mqlp_4_128_256,11323553,256
124136420,mqlp_4_128_256,11192697,256
117523720,mqlp_4_128_256,11313589,256
121816940,mqlp_4_128_256,11257533,256
121628180,mqlp_4_128_512,13946094,256
115603660,mqlp_4_128_512,13940642,256
116247600,mqlp_4_128_512,13978214,256
122778720,mqlp_4_128_512,13835486,256
119749360,mqlp_4_128_512,14061301,256
120529220,mqlp_4_128_1024,17566572,256
117278320,mqlp_4_128_1024,17349660,256
117090480,mqlp_4_128_1024,17280915,256
121756760,mqlp_4_128_1024,16955275,256
120415060,mqlp_4_128_1024,17022280,256
168350020,mqlp_4_256_1,6909264,256
168467820,mqlp_4_256_1,6943917,256
248145240,mqlp_4_256_1,7007231,256
198629940,mqlp_4_256_1,7081129,256
158553060,mqlp_4_256_1,6904180,256
165044560,mqlp_4_256_2,7002451,256
157099720,mqlp_4_256_2,7004661,256
152530580,mqlp_4_256_2,6973968,256
172291740,mqlp_4_256_2,7038277,256
156368300,mqlp_4_256_2,6973191,256
167389300,mqlp_4_256_4,7121428,256
176795780,mqlp_4_256_4,7170518,256
173952180,mqlp_4_256_4,7110980,256
156020200,mqlp_4_256_4,7085592,256
156061460,mqlp_4_256_4,7077505,256
159754080,mqlp_4_256_8,7224036,256
159074540,mqlp_4_256_8,7224629,256
153923860,mqlp_4_256_8,7131606,256
160734900,mqlp_4_256_8,7203077,256
153779900,mqlp_4_256_8,7189147,256
156057220,mqlp_4_256_16,7364627,256
185077540,mqlp_4_256_16,7459384,256
133949320,mqlp_4_256_16,7331906,256
141920240,mqlp_4_256_16,7348717,256
138535840,mqlp_4_256_16,7313626,256
148074460,mqlp_4_256_32,7720740,256
148106220,mqlp_4_256_32,7709057,256
136270020,mqlp_4_256_32,7696731,256
139676000,mqlp_4_256_32,7689653,256
152724220,mqlp_4_256_32,7737181,256
143047420,mqlp_4_256_64,8330477,256
143216900,mqlp_4_256_64,8298880,256
134994440,mqlp_4_256_64,8327310,256
144482680,mqlp_4_256_64,8401496,256
162342660,mqlp_4_256_64,8412098,256
127519740,mqlp_4_256_128,9411214,256
132238340,mqlp_4_256_128,9512699,256
133837600,mqlp_4_256_128,9593324,256
124472500,mqlp_4_256_128,9366451,256
139802820,mqlp_4_256_128,9499536,256
128169700,mqlp_4_256_256,11344477,256
131827140,mqlp_4_256_256,11724417,256
125282620,mqlp_4_256_256,11301042,256
138873280,mqlp_4_256_256,11592500,256
131643180,mqlp_4_256_256,11543173,256
126564560,mqlp_4_256_512,14205671,256
120898640,mqlp_4_256_512,14850318,256
119027580,mqlp_4_256_512,14392825,256
121787060,mqlp_4_256_512,14170216,256
123043760,mqlp_4_256_512,14389340,256
134152620,mqlp_4_256_1024,18813912,256
122758100,mqlp_4_256_1024,18528367,256
132003480,mqlp_4_256_1024,19425356,256
132123860,mqlp_4_256_1024,18689417,256
128101920,mqlp_4_256_1024,19001604,256
187018240,mqlp_4_512_1,6940636,256
162961100,mqlp_4_512_1,6907185,256
168414480,mqlp_4_512_1,6919047,256
200476420,mqlp_4_512_1,6993047,256
180114600,mqlp_4_512_1,7001975,256
171013480,mqlp_4_512_2,7030569,256
179726400,mqlp_4_512_2,7102330,256
163413800,mqlp_4_512_2,6990049,256
176680040,mqlp_4_512_2,7017107,256
150759200,mqlp_4_512_2,6967278,256
163746020,mqlp_4_512_4,7077059,256
217074260,mqlp_4_512_4,7114907,256
151232040,mqlp_4_512_4,7066032,256
158696280,mqlp_4_512_4,7089601,256
153559760,mqlp_4_512_4,7080958,256
141971900,mqlp_4_512_8,7169511,256
179163120,mqlp_4_512_8,7235995,256
156090180,mqlp_4_512_8,7165103,256
154420400,mqlp_4_512_8,7163013,256
178757620,mqlp_4_512_8,7264908,256
157835980,mqlp_4_512_16,7375517,256
150409900,mqlp_4_512_16,7343836,256
141826800,mqlp_4_512_16,7336790,256
147410220,mqlp_4_512_16,7355543,256
154917540,mqlp_4_512_16,7357205,256
156486700,mqlp_4_512_32,7694463,256
162267260,mqlp_4_512_32,7757748,256
155046080,mqlp_4_512_32,7848657,256
159437960,mqlp_4_512_32,7757541,256
154008060,mqlp_4_512_32,7724403,256
153113960,mqlp_4_512_64,8379065,256
131329520,mqlp_4_512_64,8323983,256
159350280,mqlp_4_512_64,8409830,256
155661440,mqlp_4_512_64,8383731,256
138429200,mqlp_4_512_64,8342788,256
134983640,mqlp_4_512_128,9411974,256
123732260,mqlp_4_512_128,9407554,256
200131460,mqlp_4_512_128,9634504,256
149947060,mqlp_4_512_128,9635006,256
125569420,mqlp_4_512_128,9429423,256
120105140,mqlp_4_512_256,11588833,256
134199780,mqlp_4_512_256,11377820,256
129105940,mqlp_4_512_256,11604958,256
122267980,mqlp_4_512_256,11568327,256
122414100,mqlp_4_512_256,11628606,256
124442400,mqlp_4_512_512,14559734,256
117395940,mqlp_4_512_512,14731686,256
125819320,mqlp_4_512_512,14912071,256
124439120,mqlp_4_512_512,14361762,256
128027360,mqlp_4_512_512,14659837,256
133292000,mqlp_4_512_1024,19929170,256
136452300,mqlp_4_512_1024,19400132,256
133042760,mqlp_4_512_1024,19373153,256
128449500,mqlp_4_512_1024,19729276,256
127780520,mqlp_4_512_1024,18850683,256
188886600,mqlp_4_1024_1,6891780,256
265509140,mqlp_4_1024_1,6999862,256
231347040,mqlp_4_1024_1,6960216,256
200397860,mqlp_4_1024_1,6933676,256
203234880,mqlp_4_1024_1,6954527,256
155824780,mqlp_4_1024_2,6986657,256
147938660,mqlp_4_1024_2,6973396,256
159785960,mqlp_4_1024_2,7001667,256
194519780,mqlp_4_1024_2,6979933,256
156384820,mqlp_4_1024_2,6978842,256
153882880,mqlp_4_1024_4,7049925,256
178381040,mqlp_4_1024_4,7064289,256
143287060,mqlp_4_1024_4,7064166,256
212055120,mqlp_4_1024_4,7131442,256
144631900,mqlp_4_1024_4,7055712,256
168484000,mqlp_4_1024_8,7234606,256
145680740,mqlp_4_1024_8,7165191,256
149061380,mqlp_4_1024_8,7185760,256
152996680,mqlp_4_1024_8,7165940,256
221378820,mqlp_4_1024_8,7255199,256
161548180,mqlp_4_1024_16,7399493,256
163136060,mqlp_4_1024_16,7410756,256
147232900,mqlp_4_1024_16,7355853,256
139243160,mqlp_4_1024_16,7340450,256
149342860,mqlp_4_1024_16,7339776,256
144610600,mqlp_4_1024_32,7719235,256
145021480,mqlp_4_1024_32,7693732,256
143493600,mqlp_4_1024_32,7686170,256
131989620,mqlp_4_1024_32,7658930,256
137348540,mqlp_4_1024_32,7668813,256
136495780,mqlp_4_1024_64,8301100,256
159704160,mqlp_4_1024_64,8370972,256
135953840,mqlp_4_1024_64,8349500,256
150298320,mqlp_4_1024_64,8323778,256
150967000,mqlp_4_1024_64,8442859,256
131755900,mqlp_4_1024_128,9545077,256
153739920,mqlp_4_1024_128,9551665,256
140342580,mqlp_4_1024_128,9618523,256
138775920,mqlp_4_1024_128,9530263,256
144435260,mqlp_4_1024_128,9586186,256
127969740,mqlp_4_1024_256,11419349,256
123069080,mqlp_4_1024_256,11441387,256
132904920,mqlp_4_1024_256,11728793,256
123461640,mqlp_4_1024_256,11285165,256
182637040,mqlp_4_1024_256,11527729,256
122011460,mqlp_4_1024_512,14113230,256
127628020,mqlp_4_1024_512,14946428,256
124288140,mqlp_4_1024_512,14789528,256
133098960,mqlp_4_1024_512,14708525,256
120138440,mqlp_4_1024_512,14096408,256
127974420,mqlp_4_1024_1024,18939606,256
132194480,mqlp_4_1024_1024,20598541,256
131246180,mqlp_4_1024_1024,19157784,256
145803200,mqlp_4_1024_1024,18488104,256
130304880,mqlp_4_1024_1024,19267684,256
