4540475440,mqlp_4_1_1,47991612,256,0
4543988260,mqlp_4_1_1,47983469,256,0
4646670980,mqlp_4_1_1,47989357,256,0
4616205440,mqlp_4_1_1,47985865,256,0
4620799340,mqlp_4_1_1,47989946,256,0
4498233900,mqlp_4_1_2,47993033,256,0
4520455960,mqlp_4_1_2,47991760,256,0
4336014440,mqlp_4_1_2,47985067,256,0
4335416780,mqlp_4_1_2,47998656,256,0
4410723560,mqlp_4_1_2,47993473,256,0
4334136660,mqlp_4_1_4,47995147,256,0
4632796860,mqlp_4_1_4,47993154,256,0
4274145220,mqlp_4_1_4,48003935,256,0
4409251860,mqlp_4_1_4,48005347,256,0
4320577940,mqlp_4_1_4,48006367,256,0
4217683280,mqlp_4_1_8,47991415,256,0
4204874720,mqlp_4_1_8,48005719,256,0
4335589760,mqlp_4_1_8,47995610,256,0
4205439900,mqlp_4_1_8,48003575,256,0
4269231660,mqlp_4_1_8,47996335,256,0
4256302720,mqlp_4_1_16,48029454,256,0
4252898700,mqlp_4_1_16,48027065,256,0
4197311180,mqlp_4_1_16,48019876,256,0
4363446560,mqlp_4_1_16,48046893,256,0
4383804000,mqlp_4_1_16,48049918,256,0
4634138240,mqlp_4_1_32,48080970,256,0
4442954160,mqlp_4_1_32,48105352,256,0
4401350040,mqlp_4_1_32,48080886,256,0
4482635460,mqlp_4_1_32,48102375,256,0
4588522320,mqlp_4_1_32,48085970,256,0
5668814880,mqlp_4_1_64,48144451,256,0
5583357740,mqlp_4_1_64,48162758,256,0
5813000140,mqlp_4_1_64,48141255,256,0
5573004660,mqlp_4_1_64,48160490,256,0
5901564320,mqlp_4_1_64,48143906,256,0
5151881840,mqlp_4_1_128,48164031,256,0
5241586820,mqlp_4_1_128,48175522,256,0
6857545620,mqlp_4_1_128,48175967,256,0
6271228620,mqlp_4_1_128,48171081,256,0
6010446140,mqlp_4_1_128,48178809,256,0
5875741820,mqlp_4_1_256,48205207,256,0
7590430260,mqlp_4_1_256,48192804,256,0
5996158640,mqlp_4_1_256,48200332,256,0
5462939700,mqlp_4_1_256,48187184,256,0
7589567960,mqlp_4_1_256,48206937,256,0
5670737840,mqlp_4_1_512,48202269,256,0
6259897660,mqlp_4_1_512,48198425,256,0
5130328620,mqlp_4_1_512,48166990,256,0
6165348820,mqlp_4_1_512,48199998,256,0
6729542600,mqlp_4_1_512,48194915,256,0
5191027480,mqlp_4_1_1024,48167245,256,0
4972800400,mqlp_4_1_1024,48160295,256,0
5197927860,mqlp_4_1_1024,48159656,256,0
5410455220,mqlp_4_1_1024,48158630,256,0
6266605480,mqlp_4_1_1024,48204019,256,0
4675385940,mqlp_4_2_1,48069776,256,0
4799272360,mqlp_4_2_1,48069504,256,0
4783171300,mqlp_4_2_1,48073624,256,0
4757418840,mqlp_4_2_1,48072796,256,0
4701490060,mqlp_4_2_1,48067015,256,0
4498279360,mqlp_4_2_2,48057609,256,0
4429038200,mqlp_4_2_2,48060248,256,0
4405912220,mqlp_4_2_2,48062258,256,0
4454255160,mqlp_4_2_2,48054992,256,0
4455277860,mqlp_4_2_2,48065388,256,0
4311294840,mqlp_4_2_4,48044284,256,0
4280946320,mqlp_4_2_4,48040489,256,0
4214142520,mqlp_4_2_4,48045799,256,0
4203172160,mqlp_4_2_4,48046649,256,0
4320123020,mqlp_4_2_4,48050408,256,0
4187022860,mqlp_4_2_8,48033978,256,0
4213580980,mqlp_4_2_8,48031879,256,0
4187768140,mqlp_4_2_8,48034434,256,0
4185323920,mqlp_4_2_8,48033136,256,0
4206947980,mqlp_4_2_8,48035049,256,0
4271170000,mqlp_4_2_16,48039885,256,0
4187229120,mqlp_4_2_16,48038982,256,0
4126792660,mqlp_4_2_16,48034862,256,0
4104594120,mqlp_4_2_16,48036772,256,0
4232404080,mqlp_4_2_16,48042630,256,0
4961773240,mqlp_4_2_32,48111829,256,0
4283320720,mqlp_4_2_32,48082205,256,0
4524050700,mqlp_4_2_32,48094162,256,0
4495749440,mqlp_4_2_32,48075019,256,0
4624655660,mqlp_4_2_32,48105408,256,0
5411208800,mqlp_4_2_64,48112307,256,0
4649744340,mqlp_4_2_64,48102694,256,0
5950852240,mqlp_4_2_64,48128845,256,0
5785905200,mqlp_4_2_64,48144604,256,0
4947031220,mqlp_4_2_64,48120269,256,0
4723152840,mqlp_4_2_128,48118519,256,0
5400494720,mqlp_4_2_128,48135499,256,0
6159097160,mqlp_4_2_128,48144887,256,0
5278625640,mqlp_4_2_128,48117597,256,0
5723363340,mqlp_4_2_128,48148101,256,0
5203486340,mqlp_4_2_256,48132028,256,0
5903043900,mqlp_4_2_256,48140166,256,0
5432558160,mqlp_4_2_256,48130487,256,0
5398840920,mqlp_4_2_256,48132245,256,0
5375151480,mqlp_4_2_256,48132065,256,0
4598963700,mqlp_4_2_512,48122501,256,0
5302881960,mqlp_4_2_512,48134913,256,0
5887364480,mqlp_4_2_512,48139624,256,0
6585512840,mqlp_4_2_512,48135615,256,0
6713008240,mqlp_4_2_512,48163096,256,0
6543394660,mqlp_4_2_1024,48134513,256,0
4424392560,mqlp_4_2_1024,48112894,256,0
5503476440,mqlp_4_2_1024,48136163,256,0
4395097640,mqlp_4_2_1024,48116923,256,0
5150559300,mqlp_4_2_1024,48128703,256,0
4616865520,mqlp_4_4_1,48134863,256,0
4788692860,mqlp_4_4_1,48137902,256,0
4544886980,mqlp_4_4_1,48139724,256,0
4645385020,mqlp_4_4_1,48129418,256,0
4653512780,mqlp_4_4_1,48137507,256,0
4350987700,mqlp_4_4_2,48112545,256,0
4413013900,mqlp_4_4_2,48131850,256,0
4339381460,mqlp_4_4_2,48120823,256,0
4452893180,mqlp_4_4_2,48116341,256,0
4337097800,mqlp_4_4_2,48115715,256,0
4320206400,mqlp_4_4_4,48098188,256,0
4260625500,mqlp_4_4_4,48095643,256,0
4180663260,mqlp_4_4_4,48097752,256,0
4266179100,mqlp_4_4_4,48100996,256,0
4271519240,mqlp_4_4_4,48100458,256,0
4071134160,mqlp_4_4_8,48070771,256,0
4065551020,mqlp_4_4_8,48074466,256,0
4132171140,mqlp_4_4_8,48090218,256,0
4230169080,mqlp_4_4_8,48069656,256,0
4064719280,mqlp_4_4_8,48074879,256,0
4128100660,mqlp_4_4_16,48065072,256,0
4024707340,mqlp_4_4_16,48058280,256,0
4084378160,mqlp_4_4_16,48092700,256,0
4095560640,mqlp_4_4_16,48052378,256,0
3982329360,mqlp_4_4_16,48057727,256,0
4250485660,mqlp_4_4_32,48093928,256,0
4234370400,mqlp_4_4_32,48080824,256,0
4275249960,mqlp_4_4_32,48087020,256,0
4253479000,mqlp_4_4_32,48077548,256,0
4331493260,mqlp_4_4_32,48100281,256,0
6452568900,mqlp_4_4_64,48147790,256,0
4275136540,mqlp_4_4_64,48093474,256,0
5034711620,mqlp_4_4_64,48133243,256,0
4322845940,mqlp_4_4_64,48097222,256,0
4639266000,mqlp_4_4_64,48110402,256,0
5423261240,mqlp_4_4_128,48140292,256,0
4491961200,mqlp_4_4_128,48107990,256,0
4757146620,mqlp_4_4_128,48121125,256,0
5173684260,mqlp_4_4_128,48132668,256,0
4575881820,mqlp_4_4_128,48101416,256,0
4613505500,mqlp_4_4_256,48105899,256,0
4560260180,mqlp_4_4_256,48116209,256,0
5619721680,mqlp_4_4_256,48137299,256,0
9393403600,mqlp_4_4_256,48205118,256,0
5096597520,mqlp_4_4_256,48123763,256,0
4504590760,mqlp_4_4_512,48116356,256,0
4952711480,mqlp_4_4_512,48120261,256,0
4798469620,mqlp_4_4_512,48120094,256,0
5277495860,mqlp_4_4_512,48117464,256,0
4583035560,mqlp_4_4_512,48111303,256,0
4383027920,mqlp_4_4_1024,48112933,256,0
4694992060,mqlp_4_4_1024,48124683,256,0
4367269660,mqlp_4_4_1024,48109039,256,0
4438548960,mqlp_4_4_1024,48106897,256,0
4568193700,mqlp_4_4_1024,48105388,256,0
4666918680,mqlp_4_8_1,48177865,256,0
4634839980,mqlp_4_8_1,48175120,256,0
4705265680,mqlp_4_8_1,48181154,256,0
4621021440,mqlp_4_8_1,48187419,256,0
4697431140,mqlp_4_8_1,48185625,256,0
4344101500,mqlp_4_8_2,48161728,256,0
4359385820,mqlp_4_8_2,48164353,256,0
4374939300,mqlp_4_8_2,48170325,256,0
4385816740,mqlp_4_8_2,48171615,256,0
4455240560,mqlp_4_8_2,48160680,256,0
4195188620,mqlp_4_8_4,48152303,256,0
4286894360,mqlp_4_8_4,48126507,256,0
4186433800,mqlp_4_8_4,48142834,256,0
4351722520,mqlp_4_8_4,48150785,256,0
4204038560,mqlp_4_8_4,48139938,256,0
4039187860,mqlp_4_8_8,48098447,256,0
4174001180,mqlp_4_8_8,48106927,256,0
4109731260,mqlp_4_8_8,48101320,256,0
4148738740,mqlp_4_8_8,48114526,256,0
4236250380,mqlp_4_8_8,48102518,256,0
4116692160,mqlp_4_8_16,48079334,256,0
4205084720,mqlp_4_8_16,48073234,256,0
3965975620,mqlp_4_8_16,48072975,256,0
4071336600,mqlp_4_8_16,48081981,256,0
4126098960,mqlp_4_8_16,48076918,256,0
4027116940,mqlp_4_8_32,48071646,256,0
4081859000,mqlp_4_8_32,48065337,256,0
4066785940,mqlp_4_8_32,48062080,256,0
4060574620,mqlp_4_8_32,48080969,256,0
4119035080,mqlp_4_8_32,48061177,256,0
4197127200,mqlp_4_8_64,48096950,256,0
4220624280,mqlp_4_8_64,48093885,256,0
4578365180,mqlp_4_8_64,48113617,256,0
4516141220,mqlp_4_8_64,48119946,256,0
4202288400,mqlp_4_8_64,48093044,256,0
5755791220,mqlp_4_8_128,48143195,256,0
5429644620,mqlp_4_8_128,48175659,256,0
4491119700,mqlp_4_8_128,48117216,256,0
4710995660,mqlp_4_8_128,48114078,256,0
4269127980,mqlp_4_8_128,48098343,256,0
4926273720,mqlp_4_8_256,48099910,256,0
4470208200,mqlp_4_8_256,48120318,256,0
5416119520,mqlp_4_8_256,48124811,256,0
4452705680,mqlp_4_8_256,48106945,256,0
4291449220,mqlp_4_8_256,48100964,256,0
4254365200,mqlp_4_8_512,48088277,256,0
4255425600,mqlp_4_8_512,48106126,256,0
4334563740,mqlp_4_8_512,48107296,256,0
5340876120,mqlp_4_8_512,48133571,256,0
4390589440,mqlp_4_8_512,48094192,256,0
4388364000,mqlp_4_8_1024,48094639,256,0
4322410980,mqlp_4_8_1024,48086429,256,0
5017869020,mqlp_4_8_1024,48145234,256,0
4296325840,mqlp_4_8_1024,48105350,256,0
4244741220,mqlp_4_8_1024,48094023,256,0
4804670680,mqlp_4_16_1,48197098,256,0
4655761560,mqlp_4_16_1,48212504,256,0
5632443460,mqlp_4_16_1,48209771,256,0
4699323520,mqlp_4_16_1,48203883,256,0
4724093220,mqlp_4_16_1,48206098,256,0
4454005040,mqlp_4_16_2,48193406,256,0
4505652820,mqlp_4_16_2,48189951,256,0
4471087300,mqlp_4_16_2,48205001,256,0
4433864400,mqlp_4_16_2,48192254,256,0
4419127580,mqlp_4_16_2,48201322,256,0
4390820000,mqlp_4_16_4,48190388,256,0
4184644860,mqlp_4_16_4,48165679,256,0
4326316740,mqlp_4_16_4,48172696,256,0
4253088820,mqlp_4_16_4,48167927,256,0
4349643500,mqlp_4_16_4,48169984,256,0
4137227400,mqlp_4_16_8,48131334,256,0
4282252440,mqlp_4_16_8,48141408,256,0
4202550640,mqlp_4_16_8,48127226,256,0
4163683000,mqlp_4_16_8,48148308,256,0
4026037600,mqlp_4_16_8,48125541,256,0
4086117680,mqlp_4_16_16,48098134,256,0
4065895420,mqlp_4_16_16,48103264,256,0
4104015160,mqlp_4_16_16,48096209,256,0
4030003400,mqlp_4_16_16,48102773,256,0
4053811740,mqlp_4_16_16,48099571,256,0
4026335800,mqlp_4_16_32,48077044,256,0
4060630860,mqlp_4_16_32,48073476,256,0
4027711840,mqlp_4_16_32,48077831,256,0
5181916460,mqlp_4_16_32,48199549,256,0
3962733840,mqlp_4_16_32,48065503,256,0
5040342320,mqlp_4_16_64,48089266,256,0
4054225180,mqlp_4_16_64,48086911,256,0
4211231120,mqlp_4_16_64,48113420,256,0
4174280620,mqlp_4_16_64,48101570,256,0
4030012920,mqlp_4_16_64,48069398,256,0
4609804300,mqlp_4_16_128,48126376,256,0
4249210880,mqlp_4_16_128,48092380,256,0
4051335560,mqlp_4_16_128,48083717,256,0
4743266040,mqlp_4_16_128,48143788,256,0
4106209600,mqlp_4_16_128,48077845,256,0
4245481960,mqlp_4_16_256,48094367,256,0
4405685480,mqlp_4_16_256,48105954,256,0
4137624560,mqlp_4_16_256,48102180,256,0
4219279360,mqlp_4_16_256,48104071,256,0
4282098880,mqlp_4_16_256,48095402,256,0
4203067040,mqlp_4_16_512,48096623,256,0
4330985160,mqlp_4_16_512,48106251,256,0
4531008900,mqlp_4_16_512,48113521,256,0
4342692820,mqlp_4_16_512,48111185,256,0
4330705260,mqlp_4_16_512,48114122,256,0
4294067460,mqlp_4_16_1024,48096381,256,0
4330350280,mqlp_4_16_1024,48105036,256,0
4274919960,mqlp_4_16_1024,48092869,256,0
4364779260,mqlp_4_16_1024,48116631,256,0
4315831180,mqlp_4_16_1024,48101066,256,0
4627164180,mqlp_4_32_1,48206680,256,0
4659966660,mqlp_4_32_1,48200415,256,0
4613230580,mqlp_4_32_1,48193261,256,0
4655188280,mqlp_4_32_1,48198873,256,0
4670639140,mqlp_4_32_1,48203356,256,0
4275350120,mqlp_4_32_2,48199009,256,0
4690831420,mqlp_4_32_2,48196034,256,0
4286947600,mqlp_4_32_2,48190156,256,0
4384986460,mqlp_4_32_2,48202683,256,0
4494680180,mqlp_4_32_2,48208717,256,0
4119732700,mqlp_4_32_4,48185398,256,0
4199995720,mqlp_4_32_4,48190759,256,0
4173420400,mqlp_4_32_4,48184270,256,0
4155856420,mqlp_4_32_4,48175054,256,0
4170920940,mqlp_4_32_4,48189273,256,0
4386676940,mqlp_4_32_8,48143152,256,0
4061951120,mqlp_4_32_8,48149774,256,0
3993570240,mqlp_4_32_8,48139946,256,0
4169880720,mqlp_4_32_8,48148342,256,0
4130694840,mqlp_4_32_8,48145166,256,0
4017361880,mqlp_4_32_16,48118990,256,0
3963523740,mqlp_4_32_16,48114579,256,0
4179912380,mqlp_4_32_16,48109245,256,0
4030820840,mqlp_4_32_16,48105606,256,0
4091468460,mqlp_4_32_16,48115212,256,0
4091855300,mqlp_4_32_32,48093419,256,0
3987665180,mqlp_4_32_32,48079846,256,0
4051931200,mqlp_4_32_32,48078823,256,0
4086972300,mqlp_4_32_32,48089707,256,0
4040524860,mqlp_4_32_32,48078448,256,0
4131671080,mqlp_4_32_64,48066941,256,0
4077476760,mqlp_4_32_64,48070108,256,0
4087902580,mqlp_4_32_64,48068963,256,0
3933772100,mqlp_4_32_64,48055603,256,0
5193243240,mqlp_4_32_64,48064886,256,0
3970137840,mqlp_4_32_128,48078086,256,0
4306675160,mqlp_4_32_128,48079672,256,0
4071403300,mqlp_4_32_128,48073773,256,0
4841785460,mqlp_4_32_128,48066517,256,0
4049757860,mqlp_4_32_128,48067264,256,0
4516504180,mqlp_4_32_256,48087386,256,0
4139399280,mqlp_4_32_256,48088809,256,0
4180452700,mqlp_4_32_256,48079797,256,0
4125155740,mqlp_4_32_256,48094864,256,0
4293726980,mqlp_4_32_256,48085003,256,0
4121247560,mqlp_4_32_512,48079686,256,0
5496426060,mqlp_4_32_512,48103177,256,0
4429460460,mqlp_4_32_512,48096747,256,0
4022054260,mqlp_4_32_512,48078393,256,0
4141443060,mqlp_4_32_512,48098543,256,0
4084373460,mqlp_4_32_1024,48087041,256,0
4259085940,mqlp_4_32_1024,48098442,256,0
3967628960,mqlp_4_32_1024,48079850,256,0
4085431960,mqlp_4_32_1024,48078462,256,0
4306394340,mqlp_4_32_1024,48109845,256,0
4581954420,mqlp_4_64_1,48193002,256,0
4812889020,mqlp_4_64_1,48196593,256,0
4925103440,mqlp_4_64_1,48192816,256,0
4587309700,mqlp_4_64_1,48192434,256,0
4603173100,mqlp_4_64_1,48186915,256,0
4259598280,mqlp_4_64_2,48192062,256,0
4400577280,mqlp_4_64_2,48189053,256,0
4363462360,mqlp_4_64_2,48188011,256,0
4684186960,mqlp_4_64_2,48192501,256,0
4635225500,mqlp_4_64_2,48189564,256,0
4413042500,mqlp_4_64_4,48163079,256,0
4249574060,mqlp_4_64_4,48168643,256,0
4215452320,mqlp_4_64_4,48174996,256,0
4238262360,mqlp_4_64_4,48185063,256,0
4677160800,mqlp_4_64_4,48178881,256,0
4169106240,mqlp_4_64_8,48138948,256,0
4211461820,mqlp_4_64_8,48148535,256,0
4178145100,mqlp_4_64_8,48150129,256,0
4164581860,mqlp_4_64_8,48148862,256,0
4056217660,mqlp_4_64_8,48141755,256,0
4038937640,mqlp_4_64_16,48107203,256,0
4001248220,mqlp_4_64_16,48117867,256,0
4612433000,mqlp_4_64_16,48119392,256,0
4503024020,mqlp_4_64_16,48110815,256,0
4224927320,mqlp_4_64_16,48129581,256,0
4194421420,mqlp_4_64_32,48084618,256,0
4038227500,mqlp_4_64_32,48081488,256,0
3942488980,mqlp_4_64_32,48074073,256,0
4058881260,mqlp_4_64_32,48078579,256,0
4170249220,mqlp_4_64_32,48074187,256,0
3931026380,mqlp_4_64_64,48049587,256,0
4261871220,mqlp_4_64_64,48083596,256,0
4111882540,mqlp_4_64_64,48080722,256,0
4143719680,mqlp_4_64_64,48080629,256,0
4450720540,mqlp_4_64_64,48105783,256,0
3905440020,mqlp_4_64_128,48049084,256,0
3999350020,mqlp_4_64_128,48070386,256,0
3938623420,mqlp_4_64_128,48057905,256,0
3889564160,mqlp_4_64_128,48060268,256,0
4332335120,mqlp_4_64_128,48064421,256,0
4601549300,mqlp_4_64_256,48100599,256,0
4190920400,mqlp_4_64_256,48092150,256,0
4259110900,mqlp_4_64_256,48109507,256,0
4138052120,mqlp_4_64_256,48064595,256,0
4014030200,mqlp_4_64_256,48054316,256,0
4244186620,mqlp_4_64_512,48094610,256,0
4144429100,mqlp_4_64_512,48071612,256,0
4161108360,mqlp_4_64_512,48064247,256,0
4087944180,mqlp_4_64_512,48072117,256,0
4140558260,mqlp_4_64_512,48084809,256,0
4187380220,mqlp_4_64_1024,48081175,256,0
4707326700,mqlp_4_64_1024,48074524,256,0
4164555740,mqlp_4_64_1024,48071246,256,0
4153053940,mqlp_4_64_1024,48063467,256,0
4476040440,mqlp_4_64_1024,48083634,256,0
5072944680,mqlp_4_128_1,48190131,256,0
4664384060,mqlp_4_128_1,48197856,256,0
4777379400,mqlp_4_128_1,48190502,256,0
4955500040,mqlp_4_128_1,48195022,256,0
4613815920,mqlp_4_128_1,48196584,256,0
4372621740,mqlp_4_128_2,48193992,256,0
4829732400,mqlp_4_128_2,48189750,256,0
4650113580,mqlp_4_128_2,48198066,256,0
4762454640,mqlp_4_128_2,48195791,256,0
4751836360,mqlp_4_128_2,48200237,256,0
4461586420,mqlp_4_128_4,48180085,256,0
4630624720,mqlp_4_128_4,48193680,256,0
4415928580,mqlp_4_128_4,48176616,256,0
4443238760,mqlp_4_128_4,48175230,256,0
4112107700,mqlp_4_128_4,48174319,256,0
4296318720,mqlp_4_128_8,48148093,256,0
4135623500,mqlp_4_128_8,48147565,256,0
4216068920,mqlp_4_128_8,48145603,256,0
4251534160,mqlp_4_128_8,48141198,256,0
4241294760,mqlp_4_128_8,48154352,256,0
4111126640,mqlp_4_128_16,48121780,256,0
4184266720,mqlp_4_128_16,48111433,256,0
4264549440,mqlp_4_128_16,48113095,256,0
4014339460,mqlp_4_128_16,48123633,256,0
4089874600,mqlp_4_128_16,48112079,256,0
4278570640,mqlp_4_128_32,48081337,256,0
4286429280,mqlp_4_128_32,48083373,256,0
4100068020,mqlp_4_128_32,48081436,256,0
4042924040,mqlp_4_128_32,48078684,256,0
4403577140,mqlp_4_128_32,48082084,256,0
4280866380,mqlp_4_128_64,48064244,256,0
4010817480,mqlp_4_128_64,48047039,256,0
4555253500,mqlp_4_128_64,48091206,256,0
4382426620,mqlp_4_128_64,48057352,256,0
4140499480,mqlp_4_128_64,48068149,256,0
4144710460,mqlp_4_128_128,48036820,256,0
4291129060,mqlp_4_128_128,48038852,256,0
3993275720,mqlp_4_128_128,48043537,256,0
4087715340,mqlp_4_128_128,48067099,256,0
4111220400,mqlp_4_128_128,48045319,256,0
4636592040,mqlp_4_128_256,48056334,256,0
3945529820,mqlp_4_128_256,48030004,256,0
4311235960,mqlp_4_128_256,48071818,256,0
4001177380,mqlp_4_128_256,48067626,256,0
3989266860,mqlp_4_128_256,48037213,256,0
4285990300,mqlp_4_128_512,48041078,256,0
4302553860,mqlp_4_128_512,48077240,256,0
4163763020,mqlp_4_128_512,48062869,256,0
4404775620,mqlp_4_128_512,48050286,256,0
4626442340,mqlp_4_128_512,48081572,256,0
4370964920,mqlp_4_128_1024,48074112,256,0
4581750580,mqlp_4_128_1024,48071608,256,0
4492432860,mqlp_4_128_1024,48102268,256,0
4397539220,mqlp_4_128_1024,48048479,256,0
4565755940,mqlp_4_128_1024,48071589,256,0
6357987820,mqlp_4_256_1,48193151,256,0
5084485660,mqlp_4_256_1,48185448,256,0
4798971460,mqlp_4_256_1,48171760,256,0
5146171660,mqlp_4_256_1,48176824,256,0
5172996280,mqlp_4_256_1,48180831,256,0
4635753820,mqlp_4_256_2,48188867,256,0
4771026800,mqlp_4_256_2,48177570,256,0
4734968940,mqlp_4_256_2,48166596,256,0
5736332980,mqlp_4_256_2,48174003,256,0
4807813440,mqlp_4_256_2,48183542,256,0
4535919720,mqlp_4_256_4,48163099,256,0
4746189500,mqlp_4_256_4,48147355,256,0
4134442600,mqlp_4_256_4,48186149,256,0
4572846720,mqlp_4_256_4,48164006,256,0
4566538080,mqlp_4_256_4,48168811,256,0
4411329840,mqlp_4_256_8,48146661,256,0
4458803760,mqlp_4_256_8,48140143,256,0
4395350420,mqlp_4_256_8,48160590,256,0
4487771600,mqlp_4_256_8,48134956,256,0
4448245320,mqlp_4_256_8,48143421,256,0
4107965860,mqlp_4_256_16,48138168,256,0
4311877200,mqlp_4_256_16,48111327,256,0
4204772200,mqlp_4_256_16,48118170,256,0
4435882940,mqlp_4_256_16,48109148,256,0
4047103140,mqlp_4_256_16,48120099,256,0
4599751340,mqlp_4_256_32,48087456,256,0
4524969920,mqlp_4_256_32,48089443,256,0
4643366720,mqlp_4_256_32,48076386,256,0
4583770420,mqlp_4_256_32,48081151,256,0
4628616340,mqlp_4_256_32,48105179,256,0
4762399820,mqlp_4_256_64,48066004,256,0
5150092000,mqlp_4_256_64,48077364,256,0
4162221380,mqlp_4_256_64,48077997,256,0
4534381020,mqlp_4_256_64,48071744,256,0
4527766520,mqlp_4_256_64,48077542,256,0
4582913980,mqlp_4_256_128,48052909,256,0
4282308800,mqlp_4_256_128,48045501,256,0
3950036200,mqlp_4_256_128,48059109,256,0
4334834460,mqlp_4_256_128,48066128,256,0
4623421940,mqlp_4_256_128,48068223,256,0
4654158980,mqlp_4_256_256,48063665,256,0
4181459000,mqlp_4_256_256,48059546,256,0
4550433680,mqlp_4_256_256,48053675,256,0
4551161880,mqlp_4_256_256,48055490,256,0
4181288920,mqlp_4_256_256,48069351,256,0
4649942520,mqlp_4_256_512,48047548,256,0
4589176820,mqlp_4_256_512,48043395,256,0
4492940680,mqlp_4_256_512,48053942,256,0
4555989960,mqlp_4_256_512,48073770,256,0
4646251300,mqlp_4_256_512,48079021,256,0
4892775000,mqlp_4_256_1024,48061162,256,0
5144512240,mqlp_4_256_1024,48086619,256,0
3935126440,mqlp_4_256_1024,48043276,256,0
4444475600,mqlp_4_256_1024,48052833,256,0
4766255600,mqlp_4_256_1024,48067943,256,0
4906419000,mqlp_4_512_1,48175814,256,0
4852116960,mqlp_4_512_1,48185720,256,0
5182418760,mqlp_4_512_1,48190001,256,0
4718126220,mqlp_4_512_1,48177027,256,0
4993252960,mqlp_4_512_1,48186392,256,0
4868382320,mqlp_4_512_2,48197409,256,0
4912391380,mqlp_4_512_2,48196254,256,0
4847631600,mqlp_4_512_2,48198399,256,0
4883526080,mqlp_4_512_2,48192116,256,0
4490284880,mqlp_4_512_2,48193266,256,0
4548926400,mqlp_4_512_4,48186016,256,0
4330268180,mqlp_4_512_4,48172328,256,0
4712521300,mqlp_4_512_4,48177392,256,0
4610761740,mqlp_4_512_4,48168357,256,0
4652307920,mqlp_4_512_4,48170560,256,0
4578598360,mqlp_4_512_8,48144438,256,0
4380861540,mqlp_4_512_8,48138397,256,0
4480476840,mqlp_4_512_8,48154074,256,0
4563024380,mqlp_4_512_8,48154607,256,0
3956714460,mqlp_4_512_8,48160399,256,0
4477804000,mqlp_4_512_16,48105155,256,0
4540028360,mqlp_4_512_16,48132235,256,0
4250403880,mqlp_4_512_16,48121228,256,0
4225468020,mqlp_4_512_16,48109976,256,0
4326881840,mqlp_4_512_16,48129027,256,0
5234300340,mqlp_4_512_32,48092393,256,0
4336456080,mqlp_4_512_32,48092222,256,0
4567699520,mqlp_4_512_32,48110744,256,0
4279911640,mqlp_4_512_32,48091357,256,0
4190139740,mqlp_4_512_32,48083596,256,0
4637025100,mqlp_4_512_64,48080501,256,0
4245734720,mqlp_4_512_64,48067982,256,0
4456074980,mqlp_4_512_64,48067455,256,0
4183311140,mqlp_4_512_64,48078598,256,0
4341997780,mqlp_4_512_64,48074299,256,0
4512033340,mqlp_4_512_128,48076861,256,0
4213469600,mqlp_4_512_128,48089926,256,0
4280350980,mqlp_4_512_128,48064122,256,0
4796564760,mqlp_4_512_128,48068090,256,0
4483210420,mqlp_4_512_128,48068828,256,0
4855235380,mqlp_4_512_256,48060230,256,0
4359192880,mqlp_4_512_256,48047888,256,0
4616022580,mqlp_4_512_256,48063636,256,0
4705954700,mqlp_4_512_256,48062333,256,0
4785465740,mqlp_4_512_256,48065122,256,0
4643163040,mqlp_4_512_512,48067193,256,0
4449264040,mqlp_4_512_512,48059051,256,0
4283213480,mqlp_4_512_512,48054113,256,0
5261485860,mqlp_4_512_512,48057406,256,0
4809737680,mqlp_4_512_512,48062967,256,0
5225777560,mqlp_4_512_1024,48043977,256,0
4836538520,mqlp_4_512_1024,48064022,256,0
5052031740,mqlp_4_512_1024,48083803,256,0
4873655840,mqlp_4_512_1024,48048141,256,0
4706913160,mqlp_4_512_1024,48063297,256,0
4593065580,mqlp_4_1024_1,48190333,256,0
5250883740,mqlp_4_1024_1,48167815,256,0
4613353640,mqlp_4_1024_1,48197287,256,0
5153661380,mqlp_4_1024_1,48169912,256,0
4582037060,mqlp_4_1024_1,48201325,256,0
4568867660,mqlp_4_1024_2,48187317,256,0
4475738840,mqlp_4_1024_2,48183297,256,0
4888083500,mqlp_4_1024_2,48183547,256,0
4515159160,mqlp_4_1024_2,48192563,256,0
4398657060,mqlp_4_1024_2,48186398,256,0
4343699640,mqlp_4_1024_4,48159449,256,0
4329191780,mqlp_4_1024_4,48170908,256,0
4335320940,mqlp_4_1024_4,48168340,256,0
4411629780,mqlp_4_1024_4,48171274,256,0
4491779840,mqlp_4_1024_4,48151643,256,0
3981601700,mqlp_4_1024_8,48116754,256,0
4256969200,mqlp_4_1024_8,48120794,256,0
4375560420,mqlp_4_1024_8,48135379,256,0
4120998500,mqlp_4_1024_8,48144224,256,0
4106664100,mqlp_4_1024_8,48135095,256,0
4185004560,mqlp_4_1024_16,48113868,256,0
4548975620,mqlp_4_1024_16,48172400,256,0
4231129620,mqlp_4_1024_16,48108164,256,0
4263706400,mqlp_4_1024_16,48098803,256,0
3985057780,mqlp_4_1024_16,48118559,256,0
4466729520,mqlp_4_1024_32,48091356,256,0
4334366040,mqlp_4_1024_32,48095474,256,0
3990413400,mqlp_4_1024_32,48087968,256,0
4345664720,mqlp_4_1024_32,48092146,256,0
3952400120,mqlp_4_1024_32,48098408,256,0
4172005940,mqlp_4_1024_64,48078733,256,0
4282207160,mqlp_4_1024_64,48081358,256,0
4043769740,mqlp_4_1024_64,48069263,256,0
4481829800,mqlp_4_1024_64,48063016,256,0
4116659480,mqlp_4_1024_64,48066025,256,0
4310477300,mqlp_4_1024_128,48074214,256,0
4367809680,mqlp_4_1024_128,48070971,256,0
4533425540,mqlp_4_1024_128,48067103,256,0
4499600900,mqlp_4_1024_128,48071617,256,0
4428590340,mqlp_4_1024_128,48065642,256,0
4547084520,mqlp_4_1024_256,48068038,256,0
4653089980,mqlp_4_1024_256,48064351,256,0
5397165200,mqlp_4_1024_256,48074574,256,0
4752514640,mqlp_4_1024_256,48058750,256,0
4581130420,mqlp_4_1024_256,48065049,256,0
5057454440,mqlp_4_1024_512,48054577,256,0
5061198020,mqlp_4_1024_512,48043209,256,0
4997268180,mqlp_4_1024_512,48049482,256,0
5474479440,mqlp_4_1024_512,48071708,256,0
4850569320,mqlp_4_1024_512,48054854,256,0
4883517400,mqlp_4_1024_1024,48067989,256,0
4334391120,mqlp_4_1024_1024,48059660,256,0
5230876740,mqlp_4_1024_1024,48055846,256,0
4697083380,mqlp_4_1024_1024,48062126,256,0
5743244420,mqlp_4_1024_1024,48038367,256,0
