226379380,mqlp_4_1_1,11211527,256,10
251081820,mqlp_4_1_1,11238330,256,10
214473980,mqlp_4_1_1,11246128,256,10
205206540,mqlp_4_1_1,11205078,256,10
271912220,mqlp_4_1_1,11145867,256,10
234064060,mqlp_4_1_2,13925453,256,10
231769020,mqlp_4_1_2,13860294,256,10
266251000,mqlp_4_1_2,13870032,256,10
262119400,mqlp_4_1_2,13836227,256,10
250068400,mqlp_4_1_2,13946048,256,10
296103960,mqlp_4_1_4,17627796,256,10
293049360,mqlp_4_1_4,17644419,256,10
286075320,mqlp_4_1_4,17706023,256,10
271356640,mqlp_4_1_4,17585042,256,10
270592380,mqlp_4_1_4,17618278,256,10
345509260,mqlp_4_1_8,22617811,256,10
323289640,mqlp_4_1_8,22446997,256,10
333011280,mqlp_4_1_8,22477200,256,10
338749620,mqlp_4_1_8,22676964,256,10
343310220,mqlp_4_1_8,22588720,256,10
387133020,mqlp_4_1_16,28140556,256,10
389453360,mqlp_4_1_16,28205699,256,10
388367680,mqlp_4_1_16,28124404,256,10
406842180,mqlp_4_1_16,28248874,256,10
387553800,mqlp_4_1_16,28302415,256,10
467102820,mqlp_4_1_32,33955979,256,10
462677200,mqlp_4_1_32,33922248,256,10
464475160,mqlp_4_1_32,33984747,256,10
461653180,mqlp_4_1_32,33843706,256,10
463684160,mqlp_4_1_32,33785681,256,10
523419980,mqlp_4_1_64,38647162,256,10
524094800,mqlp_4_1_64,38557543,256,10
518491000,mqlp_4_1_64,38646637,256,10
519165500,mqlp_4_1_64,38458822,256,10
519310420,mqlp_4_1_64,38435711,256,10
562190320,mqlp_4_1_128,41526271,256,10
556337960,mqlp_4_1_128,41353035,256,10
557570580,mqlp_4_1_128,41414966,256,10
574527800,mqlp_4_1_128,42371217,256,10
567388880,mqlp_4_1_128,41846954,256,10
566643100,mqlp_4_1_256,43014589,256,10
575180280,mqlp_4_1_256,43377206,256,10
601518460,mqlp_4_1_256,43876874,256,10
575888800,mqlp_4_1_256,43199147,256,10
572321120,mqlp_4_1_256,43359204,256,10
582689680,mqlp_4_1_512,44145522,256,10
580897100,mqlp_4_1_512,44458940,256,10
607637600,mqlp_4_1_512,45123063,256,10
583037520,mqlp_4_1_512,44381281,256,10
589499260,mqlp_4_1_512,44621719,256,10
575347800,mqlp_4_1_1024,44610908,256,10
589704560,mqlp_4_1_1024,44727624,256,10
595556940,mqlp_4_1_1024,45151622,256,10
601254380,mqlp_4_1_1024,45353251,256,10
595700940,mqlp_4_1_1024,44774632,256,10
244006640,mqlp_4_2_1,12510534,256,10
240660220,mqlp_4_2_1,12693229,256,10
289294520,mqlp_4_2_1,12552071,256,10
233235840,mqlp_4_2_1,12498529,256,10
225860400,mqlp_4_2_1,12484468,256,10
247868540,mqlp_4_2_2,15380676,256,10
253129680,mqlp_4_2_2,15283038,256,10
246823080,mqlp_4_2_2,15335964,256,10
247228480,mqlp_4_2_2,15248171,256,10
280535720,mqlp_4_2_2,15318600,256,10
282405900,mqlp_4_2_4,19319676,256,10
273730060,mqlp_4_2_4,19102062,256,10
273479120,mqlp_4_2_4,19078916,256,10
276678420,mqlp_4_2_4,19165249,256,10
278217900,mqlp_4_2_4,19164455,256,10
299068700,mqlp_4_2_8,24124135,256,10
323321560,mqlp_4_2_8,24276813,256,10
318563580,mqlp_4_2_8,24046054,256,10
322423940,mqlp_4_2_8,23921734,256,10
317868720,mqlp_4_2_8,24046721,256,10
380995320,mqlp_4_2_16,30366475,256,10
395707300,mqlp_4_2_16,30528664,256,10
384528180,mqlp_4_2_16,30372895,256,10
386901860,mqlp_4_2_16,30440741,256,10
375413880,mqlp_4_2_16,30211824,256,10
461917540,mqlp_4_2_32,37647806,256,10
466645600,mqlp_4_2_32,37842670,256,10
461637960,mqlp_4_2_32,37677944,256,10
416734140,mqlp_4_2_32,36685479,256,10
456335760,mqlp_4_2_32,37815032,256,10
525286880,mqlp_4_2_64,44277938,256,10
533242520,mqlp_4_2_64,44352808,256,10
471680600,mqlp_4_2_64,42723386,256,10
513649440,mqlp_4_2_64,43139647,256,10
525913180,mqlp_4_2_64,44406923,256,10
585036780,mqlp_4_2_128,49368140,256,10
600164280,mqlp_4_2_128,50490760,256,10
594306540,mqlp_4_2_128,50442390,256,10
600945160,mqlp_4_2_128,50503564,256,10
580370040,mqlp_4_2_128,49008230,256,10
636459760,mqlp_4_2_256,52763961,256,10
556511640,mqlp_4_2_256,50925428,256,10
621580980,mqlp_4_2_256,52530462,256,10
638439280,mqlp_4_2_256,53845511,256,10
611170600,mqlp_4_2_256,52776704,256,10
653187480,mqlp_4_2_512,56525237,256,10
625384680,mqlp_4_2_512,54237489,256,10
569762160,mqlp_4_2_512,52611684,256,10
635715300,mqlp_4_2_512,55352983,256,10
647191760,mqlp_4_2_512,56457602,256,10
631058680,mqlp_4_2_1024,54343273,256,10
646427600,mqlp_4_2_1024,56393155,256,10
657144980,mqlp_4_2_1024,55743317,256,10
569016960,mqlp_4_2_1024,52878532,256,10
648830940,mqlp_4_2_1024,56238932,256,10
260419600,mqlp_4_4_1,14895477,256,10
281115540,mqlp_4_4_1,14745612,256,10
256811320,mqlp_4_4_1,14712289,256,10
261526820,mqlp_4_4_1,14787589,256,10
310493900,mqlp_4_4_1,14983465,256,10
256804000,mqlp_4_4_2,17758623,256,10
261469000,mqlp_4_4_2,17616299,256,10
260030760,mqlp_4_4_2,17644665,256,10
281040440,mqlp_4_4_2,17718767,256,10
266347080,mqlp_4_4_2,17685777,256,10
266293320,mqlp_4_4_4,21307285,256,10
272603440,mqlp_4_4_4,21590382,256,10
274521260,mqlp_4_4_4,21439902,256,10
287426240,mqlp_4_4_4,21638040,256,10
266258380,mqlp_4_4_4,21469489,256,10
300203860,mqlp_4_4_8,26484695,256,10
296208100,mqlp_4_4_8,26454657,256,10
302905020,mqlp_4_4_8,26395936,256,10
304147820,mqlp_4_4_8,26765215,256,10
293527720,mqlp_4_4_8,26338601,256,10
339347560,mqlp_4_4_16,32307855,256,10
339067080,mqlp_4_4_16,32621113,256,10
352111320,mqlp_4_4_16,32975076,256,10
354315180,mqlp_4_4_16,33021069,256,10
341263660,mqlp_4_4_16,32560430,256,10
394303640,mqlp_4_4_32,39476484,256,10
399520500,mqlp_4_4_32,39695173,256,10
390014340,mqlp_4_4_32,39147938,256,10
395362880,mqlp_4_4_32,39499046,256,10
399539900,mqlp_4_4_32,39908203,256,10
458786380,mqlp_4_4_64,47209343,256,10
456136780,mqlp_4_4_64,46332099,256,10
450371520,mqlp_4_4_64,46642608,256,10
459392980,mqlp_4_4_64,47198767,256,10
458992340,mqlp_4_4_64,47007661,256,10
511175900,mqlp_4_4_128,53747816,256,10
508129640,mqlp_4_4_128,53027813,256,10
536267320,mqlp_4_4_128,50336512,256,10
514105100,mqlp_4_4_128,52836652,256,10
516148660,mqlp_4_4_128,53840246,256,10
544080120,mqlp_4_4_256,57745851,256,10
525171940,mqlp_4_4_256,55663886,256,10
538625700,mqlp_4_4_256,56512221,256,10
533264980,mqlp_4_4_256,56172245,256,10
554959080,mqlp_4_4_256,58442298,256,10
557565840,mqlp_4_4_512,58768365,256,10
565072360,mqlp_4_4_512,59938765,256,10
539685940,mqlp_4_4_512,57100887,256,10
566505700,mqlp_4_4_512,60166760,256,10
561996080,mqlp_4_4_512,58638572,256,10
577545780,mqlp_4_4_1024,61233810,256,10
565014200,mqlp_4_4_1024,60288943,256,10
581970760,mqlp_4_4_1024,61509117,256,10
561442680,mqlp_4_4_1024,60091794,256,10
581668380,mqlp_4_4_1024,60640398,256,10
364666220,mqlp_4_8_1,18516647,256,10
355575580,mqlp_4_8_1,18593644,256,10
336935620,mqlp_4_8_1,18509335,256,10
356672100,mqlp_4_8_1,18450872,256,10
388975140,mqlp_4_8_1,18502790,256,10
372233020,mqlp_4_8_2,21507901,256,10
314904600,mqlp_4_8_2,21583636,256,10
318700820,mqlp_4_8_2,21525870,256,10
321699960,mqlp_4_8_2,21588563,256,10
347026020,mqlp_4_8_2,21507323,256,10
337061240,mqlp_4_8_4,25498387,256,10
319766460,mqlp_4_8_4,25377646,256,10
318041120,mqlp_4_8_4,25275339,256,10
334396120,mqlp_4_8_4,25462587,256,10
323943140,mqlp_4_8_4,25594320,256,10
343266420,mqlp_4_8_8,30423787,256,10
340837500,mqlp_4_8_8,30435958,256,10
346862760,mqlp_4_8_8,30392474,256,10
337445800,mqlp_4_8_8,30533629,256,10
333136600,mqlp_4_8_8,30200717,256,10
367853540,mqlp_4_8_16,36685938,256,10
361473600,mqlp_4_8_16,36467965,256,10
371766140,mqlp_4_8_16,36930143,256,10
358667520,mqlp_4_8_16,36438930,256,10
366596200,mqlp_4_8_16,36479667,256,10
424715200,mqlp_4_8_32,44143593,256,10
422288760,mqlp_4_8_32,44748343,256,10
537366340,mqlp_4_8_32,44408958,256,10
415240580,mqlp_4_8_32,44220733,256,10
414979800,mqlp_4_8_32,43623630,256,10
553882420,mqlp_4_8_64,52889008,256,10
468413420,mqlp_4_8_64,52095586,256,10
489873940,mqlp_4_8_64,51731978,256,10
552756700,mqlp_4_8_64,51631797,256,10
483714940,mqlp_4_8_64,51992825,256,10
518119640,mqlp_4_8_128,58870557,256,10
525997960,mqlp_4_8_128,60039489,256,10
524941800,mqlp_4_8_128,59440008,256,10
522994660,mqlp_4_8_128,59824426,256,10
522606580,mqlp_4_8_128,59260595,256,10
563593740,mqlp_4_8_256,64500676,256,10
557237300,mqlp_4_8_256,64233274,256,10
556893360,mqlp_4_8_256,64399431,256,10
562007760,mqlp_4_8_256,64765221,256,10
532872600,mqlp_4_8_256,59845027,256,10
593837900,mqlp_4_8_512,68748658,256,10
579935720,mqlp_4_8_512,67384637,256,10
587212920,mqlp_4_8_512,67803056,256,10
577521460,mqlp_4_8_512,66692971,256,10
577446600,mqlp_4_8_512,66981885,256,10
583465380,mqlp_4_8_1024,67877062,256,10
595963300,mqlp_4_8_1024,69817282,256,10
595615020,mqlp_4_8_1024,69505949,256,10
579249160,mqlp_4_8_1024,67529924,256,10
574266800,mqlp_4_8_1024,66307000,256,10
455815060,mqlp_4_16_1,21174303,256,10
504390400,mqlp_4_16_1,21403315,256,10
474837140,mqlp_4_16_1,21314226,256,10
438501780,mqlp_4_16_1,21157843,256,10
485251120,mqlp_4_16_1,21310694,256,10
439568920,mqlp_4_16_2,25692198,256,10
429119640,mqlp_4_16_2,25376518,256,10
410184500,mqlp_4_16_2,25891640,256,10
519981720,mqlp_4_16_2,25790751,256,10
427450660,mqlp_4_16_2,25584778,256,10
415944860,mqlp_4_16_4,29980132,256,10
409062920,mqlp_4_16_4,30133718,256,10
426615260,mqlp_4_16_4,30025016,256,10
427999360,mqlp_4_16_4,30103904,256,10
490360480,mqlp_4_16_4,30291727,256,10
409006800,mqlp_4_16_8,35161224,256,10
413251880,mqlp_4_16_8,35259541,256,10
411671180,mqlp_4_16_8,35459865,256,10
407190020,mqlp_4_16_8,35324603,256,10
412842920,mqlp_4_16_8,35169916,256,10
420110000,mqlp_4_16_16,41503692,256,10
420097100,mqlp_4_16_16,41452262,256,10
421528940,mqlp_4_16_16,41775159,256,10
506371440,mqlp_4_16_16,41882087,256,10
429584300,mqlp_4_16_16,41888825,256,10
514970220,mqlp_4_16_32,48815564,256,10
465969800,mqlp_4_16_32,49574471,256,10
516737980,mqlp_4_16_32,49605011,256,10
468727360,mqlp_4_16_32,49350579,256,10
496928500,mqlp_4_16_32,49253530,256,10
515562460,mqlp_4_16_64,57864446,256,10
506274580,mqlp_4_16_64,57275900,256,10
509729700,mqlp_4_16_64,57003888,256,10
509623520,mqlp_4_16_64,56675216,256,10
512049500,mqlp_4_16_64,58224165,256,10
564257120,mqlp_4_16_128,65793282,256,10
557410660,mqlp_4_16_128,64053624,256,10
574805660,mqlp_4_16_128,65419516,256,10
550793160,mqlp_4_16_128,63961906,256,10
562912880,mqlp_4_16_128,65826068,256,10
620508100,mqlp_4_16_256,74406549,256,10
605428000,mqlp_4_16_256,72254558,256,10
599884620,mqlp_4_16_256,71332301,256,10
610121860,mqlp_4_16_256,72919641,256,10
605206180,mqlp_4_16_256,71509187,256,10
630680940,mqlp_4_16_512,76677787,256,10
632781240,mqlp_4_16_512,76922176,256,10
627868280,mqlp_4_16_512,75656585,256,10
623859100,mqlp_4_16_512,74498333,256,10
632039080,mqlp_4_16_512,76867539,256,10
636578400,mqlp_4_16_1024,77262416,256,10
638757140,mqlp_4_16_1024,78256630,256,10
659861080,mqlp_4_16_1024,79061917,256,10
652223540,mqlp_4_16_1024,78194275,256,10
654324220,mqlp_4_16_1024,79286035,256,10
400390900,mqlp_4_32_1,16786756,256,10
463545540,mqlp_4_32_1,16908816,256,10
387743180,mqlp_4_32_1,15983358,256,10
354238160,mqlp_4_32_1,15861408,256,10
383891900,mqlp_4_32_1,16380667,256,10
553656100,mqlp_4_32_2,19943478,256,10
364590580,mqlp_4_32_2,19624954,256,10
451288400,mqlp_4_32_2,19833010,256,10
439147200,mqlp_4_32_2,19784375,256,10
395775740,mqlp_4_32_2,19754246,256,10
396027340,mqlp_4_32_4,22503227,256,10
361391660,mqlp_4_32_4,22487834,256,10
379111500,mqlp_4_32_4,22266295,256,10
352881440,mqlp_4_32_4,22377996,256,10
394556280,mqlp_4_32_4,22483258,256,10
445714920,mqlp_4_32_8,33709826,256,10
512732680,mqlp_4_32_8,34738870,256,10
446368340,mqlp_4_32_8,32931816,256,10
442708900,mqlp_4_32_8,34151320,256,10
502292280,mqlp_4_32_8,33281984,256,10
529648540,mqlp_4_32_16,41815702,256,10
476047700,mqlp_4_32_16,41690107,256,10
508512900,mqlp_4_32_16,40644129,256,10
526119480,mqlp_4_32_16,42458510,256,10
470803520,mqlp_4_32_16,41392462,256,10
508087360,mqlp_4_32_32,49245728,256,10
520762820,mqlp_4_32_32,48741633,256,10
498079400,mqlp_4_32_32,49524842,256,10
493374060,mqlp_4_32_32,48808519,256,10
506328200,mqlp_4_32_32,49185644,256,10
579601920,mqlp_4_32_64,64104318,256,10
573380980,mqlp_4_32_64,60384532,256,10
566631940,mqlp_4_32_64,60234778,256,10
566109400,mqlp_4_32_64,60331265,256,10
563276040,mqlp_4_32_64,59247531,256,10
617741980,mqlp_4_32_128,72474120,256,10
599273080,mqlp_4_32_128,69478240,256,10
632266720,mqlp_4_32_128,74441945,256,10
615870560,mqlp_4_32_128,70673965,256,10
624916560,mqlp_4_32_128,72695647,256,10
675519400,mqlp_4_32_256,82830902,256,10
667896420,mqlp_4_32_256,81892686,256,10
689204760,mqlp_4_32_256,83827460,256,10
659537560,mqlp_4_32_256,79598116,256,10
665590180,mqlp_4_32_256,80935083,256,10
702444240,mqlp_4_32_512,88451711,256,10
704512460,mqlp_4_32_512,87480828,256,10
733901160,mqlp_4_32_512,92688219,256,10
716640720,mqlp_4_32_512,89953300,256,10
735516680,mqlp_4_32_512,90473601,256,10
758440140,mqlp_4_32_1024,97332766,256,10
752012200,mqlp_4_32_1024,96163111,256,10
779169400,mqlp_4_32_1024,99834058,256,10
747056860,mqlp_4_32_1024,95184281,256,10
768462280,mqlp_4_32_1024,98294864,256,10
326831500,mqlp_4_64_1,13886128,256,10
348802640,mqlp_4_64_1,13888293,256,10
312355680,mqlp_4_64_1,13976420,256,10
302210960,mqlp_4_64_1,14048816,256,10
336238980,mqlp_4_64_1,14011524,256,10
298123520,mqlp_4_64_2,14304579,256,10
300062720,mqlp_4_64_2,14300407,256,10
318390880,mqlp_4_64_2,14417562,256,10
324224620,mqlp_4_64_2,14278163,256,10
290253860,mqlp_4_64_2,14252902,256,10
292078060,mqlp_4_64_4,14486196,256,10
348513760,mqlp_4_64_4,14552024,256,10
309094460,mqlp_4_64_4,14542426,256,10
306947080,mqlp_4_64_4,14448539,256,10
324134080,mqlp_4_64_4,14476086,256,10
295440080,mqlp_4_64_8,14931719,256,10
283229840,mqlp_4_64_8,14889113,256,10
267798460,mqlp_4_64_8,14886293,256,10
286688340,mqlp_4_64_8,14805803,256,10
319123660,mqlp_4_64_8,14844872,256,10
289873560,mqlp_4_64_16,15380978,256,10
310236560,mqlp_4_64_16,15234813,256,10
288535840,mqlp_4_64_16,15412196,256,10
297371320,mqlp_4_64_16,15289235,256,10
299341320,mqlp_4_64_16,15345192,256,10
324277300,mqlp_4_64_32,16010643,256,10
280359000,mqlp_4_64_32,16115414,256,10
269151400,mqlp_4_64_32,16045458,256,10
328861800,mqlp_4_64_32,16112836,256,10
279927920,mqlp_4_64_32,16062864,256,10
338835660,mqlp_4_64_64,17745322,256,10
324577720,mqlp_4_64_64,17786641,256,10
286510200,mqlp_4_64_64,17604262,256,10
282609860,mqlp_4_64_64,17738994,256,10
322169840,mqlp_4_64_64,17711709,256,10
283734540,mqlp_4_64_128,20920260,256,10
290132060,mqlp_4_64_128,23901373,256,10
249639120,mqlp_4_64_128,20362454,256,10
360136040,mqlp_4_64_128,33380501,256,10
262101900,mqlp_4_64_128,20331494,256,10
379597020,mqlp_4_64_256,38897004,256,10
489404400,mqlp_4_64_256,53220332,256,10
470329040,mqlp_4_64_256,52817623,256,10
559293160,mqlp_4_64_256,56456634,256,10
445854520,mqlp_4_64_256,46686761,256,10
659936460,mqlp_4_64_512,80025017,256,10
594607480,mqlp_4_64_512,73961824,256,10
607859700,mqlp_4_64_512,74606060,256,10
572132080,mqlp_4_64_512,67198428,256,10
569214880,mqlp_4_64_512,69701184,256,10
764542280,mqlp_4_64_1024,100492449,256,10
707411120,mqlp_4_64_1024,91663150,256,10
681648940,mqlp_4_64_1024,89718960,256,10
787382080,mqlp_4_64_1024,105248328,256,10
804276080,mqlp_4_64_1024,106606746,256,10
333450080,mqlp_4_128_1,13972240,256,10
326157280,mqlp_4_128_1,13990334,256,10
327514500,mqlp_4_128_1,13956398,256,10
336031120,mqlp_4_128_1,13968464,256,10
335130940,mqlp_4_128_1,14003583,256,10
320200840,mqlp_4_128_2,14224790,256,10
292289940,mqlp_4_128_2,14326680,256,10
322297340,mqlp_4_128_2,14249164,256,10
345595380,mqlp_4_128_2,14304068,256,10
469006280,mqlp_4_128_2,14301320,256,10
289563880,mqlp_4_128_4,14525311,256,10
283257520,mqlp_4_128_4,14425962,256,10
305299120,mqlp_4_128_4,14382898,256,10
316358600,mqlp_4_128_4,14464203,256,10
280969620,mqlp_4_128_4,14511384,256,10
276545240,mqlp_4_128_8,14774579,256,10
317340540,mqlp_4_128_8,14780093,256,10
300023940,mqlp_4_128_8,14730195,256,10
270812540,mqlp_4_128_8,14625880,256,10
335363420,mqlp_4_128_8,14969205,256,10
308848880,mqlp_4_128_16,15078226,256,10
311058000,mqlp_4_128_16,15108464,256,10
319014500,mqlp_4_128_16,15188188,256,10
306777760,mqlp_4_128_16,15205668,256,10
265591460,mqlp_4_128_16,15243529,256,10
298768780,mqlp_4_128_32,15805197,256,10
273295600,mqlp_4_128_32,15904190,256,10
283147280,mqlp_4_128_32,15943010,256,10
314935840,mqlp_4_128_32,15790173,256,10
268877040,mqlp_4_128_32,15874007,256,10
274383520,mqlp_4_128_64,17212910,256,10
255048120,mqlp_4_128_64,17263798,256,10
265310440,mqlp_4_128_64,17186240,256,10
254545200,mqlp_4_128_64,17188133,256,10
244358560,mqlp_4_128_64,17142712,256,10
287070740,mqlp_4_128_128,19777404,256,10
242749180,mqlp_4_128_128,19531977,256,10
245123840,mqlp_4_128_128,19381325,256,10
241719600,mqlp_4_128_128,19455221,256,10
239793620,mqlp_4_128_128,19330377,256,10
277821740,mqlp_4_128_256,23119712,256,10
242898140,mqlp_4_128_256,23130134,256,10
228427960,mqlp_4_128_256,23340533,256,10
235869080,mqlp_4_128_256,23295802,256,10
222395440,mqlp_4_128_256,23270365,256,10
212094220,mqlp_4_128_512,28163462,256,10
214586560,mqlp_4_128_512,28353376,256,10
218520220,mqlp_4_128_512,28948152,256,10
273369320,mqlp_4_128_512,29151095,256,10
214886980,mqlp_4_128_512,28628773,256,10
275494740,mqlp_4_128_1024,36035396,256,10
217395600,mqlp_4_128_1024,35250828,256,10
215655500,mqlp_4_128_1024,35300699,256,10
269705400,mqlp_4_128_1024,35754845,256,10
229633120,mqlp_4_128_1024,37011322,256,10
354624100,mqlp_4_256_1,14103198,256,10
388753220,mqlp_4_256_1,14138248,256,10
347697760,mqlp_4_256_1,13996106,256,10
303676280,mqlp_4_256_1,13944281,256,10
302630880,mqlp_4_256_1,13932291,256,10
328417700,mqlp_4_256_2,14193480,256,10
325450300,mqlp_4_256_2,14218984,256,10
283775920,mqlp_4_256_2,14255008,256,10
299851940,mqlp_4_256_2,14509541,256,10
285465060,mqlp_4_256_2,14316535,256,10
307191140,mqlp_4_256_4,14758843,256,10
302705160,mqlp_4_256_4,14430799,256,10
292173820,mqlp_4_256_4,14507552,256,10
297126160,mqlp_4_256_4,14434441,256,10
303026220,mqlp_4_256_4,14532240,256,10
276290760,mqlp_4_256_8,14755515,256,10
289456580,mqlp_4_256_8,14861490,256,10
287173260,mqlp_4_256_8,14799875,256,10
324543660,mqlp_4_256_8,14722900,256,10
294541820,mqlp_4_256_8,14756009,256,10
295045380,mqlp_4_256_16,15164560,256,10
299069300,mqlp_4_256_16,15150169,256,10
319742060,mqlp_4_256_16,15106810,256,10
300787420,mqlp_4_256_16,15303693,256,10
281564580,mqlp_4_256_16,15167036,256,10
331890580,mqlp_4_256_32,15853346,256,10
296945760,mqlp_4_256_32,15932608,256,10
275268460,mqlp_4_256_32,16007722,256,10
261124960,mqlp_4_256_32,15978270,256,10
280102580,mqlp_4_256_32,15914001,256,10
262249400,mqlp_4_256_64,17201064,256,10
301883260,mqlp_4_256_64,17213975,256,10
288448920,mqlp_4_256_64,17299011,256,10
252319520,mqlp_4_256_64,17144354,256,10
306875440,mqlp_4_256_64,17155206,256,10
281023080,mqlp_4_256_128,19542491,256,10
266065940,mqlp_4_256_128,19491622,256,10
278347620,mqlp_4_256_128,19577612,256,10
272902100,mqlp_4_256_128,19673984,256,10
260720940,mqlp_4_256_128,19768549,256,10
262201080,mqlp_4_256_256,23053518,256,10
247191780,mqlp_4_256_256,23321700,256,10
289645020,mqlp_4_256_256,23111511,256,10
253488620,mqlp_4_256_256,23320406,256,10
259474220,mqlp_4_256_256,23221393,256,10
218634080,mqlp_4_256_512,28537052,256,10
220420960,mqlp_4_256_512,28701608,256,10
258236060,mqlp_4_256_512,29451250,256,10
212738060,mqlp_4_256_512,28511243,256,10
211019760,mqlp_4_256_512,28203712,256,10
247627200,mqlp_4_256_1024,36409613,256,10
231902880,mqlp_4_256_1024,36863510,256,10
253121780,mqlp_4_256_1024,35954931,256,10
219116520,mqlp_4_256_1024,36758407,256,10
250360920,mqlp_4_256_1024,36713571,256,10
384954560,mqlp_4_512_1,14226181,256,10
319764260,mqlp_4_512_1,13912232,256,10
327405220,mqlp_4_512_1,13912393,256,10
349417540,mqlp_4_512_1,13966470,256,10
337401320,mqlp_4_512_1,13987417,256,10
341001880,mqlp_4_512_2,14269973,256,10
312163160,mqlp_4_512_2,14271296,256,10
352442780,mqlp_4_512_2,14203929,256,10
312798380,mqlp_4_512_2,14255435,256,10
366096060,mqlp_4_512_2,14410770,256,10
315749860,mqlp_4_512_4,14485117,256,10
314008980,mqlp_4_512_4,14460389,256,10
330117000,mqlp_4_512_4,14510061,256,10
287690720,mqlp_4_512_4,14511178,256,10
295973560,mqlp_4_512_4,14420751,256,10
313331360,mqlp_4_512_8,14807933,256,10
288562100,mqlp_4_512_8,14673432,256,10
318484120,mqlp_4_512_8,14634569,256,10
310714780,mqlp_4_512_8,14623874,256,10
306265220,mqlp_4_512_8,14708002,256,10
298449420,mqlp_4_512_16,15119150,256,10
272481920,mqlp_4_512_16,15174497,256,10
270761340,mqlp_4_512_16,15241708,256,10
280322140,mqlp_4_512_16,15064484,256,10
308504820,mqlp_4_512_16,15131455,256,10
292072960,mqlp_4_512_32,15845742,256,10
278063080,mqlp_4_512_32,15967082,256,10
287511080,mqlp_4_512_32,15921103,256,10
290248900,mqlp_4_512_32,15883232,256,10
292158480,mqlp_4_512_32,15878561,256,10
273876680,mqlp_4_512_64,17200930,256,10
301293000,mqlp_4_512_64,17164625,256,10
284953060,mqlp_4_512_64,17236242,256,10
311751940,mqlp_4_512_64,17127293,256,10
275184760,mqlp_4_512_64,17316120,256,10
285412280,mqlp_4_512_128,19469154,256,10
276595240,mqlp_4_512_128,19605147,256,10
237420540,mqlp_4_512_128,19457604,256,10
284805380,mqlp_4_512_128,19451200,256,10
275007080,mqlp_4_512_128,19534349,256,10
232869500,mqlp_4_512_256,23381797,256,10
282960180,mqlp_4_512_256,23613850,256,10
260308080,mqlp_4_512_256,23333270,256,10
221999120,mqlp_4_512_256,23232527,256,10
239111620,mqlp_4_512_256,22722226,256,10
213968300,mqlp_4_512_512,28825244,256,10
213096320,mqlp_4_512_512,29278705,256,10
253472820,mqlp_4_512_512,28923774,256,10
215757000,mqlp_4_512_512,29314397,256,10
219338780,mqlp_4_512_512,28750301,256,10
247099660,mqlp_4_512_1024,36333951,256,10
216443420,mqlp_4_512_1024,36416819,256,10
284126260,mqlp_4_512_1024,36456624,256,10
290581080,mqlp_4_512_1024,36776587,256,10
220160600,mqlp_4_512_1024,36309081,256,10
314935700,mqlp_4_1024_1,13996622,256,10
321665160,mqlp_4_1024_1,13963680,256,10
321855220,mqlp_4_1024_1,13980408,256,10
330215280,mqlp_4_1024_1,14124292,256,10
376407740,mqlp_4_1024_1,14081746,256,10
308151200,mqlp_4_1024_2,14303001,256,10
293056520,mqlp_4_1024_2,14306608,256,10
312972000,mqlp_4_1024_2,14168379,256,10
327829700,mqlp_4_1024_2,14201641,256,10
307923620,mqlp_4_1024_2,14303881,256,10
281854080,mqlp_4_1024_4,14607463,256,10
280318060,mqlp_4_1024_4,14487612,256,10
352129720,mqlp_4_1024_4,14554935,256,10
305697340,mqlp_4_1024_4,14731646,256,10
319376920,mqlp_4_1024_4,14464752,256,10
268240820,mqlp_4_1024_8,14703840,256,10
289646000,mqlp_4_1024_8,14707461,256,10
287110820,mqlp_4_1024_8,14862309,256,10
273698020,mqlp_4_1024_8,14806275,256,10
280944280,mqlp_4_1024_8,14685069,256,10
277823240,mqlp_4_1024_16,15279911,256,10
281074120,mqlp_4_1024_16,15162358,256,10
299500180,mqlp_4_1024_16,15153843,256,10
301224540,mqlp_4_1024_16,15183587,256,10
300106100,mqlp_4_1024_16,15254726,256,10
305939340,mqlp_4_1024_32,15845325,256,10
293630460,mqlp_4_1024_32,15813892,256,10
273414920,mqlp_4_1024_32,15893485,256,10
288661480,mqlp_4_1024_32,15894243,256,10
308718620,mqlp_4_1024_32,15836108,256,10
323723180,mqlp_4_1024_64,17198006,256,10
272825520,mqlp_4_1024_64,17245250,256,10
265718540,mqlp_4_1024_64,17256092,256,10
303215480,mqlp_4_1024_64,17219335,256,10
274861480,mqlp_4_1024_64,17153526,256,10
293840140,mqlp_4_1024_128,19402209,256,10
289503660,mqlp_4_1024_128,19506474,256,10
269593380,mqlp_4_1024_128,19667499,256,10
286486340,mqlp_4_1024_128,19335317,256,10
234430300,mqlp_4_1024_128,19459158,256,10
246571380,mqlp_4_1024_256,23310551,256,10
232307100,mqlp_4_1024_256,22997179,256,10
219102800,mqlp_4_1024_256,22893350,256,10
226090540,mqlp_4_1024_256,23549262,256,10
225447320,mqlp_4_1024_256,23126538,256,10
221958420,mqlp_4_1024_512,28838635,256,10
231404120,mqlp_4_1024_512,28859813,256,10
213340580,mqlp_4_1024_512,28514955,256,10
237999040,mqlp_4_1024_512,28435798,256,10
219563700,mqlp_4_1024_512,29259821,256,10
277246140,mqlp_4_1024_1024,36613367,256,10
211832840,mqlp_4_1024_1024,36015284,256,10
215646120,mqlp_4_1024_1024,36057869,256,10
257683820,mqlp_4_1024_1024,36867017,256,10
280871380,mqlp_4_1024_1024,37735930,256,10
