7041717520,mqlp_4_1_1,85602110,256,10
6941390980,mqlp_4_1_1,85533527,256,10
7289566680,mqlp_4_1_1,85606258,256,10
7027458960,mqlp_4_1_1,85516248,256,10
7019007740,mqlp_4_1_1,85510924,256,10
6475858620,mqlp_4_1_2,85642359,256,10
6483038800,mqlp_4_1_2,85642278,256,10
6499860080,mqlp_4_1_2,85695681,256,10
6578726800,mqlp_4_1_2,85667007,256,10
6495686580,mqlp_4_1_2,85638284,256,10
6208657180,mqlp_4_1_4,85861521,256,10
6165568160,mqlp_4_1_4,85674181,256,10
6363390740,mqlp_4_1_4,85731374,256,10
6130989000,mqlp_4_1_4,85735023,256,10
6177391120,mqlp_4_1_4,85767859,256,10
6008973020,mqlp_4_1_8,85937327,256,10
6032477800,mqlp_4_1_8,85983639,256,10
5988179380,mqlp_4_1_8,85853489,256,10
6166784160,mqlp_4_1_8,86104558,256,10
6006803640,mqlp_4_1_8,86006699,256,10
5800680160,mqlp_4_1_16,86051502,256,10
5855213960,mqlp_4_1_16,85944908,256,10
5853907900,mqlp_4_1_16,86070555,256,10
5843929100,mqlp_4_1_16,85884747,256,10
5882350600,mqlp_4_1_16,85992090,256,10
5778311480,mqlp_4_1_32,85982252,256,10
5672844300,mqlp_4_1_32,86079245,256,10
5784752140,mqlp_4_1_32,86080117,256,10
5727858160,mqlp_4_1_32,86047856,256,10
5782498300,mqlp_4_1_32,86060423,256,10
5726592420,mqlp_4_1_64,86059774,256,10
5594836360,mqlp_4_1_64,85957255,256,10
5726641560,mqlp_4_1_64,86191148,256,10
5642635120,mqlp_4_1_64,86039761,256,10
5735690400,mqlp_4_1_64,86189439,256,10
5590407400,mqlp_4_1_128,86120079,256,10
5608299880,mqlp_4_1_128,86144428,256,10
5543861260,mqlp_4_1_128,86223044,256,10
5672049380,mqlp_4_1_128,86146332,256,10
5603021000,mqlp_4_1_128,86221304,256,10
5708058380,mqlp_4_1_256,86174957,256,10
5645454740,mqlp_4_1_256,86253425,256,10
5709763700,mqlp_4_1_256,86215934,256,10
6047937540,mqlp_4_1_256,86629001,256,10
5605042320,mqlp_4_1_256,86373601,256,10
5466392380,mqlp_4_1_512,86124197,256,10
5410152280,mqlp_4_1_512,86219289,256,10
5526729220,mqlp_4_1_512,86258299,256,10
5529765120,mqlp_4_1_512,86071636,256,10
5588103920,mqlp_4_1_512,86322613,256,10
5472889420,mqlp_4_1_1024,86155205,256,10
5564265840,mqlp_4_1_1024,86034748,256,10
5514577180,mqlp_4_1_1024,86498750,256,10
5446354320,mqlp_4_1_1024,86233934,256,10
5577370540,mqlp_4_1_1024,86295807,256,10
6956028840,mqlp_4_2_1,85517833,256,10
7003137760,mqlp_4_2_1,85562505,256,10
6923687980,mqlp_4_2_1,85549345,256,10
6892987680,mqlp_4_2_1,85506893,256,10
6916072700,mqlp_4_2_1,85610689,256,10
6771444040,mqlp_4_2_2,85748947,256,10
6893265540,mqlp_4_2_2,85649705,256,10
6297922880,mqlp_4_2_2,85576187,256,10
6335629440,mqlp_4_2_2,85615139,256,10
6369897060,mqlp_4_2_2,85629502,256,10
6090564900,mqlp_4_2_4,85716374,256,10
6211995080,mqlp_4_2_4,85857625,256,10
6045034060,mqlp_4_2_4,85675542,256,10
6466723960,mqlp_4_2_4,85865975,256,10
6104239720,mqlp_4_2_4,85679754,256,10
6162717340,mqlp_4_2_8,85815735,256,10
5846196780,mqlp_4_2_8,85801179,256,10
5812009700,mqlp_4_2_8,85857700,256,10
5877707420,mqlp_4_2_8,85821027,256,10
5929084320,mqlp_4_2_8,85833794,256,10
5798850860,mqlp_4_2_16,85948344,256,10
5788357700,mqlp_4_2_16,85880050,256,10
5729922500,mqlp_4_2_16,85950109,256,10
5762845420,mqlp_4_2_16,85942132,256,10
6280304500,mqlp_4_2_16,86021217,256,10
5666043500,mqlp_4_2_32,85997356,256,10
5716217420,mqlp_4_2_32,86067134,256,10
5635518540,mqlp_4_2_32,86169698,256,10
5659253220,mqlp_4_2_32,86046993,256,10
5721991600,mqlp_4_2_32,86033065,256,10
5654220980,mqlp_4_2_64,86220106,256,10
5638871040,mqlp_4_2_64,86130021,256,10
5601510820,mqlp_4_2_64,86259288,256,10
5641120380,mqlp_4_2_64,86131845,256,10
5709202280,mqlp_4_2_64,86156975,256,10
5621949160,mqlp_4_2_128,86139225,256,10
5581950660,mqlp_4_2_128,86288961,256,10
5589082240,mqlp_4_2_128,86174956,256,10
5634478900,mqlp_4_2_128,86228522,256,10
5598685960,mqlp_4_2_128,86079120,256,10
5455191720,mqlp_4_2_256,86273350,256,10
5589780760,mqlp_4_2_256,86461482,256,10
5460918600,mqlp_4_2_256,86459985,256,10
5883888040,mqlp_4_2_256,86735305,256,10
5434798200,mqlp_4_2_256,86090459,256,10
5304011800,mqlp_4_2_512,86310160,256,10
5400778460,mqlp_4_2_512,86666373,256,10
5420768480,mqlp_4_2_512,86325558,256,10
5332600320,mqlp_4_2_512,86344730,256,10
5366542540,mqlp_4_2_512,86390250,256,10
5450562400,mqlp_4_2_1024,86717814,256,10
5284840320,mqlp_4_2_1024,86458111,256,10
5826543160,mqlp_4_2_1024,86578850,256,10
5332551100,mqlp_4_2_1024,86327055,256,10
5240092320,mqlp_4_2_1024,86441427,256,10
6898649400,mqlp_4_4_1,85583073,256,10
6871925780,mqlp_4_4_1,85503495,256,10
6979921880,mqlp_4_4_1,85569747,256,10
6887972660,mqlp_4_4_1,85558148,256,10
6915061560,mqlp_4_4_1,85482475,256,10
6428150300,mqlp_4_4_2,85748598,256,10
6482734180,mqlp_4_4_2,85646895,256,10
6550286360,mqlp_4_4_2,85734822,256,10
6436886260,mqlp_4_4_2,85689821,256,10
6356066080,mqlp_4_4_2,85616021,256,10
6038729780,mqlp_4_4_4,85764782,256,10
6116873440,mqlp_4_4_4,85734513,256,10
6138423100,mqlp_4_4_4,85708339,256,10
6088440700,mqlp_4_4_4,85689334,256,10
6176188720,mqlp_4_4_4,85889062,256,10
6021392880,mqlp_4_4_8,85881210,256,10
5957221580,mqlp_4_4_8,85912971,256,10
5898396580,mqlp_4_4_8,85862238,256,10
5818647620,mqlp_4_4_8,85894085,256,10
5902096460,mqlp_4_4_8,85956534,256,10
5802700860,mqlp_4_4_16,85964536,256,10
5734262640,mqlp_4_4_16,86006626,256,10
5772225180,mqlp_4_4_16,86037279,256,10
5732532880,mqlp_4_4_16,85973893,256,10
5981064060,mqlp_4_4_16,86003278,256,10
5730445620,mqlp_4_4_32,85998010,256,10
5653364360,mqlp_4_4_32,86020561,256,10
5679395340,mqlp_4_4_32,86000222,256,10
5900669960,mqlp_4_4_32,86021133,256,10
5764436840,mqlp_4_4_32,86143165,256,10
5661329520,mqlp_4_4_64,86079744,256,10
5626713660,mqlp_4_4_64,86290282,256,10
5648976540,mqlp_4_4_64,86202718,256,10
6072863940,mqlp_4_4_64,86347456,256,10
5706882080,mqlp_4_4_64,86300822,256,10
5767744920,mqlp_4_4_128,86314854,256,10
5746477100,mqlp_4_4_128,86378653,256,10
5511041640,mqlp_4_4_128,86306337,256,10
5524745720,mqlp_4_4_128,86389191,256,10
5460590860,mqlp_4_4_128,86411406,256,10
5496914520,mqlp_4_4_256,86419576,256,10
5454701240,mqlp_4_4_256,86423231,256,10
5464972880,mqlp_4_4_256,86380861,256,10
5511203260,mqlp_4_4_256,86389444,256,10
5500486940,mqlp_4_4_256,86375946,256,10
5270196880,mqlp_4_4_512,86357160,256,10
5304373340,mqlp_4_4_512,86352219,256,10
5289692300,mqlp_4_4_512,86525153,256,10
5377471740,mqlp_4_4_512,86297082,256,10
5563837520,mqlp_4_4_512,86864448,256,10
5408406020,mqlp_4_4_1024,86544526,256,10
5440039160,mqlp_4_4_1024,86717950,256,10
5746237660,mqlp_4_4_1024,87109921,256,10
5215477600,mqlp_4_4_1024,86507774,256,10
5334055100,mqlp_4_4_1024,86893207,256,10
7068004640,mqlp_4_8_1,85646040,256,10
7615014920,mqlp_4_8_1,85850167,256,10
7108704300,mqlp_4_8_1,85564701,256,10
6945378580,mqlp_4_8_1,85657850,256,10
6935275840,mqlp_4_8_1,85574553,256,10
6375503900,mqlp_4_8_2,85648668,256,10
6347112540,mqlp_4_8_2,85606562,256,10
6433568980,mqlp_4_8_2,85580824,256,10
6403446620,mqlp_4_8_2,85737555,256,10
6386531520,mqlp_4_8_2,85722537,256,10
6074621040,mqlp_4_8_4,85855717,256,10
6027051440,mqlp_4_8_4,85639542,256,10
6058936660,mqlp_4_8_4,85746335,256,10
6102043280,mqlp_4_8_4,85806267,256,10
6060481080,mqlp_4_8_4,85761141,256,10
5944192720,mqlp_4_8_8,85851510,256,10
5961483980,mqlp_4_8_8,85899742,256,10
6004796360,mqlp_4_8_8,85898906,256,10
5865950020,mqlp_4_8_8,85862642,256,10
5834872800,mqlp_4_8_8,85833575,256,10
5735086700,mqlp_4_8_16,86013640,256,10
5712842700,mqlp_4_8_16,86012287,256,10
5935125880,mqlp_4_8_16,85989898,256,10
5705992000,mqlp_4_8_16,85848812,256,10
5782477800,mqlp_4_8_16,85995198,256,10
5859616180,mqlp_4_8_32,86437483,256,10
5707883860,mqlp_4_8_32,86138249,256,10
5728897860,mqlp_4_8_32,86066223,256,10
5635985780,mqlp_4_8_32,86067155,256,10
5718811760,mqlp_4_8_32,86042718,256,10
5583556600,mqlp_4_8_64,86059179,256,10
5582261900,mqlp_4_8_64,86169180,256,10
6451846180,mqlp_4_8_64,86822564,256,10
6005005660,mqlp_4_8_64,86373715,256,10
5647459220,mqlp_4_8_64,86128790,256,10
5605567000,mqlp_4_8_128,86450562,256,10
5590951440,mqlp_4_8_128,86347705,256,10
5537145260,mqlp_4_8_128,86445071,256,10
5582009040,mqlp_4_8_128,86596010,256,10
6450477100,mqlp_4_8_128,87310928,256,10
5486596820,mqlp_4_8_256,86928143,256,10
5472893480,mqlp_4_8_256,86708012,256,10
6834198940,mqlp_4_8_256,88460050,256,10
5395318120,mqlp_4_8_256,86788722,256,10
5594588580,mqlp_4_8_256,86926953,256,10
5398339600,mqlp_4_8_512,87078933,256,10
5353255660,mqlp_4_8_512,87052285,256,10
5432096280,mqlp_4_8_512,87268082,256,10
5312639100,mqlp_4_8_512,86699457,256,10
5329460380,mqlp_4_8_512,86565924,256,10
5883644540,mqlp_4_8_1024,87382662,256,10
5419610340,mqlp_4_8_1024,87157327,256,10
5320363040,mqlp_4_8_1024,86869299,256,10
5337901440,mqlp_4_8_1024,86992685,256,10
5517562960,mqlp_4_8_1024,87246882,256,10
7116184220,mqlp_4_16_1,85586527,256,10
6942261820,mqlp_4_16_1,85566942,256,10
6913989600,mqlp_4_16_1,85591362,256,10
6991748300,mqlp_4_16_1,85649331,256,10
6894138240,mqlp_4_16_1,85608317,256,10
6569946800,mqlp_4_16_2,85630208,256,10
6349832080,mqlp_4_16_2,85643563,256,10
6394285520,mqlp_4_16_2,85696512,256,10
6372799580,mqlp_4_16_2,85666990,256,10
6373986180,mqlp_4_16_2,85662363,256,10
6109164860,mqlp_4_16_4,85756584,256,10
6212681560,mqlp_4_16_4,85878333,256,10
6010071580,mqlp_4_16_4,85780563,256,10
6180564680,mqlp_4_16_4,85828797,256,10
6573961000,mqlp_4_16_4,85778562,256,10
6580709040,mqlp_4_16_8,85852608,256,10
6039401880,mqlp_4_16_8,85991007,256,10
6048523960,mqlp_4_16_8,85812795,256,10
6056231520,mqlp_4_16_8,85869115,256,10
6101481380,mqlp_4_16_8,85906848,256,10
5800394240,mqlp_4_16_16,85876109,256,10
5723061460,mqlp_4_16_16,85973879,256,10
5769920620,mqlp_4_16_16,85980197,256,10
5718970500,mqlp_4_16_16,85876885,256,10
6023743980,mqlp_4_16_16,86086456,256,10
5706429920,mqlp_4_16_32,86173231,256,10
5777571120,mqlp_4_16_32,86095229,256,10
5621250700,mqlp_4_16_32,86105793,256,10
5793790600,mqlp_4_16_32,86052185,256,10
5876273520,mqlp_4_16_32,86040543,256,10
5760902260,mqlp_4_16_64,86416582,256,10
5709260020,mqlp_4_16_64,86312710,256,10
5702815280,mqlp_4_16_64,86304218,256,10
5651086860,mqlp_4_16_64,86125200,256,10
5612069040,mqlp_4_16_64,86190909,256,10
5642695640,mqlp_4_16_128,86251413,256,10
6070987560,mqlp_4_16_128,86443094,256,10
5510889320,mqlp_4_16_128,86489600,256,10
5709701100,mqlp_4_16_128,86818546,256,10
6299886440,mqlp_4_16_128,87006975,256,10
5485886020,mqlp_4_16_256,86515630,256,10
5432702520,mqlp_4_16_256,86607828,256,10
5536013460,mqlp_4_16_256,86706619,256,10
5355878740,mqlp_4_16_256,86550932,256,10
5642053400,mqlp_4_16_256,86794881,256,10
5353964060,mqlp_4_16_512,87048479,256,10
6084479780,mqlp_4_16_512,88089568,256,10
5284717600,mqlp_4_16_512,86802865,256,10
5934987580,mqlp_4_16_512,87225444,256,10
5254422700,mqlp_4_16_512,87024345,256,10
5444321980,mqlp_4_16_1024,87141282,256,10
5763180100,mqlp_4_16_1024,87198963,256,10
5168683540,mqlp_4_16_1024,87217428,256,10
5030775940,mqlp_4_16_1024,86886769,256,10
5292591340,mqlp_4_16_1024,87238333,256,10
6899417520,mqlp_4_32_1,85604725,256,10
7080739660,mqlp_4_32_1,85612487,256,10
7040120020,mqlp_4_32_1,85601685,256,10
7242138060,mqlp_4_32_1,85697484,256,10
7035689720,mqlp_4_32_1,85539488,256,10
6778889680,mqlp_4_32_2,85749763,256,10
6690464560,mqlp_4_32_2,85696314,256,10
6403163860,mqlp_4_32_2,85699029,256,10
6484816700,mqlp_4_32_2,85602702,256,10
6461693100,mqlp_4_32_2,85641612,256,10
6442899600,mqlp_4_32_4,85817597,256,10
6142252740,mqlp_4_32_4,85759893,256,10
6270037120,mqlp_4_32_4,85778426,256,10
5995464360,mqlp_4_32_4,85783553,256,10
6407384080,mqlp_4_32_4,85775479,256,10
5853409600,mqlp_4_32_8,85926103,256,10
6284214480,mqlp_4_32_8,85875629,256,10
5911146720,mqlp_4_32_8,85869590,256,10
6027941860,mqlp_4_32_8,85861171,256,10
5961675880,mqlp_4_32_8,85905428,256,10
6303379800,mqlp_4_32_16,85970842,256,10
5715290140,mqlp_4_32_16,85949831,256,10
6116836900,mqlp_4_32_16,85904521,256,10
6049090400,mqlp_4_32_16,85946336,256,10
6360413160,mqlp_4_32_16,85989816,256,10
5845872620,mqlp_4_32_32,86023513,256,10
5655302860,mqlp_4_32_32,86060980,256,10
6009971220,mqlp_4_32_32,86059243,256,10
6242045820,mqlp_4_32_32,86180917,256,10
5644348020,mqlp_4_32_32,86211328,256,10
5688076720,mqlp_4_32_64,86246059,256,10
5626460360,mqlp_4_32_64,86138452,256,10
6153284420,mqlp_4_32_64,86219773,256,10
5650381060,mqlp_4_32_64,86103846,256,10
5639491080,mqlp_4_32_64,86224949,256,10
5927406080,mqlp_4_32_128,86595689,256,10
5644028740,mqlp_4_32_128,86323506,256,10
5633434600,mqlp_4_32_128,86344132,256,10
5746485600,mqlp_4_32_128,86614620,256,10
5928400880,mqlp_4_32_128,86729921,256,10
5745777680,mqlp_4_32_256,86864287,256,10
5888429680,mqlp_4_32_256,86621893,256,10
5387478860,mqlp_4_32_256,87016713,256,10
6007231140,mqlp_4_32_256,87067123,256,10
5716226720,mqlp_4_32_256,86739983,256,10
5892660540,mqlp_4_32_512,87063490,256,10
5778625420,mqlp_4_32_512,86883977,256,10
5306169240,mqlp_4_32_512,87133408,256,10
5419673980,mqlp_4_32_512,87028210,256,10
5380861360,mqlp_4_32_512,86910634,256,10
5085273560,mqlp_4_32_1024,86784839,256,10
5724547380,mqlp_4_32_1024,87614303,256,10
5811074920,mqlp_4_32_1024,87333068,256,10
5659602180,mqlp_4_32_1024,87627323,256,10
5199777240,mqlp_4_32_1024,87415034,256,10
7584074040,mqlp_4_64_1,85592951,256,10
7477598840,mqlp_4_64_1,85581189,256,10
6981265260,mqlp_4_64_1,85656210,256,10
7560364140,mqlp_4_64_1,85537039,256,10
7395800920,mqlp_4_64_1,85610763,256,10
6817936440,mqlp_4_64_2,85822982,256,10
6856087940,mqlp_4_64_2,85652530,256,10
7056347960,mqlp_4_64_2,85614811,256,10
6485537380,mqlp_4_64_2,85697048,256,10
6679805940,mqlp_4_64_2,85750226,256,10
6695905080,mqlp_4_64_4,85737607,256,10
6235389840,mqlp_4_64_4,85782115,256,10
6534881900,mqlp_4_64_4,85774702,256,10
6382284160,mqlp_4_64_4,85770329,256,10
6706888900,mqlp_4_64_4,85780912,256,10
6480991760,mqlp_4_64_8,85881193,256,10
6476471980,mqlp_4_64_8,85955299,256,10
6225858780,mqlp_4_64_8,85732982,256,10
6546298640,mqlp_4_64_8,85899035,256,10
6501666160,mqlp_4_64_8,85846086,256,10
6141581420,mqlp_4_64_16,85936873,256,10
5835485140,mqlp_4_64_16,86018088,256,10
6497069680,mqlp_4_64_16,86326920,256,10
6351586180,mqlp_4_64_16,86031632,256,10
6411815460,mqlp_4_64_16,86157665,256,10
6026882580,mqlp_4_64_32,86409904,256,10
6071349640,mqlp_4_64_32,86795142,256,10
5873493800,mqlp_4_64_32,86772358,256,10
6291900400,mqlp_4_64_32,86410240,256,10
5939399800,mqlp_4_64_32,86052762,256,10
6201155620,mqlp_4_64_64,86266436,256,10
5977560400,mqlp_4_64_64,86302496,256,10
6354485560,mqlp_4_64_64,86546961,256,10
5711659300,mqlp_4_64_64,86560246,256,10
6220757120,mqlp_4_64_64,86457474,256,10
6103682020,mqlp_4_64_128,86493594,256,10
6165824700,mqlp_4_64_128,86753469,256,10
6235614880,mqlp_4_64_128,86453165,256,10
6037966000,mqlp_4_64_128,86668525,256,10
6130429340,mqlp_4_64_128,86608424,256,10
5930149000,mqlp_4_64_256,86803805,256,10
6029480160,mqlp_4_64_256,86674780,256,10
5736881580,mqlp_4_64_256,87942585,256,10
5860670060,mqlp_4_64_256,87331933,256,10
5708915720,mqlp_4_64_256,86681413,256,10
5763882100,mqlp_4_64_512,86891511,256,10
5389222460,mqlp_4_64_512,87327798,256,10
5833967820,mqlp_4_64_512,87263523,256,10
5753757960,mqlp_4_64_512,87304713,256,10
5736369760,mqlp_4_64_512,87544457,256,10
5359447020,mqlp_4_64_1024,87595011,256,10
5198625020,mqlp_4_64_1024,87480246,256,10
5705595880,mqlp_4_64_1024,87572066,256,10
5246062340,mqlp_4_64_1024,88086973,256,10
5686244240,mqlp_4_64_1024,87416519,256,10
7060520800,mqlp_4_128_1,85644141,256,10
7613429440,mqlp_4_128_1,85567289,256,10
7429047260,mqlp_4_128_1,85648173,256,10
7499043140,mqlp_4_128_1,85694035,256,10
7576605440,mqlp_4_128_1,85654137,256,10
6527607640,mqlp_4_128_2,85828792,256,10
7004446200,mqlp_4_128_2,85702410,256,10
6977363780,mqlp_4_128_2,85683365,256,10
6956128000,mqlp_4_128_2,85684072,256,10
6945264160,mqlp_4_128_2,85660211,256,10
6625491980,mqlp_4_128_4,85784507,256,10
6990200920,mqlp_4_128_4,85821061,256,10
6590338420,mqlp_4_128_4,85847283,256,10
6723191860,mqlp_4_128_4,85880097,256,10
6583940020,mqlp_4_128_4,85755033,256,10
6272900540,mqlp_4_128_8,85880609,256,10
6397299540,mqlp_4_128_8,85952893,256,10
6420454380,mqlp_4_128_8,85848519,256,10
6502967860,mqlp_4_128_8,86010425,256,10
6549313940,mqlp_4_128_8,85947608,256,10
6267657380,mqlp_4_128_16,86179923,256,10
6028169500,mqlp_4_128_16,86299617,256,10
6415658220,mqlp_4_128_16,86119431,256,10
6240611620,mqlp_4_128_16,86072530,256,10
6351287420,mqlp_4_128_16,86205966,256,10
6163301900,mqlp_4_128_32,86238697,256,10
5871606460,mqlp_4_128_32,86321337,256,10
5914658040,mqlp_4_128_32,86379172,256,10
6113544100,mqlp_4_128_32,86230035,256,10
6301035480,mqlp_4_128_32,86285512,256,10
6130947620,mqlp_4_128_64,86298290,256,10
6256545780,mqlp_4_128_64,86341855,256,10
6131367740,mqlp_4_128_64,86377213,256,10
5467515000,mqlp_4_128_64,87210030,256,10
6229849740,mqlp_4_128_64,86530048,256,10
6041278520,mqlp_4_128_128,86610927,256,10
5853560060,mqlp_4_128_128,86474764,256,10
6009628720,mqlp_4_128_128,86539275,256,10
5812432780,mqlp_4_128_128,87231941,256,10
5962979560,mqlp_4_128_128,87020768,256,10
6110322560,mqlp_4_128_256,87752788,256,10
6007055440,mqlp_4_128_256,88091607,256,10
6069006480,mqlp_4_128_256,87476961,256,10
5909975740,mqlp_4_128_256,86863022,256,10
5797890240,mqlp_4_128_256,86942502,256,10
5734443180,mqlp_4_128_512,87553561,256,10
5726396300,mqlp_4_128_512,87846451,256,10
5903584120,mqlp_4_128_512,87676044,256,10
5750297460,mqlp_4_128_512,87415555,256,10
5572338240,mqlp_4_128_512,87210396,256,10
5451165380,mqlp_4_128_1024,88529485,256,10
5792017620,mqlp_4_128_1024,88831809,256,10
5728862120,mqlp_4_128_1024,88352535,256,10
5841950040,mqlp_4_128_1024,89557216,256,10
5421226800,mqlp_4_128_1024,90390493,256,10
7401003960,mqlp_4_256_1,85761448,256,10
7749125080,mqlp_4_256_1,85636383,256,10
7490804520,mqlp_4_256_1,85602610,256,10
7531402220,mqlp_4_256_1,85615339,256,10
7502038180,mqlp_4_256_1,85680515,256,10
6843206400,mqlp_4_256_2,85866615,256,10
7003720060,mqlp_4_256_2,85741605,256,10
6898283140,mqlp_4_256_2,85756445,256,10
6930703500,mqlp_4_256_2,85720402,256,10
6827645720,mqlp_4_256_2,85780662,256,10
6601529400,mqlp_4_256_4,86158282,256,10
6496535100,mqlp_4_256_4,85880329,256,10
6617321660,mqlp_4_256_4,85808733,256,10
6538397640,mqlp_4_256_4,85884118,256,10
6599628660,mqlp_4_256_4,85932504,256,10
6216924000,mqlp_4_256_8,86144252,256,10
6386256220,mqlp_4_256_8,86065633,256,10
6290689560,mqlp_4_256_8,86327427,256,10
6757811340,mqlp_4_256_8,86194529,256,10
6113808500,mqlp_4_256_8,86163608,256,10
6250265480,mqlp_4_256_16,86439215,256,10
6263423760,mqlp_4_256_16,86222176,256,10
6335714300,mqlp_4_256_16,86202010,256,10
5453854280,mqlp_4_256_16,87586958,256,10
5885458580,mqlp_4_256_16,86451755,256,10
5654463520,mqlp_4_256_32,87224023,256,10
5942382500,mqlp_4_256_32,86461171,256,10
6021266860,mqlp_4_256_32,86865761,256,10
6166660400,mqlp_4_256_32,86541521,256,10
5975562260,mqlp_4_256_32,86925483,256,10
5625016160,mqlp_4_256_64,87202221,256,10
6074443540,mqlp_4_256_64,86979893,256,10
6080908160,mqlp_4_256_64,86551063,256,10
6057455720,mqlp_4_256_64,86657983,256,10
6133825740,mqlp_4_256_64,86640289,256,10
5971066840,mqlp_4_256_128,86787350,256,10
6574083440,mqlp_4_256_128,87502745,256,10
6051903080,mqlp_4_256_128,86980336,256,10
5743950940,mqlp_4_256_128,86831698,256,10
6012844500,mqlp_4_256_128,86875937,256,10
5750683840,mqlp_4_256_256,88360845,256,10
5854691020,mqlp_4_256_256,87143186,256,10
5807543340,mqlp_4_256_256,87362321,256,10
5945989920,mqlp_4_256_256,87277933,256,10
5763440000,mqlp_4_256_256,87523074,256,10
6134843000,mqlp_4_256_512,87873060,256,10
5738725640,mqlp_4_256_512,88570618,256,10
5431435320,mqlp_4_256_512,89537094,256,10
5653702980,mqlp_4_256_512,88115376,256,10
5658702820,mqlp_4_256_512,87593488,256,10
5585059700,mqlp_4_256_1024,88816105,256,10
5609483460,mqlp_4_256_1024,89173623,256,10
5625331000,mqlp_4_256_1024,89028094,256,10
5769162540,mqlp_4_256_1024,88871067,256,10
5540315720,mqlp_4_256_1024,88361371,256,10
7528633160,mqlp_4_512_1,85825778,256,10
7185776980,mqlp_4_512_1,85797454,256,10
7287815800,mqlp_4_512_1,85772114,256,10
7341005620,mqlp_4_512_1,85808707,256,10
7335158180,mqlp_4_512_1,85819753,256,10
6885902780,mqlp_4_512_2,85884894,256,10
6771708760,mqlp_4_512_2,85873312,256,10
6842639440,mqlp_4_512_2,85931884,256,10
6917329460,mqlp_4_512_2,85885100,256,10
6964662360,mqlp_4_512_2,85931262,256,10
6319519420,mqlp_4_512_4,86125159,256,10
5678377620,mqlp_4_512_4,86479956,256,10
6080694840,mqlp_4_512_4,85994942,256,10
6502968240,mqlp_4_512_4,86086039,256,10
6435620180,mqlp_4_512_4,86119015,256,10
6233953220,mqlp_4_512_8,86205458,256,10
5071525880,mqlp_4_512_8,86328213,256,10
6015049120,mqlp_4_512_8,86413465,256,10
6267575920,mqlp_4_512_8,86170461,256,10
6363427780,mqlp_4_512_8,86198804,256,10
5746461060,mqlp_4_512_16,87061995,256,10
6179408140,mqlp_4_512_16,86585696,256,10
5974908520,mqlp_4_512_16,86671210,256,10
5418919200,mqlp_4_512_16,86943291,256,10
6142727260,mqlp_4_512_16,86475840,256,10
5991825260,mqlp_4_512_32,86787565,256,10
5875280740,mqlp_4_512_32,86992654,256,10
5699236780,mqlp_4_512_32,87208796,256,10
5995234560,mqlp_4_512_32,86495532,256,10
5937153260,mqlp_4_512_32,86730744,256,10
5248155600,mqlp_4_512_64,87810193,256,10
5921089280,mqlp_4_512_64,87064865,256,10
5943385500,mqlp_4_512_64,87163985,256,10
5980495440,mqlp_4_512_64,87703146,256,10
5365890940,mqlp_4_512_64,91412353,256,10
6310844280,mqlp_4_512_128,87550352,256,10
5964930740,mqlp_4_512_128,88082193,256,10
5701684920,mqlp_4_512_128,88012127,256,10
5626744920,mqlp_4_512_128,87428672,256,10
5937501760,mqlp_4_512_128,87365746,256,10
5484175220,mqlp_4_512_256,88833740,256,10
5903423680,mqlp_4_512_256,88296485,256,10
5346959340,mqlp_4_512_256,89083115,256,10
5910508660,mqlp_4_512_256,88951336,256,10
6034465420,mqlp_4_512_256,91455562,256,10
5274387120,mqlp_4_512_512,90307114,256,10
5776230520,mqlp_4_512_512,88994384,256,10
5572768500,mqlp_4_512_512,88942024,256,10
5810697940,mqlp_4_512_512,90841568,256,10
5427232620,mqlp_4_512_512,89980738,256,10
5464827420,mqlp_4_512_1024,90905287,256,10
5410477820,mqlp_4_512_1024,93243237,256,10
5092690020,mqlp_4_512_1024,91116657,256,10
5753538040,mqlp_4_512_1024,91028132,256,10
5815096320,mqlp_4_512_1024,91422276,256,10
7105140400,mqlp_4_1024_1,85973190,256,10
7094396180,mqlp_4_1024_1,85879061,256,10
7178227520,mqlp_4_1024_1,85916457,256,10
7326739460,mqlp_4_1024_1,85933045,256,10
7401163220,mqlp_4_1024_1,85932928,256,10
6273790260,mqlp_4_1024_2,86099194,256,10
6121253480,mqlp_4_1024_2,86131204,256,10
7075035380,mqlp_4_1024_2,86119056,256,10
6441905300,mqlp_4_1024_2,86188904,256,10
6726085520,mqlp_4_1024_2,86251616,256,10
6346568840,mqlp_4_1024_4,86318494,256,10
6273660160,mqlp_4_1024_4,86261031,256,10
5958988220,mqlp_4_1024_4,86362031,256,10
5868805920,mqlp_4_1024_4,86398391,256,10
6058882800,mqlp_4_1024_4,86274796,256,10
5537573480,mqlp_4_1024_8,86632383,256,10
5990294080,mqlp_4_1024_8,86480737,256,10
5745732940,mqlp_4_1024_8,86493266,256,10
6041081960,mqlp_4_1024_8,86402177,256,10
5951540640,mqlp_4_1024_8,86380645,256,10
5846105800,mqlp_4_1024_16,86924730,256,10
5953117540,mqlp_4_1024_16,86675071,256,10
5814861860,mqlp_4_1024_16,86730306,256,10
5933540620,mqlp_4_1024_16,86873809,256,10
5882410140,mqlp_4_1024_16,87177986,256,10
6017259560,mqlp_4_1024_32,87242999,256,10
5146784120,mqlp_4_1024_32,87517184,256,10
5720645040,mqlp_4_1024_32,87325372,256,10
5651490880,mqlp_4_1024_32,87471861,256,10
5372315020,mqlp_4_1024_32,87225130,256,10
5606468920,mqlp_4_1024_64,87598503,256,10
5715872700,mqlp_4_1024_64,88632031,256,10
5590436640,mqlp_4_1024_64,88140719,256,10
5492812440,mqlp_4_1024_64,87692501,256,10
5822255540,mqlp_4_1024_64,87462709,256,10
5719616680,mqlp_4_1024_128,88266660,256,10
5759310180,mqlp_4_1024_128,87979964,256,10
5486238920,mqlp_4_1024_128,88056139,256,10
5473807480,mqlp_4_1024_128,89164500,256,10
5442785800,mqlp_4_1024_128,88534262,256,10
5252484060,mqlp_4_1024_256,89103037,256,10
5460984600,mqlp_4_1024_256,89882422,256,10
5467302760,mqlp_4_1024_256,89185575,256,10
5401832800,mqlp_4_1024_256,88619667,256,10
5727441660,mqlp_4_1024_256,88833471,256,10
5144156040,mqlp_4_1024_512,94148660,256,10
5225271460,mqlp_4_1024_512,91811321,256,10
5534742780,mqlp_4_1024_512,90213149,256,10
5537444200,mqlp_4_1024_512,91697948,256,10
5593684840,mqlp_4_1024_512,89708278,256,10
5287622940,mqlp_4_1024_1024,94258593,256,10
5083429380,mqlp_4_1024_1024,92441219,256,10
5493545200,mqlp_4_1024_1024,91377184,256,10
5788326040,mqlp_4_1024_1024,92956722,256,10
5444131860,mqlp_4_1024_1024,91903448,256,10
