607621920,mqlp_4_1_1,33662431,256,10
613263960,mqlp_4_1_1,33617398,256,10
707986780,mqlp_4_1_1,33563175,256,10
619027500,mqlp_4_1_1,33716883,256,10
643778240,mqlp_4_1_1,33684718,256,10
670885660,mqlp_4_1_2,40210863,256,10
636649000,mqlp_4_1_2,40206766,256,10
661817700,mqlp_4_1_2,40214405,256,10
641751580,mqlp_4_1_2,40144235,256,10
670517080,mqlp_4_1_2,39964365,256,10
758576080,mqlp_4_1_4,50316224,256,10
744254540,mqlp_4_1_4,50300063,256,10
777387320,mqlp_4_1_4,50474074,256,10
785540400,mqlp_4_1_4,51239873,256,10
767766280,mqlp_4_1_4,50527802,256,10
915221620,mqlp_4_1_8,64893504,256,10
904891900,mqlp_4_1_8,64403553,256,10
883131000,mqlp_4_1_8,64259737,256,10
896484800,mqlp_4_1_8,64301731,256,10
898855220,mqlp_4_1_8,64510269,256,10
1090767540,mqlp_4_1_16,81652357,256,10
1087762480,mqlp_4_1_16,81328072,256,10
1086456680,mqlp_4_1_16,81424316,256,10
1096324660,mqlp_4_1_16,81788668,256,10
1098860620,mqlp_4_1_16,81213326,256,10
1293833240,mqlp_4_1_32,99147876,256,10
1294841300,mqlp_4_1_32,98980523,256,10
1319303700,mqlp_4_1_32,99805143,256,10
1281119300,mqlp_4_1_32,98823372,256,10
1291312180,mqlp_4_1_32,98953457,256,10
1487598200,mqlp_4_1_64,114340900,256,10
1479776980,mqlp_4_1_64,113959092,256,10
1494028140,mqlp_4_1_64,113247804,256,10
1472197820,mqlp_4_1_64,113359323,256,10
1481959440,mqlp_4_1_64,113919309,256,10
1623474240,mqlp_4_1_128,124074730,256,10
1619828340,mqlp_4_1_128,123985994,256,10
1644038980,mqlp_4_1_128,123542154,256,10
1610877680,mqlp_4_1_128,123692379,256,10
1610617840,mqlp_4_1_128,123828031,256,10
1677682660,mqlp_4_1_256,130169999,256,10
1693118260,mqlp_4_1_256,130287443,256,10
1691715080,mqlp_4_1_256,131002204,256,10
1677190580,mqlp_4_1_256,130323284,256,10
1652371020,mqlp_4_1_256,129221060,256,10
1711353680,mqlp_4_1_512,132859294,256,10
1690101300,mqlp_4_1_512,132503496,256,10
1798985880,mqlp_4_1_512,134943916,256,10
1728129160,mqlp_4_1_512,134252564,256,10
1726634580,mqlp_4_1_512,133434515,256,10
1743823620,mqlp_4_1_1024,135305278,256,10
1723916300,mqlp_4_1_1024,135186458,256,10
1705206100,mqlp_4_1_1024,134351946,256,10
1744990800,mqlp_4_1_1024,135236014,256,10
1726714960,mqlp_4_1_1024,134548298,256,10
655619880,mqlp_4_2_1,36513039,256,10
644994480,mqlp_4_2_1,36338571,256,10
643832280,mqlp_4_2_1,36445569,256,10
674623240,mqlp_4_2_1,36730151,256,10
688720560,mqlp_4_2_1,36580895,256,10
652990400,mqlp_4_2_2,43262934,256,10
658194000,mqlp_4_2_2,43425385,256,10
667217080,mqlp_4_2_2,43307983,256,10
661029120,mqlp_4_2_2,43197333,256,10
675147420,mqlp_4_2_2,43248591,256,10
761771160,mqlp_4_2_4,53491072,256,10
750881960,mqlp_4_2_4,54299462,256,10
700370640,mqlp_4_2_4,54024307,256,10
741282760,mqlp_4_2_4,53974253,256,10
744263340,mqlp_4_2_4,53405953,256,10
887864000,mqlp_4_2_8,69549856,256,10
869040860,mqlp_4_2_8,68480263,256,10
815139200,mqlp_4_2_8,68531717,256,10
874295720,mqlp_4_2_8,68673517,256,10
872377020,mqlp_4_2_8,68599658,256,10
1070185200,mqlp_4_2_16,88127343,256,10
1078763580,mqlp_4_2_16,88831959,256,10
1072927040,mqlp_4_2_16,88215983,256,10
1070942540,mqlp_4_2_16,88403847,256,10
1093061300,mqlp_4_2_16,88789349,256,10
1179983200,mqlp_4_2_32,109063070,256,10
1308703600,mqlp_4_2_32,111522107,256,10
1180241480,mqlp_4_2_32,109375669,256,10
1325102080,mqlp_4_2_32,111839825,256,10
1325636380,mqlp_4_2_32,112058188,256,10
1535317480,mqlp_4_2_64,134142603,256,10
1555720540,mqlp_4_2_64,134114446,256,10
1559800500,mqlp_4_2_64,133445373,256,10
1580577080,mqlp_4_2_64,135201469,256,10
1579682340,mqlp_4_2_64,135587229,256,10
1751315620,mqlp_4_2_128,152370233,256,10
1750364260,mqlp_4_2_128,154307751,256,10
1755997540,mqlp_4_2_128,153129119,256,10
1769330380,mqlp_4_2_128,152831253,256,10
1784747880,mqlp_4_2_128,153735485,256,10
1878441440,mqlp_4_2_256,163985456,256,10
1925452640,mqlp_4_2_256,167324378,256,10
1926443180,mqlp_4_2_256,168191963,256,10
1876465040,mqlp_4_2_256,163451600,256,10
1833296840,mqlp_4_2_256,162208890,256,10
2001702000,mqlp_4_2_512,173816115,256,10
1927453600,mqlp_4_2_512,168623991,256,10
1982927460,mqlp_4_2_512,173360494,256,10
1947423720,mqlp_4_2_512,170174745,256,10
1980272280,mqlp_4_2_512,173098379,256,10
2008231880,mqlp_4_2_1024,175641157,256,10
1977963060,mqlp_4_2_1024,173764405,256,10
2046312360,mqlp_4_2_1024,178964936,256,10
2008019700,mqlp_4_2_1024,175626330,256,10
2036174020,mqlp_4_2_1024,178450539,256,10
705852280,mqlp_4_4_1,41471608,256,10
696262100,mqlp_4_4_1,41585862,256,10
679154780,mqlp_4_4_1,41585393,256,10
748113260,mqlp_4_4_1,41346687,256,10
695752360,mqlp_4_4_1,41582044,256,10
682599100,mqlp_4_4_2,49127079,256,10
682484860,mqlp_4_4_2,49626620,256,10
690707240,mqlp_4_4_2,49228948,256,10
667845740,mqlp_4_4_2,49451198,256,10
661461200,mqlp_4_4_2,49423700,256,10
702131700,mqlp_4_4_4,59918914,256,10
701373580,mqlp_4_4_4,60100700,256,10
713661740,mqlp_4_4_4,59988556,256,10
710235000,mqlp_4_4_4,59906639,256,10
720833660,mqlp_4_4_4,60418078,256,10
805536660,mqlp_4_4_8,75028840,256,10
792272060,mqlp_4_4_8,74839388,256,10
799406700,mqlp_4_4_8,74885534,256,10
817393740,mqlp_4_4_8,74875921,256,10
826897700,mqlp_4_4_8,75400146,256,10
936631100,mqlp_4_4_16,94820299,256,10
939197140,mqlp_4_4_16,94448554,256,10
941669720,mqlp_4_4_16,94164194,256,10
956240440,mqlp_4_4_16,95400023,256,10
942058760,mqlp_4_4_16,94914554,256,10
1134021060,mqlp_4_4_32,118970468,256,10
1131078900,mqlp_4_4_32,119048935,256,10
1120273320,mqlp_4_4_32,118181001,256,10
1133515520,mqlp_4_4_32,118848211,256,10
1113117360,mqlp_4_4_32,117763826,256,10
1330970900,mqlp_4_4_64,143776152,256,10
1311891140,mqlp_4_4_64,142603370,256,10
1319244780,mqlp_4_4_64,142477065,256,10
1329215480,mqlp_4_4_64,143750623,256,10
1317984780,mqlp_4_4_64,142721662,256,10
1498392520,mqlp_4_4_128,163780717,256,10
1507814380,mqlp_4_4_128,164678062,256,10
1487736220,mqlp_4_4_128,161319021,256,10
1480094500,mqlp_4_4_128,161607068,256,10
1490274920,mqlp_4_4_128,163386101,256,10
1602161220,mqlp_4_4_256,176333550,256,10
1587594940,mqlp_4_4_256,174918800,256,10
1622849580,mqlp_4_4_256,177737427,256,10
1621936300,mqlp_4_4_256,178034023,256,10
1620593940,mqlp_4_4_256,178881759,256,10
1683122100,mqlp_4_4_512,185794598,256,10
1660548900,mqlp_4_4_512,183737751,256,10
1699310380,mqlp_4_4_512,186894082,256,10
1692454360,mqlp_4_4_512,186608681,256,10
1704692260,mqlp_4_4_512,188743243,256,10
1697911920,mqlp_4_4_1024,188629990,256,10
1738855960,mqlp_4_4_1024,192676378,256,10
1731104060,mqlp_4_4_1024,191559829,256,10
1740252260,mqlp_4_4_1024,193115271,256,10
1708583860,mqlp_4_4_1024,189785667,256,10
1106159180,mqlp_4_8_1,51191920,256,10
907735020,mqlp_4_8_1,51446902,256,10
937170020,mqlp_4_8_1,51541019,256,10
905737460,mqlp_4_8_1,51465741,256,10
1036156940,mqlp_4_8_1,51427368,256,10
848436600,mqlp_4_8_2,60162095,256,10
832718080,mqlp_4_8_2,59805674,256,10
809575780,mqlp_4_8_2,59579896,256,10
819117380,mqlp_4_8_2,59855246,256,10
808611260,mqlp_4_8_2,59842790,256,10
828667440,mqlp_4_8_4,71036103,256,10
819228880,mqlp_4_8_4,71020987,256,10
813735640,mqlp_4_8_4,70828285,256,10
857207540,mqlp_4_8_4,70921199,256,10
812362200,mqlp_4_8_4,70896153,256,10
893101440,mqlp_4_8_8,86201703,256,10
881848300,mqlp_4_8_8,85809606,256,10
897034780,mqlp_4_8_8,86306832,256,10
895764060,mqlp_4_8_8,86144119,256,10
885557560,mqlp_4_8_8,86334324,256,10
986788780,mqlp_4_8_16,106062639,256,10
997889920,mqlp_4_8_16,106512187,256,10
991433380,mqlp_4_8_16,106279751,256,10
994524860,mqlp_4_8_16,106392870,256,10
992841980,mqlp_4_8_16,106404897,256,10
1178891540,mqlp_4_8_32,132777297,256,10
1161429200,mqlp_4_8_32,131484177,256,10
1165750440,mqlp_4_8_32,131567676,256,10
1168359740,mqlp_4_8_32,132097423,256,10
1173261920,mqlp_4_8_32,132012914,256,10
1347323300,mqlp_4_8_64,158463434,256,10
1364477280,mqlp_4_8_64,160084444,256,10
1362056580,mqlp_4_8_64,159172136,256,10
1360767520,mqlp_4_8_64,159979896,256,10
1374829120,mqlp_4_8_64,160511086,256,10
1568768940,mqlp_4_8_128,186780993,256,10
1573210340,mqlp_4_8_128,185875836,256,10
1559929800,mqlp_4_8_128,185358883,256,10
1556784760,mqlp_4_8_128,185642444,256,10
1548352380,mqlp_4_8_128,184834289,256,10
1669633380,mqlp_4_8_256,201782984,256,10
1722651480,mqlp_4_8_256,208038611,256,10
1664629260,mqlp_4_8_256,201788379,256,10
1701877180,mqlp_4_8_256,206330051,256,10
1709171900,mqlp_4_8_256,206864371,256,10
1775312260,mqlp_4_8_512,216307363,256,10
1815961000,mqlp_4_8_512,220312289,256,10
1785699300,mqlp_4_8_512,218239096,256,10
1807536880,mqlp_4_8_512,220717289,256,10
1774378060,mqlp_4_8_512,215307915,256,10
1847922420,mqlp_4_8_1024,225926174,256,10
1809056220,mqlp_4_8_1024,221048978,256,10
1849996700,mqlp_4_8_1024,226870450,256,10
1874267920,mqlp_4_8_1024,228290947,256,10
1840609780,mqlp_4_8_1024,224546108,256,10
1419742440,mqlp_4_16_1,63586724,256,10
1322117780,mqlp_4_16_1,63214931,256,10
1346855540,mqlp_4_16_1,62794511,256,10
1215848540,mqlp_4_16_1,63358543,256,10
1319070320,mqlp_4_16_1,62731032,256,10
1142798760,mqlp_4_16_2,75142083,256,10
1204716900,mqlp_4_16_2,74693916,256,10
1215205480,mqlp_4_16_2,74529183,256,10
1134279620,mqlp_4_16_2,75186014,256,10
1126931340,mqlp_4_16_2,74761050,256,10
1071296940,mqlp_4_16_4,88100036,256,10
1079519580,mqlp_4_16_4,88101019,256,10
1075422760,mqlp_4_16_4,88039191,256,10
1063461620,mqlp_4_16_4,87946165,256,10
1063854600,mqlp_4_16_4,87810121,256,10
1083404680,mqlp_4_16_8,104070758,256,10
1092429180,mqlp_4_16_8,103525473,256,10
1110167600,mqlp_4_16_8,104053477,256,10
1088854760,mqlp_4_16_8,104381402,256,10
1075524120,mqlp_4_16_8,103559290,256,10
1166754480,mqlp_4_16_16,124120653,256,10
1159352940,mqlp_4_16_16,123975522,256,10
1165205840,mqlp_4_16_16,124721662,256,10
1171468820,mqlp_4_16_16,125561194,256,10
1162501160,mqlp_4_16_16,124259724,256,10
1325212520,mqlp_4_16_32,151467177,256,10
1312935500,mqlp_4_16_32,150643118,256,10
1308967220,mqlp_4_16_32,151020979,256,10
1321536720,mqlp_4_16_32,151983189,256,10
1323434740,mqlp_4_16_32,151287702,256,10
1509414460,mqlp_4_16_64,181655064,256,10
1510442140,mqlp_4_16_64,182113427,256,10
1520909160,mqlp_4_16_64,182249474,256,10
1502192000,mqlp_4_16_64,180433692,256,10
1519538660,mqlp_4_16_64,181107487,256,10
1714431540,mqlp_4_16_128,213889510,256,10
1709834740,mqlp_4_16_128,213542351,256,10
1722862260,mqlp_4_16_128,213758228,256,10
1710252440,mqlp_4_16_128,212703074,256,10
1728905860,mqlp_4_16_128,215817856,256,10
1872801200,mqlp_4_16_256,236801453,256,10
1890269820,mqlp_4_16_256,239105720,256,10
1892142200,mqlp_4_16_256,239891451,256,10
1878770320,mqlp_4_16_256,238664090,256,10
1884229940,mqlp_4_16_256,238685724,256,10
1975036380,mqlp_4_16_512,251522106,256,10
1996454700,mqlp_4_16_512,255525375,256,10
2027851560,mqlp_4_16_512,257536631,256,10
1935540860,mqlp_4_16_512,245391122,256,10
1973463540,mqlp_4_16_512,251921640,256,10
2048271560,mqlp_4_16_1024,262110005,256,10
2063157920,mqlp_4_16_1024,264805894,256,10
2032183980,mqlp_4_16_1024,259853672,256,10
2057224280,mqlp_4_16_1024,264058192,256,10
2056402060,mqlp_4_16_1024,263423920,256,10
1275264380,mqlp_4_32_1,57784102,256,10
1193415560,mqlp_4_32_1,57460894,256,10
1534604720,mqlp_4_32_1,60224283,256,10
1396507620,mqlp_4_32_1,58892014,256,10
1301841420,mqlp_4_32_1,58053031,256,10
1286862300,mqlp_4_32_2,71026563,256,10
1346580560,mqlp_4_32_2,71940882,256,10
1208281060,mqlp_4_32_2,70843065,256,10
1339565660,mqlp_4_32_2,71983037,256,10
1192608600,mqlp_4_32_2,71560188,256,10
1134479320,mqlp_4_32_4,82676058,256,10
1353192160,mqlp_4_32_4,85960559,256,10
1375399700,mqlp_4_32_4,86566820,256,10
1259735880,mqlp_4_32_4,85316413,256,10
1158476860,mqlp_4_32_4,83284748,256,10
1338080760,mqlp_4_32_8,112766954,256,10
1190047340,mqlp_4_32_8,101879962,256,10
1322252600,mqlp_4_32_8,105469897,256,10
1382749780,mqlp_4_32_8,112548786,256,10
1306902220,mqlp_4_32_8,112851723,256,10
1396463340,mqlp_4_32_16,136973933,256,10
1390485460,mqlp_4_32_16,137016837,256,10
1412697120,mqlp_4_32_16,138469584,256,10
1401058760,mqlp_4_32_16,138243713,256,10
1391188020,mqlp_4_32_16,137684141,256,10
1527942700,mqlp_4_32_32,169841900,256,10
1540734240,mqlp_4_32_32,170131846,256,10
1560068060,mqlp_4_32_32,170386231,256,10
1511068380,mqlp_4_32_32,164945066,256,10
1521981380,mqlp_4_32_32,168427837,256,10
1738065580,mqlp_4_32_64,207841149,256,10
1755892540,mqlp_4_32_64,205725113,256,10
1727004660,mqlp_4_32_64,203987463,256,10
1722457160,mqlp_4_32_64,204949003,256,10
1730299680,mqlp_4_32_64,204984279,256,10
1994872060,mqlp_4_32_128,251638124,256,10
2032669880,mqlp_4_32_128,254333055,256,10
1997147340,mqlp_4_32_128,252345657,256,10
2008125860,mqlp_4_32_128,251323348,256,10
2002347180,mqlp_4_32_128,250861643,256,10
2230694320,mqlp_4_32_256,288315439,256,10
2220504280,mqlp_4_32_256,287161248,256,10
2234302120,mqlp_4_32_256,289632156,256,10
2290881300,mqlp_4_32_256,296383419,256,10
2265563940,mqlp_4_32_256,295530440,256,10
2480053740,mqlp_4_32_512,324503885,256,10
2494183860,mqlp_4_32_512,328685155,256,10
2518448220,mqlp_4_32_512,330297619,256,10
2476061600,mqlp_4_32_512,326237688,256,10
2440257160,mqlp_4_32_512,321925416,256,10
2640425740,mqlp_4_32_1024,351660123,256,10
2632049640,mqlp_4_32_1024,350640114,256,10
2581292700,mqlp_4_32_1024,343368969,256,10
2642752020,mqlp_4_32_1024,350851492,256,10
2679482960,mqlp_4_32_1024,357621410,256,10
1159827420,mqlp_4_64_1,42189441,256,10
915299920,mqlp_4_64_1,40624954,256,10
945400240,mqlp_4_64_1,40954529,256,10
1006797160,mqlp_4_64_1,41136493,256,10
911159460,mqlp_4_64_1,40857216,256,10
835514580,mqlp_4_64_2,41300994,256,10
835673620,mqlp_4_64_2,41335609,256,10
880745060,mqlp_4_64_2,41388010,256,10
976243300,mqlp_4_64_2,41650827,256,10
964856260,mqlp_4_64_2,41665805,256,10
766746080,mqlp_4_64_4,41997060,256,10
778214200,mqlp_4_64_4,41916094,256,10
834511360,mqlp_4_64_4,41918716,256,10
916415460,mqlp_4_64_4,42020623,256,10
880074660,mqlp_4_64_4,41997105,256,10
748603300,mqlp_4_64_8,42700771,256,10
768670260,mqlp_4_64_8,42888505,256,10
787129080,mqlp_4_64_8,42747878,256,10
773899940,mqlp_4_64_8,42891559,256,10
830939520,mqlp_4_64_8,42830331,256,10
862138880,mqlp_4_64_16,44265356,256,10
749369180,mqlp_4_64_16,44078431,256,10
810458660,mqlp_4_64_16,44104816,256,10
766017420,mqlp_4_64_16,44160532,256,10
811561840,mqlp_4_64_16,44217876,256,10
816933680,mqlp_4_64_32,46459173,256,10
853490940,mqlp_4_64_32,46377626,256,10
822587580,mqlp_4_64_32,46236608,256,10
767764580,mqlp_4_64_32,46097181,256,10
754840300,mqlp_4_64_32,46226989,256,10
900677800,mqlp_4_64_64,51143460,256,10
769476820,mqlp_4_64_64,50537924,256,10
762851280,mqlp_4_64_64,50539379,256,10
724465740,mqlp_4_64_64,50331903,256,10
764831500,mqlp_4_64_64,50495836,256,10
1221995720,mqlp_4_64_128,126981729,256,10
1465542520,mqlp_4_64_128,170040231,256,10
1491794600,mqlp_4_64_128,174083240,256,10
1521609100,mqlp_4_64_128,170589704,256,10
1143714340,mqlp_4_64_128,122403917,256,10
2139349740,mqlp_4_64_256,271534585,256,10
1880288280,mqlp_4_64_256,240494751,256,10
1902230980,mqlp_4_64_256,240486699,256,10
1910291780,mqlp_4_64_256,243137589,256,10
2130123160,mqlp_4_64_256,271457604,256,10
2565471260,mqlp_4_64_512,345174010,256,10
2664122520,mqlp_4_64_512,358287291,256,10
2540292260,mqlp_4_64_512,342888182,256,10
2461078760,mqlp_4_64_512,323028530,256,10
2558999500,mqlp_4_64_512,339036973,256,10
3065550600,mqlp_4_64_1024,428072178,256,10
3047032080,mqlp_4_64_1024,423076028,256,10
2954315320,mqlp_4_64_1024,408948314,256,10
2976586600,mqlp_4_64_1024,413366302,256,10
3026065160,mqlp_4_64_1024,419413138,256,10
1016171880,mqlp_4_128_1,41330744,256,10
887257700,mqlp_4_128_1,41030202,256,10
967732120,mqlp_4_128_1,41124762,256,10
901716300,mqlp_4_128_1,41007321,256,10
1058025680,mqlp_4_128_1,41557680,256,10
877876520,mqlp_4_128_2,41730221,256,10
842112540,mqlp_4_128_2,41601781,256,10
916836540,mqlp_4_128_2,41700302,256,10
881993740,mqlp_4_128_2,41602989,256,10
802031200,mqlp_4_128_2,41674504,256,10
783628440,mqlp_4_128_4,42380601,256,10
856555380,mqlp_4_128_4,42336494,256,10
807147500,mqlp_4_128_4,42275564,256,10
873240060,mqlp_4_128_4,42332605,256,10
829462500,mqlp_4_128_4,42278553,256,10
865974420,mqlp_4_128_8,42940376,256,10
873229320,mqlp_4_128_8,42891911,256,10
874333340,mqlp_4_128_8,42865764,256,10
752999120,mqlp_4_128_8,43121847,256,10
806379200,mqlp_4_128_8,43107663,256,10
824994100,mqlp_4_128_16,44210577,256,10
721991760,mqlp_4_128_16,44242661,256,10
822716620,mqlp_4_128_16,44171972,256,10
777847600,mqlp_4_128_16,44294795,256,10
829356180,mqlp_4_128_16,44122406,256,10
774251480,mqlp_4_128_32,46223254,256,10
779860440,mqlp_4_128_32,46273971,256,10
758774300,mqlp_4_128_32,46262205,256,10
812553680,mqlp_4_128_32,46182149,256,10
788822260,mqlp_4_128_32,46245071,256,10
721257580,mqlp_4_128_64,50115432,256,10
723402340,mqlp_4_128_64,50134254,256,10
764662520,mqlp_4_128_64,50191021,256,10
755213620,mqlp_4_128_64,50075735,256,10
718059360,mqlp_4_128_64,50537168,256,10
744621380,mqlp_4_128_128,56928690,256,10
696914180,mqlp_4_128_128,56953640,256,10
717404880,mqlp_4_128_128,56668953,256,10
664730940,mqlp_4_128_128,56894284,256,10
653904960,mqlp_4_128_128,56678583,256,10
638346800,mqlp_4_128_256,68197585,256,10
637503780,mqlp_4_128_256,66913484,256,10
610547700,mqlp_4_128_256,67415783,256,10
696552360,mqlp_4_128_256,67505536,256,10
603975620,mqlp_4_128_256,66995972,256,10
587702200,mqlp_4_128_512,83025251,256,10
579968640,mqlp_4_128_512,83159876,256,10
575863140,mqlp_4_128_512,83341649,256,10
576225180,mqlp_4_128_512,82707384,256,10
582067780,mqlp_4_128_512,83003161,256,10
573146660,mqlp_4_128_1024,103267756,256,10
570442420,mqlp_4_128_1024,103073476,256,10
573079680,mqlp_4_128_1024,102376379,256,10
572583760,mqlp_4_128_1024,100952432,256,10
574054620,mqlp_4_128_1024,102866621,256,10
997886480,mqlp_4_256_1,41295332,256,10
898689720,mqlp_4_256_1,41132468,256,10
1012451220,mqlp_4_256_1,41415391,256,10
1062396440,mqlp_4_256_1,41795552,256,10
915684720,mqlp_4_256_1,41265886,256,10
858780460,mqlp_4_256_2,41927386,256,10
840066340,mqlp_4_256_2,42054737,256,10
913971740,mqlp_4_256_2,41844355,256,10
1006408800,mqlp_4_256_2,41935668,256,10
946232960,mqlp_4_256_2,41949726,256,10
807113040,mqlp_4_256_4,42503671,256,10
995703720,mqlp_4_256_4,42524886,256,10
807702880,mqlp_4_256_4,42606451,256,10
857728640,mqlp_4_256_4,42492087,256,10
853585440,mqlp_4_256_4,42457544,256,10
899094720,mqlp_4_256_8,43282313,256,10
802528900,mqlp_4_256_8,43249659,256,10
832274100,mqlp_4_256_8,43271382,256,10
760230520,mqlp_4_256_8,43272751,256,10
828249820,mqlp_4_256_8,43222260,256,10
767992680,mqlp_4_256_16,44559251,256,10
798486520,mqlp_4_256_16,44397555,256,10
778908400,mqlp_4_256_16,44267518,256,10
849327500,mqlp_4_256_16,44313794,256,10
780573240,mqlp_4_256_16,44289231,256,10
797678340,mqlp_4_256_32,46678092,256,10
756011780,mqlp_4_256_32,46435967,256,10
827596740,mqlp_4_256_32,46437573,256,10
721837060,mqlp_4_256_32,46883994,256,10
954290440,mqlp_4_256_32,46497167,256,10
707861700,mqlp_4_256_64,50287328,256,10
770936380,mqlp_4_256_64,50501796,256,10
831330140,mqlp_4_256_64,50524624,256,10
688834540,mqlp_4_256_64,50302289,256,10
794350740,mqlp_4_256_64,50556486,256,10
648693180,mqlp_4_256_128,57182905,256,10
769182100,mqlp_4_256_128,57229330,256,10
678770920,mqlp_4_256_128,57051001,256,10
661168680,mqlp_4_256_128,57525808,256,10
676520060,mqlp_4_256_128,57249901,256,10
605386240,mqlp_4_256_256,68119065,256,10
625011300,mqlp_4_256_256,68100588,256,10
602288660,mqlp_4_256_256,67778677,256,10
698666180,mqlp_4_256_256,68006762,256,10
744056660,mqlp_4_256_256,68122124,256,10
580666060,mqlp_4_256_512,83827299,256,10
587033740,mqlp_4_256_512,84062705,256,10
580621840,mqlp_4_256_512,84677589,256,10
580173760,mqlp_4_256_512,83645375,256,10
578371080,mqlp_4_256_512,84347703,256,10
577497840,mqlp_4_256_1024,106294621,256,10
584111620,mqlp_4_256_1024,107662267,256,10
575107920,mqlp_4_256_1024,106739363,256,10
578537360,mqlp_4_256_1024,105512128,256,10
578185000,mqlp_4_256_1024,104629119,256,10
938270180,mqlp_4_512_1,41144698,256,10
951180340,mqlp_4_512_1,41183021,256,10
904712740,mqlp_4_512_1,41156885,256,10
1003215160,mqlp_4_512_1,41278722,256,10
909728720,mqlp_4_512_1,41273947,256,10
858188220,mqlp_4_512_2,42100112,256,10
867126800,mqlp_4_512_2,41881109,256,10
820773540,mqlp_4_512_2,41776018,256,10
853217060,mqlp_4_512_2,41884056,256,10
948128980,mqlp_4_512_2,41816396,256,10
866876960,mqlp_4_512_4,42503235,256,10
814399740,mqlp_4_512_4,42504294,256,10
819575800,mqlp_4_512_4,42639317,256,10
825110720,mqlp_4_512_4,42473181,256,10
812822220,mqlp_4_512_4,42536617,256,10
785620640,mqlp_4_512_8,43306661,256,10
881638520,mqlp_4_512_8,43167934,256,10
830366360,mqlp_4_512_8,43396658,256,10
833341680,mqlp_4_512_8,43295588,256,10
812511660,mqlp_4_512_8,43331658,256,10
758930960,mqlp_4_512_16,44499613,256,10
917144500,mqlp_4_512_16,44625392,256,10
874296500,mqlp_4_512_16,44417191,256,10
857908120,mqlp_4_512_16,44380393,256,10
958484820,mqlp_4_512_16,44529133,256,10
780594160,mqlp_4_512_32,46622025,256,10
764174260,mqlp_4_512_32,46677863,256,10
708681920,mqlp_4_512_32,46733436,256,10
785403520,mqlp_4_512_32,46466354,256,10
767531460,mqlp_4_512_32,46564078,256,10
808390540,mqlp_4_512_64,50868038,256,10
757790360,mqlp_4_512_64,50399207,256,10
752344160,mqlp_4_512_64,50381693,256,10
773310620,mqlp_4_512_64,50525187,256,10
808343360,mqlp_4_512_64,50559000,256,10
715381140,mqlp_4_512_128,57316893,256,10
706162000,mqlp_4_512_128,56890525,256,10
749018160,mqlp_4_512_128,57321656,256,10
711149160,mqlp_4_512_128,57639320,256,10
696962100,mqlp_4_512_128,57112860,256,10
606716060,mqlp_4_512_256,67768837,256,10
622127600,mqlp_4_512_256,68041833,256,10
652012780,mqlp_4_512_256,68386745,256,10
673912700,mqlp_4_512_256,68221841,256,10
653443440,mqlp_4_512_256,69802544,256,10
577887920,mqlp_4_512_512,83145486,256,10
578011060,mqlp_4_512_512,84553697,256,10
594706960,mqlp_4_512_512,84101381,256,10
589713280,mqlp_4_512_512,83934728,256,10
582263760,mqlp_4_512_512,83713901,256,10
575933340,mqlp_4_512_1024,105568938,256,10
585795400,mqlp_4_512_1024,106050290,256,10
590121900,mqlp_4_512_1024,105452311,256,10
616813500,mqlp_4_512_1024,105477525,256,10
578248520,mqlp_4_512_1024,106209812,256,10
928218140,mqlp_4_1024_1,41180386,256,10
941523540,mqlp_4_1024_1,41149854,256,10
944188520,mqlp_4_1024_1,41251989,256,10
906358060,mqlp_4_1024_1,41216085,256,10
857977520,mqlp_4_1024_1,41130965,256,10
846071160,mqlp_4_1024_2,41824417,256,10
835979960,mqlp_4_1024_2,41791339,256,10
839985240,mqlp_4_1024_2,41839615,256,10
925189660,mqlp_4_1024_2,41925086,256,10
912563320,mqlp_4_1024_2,41862850,256,10
813653800,mqlp_4_1024_4,42662444,256,10
770733660,mqlp_4_1024_4,42735492,256,10
776165780,mqlp_4_1024_4,42633970,256,10
890506480,mqlp_4_1024_4,42380457,256,10
970599420,mqlp_4_1024_4,42572512,256,10
771185100,mqlp_4_1024_8,43289745,256,10
792464260,mqlp_4_1024_8,43740111,256,10
784977380,mqlp_4_1024_8,43260315,256,10
943944860,mqlp_4_1024_8,43120366,256,10
760728340,mqlp_4_1024_8,43662413,256,10
781683400,mqlp_4_1024_16,44413261,256,10
904786680,mqlp_4_1024_16,44342794,256,10
813174780,mqlp_4_1024_16,44420876,256,10
748263280,mqlp_4_1024_16,44513360,256,10
819390260,mqlp_4_1024_16,44439051,256,10
833344920,mqlp_4_1024_32,46402851,256,10
768518320,mqlp_4_1024_32,46683248,256,10
906363440,mqlp_4_1024_32,46569825,256,10
752443160,mqlp_4_1024_32,46352858,256,10
774504100,mqlp_4_1024_32,46532544,256,10
733579420,mqlp_4_1024_64,50529588,256,10
701809280,mqlp_4_1024_64,50432171,256,10
733049160,mqlp_4_1024_64,50495883,256,10
741851440,mqlp_4_1024_64,50379935,256,10
810228960,mqlp_4_1024_64,50427573,256,10
818332840,mqlp_4_1024_128,57011812,256,10
668479300,mqlp_4_1024_128,57321956,256,10
655841840,mqlp_4_1024_128,57004416,256,10
689491040,mqlp_4_1024_128,57301245,256,10
661586140,mqlp_4_1024_128,56851511,256,10
626844240,mqlp_4_1024_256,68127050,256,10
642379360,mqlp_4_1024_256,67889312,256,10
666717180,mqlp_4_1024_256,68184524,256,10
661549400,mqlp_4_1024_256,68194730,256,10
624640320,mqlp_4_1024_256,67920469,256,10
599917160,mqlp_4_1024_512,83792529,256,10
603090160,mqlp_4_1024_512,85400297,256,10
616871980,mqlp_4_1024_512,84873391,256,10
576994200,mqlp_4_1024_512,84572026,256,10
582736080,mqlp_4_1024_512,84109623,256,10
579665080,mqlp_4_1024_1024,106178902,256,10
576285300,mqlp_4_1024_1024,105667007,256,10
572009000,mqlp_4_1024_1024,106385229,256,10
571899040,mqlp_4_1024_1024,104625480,256,10
579110460,mqlp_4_1024_1024,103882382,256,10
