4332070860,mqlp_4_1_1,75862390,256,10
4314711840,mqlp_4_1_1,75862869,256,10
4279596940,mqlp_4_1_1,75846317,256,10
4314160680,mqlp_4_1_1,75864862,256,10
4296411860,mqlp_4_1_1,75845129,256,10
3955555340,mqlp_4_1_2,75881079,256,10
3940836540,mqlp_4_1_2,75877772,256,10
3930759380,mqlp_4_1_2,75873340,256,10
3910107140,mqlp_4_1_2,75893697,256,10
3960410100,mqlp_4_1_2,75897315,256,10
3720526580,mqlp_4_1_4,75990871,256,10
3709489540,mqlp_4_1_4,75922832,256,10
3698148980,mqlp_4_1_4,75933636,256,10
3712464120,mqlp_4_1_4,76051300,256,10
3705708320,mqlp_4_1_4,75986104,256,10
3548235140,mqlp_4_1_8,76062723,256,10
3527457140,mqlp_4_1_8,76047865,256,10
3548491680,mqlp_4_1_8,76111210,256,10
3543045240,mqlp_4_1_8,76088388,256,10
3532824120,mqlp_4_1_8,76066763,256,10
3404870120,mqlp_4_1_16,76446544,256,10
3411384960,mqlp_4_1_16,76224667,256,10
3421684480,mqlp_4_1_16,76245063,256,10
3448786240,mqlp_4_1_16,76233513,256,10
3595000840,mqlp_4_1_16,76299021,256,10
3355738320,mqlp_4_1_32,76402542,256,10
3366730220,mqlp_4_1_32,76512689,256,10
3374086320,mqlp_4_1_32,76397182,256,10
3377730080,mqlp_4_1_32,76337212,256,10
3337671540,mqlp_4_1_32,76516479,256,10
3349700080,mqlp_4_1_64,76631745,256,10
3354216120,mqlp_4_1_64,76623837,256,10
3351783620,mqlp_4_1_64,76706139,256,10
3312284340,mqlp_4_1_64,76644681,256,10
3354561420,mqlp_4_1_64,76802626,256,10
3268123660,mqlp_4_1_128,76941099,256,10
3261145140,mqlp_4_1_128,76965922,256,10
3287080020,mqlp_4_1_128,76973563,256,10
3244581680,mqlp_4_1_128,76751526,256,10
3277144920,mqlp_4_1_128,77557587,256,10
3287813040,mqlp_4_1_256,76923996,256,10
3248065400,mqlp_4_1_256,76999771,256,10
3244528760,mqlp_4_1_256,77144209,256,10
3280642840,mqlp_4_1_256,76920053,256,10
3260007620,mqlp_4_1_256,76873721,256,10
3258432720,mqlp_4_1_512,77100008,256,10
3257186400,mqlp_4_1_512,77070293,256,10
3219164760,mqlp_4_1_512,77394961,256,10
3223802360,mqlp_4_1_512,77940012,256,10
3212866820,mqlp_4_1_512,77312652,256,10
3232484540,mqlp_4_1_1024,77042651,256,10
3211952840,mqlp_4_1_1024,77480777,256,10
3235036220,mqlp_4_1_1024,77190363,256,10
3253230520,mqlp_4_1_1024,76938203,256,10
3251105420,mqlp_4_1_1024,77321534,256,10
4200483720,mqlp_4_2_1,75919665,256,10
4226710320,mqlp_4_2_1,75888129,256,10
4243617260,mqlp_4_2_1,75869423,256,10
4232285200,mqlp_4_2_1,75926185,256,10
4199415000,mqlp_4_2_1,75859210,256,10
3836272000,mqlp_4_2_2,75937250,256,10
3864270400,mqlp_4_2_2,75874294,256,10
3835322880,mqlp_4_2_2,75935925,256,10
3830565800,mqlp_4_2_2,75897138,256,10
3871950740,mqlp_4_2_2,75898642,256,10
3546736560,mqlp_4_2_4,76138487,256,10
3595661740,mqlp_4_2_4,75963861,256,10
3640844780,mqlp_4_2_4,76015800,256,10
3564498860,mqlp_4_2_4,76042272,256,10
3587483380,mqlp_4_2_4,76023019,256,10
3453345060,mqlp_4_2_8,76083204,256,10
3427870400,mqlp_4_2_8,76082922,256,10
3454215420,mqlp_4_2_8,76186565,256,10
3451805940,mqlp_4_2_8,76122958,256,10
3428568020,mqlp_4_2_8,76223365,256,10
3347638520,mqlp_4_2_16,76438792,256,10
3330882460,mqlp_4_2_16,76411326,256,10
3341081200,mqlp_4_2_16,76522695,256,10
3493049840,mqlp_4_2_16,76696173,256,10
3344516840,mqlp_4_2_16,76657252,256,10
3269926160,mqlp_4_2_32,76640931,256,10
3280163160,mqlp_4_2_32,76949631,256,10
3250158240,mqlp_4_2_32,76706375,256,10
3274249240,mqlp_4_2_32,76856647,256,10
3250298900,mqlp_4_2_32,76552229,256,10
3214706540,mqlp_4_2_64,77092004,256,10
3132098080,mqlp_4_2_64,77972769,256,10
3177570680,mqlp_4_2_64,77084027,256,10
3185544680,mqlp_4_2_64,77079015,256,10
3176270580,mqlp_4_2_64,77996914,256,10
3176922420,mqlp_4_2_128,77517999,256,10
3163582620,mqlp_4_2_128,77547291,256,10
3361298880,mqlp_4_2_128,78370259,256,10
3188090880,mqlp_4_2_128,77338009,256,10
3158676180,mqlp_4_2_128,77636010,256,10
3049491060,mqlp_4_2_256,78116217,256,10
3045613300,mqlp_4_2_256,78351509,256,10
3098536900,mqlp_4_2_256,78605495,256,10
3099471760,mqlp_4_2_256,78183953,256,10
3056006520,mqlp_4_2_256,78054545,256,10
3109548520,mqlp_4_2_512,78179022,256,10
3089279500,mqlp_4_2_512,78177470,256,10
3126009180,mqlp_4_2_512,77997358,256,10
3093008680,mqlp_4_2_512,78150455,256,10
3091208040,mqlp_4_2_512,79121353,256,10
3069179760,mqlp_4_2_1024,78209017,256,10
3172819720,mqlp_4_2_1024,78819442,256,10
3066700760,mqlp_4_2_1024,78404737,256,10
3038686800,mqlp_4_2_1024,79110104,256,10
3032046300,mqlp_4_2_1024,78843773,256,10
4162987380,mqlp_4_4_1,75906787,256,10
4138916220,mqlp_4_4_1,75868083,256,10
4158047640,mqlp_4_4_1,75877049,256,10
4130772000,mqlp_4_4_1,75839635,256,10
4247262140,mqlp_4_4_1,75851618,256,10
3771737960,mqlp_4_4_2,75925858,256,10
3811152180,mqlp_4_4_2,76063884,256,10
3783235860,mqlp_4_4_2,75983029,256,10
3765331720,mqlp_4_4_2,75993808,256,10
3775919880,mqlp_4_4_2,75910635,256,10
3542346260,mqlp_4_4_4,76055556,256,10
3542378560,mqlp_4_4_4,76093542,256,10
3552735160,mqlp_4_4_4,76096371,256,10
3554646340,mqlp_4_4_4,76116548,256,10
3556053660,mqlp_4_4_4,76061536,256,10
3369083260,mqlp_4_4_8,76155178,256,10
3397434300,mqlp_4_4_8,76178323,256,10
3408598260,mqlp_4_4_8,76264907,256,10
3372292500,mqlp_4_4_8,76421096,256,10
3376508180,mqlp_4_4_8,76196296,256,10
3294729400,mqlp_4_4_16,76424921,256,10
3285208140,mqlp_4_4_16,76489997,256,10
3285619000,mqlp_4_4_16,76644855,256,10
3410287740,mqlp_4_4_16,76571629,256,10
3309162820,mqlp_4_4_16,76473094,256,10
3215635420,mqlp_4_4_32,77002845,256,10
3179731120,mqlp_4_4_32,77092751,256,10
3204685680,mqlp_4_4_32,76725171,256,10
3207509160,mqlp_4_4_32,76909985,256,10
3157904460,mqlp_4_4_32,77001068,256,10
3150710860,mqlp_4_4_64,77472339,256,10
3111895780,mqlp_4_4_64,77238580,256,10
3145319860,mqlp_4_4_64,77787907,256,10
3127545580,mqlp_4_4_64,78066537,256,10
3131310660,mqlp_4_4_64,77403730,256,10
3038030960,mqlp_4_4_128,79512915,256,10
3088177440,mqlp_4_4_128,79545118,256,10
3207310180,mqlp_4_4_128,77923540,256,10
3052786340,mqlp_4_4_128,78633576,256,10
3110400300,mqlp_4_4_128,80589629,256,10
3029242500,mqlp_4_4_256,79001111,256,10
3026809600,mqlp_4_4_256,79232858,256,10
3033367440,mqlp_4_4_256,78897538,256,10
3032142280,mqlp_4_4_256,79229335,256,10
3042390000,mqlp_4_4_256,79190998,256,10
2992151360,mqlp_4_4_512,79136162,256,10
2989593700,mqlp_4_4_512,80123198,256,10
2990569100,mqlp_4_4_512,80329466,256,10
2958238580,mqlp_4_4_512,79555655,256,10
2984140780,mqlp_4_4_512,78725505,256,10
2979783180,mqlp_4_4_1024,81737061,256,10
3162413280,mqlp_4_4_1024,80435224,256,10
2967217280,mqlp_4_4_1024,79419356,256,10
3005647360,mqlp_4_4_1024,79543331,256,10
2961851320,mqlp_4_4_1024,80896772,256,10
4118652240,mqlp_4_8_1,75884358,256,10
4108451840,mqlp_4_8_1,75921676,256,10
4135395080,mqlp_4_8_1,75879762,256,10
4125930840,mqlp_4_8_1,75921935,256,10
4121664180,mqlp_4_8_1,75876053,256,10
3749984740,mqlp_4_8_2,75937916,256,10
3747826420,mqlp_4_8_2,75962115,256,10
3735539920,mqlp_4_8_2,75921031,256,10
3711492320,mqlp_4_8_2,76042489,256,10
3721378040,mqlp_4_8_2,75968992,256,10
3508514900,mqlp_4_8_4,76143690,256,10
3500586600,mqlp_4_8_4,76032118,256,10
3493542140,mqlp_4_8_4,76045942,256,10
3493209880,mqlp_4_8_4,76171507,256,10
3506458100,mqlp_4_8_4,76096648,256,10
3355484420,mqlp_4_8_8,76463653,256,10
3352854300,mqlp_4_8_8,76337574,256,10
3353932200,mqlp_4_8_8,76276157,256,10
3364361920,mqlp_4_8_8,76220075,256,10
3386539380,mqlp_4_8_8,76301632,256,10
3250728160,mqlp_4_8_16,76444726,256,10
3235223700,mqlp_4_8_16,76432199,256,10
3287796520,mqlp_4_8_16,76634997,256,10
3393796140,mqlp_4_8_16,76997666,256,10
3301525200,mqlp_4_8_16,76822429,256,10
3168096820,mqlp_4_8_32,76908701,256,10
3182722160,mqlp_4_8_32,77005365,256,10
3171629980,mqlp_4_8_32,77541617,256,10
3165099560,mqlp_4_8_32,77357730,256,10
3182147880,mqlp_4_8_32,76859065,256,10
3084045940,mqlp_4_8_64,78479484,256,10
3076240060,mqlp_4_8_64,78155312,256,10
3135375720,mqlp_4_8_64,78333300,256,10
3072361880,mqlp_4_8_64,78987880,256,10
3104259040,mqlp_4_8_64,78733158,256,10
2982744120,mqlp_4_8_128,78450290,256,10
2997552500,mqlp_4_8_128,79614291,256,10
3242486380,mqlp_4_8_128,80095675,256,10
3104332620,mqlp_4_8_128,79647423,256,10
2994356180,mqlp_4_8_128,78325725,256,10
2973704880,mqlp_4_8_256,79824091,256,10
2986708900,mqlp_4_8_256,81849163,256,10
2951861460,mqlp_4_8_256,80577498,256,10
2971665340,mqlp_4_8_256,81322025,256,10
2936649740,mqlp_4_8_256,80369492,256,10
3115934560,mqlp_4_8_512,87134524,256,10
2969205200,mqlp_4_8_512,82051822,256,10
2914368020,mqlp_4_8_512,81500493,256,10
2916946680,mqlp_4_8_512,81449705,256,10
2930583920,mqlp_4_8_512,83076032,256,10
3019121800,mqlp_4_8_1024,84991383,256,10
2884190960,mqlp_4_8_1024,81663231,256,10
2889334160,mqlp_4_8_1024,82963249,256,10
2917598320,mqlp_4_8_1024,83488777,256,10
2883757320,mqlp_4_8_1024,82938145,256,10
4059878780,mqlp_4_16_1,75950790,256,10
4109036540,mqlp_4_16_1,76025071,256,10
4076553200,mqlp_4_16_1,75907856,256,10
4105143640,mqlp_4_16_1,75898166,256,10
4069736780,mqlp_4_16_1,75974246,256,10
3717806020,mqlp_4_16_2,75981794,256,10
3699063740,mqlp_4_16_2,76065914,256,10
3710828280,mqlp_4_16_2,76000547,256,10
3727485020,mqlp_4_16_2,76070879,256,10
3664698800,mqlp_4_16_2,76206170,256,10
3461923040,mqlp_4_16_4,76199322,256,10
3481160580,mqlp_4_16_4,76233219,256,10
3478772080,mqlp_4_16_4,76197938,256,10
3468463780,mqlp_4_16_4,76124293,256,10
3490549680,mqlp_4_16_4,76129290,256,10
3307889620,mqlp_4_16_8,76462901,256,10
3335668540,mqlp_4_16_8,76219903,256,10
3350436680,mqlp_4_16_8,76347555,256,10
3327190200,mqlp_4_16_8,76264559,256,10
3328995680,mqlp_4_16_8,76435839,256,10
3251675440,mqlp_4_16_16,77464954,256,10
3252921380,mqlp_4_16_16,76803109,256,10
3223086740,mqlp_4_16_16,76490844,256,10
3249323000,mqlp_4_16_16,76641581,256,10
3209671760,mqlp_4_16_16,76764221,256,10
3150956940,mqlp_4_16_32,77584986,256,10
3141253400,mqlp_4_16_32,77117384,256,10
3152856180,mqlp_4_16_32,76895700,256,10
3147278740,mqlp_4_16_32,77247828,256,10
3100232220,mqlp_4_16_32,77509122,256,10
3054095140,mqlp_4_16_64,80166725,256,10
3033307060,mqlp_4_16_64,79403319,256,10
3053105200,mqlp_4_16_64,79508160,256,10
3047235120,mqlp_4_16_64,78434070,256,10
3043173300,mqlp_4_16_64,78676238,256,10
2940302760,mqlp_4_16_128,79966297,256,10
2971381760,mqlp_4_16_128,80278504,256,10
2936983740,mqlp_4_16_128,79158549,256,10
2943871140,mqlp_4_16_128,79759788,256,10
2930234520,mqlp_4_16_128,79114362,256,10
2901042780,mqlp_4_16_256,81287409,256,10
2988399880,mqlp_4_16_256,82186168,256,10
2882477740,mqlp_4_16_256,80524885,256,10
2886099780,mqlp_4_16_256,81641983,256,10
2892997120,mqlp_4_16_256,80373074,256,10
2839814980,mqlp_4_16_512,81309635,256,10
2830473360,mqlp_4_16_512,81726302,256,10
2812443840,mqlp_4_16_512,81825151,256,10
2842068600,mqlp_4_16_512,82675170,256,10
2900951180,mqlp_4_16_512,84478299,256,10
2843303080,mqlp_4_16_1024,86231600,256,10
2847909020,mqlp_4_16_1024,84958578,256,10
3129127180,mqlp_4_16_1024,84082804,256,10
2863497160,mqlp_4_16_1024,83169115,256,10
2799157580,mqlp_4_16_1024,83512807,256,10
4094944740,mqlp_4_32_1,76011053,256,10
4053835980,mqlp_4_32_1,76190386,256,10
4102622200,mqlp_4_32_1,76032167,256,10
4060795180,mqlp_4_32_1,75957620,256,10
4060059280,mqlp_4_32_1,76185626,256,10
3672837140,mqlp_4_32_2,76079616,256,10
3682701180,mqlp_4_32_2,76150086,256,10
3683622540,mqlp_4_32_2,76217936,256,10
3659372300,mqlp_4_32_2,76096110,256,10
3679449880,mqlp_4_32_2,76264122,256,10
3455551300,mqlp_4_32_4,76197043,256,10
3467506860,mqlp_4_32_4,76232700,256,10
3414648720,mqlp_4_32_4,76439692,256,10
3461131160,mqlp_4_32_4,76700753,256,10
3475745820,mqlp_4_32_4,76406660,256,10
3265605780,mqlp_4_32_8,76292240,256,10
3316106300,mqlp_4_32_8,76753381,256,10
3309621580,mqlp_4_32_8,76636131,256,10
3304429620,mqlp_4_32_8,76426798,256,10
3298454840,mqlp_4_32_8,76415371,256,10
3172286640,mqlp_4_32_16,77078324,256,10
3203342460,mqlp_4_32_16,77127744,256,10
3193155300,mqlp_4_32_16,76691269,256,10
3201912180,mqlp_4_32_16,76772145,256,10
3363207300,mqlp_4_32_16,76935568,256,10
3105730900,mqlp_4_32_32,77468905,256,10
3094116700,mqlp_4_32_32,77035684,256,10
3100845740,mqlp_4_32_32,77269959,256,10
3135088560,mqlp_4_32_32,77766820,256,10
3108900860,mqlp_4_32_32,77296128,256,10
3040519900,mqlp_4_32_64,78755112,256,10
2989022900,mqlp_4_32_64,78138144,256,10
3008991200,mqlp_4_32_64,78514822,256,10
3010627540,mqlp_4_32_64,78059143,256,10
3065093240,mqlp_4_32_64,80351675,256,10
2971666020,mqlp_4_32_128,82610454,256,10
2886312680,mqlp_4_32_128,79326166,256,10
2886734980,mqlp_4_32_128,79489995,256,10
2984901120,mqlp_4_32_128,81321256,256,10
2921170120,mqlp_4_32_128,80573604,256,10
2818848840,mqlp_4_32_256,82075371,256,10
2926611780,mqlp_4_32_256,83635741,256,10
2891278320,mqlp_4_32_256,82166163,256,10
2934203720,mqlp_4_32_256,84622143,256,10
2837593980,mqlp_4_32_256,82508961,256,10
2837428420,mqlp_4_32_512,85205623,256,10
2828146460,mqlp_4_32_512,86429381,256,10
2797392020,mqlp_4_32_512,83582265,256,10
2818986360,mqlp_4_32_512,84739520,256,10
2807450980,mqlp_4_32_512,85150885,256,10
2751443040,mqlp_4_32_1024,86620914,256,10
2918850980,mqlp_4_32_1024,90170675,256,10
2799028760,mqlp_4_32_1024,87755192,256,10
3038531000,mqlp_4_32_1024,88659688,256,10
2757624020,mqlp_4_32_1024,85733820,256,10
4033243680,mqlp_4_64_1,76122671,256,10
4055802800,mqlp_4_64_1,76013272,256,10
3998307680,mqlp_4_64_1,76111085,256,10
4033228220,mqlp_4_64_1,76058781,256,10
4050070720,mqlp_4_64_1,76015220,256,10
3639707300,mqlp_4_64_2,76267519,256,10
3617986880,mqlp_4_64_2,76146455,256,10
3623314140,mqlp_4_64_2,76298875,256,10
3624263460,mqlp_4_64_2,76151259,256,10
3650209860,mqlp_4_64_2,76197685,256,10
3388655020,mqlp_4_64_4,76663121,256,10
3388291560,mqlp_4_64_4,76394220,256,10
3430653220,mqlp_4_64_4,76231909,256,10
3382407880,mqlp_4_64_4,76324841,256,10
3420372520,mqlp_4_64_4,76561675,256,10
3269535300,mqlp_4_64_8,76729245,256,10
3263284680,mqlp_4_64_8,76529065,256,10
3273978220,mqlp_4_64_8,76899655,256,10
3270285280,mqlp_4_64_8,76964413,256,10
3296471700,mqlp_4_64_8,76551802,256,10
3180681760,mqlp_4_64_16,76993584,256,10
3178514620,mqlp_4_64_16,76976538,256,10
3170418360,mqlp_4_64_16,76781542,256,10
3208101720,mqlp_4_64_16,77697303,256,10
3227360540,mqlp_4_64_16,77400305,256,10
3041024400,mqlp_4_64_32,77348833,256,10
3118326940,mqlp_4_64_32,78652068,256,10
3065963000,mqlp_4_64_32,77589020,256,10
3073032820,mqlp_4_64_32,77949421,256,10
3051198660,mqlp_4_64_32,77681151,256,10
2998149840,mqlp_4_64_64,78598382,256,10
3045281860,mqlp_4_64_64,79003725,256,10
3024760540,mqlp_4_64_64,78588660,256,10
2953057680,mqlp_4_64_64,78938859,256,10
2960048580,mqlp_4_64_64,78807339,256,10
2902883200,mqlp_4_64_128,81603557,256,10
2940636800,mqlp_4_64_128,81747167,256,10
2868124320,mqlp_4_64_128,80121781,256,10
2915286800,mqlp_4_64_128,84704303,256,10
2912440920,mqlp_4_64_128,81437365,256,10
2819927340,mqlp_4_64_256,83706583,256,10
2829046860,mqlp_4_64_256,83024200,256,10
2816862240,mqlp_4_64_256,84201874,256,10
2826130120,mqlp_4_64_256,82809038,256,10
2759496940,mqlp_4_64_256,82186957,256,10
2795993880,mqlp_4_64_512,87761160,256,10
2763846100,mqlp_4_64_512,85675661,256,10
2865320640,mqlp_4_64_512,90459039,256,10
2826214600,mqlp_4_64_512,86706335,256,10
2822271160,mqlp_4_64_512,90560404,256,10
2812438760,mqlp_4_64_1024,91915419,256,10
2706760380,mqlp_4_64_1024,89367894,256,10
2730922100,mqlp_4_64_1024,89535097,256,10
2769191760,mqlp_4_64_1024,91448392,256,10
2851073240,mqlp_4_64_1024,93746920,256,10
3948158360,mqlp_4_128_1,76175086,256,10
4000610500,mqlp_4_128_1,76477241,256,10
3925168460,mqlp_4_128_1,76165381,256,10
3955399100,mqlp_4_128_1,76451201,256,10
3937410320,mqlp_4_128_1,76467049,256,10
3609065120,mqlp_4_128_2,76226587,256,10
3639989440,mqlp_4_128_2,76315181,256,10
3608531720,mqlp_4_128_2,76625233,256,10
3624022260,mqlp_4_128_2,76327716,256,10
3627895800,mqlp_4_128_2,76334213,256,10
3397193120,mqlp_4_128_4,77195390,256,10
3357887640,mqlp_4_128_4,76428588,256,10
3349353120,mqlp_4_128_4,76362080,256,10
3367630620,mqlp_4_128_4,76740952,256,10
3370896520,mqlp_4_128_4,76327176,256,10
3258304480,mqlp_4_128_8,76657231,256,10
3226935400,mqlp_4_128_8,76667055,256,10
3220120120,mqlp_4_128_8,76620672,256,10
3268769160,mqlp_4_128_8,76561669,256,10
3248075140,mqlp_4_128_8,76604986,256,10
3114089600,mqlp_4_128_16,77068493,256,10
3163449900,mqlp_4_128_16,76791243,256,10
3159229640,mqlp_4_128_16,77140026,256,10
3161774520,mqlp_4_128_16,76785069,256,10
3253961920,mqlp_4_128_16,80003748,256,10
3123593740,mqlp_4_128_32,78278776,256,10
3094876840,mqlp_4_128_32,77802990,256,10
3051378940,mqlp_4_128_32,77482786,256,10
3085837020,mqlp_4_128_32,77582648,256,10
3095364960,mqlp_4_128_32,78675119,256,10
3437854840,mqlp_4_128_64,96356333,256,10
2978209620,mqlp_4_128_64,78539793,256,10
3016754840,mqlp_4_128_64,79071153,256,10
2940445340,mqlp_4_128_64,78370638,256,10
3007400580,mqlp_4_128_64,79120243,256,10
2912807860,mqlp_4_128_128,80901175,256,10
2884858280,mqlp_4_128_128,80552614,256,10
2869187860,mqlp_4_128_128,79950891,256,10
2957605900,mqlp_4_128_128,81941272,256,10
2861240760,mqlp_4_128_128,80295636,256,10
2982814780,mqlp_4_128_256,93483318,256,10
3024137120,mqlp_4_128_256,87885940,256,10
2941402240,mqlp_4_128_256,89093963,256,10
2781135800,mqlp_4_128_256,82918048,256,10
2804088860,mqlp_4_128_256,83707040,256,10
2760899600,mqlp_4_128_512,91948360,256,10
2792095000,mqlp_4_128_512,93070392,256,10
2821902100,mqlp_4_128_512,91834456,256,10
2805982280,mqlp_4_128_512,92550677,256,10
2774086800,mqlp_4_128_512,92266727,256,10
2960635440,mqlp_4_128_1024,102612475,256,10
2848091240,mqlp_4_128_1024,96529644,256,10
2847584640,mqlp_4_128_1024,96947706,256,10
2857579540,mqlp_4_128_1024,96864593,256,10
2706171900,mqlp_4_128_1024,94114600,256,10
3920569600,mqlp_4_256_1,76313332,256,10
3931685980,mqlp_4_256_1,76433767,256,10
3921625300,mqlp_4_256_1,76347748,256,10
3904342020,mqlp_4_256_1,76333601,256,10
3899792620,mqlp_4_256_1,76359095,256,10
3572451620,mqlp_4_256_2,76383510,256,10
3572192220,mqlp_4_256_2,76571957,256,10
3563258280,mqlp_4_256_2,76376327,256,10
3620180420,mqlp_4_256_2,77831842,256,10
3557008280,mqlp_4_256_2,76608938,256,10
3338773360,mqlp_4_256_4,76816711,256,10
3338760240,mqlp_4_256_4,76509161,256,10
3346478400,mqlp_4_256_4,76625987,256,10
3335657060,mqlp_4_256_4,76474505,256,10
3518835380,mqlp_4_256_4,76435028,256,10
3247016980,mqlp_4_256_8,77907258,256,10
3182600280,mqlp_4_256_8,76635944,256,10
3270485860,mqlp_4_256_8,77241207,256,10
3207046220,mqlp_4_256_8,76752170,256,10
3259932080,mqlp_4_256_8,77985687,256,10
3100092560,mqlp_4_256_16,77248987,256,10
3129397860,mqlp_4_256_16,77642800,256,10
3168614980,mqlp_4_256_16,77842735,256,10
3092839000,mqlp_4_256_16,76984740,256,10
3103122220,mqlp_4_256_16,77054211,256,10
3049862080,mqlp_4_256_32,78311430,256,10
3072623840,mqlp_4_256_32,78651869,256,10
3088335340,mqlp_4_256_32,78331705,256,10
3298780980,mqlp_4_256_32,77934868,256,10
3057922680,mqlp_4_256_32,77863092,256,10
2978637780,mqlp_4_256_64,79713590,256,10
2952674160,mqlp_4_256_64,78762980,256,10
3024019260,mqlp_4_256_64,81055262,256,10
2971945220,mqlp_4_256_64,79723099,256,10
2952455500,mqlp_4_256_64,78896304,256,10
2846592160,mqlp_4_256_128,80563386,256,10
2923599820,mqlp_4_256_128,80352962,256,10
2962871160,mqlp_4_256_128,82896850,256,10
2898730300,mqlp_4_256_128,81458078,256,10
2944045820,mqlp_4_256_128,85097940,256,10
2739167560,mqlp_4_256_256,84219709,256,10
2779936440,mqlp_4_256_256,86380266,256,10
3319275020,mqlp_4_256_256,83939296,256,10
2832913200,mqlp_4_256_256,89341473,256,10
2760416940,mqlp_4_256_256,88084197,256,10
2713185400,mqlp_4_256_512,92013383,256,10
2775813020,mqlp_4_256_512,91750517,256,10
2719707240,mqlp_4_256_512,91678318,256,10
2943161540,mqlp_4_256_512,98701271,256,10
2852017160,mqlp_4_256_512,97954518,256,10
2812032440,mqlp_4_256_1024,98654016,256,10
2765820420,mqlp_4_256_1024,98505778,256,10
2866361060,mqlp_4_256_1024,100304119,256,10
2773499000,mqlp_4_256_1024,97378129,256,10
3143557500,mqlp_4_256_1024,111053108,256,10
3861937120,mqlp_4_512_1,76628327,256,10
3866502820,mqlp_4_512_1,76826029,256,10
3914229560,mqlp_4_512_1,76653425,256,10
3858342280,mqlp_4_512_1,76807427,256,10
3880705600,mqlp_4_512_1,76789898,256,10
3497895960,mqlp_4_512_2,76888976,256,10
3504783640,mqlp_4_512_2,77133287,256,10
3521528580,mqlp_4_512_2,76990469,256,10
3478965140,mqlp_4_512_2,76691660,256,10
3489727460,mqlp_4_512_2,76795822,256,10
3285858560,mqlp_4_512_4,77211394,256,10
3293276440,mqlp_4_512_4,77587299,256,10
3268236240,mqlp_4_512_4,77250225,256,10
3277860300,mqlp_4_512_4,78336945,256,10
3256537260,mqlp_4_512_4,77211149,256,10
3505096140,mqlp_4_512_8,77432355,256,10
3146125080,mqlp_4_512_8,77539194,256,10
3147251660,mqlp_4_512_8,77547008,256,10
3145757320,mqlp_4_512_8,77473007,256,10
3139591400,mqlp_4_512_8,77263398,256,10
3077909980,mqlp_4_512_16,77611800,256,10
3083810020,mqlp_4_512_16,77687477,256,10
3123607420,mqlp_4_512_16,78412235,256,10
3105957560,mqlp_4_512_16,78126748,256,10
3066753620,mqlp_4_512_16,78819878,256,10
2962300700,mqlp_4_512_32,78171542,256,10
3029650380,mqlp_4_512_32,78629108,256,10
3062468540,mqlp_4_512_32,81255446,256,10
3015458280,mqlp_4_512_32,78757151,256,10
3005212540,mqlp_4_512_32,78288455,256,10
2911269820,mqlp_4_512_64,79450975,256,10
2890740580,mqlp_4_512_64,79592310,256,10
2912156000,mqlp_4_512_64,79213193,256,10
2892629320,mqlp_4_512_64,79259880,256,10
2944961800,mqlp_4_512_64,80255053,256,10
2805504280,mqlp_4_512_128,80997186,256,10
2812897540,mqlp_4_512_128,80531347,256,10
2885783580,mqlp_4_512_128,83274048,256,10
2795819800,mqlp_4_512_128,80677416,256,10
2881796860,mqlp_4_512_128,82987298,256,10
2731149800,mqlp_4_512_256,87251059,256,10
2717940380,mqlp_4_512_256,89864549,256,10
2753165880,mqlp_4_512_256,87563904,256,10
2651326680,mqlp_4_512_256,84074413,256,10
3142172680,mqlp_4_512_256,85496023,256,10
2608170840,mqlp_4_512_512,90039102,256,10
2696595220,mqlp_4_512_512,93584246,256,10
2839829340,mqlp_4_512_512,96646030,256,10
2850413940,mqlp_4_512_512,95152904,256,10
2693997740,mqlp_4_512_512,93145375,256,10
3085989140,mqlp_4_512_1024,111491992,256,10
2695296740,mqlp_4_512_1024,99591462,256,10
2719551260,mqlp_4_512_1024,100735956,256,10
2802650220,mqlp_4_512_1024,103495688,256,10
2812719260,mqlp_4_512_1024,102280405,256,10
3791875780,mqlp_4_1024_1,77378356,256,10
3718594900,mqlp_4_1024_1,77515075,256,10
3846396960,mqlp_4_1024_1,77526636,256,10
4003827780,mqlp_4_1024_1,77335878,256,10
3863062080,mqlp_4_1024_1,77398963,256,10
3382381120,mqlp_4_1024_2,77412085,256,10
3451222980,mqlp_4_1024_2,77848046,256,10
3379189680,mqlp_4_1024_2,77374046,256,10
3415325960,mqlp_4_1024_2,77627669,256,10
3365240120,mqlp_4_1024_2,77554361,256,10
3228541620,mqlp_4_1024_4,77815836,256,10
3218974400,mqlp_4_1024_4,77838303,256,10
3155574600,mqlp_4_1024_4,77915029,256,10
3217811920,mqlp_4_1024_4,77767179,256,10
3173729100,mqlp_4_1024_4,77929319,256,10
3095237140,mqlp_4_1024_8,78174857,256,10
3109831320,mqlp_4_1024_8,78170437,256,10
3521884160,mqlp_4_1024_8,78115079,256,10
3025487440,mqlp_4_1024_8,77948538,256,10
3073629320,mqlp_4_1024_8,78593177,256,10
3009644660,mqlp_4_1024_16,78992400,256,10
3031091640,mqlp_4_1024_16,78679261,256,10
2991740180,mqlp_4_1024_16,79102908,256,10
2925000860,mqlp_4_1024_16,78268455,256,10
2982860460,mqlp_4_1024_16,78281861,256,10
2966810740,mqlp_4_1024_32,78924384,256,10
2905595620,mqlp_4_1024_32,79023659,256,10
2909443380,mqlp_4_1024_32,78676427,256,10
2979175040,mqlp_4_1024_32,79933014,256,10
2953745600,mqlp_4_1024_32,78980563,256,10
2866074480,mqlp_4_1024_64,80730718,256,10
3226045180,mqlp_4_1024_64,79973255,256,10
2823408780,mqlp_4_1024_64,79901984,256,10
2725083920,mqlp_4_1024_64,80589075,256,10
2774113800,mqlp_4_1024_64,80313404,256,10
2731919200,mqlp_4_1024_128,82683822,256,10
2812987520,mqlp_4_1024_128,85844121,256,10
2664987960,mqlp_4_1024_128,81921469,256,10
2806592880,mqlp_4_1024_128,86442251,256,10
2721483860,mqlp_4_1024_128,82252560,256,10
2579233260,mqlp_4_1024_256,84870365,256,10
2693168620,mqlp_4_1024_256,88044273,256,10
2649305040,mqlp_4_1024_256,85922126,256,10
2637600260,mqlp_4_1024_256,85594211,256,10
2590783440,mqlp_4_1024_256,83706197,256,10
2537930640,mqlp_4_1024_512,94477705,256,10
3076673140,mqlp_4_1024_512,90335153,256,10
2611545360,mqlp_4_1024_512,90118356,256,10
2856484620,mqlp_4_1024_512,100369989,256,10
2486324780,mqlp_4_1024_512,89025744,256,10
2628173820,mqlp_4_1024_1024,102754427,256,10
2701447200,mqlp_4_1024_1024,100452129,256,10
2669009040,mqlp_4_1024_1024,103597236,256,10
2665878260,mqlp_4_1024_1024,102535447,256,10
2735612000,mqlp_4_1024_1024,103274486,256,10
