952235334,mqpl_4_1_1,24235583,128
950520164,mqpl_4_1_1,24237712,128
949695766,mqpl_4_1_1,24235218,128
981475298,mqpl_4_1_1,24237186,128
965152806,mqpl_4_1_1,24234520,128
721397264,mqpl_4_1_2,24384257,128
717846686,mqpl_4_1_2,24384298,128
715914334,mqpl_4_1_2,24387133,128
728487490,mqpl_4_1_2,24388296,128
725558656,mqpl_4_1_2,24389370,128
607471356,mqpl_4_1_4,24706058,128
604476308,mqpl_4_1_4,24695532,128
606165976,mqpl_4_1_4,24696592,128
607157672,mqpl_4_1_4,24698859,128
612080536,mqpl_4_1_4,24698540,128
557092172,mqpl_4_1_8,25341852,128
556254898,mqpl_4_1_8,25332750,128
558510804,mqpl_4_1_8,25343183,128
561601852,mqpl_4_1_8,25339623,128
561690174,mqpl_4_1_8,25331691,128
555355570,mqpl_4_1_16,26561645,128
556178216,mqpl_4_1_16,26551264,128
552145542,mqpl_4_1_16,26562955,128
550855996,mqpl_4_1_16,26547974,128
555830794,mqpl_4_1_16,26550391,128
571657752,mqpl_4_1_32,28280292,128
576462860,mqpl_4_1_32,28246524,128
568559988,mqpl_4_1_32,28274111,128
572502972,mqpl_4_1_32,28240822,128
570919968,mqpl_4_1_32,28273135,128
597370008,mqpl_4_1_64,29639412,128
594239866,mqpl_4_1_64,29560017,128
590791518,mqpl_4_1_64,29673242,128
589624228,mqpl_4_1_64,29508746,128
591695110,mqpl_4_1_64,29551223,128
603154784,mqpl_4_1_128,29936452,128
597133544,mqpl_4_1_128,29793365,128
598296594,mqpl_4_1_128,29738261,128
597185170,mqpl_4_1_128,30009844,128
592816520,mqpl_4_1_128,29847138,128
597261180,mqpl_4_1_256,29788926,128
598141592,mqpl_4_1_256,29892290,128
592387290,mqpl_4_1_256,29777744,128
590368298,mqpl_4_1_256,29670565,128
595702550,mqpl_4_1_256,29809438,128
603541846,mqpl_4_1_512,29800812,128
596919570,mqpl_4_1_512,29888674,128
595948638,mqpl_4_1_512,29733581,128
593969454,mqpl_4_1_512,29863722,128
595788498,mqpl_4_1_512,29752529,128
600772574,mqpl_4_1_1024,29802482,128
599653978,mqpl_4_1_1024,29924183,128
596953730,mqpl_4_1_1024,29723435,128
597080390,mqpl_4_1_1024,29879249,128
603084698,mqpl_4_1_1024,30012500,128
950261348,mqpl_4_2_1,24376554,128
951924786,mqpl_4_2_1,24377970,128
942805512,mqpl_4_2_1,24376070,128
953643592,mqpl_4_2_1,24380523,128
941883844,mqpl_4_2_1,24374769,128
691892086,mqpl_4_2_2,24507141,128
703055936,mqpl_4_2_2,24508577,128
711955074,mqpl_4_2_2,24515741,128
706573978,mqpl_4_2_2,24512724,128
705006344,mqpl_4_2_2,24512806,128
574622846,mqpl_4_2_4,24760794,128
573868136,mqpl_4_2_4,24769763,128
574215820,mqpl_4_2_4,24764181,128
580995510,mqpl_4_2_4,24762931,128
574938160,mqpl_4_2_4,24770196,128
516124396,mqpl_4_2_8,25227630,128
516986198,mqpl_4_2_8,25212709,128
513900638,mqpl_4_2_8,25218090,128
513100730,mqpl_4_2_8,25215422,128
514934434,mqpl_4_2_8,25204822,128
496257020,mqpl_4_2_16,26014746,128
493392172,mqpl_4_2_16,26017910,128
496645416,mqpl_4_2_16,26048287,128
492464906,mqpl_4_2_16,26016080,128
497200208,mqpl_4_2_16,25998359,128
495942722,mqpl_4_2_32,27065751,128
501927164,mqpl_4_2_32,27114871,128
499141730,mqpl_4_2_32,27098393,128
499784826,mqpl_4_2_32,27098722,128
496183812,mqpl_4_2_32,27110297,128
508648062,mqpl_4_2_64,27888956,128
505349908,mqpl_4_2_64,27919979,128
506288322,mqpl_4_2_64,27881608,128
513374434,mqpl_4_2_64,27976543,128
502285674,mqpl_4_2_64,27894167,128
509020544,mqpl_4_2_128,28009147,128
504748398,mqpl_4_2_128,28038276,128
504678676,mqpl_4_2_128,27996131,128
504120194,mqpl_4_2_128,28023852,128
509289864,mqpl_4_2_128,28013915,128
510375496,mqpl_4_2_256,28023275,128
504632734,mqpl_4_2_256,27889986,128
510178980,mqpl_4_2_256,27940054,128
512339062,mqpl_4_2_256,28018515,128
507137728,mqpl_4_2_256,27982351,128
508187030,mqpl_4_2_512,28018237,128
509374788,mqpl_4_2_512,27989255,128
510880960,mqpl_4_2_512,27949337,128
512749760,mqpl_4_2_512,28014749,128
512814880,mqpl_4_2_512,27983926,128
509816030,mqpl_4_2_1024,27983893,128
507045702,mqpl_4_2_1024,27965239,128
512624588,mqpl_4_2_1024,27977688,128
506567212,mqpl_4_2_1024,27931325,128
513484036,mqpl_4_2_1024,28031252,128
936257168,mqpl_4_4_1,24464738,128
953499274,mqpl_4_4_1,24467167,128
939051246,mqpl_4_4_1,24470079,128
956725304,mqpl_4_4_1,24468103,128
950809558,mqpl_4_4_1,24468342,128
695814868,mqpl_4_4_2,24583024,128
696509806,mqpl_4_4_2,24582513,128
695303652,mqpl_4_4_2,24581176,128
691924294,mqpl_4_4_2,24583653,128
699253502,mqpl_4_4_2,24583340,128
565034066,mqpl_4_4_4,24802140,128
567651346,mqpl_4_4_4,24809048,128
564966808,mqpl_4_4_4,24795170,128
561148450,mqpl_4_4_4,24812345,128
561858404,mqpl_4_4_4,24801997,128
493588486,mqpl_4_4_8,25167337,128
498500684,mqpl_4_4_8,25159580,128
496512782,mqpl_4_4_8,25162500,128
499976358,mqpl_4_4_8,25177775,128
498750864,mqpl_4_4_8,25181030,128
462168914,mqpl_4_4_16,25733525,128
462881792,mqpl_4_4_16,25730391,128
468467724,mqpl_4_4_16,25741644,128
468970100,mqpl_4_4_16,25710554,128
466210270,mqpl_4_4_16,25738478,128
450560750,mqpl_4_4_32,26445303,128
450632356,mqpl_4_4_32,26416305,128
450857786,mqpl_4_4_32,26438317,128
452400480,mqpl_4_4_32,26419764,128
456178876,mqpl_4_4_32,26445255,128
454431090,mqpl_4_4_64,26928628,128
455466260,mqpl_4_4_64,26895138,128
456034596,mqpl_4_4_64,26917594,128
456710018,mqpl_4_4_64,26915971,128
452438226,mqpl_4_4_64,26906325,128
456617510,mqpl_4_4_128,26933209,128
453837428,mqpl_4_4_128,26996646,128
452344278,mqpl_4_4_128,26937703,128
453754354,mqpl_4_4_128,26952904,128
453674560,mqpl_4_4_128,27009536,128
452943832,mqpl_4_4_256,26972789,128
452545638,mqpl_4_4_256,26942002,128
452446276,mqpl_4_4_256,26986445,128
452292084,mqpl_4_4_256,26940885,128
450657700,mqpl_4_4_256,26936147,128
454046822,mqpl_4_4_512,26971110,128
451938048,mqpl_4_4_512,26908375,128
453538824,mqpl_4_4_512,26935476,128
453932442,mqpl_4_4_512,26956194,128
469990066,mqpl_4_4_512,26931978,128
451317434,mqpl_4_4_1024,26899584,128
452177092,mqpl_4_4_1024,26993880,128
458393358,mqpl_4_4_1024,26921560,128
454771342,mqpl_4_4_1024,26951724,128
452778370,mqpl_4_4_1024,26944489,128
946907510,mqpl_4_8_1,24504588,128
942096308,mqpl_4_8_1,24508668,128
946581620,mqpl_4_8_1,24505072,128
956832142,mqpl_4_8_1,24509596,128
948107776,mqpl_4_8_1,24504680,128
688966968,mqpl_4_8_2,24610944,128
703793342,mqpl_4_8_2,24617807,128
690148630,mqpl_4_8_2,24619444,128
699952438,mqpl_4_8_2,24618114,128
701002992,mqpl_4_8_2,24615188,128
558180536,mqpl_4_8_4,24812304,128
565384548,mqpl_4_8_4,24809595,128
569026358,mqpl_4_8_4,24816841,128
558605150,mqpl_4_8_4,24820030,128
563208260,mqpl_4_8_4,24823882,128
486561764,mqpl_4_8_8,25130927,128
485609816,mqpl_4_8_8,25135022,128
486126736,mqpl_4_8_8,25153282,128
485006850,mqpl_4_8_8,25142814,128
491198436,mqpl_4_8_8,25143383,128
452599598,mqpl_4_8_16,25595647,128
452905248,mqpl_4_8_16,25591114,128
454548654,mqpl_4_8_16,25569486,128
452020472,mqpl_4_8_16,25590440,128
448627550,mqpl_4_8_16,25583576,128
444373410,mqpl_4_8_32,26084917,128
438872508,mqpl_4_8_32,26089113,128
444394496,mqpl_4_8_32,26084816,128
476898216,mqpl_4_8_32,26055935,128
442101992,mqpl_4_8_32,26092641,128
438972096,mqpl_4_8_64,26352033,128
435522576,mqpl_4_8_64,26344748,128
437735410,mqpl_4_8_64,26347175,128
434879894,mqpl_4_8_64,26353623,128
434576746,mqpl_4_8_64,26352292,128
426207240,mqpl_4_8_128,26391553,128
426924802,mqpl_4_8_128,26364317,128
425194190,mqpl_4_8_128,26352912,128
423912532,mqpl_4_8_128,26373891,128
423195790,mqpl_4_8_128,26340092,128
423366048,mqpl_4_8_256,26384853,128
426854756,mqpl_4_8_256,26333540,128
427118616,mqpl_4_8_256,26336150,128
427728136,mqpl_4_8_256,26336091,128
430598400,mqpl_4_8_256,26368540,128
425765488,mqpl_4_8_512,26344469,128
425748162,mqpl_4_8_512,26328871,128
422318634,mqpl_4_8_512,26344180,128
427794454,mqpl_4_8_512,26364529,128
427684276,mqpl_4_8_512,26341113,128
431638012,mqpl_4_8_1024,26323564,128
429195650,mqpl_4_8_1024,26340070,128
429463740,mqpl_4_8_1024,26323506,128
431586254,mqpl_4_8_1024,26358133,128
433205986,mqpl_4_8_1024,26323198,128
976779104,mqpl_4_16_1,24526616,128
983932020,mqpl_4_16_1,24526707,128
961017074,mqpl_4_16_1,24525151,128
960953534,mqpl_4_16_1,24523288,128
984907770,mqpl_4_16_1,24530015,128
707471504,mqpl_4_16_2,24627060,128
700712532,mqpl_4_16_2,24636976,128
701867336,mqpl_4_16_2,24624250,128
698910018,mqpl_4_16_2,24629286,128
708603606,mqpl_4_16_2,24619174,128
569414934,mqpl_4_16_4,24829800,128
563193424,mqpl_4_16_4,24807315,128
559337774,mqpl_4_16_4,24806754,128
558641344,mqpl_4_16_4,24797792,128
560670514,mqpl_4_16_4,24821608,128
484730316,mqpl_4_16_8,25112372,128
496053794,mqpl_4_16_8,25116636,128
484218514,mqpl_4_16_8,25112463,128
484993680,mqpl_4_16_8,25110601,128
486912800,mqpl_4_16_8,25111513,128
446715652,mqpl_4_16_16,25542858,128
451379030,mqpl_4_16_16,25516458,128
451257890,mqpl_4_16_16,25518576,128
449296222,mqpl_4_16_16,25501161,128
448632076,mqpl_4_16_16,25515027,128
427695528,mqpl_4_16_32,25909828,128
433706114,mqpl_4_16_32,25911767,128
430526264,mqpl_4_16_32,25921460,128
428966634,mqpl_4_16_32,25934477,128
426563334,mqpl_4_16_32,25923187,128
427189628,mqpl_4_16_64,26076514,128
426084726,mqpl_4_16_64,26088000,128
425536336,mqpl_4_16_64,26120180,128
430346342,mqpl_4_16_64,26106130,128
431050456,mqpl_4_16_64,26126755,128
429049092,mqpl_4_16_128,26091803,128
426140516,mqpl_4_16_128,26027810,128
427290746,mqpl_4_16_128,26080313,128
421567796,mqpl_4_16_128,26058308,128
425804854,mqpl_4_16_128,26093744,128
427871894,mqpl_4_16_256,26059937,128
428283824,mqpl_4_16_256,26058955,128
421865938,mqpl_4_16_256,26061466,128
428158620,mqpl_4_16_256,26101628,128
424000704,mqpl_4_16_256,26036129,128
410951224,mqpl_4_16_512,26082582,128
415270276,mqpl_4_16_512,26058488,128
412794232,mqpl_4_16_512,26050936,128
416358080,mqpl_4_16_512,26081386,128
414202334,mqpl_4_16_512,26050484,128
413219594,mqpl_4_16_1024,26038181,128
412115780,mqpl_4_16_1024,26053350,128
409760578,mqpl_4_16_1024,26049085,128
411377476,mqpl_4_16_1024,26074840,128
413505048,mqpl_4_16_1024,26043239,128
991727622,mqpl_4_32_1,24536760,128
962494228,mqpl_4_32_1,24533863,128
971277724,mqpl_4_32_1,24529572,128
965668298,mqpl_4_32_1,24532943,128
990586928,mqpl_4_32_1,24531194,128
703172940,mqpl_4_32_2,24632624,128
714261504,mqpl_4_32_2,24634706,128
708784306,mqpl_4_32_2,24635109,128
702066344,mqpl_4_32_2,24635315,128
698812210,mqpl_4_32_2,24625173,128
567331132,mqpl_4_32_4,24802299,128
570370156,mqpl_4_32_4,24804726,128
564421198,mqpl_4_32_4,24812402,128
564874494,mqpl_4_32_4,24816364,128
561914674,mqpl_4_32_4,24804102,128
489941384,mqpl_4_32_8,25099004,128
489369556,mqpl_4_32_8,25097758,128
485644898,mqpl_4_32_8,25111431,128
489796324,mqpl_4_32_8,25110969,128
483850554,mqpl_4_32_8,25088244,128
437169616,mqpl_4_32_16,25468878,128
434133120,mqpl_4_32_16,25493149,128
432476070,mqpl_4_32_16,25474055,128
439516148,mqpl_4_32_16,25489397,128
437272360,mqpl_4_32_16,25484894,128
416636838,mqpl_4_32_32,25844319,128
419173946,mqpl_4_32_32,25874404,128
419987784,mqpl_4_32_32,25853548,128
417646506,mqpl_4_32_32,25850507,128
416510594,mqpl_4_32_32,25862588,128
408828548,mqpl_4_32_64,25974930,128
409251428,mqpl_4_32_64,26000582,128
407246300,mqpl_4_32_64,26003175,128
412733180,mqpl_4_32_64,26010087,128
407912344,mqpl_4_32_64,25993205,128
424535628,mqpl_4_32_128,25948056,128
418083190,mqpl_4_32_128,25968207,128
419521138,mqpl_4_32_128,25972373,128
418309336,mqpl_4_32_128,25935105,128
420699456,mqpl_4_32_128,25968854,128
406104704,mqpl_4_32_256,25942870,128
405761358,mqpl_4_32_256,25950171,128
406496004,mqpl_4_32_256,25957783,128
406417222,mqpl_4_32_256,25947576,128
404821504,mqpl_4_32_256,25944484,128
417161238,mqpl_4_32_512,25951327,128
415324890,mqpl_4_32_512,25955891,128
413578518,mqpl_4_32_512,25965346,128
418435414,mqpl_4_32_512,25949678,128
416048680,mqpl_4_32_512,25966114,128
417843060,mqpl_4_32_1024,25946507,128
417192628,mqpl_4_32_1024,25957185,128
419992256,mqpl_4_32_1024,25976488,128
415480640,mqpl_4_32_1024,25966585,128
420182018,mqpl_4_32_1024,25986348,128
1061437322,mqpl_4_64_1,24545463,128
1009366928,mqpl_4_64_1,24538353,128
1020685094,mqpl_4_64_1,24542266,128
994824990,mqpl_4_64_1,24540737,128
967445448,mqpl_4_64_1,24530921,128
707550846,mqpl_4_64_2,24626430,128
701745028,mqpl_4_64_2,24624664,128
702969684,mqpl_4_64_2,24625460,128
723529576,mqpl_4_64_2,24623475,128
703633998,mqpl_4_64_2,24629632,128
572420320,mqpl_4_64_4,24803647,128
566715078,mqpl_4_64_4,24803220,128
561760716,mqpl_4_64_4,24806085,128
561838502,mqpl_4_64_4,24798026,128
561912268,mqpl_4_64_4,24817163,128
477690332,mqpl_4_64_8,25108746,128
483862178,mqpl_4_64_8,25099892,128
477979364,mqpl_4_64_8,25083884,128
477145114,mqpl_4_64_8,25089245,128
481863374,mqpl_4_64_8,25097929,128
435893028,mqpl_4_64_16,25449942,128
434150532,mqpl_4_64_16,25453002,128
436736678,mqpl_4_64_16,25451636,128
433264944,mqpl_4_64_16,25460324,128
439957828,mqpl_4_64_16,25467787,128
415440168,mqpl_4_64_32,25831221,128
415528894,mqpl_4_64_32,25805821,128
417906002,mqpl_4_64_32,25809355,128
415960394,mqpl_4_64_32,25817254,128
419462594,mqpl_4_64_32,25811659,128
408085052,mqpl_4_64_64,25920599,128
405789086,mqpl_4_64_64,25947584,128
467126052,mqpl_4_64_64,25948669,128
407906858,mqpl_4_64_64,25949756,128
411291552,mqpl_4_64_64,25999399,128
419043294,mqpl_4_64_128,25934316,128
416505752,mqpl_4_64_128,25938067,128
415274544,mqpl_4_64_128,25921154,128
417165892,mqpl_4_64_128,25920908,128
417460028,mqpl_4_64_128,25876528,128
414803668,mqpl_4_64_256,25910894,128
414484062,mqpl_4_64_256,25949519,128
423388410,mqpl_4_64_256,25907988,128
416410948,mqpl_4_64_256,25885114,128
412886736,mqpl_4_64_256,25906945,128
405509190,mqpl_4_64_512,25935224,128
409008844,mqpl_4_64_512,25911197,128
404599402,mqpl_4_64_512,25889082,128
406927204,mqpl_4_64_512,25878211,128
407028168,mqpl_4_64_512,25917263,128
404594762,mqpl_4_64_1024,25902259,128
403794556,mqpl_4_64_1024,25923666,128
406946440,mqpl_4_64_1024,25897011,128
409130414,mqpl_4_64_1024,25930432,128
404592678,mqpl_4_64_1024,25903141,128
1007047652,mqpl_4_128_1,24540154,128
1051762172,mqpl_4_128_1,24544893,128
996663058,mqpl_4_128_1,24536496,128
977299098,mqpl_4_128_1,24531826,128
986813338,mqpl_4_128_1,24534793,128
702681992,mqpl_4_128_2,24630172,128
718936740,mqpl_4_128_2,24626848,128
707054606,mqpl_4_128_2,24625641,128
710929950,mqpl_4_128_2,24625182,128
714041694,mqpl_4_128_2,24624747,128
567125302,mqpl_4_128_4,24808937,128
562412732,mqpl_4_128_4,24799446,128
559574674,mqpl_4_128_4,24813631,128
569493004,mqpl_4_128_4,24810888,128
567583578,mqpl_4_128_4,24806977,128
477483596,mqpl_4_128_8,25080574,128
475759084,mqpl_4_128_8,25093670,128
475180604,mqpl_4_128_8,25098238,128
477700436,mqpl_4_128_8,25101372,128
480304396,mqpl_4_128_8,25092469,128
431411328,mqpl_4_128_16,25453525,128
435505724,mqpl_4_128_16,25460488,128
436268208,mqpl_4_128_16,25430509,128
432243940,mqpl_4_128_16,25468325,128
437769440,mqpl_4_128_16,25463709,128
427836712,mqpl_4_128_32,25818852,128
425436268,mqpl_4_128_32,25818928,128
426557284,mqpl_4_128_32,25838265,128
428665222,mqpl_4_128_32,25832824,128
429278676,mqpl_4_128_32,25829271,128
404252402,mqpl_4_128_64,25900981,128
408063376,mqpl_4_128_64,25957258,128
409168392,mqpl_4_128_64,25888363,128
405938282,mqpl_4_128_64,25923872,128
407288504,mqpl_4_128_64,25918867,128
401175558,mqpl_4_128_128,25859749,128
402964724,mqpl_4_128_128,25905246,128
402275122,mqpl_4_128_128,25895151,128
405219790,mqpl_4_128_128,25871434,128
403005952,mqpl_4_128_128,25910132,128
421292684,mqpl_4_128_256,25910512,128
416037622,mqpl_4_128_256,25880651,128
413781642,mqpl_4_128_256,25886516,128
416825788,mqpl_4_128_256,25890980,128
418804260,mqpl_4_128_256,25915020,128
421820568,mqpl_4_128_512,25918867,128
418181308,mqpl_4_128_512,25941031,128
415941752,mqpl_4_128_512,25891068,128
418390534,mqpl_4_128_512,25911057,128
419836810,mqpl_4_128_512,25893256,128
402247916,mqpl_4_128_1024,25887628,128
407228982,mqpl_4_128_1024,25895595,128
406238426,mqpl_4_128_1024,25918276,128
405739172,mqpl_4_128_1024,25873944,128
400894226,mqpl_4_128_1024,25894061,128
1001195230,mqpl_4_256_1,24542191,128
965911144,mqpl_4_256_1,24532254,128
1006896986,mqpl_4_256_1,24537765,128
995457386,mqpl_4_256_1,24537536,128
981848468,mqpl_4_256_1,24536023,128
701139256,mqpl_4_256_2,24628806,128
717274102,mqpl_4_256_2,24636877,128
703787754,mqpl_4_256_2,24637590,128
714453088,mqpl_4_256_2,24628692,128
703540350,mqpl_4_256_2,24620916,128
561585526,mqpl_4_256_4,24803375,128
567854014,mqpl_4_256_4,24802940,128
562215262,mqpl_4_256_4,24795312,128
567529808,mqpl_4_256_4,24804362,128
558887506,mqpl_4_256_4,24802033,128
480943568,mqpl_4_256_8,25076773,128
475783028,mqpl_4_256_8,25093539,128
475206996,mqpl_4_256_8,25096151,128
473685360,mqpl_4_256_8,25085686,128
476018380,mqpl_4_256_8,25089661,128
434192454,mqpl_4_256_16,25444315,128
435973722,mqpl_4_256_16,25445807,128
435835892,mqpl_4_256_16,25443127,128
438560324,mqpl_4_256_16,25458076,128
436535672,mqpl_4_256_16,25465266,128
416427104,mqpl_4_256_32,25827844,128
414412522,mqpl_4_256_32,25807093,128
411639972,mqpl_4_256_32,25792148,128
418915548,mqpl_4_256_32,25798516,128
413897298,mqpl_4_256_32,25802623,128
416815316,mqpl_4_256_64,25953318,128
418453400,mqpl_4_256_64,25945169,128
417558916,mqpl_4_256_64,25938465,128
421518226,mqpl_4_256_64,25928559,128
421094082,mqpl_4_256_64,25946759,128
414751068,mqpl_4_256_128,25873005,128
417957292,mqpl_4_256_128,25909891,128
419878646,mqpl_4_256_128,25889528,128
417635246,mqpl_4_256_128,25894971,128
420403966,mqpl_4_256_128,25909130,128
399149764,mqpl_4_256_256,25877928,128
402367440,mqpl_4_256_256,25894760,128
404151886,mqpl_4_256_256,25875802,128
400570278,mqpl_4_256_256,25881377,128
406557202,mqpl_4_256_256,25901725,128
418912612,mqpl_4_256_512,25893146,128
416903830,mqpl_4_256_512,25927384,128
421376064,mqpl_4_256_512,25907774,128
417650302,mqpl_4_256_512,25886016,128
416572466,mqpl_4_256_512,25921815,128
400834032,mqpl_4_256_1024,25891242,128
402434372,mqpl_4_256_1024,25866675,128
404030024,mqpl_4_256_1024,25882960,128
401130930,mqpl_4_256_1024,25918853,128
406957090,mqpl_4_256_1024,25871912,128
1005139740,mqpl_4_512_1,24542080,128
977291326,mqpl_4_512_1,24539355,128
1041262954,mqpl_4_512_1,24547811,128
986189200,mqpl_4_512_1,24539380,128
991195894,mqpl_4_512_1,24538861,128
707964706,mqpl_4_512_2,24628927,128
702596574,mqpl_4_512_2,24630319,128
718558676,mqpl_4_512_2,24630778,128
709714522,mqpl_4_512_2,24628680,128
704043938,mqpl_4_512_2,24621931,128
560813424,mqpl_4_512_4,24799204,128
563243340,mqpl_4_512_4,24803833,128
562078030,mqpl_4_512_4,24799319,128
566246780,mqpl_4_512_4,24807116,128
561458150,mqpl_4_512_4,24806035,128
479108862,mqpl_4_512_8,25082947,128
478748360,mqpl_4_512_8,25090906,128
480196958,mqpl_4_512_8,25093985,128
482769670,mqpl_4_512_8,25091035,128
477388334,mqpl_4_512_8,25080608,128
446149392,mqpl_4_512_16,25451813,128
445034086,mqpl_4_512_16,25478298,128
444692548,mqpl_4_512_16,25447729,128
443750550,mqpl_4_512_16,25448395,128
448860492,mqpl_4_512_16,25448988,128
423305422,mqpl_4_512_32,25799398,128
425397280,mqpl_4_512_32,25821458,128
422373802,mqpl_4_512_32,25810444,128
420054418,mqpl_4_512_32,25823747,128
420521576,mqpl_4_512_32,25807010,128
422153546,mqpl_4_512_64,25931876,128
421955110,mqpl_4_512_64,25974253,128
416376662,mqpl_4_512_64,25920202,128
419422170,mqpl_4_512_64,25949263,128
420008146,mqpl_4_512_64,25959994,128
421947894,mqpl_4_512_128,25929459,128
423103388,mqpl_4_512_128,25891138,128
418167748,mqpl_4_512_128,25896077,128
430067366,mqpl_4_512_128,25898941,128
418048218,mqpl_4_512_128,25910093,128
418994358,mqpl_4_512_256,25930715,128
416215910,mqpl_4_512_256,25921566,128
418521588,mqpl_4_512_256,25939263,128
414475164,mqpl_4_512_256,25883407,128
419302958,mqpl_4_512_256,25913416,128
416880028,mqpl_4_512_512,25937620,128
417911984,mqpl_4_512_512,25913913,128
413388544,mqpl_4_512_512,25920783,128
416433514,mqpl_4_512_512,25906261,128
413223560,mqpl_4_512_512,25893163,128
400923920,mqpl_4_512_1024,25839422,128
405780092,mqpl_4_512_1024,25871298,128
402906102,mqpl_4_512_1024,25875312,128
401368888,mqpl_4_512_1024,25862298,128
399863788,mqpl_4_512_1024,25893103,128
976812710,mqpl_4_1024_1,24533271,128
974631972,mqpl_4_1024_1,24532305,128
971491376,mqpl_4_1024_1,24541992,128
978751708,mqpl_4_1024_1,24536961,128
999044028,mqpl_4_1024_1,24543364,128
708281344,mqpl_4_1024_2,24625042,128
706842402,mqpl_4_1024_2,24637930,128
700301392,mqpl_4_1024_2,24633899,128
708555396,mqpl_4_1024_2,24631920,128
700575800,mqpl_4_1024_2,24634851,128
564564650,mqpl_4_1024_4,24790408,128
565651922,mqpl_4_1024_4,24798693,128
567059258,mqpl_4_1024_4,24812441,128
564056646,mqpl_4_1024_4,24802277,128
562961858,mqpl_4_1024_4,24814111,128
479946710,mqpl_4_1024_8,25084769,128
476337718,mqpl_4_1024_8,25089823,128
480400312,mqpl_4_1024_8,25079153,128
479525942,mqpl_4_1024_8,25088553,128
475201966,mqpl_4_1024_8,25096052,128
435926322,mqpl_4_1024_16,25438464,128
435544602,mqpl_4_1024_16,25442950,128
436207090,mqpl_4_1024_16,25437245,128
434507610,mqpl_4_1024_16,25457360,128
433117176,mqpl_4_1024_16,25433258,128
424353650,mqpl_4_1024_32,25815006,128
427298464,mqpl_4_1024_32,25813189,128
427055796,mqpl_4_1024_32,25825742,128
426528404,mqpl_4_1024_32,25805907,128
423221352,mqpl_4_1024_32,25814759,128
405093400,mqpl_4_1024_64,25947666,128
404848974,mqpl_4_1024_64,25909991,128
403825550,mqpl_4_1024_64,25919089,128
404842366,mqpl_4_1024_64,25918692,128
406311318,mqpl_4_1024_64,25881718,128
406793210,mqpl_4_1024_128,25860283,128
401497998,mqpl_4_1024_128,25847978,128
406382794,mqpl_4_1024_128,25862031,128
406975116,mqpl_4_1024_128,25852321,128
404094700,mqpl_4_1024_128,25888746,128
414523288,mqpl_4_1024_256,25895854,128
414951520,mqpl_4_1024_256,25898029,128
414386054,mqpl_4_1024_256,25903320,128
411505398,mqpl_4_1024_256,25875539,128
414360052,mqpl_4_1024_256,25904714,128
403769738,mqpl_4_1024_512,25910220,128
401101948,mqpl_4_1024_512,25904259,128
403254158,mqpl_4_1024_512,25880918,128
403034750,mqpl_4_1024_512,25898944,128
397826470,mqpl_4_1024_512,25865364,128
399584042,mqpl_4_1024_1024,25910002,128
406125924,mqpl_4_1024_1024,25882888,128
405609288,mqpl_4_1024_1024,25875965,128
398788998,mqpl_4_1024_1024,25861184,128
399936760,mqpl_4_1024_1024,25847092,128
