3040823900,mqpl_4_1_1,12547034,128,0
3002358714,mqpl_4_1_1,12546996,128,0
3282738758,mqpl_4_1_1,12550219,128,0
3184833336,mqpl_4_1_1,12546554,128,0
3494926894,mqpl_4_1_1,12550727,128,0
3796439996,mqpl_4_1_2,12557745,128,0
3517874972,mqpl_4_1_2,12557834,128,0
2864124268,mqpl_4_1_2,12556227,128,0
2938098866,mqpl_4_1_2,12553451,128,0
2884947766,mqpl_4_1_2,12553254,128,0
3426444990,mqpl_4_1_4,12558849,128,0
2754683088,mqpl_4_1_4,12556589,128,0
2779751460,mqpl_4_1_4,12556613,128,0
2891648838,mqpl_4_1_4,12557327,128,0
2779074388,mqpl_4_1_4,12557056,128,0
3194693328,mqpl_4_1_8,12561011,128,0
2982132008,mqpl_4_1_8,12561478,128,0
2788325898,mqpl_4_1_8,12559144,128,0
3061879706,mqpl_4_1_8,12563919,128,0
3592078704,mqpl_4_1_8,12562681,128,0
3011755372,mqpl_4_1_16,12565442,128,0
3499538788,mqpl_4_1_16,12563855,128,0
3607716388,mqpl_4_1_16,12565373,128,0
2949173730,mqpl_4_1_16,12564580,128,0
3890621528,mqpl_4_1_16,12564772,128,0
2845756310,mqpl_4_1_32,12565667,128,0
2876907032,mqpl_4_1_32,12561629,128,0
3068600248,mqpl_4_1_32,12561494,128,0
3003400380,mqpl_4_1_32,12563795,128,0
2984572070,mqpl_4_1_32,12562186,128,0
2718350018,mqpl_4_1_64,12562170,128,0
2810423190,mqpl_4_1_64,12562481,128,0
3286251160,mqpl_4_1_64,12563869,128,0
3032195366,mqpl_4_1_64,12564361,128,0
2793811544,mqpl_4_1_64,12562268,128,0
3560162100,mqpl_4_1_128,12564034,128,0
3020608070,mqpl_4_1_128,12565876,128,0
2894235822,mqpl_4_1_128,12566804,128,0
3257791654,mqpl_4_1_128,12565405,128,0
3204338616,mqpl_4_1_128,12565798,128,0
3086097382,mqpl_4_1_256,12567625,128,0
3512936646,mqpl_4_1_256,12568379,128,0
3430467674,mqpl_4_1_256,12567905,128,0
3287483472,mqpl_4_1_256,12565879,128,0
3878589018,mqpl_4_1_256,12565930,128,0
2884997832,mqpl_4_1_512,12570309,128,0
3247845264,mqpl_4_1_512,12571783,128,0
2981500080,mqpl_4_1_512,12570045,128,0
3032574980,mqpl_4_1_512,12569200,128,0
3706633138,mqpl_4_1_512,12567822,128,0
3744599492,mqpl_4_1_1024,12570473,128,0
3135859950,mqpl_4_1_1024,12571751,128,0
3006589418,mqpl_4_1_1024,12569152,128,0
2830809206,mqpl_4_1_1024,12567600,128,0
3565203462,mqpl_4_1_1024,12571187,128,0
3143462914,mqpl_4_2_1,12590537,128,0
3016626030,mqpl_4_2_1,12588593,128,0
3081579082,mqpl_4_2_1,12588692,128,0
3204472368,mqpl_4_2_1,12590523,128,0
3360258922,mqpl_4_2_1,12589336,128,0
3938736106,mqpl_4_2_2,12585465,128,0
3395524244,mqpl_4_2_2,12583129,128,0
3267631324,mqpl_4_2_2,12584534,128,0
3047005394,mqpl_4_2_2,12581706,128,0
3073660608,mqpl_4_2_2,12586361,128,0
2790809044,mqpl_4_2_4,12570710,128,0
3001974866,mqpl_4_2_4,12571712,128,0
3563340620,mqpl_4_2_4,12570392,128,0
2782553722,mqpl_4_2_4,12571677,128,0
3610681052,mqpl_4_2_4,12572916,128,0
4088163046,mqpl_4_2_8,12568295,128,0
3209828042,mqpl_4_2_8,12567753,128,0
2933552166,mqpl_4_2_8,12566526,128,0
2901953962,mqpl_4_2_8,12568140,128,0
2866635290,mqpl_4_2_8,12567809,128,0
4314237256,mqpl_4_2_16,12567885,128,0
3305367680,mqpl_4_2_16,12566594,128,0
3608876380,mqpl_4_2_16,12569727,128,0
3083670686,mqpl_4_2_16,12566305,128,0
3144367686,mqpl_4_2_16,12566899,128,0
3749411116,mqpl_4_2_32,12565298,128,0
3549752490,mqpl_4_2_32,12565559,128,0
2771309606,mqpl_4_2_32,12562373,128,0
2934697052,mqpl_4_2_32,12561549,128,0
3003364898,mqpl_4_2_32,12564907,128,0
3132143768,mqpl_4_2_64,12564010,128,0
3339337860,mqpl_4_2_64,12565120,128,0
3621848860,mqpl_4_2_64,12565755,128,0
2787481746,mqpl_4_2_64,12563163,128,0
3282067012,mqpl_4_2_64,12567136,128,0
3569999268,mqpl_4_2_128,12566469,128,0
2899613776,mqpl_4_2_128,12564796,128,0
3151449532,mqpl_4_2_128,12563141,128,0
2837646182,mqpl_4_2_128,12564116,128,0
4043486340,mqpl_4_2_128,12567782,128,0
3746045346,mqpl_4_2_256,12566571,128,0
2891770186,mqpl_4_2_256,12565437,128,0
3259650536,mqpl_4_2_256,12568737,128,0
3178610100,mqpl_4_2_256,12568971,128,0
3070511206,mqpl_4_2_256,12567937,128,0
3358140296,mqpl_4_2_512,12567677,128,0
4034603852,mqpl_4_2_512,12566668,128,0
3166663440,mqpl_4_2_512,12568641,128,0
3494628120,mqpl_4_2_512,12570058,128,0
2933012300,mqpl_4_2_512,12567795,128,0
3109508892,mqpl_4_2_1024,12568438,128,0
2900220214,mqpl_4_2_1024,12569502,128,0
2932138952,mqpl_4_2_1024,12566871,128,0
3396827934,mqpl_4_2_1024,12567881,128,0
2803614806,mqpl_4_2_1024,12568439,128,0
3293599822,mqpl_4_4_1,12618793,128,0
3364426172,mqpl_4_4_1,12617447,128,0
3657868208,mqpl_4_4_1,12618099,128,0
3271250616,mqpl_4_4_1,12616330,128,0
4120724404,mqpl_4_4_1,12619278,128,0
3362610376,mqpl_4_4_2,12605304,128,0
2937901930,mqpl_4_4_2,12605688,128,0
3279537940,mqpl_4_4_2,12604916,128,0
3500670230,mqpl_4_4_2,12612229,128,0
3395099872,mqpl_4_4_2,12607727,128,0
2969587532,mqpl_4_4_4,12584895,128,0
3612574394,mqpl_4_4_4,12587448,128,0
3021392150,mqpl_4_4_4,12586443,128,0
3374415608,mqpl_4_4_4,12587265,128,0
2768027336,mqpl_4_4_4,12585188,128,0
3375423586,mqpl_4_4_8,12572967,128,0
2852267728,mqpl_4_4_8,12571772,128,0
3096021354,mqpl_4_4_8,12571641,128,0
4590670130,mqpl_4_4_8,12573437,128,0
3694546044,mqpl_4_4_8,12573836,128,0
4924142178,mqpl_4_4_16,12568620,128,0
2907054594,mqpl_4_4_16,12567075,128,0
3051331368,mqpl_4_4_16,12567188,128,0
4426856686,mqpl_4_4_16,12569171,128,0
3595016720,mqpl_4_4_16,12569115,128,0
2955038676,mqpl_4_4_32,12565078,128,0
2991705440,mqpl_4_4_32,12564655,128,0
2849434228,mqpl_4_4_32,12563491,128,0
2911605404,mqpl_4_4_32,12563331,128,0
3421378258,mqpl_4_4_32,12562413,128,0
3023711208,mqpl_4_4_64,12561893,128,0
3036569682,mqpl_4_4_64,12562386,128,0
2836796858,mqpl_4_4_64,12562763,128,0
3047772846,mqpl_4_4_64,12563160,128,0
3650586484,mqpl_4_4_64,12563540,128,0
3700624276,mqpl_4_4_128,12566035,128,0
2945230946,mqpl_4_4_128,12564627,128,0
2925438968,mqpl_4_4_128,12566778,128,0
3508828156,mqpl_4_4_128,12566117,128,0
3261185622,mqpl_4_4_128,12565685,128,0
2837769482,mqpl_4_4_256,12566064,128,0
3119462078,mqpl_4_4_256,12566160,128,0
2931653390,mqpl_4_4_256,12567724,128,0
2952671240,mqpl_4_4_256,12566219,128,0
2834452474,mqpl_4_4_256,12565591,128,0
3656588266,mqpl_4_4_512,12566027,128,0
2914094016,mqpl_4_4_512,12567725,128,0
3186197786,mqpl_4_4_512,12570166,128,0
3173181164,mqpl_4_4_512,12566740,128,0
3869287148,mqpl_4_4_512,12571998,128,0
2859578648,mqpl_4_4_1024,12566638,128,0
3976998634,mqpl_4_4_1024,12582684,128,0
3188363638,mqpl_4_4_1024,12568418,128,0
3162753388,mqpl_4_4_1024,12571960,128,0
3303129620,mqpl_4_4_1024,12567715,128,0
3305705146,mqpl_4_8_1,12634476,128,0
3091431726,mqpl_4_8_1,12636419,128,0
3360506990,mqpl_4_8_1,12636591,128,0
3168394792,mqpl_4_8_1,12634529,128,0
3057448498,mqpl_4_8_1,12637014,128,0
4117335012,mqpl_4_8_2,12623227,128,0
3135396572,mqpl_4_8_2,12622746,128,0
2894101646,mqpl_4_8_2,12621814,128,0
3268253442,mqpl_4_8_2,12624111,128,0
3278148176,mqpl_4_8_2,12625233,128,0
3266589388,mqpl_4_8_4,12597018,128,0
2799764112,mqpl_4_8_4,12598144,128,0
3032160080,mqpl_4_8_4,12597417,128,0
3096145590,mqpl_4_8_4,12601060,128,0
3822865240,mqpl_4_8_4,12600408,128,0
4381578450,mqpl_4_8_8,12578854,128,0
2988472468,mqpl_4_8_8,12580853,128,0
3014044212,mqpl_4_8_8,12581115,128,0
2762862708,mqpl_4_8_8,12578467,128,0
4230726554,mqpl_4_8_8,12581690,128,0
2890021040,mqpl_4_8_16,12568564,128,0
3437789200,mqpl_4_8_16,12571707,128,0
4172589336,mqpl_4_8_16,12575031,128,0
3760671386,mqpl_4_8_16,12571261,128,0
3438088424,mqpl_4_8_16,12569467,128,0
3284323038,mqpl_4_8_32,12564879,128,0
3362601822,mqpl_4_8_32,12565648,128,0
3403501340,mqpl_4_8_32,12567916,128,0
3709191688,mqpl_4_8_32,12565176,128,0
3273452032,mqpl_4_8_32,12564996,128,0
3093517820,mqpl_4_8_64,12565084,128,0
3880650688,mqpl_4_8_64,12564926,128,0
3553454094,mqpl_4_8_64,12563188,128,0
3203480746,mqpl_4_8_64,12566288,128,0
3037580698,mqpl_4_8_64,12563660,128,0
3053522374,mqpl_4_8_128,12565687,128,0
3584123162,mqpl_4_8_128,12565896,128,0
3463942788,mqpl_4_8_128,12567890,128,0
2807327042,mqpl_4_8_128,12565668,128,0
3474612370,mqpl_4_8_128,12567122,128,0
3758789232,mqpl_4_8_256,12571886,128,0
2921940508,mqpl_4_8_256,12565769,128,0
4807825498,mqpl_4_8_256,12569842,128,0
2759544498,mqpl_4_8_256,12567040,128,0
3908606040,mqpl_4_8_256,12569597,128,0
2904745354,mqpl_4_8_512,12570438,128,0
3821341188,mqpl_4_8_512,12569432,128,0
3253814354,mqpl_4_8_512,12571555,128,0
3525573898,mqpl_4_8_512,12570727,128,0
3515459502,mqpl_4_8_512,12568388,128,0
3480546260,mqpl_4_8_1024,12571441,128,0
3432047386,mqpl_4_8_1024,12572694,128,0
3517815098,mqpl_4_8_1024,12576955,128,0
2884620578,mqpl_4_8_1024,12571672,128,0
3494597232,mqpl_4_8_1024,12569747,128,0
3033076266,mqpl_4_16_1,12648555,128,0
3021096156,mqpl_4_16_1,12650455,128,0
3288940546,mqpl_4_16_1,12647353,128,0
2999543362,mqpl_4_16_1,12648396,128,0
3521395626,mqpl_4_16_1,12646848,128,0
3040990130,mqpl_4_16_2,12634617,128,0
3031544310,mqpl_4_16_2,12633027,128,0
3565274270,mqpl_4_16_2,12633928,128,0
3080733118,mqpl_4_16_2,12633391,128,0
2881094234,mqpl_4_16_2,12633505,128,0
3263882308,mqpl_4_16_4,12608041,128,0
3049019672,mqpl_4_16_4,12606984,128,0
3639860996,mqpl_4_16_4,12607607,128,0
2866789254,mqpl_4_16_4,12608003,128,0
2847627130,mqpl_4_16_4,12607363,128,0
2883373672,mqpl_4_16_8,12588007,128,0
3586286294,mqpl_4_16_8,12589190,128,0
3299203252,mqpl_4_16_8,12590642,128,0
3147661638,mqpl_4_16_8,12588598,128,0
3740854452,mqpl_4_16_8,12591037,128,0
3270477676,mqpl_4_16_16,12576185,128,0
4012162136,mqpl_4_16_16,12576574,128,0
4063880806,mqpl_4_16_16,12580734,128,0
3075774162,mqpl_4_16_16,12572972,128,0
3740271364,mqpl_4_16_16,12575684,128,0
3801975284,mqpl_4_16_32,12567047,128,0
2883141138,mqpl_4_16_32,12566717,128,0
2884657794,mqpl_4_16_32,12568765,128,0
3501282398,mqpl_4_16_32,12568842,128,0
2718517230,mqpl_4_16_32,12565583,128,0
3634485648,mqpl_4_16_64,12564960,128,0
3817930054,mqpl_4_16_64,12565921,128,0
2868311148,mqpl_4_16_64,12565549,128,0
3112552918,mqpl_4_16_64,12564498,128,0
3727404914,mqpl_4_16_64,12564410,128,0
3062692192,mqpl_4_16_128,12565765,128,0
3454702288,mqpl_4_16_128,12564251,128,0
2905044414,mqpl_4_16_128,12566682,128,0
3504601160,mqpl_4_16_128,12566912,128,0
2842691922,mqpl_4_16_128,12564659,128,0
3045077104,mqpl_4_16_256,12571309,128,0
3980748384,mqpl_4_16_256,12572236,128,0
4749371202,mqpl_4_16_256,12570313,128,0
3315795636,mqpl_4_16_256,12570224,128,0
3819059106,mqpl_4_16_256,12565523,128,0
3626424644,mqpl_4_16_512,12571337,128,0
2962579854,mqpl_4_16_512,12567217,128,0
3650685650,mqpl_4_16_512,12567692,128,0
3904206600,mqpl_4_16_512,12569752,128,0
3177296044,mqpl_4_16_512,12572290,128,0
2952870788,mqpl_4_16_1024,12567471,128,0
4005558258,mqpl_4_16_1024,12575611,128,0
3451788946,mqpl_4_16_1024,12573605,128,0
3575781500,mqpl_4_16_1024,12574495,128,0
2810473068,mqpl_4_16_1024,12567125,128,0
3534711720,mqpl_4_32_1,12655046,128,0
3103928318,mqpl_4_32_1,12656424,128,0
3111024860,mqpl_4_32_1,12655683,128,0
3514458800,mqpl_4_32_1,12656090,128,0
3498530454,mqpl_4_32_1,12655243,128,0
3033770880,mqpl_4_32_2,12642471,128,0
2948302462,mqpl_4_32_2,12641151,128,0
2868162866,mqpl_4_32_2,12640169,128,0
3323400056,mqpl_4_32_2,12641920,128,0
2956086334,mqpl_4_32_2,12639392,128,0
3112041212,mqpl_4_32_4,12615565,128,0
2969863306,mqpl_4_32_4,12615924,128,0
3042304608,mqpl_4_32_4,12616040,128,0
2975638284,mqpl_4_32_4,12614532,128,0
2879077560,mqpl_4_32_4,12613983,128,0
3410522800,mqpl_4_32_8,12593996,128,0
2846793232,mqpl_4_32_8,12594435,128,0
3563981726,mqpl_4_32_8,12593423,128,0
2830110768,mqpl_4_32_8,12593490,128,0
3042485110,mqpl_4_32_8,12593415,128,0
3919326144,mqpl_4_32_16,12582798,128,0
4091139944,mqpl_4_32_16,12578625,128,0
3807355076,mqpl_4_32_16,12580726,128,0
3478078884,mqpl_4_32_16,12580136,128,0
3111560746,mqpl_4_32_16,12578370,128,0
2769106350,mqpl_4_32_32,12571436,128,0
4194102972,mqpl_4_32_32,12572465,128,0
3083842032,mqpl_4_32_32,12568337,128,0
3230228602,mqpl_4_32_32,12571056,128,0
3168654406,mqpl_4_32_32,12576570,128,0
3469433898,mqpl_4_32_64,12565042,128,0
2793411408,mqpl_4_32_64,12564515,128,0
3286315760,mqpl_4_32_64,12567787,128,0
4032629642,mqpl_4_32_64,12570254,128,0
2754814948,mqpl_4_32_64,12566166,128,0
2778555014,mqpl_4_32_128,12564700,128,0
3977002752,mqpl_4_32_128,12567513,128,0
2826468478,mqpl_4_32_128,12568132,128,0
3139982640,mqpl_4_32_128,12564385,128,0
3378004412,mqpl_4_32_128,12565179,128,0
3569436118,mqpl_4_32_256,12568263,128,0
3890171420,mqpl_4_32_256,12569331,128,0
3487154544,mqpl_4_32_256,12567811,128,0
3063797126,mqpl_4_32_256,12566314,128,0
2765836834,mqpl_4_32_256,12565427,128,0
2995976664,mqpl_4_32_512,12568934,128,0
3702886394,mqpl_4_32_512,12569113,128,0
3569140512,mqpl_4_32_512,12567321,128,0
3161344314,mqpl_4_32_512,12575065,128,0
3848562032,mqpl_4_32_512,12569730,128,0
3909973102,mqpl_4_32_1024,12566807,128,0
3017522478,mqpl_4_32_1024,12569368,128,0
3154767598,mqpl_4_32_1024,12569757,128,0
3457689844,mqpl_4_32_1024,12567933,128,0
3245449300,mqpl_4_32_1024,12566987,128,0
3107326418,mqpl_4_64_1,12656791,128,0
3026971776,mqpl_4_64_1,12659310,128,0
3351906960,mqpl_4_64_1,12654684,128,0
3871381298,mqpl_4_64_1,12659730,128,0
3683231284,mqpl_4_64_1,12655473,128,0
3173664404,mqpl_4_64_2,12644830,128,0
3882142618,mqpl_4_64_2,12647008,128,0
3041555072,mqpl_4_64_2,12643451,128,0
2990493486,mqpl_4_64_2,12643179,128,0
3123925176,mqpl_4_64_2,12644877,128,0
2926052476,mqpl_4_64_4,12619233,128,0
3302034372,mqpl_4_64_4,12621316,128,0
3059630524,mqpl_4_64_4,12620914,128,0
3127397978,mqpl_4_64_4,12620154,128,0
3546387420,mqpl_4_64_4,12619543,128,0
3368672768,mqpl_4_64_8,12597429,128,0
3247771836,mqpl_4_64_8,12598535,128,0
3967042372,mqpl_4_64_8,12600368,128,0
3266074626,mqpl_4_64_8,12600931,128,0
3080200824,mqpl_4_64_8,12598094,128,0
2980323016,mqpl_4_64_16,12581211,128,0
2879844678,mqpl_4_64_16,12583779,128,0
3013713782,mqpl_4_64_16,12583751,128,0
3128496806,mqpl_4_64_16,12583351,128,0
3731896976,mqpl_4_64_16,12583014,128,0
2801281502,mqpl_4_64_32,12570009,128,0
2755309408,mqpl_4_64_32,12569988,128,0
3014927088,mqpl_4_64_32,12574425,128,0
2970187790,mqpl_4_64_32,12572952,128,0
3391021472,mqpl_4_64_32,12570484,128,0
2701607760,mqpl_4_64_64,12566253,128,0
3209071304,mqpl_4_64_64,12569658,128,0
3129362568,mqpl_4_64_64,12568666,128,0
3082177610,mqpl_4_64_64,12567339,128,0
2966648776,mqpl_4_64_64,12568744,128,0
2822108282,mqpl_4_64_128,12566495,128,0
2707838166,mqpl_4_64_128,12565948,128,0
3922326238,mqpl_4_64_128,12567701,128,0
3157991604,mqpl_4_64_128,12564719,128,0
3107959578,mqpl_4_64_128,12568103,128,0
3290367780,mqpl_4_64_256,12570981,128,0
3681167192,mqpl_4_64_256,12569163,128,0
3242513766,mqpl_4_64_256,12570369,128,0
2879994740,mqpl_4_64_256,12568435,128,0
3331154136,mqpl_4_64_256,12568941,128,0
3342034932,mqpl_4_64_512,12571392,128,0
4037532004,mqpl_4_64_512,12573258,128,0
3485123212,mqpl_4_64_512,12569474,128,0
2865355982,mqpl_4_64_512,12568240,128,0
3468123840,mqpl_4_64_512,12569647,128,0
2915823704,mqpl_4_64_1024,12567706,128,0
4038305940,mqpl_4_64_1024,12572035,128,0
3501040424,mqpl_4_64_1024,12572028,128,0
3451698476,mqpl_4_64_1024,12568638,128,0
3868387774,mqpl_4_64_1024,12572953,128,0
3134689258,mqpl_4_128_1,12660553,128,0
3059960456,mqpl_4_128_1,12660421,128,0
3451369216,mqpl_4_128_1,12659654,128,0
3061146526,mqpl_4_128_1,12661565,128,0
3036589408,mqpl_4_128_1,12661995,128,0
3222597350,mqpl_4_128_2,12644716,128,0
3005381592,mqpl_4_128_2,12645162,128,0
2912405854,mqpl_4_128_2,12645668,128,0
2915600856,mqpl_4_128_2,12646655,128,0
2894301338,mqpl_4_128_2,12646545,128,0
3154664816,mqpl_4_128_4,12623113,128,0
2892646776,mqpl_4_128_4,12622297,128,0
2833786770,mqpl_4_128_4,12619272,128,0
2914880466,mqpl_4_128_4,12619399,128,0
3042505066,mqpl_4_128_4,12620185,128,0
2790199196,mqpl_4_128_8,12599631,128,0
2806004356,mqpl_4_128_8,12597680,128,0
2885135918,mqpl_4_128_8,12599149,128,0
3079649702,mqpl_4_128_8,12598895,128,0
2923757066,mqpl_4_128_8,12599908,128,0
3102166850,mqpl_4_128_16,12582404,128,0
3973143002,mqpl_4_128_16,12583901,128,0
2743575280,mqpl_4_128_16,12583487,128,0
2648859212,mqpl_4_128_16,12580814,128,0
3411695876,mqpl_4_128_16,12587214,128,0
2919122148,mqpl_4_128_32,12574870,128,0
2914380284,mqpl_4_128_32,12572500,128,0
3188041472,mqpl_4_128_32,12573961,128,0
3365384920,mqpl_4_128_32,12572296,128,0
3402982740,mqpl_4_128_32,12572239,128,0
3068730682,mqpl_4_128_64,12567706,128,0
3820784970,mqpl_4_128_64,12570686,128,0
3745208250,mqpl_4_128_64,12571318,128,0
3651334368,mqpl_4_128_64,12569362,128,0
4342913176,mqpl_4_128_64,12566971,128,0
3752228828,mqpl_4_128_128,12569748,128,0
3121806442,mqpl_4_128_128,12564284,128,0
3312606498,mqpl_4_128_128,12570072,128,0
2708354986,mqpl_4_128_128,12566393,128,0
4038546348,mqpl_4_128_128,12567567,128,0
3061895942,mqpl_4_128_256,12567445,128,0
3045676984,mqpl_4_128_256,12568408,128,0
3741074060,mqpl_4_128_256,12568236,128,0
3039727568,mqpl_4_128_256,12569691,128,0
3667399676,mqpl_4_128_256,12569102,128,0
3225558790,mqpl_4_128_512,12571632,128,0
3103169084,mqpl_4_128_512,12572437,128,0
3068877958,mqpl_4_128_512,12570308,128,0
2960544114,mqpl_4_128_512,12569457,128,0
3741161336,mqpl_4_128_512,12572124,128,0
2857508612,mqpl_4_128_1024,12569717,128,0
3004375264,mqpl_4_128_1024,12569464,128,0
3267834762,mqpl_4_128_1024,12572392,128,0
3563563350,mqpl_4_128_1024,12572889,128,0
2918930072,mqpl_4_128_1024,12573537,128,0
2999306960,mqpl_4_256_1,12663870,128,0
3016343242,mqpl_4_256_1,12661383,128,0
3069959138,mqpl_4_256_1,12662146,128,0
3079335514,mqpl_4_256_1,12660923,128,0
3010025382,mqpl_4_256_1,12661006,128,0
2757738332,mqpl_4_256_2,12648114,128,0
3696799800,mqpl_4_256_2,12650128,128,0
2949823166,mqpl_4_256_2,12652695,128,0
3345901876,mqpl_4_256_2,12650423,128,0
2856438226,mqpl_4_256_2,12650497,128,0
2750200996,mqpl_4_256_4,12622431,128,0
3188602668,mqpl_4_256_4,12621968,128,0
2779599010,mqpl_4_256_4,12622054,128,0
2735005364,mqpl_4_256_4,12621368,128,0
2754960058,mqpl_4_256_4,12622606,128,0
3290560596,mqpl_4_256_8,12601773,128,0
3831065090,mqpl_4_256_8,12600941,128,0
2702589736,mqpl_4_256_8,12600094,128,0
3288642902,mqpl_4_256_8,12601052,128,0
3467704366,mqpl_4_256_8,12603060,128,0
3093376334,mqpl_4_256_16,12585336,128,0
2892209708,mqpl_4_256_16,12584988,128,0
2754571748,mqpl_4_256_16,12584407,128,0
3550758422,mqpl_4_256_16,12588381,128,0
3812897980,mqpl_4_256_16,12584660,128,0
2694115046,mqpl_4_256_32,12572028,128,0
3364331746,mqpl_4_256_32,12576679,128,0
3326047356,mqpl_4_256_32,12573774,128,0
3628287058,mqpl_4_256_32,12574638,128,0
3050532324,mqpl_4_256_32,12574354,128,0
2651599616,mqpl_4_256_64,12565704,128,0
3542764998,mqpl_4_256_64,12568610,128,0
3265492866,mqpl_4_256_64,12572078,128,0
3001620012,mqpl_4_256_64,12572131,128,0
3541079846,mqpl_4_256_64,12573998,128,0
2848566114,mqpl_4_256_128,12568047,128,0
2694247306,mqpl_4_256_128,12566086,128,0
3651065240,mqpl_4_256_128,12567023,128,0
2827338698,mqpl_4_256_128,12567263,128,0
3109157832,mqpl_4_256_128,12569353,128,0
3190527024,mqpl_4_256_256,12572328,128,0
3534384578,mqpl_4_256_256,12568043,128,0
3601442970,mqpl_4_256_256,12570614,128,0
3602178092,mqpl_4_256_256,12568305,128,0
2887184504,mqpl_4_256_256,12566211,128,0
4565688514,mqpl_4_256_512,12571572,128,0
4115784108,mqpl_4_256_512,12573451,128,0
3278971980,mqpl_4_256_512,12567306,128,0
3643522114,mqpl_4_256_512,12571955,128,0
3514082952,mqpl_4_256_512,12572288,128,0
2911537354,mqpl_4_256_1024,12569679,128,0
2688387948,mqpl_4_256_1024,12564999,128,0
2592903738,mqpl_4_256_1024,12565620,128,0
3093568980,mqpl_4_256_1024,12566990,128,0
2727162464,mqpl_4_256_1024,12567658,128,0
2968991466,mqpl_4_512_1,12661707,128,0
3066017494,mqpl_4_512_1,12663220,128,0
2990880448,mqpl_4_512_1,12662738,128,0
3015284330,mqpl_4_512_1,12663535,128,0
2954468268,mqpl_4_512_1,12663769,128,0
3498725542,mqpl_4_512_2,12651272,128,0
3410620922,mqpl_4_512_2,12647956,128,0
2816957012,mqpl_4_512_2,12649519,128,0
2918195684,mqpl_4_512_2,12650291,128,0
2831568932,mqpl_4_512_2,12650924,128,0
2725444466,mqpl_4_512_4,12621246,128,0
2864526618,mqpl_4_512_4,12622481,128,0
2861513814,mqpl_4_512_4,12622656,128,0
2689479886,mqpl_4_512_4,12622349,128,0
3277682606,mqpl_4_512_4,12623255,128,0
3096696464,mqpl_4_512_8,12602904,128,0
3006817712,mqpl_4_512_8,12600949,128,0
2766867828,mqpl_4_512_8,12601757,128,0
3083131548,mqpl_4_512_8,12600188,128,0
3209424910,mqpl_4_512_8,12601721,128,0
3643575402,mqpl_4_512_16,12586506,128,0
2636227662,mqpl_4_512_16,12583340,128,0
2784271858,mqpl_4_512_16,12586081,128,0
3282972496,mqpl_4_512_16,12585556,128,0
2991826186,mqpl_4_512_16,12586320,128,0
3297000986,mqpl_4_512_32,12575072,128,0
2943017452,mqpl_4_512_32,12574519,128,0
3375649624,mqpl_4_512_32,12577597,128,0
2902509778,mqpl_4_512_32,12574618,128,0
3616677538,mqpl_4_512_32,12574531,128,0
2866828404,mqpl_4_512_64,12571494,128,0
2914703380,mqpl_4_512_64,12569988,128,0
4080914388,mqpl_4_512_64,12574803,128,0
2774169932,mqpl_4_512_64,12570446,128,0
3007160712,mqpl_4_512_64,12568568,128,0
2748705822,mqpl_4_512_128,12567876,128,0
3162443552,mqpl_4_512_128,12568289,128,0
3029990578,mqpl_4_512_128,12568533,128,0
2729735782,mqpl_4_512_128,12567736,128,0
3663529368,mqpl_4_512_128,12569715,128,0
3532869172,mqpl_4_512_256,12572911,128,0
3268444048,mqpl_4_512_256,12572285,128,0
3364719048,mqpl_4_512_256,12571283,128,0
2737110888,mqpl_4_512_256,12569564,128,0
3192961002,mqpl_4_512_256,12570422,128,0
2624658286,mqpl_4_512_512,12568012,128,0
3243196722,mqpl_4_512_512,12570410,128,0
3233850390,mqpl_4_512_512,12570330,128,0
2958350920,mqpl_4_512_512,12569951,128,0
4051171086,mqpl_4_512_512,12573822,128,0
2629270544,mqpl_4_512_1024,12566842,128,0
2648183626,mqpl_4_512_1024,12569542,128,0
3341122992,mqpl_4_512_1024,12571419,128,0
2682408242,mqpl_4_512_1024,12569756,128,0
3229545194,mqpl_4_512_1024,12575584,128,0
3024119396,mqpl_4_1024_1,12662418,128,0
3157501324,mqpl_4_1024_1,12664830,128,0
3062243392,mqpl_4_1024_1,12661752,128,0
3245719738,mqpl_4_1024_1,12662520,128,0
2928969112,mqpl_4_1024_1,12667115,128,0
2762115792,mqpl_4_1024_2,12651023,128,0
2786836764,mqpl_4_1024_2,12648677,128,0
3020113564,mqpl_4_1024_2,12649356,128,0
3046567440,mqpl_4_1024_2,12648094,128,0
2791801816,mqpl_4_1024_2,12650807,128,0
3519132338,mqpl_4_1024_4,12623664,128,0
2724499180,mqpl_4_1024_4,12622787,128,0
3056345692,mqpl_4_1024_4,12624381,128,0
2942147164,mqpl_4_1024_4,12623437,128,0
2972001106,mqpl_4_1024_4,12622193,128,0
3048405612,mqpl_4_1024_8,12601316,128,0
3470644858,mqpl_4_1024_8,12601756,128,0
2641164958,mqpl_4_1024_8,12599777,128,0
2800869542,mqpl_4_1024_8,12600528,128,0
3150118816,mqpl_4_1024_8,12603340,128,0
3031856284,mqpl_4_1024_16,12585255,128,0
2991158566,mqpl_4_1024_16,12585310,128,0
2921881000,mqpl_4_1024_16,12585692,128,0
2804437398,mqpl_4_1024_16,12587423,128,0
2881937824,mqpl_4_1024_16,12585397,128,0
3055035982,mqpl_4_1024_32,12576268,128,0
2583899740,mqpl_4_1024_32,12573657,128,0
2766400180,mqpl_4_1024_32,12576998,128,0
2757466722,mqpl_4_1024_32,12574938,128,0
3302094854,mqpl_4_1024_32,12576796,128,0
3055625212,mqpl_4_1024_64,12570338,128,0
2980377404,mqpl_4_1024_64,12570700,128,0
2596199278,mqpl_4_1024_64,12569090,128,0
3409137684,mqpl_4_1024_64,12570748,128,0
2646817958,mqpl_4_1024_64,12569636,128,0
2952286496,mqpl_4_1024_128,12568846,128,0
2720922022,mqpl_4_1024_128,12568003,128,0
2794159466,mqpl_4_1024_128,12568949,128,0
3000531388,mqpl_4_1024_128,12567235,128,0
2807963932,mqpl_4_1024_128,12570142,128,0
2848827992,mqpl_4_1024_256,12568186,128,0
3389501830,mqpl_4_1024_256,12575629,128,0
3220766008,mqpl_4_1024_256,12568807,128,0
2836683422,mqpl_4_1024_256,12568803,128,0
2804927094,mqpl_4_1024_256,12572451,128,0
3378263044,mqpl_4_1024_512,12569954,128,0
3319491252,mqpl_4_1024_512,12572172,128,0
2698392318,mqpl_4_1024_512,12569747,128,0
3534978518,mqpl_4_1024_512,12572228,128,0
3098700350,mqpl_4_1024_512,12566965,128,0
3212566604,mqpl_4_1024_1024,12571694,128,0
2796321654,mqpl_4_1024_1024,12565128,128,0
2982882828,mqpl_4_1024_1024,12576381,128,0
3889401624,mqpl_4_1024_1024,12583399,128,0
2972266834,mqpl_4_1024_1024,12569929,128,0
