1061105396,smqhm_1_1,34212799,128
1076054276,smqhm_1_1,34255397,128
1109481396,smqhm_1_1,36161567,128
1078372654,smqhm_1_1,34862755,128
1094079076,smqhm_1_1,34271844,128
1101117636,smqhm_1_1,35626848,128
950938450,smqhm_1_2,34139422,128
962887616,smqhm_1_2,34705381,128
930779194,smqhm_1_2,33415993,128
928457828,smqhm_1_2,33596907,128
959612090,smqhm_1_2,34541076,128
983183348,smqhm_1_2,34834340,128
902304802,smqhm_1_4,38862262,128
874480636,smqhm_1_4,37439526,128
881589152,smqhm_1_4,37948577,128
869470086,smqhm_1_4,37125839,128
879934966,smqhm_1_4,37826976,128
931571948,smqhm_1_4,40137537,128
912612070,smqhm_1_8,40160090,128
922126700,smqhm_1_8,40323396,128
911209028,smqhm_1_8,40087930,128
910799890,smqhm_1_8,40037212,128
912111704,smqhm_1_8,40171314,128
911449332,smqhm_1_8,40113686,128
1124655714,smqhm_1_16,49272963,128
1129323996,smqhm_1_16,49438848,128
1131085700,smqhm_1_16,49403086,128
1122729902,smqhm_1_16,49432730,128
1125593474,smqhm_1_16,49419341,128
1125773890,smqhm_1_16,49555821,128
1620832058,smqhm_1_32,65451464,128
1662588638,smqhm_1_32,65950912,128
1710352860,smqhm_1_32,66382257,128
1629298162,smqhm_1_32,65408285,128
1654956826,smqhm_1_32,65679316,128
1632202140,smqhm_1_32,65904742,128
2468631942,smqhm_1_64,84573787,128
2408536230,smqhm_1_64,85416469,128
2460558220,smqhm_1_64,85897175,128
2435044102,smqhm_1_64,84995523,128
2479721724,smqhm_1_64,85785688,128
2375657496,smqhm_1_64,83642477,128
3419521960,smqhm_1_128,104888001,128
3267538438,smqhm_1_128,102118573,128
3340212866,smqhm_1_128,102667121,128
3346043312,smqhm_1_128,103527424,128
3255205070,smqhm_1_128,102675485,128
3320689322,smqhm_1_128,102751552,128
5114948858,smqhm_1_256,127967173,128
5043346958,smqhm_1_256,128588270,128
5260293676,smqhm_1_256,131198312,128
5091994700,smqhm_1_256,127882145,128
5169091340,smqhm_1_256,128930040,128
5127704226,smqhm_1_256,128235989,128
8603232800,smqhm_1_512,159698411,128
8609242456,smqhm_1_512,166360432,128
8940005828,smqhm_1_512,169064184,128
8628142048,smqhm_1_512,167230386,128
8641592882,smqhm_1_512,162169741,128
8713390812,smqhm_1_512,166875802,128
16323791640,smqhm_1_1024,243419247,128
16396028218,smqhm_1_1024,240968263,128
16780168670,smqhm_1_1024,249750577,128
16614792044,smqhm_1_1024,238754016,128
16771542778,smqhm_1_1024,246235964,128
16504995530,smqhm_1_1024,250794636,128
824500086,smqhm_2_1,34952374,128
847532304,smqhm_2_1,36243000,128
821186326,smqhm_2_1,35697932,128
863477482,smqhm_2_1,36813703,128
835626314,smqhm_2_1,35522275,128
818727152,smqhm_2_1,35623938,128
790358438,smqhm_2_2,34345769,128
805731110,smqhm_2_2,34984648,128
794604652,smqhm_2_2,34413000,128
809674918,smqhm_2_2,35243491,128
815022118,smqhm_2_2,35589165,128
800441244,smqhm_2_2,34539524,128
788967034,smqhm_2_4,37835607,128
788276370,smqhm_2_4,37798373,128
772757524,smqhm_2_4,36948528,128
783401792,smqhm_2_4,37487358,128
814183692,smqhm_2_4,39088813,128
779101052,smqhm_2_4,37307170,128
843641040,smqhm_2_8,40120820,128
846932556,smqhm_2_8,40207191,128
845268378,smqhm_2_8,40153711,128
847083344,smqhm_2_8,40335817,128
848080324,smqhm_2_8,40110354,128
843135528,smqhm_2_8,40084382,128
993924004,smqhm_2_16,45745712,128
998397704,smqhm_2_16,45935629,128
991332008,smqhm_2_16,45754927,128
990919412,smqhm_2_16,45891884,128
1007317926,smqhm_2_16,46042365,128
991847988,smqhm_2_16,45767683,128
1381225632,smqhm_2_32,55327480,128
1523977130,smqhm_2_32,56789008,128
1379091448,smqhm_2_32,55581938,128
1368863848,smqhm_2_32,55191205,128
1363018144,smqhm_2_32,55431960,128
1382699756,smqhm_2_32,55274405,128
2017498210,smqhm_2_64,66178786,128
2106821122,smqhm_2_64,66884297,128
2064384652,smqhm_2_64,66573269,128
2061039276,smqhm_2_64,66098658,128
2061851064,smqhm_2_64,66115547,128
2076049854,smqhm_2_64,66277357,128
2676476972,smqhm_2_128,75241728,128
2845368064,smqhm_2_128,76453637,128
2790295168,smqhm_2_128,75910262,128
2763017634,smqhm_2_128,75152178,128
2781040780,smqhm_2_128,75870318,128
2897156890,smqhm_2_128,75375994,128
4354073200,smqhm_2_256,90815991,128
4417432900,smqhm_2_256,91630361,128
4296397150,smqhm_2_256,92064627,128
4213811628,smqhm_2_256,89648677,128
4520195986,smqhm_2_256,92689054,128
4885551238,smqhm_2_256,95126607,128
7646504586,smqhm_2_512,121376946,128
7610979916,smqhm_2_512,119491561,128
7844323336,smqhm_2_512,122516426,128
7562081376,smqhm_2_512,121879228,128
7619835010,smqhm_2_512,119391838,128
7493400160,smqhm_2_512,119873624,128
15660870620,smqhm_2_1024,199927148,128
15233635932,smqhm_2_1024,190479508,128
14893505100,smqhm_2_1024,185541635,128
15720105806,smqhm_2_1024,196263646,128
15254425518,smqhm_2_1024,189212250,128
15016403182,smqhm_2_1024,189674574,128
735752070,smqhm_4_1,39140121,128
727977838,smqhm_4_1,38710035,128
692125440,smqhm_4_1,36446171,128
742647182,smqhm_4_1,39136128,128
701460312,smqhm_4_1,37047372,128
708068762,smqhm_4_1,37656727,128
709213756,smqhm_4_2,35807251,128
703572176,smqhm_4_2,35633287,128
714698816,smqhm_4_2,36231498,128
712089656,smqhm_4_2,36082948,128
712532052,smqhm_4_2,36125578,128
703190800,smqhm_4_2,36117170,128
748445976,smqhm_4_4,40190861,128
752017878,smqhm_4_4,40411148,128
747248638,smqhm_4_4,40069131,128
752143710,smqhm_4_4,40372829,128
745313882,smqhm_4_4,40012497,128
756177246,smqhm_4_4,40663059,128
824517858,smqhm_4_8,42714183,128
824611198,smqhm_4_8,42602227,128
831621888,smqhm_4_8,43026541,128
829095630,smqhm_4_8,42913877,128
826071230,smqhm_4_8,42892834,128
812449414,smqhm_4_8,41933298,128
945225116,smqhm_4_16,46529378,128
959820696,smqhm_4_16,46929845,128
959409732,smqhm_4_16,46975410,128
948533504,smqhm_4_16,46520157,128
945376372,smqhm_4_16,46424068,128
948844806,smqhm_4_16,46682970,128
1227693762,smqhm_4_32,53257634,128
1244498830,smqhm_4_32,53627200,128
1235694708,smqhm_4_32,53365116,128
1225342942,smqhm_4_32,52921243,128
1242183770,smqhm_4_32,53330291,128
1237869702,smqhm_4_32,53466562,128
1672234220,smqhm_4_64,60207817,128
1661641952,smqhm_4_64,59412413,128
1697199830,smqhm_4_64,59798533,128
1687150982,smqhm_4_64,59982806,128
1690787120,smqhm_4_64,59860612,128
1724635956,smqhm_4_64,59994230,128
2280209300,smqhm_4_128,66317659,128
2281707168,smqhm_4_128,65900876,128
2295511282,smqhm_4_128,65264388,128
2267307850,smqhm_4_128,65551470,128
2422080542,smqhm_4_128,66155631,128
2259083962,smqhm_4_128,65042839,128
3410589702,smqhm_4_256,72931530,128
3511986138,smqhm_4_256,73202271,128
3460257430,smqhm_4_256,73716010,128
3526203064,smqhm_4_256,76793154,128
3433237676,smqhm_4_256,74627490,128
3611774658,smqhm_4_256,75520116,128
5763834796,smqhm_4_512,92321442,128
6040114222,smqhm_4_512,94814568,128
6146887138,smqhm_4_512,95025088,128
5936179864,smqhm_4_512,95605531,128
5857567870,smqhm_4_512,94671969,128
6295371482,smqhm_4_512,99182474,128
11552789826,smqhm_4_1024,133931206,128
11929738810,smqhm_4_1024,142798435,128
11861029922,smqhm_4_1024,140284504,128
11544684818,smqhm_4_1024,133928163,128
11793583120,smqhm_4_1024,138992779,128
12024963542,smqhm_4_1024,140022170,128
697144712,smqhm_8_1,43685862,128
689494808,smqhm_8_1,42840111,128
671205114,smqhm_8_1,41930436,128
668192876,smqhm_8_1,41410522,128
682456806,smqhm_8_1,42331825,128
674180836,smqhm_8_1,42289368,128
687838058,smqhm_8_2,40093924,128
677149862,smqhm_8_2,39516266,128
662591726,smqhm_8_2,38951458,128
672038266,smqhm_8_2,39051534,128
670082672,smqhm_8_2,39443222,128
664863826,smqhm_8_2,38637640,128
779045158,smqhm_8_4,47025362,128
702812190,smqhm_8_4,41310056,128
711230444,smqhm_8_4,41760038,128
744444504,smqhm_8_4,44216309,128
707916476,smqhm_8_4,41667168,128
703434394,smqhm_8_4,41519083,128
823447868,smqhm_8_8,46124888,128
825780388,smqhm_8_8,46314728,128
830845212,smqhm_8_8,46367220,128
848765726,smqhm_8_8,47460487,128
834186784,smqhm_8_8,46571673,128
821673146,smqhm_8_8,45791484,128
965404598,smqhm_8_16,50238405,128
964821808,smqhm_8_16,50095625,128
980220902,smqhm_8_16,51056697,128
999751336,smqhm_8_16,51740330,128
971787100,smqhm_8_16,50513107,128
968403096,smqhm_8_16,50332778,128
1302169908,smqhm_8_32,58278944,128
1281716340,smqhm_8_32,57561802,128
1285771618,smqhm_8_32,57485508,128
1292229924,smqhm_8_32,57962268,128
1281840468,smqhm_8_32,57639927,128
1303437980,smqhm_8_32,58494362,128
1602312542,smqhm_8_64,64574153,128
1651626088,smqhm_8_64,66470985,128
1625338048,smqhm_8_64,65379314,128
1661701622,smqhm_8_64,65458853,128
1604075396,smqhm_8_64,64011429,128
1609308354,smqhm_8_64,64815939,128
2086788540,smqhm_8_128,71242479,128
2095910906,smqhm_8_128,71119849,128
2033402844,smqhm_8_128,69686887,128
2122382726,smqhm_8_128,72340088,128
2096935106,smqhm_8_128,69903930,128
2091288530,smqhm_8_128,71580188,128
3013761868,smqhm_8_256,76414508,128
3064426410,smqhm_8_256,77764971,128
3115867840,smqhm_8_256,76685086,128
3081085148,smqhm_8_256,79570748,128
3026056930,smqhm_8_256,77580038,128
3056532290,smqhm_8_256,78112595,128
4901082674,smqhm_8_512,88704730,128
4891049952,smqhm_8_512,88222171,128
4984669954,smqhm_8_512,88223860,128
4994007726,smqhm_8_512,87955067,128
4895043740,smqhm_8_512,87605395,128
4886268926,smqhm_8_512,88702765,128
9462839454,smqhm_8_1024,105477505,128
9781933300,smqhm_8_1024,109310164,128
9587487734,smqhm_8_1024,106982600,128
9656577094,smqhm_8_1024,108617961,128
9513899662,smqhm_8_1024,106109263,128
9415754036,smqhm_8_1024,105881279,128
724210606,smqhm_16_1,52402255,128
675359260,smqhm_16_1,49162459,128
713031496,smqhm_16_1,51266221,128
709377970,smqhm_16_1,50303926,128
685447480,smqhm_16_1,49454767,128
719001936,smqhm_16_1,50140607,128
648781692,smqhm_16_2,43557332,128
705497980,smqhm_16_2,46055099,128
668969076,smqhm_16_2,43830738,128
665253390,smqhm_16_2,44044390,128
659525412,smqhm_16_2,43843746,128
711730386,smqhm_16_2,47117911,128
781456480,smqhm_16_4,50755664,128
724334688,smqhm_16_4,46142235,128
738864526,smqhm_16_4,47449444,128
715084280,smqhm_16_4,45522145,128
748697252,smqhm_16_4,48317189,128
738308594,smqhm_16_4,47126759,128
851781144,smqhm_16_8,50492025,128
853797218,smqhm_16_8,50473457,128
853809596,smqhm_16_8,50814081,128
897045564,smqhm_16_8,53341150,128
828769554,smqhm_16_8,48905936,128
847632278,smqhm_16_8,50396885,128
1021251366,smqhm_16_16,55397071,128
1030256334,smqhm_16_16,55875507,128
1032813560,smqhm_16_16,55961490,128
1019680938,smqhm_16_16,55167829,128
1012114432,smqhm_16_16,54936628,128
1057429958,smqhm_16_16,57159077,128
1461111316,smqhm_16_32,65887062,128
1518350550,smqhm_16_32,67647936,128
1522367022,smqhm_16_32,67980747,128
1488893850,smqhm_16_32,65889405,128
1459317912,smqhm_16_32,65777475,128
1455509732,smqhm_16_32,65936283,128
2032753936,smqhm_16_64,80789845,128
2024812204,smqhm_16_64,80404322,128
1992147844,smqhm_16_64,79375111,128
2024506022,smqhm_16_64,80403411,128
2026075348,smqhm_16_64,80598257,128
2027797440,smqhm_16_64,80505542,128
2927820178,smqhm_16_128,92901492,128
2894134906,smqhm_16_128,92262072,128
3052420290,smqhm_16_128,95751637,128
2902969212,smqhm_16_128,92697034,128
2990714892,smqhm_16_128,94716622,128
2888059880,smqhm_16_128,92160997,128
4704803936,smqhm_16_256,104200109,128
4832695866,smqhm_16_256,108427997,128
4738823628,smqhm_16_256,107259655,128
4851472748,smqhm_16_256,105783533,128
4827493514,smqhm_16_256,107092410,128
5251557024,smqhm_16_256,114346215,128
7945214598,smqhm_16_512,118510041,128
9083368178,smqhm_16_512,130002811,128
8515654096,smqhm_16_512,125509703,128
7809883610,smqhm_16_512,116794136,128
8401375102,smqhm_16_512,123810777,128
8157954158,smqhm_16_512,121036206,128
16657694840,smqhm_16_1024,145570665,128
16262782508,smqhm_16_1024,141939874,128
16977170554,smqhm_16_1024,146553316,128
15071122452,smqhm_16_1024,136273792,128
15513284854,smqhm_16_1024,138050858,128
14859981512,smqhm_16_1024,134798994,128
793396648,smqhm_32_1,64511046,128
757921566,smqhm_32_1,61094693,128
791650996,smqhm_32_1,62318539,128
837978810,smqhm_32_1,68050764,128
765207912,smqhm_32_1,61796952,128
785587498,smqhm_32_1,62742601,128
775025974,smqhm_32_2,57834005,128
712485324,smqhm_32_2,52289011,128
725628770,smqhm_32_2,53499207,128
799042432,smqhm_32_2,60052869,128
795963058,smqhm_32_2,60524080,128
797030908,smqhm_32_2,60224481,128
727666180,smqhm_32_4,49333663,128
764608400,smqhm_32_4,52061545,128
750418346,smqhm_32_4,50789372,128
770070282,smqhm_32_4,52311223,128
755080754,smqhm_32_4,51309150,128
752925484,smqhm_32_4,51383241,128
943484092,smqhm_32_8,58732443,128
920460694,smqhm_32_8,57636525,128
912208754,smqhm_32_8,56614712,128
852860722,smqhm_32_8,52713288,128
885550724,smqhm_32_8,54947664,128
1024170246,smqhm_32_8,64653082,128
1308881132,smqhm_32_16,71746095,128
1096543308,smqhm_32_16,60807533,128
1097513390,smqhm_32_16,60944952,128
1108010154,smqhm_32_16,61154864,128
1223302480,smqhm_32_16,67150073,128
1111293346,smqhm_32_16,61650664,128
1689299084,smqhm_32_32,74847821,128
1673488636,smqhm_32_32,73977042,128
1651654666,smqhm_32_32,73582701,128
1667896598,smqhm_32_32,73875757,128
1681850304,smqhm_32_32,74446397,128
1721297750,smqhm_32_32,76177222,128
2623890176,smqhm_32_64,97055873,128
2769496592,smqhm_32_64,100945029,128
2705460494,smqhm_32_64,97654508,128
2680058342,smqhm_32_64,98028440,128
2625039824,smqhm_32_64,96678892,128
2629496592,smqhm_32_64,97081062,128
5291351414,smqhm_32_128,132008474,128
5103986826,smqhm_32_128,129823527,128
5070258804,smqhm_32_128,129240442,128
5237406908,smqhm_32_128,131861958,128
5100879736,smqhm_32_128,129450346,128
5368362018,smqhm_32_128,133739128,128
10022906054,smqhm_32_256,160511353,128
9557233444,smqhm_32_256,154835440,128
8949588902,smqhm_32_256,148580621,128
9850914756,smqhm_32_256,157628947,128
11072549030,smqhm_32_256,170873788,128
10653491254,smqhm_32_256,164182210,128
18922333020,smqhm_32_512,187110417,128
16782833374,smqhm_32_512,181097528,128
15891709108,smqhm_32_512,173539539,128
17413442104,smqhm_32_512,182939724,128
16785702950,smqhm_32_512,177513631,128
17275235658,smqhm_32_512,182084325,128
27229299904,smqhm_32_1024,189945374,128
27298524350,smqhm_32_1024,192282962,128
26367639214,smqhm_32_1024,190002774,128
28535513224,smqhm_32_1024,199136761,128
28270177024,smqhm_32_1024,198367658,128
26853807574,smqhm_32_1024,189270058,128
989372622,smqhm_64_1,87040764,128
897800130,smqhm_64_1,79711938,128
1058961706,smqhm_64_1,96325613,128
895431794,smqhm_64_1,79331040,128
916129362,smqhm_64_1,79041458,128
928396252,smqhm_64_1,79038998,128
952868034,smqhm_64_2,77727845,128
844632522,smqhm_64_2,66682556,128
828519206,smqhm_64_2,65070096,128
820713252,smqhm_64_2,65441057,128
984195982,smqhm_64_2,80914188,128
930910538,smqhm_64_2,75769841,128
991553412,smqhm_64_4,72786604,128
841034640,smqhm_64_4,60542566,128
981732530,smqhm_64_4,72435097,128
836681580,smqhm_64_4,59904547,128
836616000,smqhm_64_4,60161186,128
882103930,smqhm_64_4,64016102,128
1127992000,smqhm_64_8,73366658,128
947881518,smqhm_64_8,60821858,128
1061955384,smqhm_64_8,68577768,128
985412494,smqhm_64_8,63582611,128
977389632,smqhm_64_8,62867577,128
1020436256,smqhm_64_8,65633979,128
1219346736,smqhm_64_16,68296856,128
1261538972,smqhm_64_16,70171936,128
1229705008,smqhm_64_16,68941075,128
1338694740,smqhm_64_16,74759634,128
1210897588,smqhm_64_16,67316044,128
1209217058,smqhm_64_16,67935822,128
1859368808,smqhm_64_32,81411787,128
1958281848,smqhm_64_32,84669940,128
2034309020,smqhm_64_32,87515469,128
2000885856,smqhm_64_32,86364046,128
1892911564,smqhm_64_32,82458657,128
1918098958,smqhm_64_32,83270444,128
3144321642,smqhm_64_64,108250611,128
3136301688,smqhm_64_64,108763919,128
3197406794,smqhm_64_64,109933164,128
3198957382,smqhm_64_64,109913490,128
3484152520,smqhm_64_64,116778766,128
3132523528,smqhm_64_64,108196089,128
7118563646,smqhm_64_128,154997209,128
7246977670,smqhm_64_128,157681304,128
7255721464,smqhm_64_128,156808936,128
7097348912,smqhm_64_128,154543131,128
7512367254,smqhm_64_128,160727877,128
6939668446,smqhm_64_128,152973557,128
17416947076,smqhm_64_256,214908476,128
17674252146,smqhm_64_256,215437527,128
17283996082,smqhm_64_256,213409313,128
18777667456,smqhm_64_256,224549177,128
18648362094,smqhm_64_256,219023139,128
18868553260,smqhm_64_256,224490887,128
34976624450,smqhm_64_512,263862420,128
37510429604,smqhm_64_512,268768739,128
32600342736,smqhm_64_512,256499240,128
33857723572,smqhm_64_512,263022696,128
34335135732,smqhm_64_512,264915263,128
34298666006,smqhm_64_512,258582149,128
45641560338,smqhm_64_1024,263487900,128
50521855900,smqhm_64_1024,276520781,128
47828406024,smqhm_64_1024,264540286,128
52219794268,smqhm_64_1024,279183661,128
53688958180,smqhm_64_1024,279888385,128
44631960246,smqhm_64_1024,260961323,128
1091329270,smqhm_128_1,103057136,128
1073843982,smqhm_128_1,100509193,128
1128666912,smqhm_128_1,102739338,128
1113525610,smqhm_128_1,103141989,128
1104749162,smqhm_128_1,104347535,128
1197998842,smqhm_128_1,109275212,128
991448270,smqhm_128_2,83861620,128
1151000008,smqhm_128_2,100841656,128
1063224444,smqhm_128_2,91254406,128
981581676,smqhm_128_2,83605660,128
1128359000,smqhm_128_2,97874237,128
985500946,smqhm_128_2,83752760,128
976501564,smqhm_128_4,73949044,128
963814864,smqhm_128_4,72508240,128
983931306,smqhm_128_4,73893773,128
990079912,smqhm_128_4,74670848,128
1312327996,smqhm_128_4,102305673,128
1021362344,smqhm_128_4,77209970,128
1123584084,smqhm_128_8,74252645,128
1048789544,smqhm_128_8,69052849,128
1039330382,smqhm_128_8,68762700,128
1049763886,smqhm_128_8,69296402,128
1113070286,smqhm_128_8,73457757,128
1157882570,smqhm_128_8,76684023,128
1346729582,smqhm_128_16,75333321,128
1331874490,smqhm_128_16,74520696,128
1666843616,smqhm_128_16,92121929,128
1348582980,smqhm_128_16,75698880,128
1362725430,smqhm_128_16,76412010,128
1352168014,smqhm_128_16,75572842,128
2397723102,smqhm_128_32,99709092,128
2702912528,smqhm_128_32,111242281,128
2147557954,smqhm_128_32,91109325,128
2156604888,smqhm_128_32,91764088,128
2463653828,smqhm_128_32,101747008,128
2116503692,smqhm_128_32,89967231,128
3727816888,smqhm_128_64,120344441,128
3676573436,smqhm_128_64,118660358,128
3615847338,smqhm_128_64,116898623,128
3664707534,smqhm_128_64,118139879,128
3675587232,smqhm_128_64,118396578,128
3627493938,smqhm_128_64,116877150,128
8661542560,smqhm_128_128,170822203,128
8242604348,smqhm_128_128,165022189,128
8319542206,smqhm_128_128,165529059,128
9027365690,smqhm_128_128,176459928,128
8414315450,smqhm_128_128,167061052,128
8405021590,smqhm_128_128,167554542,128
21852454118,smqhm_128_256,243192365,128
22212873428,smqhm_128_256,244044698,128
22697796706,smqhm_128_256,249337031,128
22551970626,smqhm_128_256,247946746,128
21850294688,smqhm_128_256,239128064,128
21421297688,smqhm_128_256,236502838,128
48669656838,smqhm_128_512,318988055,128
55798548258,smqhm_128_512,349651567,128
44828195240,smqhm_128_512,304605940,128
48000179354,smqhm_128_512,320381861,128
48894980958,smqhm_128_512,326824300,128
44089764864,smqhm_128_512,304443504,128
70804568328,smqhm_128_1024,355682190,128
66868556476,smqhm_128_1024,334572166,128
72894748564,smqhm_128_1024,357078707,128
73806933790,smqhm_128_1024,348632377,128
70451509462,smqhm_128_1024,348727309,128
65363420014,smqhm_128_1024,331229826,128
1491367866,smqhm_256_1,148878763,128
1346676130,smqhm_256_1,132483600,128
1360061440,smqhm_256_1,131630768,128
1317206782,smqhm_256_1,129474364,128
1333244746,smqhm_256_1,132541602,128
1463082480,smqhm_256_1,146731233,128
1420747314,smqhm_256_2,123115647,128
1205068708,smqhm_256_2,106946250,128
1240856474,smqhm_256_2,111684626,128
1476600894,smqhm_256_2,134000305,128
1344651832,smqhm_256_2,122603233,128
1471421632,smqhm_256_2,134645356,128
1169287170,smqhm_256_4,91048631,128
1314113646,smqhm_256_4,104148506,128
1313477490,smqhm_256_4,103876033,128
1179632990,smqhm_256_4,92056442,128
1264084952,smqhm_256_4,99396596,128
1216288816,smqhm_256_4,94979696,128
1335504338,smqhm_256_8,90442926,128
1459028294,smqhm_256_8,95906657,128
1553533016,smqhm_256_8,105671736,128
1267904396,smqhm_256_8,85674149,128
1310644812,smqhm_256_8,88405646,128
1270283206,smqhm_256_8,85317286,128
1587528620,smqhm_256_16,88006918,128
1940207854,smqhm_256_16,107393601,128
1681802680,smqhm_256_16,93365982,128
1548246156,smqhm_256_16,86165120,128
1605813482,smqhm_256_16,89587453,128
1523543392,smqhm_256_16,85110272,128
2484149466,smqhm_256_32,101580655,128
2667964856,smqhm_256_32,107769815,128
2445542014,smqhm_256_32,100179240,128
2491799884,smqhm_256_32,101798992,128
3229443062,smqhm_256_32,127823856,128
3002348236,smqhm_256_32,119450447,128
4221980178,smqhm_256_64,127692496,128
4258535762,smqhm_256_64,128552986,128
4176647494,smqhm_256_64,126270370,128
4900060196,smqhm_256_64,142387426,128
5152457454,smqhm_256_64,147466469,128
4370237702,smqhm_256_64,131224083,128
10502891342,smqhm_256_128,187645113,128
9611470134,smqhm_256_128,176989600,128
9840682770,smqhm_256_128,180534780,128
9473759372,smqhm_256_128,174862376,128
9239275110,smqhm_256_128,171815347,128
9493493296,smqhm_256_128,175504449,128
24938334502,smqhm_256_256,253181316,128
25193535912,smqhm_256_256,256563964,128
24302283646,smqhm_256_256,249729380,128
24431160362,smqhm_256_256,250026267,128
23954870476,smqhm_256_256,247759589,128
24096914550,smqhm_256_256,249008501,128
51697703096,smqhm_256_512,344892441,128
54257890890,smqhm_256_512,350098580,128
49217061906,smqhm_256_512,321088104,128
54462836774,smqhm_256_512,357649993,128
51091713992,smqhm_256_512,332731405,128
54299509282,smqhm_256_512,357450738,128
81074760074,smqhm_256_1024,406011917,128
68354111568,smqhm_256_1024,348731528,128
71957838430,smqhm_256_1024,351561709,128
79048121176,smqhm_256_1024,399805602,128
81860831538,smqhm_256_1024,394600280,128
73227103728,smqhm_256_1024,374348214,128
1590594286,smqhm_512_1,160451375,128
1750589084,smqhm_512_1,178772164,128
1824354350,smqhm_512_1,181793845,128
1600587524,smqhm_512_1,163477746,128
1651490820,smqhm_512_1,166559313,128
1643304158,smqhm_512_1,160318828,128
1611517592,smqhm_512_2,147296642,128
1511260474,smqhm_512_2,134031447,128
1846049502,smqhm_512_2,174684051,128
1625400576,smqhm_512_2,151076701,128
1472933932,smqhm_512_2,131345074,128
1638827974,smqhm_512_2,146182170,128
1452836088,smqhm_512_4,116560086,128
1687335634,smqhm_512_4,137244154,128
1660035560,smqhm_512_4,134917675,128
1974350596,smqhm_512_4,163073352,128
1525120636,smqhm_512_4,123032829,128
1539008384,smqhm_512_4,123711033,128
1548323648,smqhm_512_8,105595705,128
1528987850,smqhm_512_8,103499343,128
2125249496,smqhm_512_8,146846187,128
1546777696,smqhm_512_8,105808764,128
2010085872,smqhm_512_8,138529096,128
1506523138,smqhm_512_8,102514927,128
2244077742,smqhm_512_16,122627845,128
1872165072,smqhm_512_16,103068617,128
1852506632,smqhm_512_16,101737297,128
2610965596,smqhm_512_16,143734174,128
2132651060,smqhm_512_16,117414144,128
2641316616,smqhm_512_16,144467682,128
3336404520,smqhm_512_32,130036831,128
3708751160,smqhm_512_32,143799739,128
3307462612,smqhm_512_32,128797503,128
3312502212,smqhm_512_32,129214574,128
3187973944,smqhm_512_32,125134253,128
3155518262,smqhm_512_32,123326727,128
5012551528,smqhm_512_64,140140963,128
4985897958,smqhm_512_64,140009818,128
5172237164,smqhm_512_64,144819760,128
5179907036,smqhm_512_64,143963904,128
5016867744,smqhm_512_64,141160274,128
4944929926,smqhm_512_64,139499107,128
11029328142,smqhm_512_128,186213998,128
10296005144,smqhm_512_128,176577993,128
10397596912,smqhm_512_128,178559406,128
10019194008,smqhm_512_128,174487721,128
12245701398,smqhm_512_128,200328259,128
11660799334,smqhm_512_128,192285892,128
26035148724,smqhm_512_256,248729313,128
25400617686,smqhm_512_256,248132048,128
27149016288,smqhm_512_256,260337145,128
25895176818,smqhm_512_256,251395879,128
27732762306,smqhm_512_256,262885258,128
26447047898,smqhm_512_256,259659512,128
54214849004,smqhm_512_512,349221279,128
54445061650,smqhm_512_512,353451752,128
59187939052,smqhm_512_512,369830046,128
54857154192,smqhm_512_512,359364300,128
59100891080,smqhm_512_512,372523244,128
54151194738,smqhm_512_512,353639250,128
81157848116,smqhm_512_1024,417889204,128
77979294310,smqhm_512_1024,406059940,128
80193582442,smqhm_512_1024,414154031,128
77639590880,smqhm_512_1024,393131676,128
80644879932,smqhm_512_1024,408896931,128
83505197716,smqhm_512_1024,416442707,128
1894867456,smqhm_1024_1,196249835,128
1932098938,smqhm_1024_1,192395402,128
2083418782,smqhm_1024_1,214197146,128
1782072606,smqhm_1024_1,185135557,128
1952916668,smqhm_1024_1,201408710,128
1967351308,smqhm_1024_1,197015950,128
2121349924,smqhm_1024_2,202445861,128
1735434532,smqhm_1024_2,162113009,128
1935877360,smqhm_1024_2,182654829,128
1816347830,smqhm_1024_2,168983236,128
1910260688,smqhm_1024_2,178875166,128
2156758844,smqhm_1024_2,199661673,128
2031480264,smqhm_1024_4,167396462,128
2357134904,smqhm_1024_4,197509122,128
1955474018,smqhm_1024_4,160500645,128
2025423726,smqhm_1024_4,166746247,128
1845668272,smqhm_1024_4,150779138,128
1807160594,smqhm_1024_4,147018885,128
2005189532,smqhm_1024_8,138168797,128
2211483286,smqhm_1024_8,152425314,128
2642738956,smqhm_1024_8,183079948,128
1927468018,smqhm_1024_8,132758454,128
2498795574,smqhm_1024_8,173823956,128
1909056766,smqhm_1024_8,131177933,128
2339977160,smqhm_1024_16,126806787,128
2889245872,smqhm_1024_16,155828833,128
2426299710,smqhm_1024_16,132083890,128
2574725046,smqhm_1024_16,138911831,128
2690422332,smqhm_1024_16,145081645,128
2355955896,smqhm_1024_16,127853861,128
3456652260,smqhm_1024_32,132033958,128
4589467218,smqhm_1024_32,169829552,128
3750746872,smqhm_1024_32,141327284,128
3361039738,smqhm_1024_32,128277168,128
4701659190,smqhm_1024_32,176033112,128
5191689672,smqhm_1024_32,194286942,128
5839144110,smqhm_1024_64,152646563,128
6427313838,smqhm_1024_64,166007095,128
7496656484,smqhm_1024_64,190822901,128
7418713234,smqhm_1024_64,188357823,128
7957424994,smqhm_1024_64,200448578,128
6081098224,smqhm_1024_64,158084087,128
12960456972,smqhm_1024_128,202656337,128
12043554944,smqhm_1024_128,190987486,128
12058609514,smqhm_1024_128,192269821,128
13298764364,smqhm_1024_128,206464964,128
13987875842,smqhm_1024_128,212700553,128
12516280456,smqhm_1024_128,193236604,128
29055608742,smqhm_1024_256,270199123,128
28765716290,smqhm_1024_256,266626648,128
29935304088,smqhm_1024_256,269302694,128
29710274396,smqhm_1024_256,272020423,128
28823710770,smqhm_1024_256,265465673,128
28135998348,smqhm_1024_256,262549735,128
61008869216,smqhm_1024_512,374936518,128
60458502588,smqhm_1024_512,371939219,128
57690959820,smqhm_1024_512,353213815,128
60905278552,smqhm_1024_512,387383997,128
59059707538,smqhm_1024_512,366357867,128
57140653694,smqhm_1024_512,352402225,128
91609521308,smqhm_1024_1024,453844565,128
76319078566,smqhm_1024_1024,376441045,128
88782075008,smqhm_1024_1024,438736722,128
97135387904,smqhm_1024_1024,492308967,128
97437461718,smqhm_1024_1024,482784423,128
87824311562,smqhm_1024_1024,440073164,128
