136462232,smqhm_1_1,6295034,128
137757002,smqhm_1_1,6297149,128
137173440,smqhm_1_1,6297635,128
139184586,smqhm_1_1,6294686,128
136723138,smqhm_1_1,6294112,128
137478208,smqhm_1_1,6295814,128
229315368,smqhm_1_2,6300603,128
230461492,smqhm_1_2,6306357,128
229601328,smqhm_1_2,6301113,128
229203460,smqhm_1_2,6300885,128
231090806,smqhm_1_2,6300375,128
229716538,smqhm_1_2,6301295,128
147466278,smqhm_1_4,6305445,128
145790298,smqhm_1_4,6303195,128
145036738,smqhm_1_4,6308559,128
146377670,smqhm_1_4,6299905,128
147169998,smqhm_1_4,6301445,128
149328690,smqhm_1_4,6300973,128
318811178,smqhm_1_8,6366024,128
291105642,smqhm_1_8,6361524,128
302102562,smqhm_1_8,6366487,128
316881856,smqhm_1_8,6366964,128
291155666,smqhm_1_8,6353117,128
334834360,smqhm_1_8,6367214,128
374178506,smqhm_1_16,6476506,128
355236668,smqhm_1_16,6462626,128
383786854,smqhm_1_16,6481328,128
405210716,smqhm_1_16,6473422,128
364530630,smqhm_1_16,6450966,128
386044992,smqhm_1_16,6475287,128
679097344,smqhm_1_32,6697961,128
745428352,smqhm_1_32,6745486,128
695402980,smqhm_1_32,6710728,128
655517810,smqhm_1_32,6715568,128
993778606,smqhm_1_32,6830459,128
697620330,smqhm_1_32,6740685,128
1080768114,smqhm_1_64,6966658,128
956346994,smqhm_1_64,6881659,128
1028807246,smqhm_1_64,6907247,128
1371213118,smqhm_1_64,7048744,128
1025212400,smqhm_1_64,6887735,128
1192758910,smqhm_1_64,7031456,128
1508672058,smqhm_1_128,7059224,128
1583474472,smqhm_1_128,7156960,128
1710432878,smqhm_1_128,7279744,128
1402304642,smqhm_1_128,7041875,128
2014926494,smqhm_1_128,7280918,128
1478277692,smqhm_1_128,7027946,128
2381936702,smqhm_1_256,7172410,128
2385051086,smqhm_1_256,7209591,128
2297050970,smqhm_1_256,7221329,128
2304149864,smqhm_1_256,7112417,128
2480269220,smqhm_1_256,7274724,128
2368109598,smqhm_1_256,7260271,128
3790319252,smqhm_1_512,6980530,128
4190961326,smqhm_1_512,7229896,128
3872769818,smqhm_1_512,7029211,128
4304360068,smqhm_1_512,7184989,128
3882919500,smqhm_1_512,7057449,128
3910507452,smqhm_1_512,7071094,128
6991415520,smqhm_1_1024,7121409,128
6952979294,smqhm_1_1024,7156548,128
6850849858,smqhm_1_1024,7066980,128
6595760654,smqhm_1_1024,7008123,128
6773275136,smqhm_1_1024,7077371,128
6878402176,smqhm_1_1024,7080380,128
103751038,smqhm_2_1,6376203,128
101854434,smqhm_2_1,6370517,128
101402454,smqhm_2_1,6373710,128
104234138,smqhm_2_1,6376672,128
104250692,smqhm_2_1,6370228,128
102322970,smqhm_2_1,6372816,128
151994894,smqhm_2_2,6358009,128
152957820,smqhm_2_2,6384884,128
149733958,smqhm_2_2,6363904,128
150677224,smqhm_2_2,6361315,128
152208452,smqhm_2_2,6356585,128
153643898,smqhm_2_2,6365499,128
113412784,smqhm_2_4,6354702,128
111309556,smqhm_2_4,6355295,128
111589562,smqhm_2_4,6354432,128
111399028,smqhm_2_4,6353501,128
111781238,smqhm_2_4,6358974,128
113796282,smqhm_2_4,6351545,128
181951166,smqhm_2_8,6471061,128
188240858,smqhm_2_8,6479852,128
177839882,smqhm_2_8,6457317,128
194191952,smqhm_2_8,6466968,128
202225062,smqhm_2_8,6482241,128
188135618,smqhm_2_8,6477507,128
235135844,smqhm_2_16,6702634,128
249298570,smqhm_2_16,6699833,128
249069940,smqhm_2_16,6709167,128
259758256,smqhm_2_16,6718958,128
237706570,smqhm_2_16,6704298,128
209983716,smqhm_2_16,6666689,128
510618886,smqhm_2_32,7100017,128
487567498,smqhm_2_32,7065298,128
524051394,smqhm_2_32,7099193,128
710972184,smqhm_2_32,7294485,128
742473222,smqhm_2_32,7313885,128
629286830,smqhm_2_32,7206795,128
818402452,smqhm_2_64,7439404,128
877575758,smqhm_2_64,7545305,128
865745490,smqhm_2_64,7494922,128
761741270,smqhm_2_64,7390904,128
857106980,smqhm_2_64,7503904,128
906157320,smqhm_2_64,7522768,128
1605133338,smqhm_2_128,8007284,128
1411012322,smqhm_2_128,7831093,128
1212222654,smqhm_2_128,7684213,128
1202415256,smqhm_2_128,7649778,128
1590715298,smqhm_2_128,8004124,128
1350730994,smqhm_2_128,7737173,128
2260994688,smqhm_2_256,7972959,128
2176056302,smqhm_2_256,7840627,128
2187237382,smqhm_2_256,7907256,128
2221689290,smqhm_2_256,7879412,128
2146376726,smqhm_2_256,7827960,128
2115819656,smqhm_2_256,7863039,128
4199921574,smqhm_2_512,7906280,128
3604398282,smqhm_2_512,7683575,128
3524477256,smqhm_2_512,7707969,128
3573871442,smqhm_2_512,7649186,128
3461392048,smqhm_2_512,7649311,128
4187403858,smqhm_2_512,7914383,128
6405778564,smqhm_2_1024,7847583,128
6612968674,smqhm_2_1024,7816778,128
6334094588,smqhm_2_1024,7748473,128
6355766470,smqhm_2_1024,7808146,128
8273994972,smqhm_2_1024,8213776,128
6654597128,smqhm_2_1024,7885785,128
88378404,smqhm_4_1,6677027,128
91722020,smqhm_4_1,6672194,128
90690454,smqhm_4_1,6688233,128
88705644,smqhm_4_1,6671739,128
88892124,smqhm_4_1,6661972,128
87628956,smqhm_4_1,6662993,128
116557196,smqhm_4_2,6517755,128
119491666,smqhm_4_2,6516840,128
119071066,smqhm_4_2,6508580,128
118179062,smqhm_4_2,6518987,128
116869046,smqhm_4_2,6508299,128
117238890,smqhm_4_2,6519397,128
94956950,smqhm_4_4,6466301,128
94236972,smqhm_4_4,6472659,128
94093380,smqhm_4_4,6465213,128
97220910,smqhm_4_4,6476831,128
96458684,smqhm_4_4,6475072,128
96203400,smqhm_4_4,6455852,128
133260406,smqhm_4_8,6709237,128
133278394,smqhm_4_8,6723964,128
128927884,smqhm_4_8,6720077,128
128043764,smqhm_4_8,6715269,128
129788196,smqhm_4_8,6725610,128
128313590,smqhm_4_8,6706453,128
168608200,smqhm_4_16,7143320,128
163792588,smqhm_4_16,7162144,128
170369498,smqhm_4_16,7165993,128
169597202,smqhm_4_16,7122136,128
172994750,smqhm_4_16,7125369,128
167763468,smqhm_4_16,7114420,128
383193750,smqhm_4_32,7753429,128
356946746,smqhm_4_32,7677018,128
471457238,smqhm_4_32,7855902,128
522899656,smqhm_4_32,7910202,128
401574948,smqhm_4_32,7752040,128
390745282,smqhm_4_32,7731784,128
607476674,smqhm_4_64,8216854,128
567211808,smqhm_4_64,8088315,128
657351412,smqhm_4_64,8264849,128
549606988,smqhm_4_64,8124432,128
650343524,smqhm_4_64,8303124,128
678649310,smqhm_4_64,8312903,128
1293573910,smqhm_4_128,9071983,128
1294020950,smqhm_4_128,9086560,128
972047464,smqhm_4_128,8589576,128
1081311232,smqhm_4_128,8680992,128
1658581954,smqhm_4_128,9223807,128
1292759124,smqhm_4_128,9030037,128
1892577118,smqhm_4_256,8954083,128
2491981498,smqhm_4_256,9223725,128
1912281728,smqhm_4_256,8966568,128
2162996932,smqhm_4_256,9157399,128
1917169296,smqhm_4_256,8999960,128
1895288686,smqhm_4_256,8963355,128
2930696752,smqhm_4_512,8662593,128
2941117350,smqhm_4_512,8618563,128
4824724316,smqhm_4_512,9505853,128
2998081642,smqhm_4_512,8725744,128
3021421690,smqhm_4_512,8683267,128
3691571160,smqhm_4_512,8963716,128
5383502512,smqhm_4_1024,9080690,128
5319591610,smqhm_4_1024,8853001,128
5075236998,smqhm_4_1024,8900666,128
5142600726,smqhm_4_1024,8911455,128
5685003274,smqhm_4_1024,8913239,128
6008908450,smqhm_4_1024,8953432,128
90468436,smqhm_8_1,7684938,128
87848452,smqhm_8_1,7655560,128
87473970,smqhm_8_1,7649365,128
89867112,smqhm_8_1,7645538,128
88093950,smqhm_8_1,7683406,128
87578644,smqhm_8_1,7662263,128
98342804,smqhm_8_2,6945328,128
98478510,smqhm_8_2,6981424,128
101443590,smqhm_8_2,6954985,128
99169986,smqhm_8_2,6995520,128
99381784,smqhm_8_2,6980016,128
99774968,smqhm_8_2,6956890,128
89709294,smqhm_8_4,6771947,128
87693508,smqhm_8_4,6758201,128
89915288,smqhm_8_4,6762102,128
87549830,smqhm_8_4,6772370,128
89629790,smqhm_8_4,6783355,128
87744108,smqhm_8_4,6773229,128
102962624,smqhm_8_8,7129925,128
103904886,smqhm_8_8,7130200,128
102150298,smqhm_8_8,7102119,128
101804126,smqhm_8_8,7125397,128
102138654,smqhm_8_8,7089997,128
101466950,smqhm_8_8,7138414,128
142087242,smqhm_8_16,7797365,128
142424102,smqhm_8_16,7832630,128
143660884,smqhm_8_16,7794438,128
140950488,smqhm_8_16,7805788,128
141987520,smqhm_8_16,7839979,128
149358896,smqhm_8_16,7796841,128
353558540,smqhm_8_32,8646511,128
268299076,smqhm_8_32,8579075,128
277690138,smqhm_8_32,8584951,128
281449670,smqhm_8_32,8634661,128
271921282,smqhm_8_32,8526570,128
272831672,smqhm_8_32,8572509,128
491988050,smqhm_8_64,9302675,128
478589222,smqhm_8_64,9296296,128
446076452,smqhm_8_64,9145552,128
471772978,smqhm_8_64,9306452,128
481857982,smqhm_8_64,9288984,128
474919574,smqhm_8_64,9334632,128
813397584,smqhm_8_128,9945029,128
880500006,smqhm_8_128,10095326,128
754170370,smqhm_8_128,9877234,128
944468666,smqhm_8_128,10050618,128
917208208,smqhm_8_128,10127363,128
918265926,smqhm_8_128,10129964,128
1473091540,smqhm_8_256,10145298,128
1482178092,smqhm_8_256,9996981,128
1327353288,smqhm_8_256,9924432,128
1300447606,smqhm_8_256,9936702,128
1502942466,smqhm_8_256,10090851,128
1365657062,smqhm_8_256,10134587,128
2158534024,smqhm_8_512,10069780,128
2182738408,smqhm_8_512,10135356,128
2248923182,smqhm_8_512,10082337,128
2297472920,smqhm_8_512,10027768,128
2153400974,smqhm_8_512,10150966,128
2945848486,smqhm_8_512,10411475,128
3220149098,smqhm_8_1024,10194990,128
3915944988,smqhm_8_1024,10230927,128
5023142790,smqhm_8_1024,10864625,128
5098863746,smqhm_8_1024,10722020,128
3317639796,smqhm_8_1024,10235450,128
5266412758,smqhm_8_1024,10814473,128
97231406,smqhm_16_1,9683739,128
99944716,smqhm_16_1,9950058,128
98455030,smqhm_16_1,9835807,128
98836592,smqhm_16_1,9901344,128
99019262,smqhm_16_1,9888627,128
101028154,smqhm_16_1,10011911,128
95328440,smqhm_16_2,8110471,128
97010308,smqhm_16_2,8066125,128
94527184,smqhm_16_2,8048389,128
94759600,smqhm_16_2,8111441,128
96394454,smqhm_16_2,8049142,128
95015532,smqhm_16_2,8134853,128
87603048,smqhm_16_4,7420162,128
86642864,smqhm_16_4,7470838,128
87013196,smqhm_16_4,7443589,128
86037530,smqhm_16_4,7412824,128
86029268,smqhm_16_4,7372544,128
86468858,smqhm_16_4,7454464,128
97388748,smqhm_16_8,7706515,128
95167360,smqhm_16_8,7597893,128
96083746,smqhm_16_8,7618444,128
96636900,smqhm_16_8,7716538,128
97164846,smqhm_16_8,7705546,128
97250906,smqhm_16_8,7754552,128
134696526,smqhm_16_16,8628992,128
135338084,smqhm_16_16,8776101,128
133775804,smqhm_16_16,8710422,128
135060552,smqhm_16_16,8786781,128
133278460,smqhm_16_16,8703860,128
134083594,smqhm_16_16,8693369,128
211158770,smqhm_16_32,9720194,128
207184478,smqhm_16_32,9747960,128
214151786,smqhm_16_32,9760655,128
204156772,smqhm_16_32,9735234,128
206547444,smqhm_16_32,9704957,128
212178326,smqhm_16_32,9778035,128
326242628,smqhm_16_64,10717655,128
343918170,smqhm_16_64,10737759,128
316106910,smqhm_16_64,10482102,128
359024038,smqhm_16_64,10722264,128
320693438,smqhm_16_64,10697549,128
368813702,smqhm_16_64,10620923,128
643060968,smqhm_16_128,11142588,128
511044146,smqhm_16_128,11098976,128
574929406,smqhm_16_128,11350394,128
691519216,smqhm_16_128,11496831,128
519888684,smqhm_16_128,11276677,128
563002108,smqhm_16_128,11255051,128
928761534,smqhm_16_256,11499061,128
975604808,smqhm_16_256,11593140,128
1027064714,smqhm_16_256,11621265,128
966984380,smqhm_16_256,11524369,128
974176272,smqhm_16_256,11662485,128
1128439528,smqhm_16_256,11792542,128
1536522824,smqhm_16_512,12221870,128
1581554856,smqhm_16_512,12063887,128
1635393396,smqhm_16_512,12076504,128
1619025418,smqhm_16_512,12457686,128
1506609912,smqhm_16_512,11682308,128
1614699116,smqhm_16_512,12890763,128
2864407722,smqhm_16_1024,12710810,128
2729905216,smqhm_16_1024,12670248,128
2918593000,smqhm_16_1024,12565186,128
2819945654,smqhm_16_1024,12728267,128
2861132150,smqhm_16_1024,12603199,128
2938167656,smqhm_16_1024,12467735,128
118067352,smqhm_32_1,13445721,128
119935634,smqhm_32_1,13785339,128
118001794,smqhm_32_1,13558066,128
119999310,smqhm_32_1,13345981,128
118071630,smqhm_32_1,13180152,128
115433770,smqhm_32_1,13059593,128
104369544,smqhm_32_2,10454502,128
103222696,smqhm_32_2,10312708,128
103031530,smqhm_32_2,10156658,128
103842624,smqhm_32_2,10150484,128
106007468,smqhm_32_2,10595244,128
103345894,smqhm_32_2,10196600,128
93548512,smqhm_32_4,8695716,128
92578052,smqhm_32_4,8620379,128
90170642,smqhm_32_4,8551662,128
91520316,smqhm_32_4,8757504,128
92048836,smqhm_32_4,8709251,128
90654142,smqhm_32_4,8636417,128
97730746,smqhm_32_8,8700767,128
97029270,smqhm_32_8,8525900,128
96314354,smqhm_32_8,8528432,128
97303160,smqhm_32_8,8673602,128
95611188,smqhm_32_8,8480874,128
95749934,smqhm_32_8,8472806,128
133821586,smqhm_32_16,9761886,128
137770004,smqhm_32_16,9741950,128
133573360,smqhm_32_16,9699993,128
135279998,smqhm_32_16,9850310,128
134228148,smqhm_32_16,9634287,128
134807232,smqhm_32_16,9776904,128
192819536,smqhm_32_32,11145279,128
188420746,smqhm_32_32,11346415,128
189331330,smqhm_32_32,11260466,128
191475648,smqhm_32_32,11377707,128
192592824,smqhm_32_32,11151064,128
191578214,smqhm_32_32,11382014,128
294883200,smqhm_32_64,12899980,128
304504474,smqhm_32_64,12989295,128
314628954,smqhm_32_64,12991868,128
285913096,smqhm_32_64,12930681,128
337513704,smqhm_32_64,12815758,128
285795640,smqhm_32_64,12783621,128
539530710,smqhm_32_128,14134959,128
519367544,smqhm_32_128,14087453,128
536708964,smqhm_32_128,14399446,128
598316764,smqhm_32_128,14035515,128
628083030,smqhm_32_128,13879399,128
508625892,smqhm_32_128,14052137,128
848489982,smqhm_32_256,15411520,128
922143156,smqhm_32_256,14716004,128
901423872,smqhm_32_256,15197396,128
872674528,smqhm_32_256,14927169,128
893296524,smqhm_32_256,15409188,128
884807824,smqhm_32_256,15463068,128
1840136982,smqhm_32_512,17188075,128
1913158646,smqhm_32_512,17366380,128
1804053248,smqhm_32_512,17256044,128
1941085690,smqhm_32_512,17963231,128
1891174346,smqhm_32_512,17890631,128
1930318078,smqhm_32_512,18163518,128
3393197582,smqhm_32_1024,16021914,128
3354817478,smqhm_32_1024,16683049,128
3232018440,smqhm_32_1024,16000568,128
3269972230,smqhm_32_1024,16133952,128
3354824026,smqhm_32_1024,16097696,128
3368153096,smqhm_32_1024,16091035,128
147815232,smqhm_64_1,18554136,128
151981980,smqhm_64_1,19217938,128
157019186,smqhm_64_1,20018134,128
150008416,smqhm_64_1,19243420,128
149042158,smqhm_64_1,18800351,128
152638156,smqhm_64_1,19306474,128
119186618,smqhm_64_2,13493405,128
119169830,smqhm_64_2,13518887,128
120519958,smqhm_64_2,13602664,128
121695162,smqhm_64_2,13887843,128
120048106,smqhm_64_2,13643925,128
122494488,smqhm_64_2,13939002,128
104302060,smqhm_64_4,10950095,128
105280082,smqhm_64_4,11100765,128
104212166,smqhm_64_4,11022333,128
104018558,smqhm_64_4,10916534,128
103591688,smqhm_64_4,10933656,128
101898544,smqhm_64_4,10759158,128
103462732,smqhm_64_8,9969224,128
104479258,smqhm_64_8,10163295,128
102376922,smqhm_64_8,9941024,128
102491588,smqhm_64_8,10017422,128
103213636,smqhm_64_8,10034280,128
102380482,smqhm_64_8,9898264,128
141185414,smqhm_64_16,11123580,128
139698064,smqhm_64_16,10974242,128
140597470,smqhm_64_16,11079056,128
138477480,smqhm_64_16,10880266,128
141479040,smqhm_64_16,11159858,128
143347880,smqhm_64_16,11332082,128
188417312,smqhm_64_32,13109746,128
201339304,smqhm_64_32,13236640,128
190463642,smqhm_64_32,13126308,128
197783462,smqhm_64_32,13242841,128
193058440,smqhm_64_32,13047688,128
201016300,smqhm_64_32,13276047,128
280879552,smqhm_64_64,15937040,128
322230808,smqhm_64_64,16341136,128
305129066,smqhm_64_64,16155767,128
289569588,smqhm_64_64,15960716,128
294306118,smqhm_64_64,15656709,128
295333236,smqhm_64_64,15858716,128
604672866,smqhm_64_128,19453176,128
572852214,smqhm_64_128,18920891,128
573888314,smqhm_64_128,19808836,128
604498134,smqhm_64_128,20110122,128
564885116,smqhm_64_128,18100044,128
604005842,smqhm_64_128,18366231,128
1118437712,smqhm_64_256,19650149,128
1053006482,smqhm_64_256,20348736,128
1027802864,smqhm_64_256,19779742,128
1066267186,smqhm_64_256,21147755,128
1068378668,smqhm_64_256,20518319,128
1028902652,smqhm_64_256,20549605,128
2512188556,smqhm_64_512,23516814,128
2502828200,smqhm_64_512,23392579,128
2514380098,smqhm_64_512,24161596,128
2470047418,smqhm_64_512,23871723,128
2456195508,smqhm_64_512,23184971,128
2351516700,smqhm_64_512,23258271,128
4400038994,smqhm_64_1024,20992620,128
4076437830,smqhm_64_1024,20781651,128
4298402744,smqhm_64_1024,21102860,128
4379200762,smqhm_64_1024,20840141,128
4035058726,smqhm_64_1024,19925026,128
4126097684,smqhm_64_1024,20927207,128
181170800,smqhm_128_1,25105326,128
202628338,smqhm_128_1,28124848,128
184452616,smqhm_128_1,25827010,128
191099606,smqhm_128_1,26850196,128
191897438,smqhm_128_1,26978995,128
198137614,smqhm_128_1,27690822,128
155905994,smqhm_128_2,19730576,128
152772392,smqhm_128_2,19165893,128
154953764,smqhm_128_2,19752200,128
153925604,smqhm_128_2,19063786,128
146393724,smqhm_128_2,18458186,128
162559528,smqhm_128_2,20375129,128
125928680,smqhm_128_4,14709685,128
123208780,smqhm_128_4,14185429,128
125536936,smqhm_128_4,14707911,128
122925996,smqhm_128_4,14199722,128
127781620,smqhm_128_4,14892737,128
126273252,smqhm_128_4,14803282,128
117857068,smqhm_128_8,12558686,128
116030934,smqhm_128_8,12271465,128
115856524,smqhm_128_8,12311082,128
116756978,smqhm_128_8,12393334,128
117287132,smqhm_128_8,12472907,128
117065802,smqhm_128_8,12406506,128
159396508,smqhm_128_16,13530317,128
156764540,smqhm_128_16,13301034,128
154495854,smqhm_128_16,13138257,128
152986528,smqhm_128_16,13004371,128
152168940,smqhm_128_16,12931322,128
157679124,smqhm_128_16,13438596,128
198423588,smqhm_128_32,15259371,128
198961246,smqhm_128_32,15017329,128
204175540,smqhm_128_32,15637150,128
209134670,smqhm_128_32,15703044,128
204210936,smqhm_128_32,15614556,128
208687850,smqhm_128_32,15509486,128
359641100,smqhm_128_64,20975074,128
331931262,smqhm_128_64,20717211,128
334601644,smqhm_128_64,20108833,128
333404350,smqhm_128_64,19936109,128
333274364,smqhm_128_64,20095689,128
353707072,smqhm_128_64,20821596,128
753004466,smqhm_128_128,26518028,128
744996982,smqhm_128_128,27150137,128
725357922,smqhm_128_128,25115807,128
692140680,smqhm_128_128,24704733,128
845355718,smqhm_128_128,26839115,128
714737236,smqhm_128_128,26306522,128
1414281252,smqhm_128_256,26681388,128
1463041248,smqhm_128_256,25805997,128
1322818236,smqhm_128_256,26503825,128
1373728634,smqhm_128_256,25297435,128
1353809154,smqhm_128_256,27319876,128
1333552924,smqhm_128_256,26698078,128
3251872472,smqhm_128_512,31147699,128
3192018456,smqhm_128_512,30099856,128
3463554770,smqhm_128_512,31106667,128
3228116426,smqhm_128_512,31958596,128
3243003546,smqhm_128_512,32325818,128
3351706436,smqhm_128_512,32368539,128
5644225776,smqhm_128_1024,27461477,128
4998476932,smqhm_128_1024,24689861,128
5465460080,smqhm_128_1024,27067943,128
5062642638,smqhm_128_1024,26338753,128
5180274516,smqhm_128_1024,25766453,128
5168286342,smqhm_128_1024,26009662,128
243450148,smqhm_256_1,36280558,128
229420230,smqhm_256_1,33943297,128
239516442,smqhm_256_1,35891273,128
246992996,smqhm_256_1,36914189,128
224817976,smqhm_256_1,32883084,128
242797392,smqhm_256_1,35965178,128
192908034,smqhm_256_2,26671199,128
208497366,smqhm_256_2,28952861,128
197250604,smqhm_256_2,26849737,128
196750912,smqhm_256_2,27164074,128
202128748,smqhm_256_2,27946541,128
197961786,smqhm_256_2,26864927,128
165210640,smqhm_256_4,21290745,128
170511774,smqhm_256_4,22067237,128
160569784,smqhm_256_4,20374189,128
158634614,smqhm_256_4,19911681,128
156305470,smqhm_256_4,19905277,128
159803304,smqhm_256_4,20451840,128
137854066,smqhm_256_8,15860452,128
138498658,smqhm_256_8,16080822,128
140506042,smqhm_256_8,16170942,128
145470218,smqhm_256_8,16553978,128
135125570,smqhm_256_8,15206137,128
141487498,smqhm_256_8,16260979,128
187545282,smqhm_256_16,16958634,128
186893430,smqhm_256_16,17025231,128
183450368,smqhm_256_16,16514605,128
187427442,smqhm_256_16,16824047,128
184725716,smqhm_256_16,16666097,128
185992000,smqhm_256_16,16799207,128
231580510,smqhm_256_32,18735837,128
231179104,smqhm_256_32,18193088,128
231756290,smqhm_256_32,19075333,128
241332268,smqhm_256_32,19516724,128
231078858,smqhm_256_32,18806798,128
226379978,smqhm_256_32,18376344,128
411475188,smqhm_256_64,25357087,128
367066910,smqhm_256_64,24360057,128
453006080,smqhm_256_64,26851047,128
414399522,smqhm_256_64,24077921,128
415118232,smqhm_256_64,26364019,128
377014848,smqhm_256_64,25178056,128
903553216,smqhm_256_128,30040661,128
953477286,smqhm_256_128,34203651,128
911216726,smqhm_256_128,34704752,128
860467764,smqhm_256_128,33510839,128
792524080,smqhm_256_128,30008184,128
894395188,smqhm_256_128,30376065,128
1572752304,smqhm_256_256,32608798,128
1573818774,smqhm_256_256,32946949,128
1583784388,smqhm_256_256,33175628,128
1755703388,smqhm_256_256,34479404,128
1601214236,smqhm_256_256,34520652,128
1621540528,smqhm_256_256,33691958,128
4327853264,smqhm_256_512,42029029,128
4309785486,smqhm_256_512,41028067,128
4607889512,smqhm_256_512,43081965,128
4080224806,smqhm_256_512,39712850,128
4035275658,smqhm_256_512,40614517,128
4484452644,smqhm_256_512,43620720,128
6560498006,smqhm_256_1024,33385197,128
6177086082,smqhm_256_1024,30829866,128
6425300992,smqhm_256_1024,32705039,128
6773325906,smqhm_256_1024,31730729,128
5897099596,smqhm_256_1024,30802676,128
7014247334,smqhm_256_1024,32652564,128
305246680,smqhm_512_1,46363535,128
290838862,smqhm_512_1,44250255,128
296884914,smqhm_512_1,45246047,128
285693224,smqhm_512_1,43314127,128
306002418,smqhm_512_1,46454346,128
288242044,smqhm_512_1,44028054,128
236425716,smqhm_512_2,34425782,128
257245914,smqhm_512_2,37218566,128
232413100,smqhm_512_2,33637657,128
239715030,smqhm_512_2,34557954,128
250848174,smqhm_512_2,36628473,128
244024596,smqhm_512_2,36045049,128
193291444,smqhm_512_4,26590372,128
218772776,smqhm_512_4,30353860,128
202359874,smqhm_512_4,28173548,128
196348806,smqhm_512_4,27104002,128
203208404,smqhm_512_4,27683945,128
195534252,smqhm_512_4,26750784,128
172098930,smqhm_512_8,21261158,128
178735168,smqhm_512_8,22291472,128
182043520,smqhm_512_8,22879596,128
176281194,smqhm_512_8,22202641,128
170117400,smqhm_512_8,21124673,128
183482850,smqhm_512_8,22623812,128
232704440,smqhm_512_16,22022419,128
241729362,smqhm_512_16,22867364,128
226880272,smqhm_512_16,20942040,128
224473370,smqhm_512_16,20939085,128
238435490,smqhm_512_16,22743535,128
224797476,smqhm_512_16,21191420,128
288609518,smqhm_512_32,25185266,128
296234476,smqhm_512_32,25661734,128
275290220,smqhm_512_32,24096729,128
305153926,smqhm_512_32,25465636,128
317402942,smqhm_512_32,27006546,128
299949906,smqhm_512_32,24441199,128
429909054,smqhm_512_64,28977764,128
477848654,smqhm_512_64,29898512,128
444678296,smqhm_512_64,29501412,128
437021982,smqhm_512_64,29702679,128
460440726,smqhm_512_64,30735297,128
451142332,smqhm_512_64,30364631,128
1068441584,smqhm_512_128,42089220,128
947420642,smqhm_512_128,39154378,128
1021336770,smqhm_512_128,43110025,128
1011748388,smqhm_512_128,36778230,128
999352216,smqhm_512_128,36229147,128
942749466,smqhm_512_128,33846587,128
2035111764,smqhm_512_256,43815947,128
1984799704,smqhm_512_256,39538767,128
1902325206,smqhm_512_256,39020432,128
2181130838,smqhm_512_256,41428885,128
2026040490,smqhm_512_256,40125781,128
2034359106,smqhm_512_256,41565393,128
5118488832,smqhm_512_512,43803937,128
4328844002,smqhm_512_512,43050280,128
4801349838,smqhm_512_512,45443549,128
4486395858,smqhm_512_512,44420456,128
4184394860,smqhm_512_512,41084084,128
4389558888,smqhm_512_512,42846221,128
7603454814,smqhm_512_1024,38844312,128
8421632766,smqhm_512_1024,42411885,128
8044184420,smqhm_512_1024,40869688,128
8109375694,smqhm_512_1024,40819530,128
7408816174,smqhm_512_1024,37781618,128
7973376510,smqhm_512_1024,42032526,128
370519290,smqhm_1024_1,57903728,128
343002644,smqhm_1024_1,53764448,128
366838632,smqhm_1024_1,57001515,128
332049682,smqhm_1024_1,51087160,128
323271876,smqhm_1024_1,50164515,128
342600474,smqhm_1024_1,53049548,128
292543134,smqhm_1024_2,43524059,128
307821012,smqhm_1024_2,46671686,128
297809084,smqhm_1024_2,44405249,128
297214552,smqhm_1024_2,45139608,128
313702172,smqhm_1024_2,47186604,128
320192562,smqhm_1024_2,48043897,128
250361732,smqhm_1024_4,35964180,128
256978728,smqhm_1024_4,37172813,128
262344020,smqhm_1024_4,38289382,128
248330684,smqhm_1024_4,36206514,128
257138178,smqhm_1024_4,37501251,128
249267508,smqhm_1024_4,35594166,128
228408204,smqhm_1024_8,30077709,128
228678028,smqhm_1024_8,30946474,128
218822420,smqhm_1024_8,29453837,128
236992272,smqhm_1024_8,31381496,128
222145420,smqhm_1024_8,29474015,128
225945568,smqhm_1024_8,30304820,128
275288420,smqhm_1024_16,27192050,128
279352828,smqhm_1024_16,27534516,128
301588410,smqhm_1024_16,29717217,128
300057036,smqhm_1024_16,29521404,128
293239110,smqhm_1024_16,28917028,128
312751102,smqhm_1024_16,30961223,128
340293066,smqhm_1024_32,30979613,128
372212862,smqhm_1024_32,33790728,128
369315310,smqhm_1024_32,33681133,128
336431142,smqhm_1024_32,30520188,128
388279784,smqhm_1024_32,35196813,128
343255536,smqhm_1024_32,31794300,128
544051496,smqhm_1024_64,38394814,128
527179350,smqhm_1024_64,37606161,128
486119632,smqhm_1024_64,33967776,128
505358886,smqhm_1024_64,36266334,128
540341406,smqhm_1024_64,38477210,128
520280970,smqhm_1024_64,37342472,128
1106816514,smqhm_1024_128,47987702,128
1168402010,smqhm_1024_128,45167094,128
1149193172,smqhm_1024_128,43107139,128
1174567788,smqhm_1024_128,38401995,128
1163278916,smqhm_1024_128,44492711,128
1126852226,smqhm_1024_128,46127154,128
2165530638,smqhm_1024_256,46644007,128
2077009324,smqhm_1024_256,46725047,128
2147407656,smqhm_1024_256,44811587,128
2187850496,smqhm_1024_256,45244154,128
2325943990,smqhm_1024_256,48124930,128
1954919414,smqhm_1024_256,39744256,128
4941857428,smqhm_1024_512,46516934,128
4764357442,smqhm_1024_512,45483175,128
4531433374,smqhm_1024_512,44877288,128
4398761816,smqhm_1024_512,42613192,128
5627117814,smqhm_1024_512,52866832,128
4782483434,smqhm_1024_512,47292177,128
11687808562,smqhm_1024_1024,60652704,128
11546516140,smqhm_1024_1024,56937806,128
10167654332,smqhm_1024_1024,53835805,128
9461124084,smqhm_1024_1024,51099080,128
9390508674,smqhm_1024_1024,48670934,128
9365593316,smqhm_1024_1024,49102366,128
