905754764,smqhm_1_1,5107964,128
787003178,smqhm_1_1,5142373,128
582982214,smqhm_1_1,5028546,128
807658698,smqhm_1_1,5301883,128
1138175704,smqhm_1_1,5409563,128
744596290,smqhm_1_1,5375984,128
406491940,smqhm_1_2,4650231,128
399665306,smqhm_1_2,4495496,128
481954108,smqhm_1_2,4629596,128
398587512,smqhm_1_2,4534275,128
329433208,smqhm_1_2,4444583,128
356126088,smqhm_1_2,4464189,128
309857068,smqhm_1_4,4228609,128
307753790,smqhm_1_4,4271447,128
315550898,smqhm_1_4,4291298,128
342264960,smqhm_1_4,4485172,128
305958196,smqhm_1_4,4302231,128
351955358,smqhm_1_4,4419274,128
470559866,smqhm_1_8,4239339,128
620023284,smqhm_1_8,4269261,128
426524118,smqhm_1_8,4266697,128
484863926,smqhm_1_8,4340942,128
384840040,smqhm_1_8,4231426,128
431793128,smqhm_1_8,4311136,128
821519346,smqhm_1_16,4253029,128
416029430,smqhm_1_16,4337869,128
485636470,smqhm_1_16,4253686,128
470760624,smqhm_1_16,4226715,128
467480438,smqhm_1_16,4220339,128
458381588,smqhm_1_16,4186346,128
871928412,smqhm_1_32,4225394,128
849880158,smqhm_1_32,4223465,128
760168206,smqhm_1_32,4269039,128
956395164,smqhm_1_32,4297169,128
1000041742,smqhm_1_32,4293192,128
764630284,smqhm_1_32,4270095,128
1739802700,smqhm_1_64,4498834,128
1265145230,smqhm_1_64,4404656,128
1019047186,smqhm_1_64,4390745,128
919175170,smqhm_1_64,4382960,128
826681716,smqhm_1_64,4467242,128
1102201974,smqhm_1_64,4369823,128
954713904,smqhm_1_128,4573826,128
1479672006,smqhm_1_128,4652023,128
732587310,smqhm_1_128,4557520,128
989008532,smqhm_1_128,4587470,128
1290912264,smqhm_1_128,4602935,128
1025678586,smqhm_1_128,4534476,128
1340512204,smqhm_1_256,4613967,128
1181988690,smqhm_1_256,4552326,128
1498520384,smqhm_1_256,4725814,128
1335546696,smqhm_1_256,4783850,128
1349973944,smqhm_1_256,4673722,128
1248922688,smqhm_1_256,4686892,128
1374488998,smqhm_1_512,4913028,128
1550185076,smqhm_1_512,4791180,128
1506904390,smqhm_1_512,4801421,128
1561628686,smqhm_1_512,4780432,128
1406761820,smqhm_1_512,4721319,128
1409825298,smqhm_1_512,4746848,128
1725577114,smqhm_1_1024,4766602,128
1709045714,smqhm_1_1024,4722002,128
1882086310,smqhm_1_1024,4964096,128
1585605136,smqhm_1_1024,4738423,128
1894267226,smqhm_1_1024,4734716,128
1466312284,smqhm_1_1024,4684112,128
1268982454,smqhm_2_1,5645600,128
905956560,smqhm_2_1,5652243,128
945953450,smqhm_2_1,5674721,128
746459424,smqhm_2_1,5436376,128
1311484044,smqhm_2_1,6116273,128
935172886,smqhm_2_1,5629495,128
404962092,smqhm_2_2,4868057,128
465509312,smqhm_2_2,4828922,128
576969642,smqhm_2_2,5239069,128
422460858,smqhm_2_2,4740071,128
383452292,smqhm_2_2,4839872,128
629832724,smqhm_2_2,5121417,128
262229136,smqhm_2_4,4457229,128
293522990,smqhm_2_4,4525337,128
279063322,smqhm_2_4,4413350,128
241971346,smqhm_2_4,4437148,128
279194924,smqhm_2_4,4546584,128
273300588,smqhm_2_4,4448529,128
356428360,smqhm_2_8,4365997,128
326404136,smqhm_2_8,4278434,128
402736172,smqhm_2_8,4390453,128
629936732,smqhm_2_8,4493419,128
340339416,smqhm_2_8,4507361,128
350435888,smqhm_2_8,4362742,128
328304148,smqhm_2_16,4270105,128
356005700,smqhm_2_16,4347599,128
327495962,smqhm_2_16,4206359,128
339708064,smqhm_2_16,4343786,128
355611144,smqhm_2_16,4370370,128
339128930,smqhm_2_16,4382187,128
512897094,smqhm_2_32,4364983,128
466049156,smqhm_2_32,4276136,128
687587824,smqhm_2_32,4255441,128
546379294,smqhm_2_32,4320854,128
528835662,smqhm_2_32,4348427,128
902621936,smqhm_2_32,4380649,128
609911864,smqhm_2_64,4589998,128
1163662958,smqhm_2_64,4451134,128
1380447480,smqhm_2_64,4524262,128
1558926722,smqhm_2_64,4453014,128
1406075052,smqhm_2_64,4530618,128
732784102,smqhm_2_64,4631506,128
814698574,smqhm_2_128,4443906,128
858984788,smqhm_2_128,4608436,128
812915720,smqhm_2_128,4638456,128
760887168,smqhm_2_128,4634917,128
819781700,smqhm_2_128,4624140,128
1152999328,smqhm_2_128,4713638,128
1082930676,smqhm_2_256,4675746,128
1119411688,smqhm_2_256,4601820,128
996407602,smqhm_2_256,4687877,128
1135508132,smqhm_2_256,4631464,128
839151412,smqhm_2_256,4521234,128
1082527238,smqhm_2_256,4590900,128
1353254134,smqhm_2_512,4776656,128
1362174580,smqhm_2_512,4704994,128
1401080544,smqhm_2_512,4868584,128
1148815890,smqhm_2_512,5032258,128
1246314154,smqhm_2_512,4843696,128
1378731940,smqhm_2_512,4562400,128
1465657924,smqhm_2_1024,4719765,128
1407094668,smqhm_2_1024,5004288,128
1621273362,smqhm_2_1024,4911973,128
1140509698,smqhm_2_1024,4864103,128
1483772448,smqhm_2_1024,4618451,128
1208639128,smqhm_2_1024,4800685,128
1021955652,smqhm_4_1,6247027,128
761239390,smqhm_4_1,5692099,128
1301716382,smqhm_4_1,6932746,128
957123862,smqhm_4_1,6143343,128
1009766208,smqhm_4_1,6433246,128
1158558022,smqhm_4_1,6035606,128
538919126,smqhm_4_2,5325522,128
579012596,smqhm_4_2,5220902,128
675426092,smqhm_4_2,5494579,128
648834682,smqhm_4_2,5319113,128
560429868,smqhm_4_2,5232474,128
565692014,smqhm_4_2,5491473,128
267264188,smqhm_4_4,4755161,128
274811062,smqhm_4_4,4692763,128
264559824,smqhm_4_4,4815234,128
261608982,smqhm_4_4,4724636,128
280953740,smqhm_4_4,4784546,128
294412862,smqhm_4_4,4884645,128
258728264,smqhm_4_8,4495931,128
254816668,smqhm_4_8,4499785,128
266139348,smqhm_4_8,4545880,128
258234156,smqhm_4_8,4425414,128
257582834,smqhm_4_8,4445693,128
263049900,smqhm_4_8,4472042,128
238373032,smqhm_4_16,4507953,128
285698940,smqhm_4_16,4344492,128
503856304,smqhm_4_16,4512182,128
280888154,smqhm_4_16,4497487,128
253118128,smqhm_4_16,4460904,128
359000728,smqhm_4_16,4432544,128
818417756,smqhm_4_32,4448884,128
394329054,smqhm_4_32,4372580,128
477911568,smqhm_4_32,4396725,128
350524018,smqhm_4_32,4412664,128
775698510,smqhm_4_32,4429744,128
489479016,smqhm_4_32,4390534,128
850412224,smqhm_4_64,4622309,128
498066580,smqhm_4_64,4743372,128
672177462,smqhm_4_64,4704792,128
490076140,smqhm_4_64,4637845,128
888224238,smqhm_4_64,4675662,128
583708510,smqhm_4_64,4689725,128
553543860,smqhm_4_128,4633199,128
627934684,smqhm_4_128,4681075,128
610155958,smqhm_4_128,4715748,128
568665454,smqhm_4_128,4661655,128
597185954,smqhm_4_128,4746918,128
553520284,smqhm_4_128,4600919,128
772656848,smqhm_4_256,4620195,128
719808836,smqhm_4_256,4762534,128
765426360,smqhm_4_256,4889615,128
922819138,smqhm_4_256,4834300,128
742307172,smqhm_4_256,4748797,128
693814950,smqhm_4_256,4589432,128
1099713994,smqhm_4_512,5093522,128
1020938082,smqhm_4_512,4949756,128
987762594,smqhm_4_512,4957090,128
1034551296,smqhm_4_512,5074281,128
1023598504,smqhm_4_512,4975694,128
1038988074,smqhm_4_512,4830688,128
1216382302,smqhm_4_1024,4967743,128
1363787172,smqhm_4_1024,4769774,128
1189265920,smqhm_4_1024,5103903,128
1111498148,smqhm_4_1024,5060034,128
1544328778,smqhm_4_1024,5424446,128
1319307652,smqhm_4_1024,4941011,128
1647946192,smqhm_8_1,6828330,128
817958524,smqhm_8_1,6442866,128
1457247400,smqhm_8_1,6912798,128
1462102760,smqhm_8_1,7253691,128
804218968,smqhm_8_1,6666638,128
747230664,smqhm_8_1,6511011,128
793553956,smqhm_8_2,5959353,128
557474044,smqhm_8_2,5666904,128
658749108,smqhm_8_2,5769155,128
795476056,smqhm_8_2,6143897,128
799840444,smqhm_8_2,5780808,128
625157194,smqhm_8_2,5525946,128
375863690,smqhm_8_4,5309153,128
312984134,smqhm_8_4,5268176,128
317827326,smqhm_8_4,5137791,128
333817730,smqhm_8_4,5150101,128
388536294,smqhm_8_4,5349973,128
323011058,smqhm_8_4,5318472,128
250313482,smqhm_8_8,4688081,128
268858206,smqhm_8_8,4970943,128
253906808,smqhm_8_8,4818664,128
263313366,smqhm_8_8,4766981,128
238586016,smqhm_8_8,4725465,128
258737782,smqhm_8_8,4707635,128
246750990,smqhm_8_16,4617605,128
271785918,smqhm_8_16,4697436,128
257835412,smqhm_8_16,4821655,128
299135336,smqhm_8_16,4774257,128
244379026,smqhm_8_16,4585319,128
279103380,smqhm_8_16,4601154,128
302342660,smqhm_8_32,4521171,128
697009578,smqhm_8_32,4642746,128
350708208,smqhm_8_32,4577167,128
301865310,smqhm_8_32,4527014,128
402649544,smqhm_8_32,4573377,128
315615496,smqhm_8_32,4505021,128
638241222,smqhm_8_64,4804871,128
410689168,smqhm_8_64,4801272,128
612318932,smqhm_8_64,4731190,128
1231012616,smqhm_8_64,4629378,128
1112293884,smqhm_8_64,4751576,128
488255930,smqhm_8_64,4728732,128
445948628,smqhm_8_128,4770925,128
544337960,smqhm_8_128,4877083,128
471857362,smqhm_8_128,4821045,128
554169046,smqhm_8_128,4746988,128
612014270,smqhm_8_128,4878044,128
479636420,smqhm_8_128,4960149,128
711693614,smqhm_8_256,4786548,128
528258214,smqhm_8_256,4838041,128
769251092,smqhm_8_256,4920053,128
532076980,smqhm_8_256,4787174,128
671122352,smqhm_8_256,4873387,128
828890008,smqhm_8_256,4903488,128
759436872,smqhm_8_512,5198222,128
767185478,smqhm_8_512,5203587,128
731223942,smqhm_8_512,5201540,128
860095060,smqhm_8_512,5040250,128
714847786,smqhm_8_512,4931224,128
754440640,smqhm_8_512,5008460,128
1016648980,smqhm_8_1024,5475973,128
973979960,smqhm_8_1024,5087269,128
893902100,smqhm_8_1024,5078565,128
902153264,smqhm_8_1024,5102645,128
883977808,smqhm_8_1024,5414129,128
818758696,smqhm_8_1024,5190871,128
1309504226,smqhm_16_1,7495206,128
1316658180,smqhm_16_1,7566288,128
955909330,smqhm_16_1,7168099,128
1757004352,smqhm_16_1,8083421,128
1782757320,smqhm_16_1,8042761,128
1153703056,smqhm_16_1,7314212,128
761344008,smqhm_16_2,6571103,128
552414278,smqhm_16_2,6251107,128
760378504,smqhm_16_2,6005662,128
679178632,smqhm_16_2,6322894,128
734479278,smqhm_16_2,6546192,128
800905084,smqhm_16_2,6415110,128
335743422,smqhm_16_4,5743966,128
427729250,smqhm_16_4,6001387,128
347238356,smqhm_16_4,5684163,128
332271802,smqhm_16_4,5549008,128
367082396,smqhm_16_4,6020653,128
328080502,smqhm_16_4,5730853,128
270948734,smqhm_16_8,5131755,128
292579726,smqhm_16_8,5338899,128
313742098,smqhm_16_8,5537830,128
284761196,smqhm_16_8,5314724,128
267003836,smqhm_16_8,5294701,128
433474794,smqhm_16_8,5033664,128
243994158,smqhm_16_16,4741546,128
249015636,smqhm_16_16,4818832,128
248369572,smqhm_16_16,4844128,128
226830150,smqhm_16_16,4892616,128
241266108,smqhm_16_16,4885241,128
253627428,smqhm_16_16,4877165,128
270242972,smqhm_16_32,4661405,128
470564928,smqhm_16_32,4648476,128
707377912,smqhm_16_32,4769769,128
327490858,smqhm_16_32,4717774,128
269149886,smqhm_16_32,4713935,128
269771356,smqhm_16_32,4652023,128
562853214,smqhm_16_64,4857946,128
828320076,smqhm_16_64,5010376,128
313506224,smqhm_16_64,4746040,128
319347004,smqhm_16_64,4913393,128
603736650,smqhm_16_64,4914751,128
479003670,smqhm_16_64,5031385,128
400364846,smqhm_16_128,5043430,128
611109690,smqhm_16_128,5145817,128
369477036,smqhm_16_128,4972136,128
601864792,smqhm_16_128,5000403,128
373071656,smqhm_16_128,5130541,128
447563768,smqhm_16_128,5018510,128
400342724,smqhm_16_256,4966648,128
403553496,smqhm_16_256,4866485,128
417356926,smqhm_16_256,5114783,128
429774114,smqhm_16_256,4982444,128
468067934,smqhm_16_256,5004778,128
963864216,smqhm_16_256,4878527,128
569341036,smqhm_16_512,5568138,128
540696842,smqhm_16_512,5367269,128
564907342,smqhm_16_512,5165150,128
587589934,smqhm_16_512,5141476,128
544481546,smqhm_16_512,5152238,128
581815962,smqhm_16_512,5393100,128
811874212,smqhm_16_1024,5393018,128
799230576,smqhm_16_1024,5280970,128
776543678,smqhm_16_1024,5128924,128
816007414,smqhm_16_1024,5661673,128
772660306,smqhm_16_1024,5269913,128
784993416,smqhm_16_1024,5386198,128
1285278850,smqhm_32_1,8137466,128
1321674740,smqhm_32_1,8434656,128
2149762934,smqhm_32_1,8761883,128
1317634962,smqhm_32_1,7498957,128
1685412026,smqhm_32_1,8254968,128
1610106560,smqhm_32_1,8373694,128
802920214,smqhm_32_2,7057912,128
738980972,smqhm_32_2,7082568,128
883981412,smqhm_32_2,6965445,128
736797822,smqhm_32_2,7068442,128
781983732,smqhm_32_2,6779280,128
854877206,smqhm_32_2,6691176,128
373534352,smqhm_32_4,6406918,128
363372556,smqhm_32_4,6321494,128
344058780,smqhm_32_4,6303146,128
399743336,smqhm_32_4,6587824,128
396482852,smqhm_32_4,6657927,128
387213936,smqhm_32_4,6090441,128
349726446,smqhm_32_8,5968927,128
308722402,smqhm_32_8,5671348,128
312608406,smqhm_32_8,5752771,128
341829374,smqhm_32_8,5570318,128
343472942,smqhm_32_8,5707607,128
318437750,smqhm_32_8,5614059,128
278094802,smqhm_32_16,5221438,128
253898658,smqhm_32_16,5409900,128
335845272,smqhm_32_16,5452872,128
274295078,smqhm_32_16,5281676,128
274450882,smqhm_32_16,5417844,128
272088466,smqhm_32_16,5313917,128
285740206,smqhm_32_32,5072401,128
332116148,smqhm_32_32,5325418,128
442239776,smqhm_32_32,5254381,128
254339892,smqhm_32_32,5020838,128
267198962,smqhm_32_32,4995571,128
307136710,smqhm_32_32,5139305,128
311981682,smqhm_32_64,5462313,128
910109166,smqhm_32_64,5273379,128
327808220,smqhm_32_64,5472945,128
406901522,smqhm_32_64,5280506,128
1076876850,smqhm_32_64,5250602,128
360213862,smqhm_32_64,5423361,128
349530274,smqhm_32_128,5329173,128
333493002,smqhm_32_128,5208849,128
370646322,smqhm_32_128,5380352,128
326446362,smqhm_32_128,5266083,128
321828214,smqhm_32_128,5345881,128
592359620,smqhm_32_128,5338147,128
456791414,smqhm_32_256,5310216,128
536267728,smqhm_32_256,5435590,128
384490584,smqhm_32_256,5311631,128
847657466,smqhm_32_256,5412541,128
405024578,smqhm_32_256,5546319,128
673461002,smqhm_32_256,5098728,128
556996256,smqhm_32_512,5547465,128
575328148,smqhm_32_512,5479275,128
539447426,smqhm_32_512,5222141,128
540952938,smqhm_32_512,5396702,128
570966752,smqhm_32_512,5610542,128
551643056,smqhm_32_512,5171240,128
804553350,smqhm_32_1024,5439454,128
801044924,smqhm_32_1024,5384413,128
854503682,smqhm_32_1024,5721584,128
849579002,smqhm_32_1024,5717283,128
793129946,smqhm_32_1024,5485748,128
955958664,smqhm_32_1024,5986865,128
2160868536,smqhm_64_1,9019366,128
2476868384,smqhm_64_1,9557529,128
2308280262,smqhm_64_1,8916065,128
2111498456,smqhm_64_1,9600245,128
2301936082,smqhm_64_1,10155014,128
1273358614,smqhm_64_1,8783763,128
1028700238,smqhm_64_2,7812741,128
1117174692,smqhm_64_2,8270268,128
766278762,smqhm_64_2,7442752,128
929712442,smqhm_64_2,7399384,128
1048560454,smqhm_64_2,7988323,128
965759756,smqhm_64_2,7717715,128
400228454,smqhm_64_4,6775834,128
518504890,smqhm_64_4,7205498,128
418449648,smqhm_64_4,7142778,128
395866514,smqhm_64_4,6760916,128
381488864,smqhm_64_4,6892829,128
433882340,smqhm_64_4,7286916,128
312406522,smqhm_64_8,6161935,128
342040494,smqhm_64_8,6292099,128
460251072,smqhm_64_8,6571351,128
318729266,smqhm_64_8,6327726,128
376287364,smqhm_64_8,6269754,128
322375912,smqhm_64_8,6036558,128
305086434,smqhm_64_16,5674557,128
292977110,smqhm_64_16,5725394,128
286305062,smqhm_64_16,6118167,128
335920330,smqhm_64_16,6156695,128
301694320,smqhm_64_16,5673556,128
301775798,smqhm_64_16,5740810,128
276377266,smqhm_64_32,5657243,128
371830142,smqhm_64_32,5547387,128
288299210,smqhm_64_32,5467813,128
265705728,smqhm_64_32,5371911,128
381894836,smqhm_64_32,5672133,128
308828160,smqhm_64_32,5547641,128
332279678,smqhm_64_64,5849685,128
341249514,smqhm_64_64,5439785,128
342144612,smqhm_64_64,5498288,128
316287120,smqhm_64_64,5487410,128
582165150,smqhm_64_64,5809355,128
687962458,smqhm_64_64,5711281,128
335961422,smqhm_64_128,5739029,128
350584266,smqhm_64_128,5455849,128
354506396,smqhm_64_128,5666406,128
354647166,smqhm_64_128,5540990,128
329794676,smqhm_64_128,5481323,128
384496978,smqhm_64_128,5701562,128
387069778,smqhm_64_256,5664532,128
414508498,smqhm_64_256,5610789,128
390779920,smqhm_64_256,5683047,128
481238036,smqhm_64_256,5961928,128
400975648,smqhm_64_256,5693541,128
435200166,smqhm_64_256,6075640,128
733422370,smqhm_64_512,6138549,128
650390380,smqhm_64_512,5829755,128
695534654,smqhm_64_512,5768808,128
914220290,smqhm_64_512,5971090,128
603374510,smqhm_64_512,5790958,128
584509748,smqhm_64_512,5563663,128
919450316,smqhm_64_1024,5975478,128
904866114,smqhm_64_1024,5651560,128
1063800172,smqhm_64_1024,6060674,128
910884464,smqhm_64_1024,5953460,128
930270232,smqhm_64_1024,6023389,128
911109570,smqhm_64_1024,5524227,128
2819084236,smqhm_128_1,9486254,128
1898161536,smqhm_128_1,9825810,128
1604918378,smqhm_128_1,9815057,128
1302872826,smqhm_128_1,9289715,128
2158181334,smqhm_128_1,10439930,128
2239928068,smqhm_128_1,9535596,128
861957840,smqhm_128_2,8370917,128
1697708890,smqhm_128_2,9032149,128
967966852,smqhm_128_2,8424130,128
878670114,smqhm_128_2,8364522,128
1196816116,smqhm_128_2,8314169,128
1258559952,smqhm_128_2,8964320,128
459148002,smqhm_128_4,7922758,128
416844240,smqhm_128_4,7594472,128
494918844,smqhm_128_4,7616612,128
482335358,smqhm_128_4,8184896,128
477802362,smqhm_128_4,8223242,128
418207620,smqhm_128_4,8015037,128
364916660,smqhm_128_8,6895146,128
327031992,smqhm_128_8,6672247,128
610408628,smqhm_128_8,6862301,128
347248740,smqhm_128_8,7109861,128
400040524,smqhm_128_8,7732504,128
353649988,smqhm_128_8,6954917,128
316358588,smqhm_128_16,6391720,128
294817708,smqhm_128_16,6217131,128
314355056,smqhm_128_16,6488460,128
322561268,smqhm_128_16,7209765,128
464719962,smqhm_128_16,6640441,128
309231864,smqhm_128_16,6666197,128
332513294,smqhm_128_32,5876901,128
339150826,smqhm_128_32,6038251,128
320697614,smqhm_128_32,6213828,128
346064386,smqhm_128_32,6100625,128
354329546,smqhm_128_32,6293341,128
364986390,smqhm_128_32,6123206,128
364122522,smqhm_128_64,6171889,128
370972850,smqhm_128_64,6478424,128
605111210,smqhm_128_64,6333511,128
407083086,smqhm_128_64,6236116,128
377571038,smqhm_128_64,6122147,128
313410098,smqhm_128_64,6199948,128
460338332,smqhm_128_128,6118964,128
383483252,smqhm_128_128,6208301,128
403993868,smqhm_128_128,6326136,128
387816546,smqhm_128_128,6128728,128
365571152,smqhm_128_128,6224350,128
386849636,smqhm_128_128,6114256,128
446595900,smqhm_128_256,6112489,128
471383858,smqhm_128_256,6420136,128
413549916,smqhm_128_256,6185836,128
397979384,smqhm_128_256,6177605,128
698852842,smqhm_128_256,6609515,128
437612504,smqhm_128_256,6264268,128
658964368,smqhm_128_512,6462885,128
674036570,smqhm_128_512,6054778,128
705115444,smqhm_128_512,5878943,128
620151980,smqhm_128_512,5477542,128
710442404,smqhm_128_512,6660867,128
735360930,smqhm_128_512,6362213,128
1068584602,smqhm_128_1024,5844989,128
1198059012,smqhm_128_1024,6588009,128
990462562,smqhm_128_1024,5952800,128
1098015522,smqhm_128_1024,6621639,128
1039800866,smqhm_128_1024,5840718,128
1084019878,smqhm_128_1024,5975767,128
2736089872,smqhm_256_1,11243882,128
2215796306,smqhm_256_1,11040835,128
1465208662,smqhm_256_1,10305289,128
1249406026,smqhm_256_1,10202869,128
1578469726,smqhm_256_1,10411161,128
1324527722,smqhm_256_1,10006986,128
935870958,smqhm_256_2,9149222,128
1791624252,smqhm_256_2,9210813,128
997067980,smqhm_256_2,9249463,128
913312002,smqhm_256_2,8910908,128
1228132544,smqhm_256_2,9009662,128
957712634,smqhm_256_2,8871047,128
506336456,smqhm_256_4,8938993,128
419699096,smqhm_256_4,8470591,128
440732782,smqhm_256_4,8308517,128
429737282,smqhm_256_4,8333667,128
509866422,smqhm_256_4,8828614,128
455846180,smqhm_256_4,8577946,128
341225450,smqhm_256_8,7390742,128
365048612,smqhm_256_8,7714407,128
371391038,smqhm_256_8,7259651,128
404007360,smqhm_256_8,7316882,128
345181362,smqhm_256_8,7246768,128
405681614,smqhm_256_8,7299898,128
386331102,smqhm_256_16,6959414,128
304096000,smqhm_256_16,7403076,128
365591522,smqhm_256_16,7127511,128
325521878,smqhm_256_16,7393196,128
328724410,smqhm_256_16,7180640,128
422760788,smqhm_256_16,7915469,128
369685888,smqhm_256_32,6826385,128
393921810,smqhm_256_32,6423117,128
349754930,smqhm_256_32,6573734,128
347452310,smqhm_256_32,6801084,128
365743834,smqhm_256_32,6530457,128
391980438,smqhm_256_32,6658501,128
433733504,smqhm_256_64,6922056,128
424230574,smqhm_256_64,6969702,128
413232688,smqhm_256_64,6796788,128
369315340,smqhm_256_64,6814151,128
431554808,smqhm_256_64,7120957,128
408052100,smqhm_256_64,6736254,128
402190806,smqhm_256_128,6607396,128
598224276,smqhm_256_128,7133689,128
571074564,smqhm_256_128,7032158,128
441398760,smqhm_256_128,7012748,128
479197586,smqhm_256_128,6949911,128
407003314,smqhm_256_128,7226335,128
536316096,smqhm_256_256,6295710,128
526790000,smqhm_256_256,6933758,128
493469942,smqhm_256_256,6698836,128
526997926,smqhm_256_256,6605398,128
498760382,smqhm_256_256,6730616,128
491190016,smqhm_256_256,6582540,128
725827186,smqhm_256_512,6691488,128
783524740,smqhm_256_512,6855208,128
709502250,smqhm_256_512,6765755,128
766724856,smqhm_256_512,6854822,128
700299628,smqhm_256_512,6858163,128
798121408,smqhm_256_512,6706523,128
1185532438,smqhm_256_1024,6204883,128
1234747368,smqhm_256_1024,6668987,128
1277066324,smqhm_256_1024,6701500,128
1353620712,smqhm_256_1024,7081234,128
1165925726,smqhm_256_1024,6999808,128
1291349878,smqhm_256_1024,6737900,128
1984537522,smqhm_512_1,11774951,128
2686809478,smqhm_512_1,11811197,128
2673269300,smqhm_512_1,11882335,128
2011387442,smqhm_512_1,12209603,128
2028459972,smqhm_512_1,10801346,128
1552688958,smqhm_512_1,11484426,128
882763702,smqhm_512_2,9610749,128
829197986,smqhm_512_2,9150287,128
1046687056,smqhm_512_2,9705075,128
1142009202,smqhm_512_2,9727840,128
1066029054,smqhm_512_2,9434547,128
990345640,smqhm_512_2,10204504,128
479933604,smqhm_512_4,8978944,128
498553716,smqhm_512_4,9373239,128
486524410,smqhm_512_4,9308228,128
518309920,smqhm_512_4,8866783,128
530318730,smqhm_512_4,9440234,128
986378836,smqhm_512_4,9570625,128
361908242,smqhm_512_8,7890626,128
393613418,smqhm_512_8,7826501,128
421967910,smqhm_512_8,8340391,128
377906330,smqhm_512_8,7816191,128
390167018,smqhm_512_8,8109772,128
401533604,smqhm_512_8,8225106,128
377681806,smqhm_512_16,7884530,128
509553760,smqhm_512_16,7666438,128
387168592,smqhm_512_16,7699993,128
345267260,smqhm_512_16,7622214,128
300026284,smqhm_512_16,7243200,128
370442334,smqhm_512_16,7997094,128
377022318,smqhm_512_32,7103604,128
365112790,smqhm_512_32,7218269,128
373139316,smqhm_512_32,7152799,128
384605580,smqhm_512_32,6952962,128
346135332,smqhm_512_32,7246665,128
371421146,smqhm_512_32,7255806,128
469955524,smqhm_512_64,7391730,128
446727264,smqhm_512_64,7131986,128
418280506,smqhm_512_64,7603201,128
488919594,smqhm_512_64,7102755,128
443604902,smqhm_512_64,7574645,128
1740538580,smqhm_512_64,7587028,128
508891618,smqhm_512_128,7292939,128
465785582,smqhm_512_128,7308011,128
527175028,smqhm_512_128,7522595,128
544893060,smqhm_512_128,8172921,128
479932538,smqhm_512_128,7420494,128
607259026,smqhm_512_128,7416280,128
545494806,smqhm_512_256,7116399,128
646657698,smqhm_512_256,7009187,128
555533434,smqhm_512_256,7147563,128
624598202,smqhm_512_256,7516379,128
541094138,smqhm_512_256,6917731,128
605197778,smqhm_512_256,7451751,128
861726078,smqhm_512_512,7551876,128
834467732,smqhm_512_512,7478650,128
862342652,smqhm_512_512,7426460,128
868912512,smqhm_512_512,7441768,128
797784676,smqhm_512_512,7190808,128
870682832,smqhm_512_512,7373697,128
1300758648,smqhm_512_1024,7080334,128
1323338302,smqhm_512_1024,6752844,128
1305321180,smqhm_512_1024,7503140,128
1184192464,smqhm_512_1024,6697104,128
1343362782,smqhm_512_1024,6847720,128
1270743920,smqhm_512_1024,7026768,128
2671990570,smqhm_1024_1,12456412,128
1593777678,smqhm_1024_1,11621333,128
2313318018,smqhm_1024_1,11886027,128
1391006340,smqhm_1024_1,11150068,128
2536930826,smqhm_1024_1,12270874,128
2284203036,smqhm_1024_1,11165953,128
1021633478,smqhm_1024_2,10749470,128
1007397342,smqhm_1024_2,10206546,128
1087189822,smqhm_1024_2,10575995,128
1125127834,smqhm_1024_2,10610442,128
1663237100,smqhm_1024_2,10144194,128
1138419024,smqhm_1024_2,10182219,128
416873364,smqhm_1024_4,8521645,128
690670306,smqhm_1024_4,10334989,128
645370212,smqhm_1024_4,9681330,128
511413968,smqhm_1024_4,9672348,128
439929758,smqhm_1024_4,8938112,128
507367518,smqhm_1024_4,9282441,128
393551674,smqhm_1024_8,8217130,128
420547952,smqhm_1024_8,9423295,128
452719540,smqhm_1024_8,8633123,128
416189386,smqhm_1024_8,8620586,128
406698766,smqhm_1024_8,8481066,128
415824382,smqhm_1024_8,8275727,128
360727406,smqhm_1024_16,7857643,128
397750954,smqhm_1024_16,8846847,128
364786122,smqhm_1024_16,7978578,128
375692198,smqhm_1024_16,8711868,128
542437368,smqhm_1024_16,8972882,128
387690612,smqhm_1024_16,8196628,128
431251200,smqhm_1024_32,7644758,128
363008672,smqhm_1024_32,7925123,128
381318448,smqhm_1024_32,7632224,128
412534832,smqhm_1024_32,7807720,128
426572202,smqhm_1024_32,7655842,128
342059176,smqhm_1024_32,7577686,128
520860120,smqhm_1024_64,8277832,128
721325272,smqhm_1024_64,8221654,128
444193042,smqhm_1024_64,7928170,128
472269888,smqhm_1024_64,7921380,128
477425226,smqhm_1024_64,8172459,128
563875508,smqhm_1024_64,8017718,128
558193986,smqhm_1024_128,8161734,128
835327588,smqhm_1024_128,8347252,128
507688980,smqhm_1024_128,8350034,128
502127414,smqhm_1024_128,8468244,128
575165484,smqhm_1024_128,7909176,128
719810486,smqhm_1024_128,7983305,128
675392606,smqhm_1024_256,7761733,128
631696540,smqhm_1024_256,7926770,128
564967528,smqhm_1024_256,7852571,128
595625562,smqhm_1024_256,8376060,128
562726022,smqhm_1024_256,8025632,128
589734814,smqhm_1024_256,7807519,128
893741274,smqhm_1024_512,8358102,128
1009386342,smqhm_1024_512,7805378,128
870294720,smqhm_1024_512,7666765,128
1108918898,smqhm_1024_512,8789423,128
1127734316,smqhm_1024_512,7913005,128
855469690,smqhm_1024_512,7407528,128
1562554766,smqhm_1024_1024,8392756,128
1578010686,smqhm_1024_1024,8077238,128
1464016268,smqhm_1024_1024,7742623,128
1529873724,smqhm_1024_1024,7477348,128
1449974084,smqhm_1024_1024,7916685,128
1609943830,smqhm_1024_1024,8003667,128
