496367832,smqhm_1_1,23996483,128
496416864,smqhm_1_1,23999644,128
497464490,smqhm_1_1,24002082,128
487451816,smqhm_1_1,23997349,128
492239208,smqhm_1_1,23997155,128
493414306,smqhm_1_1,23999914,128
820489382,smqhm_1_2,24002731,128
821081230,smqhm_1_2,24001226,128
815675974,smqhm_1_2,24002853,128
818067086,smqhm_1_2,24000365,128
813602718,smqhm_1_2,24001729,128
828104414,smqhm_1_2,24002676,128
551385026,smqhm_1_4,23996750,128
566249578,smqhm_1_4,23994049,128
557106124,smqhm_1_4,23994138,128
567907770,smqhm_1_4,23994329,128
545908366,smqhm_1_4,23994945,128
539638518,smqhm_1_4,23995052,128
1187061806,smqhm_1_8,24056696,128
1341697676,smqhm_1_8,24084677,128
1359166620,smqhm_1_8,24077665,128
1431973782,smqhm_1_8,24083049,128
1492609530,smqhm_1_8,24084475,128
1371244624,smqhm_1_8,24081621,128
1651930682,smqhm_1_16,24260387,128
1661889932,smqhm_1_16,24269422,128
1701188892,smqhm_1_16,24256865,128
1722088182,smqhm_1_16,24261811,128
1689865776,smqhm_1_16,24256549,128
1708085188,smqhm_1_16,24267244,128
1931891360,smqhm_1_32,24592551,128
2532069956,smqhm_1_32,24738045,128
2637662478,smqhm_1_32,24746519,128
3099192348,smqhm_1_32,24779482,128
2485609638,smqhm_1_32,24705596,128
2499614644,smqhm_1_32,24697669,128
2791269930,smqhm_1_64,24955609,128
2779049218,smqhm_1_64,24964504,128
3246264404,smqhm_1_64,25099957,128
2694611062,smqhm_1_64,24922791,128
3305414572,smqhm_1_64,25056301,128
2847469332,smqhm_1_64,24973922,128
4199130328,smqhm_1_128,25351976,128
4795655622,smqhm_1_128,25463805,128
3839766458,smqhm_1_128,25155348,128
4445189904,smqhm_1_128,25343826,128
5469228114,smqhm_1_128,25646149,128
4354784618,smqhm_1_128,25344036,128
6470584418,smqhm_1_256,25779801,128
6843198834,smqhm_1_256,25902598,128
6527321796,smqhm_1_256,25712230,128
6739023148,smqhm_1_256,25802054,128
6872037244,smqhm_1_256,25885636,128
6586833114,smqhm_1_256,25716328,128
11410631310,smqhm_1_512,25651103,128
11112518114,smqhm_1_512,25508070,128
11053666802,smqhm_1_512,25452909,128
10956664698,smqhm_1_512,25442004,128
11583056296,smqhm_1_512,25622739,128
10923811808,smqhm_1_512,25491765,128
18930775984,smqhm_1_1024,25485204,128
18791711350,smqhm_1_1024,25411216,128
18777281002,smqhm_1_1024,25443152,128
18734514890,smqhm_1_1024,25417414,128
18809662038,smqhm_1_1024,25431519,128
18738469100,smqhm_1_1024,25452812,128
363867686,smqhm_2_1,24109018,128
363397828,smqhm_2_1,24116142,128
363487524,smqhm_2_1,24110092,128
362563824,smqhm_2_1,24113508,128
363041942,smqhm_2_1,24110464,128
363719428,smqhm_2_1,24120335,128
527563520,smqhm_2_2,24075838,128
526045594,smqhm_2_2,24077407,128
537613226,smqhm_2_2,24079221,128
533628308,smqhm_2_2,24077611,128
525489726,smqhm_2_2,24076223,128
528815690,smqhm_2_2,24076237,128
402324864,smqhm_2_4,24045607,128
399848356,smqhm_2_4,24059913,128
406772328,smqhm_2_4,24051867,128
403594598,smqhm_2_4,24050842,128
401398788,smqhm_2_4,24048924,128
407017774,smqhm_2_4,24051659,128
770020158,smqhm_2_8,24196772,128
789481368,smqhm_2_8,24180602,128
825427724,smqhm_2_8,24193093,128
752419896,smqhm_2_8,24177864,128
759123958,smqhm_2_8,24196709,128
777270520,smqhm_2_8,24205344,128
1024740380,smqhm_2_16,24584426,128
916020810,smqhm_2_16,24562839,128
1016736562,smqhm_2_16,24571346,128
846963782,smqhm_2_16,24511941,128
1022540924,smqhm_2_16,24599435,128
836775956,smqhm_2_16,24543173,128
1715308852,smqhm_2_32,25478177,128
1671738318,smqhm_2_32,25499657,128
1720670376,smqhm_2_32,25503001,128
1699269042,smqhm_2_32,25491170,128
1692301596,smqhm_2_32,25457276,128
1710595578,smqhm_2_32,25494413,128
2077109802,smqhm_2_64,25903133,128
2185898362,smqhm_2_64,25900679,128
2191938438,smqhm_2_64,25910032,128
2564758762,smqhm_2_64,26179012,128
2353252966,smqhm_2_64,26007410,128
2171869744,smqhm_2_64,25917901,128
3004922090,smqhm_2_128,26243819,128
3374554956,smqhm_2_128,26397316,128
3398717278,smqhm_2_128,26423873,128
3474156056,smqhm_2_128,26339759,128
3504513960,smqhm_2_128,26285977,128
4067063070,smqhm_2_128,26620937,128
6016169088,smqhm_2_256,27078817,128
6215897190,smqhm_2_256,27072864,128
6192507124,smqhm_2_256,27015908,128
6179622252,smqhm_2_256,27064471,128
5612194410,smqhm_2_256,26776090,128
5367332286,smqhm_2_256,26614451,128
10062884466,smqhm_2_512,26647196,128
9623144004,smqhm_2_512,26554201,128
9961197822,smqhm_2_512,26588628,128
10142552898,smqhm_2_512,26665127,128
9646477480,smqhm_2_512,26564927,128
10198527452,smqhm_2_512,26625235,128
16764015556,smqhm_2_1024,26674399,128
16869723784,smqhm_2_1024,26664405,128
16723892990,smqhm_2_1024,26735930,128
16920622344,smqhm_2_1024,26681647,128
16758788536,smqhm_2_1024,26688038,128
16657604984,smqhm_2_1024,26715161,128
305104570,smqhm_4_1,24506752,128
307947766,smqhm_4_1,24532509,128
303765594,smqhm_4_1,24515232,128
306668456,smqhm_4_1,24526340,128
308117872,smqhm_4_1,24514911,128
305230240,smqhm_4_1,24513732,128
397962382,smqhm_4_2,24267448,128
405234328,smqhm_4_2,24275969,128
405062984,smqhm_4_2,24277400,128
405301490,smqhm_4_2,24277003,128
402953702,smqhm_4_2,24277155,128
401013710,smqhm_4_2,24286920,128
330331804,smqhm_4_4,24163901,128
331405968,smqhm_4_4,24179863,128
330433688,smqhm_4_4,24176734,128
333492696,smqhm_4_4,24166666,128
333796050,smqhm_4_4,24174523,128
334224474,smqhm_4_4,24169268,128
462701250,smqhm_4_8,24463955,128
463883762,smqhm_4_8,24466917,128
488540824,smqhm_4_8,24450358,128
431940684,smqhm_4_8,24420564,128
468435684,smqhm_4_8,24443287,128
466503314,smqhm_4_8,24453749,128
625950698,smqhm_4_16,25341059,128
615479348,smqhm_4_16,25336419,128
623381672,smqhm_4_16,25347239,128
627085386,smqhm_4_16,25329504,128
638441016,smqhm_4_16,25348706,128
616458598,smqhm_4_16,25330806,128
1191985258,smqhm_4_32,26950533,128
1211849176,smqhm_4_32,26926621,128
1536737384,smqhm_4_32,27187836,128
1245217298,smqhm_4_32,26995169,128
1241624974,smqhm_4_32,27040010,128
1237647606,smqhm_4_32,27020086,128
1552447762,smqhm_4_64,27673303,128
1734265700,smqhm_4_64,27851721,128
1671238796,smqhm_4_64,27772621,128
1559088534,smqhm_4_64,27727833,128
1655892094,smqhm_4_64,27767622,128
1752228578,smqhm_4_64,27813066,128
2465240484,smqhm_4_128,27938725,128
2857899710,smqhm_4_128,28586233,128
3194096750,smqhm_4_128,28629791,128
2913292740,smqhm_4_128,28533669,128
3125967854,smqhm_4_128,28774462,128
2759444494,smqhm_4_128,28435288,128
5305988414,smqhm_4_256,29086906,128
5132903524,smqhm_4_256,28997182,128
5151760058,smqhm_4_256,29162316,128
5132600912,smqhm_4_256,28898449,128
4752380692,smqhm_4_256,28730175,128
5278146670,smqhm_4_256,29231124,128
8018302144,smqhm_4_512,28660686,128
8123254482,smqhm_4_512,28746541,128
8007097144,smqhm_4_512,28689505,128
8142180224,smqhm_4_512,28767934,128
8172613198,smqhm_4_512,28719595,128
8270058348,smqhm_4_512,28769909,128
13482581580,smqhm_4_1024,28947553,128
13529820942,smqhm_4_1024,28938405,128
13343932504,smqhm_4_1024,28942904,128
13109020554,smqhm_4_1024,28884437,128
13361001724,smqhm_4_1024,28936032,128
13300871828,smqhm_4_1024,28993050,128
290463736,smqhm_8_1,26312664,128
291000786,smqhm_8_1,26213822,128
291667154,smqhm_8_1,26354033,128
288101854,smqhm_8_1,26276909,128
291185712,smqhm_8_1,26381112,128
287851370,smqhm_8_1,26330483,128
335269442,smqhm_8_2,24938974,128
335983080,smqhm_8_2,24971654,128
330070284,smqhm_8_2,24984631,128
329863542,smqhm_8_2,24925036,128
333707346,smqhm_8_2,24959953,128
334053700,smqhm_8_2,24932452,128
301140676,smqhm_8_4,24519501,128
301176824,smqhm_8_4,24531219,128
298119210,smqhm_8_4,24529763,128
297690142,smqhm_8_4,24545529,128
300334362,smqhm_8_4,24517520,128
297157238,smqhm_8_4,24542369,128
339039266,smqhm_8_8,25019917,128
339112514,smqhm_8_8,25049084,128
344674498,smqhm_8_8,25020810,128
337530788,smqhm_8_8,25051389,128
341722652,smqhm_8_8,25001549,128
339734868,smqhm_8_8,25056773,128
492935802,smqhm_8_16,26864230,128
487886340,smqhm_8_16,26888926,128
479565246,smqhm_8_16,26860024,128
489815750,smqhm_8_16,26814463,128
490560438,smqhm_8_16,26743803,128
487914730,smqhm_8_16,26699970,128
840581660,smqhm_8_32,29236976,128
968145162,smqhm_8_32,29251730,128
875528260,smqhm_8_32,29295201,128
861215486,smqhm_8_32,29150638,128
877615206,smqhm_8_32,29180533,128
897595090,smqhm_8_32,29243530,128
1218732278,smqhm_8_64,30570448,128
1201449030,smqhm_8_64,30582871,128
1212219448,smqhm_8_64,30676923,128
1223123648,smqhm_8_64,30744306,128
1239607932,smqhm_8_64,30542861,128
1237736888,smqhm_8_64,30592444,128
2307448178,smqhm_8_128,32013938,128
2335360368,smqhm_8_128,32029527,128
1948552746,smqhm_8_128,31499606,128
2342367506,smqhm_8_128,32085786,128
1861001252,smqhm_8_128,31691404,128
1875662332,smqhm_8_128,31642741,128
3470793892,smqhm_8_256,32361027,128
3782963364,smqhm_8_256,32232623,128
4698357564,smqhm_8_256,32883040,128
3922800934,smqhm_8_256,32474541,128
3044729262,smqhm_8_256,31742986,128
3864268612,smqhm_8_256,32236336,128
5020736376,smqhm_8_512,31941939,128
5545603874,smqhm_8_512,32401242,128
5837699224,smqhm_8_512,32315667,128
5420626928,smqhm_8_512,32145657,128
5578882006,smqhm_8_512,32417660,128
5832115714,smqhm_8_512,32313407,128
8783268804,smqhm_8_1024,32714895,128
8938581848,smqhm_8_1024,32723328,128
8815776906,smqhm_8_1024,32846686,128
8760633990,smqhm_8_1024,32828366,128
8716600764,smqhm_8_1024,32700241,128
8742190070,smqhm_8_1024,32665647,128
309033372,smqhm_16_1,31648349,128
307169630,smqhm_16_1,31328869,128
310294906,smqhm_16_1,31409452,128
308646170,smqhm_16_1,31562598,128
309348032,smqhm_16_1,31504931,128
306093128,smqhm_16_1,31293556,128
299270880,smqhm_16_2,27098516,128
308852418,smqhm_16_2,27039216,128
302907802,smqhm_16_2,27132208,128
299171826,smqhm_16_2,26942108,128
299746210,smqhm_16_2,27005770,128
301556524,smqhm_16_2,27161575,128
283872956,smqhm_16_4,25577334,128
285255768,smqhm_16_4,25550432,128
284651104,smqhm_16_4,25528276,128
286483404,smqhm_16_4,25543687,128
285258964,smqhm_16_4,25528936,128
284476668,smqhm_16_4,25594480,128
315745040,smqhm_16_8,25987081,128
315182796,smqhm_16_8,26112129,128
314221986,smqhm_16_8,26066579,128
314012684,smqhm_16_8,26079907,128
316312136,smqhm_16_8,26022760,128
315814918,smqhm_16_8,25936227,128
457210930,smqhm_16_16,29053019,128
460941818,smqhm_16_16,29099395,128
452594556,smqhm_16_16,29046813,128
446975574,smqhm_16_16,28939339,128
452887292,smqhm_16_16,28978874,128
448108700,smqhm_16_16,29038735,128
671581614,smqhm_16_32,32206138,128
646845730,smqhm_16_32,32140464,128
660909006,smqhm_16_32,32248613,128
634379286,smqhm_16_32,32158160,128
684139288,smqhm_16_32,32299733,128
691740426,smqhm_16_32,32204400,128
977614420,smqhm_16_64,34958556,128
919430024,smqhm_16_64,34706958,128
934131786,smqhm_16_64,34651604,128
922876072,smqhm_16_64,34628331,128
948887368,smqhm_16_64,34956395,128
927177906,smqhm_16_64,34932931,128
1413579342,smqhm_16_128,36385441,128
1368568340,smqhm_16_128,36304256,128
1607697474,smqhm_16_128,36453475,128
1412518236,smqhm_16_128,36372687,128
1459074916,smqhm_16_128,36494934,128
1594594956,smqhm_16_128,36831817,128
2514188926,smqhm_16_256,36972145,128
2399847608,smqhm_16_256,37698431,128
2499414144,smqhm_16_256,37472908,128
2365287102,smqhm_16_256,37151437,128
2444946326,smqhm_16_256,37374742,128
2599968250,smqhm_16_256,37374970,128
4160728332,smqhm_16_512,40020582,128
4233159640,smqhm_16_512,40011492,128
4223925566,smqhm_16_512,39409255,128
4295158232,smqhm_16_512,39863341,128
4275137052,smqhm_16_512,39666947,128
4255714588,smqhm_16_512,40486686,128
7844880076,smqhm_16_1024,40650274,128
7600098512,smqhm_16_1024,40391977,128
7719311794,smqhm_16_1024,40054191,128
7641068750,smqhm_16_1024,40602156,128
7606250142,smqhm_16_1024,40320851,128
7709542974,smqhm_16_1024,40348331,128
368323426,smqhm_32_1,42069918,128
373486420,smqhm_32_1,42803418,128
361285230,smqhm_32_1,41475074,128
365038638,smqhm_32_1,41887075,128
366303394,smqhm_32_1,41944886,128
368636926,smqhm_32_1,42021249,128
322606130,smqhm_32_2,32555590,128
316977704,smqhm_32_2,32429590,128
313504610,smqhm_32_2,32193161,128
318220902,smqhm_32_2,32455841,128
316325238,smqhm_32_2,32342727,128
316066586,smqhm_32_2,32277694,128
291206696,smqhm_32_4,28152729,128
288439442,smqhm_32_4,28122499,128
289004092,smqhm_32_4,28141216,128
292679902,smqhm_32_4,28309509,128
290773932,smqhm_32_4,28303722,128
292976288,smqhm_32_4,28202791,128
306927666,smqhm_32_8,27875818,128
307607046,smqhm_32_8,27871656,128
306655506,smqhm_32_8,27757522,128
310087598,smqhm_32_8,28033759,128
306037640,smqhm_32_8,27694257,128
306804414,smqhm_32_8,27716214,128
439139824,smqhm_32_16,31393751,128
439834534,smqhm_32_16,31501415,128
437180088,smqhm_32_16,31147875,128
438551768,smqhm_32_16,31504738,128
439365896,smqhm_32_16,31415793,128
439589080,smqhm_32_16,31479184,128
599957212,smqhm_32_32,36041409,128
605150796,smqhm_32_32,36247763,128
593610830,smqhm_32_32,36237440,128
592734886,smqhm_32_32,36292598,128
593594220,smqhm_32_32,36129393,128
598985840,smqhm_32_32,36609983,128
832406886,smqhm_32_64,40995642,128
824656138,smqhm_32_64,41268383,128
832805768,smqhm_32_64,41581370,128
823871608,smqhm_32_64,41315329,128
836007078,smqhm_32_64,41484387,128
842570114,smqhm_32_64,41211569,128
1354676974,smqhm_32_128,45881764,128
1358938260,smqhm_32_128,45588368,128
1360040120,smqhm_32_128,45347130,128
1356807302,smqhm_32_128,45728146,128
1336523392,smqhm_32_128,45367399,128
1418104570,smqhm_32_128,44824909,128
2510536540,smqhm_32_256,47950674,128
2316614202,smqhm_32_256,48489767,128
2397233316,smqhm_32_256,47220591,128
2370020488,smqhm_32_256,48895903,128
2537946406,smqhm_32_256,48781508,128
2380751762,smqhm_32_256,47462237,128
5402981170,smqhm_32_512,53960350,128
5421633386,smqhm_32_512,54856836,128
5395125626,smqhm_32_512,54024401,128
5425668772,smqhm_32_512,54435044,128
5471746248,smqhm_32_512,54333409,128
5453239194,smqhm_32_512,53327003,128
9382235018,smqhm_32_1024,51042816,128
9267212892,smqhm_32_1024,50286634,128
9335206322,smqhm_32_1024,51038737,128
9218849252,smqhm_32_1024,50200431,128
9356990920,smqhm_32_1024,51124129,128
9597176618,smqhm_32_1024,51778989,128
469104318,smqhm_64_1,60052286,128
456671744,smqhm_64_1,58411994,128
467293926,smqhm_64_1,59243866,128
458560982,smqhm_64_1,58229221,128
455183312,smqhm_64_1,57874259,128
455120074,smqhm_64_1,57946422,128
371668546,smqhm_64_2,42697140,128
372076950,smqhm_64_2,42727637,128
368411488,smqhm_64_2,42094781,128
374495962,smqhm_64_2,42515590,128
376925106,smqhm_64_2,42893405,128
374947748,smqhm_64_2,42940700,128
320352420,smqhm_64_4,34014104,128
319662668,smqhm_64_4,33827751,128
322051988,smqhm_64_4,34225712,128
322483470,smqhm_64_4,34549473,128
317736958,smqhm_64_4,33875413,128
317241788,smqhm_64_4,33740966,128
316684350,smqhm_64_8,30975256,128
317266636,smqhm_64_8,31147356,128
318391252,smqhm_64_8,31243213,128
315885744,smqhm_64_8,31187079,128
315167456,smqhm_64_8,30935645,128
316904690,smqhm_64_8,31184891,128
440214870,smqhm_64_16,34121407,128
444726874,smqhm_64_16,34708583,128
446600074,smqhm_64_16,34594574,128
447616372,smqhm_64_16,34704189,128
440605874,smqhm_64_16,34414731,128
447035812,smqhm_64_16,34406990,128
584101510,smqhm_64_32,40825158,128
575727550,smqhm_64_32,40340917,128
588020010,smqhm_64_32,41026808,128
577047452,smqhm_64_32,40345271,128
591003056,smqhm_64_32,40485434,128
590105794,smqhm_64_32,40507735,128
847951662,smqhm_64_64,49860796,128
854235144,smqhm_64_64,50251066,128
857545660,smqhm_64_64,50092038,128
868205248,smqhm_64_64,50304946,128
842759884,smqhm_64_64,49910498,128
849143450,smqhm_64_64,49874592,128
1653938250,smqhm_64_128,57022123,128
1637741496,smqhm_64_128,60695674,128
1676958306,smqhm_64_128,57882444,128
1594735270,smqhm_64_128,60191107,128
1684240474,smqhm_64_128,59190316,128
1709033384,smqhm_64_128,57629054,128
3022653964,smqhm_64_256,67102365,128
2979734912,smqhm_64_256,66361235,128
2965797530,smqhm_64_256,64628932,128
3083930908,smqhm_64_256,63092716,128
3072887164,smqhm_64_256,65037767,128
3209771222,smqhm_64_256,64188294,128
6749483394,smqhm_64_512,68661530,128
7232939362,smqhm_64_512,71807595,128
7165912826,smqhm_64_512,72594665,128
6995979828,smqhm_64_512,72189220,128
6936982280,smqhm_64_512,72510257,128
7188760204,smqhm_64_512,74118179,128
11943771638,smqhm_64_1024,66435202,128
11918815118,smqhm_64_1024,65898415,128
11891597668,smqhm_64_1024,65793191,128
11946603360,smqhm_64_1024,65796370,128
11782903566,smqhm_64_1024,65207316,128
11892220710,smqhm_64_1024,65072955,128
604291732,smqhm_128_1,83968360,128
605250872,smqhm_128_1,84723550,128
620499952,smqhm_128_1,86461468,128
602509748,smqhm_128_1,83123778,128
580045248,smqhm_128_1,80489714,128
571214854,smqhm_128_1,79587035,128
482710902,smqhm_128_2,60542817,128
469124124,smqhm_128_2,58936183,128
469269550,smqhm_128_2,58984300,128
478313566,smqhm_128_2,60432838,128
467339990,smqhm_128_2,58848877,128
473692132,smqhm_128_2,59893514,128
396402456,smqhm_128_4,45093916,128
388315816,smqhm_128_4,45198213,128
386661814,smqhm_128_4,45086144,128
377648190,smqhm_128_4,43932800,128
388856408,smqhm_128_4,45486887,128
381278160,smqhm_128_4,44304620,128
349396492,smqhm_128_8,37368485,128
354836214,smqhm_128_8,37783426,128
352315340,smqhm_128_8,37674508,128
353702260,smqhm_128_8,37844761,128
351813040,smqhm_128_8,37686677,128
356504384,smqhm_128_8,38082040,128
460522108,smqhm_128_16,38491343,128
462273708,smqhm_128_16,38897873,128
476083606,smqhm_128_16,39177414,128
475125620,smqhm_128_16,39922052,128
471444262,smqhm_128_16,39629793,128
475691328,smqhm_128_16,39955788,128
615873602,smqhm_128_32,46636727,128
609243394,smqhm_128_32,46678951,128
618005262,smqhm_128_32,47147055,128
621170108,smqhm_128_32,47140414,128
614840956,smqhm_128_32,46378195,128
627594870,smqhm_128_32,48036166,128
982282382,smqhm_128_64,61842862,128
913552702,smqhm_128_64,59909092,128
922331326,smqhm_128_64,59647282,128
950434682,smqhm_128_64,62347361,128
938622226,smqhm_128_64,60376313,128
932198380,smqhm_128_64,60819741,128
2035736748,smqhm_128_128,78806484,128
2024499870,smqhm_128_128,73287396,128
1937514868,smqhm_128_128,77835574,128
1978062834,smqhm_128_128,82445508,128
1990972966,smqhm_128_128,78490504,128
2001875778,smqhm_128_128,73269662,128
3774603922,smqhm_128_256,85613823,128
3695963944,smqhm_128_256,82164989,128
3827467600,smqhm_128_256,83339728,128
3905874634,smqhm_128_256,81829345,128
3869456966,smqhm_128_256,83138543,128
3965833222,smqhm_128_256,79519291,128
9225821534,smqhm_128_512,95893662,128
9730415394,smqhm_128_512,98926477,128
9648290086,smqhm_128_512,101079165,128
9494658714,smqhm_128_512,97714507,128
9798419930,smqhm_128_512,99423713,128
9775660152,smqhm_128_512,99425675,128
14957849844,smqhm_128_1024,83803255,128
15410926514,smqhm_128_1024,86476261,128
15199312108,smqhm_128_1024,84098482,128
15689991208,smqhm_128_1024,86320135,128
15244281784,smqhm_128_1024,84466970,128
15132140204,smqhm_128_1024,85578153,128
770052062,smqhm_256_1,113651413,128
792031144,smqhm_256_1,118055385,128
800908354,smqhm_256_1,119202834,128
797537368,smqhm_256_1,118824324,128
809209816,smqhm_256_1,121228530,128
795492940,smqhm_256_1,118884065,128
620020078,smqhm_256_2,84621580,128
626698902,smqhm_256_2,86692384,128
632738518,smqhm_256_2,86301000,128
621343316,smqhm_256_2,85408255,128
606152604,smqhm_256_2,82815100,128
637987470,smqhm_256_2,89644336,128
487095998,smqhm_256_4,62486654,128
491244856,smqhm_256_4,62878446,128
482233552,smqhm_256_4,61342286,128
492434512,smqhm_256_4,63187641,128
480542356,smqhm_256_4,61310898,128
496192566,smqhm_256_4,62836897,128
430659478,smqhm_256_8,49966196,128
426715500,smqhm_256_8,49492176,128
414721898,smqhm_256_8,48018149,128
429751782,smqhm_256_8,49971263,128
426268192,smqhm_256_8,49685966,128
421592068,smqhm_256_8,48967385,128
582320152,smqhm_256_16,51777328,128
544562290,smqhm_256_16,48713792,128
552636856,smqhm_256_16,49420308,128
553951686,smqhm_256_16,49353354,128
545205584,smqhm_256_16,48758169,128
561534498,smqhm_256_16,50231442,128
684745958,smqhm_256_32,56560146,128
679131268,smqhm_256_32,55582969,128
711954984,smqhm_256_32,58443787,128
691185918,smqhm_256_32,56792534,128
680057250,smqhm_256_32,55871538,128
722803026,smqhm_256_32,57660124,128
1108486204,smqhm_256_64,77120961,128
1075984432,smqhm_256_64,74714463,128
1095712500,smqhm_256_64,77117155,128
1094985486,smqhm_256_64,75523932,128
1118292616,smqhm_256_64,77327240,128
1091569322,smqhm_256_64,76845034,128
2485749390,smqhm_256_128,105864848,128
2469744552,smqhm_256_128,100597937,128
2374024014,smqhm_256_128,104075866,128
2436421374,smqhm_256_128,93193376,128
2395621970,smqhm_256_128,94475179,128
2356997708,smqhm_256_128,89316523,128
4873271804,smqhm_256_256,105144267,128
4951118494,smqhm_256_256,110443330,128
4981727740,smqhm_256_256,112978679,128
4839988576,smqhm_256_256,104501593,128
5078825836,smqhm_256_256,111692421,128
4845146374,smqhm_256_256,111383765,128
13414272092,smqhm_256_512,136759134,128
13350238664,smqhm_256_512,136439527,128
13257571990,smqhm_256_512,139242865,128
12922341984,smqhm_256_512,132394575,128
12232868260,smqhm_256_512,125554544,128
12873098270,smqhm_256_512,130022735,128
20327519978,smqhm_256_1024,112530313,128
19830150086,smqhm_256_1024,112331895,128
19652905958,smqhm_256_1024,109526010,128
18957258856,smqhm_256_1024,106765145,128
19288865936,smqhm_256_1024,108674787,128
19473323138,smqhm_256_1024,109993195,128
1032219808,smqhm_512_1,157633574,128
1058972358,smqhm_512_1,160995784,128
986375110,smqhm_512_1,150242490,128
1001870224,smqhm_512_1,153203444,128
980244036,smqhm_512_1,148722301,128
1070760418,smqhm_512_1,164443564,128
765297504,smqhm_512_2,112558184,128
762294524,smqhm_512_2,111075316,128
772960614,smqhm_512_2,113916512,128
808943034,smqhm_512_2,118536230,128
822090126,smqhm_512_2,119880155,128
776334180,smqhm_512_2,114480422,128
623223352,smqhm_512_4,85734758,128
624492306,smqhm_512_4,86338320,128
619883716,smqhm_512_4,84524892,128
624601848,smqhm_512_4,86015737,128
637322832,smqhm_512_4,88007392,128
611511536,smqhm_512_4,83545981,128
538051656,smqhm_512_8,66432259,128
530219472,smqhm_512_8,66610411,128
553456494,smqhm_512_8,69737240,128
541028758,smqhm_512_8,67655068,128
531858358,smqhm_512_8,66593824,128
551441820,smqhm_512_8,69086803,128
693356798,smqhm_512_16,64039375,128
698780118,smqhm_512_16,65316293,128
699735062,smqhm_512_16,65764617,128
682023978,smqhm_512_16,63571649,128
706835288,smqhm_512_16,65288281,128
704861722,smqhm_512_16,65927838,128
847533444,smqhm_512_32,73250411,128
861143170,smqhm_512_32,75817440,128
856338804,smqhm_512_32,74927339,128
842055708,smqhm_512_32,73690881,128
859746918,smqhm_512_32,74900467,128
852978736,smqhm_512_32,74830082,128
1246992442,smqhm_512_64,90323897,128
1244745958,smqhm_512_64,89743446,128
1308128376,smqhm_512_64,91591747,128
1235900084,smqhm_512_64,91184157,128
1245268294,smqhm_512_64,90414181,128
1282256678,smqhm_512_64,91981355,128
2713007522,smqhm_512_128,110510429,128
2927348764,smqhm_512_128,112548146,128
3207939358,smqhm_512_128,143571618,128
3173926980,smqhm_512_128,110719542,128
3147170634,smqhm_512_128,140276165,128
2856935026,smqhm_512_128,119458272,128
6268686638,smqhm_512_256,132495985,128
6543212554,smqhm_512_256,135915996,128
6434925444,smqhm_512_256,136076690,128
6249619240,smqhm_512_256,144166920,128
6824843580,smqhm_512_256,144984585,128
6309108238,smqhm_512_256,145223320,128
15739034316,smqhm_512_512,165271132,128
16016657760,smqhm_512_512,163030100,128
16193649998,smqhm_512_512,165286547,128
15763477686,smqhm_512_512,162799912,128
15016128092,smqhm_512_512,155072261,128
15247964802,smqhm_512_512,159725870,128
24407056986,smqhm_512_1024,138625398,128
24348432652,smqhm_512_1024,136457588,128
24599346850,smqhm_512_1024,137730683,128
24051391460,smqhm_512_1024,137369573,128
25063559820,smqhm_512_1024,143437697,128
24865663432,smqhm_512_1024,137684565,128
1358753172,smqhm_1024_1,213462618,128
1403727162,smqhm_1024_1,220933920,128
1244907164,smqhm_1024_1,193269597,128
1120023810,smqhm_1024_1,175611498,128
1346647792,smqhm_1024_1,211612184,128
1288533486,smqhm_1024_1,202027829,128
1001879536,smqhm_1024_2,152655520,128
962433594,smqhm_1024_2,146038187,128
1065515480,smqhm_1024_2,157490822,128
1039411468,smqhm_1024_2,157335145,128
1001194372,smqhm_1024_2,151635339,128
1155557316,smqhm_1024_2,176585304,128
788708992,smqhm_1024_4,114306441,128
822650504,smqhm_1024_4,119946005,128
821313584,smqhm_1024_4,118952609,128
775893324,smqhm_1024_4,111593246,128
789305092,smqhm_1024_4,114256742,128
791233164,smqhm_1024_4,114337178,128
665573950,smqhm_1024_8,89073623,128
682864568,smqhm_1024_8,91471659,128
670734340,smqhm_1024_8,89654933,128
682435068,smqhm_1024_8,91225995,128
676311340,smqhm_1024_8,90572158,128
684133884,smqhm_1024_8,91546361,128
924005844,smqhm_1024_16,90943404,128
911675664,smqhm_1024_16,89371620,128
912474740,smqhm_1024_16,90090207,128
902256318,smqhm_1024_16,88965802,128
881965736,smqhm_1024_16,86884887,128
892533216,smqhm_1024_16,88061801,128
1037140346,smqhm_1024_32,95782869,128
1018813408,smqhm_1024_32,94357928,128
1051528750,smqhm_1024_32,95723667,128
1097895918,smqhm_1024_32,102702661,128
1076349940,smqhm_1024_32,98327268,128
1169130288,smqhm_1024_32,106476899,128
1584953752,smqhm_1024_64,120065505,128
1679364844,smqhm_1024_64,127103855,128
1749989250,smqhm_1024_64,133553907,128
1730582360,smqhm_1024_64,129756362,128
1721701282,smqhm_1024_64,131156610,128
1718875060,smqhm_1024_64,129470343,128
3686184438,smqhm_1024_128,150135984,128
4023546926,smqhm_1024_128,175568918,128
3687770182,smqhm_1024_128,150792709,128
3389175966,smqhm_1024_128,127683748,128
3512624866,smqhm_1024_128,133087207,128
3485637690,smqhm_1024_128,136804971,128
7326008592,smqhm_1024_256,148806108,128
7137540004,smqhm_1024_256,164473767,128
7351755640,smqhm_1024_256,153782472,128
7201968236,smqhm_1024_256,160016776,128
7360698542,smqhm_1024_256,167268527,128
7265917754,smqhm_1024_256,165689924,128
16444770576,smqhm_1024_512,166178537,128
16591838046,smqhm_1024_512,168674271,128
17100634990,smqhm_1024_512,176113889,128
15734259956,smqhm_1024_512,165303588,128
16587978314,smqhm_1024_512,171311612,128
16329588098,smqhm_1024_512,171203834,128
35099618386,smqhm_1024_1024,198964659,128
35347648734,smqhm_1024_1024,198710464,128
38434005816,smqhm_1024_1024,214951488,128
33766476848,smqhm_1024_1024,193031687,128
35552982350,smqhm_1024_1024,200043149,128
37037839568,smqhm_1024_1024,217621736,128
