11856561688,smqhm_1_1,50834998,128,0
12947209338,smqhm_1_1,50613140,128,0
12173791152,smqhm_1_1,50639386,128,0
11263685812,smqhm_1_1,50816048,128,0
12306642720,smqhm_1_1,50610367,128,0
11891388314,smqhm_1_1,50740567,128,0
11787193016,smqhm_1_2,50815378,128,0
11667792664,smqhm_1_2,50631691,128,0
11722231984,smqhm_1_2,50763194,128,0
11618984748,smqhm_1_2,50870489,128,0
13340180302,smqhm_1_2,50870334,128,0
12280001896,smqhm_1_2,50786877,128,0
15043218306,smqhm_1_4,50340767,128,0
12195474356,smqhm_1_4,50275190,128,0
12352865642,smqhm_1_4,50218720,128,0
12744289706,smqhm_1_4,50347159,128,0
12703373154,smqhm_1_4,50007889,128,0
12524379522,smqhm_1_4,50400150,128,0
12566482692,smqhm_1_8,49415195,128,0
13343355830,smqhm_1_8,49456784,128,0
14285243976,smqhm_1_8,49444367,128,0
13570164694,smqhm_1_8,49308202,128,0
12372884648,smqhm_1_8,49453246,128,0
13576408944,smqhm_1_8,49517260,128,0
13039695272,smqhm_1_16,48639477,128,0
11469526080,smqhm_1_16,48687212,128,0
13479696766,smqhm_1_16,48610552,128,0
11909680998,smqhm_1_16,48662583,128,0
11445773406,smqhm_1_16,48679932,128,0
11458956422,smqhm_1_16,48676360,128,0
11886767170,smqhm_1_32,48314774,128,0
11163122912,smqhm_1_32,48316417,128,0
10958714312,smqhm_1_32,48307170,128,0
12636887948,smqhm_1_32,48301841,128,0
11258479030,smqhm_1_32,48323730,128,0
11126619660,smqhm_1_32,48324166,128,0
12548313984,smqhm_1_64,48103443,128,0
13337435978,smqhm_1_64,48097315,128,0
11481039996,smqhm_1_64,48096487,128,0
12218511736,smqhm_1_64,48102527,128,0
13021566052,smqhm_1_64,48088876,128,0
12971802176,smqhm_1_64,48127130,128,0
13453384574,smqhm_1_128,48009706,128,0
15666461632,smqhm_1_128,48005552,128,0
14739688300,smqhm_1_128,48027793,128,0
16217626320,smqhm_1_128,48042222,128,0
15099990082,smqhm_1_128,48026800,128,0
14952098646,smqhm_1_128,48017449,128,0
14848608332,smqhm_1_256,48036062,128,0
17713389218,smqhm_1_256,48079081,128,0
16001970744,smqhm_1_256,48036802,128,0
15931542422,smqhm_1_256,48046067,128,0
16914528926,smqhm_1_256,48037008,128,0
13681039104,smqhm_1_256,48023344,128,0
12588145040,smqhm_1_512,47977636,128,0
18029632702,smqhm_1_512,47987901,128,0
11950906394,smqhm_1_512,47965965,128,0
14978262314,smqhm_1_512,47974238,128,0
14346163758,smqhm_1_512,47971790,128,0
12123756334,smqhm_1_512,47967661,128,0
12110906828,smqhm_1_1024,47929777,128,0
12355398950,smqhm_1_1024,47939619,128,0
13565332736,smqhm_1_1024,47930825,128,0
12107711072,smqhm_1_1024,47931091,128,0
12073941344,smqhm_1_1024,47930911,128,0
12535900702,smqhm_1_1024,47932932,128,0
14605136636,smqhm_2_1,49743832,128,0
11844269890,smqhm_2_1,49735873,128,0
11890480704,smqhm_2_1,49814554,128,0
13198451092,smqhm_2_1,49815564,128,0
11988451264,smqhm_2_1,49498573,128,0
12149211336,smqhm_2_1,49677398,128,0
10952912552,smqhm_2_2,50039271,128,0
11161120502,smqhm_2_2,49997349,128,0
10920202538,smqhm_2_2,50072121,128,0
11764059294,smqhm_2_2,49971515,128,0
11041757786,smqhm_2_2,49972802,128,0
11609437302,smqhm_2_2,49954019,128,0
10665599734,smqhm_2_4,49943949,128,0
11296872576,smqhm_2_4,49852825,128,0
10717802212,smqhm_2_4,49939579,128,0
11166122818,smqhm_2_4,49947519,128,0
11843744262,smqhm_2_4,49884674,128,0
11174936424,smqhm_2_4,49717695,128,0
12183470396,smqhm_2_8,49366292,128,0
13939712958,smqhm_2_8,49388620,128,0
12129634446,smqhm_2_8,49398534,128,0
13802406434,smqhm_2_8,49436449,128,0
11954418588,smqhm_2_8,49383007,128,0
12350843100,smqhm_2_8,49396993,128,0
13775138660,smqhm_2_16,48770450,128,0
11438541746,smqhm_2_16,48772980,128,0
11646466512,smqhm_2_16,48775215,128,0
11594770804,smqhm_2_16,48757853,128,0
11542348594,smqhm_2_16,48769888,128,0
11700902644,smqhm_2_16,48784348,128,0
11639962930,smqhm_2_32,48379128,128,0
11452176306,smqhm_2_32,48396780,128,0
11214298240,smqhm_2_32,48381930,128,0
10801881248,smqhm_2_32,48381708,128,0
11165380366,smqhm_2_32,48394827,128,0
11042908078,smqhm_2_32,48373359,128,0
11158555918,smqhm_2_64,48135502,128,0
11513413114,smqhm_2_64,48110387,128,0
11075974932,smqhm_2_64,48113849,128,0
11538653044,smqhm_2_64,48110322,128,0
11191819044,smqhm_2_64,48107634,128,0
15053386598,smqhm_2_64,48125991,128,0
13106413804,smqhm_2_128,48005113,128,0
12468743086,smqhm_2_128,48021095,128,0
14596086304,smqhm_2_128,48018126,128,0
12815600332,smqhm_2_128,48010157,128,0
14533110514,smqhm_2_128,48009402,128,0
13133131948,smqhm_2_128,48015053,128,0
13382441450,smqhm_2_256,48015657,128,0
15870171360,smqhm_2_256,48030198,128,0
14069614288,smqhm_2_256,48029405,128,0
14367933092,smqhm_2_256,48025777,128,0
18707350620,smqhm_2_256,48090380,128,0
13215760304,smqhm_2_256,48036202,128,0
17072345922,smqhm_2_512,47976831,128,0
13744521322,smqhm_2_512,47986359,128,0
13233520240,smqhm_2_512,47976608,128,0
13112636928,smqhm_2_512,47993505,128,0
13081233780,smqhm_2_512,47974106,128,0
13535254326,smqhm_2_512,47983960,128,0
12261469348,smqhm_2_1024,47930147,128,0
12698010374,smqhm_2_1024,47937848,128,0
14357025728,smqhm_2_1024,47929009,128,0
12681680602,smqhm_2_1024,47932069,128,0
14558935286,smqhm_2_1024,47932157,128,0
12416917372,smqhm_2_1024,47933965,128,0
11247624030,smqhm_4_1,49032713,128,0
11343166288,smqhm_4_1,49009762,128,0
11821546660,smqhm_4_1,48973959,128,0
12050451064,smqhm_4_1,48980004,128,0
12227921210,smqhm_4_1,49033603,128,0
11867318796,smqhm_4_1,49045246,128,0
10664466484,smqhm_4_2,49407582,128,0
11471344396,smqhm_4_2,49310276,128,0
10633840146,smqhm_4_2,49378204,128,0
11104433958,smqhm_4_2,49333456,128,0
11347337900,smqhm_4_2,49261119,128,0
10989969578,smqhm_4_2,49324616,128,0
10846912330,smqhm_4_4,49311379,128,0
10632679282,smqhm_4_4,49339385,128,0
11034210908,smqhm_4_4,49278769,128,0
11110513298,smqhm_4_4,49334181,128,0
10697454744,smqhm_4_4,49241987,128,0
10571591052,smqhm_4_4,49320110,128,0
10662036066,smqhm_4_8,49109548,128,0
10913669502,smqhm_4_8,49065641,128,0
10924315970,smqhm_4_8,49134519,128,0
10908212488,smqhm_4_8,49074112,128,0
10612056114,smqhm_4_8,49055542,128,0
11186517566,smqhm_4_8,49098984,128,0
12270778132,smqhm_4_16,48732367,128,0
11317848738,smqhm_4_16,48753263,128,0
11012020638,smqhm_4_16,48744892,128,0
11106266664,smqhm_4_16,48737295,128,0
11156409232,smqhm_4_16,48729450,128,0
13267364224,smqhm_4_16,48753281,128,0
10647595264,smqhm_4_32,48409135,128,0
11368304106,smqhm_4_32,48418516,128,0
11471692204,smqhm_4_32,48429484,128,0
11564674108,smqhm_4_32,48433245,128,0
10619469060,smqhm_4_32,48419036,128,0
12893710910,smqhm_4_32,48414725,128,0
11910404156,smqhm_4_64,48161824,128,0
11964005068,smqhm_4_64,48141182,128,0
11634659516,smqhm_4_64,48168842,128,0
12094647990,smqhm_4_64,48175961,128,0
11626764680,smqhm_4_64,48152171,128,0
12644849316,smqhm_4_64,48149134,128,0
11538265402,smqhm_4_128,48015757,128,0
12595905206,smqhm_4_128,48015662,128,0
12319690192,smqhm_4_128,48023390,128,0
11412587286,smqhm_4_128,48019810,128,0
11893731814,smqhm_4_128,48017026,128,0
13436659890,smqhm_4_128,48041479,128,0
13031894468,smqhm_4_256,48012155,128,0
12147999506,smqhm_4_256,48008263,128,0
14865254392,smqhm_4_256,48017509,128,0
13200710888,smqhm_4_256,48028835,128,0
16636707850,smqhm_4_256,48047614,128,0
12853247928,smqhm_4_256,48047932,128,0
13296109208,smqhm_4_512,47978604,128,0
12207882416,smqhm_4_512,47970686,128,0
11926409286,smqhm_4_512,47964101,128,0
16109042466,smqhm_4_512,47999980,128,0
13949008188,smqhm_4_512,47974495,128,0
15512426834,smqhm_4_512,48008733,128,0
12313764808,smqhm_4_1024,47931348,128,0
12385577384,smqhm_4_1024,47931762,128,0
12147087464,smqhm_4_1024,47932032,128,0
12732822164,smqhm_4_1024,47930820,128,0
12012011696,smqhm_4_1024,47930584,128,0
12932617008,smqhm_4_1024,47937649,128,0
11160151366,smqhm_8_1,48673347,128,0
12867316232,smqhm_8_1,48699859,128,0
12800285464,smqhm_8_1,48685728,128,0
10652562438,smqhm_8_1,48709626,128,0
11109257700,smqhm_8_1,48670893,128,0
10931043786,smqhm_8_1,48636636,128,0
10760360676,smqhm_8_2,48855377,128,0
11148883540,smqhm_8_2,48871371,128,0
10976006660,smqhm_8_2,48817223,128,0
13930199804,smqhm_8_2,48894928,128,0
11001268466,smqhm_8_2,48825727,128,0
11006409540,smqhm_8_2,48841075,128,0
10418647834,smqhm_8_4,48897377,128,0
9886719910,smqhm_8_4,48957782,128,0
10321851748,smqhm_8_4,48898427,128,0
13134609364,smqhm_8_4,48969095,128,0
10190001648,smqhm_8_4,48872320,128,0
10203563228,smqhm_8_4,48936427,128,0
13102776290,smqhm_8_8,48835246,128,0
10334995746,smqhm_8_8,48819929,128,0
10737436440,smqhm_8_8,48813965,128,0
11180416426,smqhm_8_8,48753600,128,0
10972901610,smqhm_8_8,48793033,128,0
9933507282,smqhm_8_8,48815472,128,0
12671567396,smqhm_8_16,48590555,128,0
11035513472,smqhm_8_16,48594414,128,0
10230341776,smqhm_8_16,48597253,128,0
10329508872,smqhm_8_16,48583535,128,0
10772690004,smqhm_8_16,48596583,128,0
11435835812,smqhm_8_16,48588963,128,0
10588145020,smqhm_8_32,48384612,128,0
10447511176,smqhm_8_32,48396263,128,0
10064836696,smqhm_8_32,48384106,128,0
12100587236,smqhm_8_32,48384102,128,0
10331019170,smqhm_8_32,48395539,128,0
12921784566,smqhm_8_32,48370299,128,0
11352784202,smqhm_8_64,48184263,128,0
11171825364,smqhm_8_64,48170013,128,0
11165724214,smqhm_8_64,48177031,128,0
11325291362,smqhm_8_64,48176309,128,0
12239137054,smqhm_8_64,48174456,128,0
13188646240,smqhm_8_64,48265629,128,0
11129448354,smqhm_8_128,48029108,128,0
11272400550,smqhm_8_128,48026992,128,0
11040646062,smqhm_8_128,48026039,128,0
12781874038,smqhm_8_128,48047013,128,0
11555768766,smqhm_8_128,48050997,128,0
10973765316,smqhm_8_128,48029787,128,0
11457023278,smqhm_8_256,47986280,128,0
11257610886,smqhm_8_256,48001159,128,0
12067596738,smqhm_8_256,47986758,128,0
11502514550,smqhm_8_256,48012952,128,0
11154359828,smqhm_8_256,47998391,128,0
10662926386,smqhm_8_256,47983587,128,0
12870188860,smqhm_8_512,47975236,128,0
11386405930,smqhm_8_512,47961666,128,0
11497966090,smqhm_8_512,47957856,128,0
13626458694,smqhm_8_512,47981684,128,0
11427604568,smqhm_8_512,47956173,128,0
11880739360,smqhm_8_512,47969929,128,0
14556823368,smqhm_8_1024,47934332,128,0
12646638298,smqhm_8_1024,47931228,128,0
12237405228,smqhm_8_1024,47929648,128,0
12378908510,smqhm_8_1024,47929907,128,0
12113962012,smqhm_8_1024,47927943,128,0
13613744410,smqhm_8_1024,47930135,128,0
10800604428,smqhm_16_1,48451761,128,0
10678041178,smqhm_16_1,48462767,128,0
15241423722,smqhm_16_1,48466806,128,0
11534794542,smqhm_16_1,48411791,128,0
10970359944,smqhm_16_1,48453270,128,0
11309893334,smqhm_16_1,48438276,128,0
11172986516,smqhm_16_2,48558906,128,0
11130906770,smqhm_16_2,48501328,128,0
11774106390,smqhm_16_2,48566165,128,0
10576225042,smqhm_16_2,48483628,128,0
10898288610,smqhm_16_2,48566213,128,0
10874430008,smqhm_16_2,48565199,128,0
11192654118,smqhm_16_4,48568103,128,0
11440770782,smqhm_16_4,48648288,128,0
10991717120,smqhm_16_4,48633281,128,0
10934011190,smqhm_16_4,48653132,128,0
10677436834,smqhm_16_4,48643662,128,0
10007066390,smqhm_16_4,48614719,128,0
11912889644,smqhm_16_8,48593555,128,0
11451759652,smqhm_16_8,48591570,128,0
10673588680,smqhm_16_8,48569540,128,0
10064823360,smqhm_16_8,48570407,128,0
9798242468,smqhm_16_8,48582842,128,0
10436774578,smqhm_16_8,48543022,128,0
10468550016,smqhm_16_16,48428216,128,0
10962844376,smqhm_16_16,48444104,128,0
11229382126,smqhm_16_16,48441136,128,0
10069763180,smqhm_16_16,48438311,128,0
9940601780,smqhm_16_16,48432169,128,0
9611805978,smqhm_16_16,48441837,128,0
11036301764,smqhm_16_32,48301490,128,0
9998097734,smqhm_16_32,48287400,128,0
10089030806,smqhm_16_32,48288897,128,0
10065716942,smqhm_16_32,48325508,128,0
9860540078,smqhm_16_32,48300658,128,0
10058427404,smqhm_16_32,48302699,128,0
10623320706,smqhm_16_64,48150536,128,0
11377934346,smqhm_16_64,48174258,128,0
12783068682,smqhm_16_64,48170314,128,0
10594235568,smqhm_16_64,48141703,128,0
11239311630,smqhm_16_64,48150520,128,0
11453203456,smqhm_16_64,48161808,128,0
11458607592,smqhm_16_128,48040831,128,0
11257008896,smqhm_16_128,48053011,128,0
12944872502,smqhm_16_128,48039385,128,0
11308646844,smqhm_16_128,48037952,128,0
12267779552,smqhm_16_128,48037513,128,0
11167678864,smqhm_16_128,48035639,128,0
10371776964,smqhm_16_256,47991545,128,0
10588566236,smqhm_16_256,47994157,128,0
10907075496,smqhm_16_256,47996490,128,0
10379818428,smqhm_16_256,47991140,128,0
9964950216,smqhm_16_256,47975177,128,0
10655124496,smqhm_16_256,48001318,128,0
10839765992,smqhm_16_512,47941107,128,0
10954109626,smqhm_16_512,47945654,128,0
11208002272,smqhm_16_512,47952697,128,0
11066194818,smqhm_16_512,47948892,128,0
11507035718,smqhm_16_512,47951238,128,0
11125161298,smqhm_16_512,47951473,128,0
11987921402,smqhm_16_1024,47926187,128,0
13675740550,smqhm_16_1024,47927336,128,0
11972504284,smqhm_16_1024,47927714,128,0
12897410816,smqhm_16_1024,47926464,128,0
12169911912,smqhm_16_1024,47929062,128,0
12345838620,smqhm_16_1024,47924134,128,0
11263820606,smqhm_32_1,48349670,128,0
11744335190,smqhm_32_1,48355075,128,0
10712781114,smqhm_32_1,48361635,128,0
11086095098,smqhm_32_1,48323941,128,0
12256364570,smqhm_32_1,48348238,128,0
12089364886,smqhm_32_1,48374631,128,0
10775735356,smqhm_32_2,48408899,128,0
15872774992,smqhm_32_2,48417381,128,0
11355003724,smqhm_32_2,48390612,128,0
11864124850,smqhm_32_2,48347674,128,0
11127015358,smqhm_32_2,48416191,128,0
11895465730,smqhm_32_2,48435719,128,0
14384182632,smqhm_32_4,48449177,128,0
12205951424,smqhm_32_4,48451964,128,0
10627741250,smqhm_32_4,48449560,128,0
13114071908,smqhm_32_4,48478351,128,0
11212989498,smqhm_32_4,48401653,128,0
11464149804,smqhm_32_4,48445835,128,0
12096243132,smqhm_32_8,48420192,128,0
12746479278,smqhm_32_8,48435735,128,0
11489828254,smqhm_32_8,48436051,128,0
11968248078,smqhm_32_8,48440020,128,0
12315633242,smqhm_32_8,48454831,128,0
11979246122,smqhm_32_8,48387382,128,0
10469422076,smqhm_32_16,48334826,128,0
11581054478,smqhm_32_16,48355124,128,0
11123253342,smqhm_32_16,48377488,128,0
11945082986,smqhm_32_16,48369464,128,0
9906073786,smqhm_32_16,48343463,128,0
10781262248,smqhm_32_16,48328694,128,0
9957478962,smqhm_32_32,48233321,128,0
10663656612,smqhm_32_32,48233672,128,0
9978955968,smqhm_32_32,48229578,128,0
10193411456,smqhm_32_32,48248320,128,0
11953434392,smqhm_32_32,48214865,128,0
10693293660,smqhm_32_32,48220714,128,0
11159266316,smqhm_32_64,48144135,128,0
11620832616,smqhm_32_64,48109667,128,0
11126849386,smqhm_32_64,48122240,128,0
10599941354,smqhm_32_64,48109965,128,0
10907646692,smqhm_32_64,48136591,128,0
11653277464,smqhm_32_64,48094624,128,0
10914989538,smqhm_32_128,48031693,128,0
11235588548,smqhm_32_128,48028668,128,0
10472895344,smqhm_32_128,48015893,128,0
10854335772,smqhm_32_128,48035505,128,0
11197066088,smqhm_32_128,48034143,128,0
12503695830,smqhm_32_128,48034552,128,0
10159772792,smqhm_32_256,47988388,128,0
9831110788,smqhm_32_256,47982247,128,0
11649958818,smqhm_32_256,47990116,128,0
10270000540,smqhm_32_256,47989171,128,0
10384130172,smqhm_32_256,48002503,128,0
12900429322,smqhm_32_256,47982793,128,0
10908647848,smqhm_32_512,47953200,128,0
11047258444,smqhm_32_512,47950818,128,0
10928684980,smqhm_32_512,47947619,128,0
12639814092,smqhm_32_512,47944487,128,0
10909238296,smqhm_32_512,47945242,128,0
10710227892,smqhm_32_512,47948166,128,0
13281864118,smqhm_32_1024,47926600,128,0
11740872790,smqhm_32_1024,47925040,128,0
12090284286,smqhm_32_1024,47927838,128,0
13409078226,smqhm_32_1024,47928416,128,0
12625833010,smqhm_32_1024,47927283,128,0
12067024628,smqhm_32_1024,47928577,128,0
13119855580,smqhm_64_1,48340069,128,0
11580066052,smqhm_64_1,48307904,128,0
12473162310,smqhm_64_1,48311490,128,0
12121101170,smqhm_64_1,48343047,128,0
11772283368,smqhm_64_1,48275717,128,0
11071592518,smqhm_64_1,48304393,128,0
12158434506,smqhm_64_2,48290382,128,0
14755067494,smqhm_64_2,48349345,128,0
11867920700,smqhm_64_2,48285938,128,0
13767977476,smqhm_64_2,48344416,128,0
13344629210,smqhm_64_2,48292210,128,0
12283804392,smqhm_64_2,48288139,128,0
11514307994,smqhm_64_4,48354704,128,0
12454627510,smqhm_64_4,48326613,128,0
11351445830,smqhm_64_4,48340195,128,0
14354513498,smqhm_64_4,48366111,128,0
11239627010,smqhm_64_4,48308965,128,0
11447901546,smqhm_64_4,48341272,128,0
11438478506,smqhm_64_8,48332141,128,0
12143216346,smqhm_64_8,48294937,128,0
15556976340,smqhm_64_8,48379809,128,0
12715230050,smqhm_64_8,48322787,128,0
14336449942,smqhm_64_8,48327998,128,0
12306118618,smqhm_64_8,48334029,128,0
12096089644,smqhm_64_16,48290301,128,0
15821946264,smqhm_64_16,48284390,128,0
12758993326,smqhm_64_16,48262134,128,0
16839235674,smqhm_64_16,48268667,128,0
11754736554,smqhm_64_16,48281674,128,0
15512075660,smqhm_64_16,48315983,128,0
11637893062,smqhm_64_32,48220971,128,0
11459607788,smqhm_64_32,48232283,128,0
10731706608,smqhm_64_32,48203330,128,0
11008947774,smqhm_64_32,48197263,128,0
10500788584,smqhm_64_32,48185879,128,0
13182045658,smqhm_64_32,48215576,128,0
11038421058,smqhm_64_64,48104040,128,0
10861109246,smqhm_64_64,48080400,128,0
11607365186,smqhm_64_64,48092680,128,0
11169372382,smqhm_64_64,48079289,128,0
10866789490,smqhm_64_64,48090720,128,0
12493775900,smqhm_64_64,48080350,128,0
11446276382,smqhm_64_128,48010036,128,0
10348394488,smqhm_64_128,48006889,128,0
10087354764,smqhm_64_128,48010846,128,0
10934292650,smqhm_64_128,48016773,128,0
10768244608,smqhm_64_128,48003423,128,0
12047276684,smqhm_64_128,48010857,128,0
12180818286,smqhm_64_256,47981179,128,0
9911893832,smqhm_64_256,47975774,128,0
10000722374,smqhm_64_256,47985701,128,0
9962531552,smqhm_64_256,47984667,128,0
11460623054,smqhm_64_256,47981295,128,0
10365040804,smqhm_64_256,48004186,128,0
10646434754,smqhm_64_512,47947357,128,0
10505412662,smqhm_64_512,47943351,128,0
10584261078,smqhm_64_512,47947836,128,0
10548011000,smqhm_64_512,47946095,128,0
10694992786,smqhm_64_512,47947510,128,0
10667857020,smqhm_64_512,47952277,128,0
13064909914,smqhm_64_1024,47939814,128,0
11804161360,smqhm_64_1024,47929381,128,0
11907661232,smqhm_64_1024,47927978,128,0
14077331352,smqhm_64_1024,47929215,128,0
12136385088,smqhm_64_1024,47928717,128,0
11907873114,smqhm_64_1024,47927060,128,0
13198510708,smqhm_128_1,48247476,128,0
12003938678,smqhm_128_1,48250172,128,0
12691912486,smqhm_128_1,48296561,128,0
13002189580,smqhm_128_1,48276815,128,0
12829114282,smqhm_128_1,48283739,128,0
14373371806,smqhm_128_1,48284685,128,0
13681867456,smqhm_128_2,48321304,128,0
12964125034,smqhm_128_2,48299912,128,0
13027317312,smqhm_128_2,48313735,128,0
14565656318,smqhm_128_2,48294911,128,0
13450062976,smqhm_128_2,48292641,128,0
14102101942,smqhm_128_2,48280945,128,0
15608807718,smqhm_128_4,48305334,128,0
12523274196,smqhm_128_4,48277159,128,0
13000602490,smqhm_128_4,48306903,128,0
13002157508,smqhm_128_4,48314673,128,0
13348411060,smqhm_128_4,48271438,128,0
14514402612,smqhm_128_4,48312635,128,0
13390186458,smqhm_128_8,48281088,128,0
12864672202,smqhm_128_8,48300267,128,0
13120312734,smqhm_128_8,48299485,128,0
15463214606,smqhm_128_8,48299307,128,0
12677110160,smqhm_128_8,48284600,128,0
13499341326,smqhm_128_8,48279780,128,0
15222776588,smqhm_128_16,48266670,128,0
16062250138,smqhm_128_16,48254894,128,0
14350958826,smqhm_128_16,48258907,128,0
15852742014,smqhm_128_16,48281422,128,0
12810130884,smqhm_128_16,48253811,128,0
17846846176,smqhm_128_16,48273905,128,0
13715979416,smqhm_128_32,48191843,128,0
13012723782,smqhm_128_32,48186371,128,0
15394804510,smqhm_128_32,48172713,128,0
14236766678,smqhm_128_32,48186986,128,0
13063253292,smqhm_128_32,48185006,128,0
14719692276,smqhm_128_32,48175228,128,0
12412933494,smqhm_128_64,48126576,128,0
14940850420,smqhm_128_64,48077725,128,0
13040944196,smqhm_128_64,48099383,128,0
12724021064,smqhm_128_64,48093229,128,0
11857384088,smqhm_128_64,48102649,128,0
14356896078,smqhm_128_64,48088822,128,0
14910848844,smqhm_128_128,48009347,128,0
13866826874,smqhm_128_128,48043138,128,0
18351366136,smqhm_128_128,48034460,128,0
16332261730,smqhm_128_128,48006784,128,0
13614218378,smqhm_128_128,48010116,128,0
12931227164,smqhm_128_128,48013897,128,0
10195689478,smqhm_128_256,47987693,128,0
10577619628,smqhm_128_256,47995171,128,0
10365406030,smqhm_128_256,47988517,128,0
11209191776,smqhm_128_256,47996543,128,0
10571247532,smqhm_128_256,47987180,128,0
10531124502,smqhm_128_256,47981567,128,0
11337009474,smqhm_128_512,47950266,128,0
11339028732,smqhm_128_512,47947605,128,0
11614859854,smqhm_128_512,47952955,128,0
10740077838,smqhm_128_512,47942701,128,0
12454425132,smqhm_128_512,47942000,128,0
10680811746,smqhm_128_512,47942196,128,0
12462237116,smqhm_128_1024,47926383,128,0
12029924566,smqhm_128_1024,47927105,128,0
11935405176,smqhm_128_1024,47926508,128,0
11933984966,smqhm_128_1024,47926613,128,0
12212041846,smqhm_128_1024,47928399,128,0
13753391300,smqhm_128_1024,47930221,128,0
12864916700,smqhm_256_1,48272457,128,0
12261506724,smqhm_256_1,48293841,128,0
12950404298,smqhm_256_1,48268674,128,0
13244275380,smqhm_256_1,48296668,128,0
14315010308,smqhm_256_1,48254682,128,0
12401626510,smqhm_256_1,48262239,128,0
13869002544,smqhm_256_2,48266224,128,0
13695299136,smqhm_256_2,48298750,128,0
17549987468,smqhm_256_2,48397342,128,0
13420624670,smqhm_256_2,48307882,128,0
12776726366,smqhm_256_2,48294752,128,0
13985754386,smqhm_256_2,48297453,128,0
12191169152,smqhm_256_4,48260858,128,0
12078439004,smqhm_256_4,48249716,128,0
12255281436,smqhm_256_4,48268508,128,0
13589171506,smqhm_256_4,48271163,128,0
13216402364,smqhm_256_4,48295936,128,0
14802055978,smqhm_256_4,48311962,128,0
13977810630,smqhm_256_8,48256570,128,0
15012337336,smqhm_256_8,48287693,128,0
15074323938,smqhm_256_8,48266894,128,0
14310414434,smqhm_256_8,48251764,128,0
15844447472,smqhm_256_8,48279075,128,0
14957545702,smqhm_256_8,48241943,128,0
15538026664,smqhm_256_16,48237510,128,0
20169572330,smqhm_256_16,48265244,128,0
15358046846,smqhm_256_16,48240352,128,0
18235210586,smqhm_256_16,48231241,128,0
15033930488,smqhm_256_16,48242833,128,0
17498657648,smqhm_256_16,48235140,128,0
16337686916,smqhm_256_32,48194459,128,0
18761476680,smqhm_256_32,48216305,128,0
16447819120,smqhm_256_32,48206171,128,0
16111598062,smqhm_256_32,48198281,128,0
15130148842,smqhm_256_32,48165812,128,0
15284837986,smqhm_256_32,48169244,128,0
19371217182,smqhm_256_64,48139238,128,0
10518849444,smqhm_256_64,47996250,128,0
11917363690,smqhm_256_64,47995404,128,0
16913996586,smqhm_256_64,48056264,128,0
13736716278,smqhm_256_64,48015193,128,0
11735905366,smqhm_256_64,48002702,128,0
10417040222,smqhm_256_64,47985848,128,0
13059214402,smqhm_256_128,47952055,128,0
12090799508,smqhm_256_128,47959030,128,0
8763488826,smqhm_256_128,47938253,128,0
9058203768,smqhm_256_128,47942356,128,0
9645574674,smqhm_256_128,47937572,128,0
10200962420,smqhm_256_128,47938093,128,0
9420935818,smqhm_256_256,47939075,128,0
10718740314,smqhm_256_256,47925749,128,0
9621842244,smqhm_256_256,47935271,128,0
8881029488,smqhm_256_256,47924807,128,0
8835406898,smqhm_256_256,47926582,128,0
9701923452,smqhm_256_256,47928418,128,0
9210614462,smqhm_256_512,47922052,128,0
8596985510,smqhm_256_512,47916183,128,0
8828769068,smqhm_256_512,47917216,128,0
9566308602,smqhm_256_512,47929125,128,0
9982408296,smqhm_256_512,47922438,128,0
9271397076,smqhm_256_512,47924863,128,0
10272071176,smqhm_256_1024,47912076,128,0
10274442226,smqhm_256_1024,47912432,128,0
10670023148,smqhm_256_1024,47923620,128,0
12177610646,smqhm_256_1024,47916183,128,0
10403067696,smqhm_256_1024,47917692,128,0
10331001442,smqhm_256_1024,47914532,128,0
14982172574,smqhm_512_1,48189714,128,0
17657031598,smqhm_512_1,48198447,128,0
16824752250,smqhm_512_1,48225524,128,0
13551324930,smqhm_512_1,48175728,128,0
15656101460,smqhm_512_1,48192012,128,0
17497941604,smqhm_512_1,48253909,128,0
14610291124,smqhm_512_2,48174753,128,0
15577745972,smqhm_512_2,48198978,128,0
17331969278,smqhm_512_2,48194457,128,0
19193215964,smqhm_512_2,48216925,128,0
14727774984,smqhm_512_2,48178375,128,0
15928312034,smqhm_512_2,48217087,128,0
17306621866,smqhm_512_4,48201283,128,0
18502647298,smqhm_512_4,48192268,128,0
17677638142,smqhm_512_4,48179863,128,0
17518727262,smqhm_512_4,48189970,128,0
17994086164,smqhm_512_4,48191291,128,0
19143681972,smqhm_512_4,48187578,128,0
24489876286,smqhm_512_8,48189426,128,0
21526543480,smqhm_512_8,48178744,128,0
17426938862,smqhm_512_8,48168072,128,0
16635009788,smqhm_512_8,48153204,128,0
19256595916,smqhm_512_8,48174982,128,0
21004828256,smqhm_512_8,48178146,128,0
17858210436,smqhm_512_16,48128477,128,0
17934030324,smqhm_512_16,48141182,128,0
19268901676,smqhm_512_16,48155122,128,0
23607237694,smqhm_512_16,48170784,128,0
17714554020,smqhm_512_16,48140285,128,0
16241213660,smqhm_512_16,48119704,128,0
23311360146,smqhm_512_32,48137537,128,0
23266154408,smqhm_512_32,48124345,128,0
21612982068,smqhm_512_32,48125875,128,0
20495350886,smqhm_512_32,48134810,128,0
20023972640,smqhm_512_32,48103842,128,0
26887936020,smqhm_512_32,48142686,128,0
19768223174,smqhm_512_64,48058594,128,0
16486202874,smqhm_512_64,48047613,128,0
25108917004,smqhm_512_64,48088754,128,0
17770192934,smqhm_512_64,48043350,128,0
21538782730,smqhm_512_64,48070117,128,0
18151102312,smqhm_512_64,48054614,128,0
13372956826,smqhm_512_128,47997345,128,0
11377752728,smqhm_512_128,47980376,128,0
12348570334,smqhm_512_128,47971368,128,0
15395687640,smqhm_512_128,47999809,128,0
19093826760,smqhm_512_128,48054267,128,0
11813142656,smqhm_512_128,47982750,128,0
8539546088,smqhm_512_256,47927909,128,0
10875118268,smqhm_512_256,47930386,128,0
8607922960,smqhm_512_256,47923930,128,0
9300203638,smqhm_512_256,47941039,128,0
8404076706,smqhm_512_256,47925695,128,0
10173148008,smqhm_512_256,47926597,128,0
11024729174,smqhm_512_512,47920736,128,0
8855123648,smqhm_512_512,47917520,128,0
8905029306,smqhm_512_512,47916510,128,0
9727556132,smqhm_512_512,47929064,128,0
11199606088,smqhm_512_512,47921951,128,0
10736289600,smqhm_512_512,47921349,128,0
11172648690,smqhm_512_1024,47919878,128,0
10538461792,smqhm_512_1024,47913127,128,0
10194592342,smqhm_512_1024,47912590,128,0
10189105770,smqhm_512_1024,47909202,128,0
10209946080,smqhm_512_1024,47912187,128,0
11192372970,smqhm_512_1024,47922010,128,0
16135540470,smqhm_1024_1,48208150,128,0
16632607240,smqhm_1024_1,48200576,128,0
13812298362,smqhm_1024_1,48188132,128,0
16874923108,smqhm_1024_1,48201242,128,0
14459398088,smqhm_1024_1,48189456,128,0
14196350912,smqhm_1024_1,48177650,128,0
14635353116,smqhm_1024_2,48201259,128,0
14912579172,smqhm_1024_2,48205026,128,0
16181806340,smqhm_1024_2,48189059,128,0
17702363242,smqhm_1024_2,48232806,128,0
15279296270,smqhm_1024_2,48215991,128,0
16017335200,smqhm_1024_2,48199410,128,0
16603087948,smqhm_1024_4,48191514,128,0
15571744730,smqhm_1024_4,48182314,128,0
17287830658,smqhm_1024_4,48202178,128,0
18401350774,smqhm_1024_4,48200833,128,0
17785787390,smqhm_1024_4,48230583,128,0
19302073720,smqhm_1024_4,48208260,128,0
19874026446,smqhm_1024_8,48210978,128,0
18695290410,smqhm_1024_8,48185892,128,0
21406099444,smqhm_1024_8,48214490,128,0
21865222158,smqhm_1024_8,48321319,128,0
22101851680,smqhm_1024_8,48195413,128,0
19680571114,smqhm_1024_8,48211048,128,0
20944532228,smqhm_1024_16,48188961,128,0
27417958762,smqhm_1024_16,48193573,128,0
19081566788,smqhm_1024_16,48180679,128,0
19474233100,smqhm_1024_16,48165362,128,0
23031903214,smqhm_1024_16,48220289,128,0
26781846952,smqhm_1024_16,48262693,128,0
20389619246,smqhm_1024_32,48126059,128,0
29789705536,smqhm_1024_32,48210229,128,0
22852710678,smqhm_1024_32,48157304,128,0
20411959810,smqhm_1024_32,48143475,128,0
27165504986,smqhm_1024_32,48198178,128,0
30137900552,smqhm_1024_32,48215337,128,0
25952693770,smqhm_1024_64,48105362,128,0
22518294014,smqhm_1024_64,48107839,128,0
28990457742,smqhm_1024_64,48152975,128,0
26036625868,smqhm_1024_64,48092609,128,0
26395819422,smqhm_1024_64,48137725,128,0
24055816116,smqhm_1024_64,48101675,128,0
26417569206,smqhm_1024_128,48058767,128,0
29422628358,smqhm_1024_128,48120948,128,0
28432185506,smqhm_1024_128,48034855,128,0
25733491934,smqhm_1024_128,48089868,128,0
22270045496,smqhm_1024_128,48047789,128,0
20575619224,smqhm_1024_128,48050240,128,0
9681506868,smqhm_1024_256,47960894,128,0
10929917648,smqhm_1024_256,47969199,128,0
10058117820,smqhm_1024_256,47971914,128,0
9858628214,smqhm_1024_256,47965273,128,0
12400607208,smqhm_1024_256,47960292,128,0
9506481364,smqhm_1024_256,47953925,128,0
9270709924,smqhm_1024_512,47923705,128,0
8828286986,smqhm_1024_512,47922803,128,0
8719195706,smqhm_1024_512,47920608,128,0
8870828210,smqhm_1024_512,47917537,128,0
11382823054,smqhm_1024_512,47920979,128,0
10273435730,smqhm_1024_512,47926170,128,0
10407896306,smqhm_1024_1024,47917064,128,0
11098344344,smqhm_1024_1024,47914314,128,0
12143860916,smqhm_1024_1024,47918245,128,0
10817240452,smqhm_1024_1024,47917095,128,0
10316825240,smqhm_1024_1024,47913324,128,0
10245320780,smqhm_1024_1024,47914598,128,0
