7826568072,smqhm_1_1,28744578,128,0
8236171106,smqhm_1_1,28727925,128,0
9836595248,smqhm_1_1,28800997,128,0
8028761332,smqhm_1_1,28727049,128,0
8132567296,smqhm_1_1,28719194,128,0
8597247244,smqhm_1_1,28751709,128,0
9932715320,smqhm_1_2,28696564,128,0
7518827116,smqhm_1_2,28741334,128,0
7848579376,smqhm_1_2,28730132,128,0
7975284466,smqhm_1_2,28710219,128,0
7628932436,smqhm_1_2,28730790,128,0
10083106842,smqhm_1_2,28732254,128,0
7368613620,smqhm_1_4,28560423,128,0
7404452292,smqhm_1_4,28559318,128,0
7334508424,smqhm_1_4,28564462,128,0
7655595580,smqhm_1_4,28559344,128,0
11478039336,smqhm_1_4,28563813,128,0
8396518890,smqhm_1_4,28556992,128,0
7819047556,smqhm_1_8,28402809,128,0
7530862664,smqhm_1_8,28405448,128,0
7314949278,smqhm_1_8,28398848,128,0
7678724748,smqhm_1_8,28408669,128,0
11708070066,smqhm_1_8,28402345,128,0
7685145164,smqhm_1_8,28408971,128,0
7792724214,smqhm_1_16,28328801,128,0
8495656850,smqhm_1_16,28332322,128,0
7920454312,smqhm_1_16,28317846,128,0
7535703922,smqhm_1_16,28320432,128,0
7578673858,smqhm_1_16,28319750,128,0
7790465402,smqhm_1_16,28325548,128,0
7878932832,smqhm_1_32,28282147,128,0
7764197914,smqhm_1_32,28294491,128,0
7798056218,smqhm_1_32,28295102,128,0
7774214166,smqhm_1_32,28299588,128,0
10365438548,smqhm_1_32,28287818,128,0
7911376930,smqhm_1_32,28299766,128,0
10786697818,smqhm_1_64,28247276,128,0
8028461738,smqhm_1_64,28256374,128,0
8016750584,smqhm_1_64,28240787,128,0
9515142936,smqhm_1_64,28263899,128,0
8023549350,smqhm_1_64,28245420,128,0
8336605844,smqhm_1_64,28256825,128,0
9121243234,smqhm_1_128,28258405,128,0
8952571028,smqhm_1_128,28241777,128,0
9748360308,smqhm_1_128,28247737,128,0
8621558844,smqhm_1_128,28243565,128,0
9653167784,smqhm_1_128,28239906,128,0
8562956954,smqhm_1_128,28250717,128,0
9844140728,smqhm_1_256,28238517,128,0
9826082196,smqhm_1_256,28239538,128,0
11151401516,smqhm_1_256,28233529,128,0
11479221276,smqhm_1_256,28264443,128,0
10707756594,smqhm_1_256,28244682,128,0
10147967070,smqhm_1_256,28246703,128,0
8630618786,smqhm_1_512,28214874,128,0
8639163724,smqhm_1_512,28216487,128,0
8980010532,smqhm_1_512,28224395,128,0
9807804996,smqhm_1_512,28215584,128,0
9778081918,smqhm_1_512,28217960,128,0
11237509342,smqhm_1_512,28215709,128,0
8983767376,smqhm_1_1024,28193698,128,0
8547909126,smqhm_1_1024,28192721,128,0
9315989162,smqhm_1_1024,28195552,128,0
9704295464,smqhm_1_1024,28193194,128,0
9844059538,smqhm_1_1024,28193543,128,0
11625014734,smqhm_1_1024,28194802,128,0
9732765588,smqhm_2_1,28559609,128,0
9712010704,smqhm_2_1,28574949,128,0
8143537610,smqhm_2_1,28551620,128,0
9263942214,smqhm_2_1,28549870,128,0
7733084460,smqhm_2_1,28550512,128,0
8222646700,smqhm_2_1,28552329,128,0
7334539056,smqhm_2_2,28570243,128,0
7599559430,smqhm_2_2,28582106,128,0
7409301634,smqhm_2_2,28580221,128,0
7322688246,smqhm_2_2,28565812,128,0
7457442896,smqhm_2_2,28570787,128,0
7202992364,smqhm_2_2,28573230,128,0
7321569646,smqhm_2_4,28495212,128,0
7567505242,smqhm_2_4,28496790,128,0
7107921880,smqhm_2_4,28493295,128,0
7311630322,smqhm_2_4,28510480,128,0
7190896258,smqhm_2_4,28501296,128,0
7342928222,smqhm_2_4,28510845,128,0
7320242994,smqhm_2_8,28396128,128,0
7456368186,smqhm_2_8,28399695,128,0
7438177214,smqhm_2_8,28400106,128,0
8006268186,smqhm_2_8,28375717,128,0
7371376500,smqhm_2_8,28402546,128,0
7340509956,smqhm_2_8,28394150,128,0
8712687158,smqhm_2_16,28331971,128,0
7423207638,smqhm_2_16,28330714,128,0
8468509426,smqhm_2_16,28329950,128,0
7471840094,smqhm_2_16,28313319,128,0
10533022198,smqhm_2_16,28325614,128,0
10151188278,smqhm_2_16,28310715,128,0
7696839560,smqhm_2_32,28296707,128,0
8133829930,smqhm_2_32,28304400,128,0
7663287698,smqhm_2_32,28300453,128,0
7884193724,smqhm_2_32,28310323,128,0
7702704520,smqhm_2_32,28296041,128,0
8359875452,smqhm_2_32,28302005,128,0
8792546478,smqhm_2_64,28248826,128,0
8409432330,smqhm_2_64,28271467,128,0
8253317110,smqhm_2_64,28252168,128,0
7926137516,smqhm_2_64,28258476,128,0
7740945762,smqhm_2_64,28250800,128,0
7542437304,smqhm_2_64,28263477,128,0
8124208976,smqhm_2_128,28233520,128,0
8525344128,smqhm_2_128,28238688,128,0
8693214798,smqhm_2_128,28254598,128,0
7902278068,smqhm_2_128,28238684,128,0
8271437092,smqhm_2_128,28235645,128,0
8729757774,smqhm_2_128,28235352,128,0
10843180568,smqhm_2_256,28264533,128,0
9841377324,smqhm_2_256,28242058,128,0
10002375150,smqhm_2_256,28242850,128,0
9668915852,smqhm_2_256,28236562,128,0
10577015472,smqhm_2_256,28240635,128,0
10194784974,smqhm_2_256,28235490,128,0
8619517974,smqhm_2_512,28211315,128,0
8515274476,smqhm_2_512,28217453,128,0
10121244360,smqhm_2_512,28211257,128,0
9211238456,smqhm_2_512,28216240,128,0
9062141162,smqhm_2_512,28213961,128,0
8499959486,smqhm_2_512,28211906,128,0
8309390218,smqhm_2_1024,28197315,128,0
9151785192,smqhm_2_1024,28193902,128,0
8897309014,smqhm_2_1024,28199826,128,0
9005055884,smqhm_2_1024,28195115,128,0
8298970996,smqhm_2_1024,28195983,128,0
8252585604,smqhm_2_1024,28194342,128,0
8732600096,smqhm_4_1,28441206,128,0
8275800778,smqhm_4_1,28425403,128,0
7687894600,smqhm_4_1,28421376,128,0
8344210592,smqhm_4_1,28441341,128,0
8068274078,smqhm_4_1,28439779,128,0
8566957610,smqhm_4_1,28421215,128,0
7418255676,smqhm_4_2,28463428,128,0
8750096454,smqhm_4_2,28438890,128,0
7679798374,smqhm_4_2,28439196,128,0
8108913182,smqhm_4_2,28437654,128,0
9194248588,smqhm_4_2,28468689,128,0
7476064064,smqhm_4_2,28445675,128,0
7563877096,smqhm_4_4,28403140,128,0
7181610176,smqhm_4_4,28421017,128,0
7385975734,smqhm_4_4,28402788,128,0
7258981346,smqhm_4_4,28403571,128,0
7410355856,smqhm_4_4,28406907,128,0
9393263202,smqhm_4_4,28402370,128,0
7563968408,smqhm_4_8,28363210,128,0
7644498830,smqhm_4_8,28365603,128,0
7621877360,smqhm_4_8,28364218,128,0
7268837144,smqhm_4_8,28361404,128,0
7261722948,smqhm_4_8,28361895,128,0
7147327872,smqhm_4_8,28360551,128,0
7527147114,smqhm_4_16,28316628,128,0
7663308978,smqhm_4_16,28316855,128,0
7576017636,smqhm_4_16,28320390,128,0
7362340508,smqhm_4_16,28309914,128,0
7661727234,smqhm_4_16,28318827,128,0
7273258890,smqhm_4_16,28317906,128,0
7730873338,smqhm_4_32,28302767,128,0
7526938858,smqhm_4_32,28292899,128,0
8444987522,smqhm_4_32,28293459,128,0
7996428332,smqhm_4_32,28314096,128,0
7787573992,smqhm_4_32,28293542,128,0
7696135072,smqhm_4_32,28298384,128,0
7750640606,smqhm_4_64,28266832,128,0
9212972956,smqhm_4_64,28259938,128,0
7798808352,smqhm_4_64,28276129,128,0
7631560824,smqhm_4_64,28273027,128,0
7483090634,smqhm_4_64,28270117,128,0
7604957352,smqhm_4_64,28264491,128,0
8857857656,smqhm_4_128,28224500,128,0
7447716376,smqhm_4_128,28234125,128,0
8325814890,smqhm_4_128,28233475,128,0
7640998988,smqhm_4_128,28234030,128,0
7748023450,smqhm_4_128,28237079,128,0
7406279446,smqhm_4_128,28232103,128,0
9398073114,smqhm_4_256,28234375,128,0
12552593460,smqhm_4_256,28238281,128,0
8836632066,smqhm_4_256,28222444,128,0
8817163712,smqhm_4_256,28227813,128,0
9459867408,smqhm_4_256,28226156,128,0
8685862922,smqhm_4_256,28225191,128,0
8807320710,smqhm_4_512,28221594,128,0
8184800834,smqhm_4_512,28208700,128,0
8609915600,smqhm_4_512,28212654,128,0
8469016374,smqhm_4_512,28213621,128,0
8532946918,smqhm_4_512,28212368,128,0
8679145464,smqhm_4_512,28214361,128,0
8452127152,smqhm_4_1024,28193626,128,0
8567519076,smqhm_4_1024,28196276,128,0
8210531486,smqhm_4_1024,28191789,128,0
8949503980,smqhm_4_1024,28199281,128,0
8449826944,smqhm_4_1024,28196833,128,0
9457537578,smqhm_4_1024,28193686,128,0
11121305094,smqhm_8_1,28383732,128,0
9616920180,smqhm_8_1,28385698,128,0
8801428786,smqhm_8_1,28400210,128,0
9528561866,smqhm_8_1,28372732,128,0
8344888370,smqhm_8_1,28393122,128,0
9439816856,smqhm_8_1,28374704,128,0
8837394294,smqhm_8_2,28388185,128,0
9619666078,smqhm_8_2,28395518,128,0
8597119524,smqhm_8_2,28377664,128,0
11384667908,smqhm_8_2,28403741,128,0
8020199140,smqhm_8_2,28379651,128,0
8199729194,smqhm_8_2,28382276,128,0
7293277682,smqhm_8_4,28358447,128,0
7746842214,smqhm_8_4,28353937,128,0
8285256242,smqhm_8_4,28364179,128,0
7943792536,smqhm_8_4,28357159,128,0
7446727418,smqhm_8_4,28351679,128,0
9469139692,smqhm_8_4,28366363,128,0
7356564804,smqhm_8_8,28302021,128,0
7222214478,smqhm_8_8,28311923,128,0
7195043640,smqhm_8_8,28314231,128,0
7753288480,smqhm_8_8,28307827,128,0
7214667962,smqhm_8_8,28308681,128,0
7925874386,smqhm_8_8,28311186,128,0
7232905396,smqhm_8_16,28289226,128,0
7271305156,smqhm_8_16,28297853,128,0
7414135146,smqhm_8_16,28296366,128,0
7300956962,smqhm_8_16,28293553,128,0
7747820686,smqhm_8_16,28296421,128,0
11032026608,smqhm_8_16,28290989,128,0
9225720742,smqhm_8_32,28300422,128,0
8111441778,smqhm_8_32,28282849,128,0
7905681450,smqhm_8_32,28287464,128,0
9467431678,smqhm_8_32,28276939,128,0
9025503790,smqhm_8_32,28288473,128,0
7588770060,smqhm_8_32,28292685,128,0
8011559506,smqhm_8_64,28273392,128,0
8473182780,smqhm_8_64,28296163,128,0
8749064188,smqhm_8_64,28267150,128,0
7444930938,smqhm_8_64,28271902,128,0
7486049536,smqhm_8_64,28271989,128,0
7853844494,smqhm_8_64,28267365,128,0
7706206940,smqhm_8_128,28241139,128,0
7415201412,smqhm_8_128,28248701,128,0
7739265204,smqhm_8_128,28240553,128,0
7657127876,smqhm_8_128,28244997,128,0
7518592318,smqhm_8_128,28236280,128,0
7701655854,smqhm_8_128,28238651,128,0
7706513826,smqhm_8_256,28219529,128,0
10014174202,smqhm_8_256,28221978,128,0
9272600090,smqhm_8_256,28227533,128,0
9754905478,smqhm_8_256,28214225,128,0
7852005954,smqhm_8_256,28215996,128,0
8399545642,smqhm_8_256,28225933,128,0
9748030898,smqhm_8_512,28205506,128,0
10004928432,smqhm_8_512,28208082,128,0
8656562752,smqhm_8_512,28209779,128,0
8311151824,smqhm_8_512,28207043,128,0
8720814468,smqhm_8_512,28218866,128,0
10003479406,smqhm_8_512,28203768,128,0
8523792012,smqhm_8_1024,28196411,128,0
8817128804,smqhm_8_1024,28198010,128,0
9614547440,smqhm_8_1024,28194365,128,0
8889970042,smqhm_8_1024,28191877,128,0
8326478502,smqhm_8_1024,28193767,128,0
8196082152,smqhm_8_1024,28192574,128,0
10462568938,smqhm_16_1,28371914,128,0
9398982714,smqhm_16_1,28363805,128,0
10340534738,smqhm_16_1,28383944,128,0
9599300176,smqhm_16_1,28376515,128,0
8735410516,smqhm_16_1,28356912,128,0
9537030190,smqhm_16_1,28364023,128,0
10144939320,smqhm_16_2,28370511,128,0
8583629306,smqhm_16_2,28348904,128,0
10205596636,smqhm_16_2,28348064,128,0
9357242574,smqhm_16_2,28356076,128,0
9080533692,smqhm_16_2,28355933,128,0
8919022458,smqhm_16_2,28359938,128,0
9798814650,smqhm_16_4,28336363,128,0
8824433928,smqhm_16_4,28339340,128,0
8193304884,smqhm_16_4,28333400,128,0
9165689532,smqhm_16_4,28338830,128,0
9479786894,smqhm_16_4,28353279,128,0
9254690562,smqhm_16_4,28340033,128,0
8659215240,smqhm_16_8,28308308,128,0
8109394140,smqhm_16_8,28302148,128,0
7871944566,smqhm_16_8,28298977,128,0
8954478900,smqhm_16_8,28301707,128,0
7552245256,smqhm_16_8,28296185,128,0
8024859310,smqhm_16_8,28295227,128,0
7267450176,smqhm_16_16,28264644,128,0
7356784272,smqhm_16_16,28266332,128,0
7875367030,smqhm_16_16,28263922,128,0
7471468094,smqhm_16_16,28269936,128,0
6911677612,smqhm_16_16,28262712,128,0
7167832024,smqhm_16_16,28264201,128,0
8321334068,smqhm_16_32,28268418,128,0
7522464142,smqhm_16_32,28267924,128,0
9259701846,smqhm_16_32,28273336,128,0
8209491784,smqhm_16_32,28276351,128,0
7439811914,smqhm_16_32,28264802,128,0
7628865890,smqhm_16_32,28266490,128,0
7556392972,smqhm_16_64,28257832,128,0
8107839346,smqhm_16_64,28270888,128,0
7847122574,smqhm_16_64,28268851,128,0
8051126122,smqhm_16_64,28264864,128,0
7403264358,smqhm_16_64,28249889,128,0
7437036118,smqhm_16_64,28257360,128,0
7419246904,smqhm_16_128,28246360,128,0
7568846162,smqhm_16_128,28244725,128,0
7834681610,smqhm_16_128,28245477,128,0
7539486628,smqhm_16_128,28246693,128,0
7698942858,smqhm_16_128,28244891,128,0
9328874330,smqhm_16_128,28237927,128,0
7849907374,smqhm_16_256,28223261,128,0
7568672514,smqhm_16_256,28219905,128,0
7454151726,smqhm_16_256,28214997,128,0
7512281608,smqhm_16_256,28211995,128,0
7641784910,smqhm_16_256,28218178,128,0
8330312402,smqhm_16_256,28210192,128,0
8029076964,smqhm_16_512,28204146,128,0
8137865292,smqhm_16_512,28216032,128,0
8126094822,smqhm_16_512,28202974,128,0
7817883594,smqhm_16_512,28202841,128,0
8788687760,smqhm_16_512,28206786,128,0
9305117384,smqhm_16_512,28205557,128,0
8500192170,smqhm_16_1024,28193907,128,0
8969370654,smqhm_16_1024,28196125,128,0
8940380686,smqhm_16_1024,28200336,128,0
8729058920,smqhm_16_1024,28194099,128,0
8262719326,smqhm_16_1024,28193089,128,0
9809484240,smqhm_16_1024,28193895,128,0
10633508506,smqhm_32_1,28377792,128,0
13967337334,smqhm_32_1,28385383,128,0
10536034202,smqhm_32_1,28388204,128,0
9972332954,smqhm_32_1,28372301,128,0
10648665006,smqhm_32_1,28376270,128,0
10837651548,smqhm_32_1,28377084,128,0
9363214870,smqhm_32_2,28344201,128,0
9765796164,smqhm_32_2,28343535,128,0
10374567808,smqhm_32_2,28348870,128,0
11791702814,smqhm_32_2,28370171,128,0
9463402116,smqhm_32_2,28347200,128,0
11602300724,smqhm_32_2,28374997,128,0
8858796784,smqhm_32_4,28329769,128,0
8548215356,smqhm_32_4,28325415,128,0
8736389266,smqhm_32_4,28332681,128,0
9813178380,smqhm_32_4,28334141,128,0
8733888312,smqhm_32_4,28331766,128,0
9358319462,smqhm_32_4,28348856,128,0
10374551760,smqhm_32_8,28332517,128,0
9143318766,smqhm_32_8,28306258,128,0
9414029712,smqhm_32_8,28310902,128,0
8830122862,smqhm_32_8,28304631,128,0
9588491728,smqhm_32_8,28308775,128,0
9402553650,smqhm_32_8,28306543,128,0
9604653198,smqhm_32_16,28283000,128,0
8797435880,smqhm_32_16,28284986,128,0
8972973290,smqhm_32_16,28274336,128,0
11172131666,smqhm_32_16,28278737,128,0
8498414776,smqhm_32_16,28272683,128,0
9221937170,smqhm_32_16,28281168,128,0
8428496812,smqhm_32_32,28245735,128,0
7892872810,smqhm_32_32,28243747,128,0
7497804120,smqhm_32_32,28245476,128,0
7342044582,smqhm_32_32,28247674,128,0
7527181612,smqhm_32_32,28252295,128,0
7583943912,smqhm_32_32,28243321,128,0
7415930122,smqhm_32_64,28239996,128,0
7577924294,smqhm_32_64,28237279,128,0
7411276972,smqhm_32_64,28243112,128,0
7404626622,smqhm_32_64,28240206,128,0
7204192224,smqhm_32_64,28237306,128,0
7806160300,smqhm_32_64,28238274,128,0
7607728168,smqhm_32_128,28237534,128,0
7412801620,smqhm_32_128,28240476,128,0
7573901928,smqhm_32_128,28234341,128,0
8930840134,smqhm_32_128,28235618,128,0
7579438780,smqhm_32_128,28243972,128,0
7264164788,smqhm_32_128,28237489,128,0
7291284826,smqhm_32_256,28213518,128,0
8198993064,smqhm_32_256,28214905,128,0
7311224970,smqhm_32_256,28215117,128,0
7419049890,smqhm_32_256,28214945,128,0
7913964474,smqhm_32_256,28214932,128,0
7456487192,smqhm_32_256,28218573,128,0
7683397286,smqhm_32_512,28202587,128,0
7775210862,smqhm_32_512,28204040,128,0
9351529786,smqhm_32_512,28202073,128,0
7805881832,smqhm_32_512,28205686,128,0
8003452410,smqhm_32_512,28213057,128,0
7965810636,smqhm_32_512,28211051,128,0
9128460252,smqhm_32_1024,28193557,128,0
8236916172,smqhm_32_1024,28192208,128,0
8959278676,smqhm_32_1024,28194988,128,0
8298237312,smqhm_32_1024,28193493,128,0
8140803124,smqhm_32_1024,28191135,128,0
8339047240,smqhm_32_1024,28194781,128,0
12202182108,smqhm_64_1,28386039,128,0
10563743996,smqhm_64_1,28390188,128,0
11826845274,smqhm_64_1,28400139,128,0
12227782894,smqhm_64_1,28407454,128,0
11964893974,smqhm_64_1,28383761,128,0
10967709508,smqhm_64_1,28409323,128,0
12334841584,smqhm_64_2,28375236,128,0
11498471122,smqhm_64_2,28390727,128,0
10525065226,smqhm_64_2,28374103,128,0
10482922632,smqhm_64_2,28378390,128,0
10437680200,smqhm_64_2,28368440,128,0
10715321226,smqhm_64_2,28379337,128,0
8665660400,smqhm_64_4,28344446,128,0
11908265342,smqhm_64_4,28361513,128,0
9205786620,smqhm_64_4,28344266,128,0
9111547156,smqhm_64_4,28343277,128,0
9083612656,smqhm_64_4,28339003,128,0
8952989732,smqhm_64_4,28332817,128,0
10882820488,smqhm_64_8,28317693,128,0
10983040396,smqhm_64_8,28316776,128,0
10695939136,smqhm_64_8,28315164,128,0
10314039844,smqhm_64_8,28311327,128,0
9688800300,smqhm_64_8,28309135,128,0
9999452654,smqhm_64_8,28315428,128,0
10558271340,smqhm_64_16,28296816,128,0
10040903266,smqhm_64_16,28297679,128,0
9937730450,smqhm_64_16,28300219,128,0
9964877612,smqhm_64_16,28299084,128,0
10351670138,smqhm_64_16,28300809,128,0
9872579392,smqhm_64_16,28300038,128,0
8162323602,smqhm_64_32,28258169,128,0
8541491580,smqhm_64_32,28259455,128,0
9083363898,smqhm_64_32,28257231,128,0
9144720960,smqhm_64_32,28258166,128,0
8269299136,smqhm_64_32,28263818,128,0
7990858818,smqhm_64_32,28255827,128,0
7874997122,smqhm_64_64,28237425,128,0
7477152068,smqhm_64_64,28231147,128,0
8031946018,smqhm_64_64,28231073,128,0
8007611936,smqhm_64_64,28239017,128,0
12008570498,smqhm_64_64,28239461,128,0
9633444228,smqhm_64_64,28229293,128,0
8471982942,smqhm_64_128,28225593,128,0
7724407608,smqhm_64_128,28227811,128,0
8157375614,smqhm_64_128,28229609,128,0
7510155346,smqhm_64_128,28214784,128,0
7962140930,smqhm_64_128,28222481,128,0
7946625218,smqhm_64_128,28223936,128,0
7636606520,smqhm_64_256,28209733,128,0
7956608190,smqhm_64_256,28210722,128,0
7570466222,smqhm_64_256,28212582,128,0
8319455414,smqhm_64_256,28206281,128,0
9548101968,smqhm_64_256,28209349,128,0
7966597632,smqhm_64_256,28208324,128,0
7822788398,smqhm_64_512,28204802,128,0
8705677876,smqhm_64_512,28200857,128,0
7836370416,smqhm_64_512,28207005,128,0
7861428438,smqhm_64_512,28206944,128,0
7525787718,smqhm_64_512,28203756,128,0
7499423078,smqhm_64_512,28204231,128,0
9324169030,smqhm_64_1024,28194705,128,0
10338981130,smqhm_64_1024,28194868,128,0
8842984766,smqhm_64_1024,28195941,128,0
8250129968,smqhm_64_1024,28193760,128,0
8772523290,smqhm_64_1024,28193803,128,0
8808798104,smqhm_64_1024,28194816,128,0
10733196526,smqhm_128_1,28409678,128,0
14307894166,smqhm_128_1,28416790,128,0
11968849818,smqhm_128_1,28396314,128,0
11805033542,smqhm_128_1,28424807,128,0
11173449094,smqhm_128_1,28419409,128,0
11055015110,smqhm_128_1,28389808,128,0
11219856772,smqhm_128_2,28394053,128,0
11431896444,smqhm_128_2,28377101,128,0
11266272046,smqhm_128_2,28384864,128,0
11394304366,smqhm_128_2,28377657,128,0
12160794008,smqhm_128_2,28392381,128,0
12901987874,smqhm_128_2,28390641,128,0
10431253458,smqhm_128_4,28358130,128,0
11527941812,smqhm_128_4,28364633,128,0
10119721364,smqhm_128_4,28361535,128,0
12362005768,smqhm_128_4,28365665,128,0
10615515290,smqhm_128_4,28358476,128,0
9551744776,smqhm_128_4,28354874,128,0
11824196342,smqhm_128_8,28338963,128,0
11613021854,smqhm_128_8,28335347,128,0
11392730142,smqhm_128_8,28319897,128,0
12459219626,smqhm_128_8,28337980,128,0
11087238144,smqhm_128_8,28328375,128,0
10327968086,smqhm_128_8,28321383,128,0
11557358068,smqhm_128_16,28314998,128,0
12701464216,smqhm_128_16,28306912,128,0
12306990094,smqhm_128_16,28320656,128,0
11077261564,smqhm_128_16,28321549,128,0
14044826266,smqhm_128_16,28328554,128,0
12623181710,smqhm_128_16,28322577,128,0
10643694756,smqhm_128_32,28283778,128,0
10544574486,smqhm_128_32,28289281,128,0
10453535616,smqhm_128_32,28284822,128,0
11992211090,smqhm_128_32,28291857,128,0
10896352812,smqhm_128_32,28293554,128,0
12096899380,smqhm_128_32,28298202,128,0
10215564426,smqhm_128_64,28261322,128,0
9712608834,smqhm_128_64,28257423,128,0
9294416672,smqhm_128_64,28251898,128,0
8511537620,smqhm_128_64,28248941,128,0
8954871984,smqhm_128_64,28252209,128,0
9284907576,smqhm_128_64,28260810,128,0
8602018712,smqhm_128_128,28256782,128,0
7703660244,smqhm_128_128,28226124,128,0
8083291000,smqhm_128_128,28234509,128,0
8887163018,smqhm_128_128,28236127,128,0
8872893410,smqhm_128_128,28218501,128,0
8424830396,smqhm_128_128,28238997,128,0
8026081378,smqhm_128_256,28216439,128,0
7842320208,smqhm_128_256,28202756,128,0
8501252892,smqhm_128_256,28207446,128,0
7890591642,smqhm_128_256,28212903,128,0
9247557142,smqhm_128_256,28216355,128,0
8209754060,smqhm_128_256,28205559,128,0
7808585124,smqhm_128_512,28195954,128,0
7518183588,smqhm_128_512,28195822,128,0
8760931098,smqhm_128_512,28197274,128,0
8954711152,smqhm_128_512,28198570,128,0
7344342398,smqhm_128_512,28196648,128,0
9155970180,smqhm_128_512,28203128,128,0
12380262392,smqhm_128_1024,28194522,128,0
8336132628,smqhm_128_1024,28193214,128,0
8341982896,smqhm_128_1024,28192378,128,0
9527336282,smqhm_128_1024,28192675,128,0
8992638470,smqhm_128_1024,28191704,128,0
9228971678,smqhm_128_1024,28192546,128,0
12133910794,smqhm_256_1,28407002,128,0
12946440676,smqhm_256_1,28417150,128,0
11954167156,smqhm_256_1,28411536,128,0
11717453738,smqhm_256_1,28427381,128,0
13510547928,smqhm_256_1,28422588,128,0
12655194836,smqhm_256_1,28429631,128,0
13540906016,smqhm_256_2,28402459,128,0
12872608904,smqhm_256_2,28404444,128,0
11888521242,smqhm_256_2,28426794,128,0
12223159782,smqhm_256_2,28427455,128,0
11574360470,smqhm_256_2,28411457,128,0
12051109418,smqhm_256_2,28399138,128,0
10849413258,smqhm_256_4,28382353,128,0
11519337466,smqhm_256_4,28401054,128,0
12903649784,smqhm_256_4,28392979,128,0
11260955710,smqhm_256_4,28377186,128,0
11779819720,smqhm_256_4,28382846,128,0
10504871368,smqhm_256_4,28378402,128,0
13496367376,smqhm_256_8,28373242,128,0
11427390384,smqhm_256_8,28357014,128,0
11887776552,smqhm_256_8,28354713,128,0
13392828160,smqhm_256_8,28366388,128,0
12661307180,smqhm_256_8,28362460,128,0
13875597962,smqhm_256_8,28362171,128,0
14575162006,smqhm_256_16,28339273,128,0
14476973442,smqhm_256_16,28341103,128,0
13494604218,smqhm_256_16,28344203,128,0
13376414742,smqhm_256_16,28330975,128,0
13963595366,smqhm_256_16,28348684,128,0
12240549108,smqhm_256_16,28323446,128,0
11334070030,smqhm_256_32,28303648,128,0
12328341494,smqhm_256_32,28302591,128,0
11616626644,smqhm_256_32,28304875,128,0
13905378482,smqhm_256_32,28321096,128,0
13756534900,smqhm_256_32,28320273,128,0
13340860004,smqhm_256_32,28320318,128,0
15614118008,smqhm_256_64,28296883,128,0
12775421928,smqhm_256_64,28291642,128,0
12691029886,smqhm_256_64,28300358,128,0
14347655562,smqhm_256_64,28305707,128,0
15194262612,smqhm_256_64,28301946,128,0
11746230042,smqhm_256_64,28296040,128,0
11733917662,smqhm_256_128,28260165,128,0
10132561186,smqhm_256_128,28262040,128,0
9822910832,smqhm_256_128,28256861,128,0
10793342342,smqhm_256_128,28268838,128,0
9947814108,smqhm_256_128,28259435,128,0
9645477282,smqhm_256_128,28258813,128,0
10021124752,smqhm_256_256,28235403,128,0
8430573718,smqhm_256_256,28220691,128,0
8800001630,smqhm_256_256,28223721,128,0
9341602622,smqhm_256_256,28235456,128,0
8837606462,smqhm_256_256,28219615,128,0
9178576046,smqhm_256_256,28222346,128,0
8189551144,smqhm_256_512,28205668,128,0
9294890644,smqhm_256_512,28200289,128,0
8770141096,smqhm_256_512,28200610,128,0
9992322444,smqhm_256_512,28216142,128,0
8467933162,smqhm_256_512,28206366,128,0
8456455958,smqhm_256_512,28197046,128,0
9671471376,smqhm_256_1024,28195738,128,0
8805251258,smqhm_256_1024,28190221,128,0
9861769142,smqhm_256_1024,28197016,128,0
10135581596,smqhm_256_1024,28190267,128,0
8946278370,smqhm_256_1024,28191513,128,0
9808400094,smqhm_256_1024,28190627,128,0
12673794526,smqhm_512_1,28437337,128,0
13111303860,smqhm_512_1,28423579,128,0
11736995488,smqhm_512_1,28400177,128,0
11279233224,smqhm_512_1,28437217,128,0
11721805100,smqhm_512_1,28410413,128,0
12394005466,smqhm_512_1,28422659,128,0
12808475520,smqhm_512_2,28431204,128,0
12484230380,smqhm_512_2,28404599,128,0
12212523602,smqhm_512_2,28415941,128,0
15107675674,smqhm_512_2,28436395,128,0
12571661428,smqhm_512_2,28404447,128,0
11893114332,smqhm_512_2,28432629,128,0
12438350422,smqhm_512_4,28417844,128,0
11654074350,smqhm_512_4,28426672,128,0
12208201418,smqhm_512_4,28410327,128,0
12964248598,smqhm_512_4,28423339,128,0
12709831452,smqhm_512_4,28415497,128,0
12338415178,smqhm_512_4,28461282,128,0
12146097460,smqhm_512_8,28386445,128,0
14633512822,smqhm_512_8,28391518,128,0
14096689598,smqhm_512_8,28398211,128,0
14544991650,smqhm_512_8,28399394,128,0
13222629410,smqhm_512_8,28394896,128,0
14202391204,smqhm_512_8,28382480,128,0
15684856032,smqhm_512_16,28383495,128,0
14921458024,smqhm_512_16,28371095,128,0
15605571138,smqhm_512_16,28390400,128,0
14657141360,smqhm_512_16,28362843,128,0
12561855868,smqhm_512_16,28358412,128,0
14052007258,smqhm_512_16,28362596,128,0
14992938132,smqhm_512_32,28335808,128,0
13820542556,smqhm_512_32,28331001,128,0
15181319626,smqhm_512_32,28346326,128,0
15756082254,smqhm_512_32,28333181,128,0
13508879750,smqhm_512_32,28317437,128,0
14135480976,smqhm_512_32,28334467,128,0
15440919348,smqhm_512_64,28312959,128,0
17421701108,smqhm_512_64,28336894,128,0
14027829972,smqhm_512_64,28306498,128,0
15747254286,smqhm_512_64,28312523,128,0
13649647138,smqhm_512_64,28301961,128,0
14287535624,smqhm_512_64,28316887,128,0
15488658648,smqhm_512_128,28312210,128,0
15725749280,smqhm_512_128,28326893,128,0
15803249066,smqhm_512_128,28305566,128,0
19690483786,smqhm_512_128,28322987,128,0
14532478472,smqhm_512_128,28306667,128,0
14332301778,smqhm_512_128,28308404,128,0
21878625576,smqhm_512_256,28335265,128,0
13565658342,smqhm_512_256,28259281,128,0
20103826306,smqhm_512_256,28338546,128,0
14452826630,smqhm_512_256,28262034,128,0
16383667974,smqhm_512_256,28304391,128,0
13775162930,smqhm_512_256,28253660,128,0
16529062158,smqhm_512_512,28266260,128,0
12823421974,smqhm_512_512,28243941,128,0
12023554748,smqhm_512_512,28231773,128,0
14169661306,smqhm_512_512,28246238,128,0
12216855310,smqhm_512_512,28227522,128,0
13124666902,smqhm_512_512,28231481,128,0
20107795004,smqhm_512_1024,28244171,128,0
17279670274,smqhm_512_1024,28252910,128,0
14599170082,smqhm_512_1024,28245247,128,0
10498115400,smqhm_512_1024,28212467,128,0
13602795496,smqhm_512_1024,28230792,128,0
15305318940,smqhm_512_1024,28230320,128,0
11098517038,smqhm_1024_1,28405972,128,0
12222559076,smqhm_1024_1,28407621,128,0
11522494254,smqhm_1024_1,28403586,128,0
12098579852,smqhm_1024_1,28415331,128,0
11776006136,smqhm_1024_1,28411159,128,0
11495260682,smqhm_1024_1,28414916,128,0
11439954556,smqhm_1024_2,28432515,128,0
13849397484,smqhm_1024_2,28430988,128,0
15918142274,smqhm_1024_2,28433596,128,0
13062056518,smqhm_1024_2,28430334,128,0
13907597494,smqhm_1024_2,28431724,128,0
13115305328,smqhm_1024_2,28407054,128,0
11069291062,smqhm_1024_4,28422638,128,0
13019463636,smqhm_1024_4,28434124,128,0
11157108296,smqhm_1024_4,28415251,128,0
11720475886,smqhm_1024_4,28414614,128,0
12678986132,smqhm_1024_4,28436346,128,0
11119487522,smqhm_1024_4,28408623,128,0
12472173100,smqhm_1024_8,28414823,128,0
14846646300,smqhm_1024_8,28422280,128,0
15101385896,smqhm_1024_8,28399044,128,0
15153381324,smqhm_1024_8,28413885,128,0
15039140408,smqhm_1024_8,28416371,128,0
14835437132,smqhm_1024_8,28436229,128,0
16386881962,smqhm_1024_16,28415675,128,0
16488615682,smqhm_1024_16,28397716,128,0
15907296638,smqhm_1024_16,28391934,128,0
17386125094,smqhm_1024_16,28426805,128,0
17279897322,smqhm_1024_16,28412011,128,0
16075047626,smqhm_1024_16,28404785,128,0
17168214414,smqhm_1024_32,28361414,128,0
17246713968,smqhm_1024_32,28362961,128,0
18185759684,smqhm_1024_32,28375909,128,0
16020614484,smqhm_1024_32,28358146,128,0
17236100030,smqhm_1024_32,28374449,128,0
15115164518,smqhm_1024_32,28362163,128,0
17588438384,smqhm_1024_64,28341325,128,0
22125999574,smqhm_1024_64,28371262,128,0
17681594916,smqhm_1024_64,28350898,128,0
19621786188,smqhm_1024_64,28333453,128,0
19346583052,smqhm_1024_64,28341207,128,0
19618009732,smqhm_1024_64,28347017,128,0
17415713126,smqhm_1024_128,28348305,128,0
16477358770,smqhm_1024_128,28331773,128,0
15860401774,smqhm_1024_128,28324304,128,0
15141578270,smqhm_1024_128,28322814,128,0
18127378128,smqhm_1024_128,28351661,128,0
16663978178,smqhm_1024_128,28324140,128,0
18834410246,smqhm_1024_256,28288656,128,0
19341391798,smqhm_1024_256,28291175,128,0
18505590292,smqhm_1024_256,28298579,128,0
14402061740,smqhm_1024_256,28280367,128,0
21288847560,smqhm_1024_256,28322255,128,0
35545238098,smqhm_1024_256,28354383,128,0
22404278312,smqhm_1024_512,28309867,128,0
17350688748,smqhm_1024_512,28290549,128,0
16069127920,smqhm_1024_512,28261414,128,0
19998340638,smqhm_1024_512,28292547,128,0
16916099054,smqhm_1024_512,28284201,128,0
32177881738,smqhm_1024_512,28385774,128,0
12862114124,smqhm_1024_1024,28231483,128,0
15178336686,smqhm_1024_1024,28263868,128,0
12840679164,smqhm_1024_1024,28241143,128,0
11631035580,smqhm_1024_1024,28221549,128,0
14419504884,smqhm_1024_1024,28257776,128,0
17999985930,smqhm_1024_1024,28310763,128,0
