2259278366,smqhm_1_1,12603123,128,0
2338240086,smqhm_1_1,12609480,128,0
2226436278,smqhm_1_1,12601552,128,0
2309350402,smqhm_1_1,12608704,128,0
2378483642,smqhm_1_1,12603135,128,0
2335406928,smqhm_1_1,12604548,128,0
2357901016,smqhm_1_2,12603636,128,0
2521695946,smqhm_1_2,12599780,128,0
2327482240,smqhm_1_2,12603157,128,0
2205694574,smqhm_1_2,12592816,128,0
2396342478,smqhm_1_2,12605255,128,0
2393604750,smqhm_1_2,12607127,128,0
2321874352,smqhm_1_4,12588440,128,0
2185108916,smqhm_1_4,12583008,128,0
2280688564,smqhm_1_4,12598290,128,0
2432372520,smqhm_1_4,12597791,128,0
2266298370,smqhm_1_4,12594919,128,0
2189226650,smqhm_1_4,12582721,128,0
2322732118,smqhm_1_8,12583980,128,0
2175562946,smqhm_1_8,12569830,128,0
2574749372,smqhm_1_8,12587138,128,0
2330088516,smqhm_1_8,12579025,128,0
2326523864,smqhm_1_8,12580452,128,0
2202156246,smqhm_1_8,12576415,128,0
2349372212,smqhm_1_16,12567618,128,0
2338200200,smqhm_1_16,12569960,128,0
2411518516,smqhm_1_16,12561964,128,0
2375804290,smqhm_1_16,12568583,128,0
2654553586,smqhm_1_16,12576368,128,0
2364929836,smqhm_1_16,12571452,128,0
2933289766,smqhm_1_32,12563135,128,0
2428472028,smqhm_1_32,12555642,128,0
2573406932,smqhm_1_32,12559116,128,0
2429681718,smqhm_1_32,12556571,128,0
2445161310,smqhm_1_32,12555193,128,0
2445622214,smqhm_1_32,12555926,128,0
2743291042,smqhm_1_64,12541353,128,0
2743474962,smqhm_1_64,12543285,128,0
2749518542,smqhm_1_64,12547407,128,0
2776324040,smqhm_1_64,12541223,128,0
2725733828,smqhm_1_64,12546810,128,0
2774595996,smqhm_1_64,12543653,128,0
3318149576,smqhm_1_128,12543863,128,0
3291625342,smqhm_1_128,12541369,128,0
3299916566,smqhm_1_128,12538340,128,0
3225605300,smqhm_1_128,12539471,128,0
3235489840,smqhm_1_128,12544424,128,0
3241131024,smqhm_1_128,12539488,128,0
3591937698,smqhm_1_256,12539184,128,0
3583055486,smqhm_1_256,12542993,128,0
3663930870,smqhm_1_256,12539849,128,0
3552500588,smqhm_1_256,12545858,128,0
3590813628,smqhm_1_256,12546732,128,0
4461706044,smqhm_1_256,12541940,128,0
3914145124,smqhm_1_512,12554555,128,0
3996003828,smqhm_1_512,12556407,128,0
3994469298,smqhm_1_512,12556207,128,0
3759745126,smqhm_1_512,12561790,128,0
4000582722,smqhm_1_512,12557382,128,0
3755793440,smqhm_1_512,12565606,128,0
4523296998,smqhm_1_1024,12550704,128,0
4946461930,smqhm_1_1024,12542723,128,0
4532333438,smqhm_1_1024,12550962,128,0
4868340264,smqhm_1_1024,12546050,128,0
4008099330,smqhm_1_1024,12563336,128,0
4610070294,smqhm_1_1024,12554096,128,0
2369072822,smqhm_2_1,12579134,128,0
2328022446,smqhm_2_1,12582879,128,0
2480217610,smqhm_2_1,12585651,128,0
2319195768,smqhm_2_1,12580370,128,0
2240880942,smqhm_2_1,12588138,128,0
2370809960,smqhm_2_1,12581069,128,0
2264761314,smqhm_2_2,12590874,128,0
2200208438,smqhm_2_2,12584077,128,0
2269146188,smqhm_2_2,12588959,128,0
2652202494,smqhm_2_2,12588190,128,0
2208120646,smqhm_2_2,12585103,128,0
2277749002,smqhm_2_2,12588649,128,0
2319075628,smqhm_2_4,12585613,128,0
2206126128,smqhm_2_4,12584271,128,0
2837683332,smqhm_2_4,12585115,128,0
2405148360,smqhm_2_4,12582226,128,0
2464930276,smqhm_2_4,12579960,128,0
2233350582,smqhm_2_4,12584249,128,0
2214239774,smqhm_2_8,12574198,128,0
3207038496,smqhm_2_8,12578546,128,0
2579035802,smqhm_2_8,12577145,128,0
2268968692,smqhm_2_8,12575929,128,0
2337994532,smqhm_2_8,12577824,128,0
2171971250,smqhm_2_8,12570600,128,0
2246863298,smqhm_2_16,12566378,128,0
2312021014,smqhm_2_16,12564994,128,0
2183591400,smqhm_2_16,12563198,128,0
2310751304,smqhm_2_16,12565661,128,0
2309890862,smqhm_2_16,12566291,128,0
2193777132,smqhm_2_16,12562070,128,0
2347119434,smqhm_2_32,12559131,128,0
2277547576,smqhm_2_32,12556000,128,0
2320967916,smqhm_2_32,12558041,128,0
2425314776,smqhm_2_32,12557058,128,0
2228218420,smqhm_2_32,12555343,128,0
2638180358,smqhm_2_32,12561933,128,0
2328060712,smqhm_2_64,12551480,128,0
2326223252,smqhm_2_64,12550643,128,0
2388456534,smqhm_2_64,12553287,128,0
2305099742,smqhm_2_64,12552238,128,0
2276437180,smqhm_2_64,12547420,128,0
2312904694,smqhm_2_64,12551674,128,0
2459001704,smqhm_2_128,12540630,128,0
2481392508,smqhm_2_128,12546720,128,0
2476845614,smqhm_2_128,12546961,128,0
2511857988,smqhm_2_128,12546452,128,0
2498824732,smqhm_2_128,12547784,128,0
2520489670,smqhm_2_128,12547984,128,0
2837272518,smqhm_2_256,12539387,128,0
2848829170,smqhm_2_256,12545606,128,0
2741397362,smqhm_2_256,12549650,128,0
3427868070,smqhm_2_256,12559545,128,0
2820083920,smqhm_2_256,12539680,128,0
2923632732,smqhm_2_256,12550839,128,0
3129699728,smqhm_2_512,12561750,128,0
3259373662,smqhm_2_512,12566130,128,0
3562426226,smqhm_2_512,12544041,128,0
3296047100,smqhm_2_512,12552993,128,0
3190185662,smqhm_2_512,12559499,128,0
3306779428,smqhm_2_512,12551222,128,0
4117569292,smqhm_2_1024,12569428,128,0
4046487194,smqhm_2_1024,12541564,128,0
3770651718,smqhm_2_1024,12552652,128,0
3885555682,smqhm_2_1024,12543934,128,0
3975696250,smqhm_2_1024,12545631,128,0
3602099910,smqhm_2_1024,12553090,128,0
2562240688,smqhm_4_1,12580507,128,0
2444976322,smqhm_4_1,12582222,128,0
2281934042,smqhm_4_1,12580058,128,0
2397784278,smqhm_4_1,12581669,128,0
2296429092,smqhm_4_1,12580625,128,0
2485041442,smqhm_4_1,12579475,128,0
2381171176,smqhm_4_2,12573254,128,0
2369133490,smqhm_4_2,12571681,128,0
2552541108,smqhm_4_2,12577613,128,0
2343635590,smqhm_4_2,12573121,128,0
2377742994,smqhm_4_2,12574079,128,0
2376720028,smqhm_4_2,12574466,128,0
2287888738,smqhm_4_4,12571775,128,0
2317481622,smqhm_4_4,12573822,128,0
2357915566,smqhm_4_4,12572337,128,0
2299985124,smqhm_4_4,12569876,128,0
2321979998,smqhm_4_4,12573206,128,0
2321690202,smqhm_4_4,12571424,128,0
2380964784,smqhm_4_8,12569149,128,0
2174719228,smqhm_4_8,12562402,128,0
2271952260,smqhm_4_8,12569610,128,0
2290865430,smqhm_4_8,12567628,128,0
2196721564,smqhm_4_8,12566480,128,0
2295065996,smqhm_4_8,12566514,128,0
2350485478,smqhm_4_16,12563590,128,0
2332713468,smqhm_4_16,12563141,128,0
2179739898,smqhm_4_16,12558286,128,0
2247952610,smqhm_4_16,12564180,128,0
2278594018,smqhm_4_16,12561771,128,0
2272231048,smqhm_4_16,12562270,128,0
2301237228,smqhm_4_32,12556863,128,0
2259592198,smqhm_4_32,12556699,128,0
2384719748,smqhm_4_32,12558180,128,0
2262165654,smqhm_4_32,12556501,128,0
2701808508,smqhm_4_32,12561273,128,0
2310040092,smqhm_4_32,12557746,128,0
2279837930,smqhm_4_64,12551750,128,0
2390296994,smqhm_4_64,12552169,128,0
2211220224,smqhm_4_64,12547962,128,0
2289343916,smqhm_4_64,12550977,128,0
2442664972,smqhm_4_64,12553673,128,0
2315466992,smqhm_4_64,12552280,128,0
2335529780,smqhm_4_128,12546020,128,0
2311772188,smqhm_4_128,12547438,128,0
2439005080,smqhm_4_128,12547585,128,0
2306942152,smqhm_4_128,12546572,128,0
2362479358,smqhm_4_128,12546197,128,0
2337791836,smqhm_4_128,12546558,128,0
2470695928,smqhm_4_256,12544837,128,0
2519404826,smqhm_4_256,12547984,128,0
2527128678,smqhm_4_256,12544809,128,0
2489148870,smqhm_4_256,12542101,128,0
2536523608,smqhm_4_256,12544259,128,0
2517839468,smqhm_4_256,12547726,128,0
2899425988,smqhm_4_512,12545043,128,0
3011416050,smqhm_4_512,12548640,128,0
2863396622,smqhm_4_512,12546644,128,0
2882028710,smqhm_4_512,12547040,128,0
2843864810,smqhm_4_512,12554277,128,0
6347516376,smqhm_4_512,12544754,128,0
3316698212,smqhm_4_1024,12550956,128,0
3345903546,smqhm_4_1024,12545787,128,0
3311709472,smqhm_4_1024,12550260,128,0
3301960324,smqhm_4_1024,12549032,128,0
3579680388,smqhm_4_1024,12556070,128,0
3406872234,smqhm_4_1024,12544940,128,0
2622765674,smqhm_8_1,12580306,128,0
2707421444,smqhm_8_1,12577855,128,0
2496283936,smqhm_8_1,12580601,128,0
2505594018,smqhm_8_1,12577979,128,0
2518166498,smqhm_8_1,12580250,128,0
2508881948,smqhm_8_1,12582700,128,0
2395150000,smqhm_8_2,12572278,128,0
2555937434,smqhm_8_2,12578222,128,0
2376331358,smqhm_8_2,12576565,128,0
2455591120,smqhm_8_2,12575861,128,0
2762044782,smqhm_8_2,12577113,128,0
2285712646,smqhm_8_2,12574312,128,0
2317158122,smqhm_8_4,12570273,128,0
2379654882,smqhm_8_4,12568307,128,0
2331414344,smqhm_8_4,12566314,128,0
2608156764,smqhm_8_4,12568117,128,0
2257438906,smqhm_8_4,12569249,128,0
2288016586,smqhm_8_4,12571198,128,0
2276333848,smqhm_8_8,12562086,128,0
2310216020,smqhm_8_8,12562310,128,0
2836158602,smqhm_8_8,12570173,128,0
2717777992,smqhm_8_8,12571617,128,0
2286226478,smqhm_8_8,12565381,128,0
2269905656,smqhm_8_8,12563978,128,0
2298109994,smqhm_8_16,12559872,128,0
2203183382,smqhm_8_16,12557584,128,0
2479230370,smqhm_8_16,12562644,128,0
2345503030,smqhm_8_16,12561031,128,0
2162990358,smqhm_8_16,12555993,128,0
2285143200,smqhm_8_16,12557605,128,0
2237058506,smqhm_8_32,12555278,128,0
2267191126,smqhm_8_32,12555822,128,0
2309726194,smqhm_8_32,12555930,128,0
2274005170,smqhm_8_32,12556133,128,0
2194478180,smqhm_8_32,12555234,128,0
2640654790,smqhm_8_32,12558255,128,0
2331511286,smqhm_8_64,12552041,128,0
2252373888,smqhm_8_64,12551236,128,0
2317139696,smqhm_8_64,12551333,128,0
2186356106,smqhm_8_64,12549236,128,0
2372705886,smqhm_8_64,12553243,128,0
2248989728,smqhm_8_64,12551230,128,0
2361426896,smqhm_8_128,12546924,128,0
2474884202,smqhm_8_128,12546457,128,0
2261032420,smqhm_8_128,12543459,128,0
2381710368,smqhm_8_128,12546704,128,0
2361823518,smqhm_8_128,12546175,128,0
2238157162,smqhm_8_128,12543620,128,0
2434597072,smqhm_8_256,12542070,128,0
2395484544,smqhm_8_256,12542660,128,0
2454811340,smqhm_8_256,12543852,128,0
2461740346,smqhm_8_256,12542138,128,0
2389812864,smqhm_8_256,12542795,128,0
2334899220,smqhm_8_256,12540433,128,0
2621834718,smqhm_8_512,12545780,128,0
2643794250,smqhm_8_512,12545867,128,0
2674098434,smqhm_8_512,12546200,128,0
2623898774,smqhm_8_512,12542416,128,0
2597099296,smqhm_8_512,12542835,128,0
2769277680,smqhm_8_512,12540372,128,0
3251315576,smqhm_8_1024,12543309,128,0
3181446196,smqhm_8_1024,12541503,128,0
3258512314,smqhm_8_1024,12543857,128,0
3091038696,smqhm_8_1024,12550858,128,0
3237991678,smqhm_8_1024,12550072,128,0
3234861734,smqhm_8_1024,12544563,128,0
2662167650,smqhm_16_1,12586839,128,0
2691570652,smqhm_16_1,12587565,128,0
2605340298,smqhm_16_1,12583215,128,0
2703058822,smqhm_16_1,12585730,128,0
2577511046,smqhm_16_1,12581603,128,0
2652806306,smqhm_16_1,12586027,128,0
2611225628,smqhm_16_2,12585549,128,0
2411277026,smqhm_16_2,12576027,128,0
2539215074,smqhm_16_2,12576631,128,0
2528214018,smqhm_16_2,12578396,128,0
2564011102,smqhm_16_2,12579385,128,0
2504833052,smqhm_16_2,12577007,128,0
2523580200,smqhm_16_4,12573693,128,0
2533184004,smqhm_16_4,12574948,128,0
2486755420,smqhm_16_4,12573948,128,0
2524275980,smqhm_16_4,12574152,128,0
2294799420,smqhm_16_4,12566771,128,0
2447983986,smqhm_16_4,12573492,128,0
2341506942,smqhm_16_8,12563570,128,0
2380841990,smqhm_16_8,12563841,128,0
2337189206,smqhm_16_8,12566261,128,0
2348410908,smqhm_16_8,12562475,128,0
2244027544,smqhm_16_8,12562553,128,0
2422453558,smqhm_16_8,12567148,128,0
2322488368,smqhm_16_16,12560033,128,0
2438802946,smqhm_16_16,12559786,128,0
2352454124,smqhm_16_16,12558355,128,0
2484539358,smqhm_16_16,12561457,128,0
2295386908,smqhm_16_16,12556946,128,0
2275103906,smqhm_16_16,12556873,128,0
2306480952,smqhm_16_32,12552834,128,0
2301258284,smqhm_16_32,12554775,128,0
2506452550,smqhm_16_32,12558271,128,0
2275568236,smqhm_16_32,12554484,128,0
2198542064,smqhm_16_32,12551651,128,0
2238647008,smqhm_16_32,12551451,128,0
2281986120,smqhm_16_64,12550331,128,0
2216012974,smqhm_16_64,12549433,128,0
2281938366,smqhm_16_64,12551564,128,0
2286845316,smqhm_16_64,12551236,128,0
2609927866,smqhm_16_64,12553836,128,0
2324526204,smqhm_16_64,12550041,128,0
2290157774,smqhm_16_128,12544957,128,0
2274620624,smqhm_16_128,12545597,128,0
2524338902,smqhm_16_128,12549737,128,0
2316379310,smqhm_16_128,12545965,128,0
2337046482,smqhm_16_128,12542758,128,0
2201875808,smqhm_16_128,12542867,128,0
2329749940,smqhm_16_256,12540581,128,0
2444555684,smqhm_16_256,12543791,128,0
2467040366,smqhm_16_256,12543448,128,0
2257493114,smqhm_16_256,12538522,128,0
2417231978,smqhm_16_256,12542903,128,0
2597210282,smqhm_16_256,12541439,128,0
2555872078,smqhm_16_512,12538759,128,0
2574209954,smqhm_16_512,12538684,128,0
3120351706,smqhm_16_512,12546470,128,0
2638965296,smqhm_16_512,12539864,128,0
2568733890,smqhm_16_512,12538641,128,0
2794807050,smqhm_16_512,12539403,128,0
3374883764,smqhm_16_1024,12538602,128,0
3517797710,smqhm_16_1024,12544177,128,0
3389440646,smqhm_16_1024,12538502,128,0
3765145844,smqhm_16_1024,12538265,128,0
3356175724,smqhm_16_1024,12537510,128,0
3307841610,smqhm_16_1024,12541305,128,0
2687548428,smqhm_32_1,12592782,128,0
3009627242,smqhm_32_1,12594024,128,0
2633286074,smqhm_32_1,12586493,128,0
2710751662,smqhm_32_1,12588410,128,0
2561633646,smqhm_32_1,12585491,128,0
2653767292,smqhm_32_1,12592403,128,0
2686580534,smqhm_32_2,12586578,128,0
2500130616,smqhm_32_2,12575295,128,0
2694793522,smqhm_32_2,12587338,128,0
2729673970,smqhm_32_2,12584824,128,0
2706191852,smqhm_32_2,12587072,128,0
3351322384,smqhm_32_2,12592773,128,0
2568417504,smqhm_32_4,12578784,128,0
2675155838,smqhm_32_4,12579404,128,0
3296863452,smqhm_32_4,12583586,128,0
2565034058,smqhm_32_4,12579739,128,0
2839112998,smqhm_32_4,12586602,128,0
2529984948,smqhm_32_4,12582070,128,0
2525543616,smqhm_32_8,12574161,128,0
2472260466,smqhm_32_8,12572326,128,0
2505718712,smqhm_32_8,12569366,128,0
2602095618,smqhm_32_8,12572763,128,0
2353599752,smqhm_32_8,12569915,128,0
2572518018,smqhm_32_8,12572624,128,0
2377270872,smqhm_32_16,12563337,128,0
2374437364,smqhm_32_16,12564659,128,0
2240460130,smqhm_32_16,12558177,128,0
2387663056,smqhm_32_16,12563995,128,0
2526131550,smqhm_32_16,12564839,128,0
2409233068,smqhm_32_16,12560689,128,0
2560329222,smqhm_32_32,12556610,128,0
2310398174,smqhm_32_32,12552430,128,0
2286281918,smqhm_32_32,12554070,128,0
2311874456,smqhm_32_32,12553874,128,0
2314754898,smqhm_32_32,12554713,128,0
2311765002,smqhm_32_32,12553697,128,0
2266441958,smqhm_32_64,12548153,128,0
5446970478,smqhm_32_64,12546426,128,0
2250113566,smqhm_32_64,12548584,128,0
2309098528,smqhm_32_64,12548615,128,0
2281067292,smqhm_32_64,12549286,128,0
2312015332,smqhm_32_64,12551158,128,0
2326798438,smqhm_32_128,12545871,128,0
2450005864,smqhm_32_128,12547535,128,0
2290618586,smqhm_32_128,12544683,128,0
2254587168,smqhm_32_128,12544394,128,0
2175774834,smqhm_32_128,12541174,128,0
2305808064,smqhm_32_128,12545336,128,0
2328710146,smqhm_32_256,12541182,128,0
2425676792,smqhm_32_256,12541773,128,0
2358940390,smqhm_32_256,12540595,128,0
2379275796,smqhm_32_256,12541947,128,0
2287159602,smqhm_32_256,12540595,128,0
2295803184,smqhm_32_256,12540171,128,0
2571945588,smqhm_32_512,12538632,128,0
2493790066,smqhm_32_512,12537253,128,0
2483659702,smqhm_32_512,12537578,128,0
2589518420,smqhm_32_512,12539595,128,0
2492529112,smqhm_32_512,12536639,128,0
2504437154,smqhm_32_512,12537587,128,0
3294651470,smqhm_32_1024,12539906,128,0
3382844184,smqhm_32_1024,12538702,128,0
3359810042,smqhm_32_1024,12538897,128,0
3322090168,smqhm_32_1024,12537086,128,0
3242647736,smqhm_32_1024,12536286,128,0
3336538516,smqhm_32_1024,12536846,128,0
2674872692,smqhm_64_1,12591412,128,0
2614336128,smqhm_64_1,12589424,128,0
2804170340,smqhm_64_1,12597982,128,0
2645611498,smqhm_64_1,12587388,128,0
2903733286,smqhm_64_1,12595001,128,0
2788650660,smqhm_64_1,12594521,128,0
2863231760,smqhm_64_2,12589809,128,0
2898035286,smqhm_64_2,12591494,128,0
2759500760,smqhm_64_2,12589689,128,0
2530465640,smqhm_64_2,12580918,128,0
2769934328,smqhm_64_2,12593898,128,0
2702854818,smqhm_64_2,12591469,128,0
2713588412,smqhm_64_4,12586400,128,0
2748219624,smqhm_64_4,12590121,128,0
2654818280,smqhm_64_4,12582257,128,0
2634030970,smqhm_64_4,12588292,128,0
2630740690,smqhm_64_4,12583165,128,0
2635700228,smqhm_64_4,12585863,128,0
2672011882,smqhm_64_8,12581023,128,0
2745023038,smqhm_64_8,12573812,128,0
3232457656,smqhm_64_8,12589553,128,0
2793367266,smqhm_64_8,12575085,128,0
2822645444,smqhm_64_8,12581444,128,0
2850330052,smqhm_64_8,12583282,128,0
2630627602,smqhm_64_16,12574607,128,0
2533285086,smqhm_64_16,12573069,128,0
2630512630,smqhm_64_16,12571874,128,0
2424389528,smqhm_64_16,12569663,128,0
2531938878,smqhm_64_16,12569753,128,0
2554004998,smqhm_64_16,12572608,128,0
2594631762,smqhm_64_32,12564786,128,0
2346622270,smqhm_64_32,12560824,128,0
2478466498,smqhm_64_32,12563003,128,0
2361389102,smqhm_64_32,12561198,128,0
2577398674,smqhm_64_32,12560081,128,0
2430752664,smqhm_64_32,12562700,128,0
2397968354,smqhm_64_64,12550577,128,0
2182897478,smqhm_64_64,12545996,128,0
2629054530,smqhm_64_64,12550144,128,0
2281756634,smqhm_64_64,12549575,128,0
2305594628,smqhm_64_64,12548615,128,0
2244753528,smqhm_64_64,12548386,128,0
2169753780,smqhm_64_128,12540830,128,0
2395810580,smqhm_64_128,12541719,128,0
2281553262,smqhm_64_128,12544463,128,0
2334505262,smqhm_64_128,12543952,128,0
2313314836,smqhm_64_128,12544764,128,0
2388012532,smqhm_64_128,12544346,128,0
2274272572,smqhm_64_256,12539042,128,0
2303009164,smqhm_64_256,12539894,128,0
2314681026,smqhm_64_256,12540108,128,0
2329851270,smqhm_64_256,12539821,128,0
2427381930,smqhm_64_256,12542195,128,0
2285701060,smqhm_64_256,12539297,128,0
2515671148,smqhm_64_512,12537701,128,0
2491510130,smqhm_64_512,12538247,128,0
2462065308,smqhm_64_512,12536159,128,0
2466213170,smqhm_64_512,12536883,128,0
2480265546,smqhm_64_512,12535889,128,0
2562379728,smqhm_64_512,12538502,128,0
3537569094,smqhm_64_1024,12539531,128,0
3180028572,smqhm_64_1024,12534880,128,0
3307711032,smqhm_64_1024,12535390,128,0
3251843488,smqhm_64_1024,12537252,128,0
3297424294,smqhm_64_1024,12536074,128,0
3229615634,smqhm_64_1024,12535362,128,0
2727869800,smqhm_128_1,12596438,128,0
2896320534,smqhm_128_1,12604684,128,0
2776612982,smqhm_128_1,12594960,128,0
3058681898,smqhm_128_1,12602058,128,0
2746421000,smqhm_128_1,12594459,128,0
2849143156,smqhm_128_1,12600254,128,0
2863230054,smqhm_128_2,12595966,128,0
2874774562,smqhm_128_2,12598166,128,0
2803399300,smqhm_128_2,12587429,128,0
2874082218,smqhm_128_2,12599829,128,0
2910067748,smqhm_128_2,12597317,128,0
2736929856,smqhm_128_2,12593874,128,0
2892633798,smqhm_128_4,12590954,128,0
2833182700,smqhm_128_4,12593253,128,0
3214406270,smqhm_128_4,12599118,128,0
3600012892,smqhm_128_4,12604191,128,0
2769269724,smqhm_128_4,12590530,128,0
2586616324,smqhm_128_4,12581927,128,0
3079330476,smqhm_128_8,12594760,128,0
2874424712,smqhm_128_8,12585600,128,0
2799928896,smqhm_128_8,12587745,128,0
3021633766,smqhm_128_8,12588065,128,0
3058015444,smqhm_128_8,12592217,128,0
3059673848,smqhm_128_8,12583814,128,0
2723729374,smqhm_128_16,12577463,128,0
3020977840,smqhm_128_16,12588148,128,0
2833741380,smqhm_128_16,12579228,128,0
3279952030,smqhm_128_16,12587506,128,0
2898438338,smqhm_128_16,12584061,128,0
2633319596,smqhm_128_16,12577206,128,0
2432704362,smqhm_128_32,12565552,128,0
2686826168,smqhm_128_32,12573826,128,0
2485293720,smqhm_128_32,12565924,128,0
2411371336,smqhm_128_32,12565755,128,0
2530207106,smqhm_128_32,12564917,128,0
2602931012,smqhm_128_32,12570143,128,0
2340094926,smqhm_128_64,12557312,128,0
2295622426,smqhm_128_64,12553520,128,0
2234244792,smqhm_128_64,12551333,128,0
2398202776,smqhm_128_64,12553729,128,0
2335920114,smqhm_128_64,12554072,128,0
2331313286,smqhm_128_64,12552498,128,0
2322352790,smqhm_128_128,12540222,128,0
2303991860,smqhm_128_128,12542942,128,0
2348757576,smqhm_128_128,12544618,128,0
2354676240,smqhm_128_128,12543695,128,0
2357724898,smqhm_128_128,12543604,128,0
2158146732,smqhm_128_128,12540350,128,0
2309203384,smqhm_128_256,12540425,128,0
2247015320,smqhm_128_256,12539224,128,0
2345123806,smqhm_128_256,12538632,128,0
2275239348,smqhm_128_256,12538837,128,0
2531277490,smqhm_128_256,12543485,128,0
2293607982,smqhm_128_256,12539211,128,0
2458074512,smqhm_128_512,12535960,128,0
2543095344,smqhm_128_512,12537080,128,0
2386907436,smqhm_128_512,12534920,128,0
2532521226,smqhm_128_512,12536318,128,0
2467730730,smqhm_128_512,12536725,128,0
2522558656,smqhm_128_512,12537606,128,0
3286406404,smqhm_128_1024,12536599,128,0
3258419282,smqhm_128_1024,12535562,128,0
3286819422,smqhm_128_1024,12534832,128,0
3215238658,smqhm_128_1024,12535006,128,0
3270405430,smqhm_128_1024,12535334,128,0
3223957634,smqhm_128_1024,12536276,128,0
2968630480,smqhm_256_1,12601488,128,0
2982250304,smqhm_256_1,12602224,128,0
2850021132,smqhm_256_1,12598398,128,0
2871039316,smqhm_256_1,12597573,128,0
2815457296,smqhm_256_1,12600199,128,0
2612959930,smqhm_256_1,12591934,128,0
2940844004,smqhm_256_2,12597472,128,0
2847476244,smqhm_256_2,12593840,128,0
2657301006,smqhm_256_2,12590979,128,0
2947384396,smqhm_256_2,12599098,128,0
2934430982,smqhm_256_2,12597800,128,0
2566770876,smqhm_256_2,12586151,128,0
3302971488,smqhm_256_4,12607172,128,0
2662969422,smqhm_256_4,12589646,128,0
2861847746,smqhm_256_4,12596368,128,0
2986395582,smqhm_256_4,12597557,128,0
3024792230,smqhm_256_4,12600469,128,0
3164622526,smqhm_256_4,12592649,128,0
3179999596,smqhm_256_8,12600967,128,0
2751900562,smqhm_256_8,12587077,128,0
4301747830,smqhm_256_8,12618982,128,0
3027473576,smqhm_256_8,12594126,128,0
2925416784,smqhm_256_8,12593206,128,0
3127190568,smqhm_256_8,12595261,128,0
3281860644,smqhm_256_16,12594771,128,0
2655343124,smqhm_256_16,12582067,128,0
2961117340,smqhm_256_16,12586688,128,0
3014817728,smqhm_256_16,12587257,128,0
2898605692,smqhm_256_16,12586241,128,0
3055057794,smqhm_256_16,12591637,128,0
2988519956,smqhm_256_32,12583083,128,0
2996653988,smqhm_256_32,12578378,128,0
2674856426,smqhm_256_32,12579444,128,0
2950397408,smqhm_256_32,12587968,128,0
2918888382,smqhm_256_32,12582057,128,0
2947360794,smqhm_256_32,12582092,128,0
2752174182,smqhm_256_64,12562473,128,0
2716290158,smqhm_256_64,12570970,128,0
2612684992,smqhm_256_64,12567261,128,0
2529576692,smqhm_256_64,12564870,128,0
2443380466,smqhm_256_64,12561522,128,0
2566625668,smqhm_256_64,12567059,128,0
2412966126,smqhm_256_128,12546682,128,0
2256570598,smqhm_256_128,12543783,128,0
2301589898,smqhm_256_128,12545093,128,0
2218240282,smqhm_256_128,12542646,128,0
2323080948,smqhm_256_128,12545197,128,0
2384664056,smqhm_256_128,12545346,128,0
2324778866,smqhm_256_256,12539503,128,0
2259970294,smqhm_256_256,12537497,128,0
2323267056,smqhm_256_256,12539369,128,0
2329629290,smqhm_256_256,12539469,128,0
2339135586,smqhm_256_256,12539728,128,0
2263128258,smqhm_256_256,12538383,128,0
2484201718,smqhm_256_512,12536457,128,0
2444932186,smqhm_256_512,12536527,128,0
2480872348,smqhm_256_512,12535860,128,0
2499749026,smqhm_256_512,12535907,128,0
2540277158,smqhm_256_512,12536669,128,0
2438557416,smqhm_256_512,12536289,128,0
3303084994,smqhm_256_1024,12535880,128,0
3221852480,smqhm_256_1024,12534700,128,0
3303575060,smqhm_256_1024,12536044,128,0
3276751832,smqhm_256_1024,12535562,128,0
3831295500,smqhm_256_1024,12535078,128,0
3281060916,smqhm_256_1024,12534198,128,0
2597055770,smqhm_512_1,12588707,128,0
2638523922,smqhm_512_1,12594129,128,0
2984401484,smqhm_512_1,12601964,128,0
2772195786,smqhm_512_1,12603163,128,0
2848972198,smqhm_512_1,12598607,128,0
2801801936,smqhm_512_1,12594457,128,0
3040803172,smqhm_512_2,12600824,128,0
2823329782,smqhm_512_2,12598825,128,0
3000531604,smqhm_512_2,12602756,128,0
2799383712,smqhm_512_2,12598850,128,0
3000420102,smqhm_512_2,12605545,128,0
2760317218,smqhm_512_2,12598711,128,0
3533011288,smqhm_512_4,12602295,128,0
3087051428,smqhm_512_4,12603789,128,0
3206498230,smqhm_512_4,12597086,128,0
3112340362,smqhm_512_4,12602068,128,0
3137208088,smqhm_512_4,12603443,128,0
3201413702,smqhm_512_4,12604911,128,0
2957668986,smqhm_512_8,12590929,128,0
3093060414,smqhm_512_8,12602220,128,0
3065185998,smqhm_512_8,12594708,128,0
3610024020,smqhm_512_8,12614652,128,0
3207337274,smqhm_512_8,12601894,128,0
2985623538,smqhm_512_8,12597600,128,0
3137315726,smqhm_512_16,12593964,128,0
3113073918,smqhm_512_16,12593163,128,0
3173488976,smqhm_512_16,12593786,128,0
3080323480,smqhm_512_16,12593104,128,0
3253935066,smqhm_512_16,12593194,128,0
3165612374,smqhm_512_16,12596608,128,0
3233689696,smqhm_512_32,12596018,128,0
2840421118,smqhm_512_32,12583196,128,0
3112761134,smqhm_512_32,12591840,128,0
3303491748,smqhm_512_32,12592598,128,0
3030345548,smqhm_512_32,12588884,128,0
2952663294,smqhm_512_32,12584486,128,0
2520549062,smqhm_512_64,12569455,128,0
2917956012,smqhm_512_64,12575679,128,0
3019786742,smqhm_512_64,12578824,128,0
2713684388,smqhm_512_64,12573653,128,0
2705285702,smqhm_512_64,12573387,128,0
2755559114,smqhm_512_64,12573377,128,0
2289347386,smqhm_512_128,12546750,128,0
2442653250,smqhm_512_128,12552324,128,0
2379932900,smqhm_512_128,12550288,128,0
2659310308,smqhm_512_128,12554874,128,0
2284996590,smqhm_512_128,12547775,128,0
2624586816,smqhm_512_128,12552251,128,0
2307519012,smqhm_512_256,12538575,128,0
2273559288,smqhm_512_256,12539523,128,0
2330494264,smqhm_512_256,12540259,128,0
2268193734,smqhm_512_256,12541707,128,0
2380031388,smqhm_512_256,12540447,128,0
2256396570,smqhm_512_256,12538404,128,0
2741248218,smqhm_512_512,12537790,128,0
2434979702,smqhm_512_512,12535278,128,0
2487121072,smqhm_512_512,12535511,128,0
2446345682,smqhm_512_512,12535938,128,0
2433351094,smqhm_512_512,12535044,128,0
2391073814,smqhm_512_512,12534233,128,0
3704217032,smqhm_512_1024,12534593,128,0
3341573258,smqhm_512_1024,12534617,128,0
3215678000,smqhm_512_1024,12533928,128,0
3287290376,smqhm_512_1024,12534636,128,0
3364297008,smqhm_512_1024,12534970,128,0
3226748930,smqhm_512_1024,12534755,128,0
2800369864,smqhm_1024_1,12596331,128,0
2843325652,smqhm_1024_1,12599546,128,0
2709944332,smqhm_1024_1,12596748,128,0
2822424308,smqhm_1024_1,12599006,128,0
2805300168,smqhm_1024_1,12601309,128,0
2776907186,smqhm_1024_1,12601239,128,0
2909824062,smqhm_1024_2,12600551,128,0
2979894400,smqhm_1024_2,12601396,128,0
3041569482,smqhm_1024_2,12604270,128,0
2841006124,smqhm_1024_2,12601829,128,0
2867137834,smqhm_1024_2,12600779,128,0
2981365028,smqhm_1024_2,12600100,128,0
3036012304,smqhm_1024_4,12599194,128,0
3021755014,smqhm_1024_4,12604323,128,0
3071833050,smqhm_1024_4,12604940,128,0
3352724612,smqhm_1024_4,12605481,128,0
2828601322,smqhm_1024_4,12597813,128,0
3027514862,smqhm_1024_4,12600574,128,0
2840612158,smqhm_1024_8,12593429,128,0
3010654760,smqhm_1024_8,12603060,128,0
3096882862,smqhm_1024_8,12604604,128,0
2937547280,smqhm_1024_8,12598251,128,0
3101377390,smqhm_1024_8,12597405,128,0
3162666970,smqhm_1024_8,12602316,128,0
3377543098,smqhm_1024_16,12597304,128,0
3166488534,smqhm_1024_16,12600348,128,0
3302329170,smqhm_1024_16,12600318,128,0
3134648378,smqhm_1024_16,12599066,128,0
3380871546,smqhm_1024_16,12602805,128,0
3056428720,smqhm_1024_16,12597158,128,0
3611927630,smqhm_1024_32,12609917,128,0
3310929480,smqhm_1024_32,12598957,128,0
3341832420,smqhm_1024_32,12599260,128,0
2953982668,smqhm_1024_32,12590267,128,0
3076308356,smqhm_1024_32,12595118,128,0
3572168248,smqhm_1024_32,12587932,128,0
3013351046,smqhm_1024_64,12582540,128,0
3822479668,smqhm_1024_64,12587956,128,0
2972341910,smqhm_1024_64,12576853,128,0
3307141998,smqhm_1024_64,12586831,128,0
3187333862,smqhm_1024_64,12586585,128,0
3133274874,smqhm_1024_64,12582091,128,0
3410845788,smqhm_1024_128,12571065,128,0
2848963570,smqhm_1024_128,12562755,128,0
2859654722,smqhm_1024_128,12560471,128,0
2661332580,smqhm_1024_128,12557255,128,0
2675548460,smqhm_1024_128,12555037,128,0
2585259468,smqhm_1024_128,12552805,128,0
2312376948,smqhm_1024_256,12541463,128,0
2264664426,smqhm_1024_256,12541047,128,0
2223742954,smqhm_1024_256,12538774,128,0
2315948310,smqhm_1024_256,12549110,128,0
2283392520,smqhm_1024_256,12541129,128,0
2282921240,smqhm_1024_256,12541828,128,0
2455237416,smqhm_1024_512,12536644,128,0
2434242446,smqhm_1024_512,12535461,128,0
2368638112,smqhm_1024_512,12533362,128,0
2418357520,smqhm_1024_512,12535083,128,0
2435050376,smqhm_1024_512,12536080,128,0
2462531690,smqhm_1024_512,12536298,128,0
3223386970,smqhm_1024_1024,12534346,128,0
5363506974,smqhm_1024_1024,12534774,128,0
5098686472,smqhm_1024_1024,12534521,128,0
3206197974,smqhm_1024_1024,12534873,128,0
3310409676,smqhm_1024_1024,12535068,128,0
3245566408,smqhm_1024_1024,12534617,128,0
