415150732,smqhm_1_1,15620140,128,10
416157918,smqhm_1_1,15632620,128,10
411373458,smqhm_1_1,15624604,128,10
414676490,smqhm_1_1,15603409,128,10
413217616,smqhm_1_1,15631271,128,10
412117352,smqhm_1_1,15607244,128,10
374273488,smqhm_1_2,15900508,128,10
375112694,smqhm_1_2,15895752,128,10
374259946,smqhm_1_2,15895265,128,10
373386274,smqhm_1_2,15899402,128,10
374025774,smqhm_1_2,15911160,128,10
373427566,smqhm_1_2,15924239,128,10
395342328,smqhm_1_4,17942225,128,10
394538468,smqhm_1_4,17920295,128,10
392385372,smqhm_1_4,17832850,128,10
396640800,smqhm_1_4,18006450,128,10
396950580,smqhm_1_4,17892073,128,10
390791872,smqhm_1_4,17769760,128,10
463593862,smqhm_1_8,21296601,128,10
474669982,smqhm_1_8,21230451,128,10
465737126,smqhm_1_8,21308464,128,10
466449138,smqhm_1_8,21394963,128,10
464336238,smqhm_1_8,21290516,128,10
470045236,smqhm_1_8,21252770,128,10
702038418,smqhm_1_16,26134595,128,10
793483394,smqhm_1_16,25818581,128,10
786688988,smqhm_1_16,25931526,128,10
758922342,smqhm_1_16,25750760,128,10
688046368,smqhm_1_16,25752360,128,10
761287366,smqhm_1_16,25943505,128,10
1256301796,smqhm_1_32,33725025,128,10
1273445764,smqhm_1_32,33558212,128,10
1263440582,smqhm_1_32,33521226,128,10
1198608362,smqhm_1_32,33941576,128,10
1225906540,smqhm_1_32,33875980,128,10
1269027144,smqhm_1_32,33922433,128,10
2407794724,smqhm_1_64,43406621,128,10
2503218140,smqhm_1_64,42793098,128,10
2301971658,smqhm_1_64,43180436,128,10
2373553434,smqhm_1_64,43071478,128,10
1949484814,smqhm_1_64,43990247,128,10
2221212112,smqhm_1_64,43556273,128,10
3509258792,smqhm_1_128,56529315,128,10
3046801254,smqhm_1_128,56415704,128,10
2834797770,smqhm_1_128,54252430,128,10
2968367824,smqhm_1_128,54864109,128,10
3494959642,smqhm_1_128,56442184,128,10
3128598338,smqhm_1_128,56897607,128,10
4947908198,smqhm_1_256,61632568,128,10
4969541676,smqhm_1_256,61058519,128,10
4874084074,smqhm_1_256,61117291,128,10
4637789958,smqhm_1_256,59159446,128,10
4505578380,smqhm_1_256,58520358,128,10
7332031912,smqhm_1_256,63000505,128,10
8575890328,smqhm_1_512,57159446,128,10
8813384950,smqhm_1_512,56857190,128,10
7611040570,smqhm_1_512,54208050,128,10
8310037124,smqhm_1_512,54307955,128,10
8045676440,smqhm_1_512,54655274,128,10
8575478210,smqhm_1_512,57742156,128,10
18866854782,smqhm_1_1024,52288359,128,10
14194494012,smqhm_1_1024,52719657,128,10
15150738606,smqhm_1_1024,52025464,128,10
14266142900,smqhm_1_1024,51250899,128,10
16464931596,smqhm_1_1024,52413667,128,10
14721741760,smqhm_1_1024,54082074,128,10
295773490,smqhm_2_1,16202195,128,10
296573096,smqhm_2_1,16201274,128,10
297842962,smqhm_2_1,16222992,128,10
298644458,smqhm_2_1,16219294,128,10
298732228,smqhm_2_1,16215390,128,10
297599780,smqhm_2_1,16261567,128,10
301149956,smqhm_2_2,16364734,128,10
301037198,smqhm_2_2,16297797,128,10
300971220,smqhm_2_2,16315463,128,10
300706254,smqhm_2_2,16306217,128,10
301935682,smqhm_2_2,16326582,128,10
300557608,smqhm_2_2,16320660,128,10
345346762,smqhm_2_4,18176527,128,10
339462430,smqhm_2_4,17887560,128,10
338928452,smqhm_2_4,17844864,128,10
346060316,smqhm_2_4,18216481,128,10
343575428,smqhm_2_4,18053449,128,10
341034570,smqhm_2_4,17956499,128,10
413859650,smqhm_2_8,21308594,128,10
409844966,smqhm_2_8,21212591,128,10
411636426,smqhm_2_8,21238544,128,10
408978020,smqhm_2_8,21190855,128,10
411142698,smqhm_2_8,21198267,128,10
413327336,smqhm_2_8,21190518,128,10
585504778,smqhm_2_16,24033701,128,10
617364740,smqhm_2_16,23958368,128,10
620265036,smqhm_2_16,23882002,128,10
562478824,smqhm_2_16,23961479,128,10
555828882,smqhm_2_16,23937532,128,10
601032606,smqhm_2_16,24097677,128,10
997117848,smqhm_2_32,28104042,128,10
1027821868,smqhm_2_32,28526686,128,10
1021117082,smqhm_2_32,28051898,128,10
1013348730,smqhm_2_32,28222122,128,10
1007073490,smqhm_2_32,27861219,128,10
991494152,smqhm_2_32,27805468,128,10
1992214820,smqhm_2_64,33571444,128,10
1791320436,smqhm_2_64,32955267,128,10
1634350684,smqhm_2_64,34006428,128,10
2078544736,smqhm_2_64,32605560,128,10
2091824928,smqhm_2_64,33750906,128,10
1601221034,smqhm_2_64,33302679,128,10
2623558128,smqhm_2_128,37172452,128,10
2427824888,smqhm_2_128,37752987,128,10
2442277050,smqhm_2_128,37556710,128,10
2611925776,smqhm_2_128,39088521,128,10
2402951568,smqhm_2_128,36920572,128,10
2534085234,smqhm_2_128,38373533,128,10
4244171538,smqhm_2_256,39421818,128,10
6101321840,smqhm_2_256,41626194,128,10
4886311448,smqhm_2_256,41027514,128,10
4477998482,smqhm_2_256,39720580,128,10
5002552564,smqhm_2_256,41179871,128,10
5253453750,smqhm_2_256,40963598,128,10
7402286510,smqhm_2_512,37616809,128,10
8483184542,smqhm_2_512,38714727,128,10
8754710056,smqhm_2_512,37617878,128,10
10624752608,smqhm_2_512,41498844,128,10
8425033330,smqhm_2_512,39716071,128,10
8809085242,smqhm_2_512,39384620,128,10
13253115048,smqhm_2_1024,37285980,128,10
13563245174,smqhm_2_1024,37528236,128,10
12540716884,smqhm_2_1024,36031606,128,10
13981726162,smqhm_2_1024,36308987,128,10
12565225554,smqhm_2_1024,35716173,128,10
14307745206,smqhm_2_1024,36901272,128,10
261907622,smqhm_4_1,17764232,128,10
262120912,smqhm_4_1,17758310,128,10
263482120,smqhm_4_1,17833622,128,10
261625354,smqhm_4_1,17787902,128,10
262132818,smqhm_4_1,17785227,128,10
262719234,smqhm_4_1,17769461,128,10
268830466,smqhm_4_2,17322470,128,10
269790786,smqhm_4_2,17276604,128,10
269189024,smqhm_4_2,17361700,128,10
269499052,smqhm_4_2,17389028,128,10
269217352,smqhm_4_2,17321092,128,10
268910768,smqhm_4_2,17326241,128,10
311447652,smqhm_4_4,19003474,128,10
308990568,smqhm_4_4,18855783,128,10
312683432,smqhm_4_4,19041853,128,10
309430468,smqhm_4_4,18846955,128,10
309526372,smqhm_4_4,18852348,128,10
312174424,smqhm_4_4,19146069,128,10
370707774,smqhm_4_8,21988916,128,10
370982542,smqhm_4_8,21919835,128,10
372457790,smqhm_4_8,21880127,128,10
372275878,smqhm_4_8,21886155,128,10
371967136,smqhm_4_8,21948733,128,10
373334580,smqhm_4_8,22061251,128,10
487779672,smqhm_4_16,24270266,128,10
469801616,smqhm_4_16,24067754,128,10
461823934,smqhm_4_16,24047325,128,10
469118296,smqhm_4_16,24190466,128,10
482645176,smqhm_4_16,23967255,128,10
472861580,smqhm_4_16,24088367,128,10
717751620,smqhm_4_32,26312806,128,10
712152930,smqhm_4_32,26324911,128,10
759955200,smqhm_4_32,26483729,128,10
767856360,smqhm_4_32,26374980,128,10
773458146,smqhm_4_32,26690793,128,10
766701860,smqhm_4_32,26605367,128,10
1672708260,smqhm_4_64,28397497,128,10
1364311896,smqhm_4_64,28389274,128,10
1653796440,smqhm_4_64,29243041,128,10
1330393466,smqhm_4_64,29102139,128,10
1620185258,smqhm_4_64,28713195,128,10
1614727502,smqhm_4_64,28763229,128,10
1951503500,smqhm_4_128,29633146,128,10
1979363218,smqhm_4_128,29866733,128,10
1943384316,smqhm_4_128,29280942,128,10
1779630034,smqhm_4_128,28995101,128,10
2755167766,smqhm_4_128,30604314,128,10
2003373454,smqhm_4_128,29851987,128,10
4019498552,smqhm_4_256,31751227,128,10
3448202732,smqhm_4_256,30674510,128,10
3591629454,smqhm_4_256,30816159,128,10
3952062246,smqhm_4_256,30957240,128,10
3209822550,smqhm_4_256,30352962,128,10
4005919956,smqhm_4_256,31563746,128,10
5962210450,smqhm_4_512,30574243,128,10
5986397096,smqhm_4_512,30636466,128,10
6059738704,smqhm_4_512,30099460,128,10
5975934246,smqhm_4_512,30201925,128,10
7228485680,smqhm_4_512,31416457,128,10
6689868678,smqhm_4_512,31037756,128,10
9562958676,smqhm_4_1024,29738090,128,10
9627415756,smqhm_4_1024,29950747,128,10
12410074092,smqhm_4_1024,31171717,128,10
10540305010,smqhm_4_1024,30157649,128,10
10830384316,smqhm_4_1024,30296218,128,10
12063984352,smqhm_4_1024,30890465,128,10
260788444,smqhm_8_1,20441536,128,10
260723668,smqhm_8_1,20474242,128,10
259338840,smqhm_8_1,20468631,128,10
259850984,smqhm_8_1,20453543,128,10
259645168,smqhm_8_1,20380501,128,10
259885524,smqhm_8_1,20509400,128,10
261427672,smqhm_8_2,19237090,128,10
262270502,smqhm_8_2,19351111,128,10
260263430,smqhm_8_2,19193380,128,10
259335456,smqhm_8_2,19098422,128,10
260998208,smqhm_8_2,19140409,128,10
260013634,smqhm_8_2,19098644,128,10
296098156,smqhm_8_4,20497865,128,10
296245690,smqhm_8_4,20598367,128,10
294755018,smqhm_8_4,20482974,128,10
295014966,smqhm_8_4,20499089,128,10
293526898,smqhm_8_4,20403067,128,10
294921506,smqhm_8_4,20464848,128,10
351760482,smqhm_8_8,23435777,128,10
350561054,smqhm_8_8,23271610,128,10
348095410,smqhm_8_8,23195498,128,10
350581942,smqhm_8_8,23380170,128,10
347057064,smqhm_8_8,23182064,128,10
348816390,smqhm_8_8,23248078,128,10
426853912,smqhm_8_16,25689359,128,10
430524142,smqhm_8_16,25806734,128,10
424107594,smqhm_8_16,25557746,128,10
429468436,smqhm_8_16,25684505,128,10
424648880,smqhm_8_16,25621571,128,10
425266002,smqhm_8_16,25520466,128,10
655925806,smqhm_8_32,28262167,128,10
635247048,smqhm_8_32,28207419,128,10
653131540,smqhm_8_32,28298706,128,10
645253468,smqhm_8_32,28058087,128,10
648162498,smqhm_8_32,28193113,128,10
623166876,smqhm_8_32,27816610,128,10
1125973326,smqhm_8_64,29802023,128,10
1166062890,smqhm_8_64,29239717,128,10
1182387450,smqhm_8_64,29306871,128,10
1074951124,smqhm_8_64,29592872,128,10
1202692296,smqhm_8_64,29761556,128,10
1179695616,smqhm_8_64,29609286,128,10
1402946528,smqhm_8_128,29944436,128,10
1459328934,smqhm_8_128,30030721,128,10
1606557036,smqhm_8_128,30216463,128,10
1461582052,smqhm_8_128,30098966,128,10
2150802430,smqhm_8_128,30567015,128,10
1351034948,smqhm_8_128,29912850,128,10
2268733114,smqhm_8_256,30442706,128,10
2215666592,smqhm_8_256,30369798,128,10
2206521780,smqhm_8_256,30270635,128,10
2753063222,smqhm_8_256,31134776,128,10
2507075136,smqhm_8_256,30636303,128,10
2519415482,smqhm_8_256,30952290,128,10
4234625294,smqhm_8_512,30756859,128,10
6091929364,smqhm_8_512,32344258,128,10
4811587498,smqhm_8_512,31199475,128,10
4362922238,smqhm_8_512,31311171,128,10
4308728866,smqhm_8_512,30862351,128,10
4375655892,smqhm_8_512,30614603,128,10
6369165834,smqhm_8_1024,30666509,128,10
6293974762,smqhm_8_1024,30791162,128,10
6927053142,smqhm_8_1024,30823525,128,10
6594627602,smqhm_8_1024,30571460,128,10
8584339572,smqhm_8_1024,31259732,128,10
8404085290,smqhm_8_1024,31314845,128,10
278090608,smqhm_16_1,24693400,128,10
276979986,smqhm_16_1,24583828,128,10
276790248,smqhm_16_1,24586046,128,10
274708796,smqhm_16_1,24259355,128,10
278554150,smqhm_16_1,24757882,128,10
277414546,smqhm_16_1,24577143,128,10
266683024,smqhm_16_2,21747297,128,10
268152264,smqhm_16_2,21893572,128,10
267888232,smqhm_16_2,21858612,128,10
268139434,smqhm_16_2,21914335,128,10
268829596,smqhm_16_2,22012842,128,10
265848426,smqhm_16_2,21778816,128,10
288334012,smqhm_16_4,22146708,128,10
285370438,smqhm_16_4,21865478,128,10
286049228,smqhm_16_4,21968347,128,10
287579532,smqhm_16_4,22039145,128,10
288469580,smqhm_16_4,22155365,128,10
286048472,smqhm_16_4,21913630,128,10
336594128,smqhm_16_8,24737596,128,10
340497160,smqhm_16_8,25056472,128,10
336618936,smqhm_16_8,24795699,128,10
334684854,smqhm_16_8,24596276,128,10
335918426,smqhm_16_8,24630135,128,10
337585000,smqhm_16_8,24883686,128,10
408276248,smqhm_16_16,27716855,128,10
411388528,smqhm_16_16,27851787,128,10
411846588,smqhm_16_16,27949718,128,10
409183718,smqhm_16_16,27811186,128,10
415116670,smqhm_16_16,28154520,128,10
405599830,smqhm_16_16,27593622,128,10
626371558,smqhm_16_32,31391414,128,10
625430710,smqhm_16_32,31540761,128,10
630913226,smqhm_16_32,31849177,128,10
627535414,smqhm_16_32,31604657,128,10
625793738,smqhm_16_32,31701097,128,10
629724314,smqhm_16_32,31949649,128,10
850923864,smqhm_16_64,33266782,128,10
863747226,smqhm_16_64,33456899,128,10
778449984,smqhm_16_64,33075956,128,10
782185490,smqhm_16_64,33081618,128,10
814438512,smqhm_16_64,32993690,128,10
793607718,smqhm_16_64,32976496,128,10
1076145262,smqhm_16_128,34627543,128,10
1035931124,smqhm_16_128,34160097,128,10
1036516398,smqhm_16_128,34053727,128,10
1066590132,smqhm_16_128,34151963,128,10
1399056698,smqhm_16_128,34095961,128,10
1082686772,smqhm_16_128,34326699,128,10
1697679814,smqhm_16_256,35198012,128,10
1835949908,smqhm_16_256,34855116,128,10
1674615392,smqhm_16_256,35549477,128,10
1669355214,smqhm_16_256,35331529,128,10
1639274714,smqhm_16_256,35357744,128,10
1741200692,smqhm_16_256,35497135,128,10
2938671168,smqhm_16_512,35670177,128,10
3048437634,smqhm_16_512,35690049,128,10
2914858674,smqhm_16_512,35933381,128,10
3193404610,smqhm_16_512,35889423,128,10
2889984406,smqhm_16_512,36145962,128,10
2860746838,smqhm_16_512,35920984,128,10
5475056086,smqhm_16_1024,36998057,128,10
5495977194,smqhm_16_1024,36579872,128,10
5385835512,smqhm_16_1024,36450299,128,10
5542811080,smqhm_16_1024,36926939,128,10
5535911880,smqhm_16_1024,37081401,128,10
5417248260,smqhm_16_1024,37098843,128,10
318237048,smqhm_32_1,31513946,128,10
312435388,smqhm_32_1,30733619,128,10
313414258,smqhm_32_1,30847485,128,10
312814474,smqhm_32_1,30883459,128,10
314258876,smqhm_32_1,30999429,128,10
314737848,smqhm_32_1,31111055,128,10
287760742,smqhm_32_2,25825425,128,10
289870292,smqhm_32_2,26062745,128,10
288015426,smqhm_32_2,25832219,128,10
288819692,smqhm_32_2,25900527,128,10
289017748,smqhm_32_2,25867850,128,10
290936364,smqhm_32_2,26135388,128,10
293949680,smqhm_32_4,24389862,128,10
291429506,smqhm_32_4,24247350,128,10
290715130,smqhm_32_4,24260334,128,10
290679960,smqhm_32_4,24154682,128,10
292747762,smqhm_32_4,24353851,128,10
294768898,smqhm_32_4,24612352,128,10
333293922,smqhm_32_8,26449934,128,10
335073538,smqhm_32_8,26634376,128,10
333233186,smqhm_32_8,26561753,128,10
334774070,smqhm_32_8,26630703,128,10
332625886,smqhm_32_8,26438880,128,10
331652674,smqhm_32_8,26172625,128,10
408778242,smqhm_32_16,30473114,128,10
407820312,smqhm_32_16,30262623,128,10
409089760,smqhm_32_16,30438309,128,10
408394890,smqhm_32_16,30310597,128,10
411526238,smqhm_32_16,30539653,128,10
406642222,smqhm_32_16,30235710,128,10
652428466,smqhm_32_32,35972509,128,10
643542036,smqhm_32_32,35632176,128,10
648825900,smqhm_32_32,35734826,128,10
639805858,smqhm_32_32,35425084,128,10
647246806,smqhm_32_32,35661286,128,10
637317110,smqhm_32_32,35357926,128,10
772944340,smqhm_32_64,39521167,128,10
761252000,smqhm_32_64,39259815,128,10
751356402,smqhm_32_64,39033031,128,10
766219814,smqhm_32_64,39269218,128,10
776301502,smqhm_32_64,38992037,128,10
768736992,smqhm_32_64,39174008,128,10
1089730748,smqhm_32_128,42585506,128,10
1059038126,smqhm_32_128,42245531,128,10
1052090054,smqhm_32_128,41961663,128,10
1089643430,smqhm_32_128,41485019,128,10
1064523140,smqhm_32_128,42225216,128,10
1049385422,smqhm_32_128,41021189,128,10
1711493148,smqhm_32_256,43541885,128,10
1731608238,smqhm_32_256,43306484,128,10
1742461774,smqhm_32_256,43920055,128,10
1853205096,smqhm_32_256,43810942,128,10
1826195260,smqhm_32_256,43636015,128,10
1733200480,smqhm_32_256,43695016,128,10
3053589166,smqhm_32_512,44113168,128,10
3111117006,smqhm_32_512,43901297,128,10
3125800436,smqhm_32_512,44197953,128,10
3096956490,smqhm_32_512,44500645,128,10
3130725662,smqhm_32_512,44092634,128,10
3146657324,smqhm_32_512,44482372,128,10
6459040964,smqhm_32_1024,46039517,128,10
6341004272,smqhm_32_1024,44911263,128,10
6560806738,smqhm_32_1024,45738637,128,10
6438110786,smqhm_32_1024,45350328,128,10
6447506318,smqhm_32_1024,45504042,128,10
6664762746,smqhm_32_1024,46235894,128,10
363890206,smqhm_64_1,39449508,128,10
370784822,smqhm_64_1,40226498,128,10
363145320,smqhm_64_1,39374879,128,10
363295066,smqhm_64_1,39280208,128,10
380573714,smqhm_64_1,41741405,128,10
361302584,smqhm_64_1,39067254,128,10
326515866,smqhm_64_2,31902785,128,10
326024928,smqhm_64_2,32068144,128,10
330125838,smqhm_64_2,32409831,128,10
327133446,smqhm_64_2,32247741,128,10
331341496,smqhm_64_2,32700318,128,10
324153572,smqhm_64_2,31837899,128,10
314929206,smqhm_64_4,28420377,128,10
313443828,smqhm_64_4,28184861,128,10
310702890,smqhm_64_4,28128278,128,10
312757460,smqhm_64_4,28281198,128,10
315770080,smqhm_64_4,28460289,128,10
312290808,smqhm_64_4,28238278,128,10
338828108,smqhm_64_8,28737578,128,10
336554212,smqhm_64_8,28617924,128,10
337416356,smqhm_64_8,28739220,128,10
337029768,smqhm_64_8,28608804,128,10
342732570,smqhm_64_8,29199606,128,10
336527854,smqhm_64_8,28602469,128,10
410056458,smqhm_64_16,32622414,128,10
410836666,smqhm_64_16,32707409,128,10
408252792,smqhm_64_16,32337191,128,10
413222560,smqhm_64_16,32924874,128,10
411698128,smqhm_64_16,32651756,128,10
408070916,smqhm_64_16,32459353,128,10
665281634,smqhm_64_32,39287936,128,10
673978100,smqhm_64_32,39736888,128,10
672623478,smqhm_64_32,39889299,128,10
669640722,smqhm_64_32,39766712,128,10
669172786,smqhm_64_32,39782098,128,10
679281918,smqhm_64_32,40210210,128,10
790349710,smqhm_64_64,45977388,128,10
789579894,smqhm_64_64,45548550,128,10
782775026,smqhm_64_64,44992405,128,10
775183880,smqhm_64_64,44715574,128,10
787695744,smqhm_64_64,45289148,128,10
786705890,smqhm_64_64,45239695,128,10
1168694438,smqhm_64_128,51212084,128,10
1167565086,smqhm_64_128,50845618,128,10
1181462416,smqhm_64_128,52438085,128,10
1250347258,smqhm_64_128,52346353,128,10
1204693592,smqhm_64_128,51809058,128,10
1171179666,smqhm_64_128,51647003,128,10
2008359432,smqhm_64_256,53778297,128,10
2008026502,smqhm_64_256,53295951,128,10
2076972850,smqhm_64_256,53134459,128,10
1985299672,smqhm_64_256,52692416,128,10
2106049642,smqhm_64_256,52327611,128,10
2178234092,smqhm_64_256,52693020,128,10
3696286750,smqhm_64_512,54041609,128,10
3649273436,smqhm_64_512,53001066,128,10
3921416788,smqhm_64_512,54197762,128,10
3749207610,smqhm_64_512,52860494,128,10
3667128198,smqhm_64_512,54067594,128,10
3799617884,smqhm_64_512,54070995,128,10
7951696618,smqhm_64_1024,56699434,128,10
7748806504,smqhm_64_1024,55295479,128,10
7981006624,smqhm_64_1024,55623405,128,10
8095439210,smqhm_64_1024,57053443,128,10
8154239174,smqhm_64_1024,57642467,128,10
8120881702,smqhm_64_1024,55885343,128,10
429036950,smqhm_128_1,50849545,128,10
422809744,smqhm_128_1,49628055,128,10
419468638,smqhm_128_1,49210970,128,10
426480608,smqhm_128_1,50255661,128,10
436727794,smqhm_128_1,51451705,128,10
438112750,smqhm_128_1,51969794,128,10
377628570,smqhm_128_2,40069916,128,10
379911150,smqhm_128_2,40546408,128,10
382542466,smqhm_128_2,40951168,128,10
383769402,smqhm_128_2,40997118,128,10
389607388,smqhm_128_2,41700601,128,10
388364514,smqhm_128_2,41321940,128,10
349287028,smqhm_128_4,34131271,128,10
352598684,smqhm_128_4,34543968,128,10
353038748,smqhm_128_4,34462075,128,10
353847532,smqhm_128_4,34744003,128,10
353394806,smqhm_128_4,34647420,128,10
358178178,smqhm_128_4,34753438,128,10
358672052,smqhm_128_8,32551462,128,10
358703318,smqhm_128_8,32391532,128,10
358233052,smqhm_128_8,32417428,128,10
358852444,smqhm_128_8,32549808,128,10
356481342,smqhm_128_8,32319079,128,10
360891696,smqhm_128_8,32698933,128,10
426395556,smqhm_128_16,35735873,128,10
431749120,smqhm_128_16,36169240,128,10
429214192,smqhm_128_16,35960326,128,10
420010774,smqhm_128_16,35151958,128,10
428304124,smqhm_128_16,35918213,128,10
425944942,smqhm_128_16,35785931,128,10
700594528,smqhm_128_32,43861447,128,10
692201298,smqhm_128_32,43262318,128,10
703222250,smqhm_128_32,43941262,128,10
701165732,smqhm_128_32,44153477,128,10
692787204,smqhm_128_32,43364312,128,10
696066542,smqhm_128_32,43626254,128,10
839816952,smqhm_128_64,52032382,128,10
824259532,smqhm_128_64,52002393,128,10
826592792,smqhm_128_64,50627292,128,10
821350560,smqhm_128_64,51127347,128,10
846721116,smqhm_128_64,51503508,128,10
839832930,smqhm_128_64,51041876,128,10
1301329832,smqhm_128_128,60946761,128,10
1390842182,smqhm_128_128,62507702,128,10
1371488644,smqhm_128_128,61604539,128,10
1352845940,smqhm_128_128,63017455,128,10
1311756690,smqhm_128_128,59159274,128,10
1283054966,smqhm_128_128,61101812,128,10
2354940312,smqhm_128_256,62808990,128,10
2252854016,smqhm_128_256,62162475,128,10
2447913846,smqhm_128_256,64051427,128,10
2427984714,smqhm_128_256,63372800,128,10
2331745346,smqhm_128_256,61806896,128,10
2302201600,smqhm_128_256,61454647,128,10
4572080156,smqhm_128_512,64940546,128,10
4795009302,smqhm_128_512,66214304,128,10
4517517120,smqhm_128_512,64526117,128,10
4559379358,smqhm_128_512,65066423,128,10
4582755620,smqhm_128_512,66167680,128,10
4594002694,smqhm_128_512,66168950,128,10
9536389990,smqhm_128_1024,68491899,128,10
9489454086,smqhm_128_1024,67473960,128,10
9697246962,smqhm_128_1024,68095446,128,10
10052104186,smqhm_128_1024,69993827,128,10
9645820112,smqhm_128_1024,68104244,128,10
9715808200,smqhm_128_1024,68701601,128,10
524050824,smqhm_256_1,66056886,128,10
502793256,smqhm_256_1,63069552,128,10
541378874,smqhm_256_1,68968918,128,10
514546398,smqhm_256_1,65020085,128,10
507842610,smqhm_256_1,63806193,128,10
528209248,smqhm_256_1,66600026,128,10
439803568,smqhm_256_2,50001573,128,10
459634480,smqhm_256_2,52445758,128,10
459878550,smqhm_256_2,52853294,128,10
456969552,smqhm_256_2,52508005,128,10
465869888,smqhm_256_2,53523066,128,10
450765748,smqhm_256_2,51737088,128,10
406019314,smqhm_256_4,42342990,128,10
418001250,smqhm_256_4,43662798,128,10
415992774,smqhm_256_4,43670438,128,10
410951470,smqhm_256_4,43031431,128,10
419962672,smqhm_256_4,44241988,128,10
412157294,smqhm_256_4,43028650,128,10
402421584,smqhm_256_8,38736205,128,10
409662106,smqhm_256_8,39493144,128,10
406256006,smqhm_256_8,39075586,128,10
396156588,smqhm_256_8,38087949,128,10
406775032,smqhm_256_8,39186630,128,10
402655556,smqhm_256_8,38680472,128,10
454173006,smqhm_256_16,40079810,128,10
460328246,smqhm_256_16,40545879,128,10
451839006,smqhm_256_16,39806483,128,10
455078446,smqhm_256_16,39942668,128,10
451104592,smqhm_256_16,39840297,128,10
452241540,smqhm_256_16,39744711,128,10
734302972,smqhm_256_32,47885943,128,10
741636168,smqhm_256_32,48693939,128,10
744000606,smqhm_256_32,48754279,128,10
737280658,smqhm_256_32,48029529,128,10
756473836,smqhm_256_32,49307987,128,10
751700112,smqhm_256_32,49509716,128,10
886304664,smqhm_256_64,57366324,128,10
919434564,smqhm_256_64,58266424,128,10
902987834,smqhm_256_64,58167334,128,10
875938954,smqhm_256_64,56831572,128,10
887752752,smqhm_256_64,57845827,128,10
891707742,smqhm_256_64,56658635,128,10
1446136902,smqhm_256_128,70617747,128,10
1462014510,smqhm_256_128,72346827,128,10
1485704476,smqhm_256_128,72295459,128,10
1449078052,smqhm_256_128,70293732,128,10
1426526958,smqhm_256_128,69482713,128,10
1539468792,smqhm_256_128,70070573,128,10
2787835422,smqhm_256_256,77181625,128,10
2729681840,smqhm_256_256,76569246,128,10
2713095010,smqhm_256_256,75547693,128,10
2670945452,smqhm_256_256,73865291,128,10
2606599156,smqhm_256_256,75207833,128,10
2669211614,smqhm_256_256,73311980,128,10
6046466178,smqhm_256_512,78496847,128,10
5273608848,smqhm_256_512,76520181,128,10
5095827096,smqhm_256_512,73790431,128,10
5591418258,smqhm_256_512,76341407,128,10
5701171598,smqhm_256_512,79317220,128,10
5242538934,smqhm_256_512,76757609,128,10
12208743702,smqhm_256_1024,85462645,128,10
11589179544,smqhm_256_1024,80482377,128,10
12272971046,smqhm_256_1024,81350584,128,10
11369645136,smqhm_256_1024,78950837,128,10
11379102816,smqhm_256_1024,79324048,128,10
11601793594,smqhm_256_1024,82722659,128,10
630158840,smqhm_512_1,83526417,128,10
602203340,smqhm_512_1,79315922,128,10
624978734,smqhm_512_1,81962642,128,10
653823802,smqhm_512_1,86840687,128,10
618350172,smqhm_512_1,81797891,128,10
633822452,smqhm_512_1,84523367,128,10
550999824,smqhm_512_2,66806656,128,10
568641402,smqhm_512_2,69394798,128,10
532073958,smqhm_512_2,64472545,128,10
554834154,smqhm_512_2,67309523,128,10
567610860,smqhm_512_2,69112945,128,10
564761054,smqhm_512_2,68440515,128,10
489244728,smqhm_512_4,54543816,128,10
476810582,smqhm_512_4,52886677,128,10
481456952,smqhm_512_4,53832890,128,10
480339896,smqhm_512_4,53494144,128,10
499333178,smqhm_512_4,56054562,128,10
492390916,smqhm_512_4,55086796,128,10
461458882,smqhm_512_8,46757477,128,10
462067950,smqhm_512_8,47290489,128,10
456157826,smqhm_512_8,46229875,128,10
472677418,smqhm_512_8,48422932,128,10
467335184,smqhm_512_8,47566957,128,10
472388782,smqhm_512_8,48236693,128,10
503222468,smqhm_512_16,46712858,128,10
508176298,smqhm_512_16,46955766,128,10
504163834,smqhm_512_16,46431378,128,10
506513740,smqhm_512_16,46665709,128,10
498076006,smqhm_512_16,45950625,128,10
512625792,smqhm_512_16,47248265,128,10
842539716,smqhm_512_32,56591673,128,10
830399030,smqhm_512_32,55886193,128,10
823117578,smqhm_512_32,55566385,128,10
830071750,smqhm_512_32,55676247,128,10
822932986,smqhm_512_32,55454715,128,10
820029032,smqhm_512_32,55237577,128,10
946559342,smqhm_512_64,63860279,128,10
974598952,smqhm_512_64,64855558,128,10
975130524,smqhm_512_64,64894089,128,10
952588398,smqhm_512_64,63686785,128,10
964989484,smqhm_512_64,64055273,128,10
982069914,smqhm_512_64,65778649,128,10
1583152362,smqhm_512_128,80069301,128,10
1672510416,smqhm_512_128,80284574,128,10
1597649724,smqhm_512_128,79518182,128,10
1708533756,smqhm_512_128,84861275,128,10
1618586162,smqhm_512_128,81242406,128,10
1599275520,smqhm_512_128,79413739,128,10
3030945748,smqhm_512_256,87665475,128,10
2857905026,smqhm_512_256,82722697,128,10
2886041902,smqhm_512_256,80375824,128,10
2986810160,smqhm_512_256,83579429,128,10
3490096650,smqhm_512_256,87600609,128,10
3330717520,smqhm_512_256,83690444,128,10
6278873944,smqhm_512_512,86205621,128,10
6672312732,smqhm_512_512,90541984,128,10
6103625824,smqhm_512_512,89385878,128,10
5774492654,smqhm_512_512,85540955,128,10
5943193400,smqhm_512_512,84649468,128,10
5847018742,smqhm_512_512,85173081,128,10
13466145140,smqhm_512_1024,92395555,128,10
13416118444,smqhm_512_1024,94946069,128,10
13224642944,smqhm_512_1024,92998259,128,10
13385351082,smqhm_512_1024,88206169,128,10
13908413544,smqhm_512_1024,93336856,128,10
13727596494,smqhm_512_1024,95873714,128,10
733559672,smqhm_1024_1,100249251,128,10
756605914,smqhm_1024_1,103242639,128,10
783122992,smqhm_1024_1,107468827,128,10
736699032,smqhm_1024_1,100592795,128,10
726236644,smqhm_1024_1,99043773,128,10
718390580,smqhm_1024_1,97616135,128,10
641446690,smqhm_1024_2,80911471,128,10
633253578,smqhm_1024_2,80260555,128,10
649794448,smqhm_1024_2,82243990,128,10
674059150,smqhm_1024_2,85015401,128,10
663633048,smqhm_1024_2,83945327,128,10
677242624,smqhm_1024_2,86009518,128,10
604849240,smqhm_1024_4,71380049,128,10
567583372,smqhm_1024_4,66511676,128,10
573930392,smqhm_1024_4,67273238,128,10
573905988,smqhm_1024_4,67641723,128,10
571566830,smqhm_1024_4,67178451,128,10
558398330,smqhm_1024_4,65209298,128,10
542810700,smqhm_1024_8,58097345,128,10
545497422,smqhm_1024_8,58537306,128,10
539721944,smqhm_1024_8,57679690,128,10
562161550,smqhm_1024_8,60471258,128,10
578960880,smqhm_1024_8,62456361,128,10
559514458,smqhm_1024_8,60068702,128,10
586273328,smqhm_1024_16,56217990,128,10
599110438,smqhm_1024_16,57806268,128,10
587053488,smqhm_1024_16,56242684,128,10
594480316,smqhm_1024_16,57548632,128,10
623606814,smqhm_1024_16,60448995,128,10
594814426,smqhm_1024_16,57286053,128,10
955186238,smqhm_1024_32,65457570,128,10
953051866,smqhm_1024_32,65693925,128,10
936386268,smqhm_1024_32,64408698,128,10
948247288,smqhm_1024_32,65284278,128,10
985531810,smqhm_1024_32,67099739,128,10
966861142,smqhm_1024_32,66610340,128,10
1083743616,smqhm_1024_64,75533494,128,10
1053253072,smqhm_1024_64,72113347,128,10
1119163700,smqhm_1024_64,76461655,128,10
1071869350,smqhm_1024_64,74030790,128,10
1166319944,smqhm_1024_64,79312243,128,10
1099799432,smqhm_1024_64,76081867,128,10
1812806974,smqhm_1024_128,92429588,128,10
1893803084,smqhm_1024_128,90796319,128,10
1837919362,smqhm_1024_128,92615872,128,10
1836531662,smqhm_1024_128,93049507,128,10
1893618728,smqhm_1024_128,93125101,128,10
1841186414,smqhm_1024_128,93590135,128,10
3204034180,smqhm_1024_256,87392027,128,10
3402681194,smqhm_1024_256,94265812,128,10
3244598412,smqhm_1024_256,93141794,128,10
3392296838,smqhm_1024_256,97741315,128,10
3497734182,smqhm_1024_256,97839534,128,10
3206002684,smqhm_1024_256,92976845,128,10
6659610778,smqhm_1024_512,95812460,128,10
6770009036,smqhm_1024_512,98322283,128,10
6922993230,smqhm_1024_512,100773835,128,10
6695180378,smqhm_1024_512,99355178,128,10
7298001366,smqhm_1024_512,104390831,128,10
6773838890,smqhm_1024_512,98878524,128,10
13986473382,smqhm_1024_1024,98287960,128,10
14563844314,smqhm_1024_1024,101042703,128,10
15238267218,smqhm_1024_1024,104224064,128,10
15729217170,smqhm_1024_1024,102946615,128,10
14602317942,smqhm_1024_1024,101814484,128,10
13832063134,smqhm_1024_1024,96110537,128,10
