225485042,smqhm_1_1,8152065,128,10
228751370,smqhm_1_1,8136078,128,10
232274194,smqhm_1_1,8126761,128,10
230143266,smqhm_1_1,8179090,128,10
226810094,smqhm_1_1,8101436,128,10
229369978,smqhm_1_1,8113148,128,10
215941746,smqhm_1_2,8679736,128,10
214190672,smqhm_1_2,8670442,128,10
215208396,smqhm_1_2,8681539,128,10
211958290,smqhm_1_2,8659568,128,10
214546182,smqhm_1_2,8705444,128,10
213557728,smqhm_1_2,8672506,128,10
225148310,smqhm_1_4,10105100,128,10
220249784,smqhm_1_4,10017892,128,10
221160724,smqhm_1_4,10000108,128,10
221740842,smqhm_1_4,10082295,128,10
222682052,smqhm_1_4,10067357,128,10
225468128,smqhm_1_4,10062219,128,10
272094424,smqhm_1_8,11877467,128,10
283220418,smqhm_1_8,11942629,128,10
281366828,smqhm_1_8,11925919,128,10
284204576,smqhm_1_8,11952143,128,10
272382372,smqhm_1_8,11850835,128,10
278264314,smqhm_1_8,11862711,128,10
549892162,smqhm_1_16,15109107,128,10
550962324,smqhm_1_16,15001485,128,10
527680464,smqhm_1_16,15216959,128,10
538932916,smqhm_1_16,15140295,128,10
531455206,smqhm_1_16,15042114,128,10
523281468,smqhm_1_16,15044341,128,10
945445382,smqhm_1_32,19266547,128,10
924610404,smqhm_1_32,18671490,128,10
789893758,smqhm_1_32,19499284,128,10
907390922,smqhm_1_32,18757085,128,10
919867628,smqhm_1_32,18911286,128,10
953525870,smqhm_1_32,19248145,128,10
1486419984,smqhm_1_64,23235377,128,10
1850237276,smqhm_1_64,23556688,128,10
1810105556,smqhm_1_64,23710600,128,10
1839905224,smqhm_1_64,22380116,128,10
1517047694,smqhm_1_64,24417469,128,10
1500832794,smqhm_1_64,23762917,128,10
2043497304,smqhm_1_128,28735367,128,10
2074019536,smqhm_1_128,28039368,128,10
2054594292,smqhm_1_128,29862008,128,10
3118651388,smqhm_1_128,30120305,128,10
2244300650,smqhm_1_128,29212790,128,10
2050740418,smqhm_1_128,28560798,128,10
3360562842,smqhm_1_256,30231871,128,10
3517706840,smqhm_1_256,31328713,128,10
4051676182,smqhm_1_256,31457009,128,10
3453580346,smqhm_1_256,31470646,128,10
3368999240,smqhm_1_256,28381395,128,10
3407847714,smqhm_1_256,31203495,128,10
5656254318,smqhm_1_512,28735154,128,10
6598906408,smqhm_1_512,28288110,128,10
6669420902,smqhm_1_512,29249066,128,10
5913733504,smqhm_1_512,29368859,128,10
5915003944,smqhm_1_512,31169486,128,10
6527029898,smqhm_1_512,30220145,128,10
10870289252,smqhm_1_1024,29530502,128,10
10313877634,smqhm_1_1024,31705558,128,10
9479236306,smqhm_1_1024,31701123,128,10
10035712108,smqhm_1_1024,27682711,128,10
10259854978,smqhm_1_1024,28249491,128,10
11428556414,smqhm_1_1024,31076207,128,10
174428574,smqhm_2_1,8969439,128,10
172005002,smqhm_2_1,8918746,128,10
175774500,smqhm_2_1,8977630,128,10
176251926,smqhm_2_1,9036233,128,10
172225190,smqhm_2_1,8883111,128,10
177146118,smqhm_2_1,9031259,128,10
176294098,smqhm_2_2,9290767,128,10
174306308,smqhm_2_2,9204066,128,10
176562520,smqhm_2_2,9282130,128,10
175391436,smqhm_2_2,9259447,128,10
175004636,smqhm_2_2,9223540,128,10
176353804,smqhm_2_2,9294685,128,10
192467662,smqhm_2_4,10399877,128,10
190189058,smqhm_2_4,10374124,128,10
192692274,smqhm_2_4,10422608,128,10
189334542,smqhm_2_4,10369345,128,10
190778982,smqhm_2_4,10382219,128,10
189805726,smqhm_2_4,10360298,128,10
229258704,smqhm_2_8,11598960,128,10
227330370,smqhm_2_8,11624823,128,10
230911106,smqhm_2_8,11762064,128,10
226569848,smqhm_2_8,11689981,128,10
231987678,smqhm_2_8,11683730,128,10
229421896,smqhm_2_8,11689375,128,10
371236928,smqhm_2_16,13687868,128,10
378264850,smqhm_2_16,13916345,128,10
375517730,smqhm_2_16,13868088,128,10
374355222,smqhm_2_16,13633304,128,10
377266338,smqhm_2_16,13698114,128,10
361507986,smqhm_2_16,13824039,128,10
749962384,smqhm_2_32,16283089,128,10
724119966,smqhm_2_32,15954534,128,10
609066294,smqhm_2_32,15659202,128,10
711029500,smqhm_2_32,15979371,128,10
657073630,smqhm_2_32,16457425,128,10
717943110,smqhm_2_32,16086499,128,10
1541636544,smqhm_2_64,18912476,128,10
1227265796,smqhm_2_64,18561026,128,10
1575412564,smqhm_2_64,18205526,128,10
1583198004,smqhm_2_64,18446019,128,10
1339744928,smqhm_2_64,18962043,128,10
1590348188,smqhm_2_64,18643688,128,10
2721087738,smqhm_2_128,21590866,128,10
1651833908,smqhm_2_128,20780202,128,10
1872736016,smqhm_2_128,20987781,128,10
1738486762,smqhm_2_128,20852201,128,10
1974995302,smqhm_2_128,21627414,128,10
1877621500,smqhm_2_128,21707821,128,10
3313033456,smqhm_2_256,23475438,128,10
2869733040,smqhm_2_256,22234667,128,10
2877378858,smqhm_2_256,22492301,128,10
2902535542,smqhm_2_256,23225138,128,10
3190679984,smqhm_2_256,23788744,128,10
3202930270,smqhm_2_256,22323319,128,10
4633564012,smqhm_2_512,21580440,128,10
5636020742,smqhm_2_512,22055132,128,10
4852641540,smqhm_2_512,21444830,128,10
4491929140,smqhm_2_512,21735247,128,10
4500078336,smqhm_2_512,20802386,128,10
4772785008,smqhm_2_512,21857931,128,10
8538453736,smqhm_2_1024,20603045,128,10
8070648520,smqhm_2_1024,21178074,128,10
9802585074,smqhm_2_1024,21969679,128,10
8406685424,smqhm_2_1024,21029679,128,10
8297330702,smqhm_2_1024,20309957,128,10
8052583508,smqhm_2_1024,20976581,128,10
153530568,smqhm_4_1,10297712,128,10
153362914,smqhm_4_1,10287713,128,10
154411248,smqhm_4_1,10312376,128,10
154603806,smqhm_4_1,10366555,128,10
154399512,smqhm_4_1,10311016,128,10
154538344,smqhm_4_1,10417585,128,10
158357444,smqhm_4_2,10378795,128,10
159059852,smqhm_4_2,10452569,128,10
156569184,smqhm_4_2,10248741,128,10
157472628,smqhm_4_2,10321933,128,10
156240404,smqhm_4_2,10254141,128,10
156847698,smqhm_4_2,10316963,128,10
175161814,smqhm_4_4,11266724,128,10
174104988,smqhm_4_4,11240479,128,10
173503792,smqhm_4_4,11197435,128,10
172038576,smqhm_4_4,11120439,128,10
173447734,smqhm_4_4,11159369,128,10
172676024,smqhm_4_4,11086837,128,10
202206280,smqhm_4_8,12307159,128,10
202849684,smqhm_4_8,12336538,128,10
201419118,smqhm_4_8,12271225,128,10
202328208,smqhm_4_8,12320948,128,10
204538770,smqhm_4_8,12385812,128,10
203530036,smqhm_4_8,12420036,128,10
283471822,smqhm_4_16,13783708,128,10
289163286,smqhm_4_16,13824041,128,10
278070840,smqhm_4_16,13826122,128,10
277627830,smqhm_4_16,13749442,128,10
277148548,smqhm_4_16,13860220,128,10
268931374,smqhm_4_16,13812588,128,10
527778570,smqhm_4_32,15213695,128,10
522766652,smqhm_4_32,15288160,128,10
466226086,smqhm_4_32,15303621,128,10
508284388,smqhm_4_32,15165825,128,10
523713570,smqhm_4_32,15642367,128,10
516966052,smqhm_4_32,15336221,128,10
949777702,smqhm_4_64,17116387,128,10
1011316882,smqhm_4_64,17276699,128,10
1232845474,smqhm_4_64,17891568,128,10
1255633940,smqhm_4_64,17675816,128,10
968303488,smqhm_4_64,17114036,128,10
1220182200,smqhm_4_64,17352805,128,10
1257815152,smqhm_4_128,18233154,128,10
1511337512,smqhm_4_128,18267225,128,10
1539814004,smqhm_4_128,18512616,128,10
1451748934,smqhm_4_128,17968326,128,10
1345880676,smqhm_4_128,17776344,128,10
1336908512,smqhm_4_128,17985181,128,10
2201786108,smqhm_4_256,18368766,128,10
2830255386,smqhm_4_256,20208161,128,10
3025866256,smqhm_4_256,21001590,128,10
2254021136,smqhm_4_256,18767781,128,10
2740573332,smqhm_4_256,19586663,128,10
2241537114,smqhm_4_256,19078353,128,10
3442365416,smqhm_4_512,18091874,128,10
3833610492,smqhm_4_512,18270237,128,10
4001543040,smqhm_4_512,18298298,128,10
4158451750,smqhm_4_512,19223097,128,10
4910494602,smqhm_4_512,19930385,128,10
4032276012,smqhm_4_512,18690988,128,10
6364923328,smqhm_4_1024,18285606,128,10
6419001632,smqhm_4_1024,18035608,128,10
7790373786,smqhm_4_1024,19511206,128,10
6829774752,smqhm_4_1024,18598633,128,10
6518057634,smqhm_4_1024,18497193,128,10
6616154674,smqhm_4_1024,18209853,128,10
152477068,smqhm_8_1,12523239,128,10
151481094,smqhm_8_1,12388406,128,10
153188412,smqhm_8_1,12494102,128,10
151251834,smqhm_8_1,12380394,128,10
150953768,smqhm_8_1,12360065,128,10
152441724,smqhm_8_1,12478939,128,10
149821144,smqhm_8_2,11656246,128,10
149463502,smqhm_8_2,11553332,128,10
153020444,smqhm_8_2,11836990,128,10
150854594,smqhm_8_2,11708836,128,10
149193784,smqhm_8_2,11559663,128,10
150205884,smqhm_8_2,11642950,128,10
165027720,smqhm_8_4,12297218,128,10
164515966,smqhm_8_4,12286595,128,10
165539276,smqhm_8_4,12362068,128,10
164412498,smqhm_8_4,12244594,128,10
166440232,smqhm_8_4,12375402,128,10
167157524,smqhm_8_4,12486598,128,10
191477592,smqhm_8_8,13490263,128,10
192396994,smqhm_8_8,13517634,128,10
191741312,smqhm_8_8,13559194,128,10
189670878,smqhm_8_8,13355571,128,10
191763388,smqhm_8_8,13584506,128,10
191339152,smqhm_8_8,13525990,128,10
234126192,smqhm_8_16,14753290,128,10
239811372,smqhm_8_16,14833453,128,10
236377748,smqhm_8_16,14913873,128,10
239500738,smqhm_8_16,14960828,128,10
240144206,smqhm_8_16,14916559,128,10
239298482,smqhm_8_16,14921803,128,10
401754242,smqhm_8_32,16276420,128,10
400328322,smqhm_8_32,16177325,128,10
398049942,smqhm_8_32,16318067,128,10
401303724,smqhm_8_32,16236732,128,10
388688826,smqhm_8_32,16293949,128,10
396971494,smqhm_8_32,16293157,128,10
897966670,smqhm_8_64,17980659,128,10
674490592,smqhm_8_64,17544567,128,10
872542892,smqhm_8_64,17897150,128,10
691574506,smqhm_8_64,17316023,128,10
767723630,smqhm_8_64,17857572,128,10
890750594,smqhm_8_64,18205161,128,10
1154418128,smqhm_8_128,18592550,128,10
966603358,smqhm_8_128,18440914,128,10
938820130,smqhm_8_128,18086012,128,10
1087732122,smqhm_8_128,18236273,128,10
1164889230,smqhm_8_128,19002400,128,10
1033832558,smqhm_8_128,18302638,128,10
1674470670,smqhm_8_256,19524415,128,10
1791156062,smqhm_8_256,19467889,128,10
1652165872,smqhm_8_256,19006800,128,10
1763856944,smqhm_8_256,19050549,128,10
1587168700,smqhm_8_256,19268721,128,10
1564602488,smqhm_8_256,18987487,128,10
2819702284,smqhm_8_512,19031727,128,10
2617623612,smqhm_8_512,18830369,128,10
4262007868,smqhm_8_512,19685082,128,10
2607525208,smqhm_8_512,18722057,128,10
2434802712,smqhm_8_512,18616593,128,10
2489514112,smqhm_8_512,19026139,128,10
4411627866,smqhm_8_1024,18702796,128,10
4078545492,smqhm_8_1024,18664325,128,10
5059440920,smqhm_8_1024,19191838,128,10
5926965082,smqhm_8_1024,19859262,128,10
4168625234,smqhm_8_1024,18672049,128,10
4491967216,smqhm_8_1024,18809201,128,10
167007286,smqhm_16_1,15911631,128,10
165628838,smqhm_16_1,15817589,128,10
164741118,smqhm_16_1,15624620,128,10
165427066,smqhm_16_1,15747589,128,10
169495170,smqhm_16_1,16159332,128,10
165685852,smqhm_16_1,15822481,128,10
154915806,smqhm_16_2,13647702,128,10
155939638,smqhm_16_2,13702132,128,10
156936222,smqhm_16_2,13748859,128,10
158239736,smqhm_16_2,13949884,128,10
156426200,smqhm_16_2,13666951,128,10
158099610,smqhm_16_2,13860216,128,10
166998360,smqhm_16_4,13944557,128,10
163840554,smqhm_16_4,13711798,128,10
167891012,smqhm_16_4,14063886,128,10
162982538,smqhm_16_4,13620644,128,10
162934530,smqhm_16_4,13618974,128,10
165054912,smqhm_16_4,13788271,128,10
186799478,smqhm_16_8,15006734,128,10
185839724,smqhm_16_8,14883144,128,10
187122574,smqhm_16_8,14909797,128,10
187478014,smqhm_16_8,14951099,128,10
189891040,smqhm_16_8,15175008,128,10
188905206,smqhm_16_8,15078807,128,10
228744674,smqhm_16_16,16661777,128,10
225289584,smqhm_16_16,16308907,128,10
226580754,smqhm_16_16,16496054,128,10
226927410,smqhm_16_16,16451847,128,10
231779030,smqhm_16_16,16810261,128,10
227313182,smqhm_16_16,16539667,128,10
362873624,smqhm_16_32,18650118,128,10
359757538,smqhm_16_32,18505644,128,10
360965964,smqhm_16_32,18562001,128,10
356603680,smqhm_16_32,18709640,128,10
357809958,smqhm_16_32,18509355,128,10
365853790,smqhm_16_32,18755017,128,10
571273762,smqhm_16_64,19610597,128,10
545902244,smqhm_16_64,19437983,128,10
523278234,smqhm_16_64,20023912,128,10
525699400,smqhm_16_64,19822698,128,10
592841354,smqhm_16_64,19658368,128,10
524033004,smqhm_16_64,19611294,128,10
756679028,smqhm_16_128,21109009,128,10
703153506,smqhm_16_128,20295462,128,10
738388962,smqhm_16_128,20264645,128,10
747916014,smqhm_16_128,20333584,128,10
751504548,smqhm_16_128,20472997,128,10
728006406,smqhm_16_128,20358348,128,10
1172762778,smqhm_16_256,21210728,128,10
1249349086,smqhm_16_256,21111911,128,10
1193116824,smqhm_16_256,21691520,128,10
1314948872,smqhm_16_256,21722221,128,10
1172513350,smqhm_16_256,21341329,128,10
1161927154,smqhm_16_256,21324105,128,10
1914248914,smqhm_16_512,21349943,128,10
1945700540,smqhm_16_512,21269865,128,10
1797326412,smqhm_16_512,21818432,128,10
1862226630,smqhm_16_512,21501814,128,10
1937257190,smqhm_16_512,21851288,128,10
1807918074,smqhm_16_512,21094285,128,10
3540744708,smqhm_16_1024,22506208,128,10
3479865046,smqhm_16_1024,22755995,128,10
3458077216,smqhm_16_1024,22645132,128,10
3519751524,smqhm_16_1024,22932664,128,10
3508793758,smqhm_16_1024,22688724,128,10
3478961836,smqhm_16_1024,22801382,128,10
190776842,smqhm_32_1,20908650,128,10
187009062,smqhm_32_1,20409207,128,10
192015024,smqhm_32_1,21025063,128,10
188604858,smqhm_32_1,20485277,128,10
194478246,smqhm_32_1,21341359,128,10
194443394,smqhm_32_1,21356960,128,10
175707294,smqhm_32_2,17366012,128,10
173314824,smqhm_32_2,17134536,128,10
172566122,smqhm_32_2,16982967,128,10
172778310,smqhm_32_2,17022556,128,10
173814572,smqhm_32_2,17144984,128,10
171637562,smqhm_32_2,16941641,128,10
173965078,smqhm_32_4,16155650,128,10
171676042,smqhm_32_4,15817323,128,10
173821512,smqhm_32_4,16144079,128,10
170700396,smqhm_32_4,15749368,128,10
172599010,smqhm_32_4,15937271,128,10
171097640,smqhm_32_4,15740145,128,10
189803918,smqhm_32_8,16736034,128,10
190470894,smqhm_32_8,16689787,128,10
190871798,smqhm_32_8,16878154,128,10
190088880,smqhm_32_8,16758388,128,10
191137830,smqhm_32_8,16827680,128,10
187643464,smqhm_32_8,16547372,128,10
231134666,smqhm_32_16,18819295,128,10
230017272,smqhm_32_16,18738338,128,10
232399440,smqhm_32_16,18875310,128,10
230784452,smqhm_32_16,18865073,128,10
229839858,smqhm_32_16,18840346,128,10
233800862,smqhm_32_16,19077405,128,10
388158910,smqhm_32_32,22739992,128,10
374983526,smqhm_32_32,21578946,128,10
379328930,smqhm_32_32,22148171,128,10
378256722,smqhm_32_32,22007878,128,10
377260548,smqhm_32_32,22142364,128,10
372881902,smqhm_32_32,21799024,128,10
465585064,smqhm_32_64,23558993,128,10
486803792,smqhm_32_64,23361436,128,10
480211386,smqhm_32_64,23296928,128,10
471218070,smqhm_32_64,23020941,128,10
466020680,smqhm_32_64,23411615,128,10
457203714,smqhm_32_64,23472501,128,10
668529790,smqhm_32_128,25085370,128,10
687279644,smqhm_32_128,25276156,128,10
654715968,smqhm_32_128,25071825,128,10
643010994,smqhm_32_128,25695392,128,10
663687168,smqhm_32_128,25220635,128,10
676513154,smqhm_32_128,25501799,128,10
1136408272,smqhm_32_256,26527447,128,10
1179528482,smqhm_32_256,27396616,128,10
1182235502,smqhm_32_256,27054509,128,10
1179458100,smqhm_32_256,26251496,128,10
1098279468,smqhm_32_256,26145277,128,10
1206577660,smqhm_32_256,26711844,128,10
2129268292,smqhm_32_512,26500101,128,10
1966193886,smqhm_32_512,26703179,128,10
1995488836,smqhm_32_512,26867313,128,10
2042064302,smqhm_32_512,26438852,128,10
1986244426,smqhm_32_512,27023609,128,10
2013721506,smqhm_32_512,26567902,128,10
4234095950,smqhm_32_1024,28511199,128,10
4273449212,smqhm_32_1024,28771133,128,10
4211424594,smqhm_32_1024,29001875,128,10
4119743450,smqhm_32_1024,28082697,128,10
3965628638,smqhm_32_1024,26926428,128,10
4019498042,smqhm_32_1024,27706837,128,10
221878224,smqhm_64_1,27274838,128,10
215659050,smqhm_64_1,26437189,128,10
230598400,smqhm_64_1,28695941,128,10
219186366,smqhm_64_1,26887536,128,10
222056242,smqhm_64_1,27389119,128,10
224263874,smqhm_64_1,27342579,128,10
204465036,smqhm_64_2,22602327,128,10
200435928,smqhm_64_2,22224341,128,10
197204022,smqhm_64_2,21784234,128,10
201098574,smqhm_64_2,22249167,128,10
199371456,smqhm_64_2,22069882,128,10
201390042,smqhm_64_2,22295334,128,10
187761252,smqhm_64_4,19053013,128,10
188443384,smqhm_64_4,19104660,128,10
183616100,smqhm_64_4,18564666,128,10
189294546,smqhm_64_4,19188362,128,10
186109934,smqhm_64_4,18927343,128,10
185487100,smqhm_64_4,18864173,128,10
195659014,smqhm_64_8,18732324,128,10
200102902,smqhm_64_8,19122038,128,10
199875840,smqhm_64_8,19066040,128,10
199066614,smqhm_64_8,19024120,128,10
199657514,smqhm_64_8,19114195,128,10
204120196,smqhm_64_8,19620592,128,10
232603394,smqhm_64_16,20559327,128,10
237783688,smqhm_64_16,21048238,128,10
237466808,smqhm_64_16,21086505,128,10
240264362,smqhm_64_16,21262999,128,10
238300586,smqhm_64_16,21080826,128,10
238586594,smqhm_64_16,21210271,128,10
397584008,smqhm_64_32,25373957,128,10
395199018,smqhm_64_32,25213960,128,10
393132062,smqhm_64_32,25156494,128,10
397792582,smqhm_64_32,25596832,128,10
392277438,smqhm_64_32,25238380,128,10
401649378,smqhm_64_32,25613245,128,10
498759424,smqhm_64_64,28991519,128,10
494978124,smqhm_64_64,28045769,128,10
502160856,smqhm_64_64,28510114,128,10
483058838,smqhm_64_64,27956619,128,10
500922840,smqhm_64_64,29112170,128,10
490626250,smqhm_64_64,28026855,128,10
758096112,smqhm_64_128,32460361,128,10
739807950,smqhm_64_128,31527547,128,10
746878910,smqhm_64_128,32297127,128,10
724647238,smqhm_64_128,31545208,128,10
778812134,smqhm_64_128,33036983,128,10
714461120,smqhm_64_128,31307172,128,10
1293752360,smqhm_64_256,32570032,128,10
1319652670,smqhm_64_256,33482714,128,10
1353339282,smqhm_64_256,32669194,128,10
1309465166,smqhm_64_256,31800243,128,10
1313664604,smqhm_64_256,32222188,128,10
1399132890,smqhm_64_256,32518433,128,10
2343448524,smqhm_64_512,32748132,128,10
2310677352,smqhm_64_512,32008766,128,10
2327558854,smqhm_64_512,31925550,128,10
2325508672,smqhm_64_512,32989176,128,10
2273811174,smqhm_64_512,31736532,128,10
2386536642,smqhm_64_512,33564448,128,10
4901520912,smqhm_64_1024,33797998,128,10
4971071236,smqhm_64_1024,34706855,128,10
4994998696,smqhm_64_1024,34694893,128,10
4745270232,smqhm_64_1024,33098317,128,10
5103512060,smqhm_64_1024,34986645,128,10
4811724048,smqhm_64_1024,33107558,128,10
269894568,smqhm_128_1,36289231,128,10
281713680,smqhm_128_1,38220973,128,10
268104024,smqhm_128_1,35915492,128,10
263179608,smqhm_128_1,35471643,128,10
261293530,smqhm_128_1,34991040,128,10
270002534,smqhm_128_1,36242180,128,10
241662754,smqhm_128_2,29492016,128,10
239719526,smqhm_128_2,29239852,128,10
237078672,smqhm_128_2,28838182,128,10
246093382,smqhm_128_2,30259245,128,10
242956898,smqhm_128_2,29469899,128,10
242472232,smqhm_128_2,29504480,128,10
219051792,smqhm_128_4,24380658,128,10
217794440,smqhm_128_4,24279090,128,10
219668928,smqhm_128_4,24351065,128,10
217125362,smqhm_128_4,24278170,128,10
218251462,smqhm_128_4,24434026,128,10
208754746,smqhm_128_4,23109301,128,10
219777186,smqhm_128_8,22618072,128,10
216520618,smqhm_128_8,22206442,128,10
216386386,smqhm_128_8,22190454,128,10
219205896,smqhm_128_8,22480432,128,10
222316268,smqhm_128_8,22644710,128,10
220374232,smqhm_128_8,22735732,128,10
250930578,smqhm_128_16,23692662,128,10
253217424,smqhm_128_16,23821331,128,10
259928406,smqhm_128_16,24715753,128,10
248739860,smqhm_128_16,23518582,128,10
255112400,smqhm_128_16,24042450,128,10
251134116,smqhm_128_16,23707141,128,10
436382556,smqhm_128_32,29561442,128,10
421839838,smqhm_128_32,28769613,128,10
442099000,smqhm_128_32,29842514,128,10
427911486,smqhm_128_32,29361354,128,10
425187972,smqhm_128_32,28902508,128,10
426581248,smqhm_128_32,29112622,128,10
531697516,smqhm_128_64,33774755,128,10
525630786,smqhm_128_64,32550416,128,10
522904962,smqhm_128_64,33145470,128,10
528624860,smqhm_128_64,33195228,128,10
551221162,smqhm_128_64,34833043,128,10
524652638,smqhm_128_64,33371287,128,10
829963754,smqhm_128_128,38458183,128,10
887092382,smqhm_128_128,39395860,128,10
838341390,smqhm_128_128,38630961,128,10
816215316,smqhm_128_128,38518990,128,10
789772642,smqhm_128_128,37201402,128,10
838980714,smqhm_128_128,38135213,128,10
1517276994,smqhm_128_256,38664238,128,10
1520245110,smqhm_128_256,40223657,128,10
1500100802,smqhm_128_256,38963800,128,10
1489139348,smqhm_128_256,38768766,128,10
1493537364,smqhm_128_256,39168415,128,10
1670699530,smqhm_128_256,38391218,128,10
2647688906,smqhm_128_512,38293425,128,10
2715798594,smqhm_128_512,38819373,128,10
2711776856,smqhm_128_512,38005916,128,10
2735479114,smqhm_128_512,38096567,128,10
2686288952,smqhm_128_512,38156035,128,10
2751771738,smqhm_128_512,37838833,128,10
5774585892,smqhm_128_1024,39406192,128,10
5846584298,smqhm_128_1024,40848849,128,10
6036516608,smqhm_128_1024,39709041,128,10
5909563530,smqhm_128_1024,41506082,128,10
6107447662,smqhm_128_1024,41287188,128,10
5758688232,smqhm_128_1024,39205027,128,10
321859238,smqhm_256_1,45894210,128,10
323397248,smqhm_256_1,46188671,128,10
305622526,smqhm_256_1,43140953,128,10
308838048,smqhm_256_1,43758444,128,10
316016358,smqhm_256_1,44833265,128,10
313741168,smqhm_256_1,44593216,128,10
274324640,smqhm_256_2,35625072,128,10
279662530,smqhm_256_2,36234815,128,10
281471830,smqhm_256_2,36629536,128,10
277365742,smqhm_256_2,35884405,128,10
283781290,smqhm_256_2,37035758,128,10
279427068,smqhm_256_2,36292289,128,10
254697068,smqhm_256_4,30406316,128,10
251687244,smqhm_256_4,29915941,128,10
256237510,smqhm_256_4,30650088,128,10
247198970,smqhm_256_4,29469844,128,10
255027590,smqhm_256_4,30317167,128,10
257241856,smqhm_256_4,30778961,128,10
255260002,smqhm_256_8,28096125,128,10
251048312,smqhm_256_8,27509381,128,10
250668132,smqhm_256_8,27509264,128,10
242495644,smqhm_256_8,26537803,128,10
248986420,smqhm_256_8,27348838,128,10
245089204,smqhm_256_8,26987346,128,10
273166016,smqhm_256_16,27087078,128,10
273300142,smqhm_256_16,27272061,128,10
284891006,smqhm_256_16,28674495,128,10
274550580,smqhm_256_16,27201745,128,10
276408854,smqhm_256_16,27618508,128,10
275105448,smqhm_256_16,27432043,128,10
474086814,smqhm_256_32,33699230,128,10
479956842,smqhm_256_32,33731310,128,10
479206378,smqhm_256_32,33898384,128,10
470673950,smqhm_256_32,33262213,128,10
473536550,smqhm_256_32,33584388,128,10
481968732,smqhm_256_32,34053822,128,10
583666910,smqhm_256_64,38591886,128,10
596992952,smqhm_256_64,38956004,128,10
572402170,smqhm_256_64,38599454,128,10
576298656,smqhm_256_64,37162197,128,10
577413622,smqhm_256_64,38519796,128,10
530278916,smqhm_256_64,36222908,128,10
1058881908,smqhm_256_128,49132094,128,10
902221354,smqhm_256_128,44520296,128,10
981236698,smqhm_256_128,45745594,128,10
954752490,smqhm_256_128,45243880,128,10
997817306,smqhm_256_128,44932898,128,10
957405254,smqhm_256_128,45340890,128,10
1703657874,smqhm_256_256,44899997,128,10
1696331746,smqhm_256_256,42940367,128,10
1657695946,smqhm_256_256,42503537,128,10
1910890716,smqhm_256_256,47138508,128,10
1770445956,smqhm_256_256,46775960,128,10
1745094742,smqhm_256_256,44598484,128,10
3291152524,smqhm_256_512,45010966,128,10
3009255380,smqhm_256_512,43013268,128,10
3160067108,smqhm_256_512,45628475,128,10
3355346146,smqhm_256_512,46066675,128,10
3050894456,smqhm_256_512,42479921,128,10
3263624234,smqhm_256_512,46185169,128,10
6873331764,smqhm_256_1024,46371408,128,10
6797416384,smqhm_256_1024,46534850,128,10
6879466738,smqhm_256_1024,47690737,128,10
6920577424,smqhm_256_1024,45917770,128,10
6685126534,smqhm_256_1024,46234060,128,10
6741355222,smqhm_256_1024,46329692,128,10
390621982,smqhm_512_1,57592214,128,10
379902500,smqhm_512_1,55985252,128,10
356016024,smqhm_512_1,51893605,128,10
353510772,smqhm_512_1,50973914,128,10
346883606,smqhm_512_1,50481795,128,10
399612790,smqhm_512_1,58388785,128,10
340960364,smqhm_512_2,46222051,128,10
332039966,smqhm_512_2,45047604,128,10
357899140,smqhm_512_2,49034524,128,10
321522196,smqhm_512_2,43390763,128,10
329836788,smqhm_512_2,44762590,128,10
337941088,smqhm_512_2,45750201,128,10
311403390,smqhm_512_4,39554467,128,10
304913888,smqhm_512_4,38501518,128,10
303033118,smqhm_512_4,38316952,128,10
306263192,smqhm_512_4,38990911,128,10
294442344,smqhm_512_4,37079448,128,10
296900488,smqhm_512_4,37552082,128,10
289564848,smqhm_512_8,33462222,128,10
305310496,smqhm_512_8,35316845,128,10
312132954,smqhm_512_8,36000484,128,10
288285776,smqhm_512_8,33255557,128,10
288999792,smqhm_512_8,33404064,128,10
292444276,smqhm_512_8,33706448,128,10
316560428,smqhm_512_16,33018952,128,10
312775774,smqhm_512_16,32497846,128,10
318449530,smqhm_512_16,33339140,128,10
300394946,smqhm_512_16,31238136,128,10
307209168,smqhm_512_16,32100225,128,10
313648222,smqhm_512_16,32637126,128,10
519860934,smqhm_512_32,37223702,128,10
523446952,smqhm_512_32,37432835,128,10
533968816,smqhm_512_32,38387398,128,10
533378146,smqhm_512_32,38274020,128,10
523109088,smqhm_512_32,37839609,128,10
519114778,smqhm_512_32,37649023,128,10
652691850,smqhm_512_64,45160081,128,10
627884258,smqhm_512_64,42869733,128,10
656266774,smqhm_512_64,43780478,128,10
663753638,smqhm_512_64,44566182,128,10
646096672,smqhm_512_64,43498086,128,10
619176586,smqhm_512_64,41258292,128,10
1096686730,smqhm_512_128,51376497,128,10
1046863394,smqhm_512_128,51170926,128,10
1064519668,smqhm_512_128,49687209,128,10
1026983624,smqhm_512_128,52007086,128,10
986096252,smqhm_512_128,48344962,128,10
1202039746,smqhm_512_128,51528973,128,10
1809778414,smqhm_512_256,50080733,128,10
2176025314,smqhm_512_256,52014935,128,10
1879629216,smqhm_512_256,50571222,128,10
1892260006,smqhm_512_256,49966512,128,10
2022914604,smqhm_512_256,53250557,128,10
1868506986,smqhm_512_256,50909128,128,10
3756545664,smqhm_512_512,53213562,128,10
4020143994,smqhm_512_512,47191404,128,10
3515467764,smqhm_512_512,50922773,128,10
3408244710,smqhm_512_512,47326625,128,10
3452340202,smqhm_512_512,47835153,128,10
4005023612,smqhm_512_512,51075908,128,10
7842335660,smqhm_512_1024,54469239,128,10
7895495366,smqhm_512_1024,52148245,128,10
7802465602,smqhm_512_1024,55449839,128,10
7633915300,smqhm_512_1024,51798512,128,10
7602071146,smqhm_512_1024,51982834,128,10
7812094022,smqhm_512_1024,53195506,128,10
418599746,smqhm_1024_1,61457170,128,10
461469414,smqhm_1024_1,70024270,128,10
420143708,smqhm_1024_1,63471762,128,10
556014386,smqhm_1024_1,84832221,128,10
480543100,smqhm_1024_1,71877930,128,10
457480134,smqhm_1024_1,68621956,128,10
360253354,smqhm_1024_2,50185393,128,10
399537134,smqhm_1024_2,55420760,128,10
387981558,smqhm_1024_2,54057244,128,10
382546610,smqhm_1024_2,53687876,128,10
393919872,smqhm_1024_2,55083849,128,10
393797244,smqhm_1024_2,55144926,128,10
351365998,smqhm_1024_4,46044981,128,10
356517776,smqhm_1024_4,46966611,128,10
340199620,smqhm_1024_4,44523166,128,10
370389534,smqhm_1024_4,49024768,128,10
337925038,smqhm_1024_4,44324020,128,10
337552002,smqhm_1024_4,44084535,128,10
334272220,smqhm_1024_8,39997474,128,10
325613064,smqhm_1024_8,38531487,128,10
334601464,smqhm_1024_8,40192056,128,10
356805408,smqhm_1024_8,42934235,128,10
335244512,smqhm_1024_8,39946799,128,10
348090786,smqhm_1024_8,41815831,128,10
360125934,smqhm_1024_16,38466914,128,10
373227064,smqhm_1024_16,40004958,128,10
367640038,smqhm_1024_16,39386053,128,10
358252896,smqhm_1024_16,38422377,128,10
356830924,smqhm_1024_16,38238944,128,10
369829218,smqhm_1024_16,39643011,128,10
600579536,smqhm_1024_32,44088569,128,10
584959938,smqhm_1024_32,43244276,128,10
591878704,smqhm_1024_32,43124111,128,10
600361896,smqhm_1024_32,44108811,128,10
619170190,smqhm_1024_32,45214309,128,10
600088742,smqhm_1024_32,43888979,128,10
676155192,smqhm_1024_64,48017191,128,10
701369802,smqhm_1024_64,49221007,128,10
699637880,smqhm_1024_64,49140049,128,10
681926336,smqhm_1024_64,46847205,128,10
679572612,smqhm_1024_64,48873502,128,10
692680260,smqhm_1024_64,48213165,128,10
1372607850,smqhm_1024_128,58737285,128,10
1091339764,smqhm_1024_128,53904502,128,10
1094304024,smqhm_1024_128,54300388,128,10
1193665986,smqhm_1024_128,56346481,128,10
1143531432,smqhm_1024_128,56565826,128,10
1261774964,smqhm_1024_128,61250860,128,10
1973014634,smqhm_1024_256,55313842,128,10
2220618558,smqhm_1024_256,54093430,128,10
2010944526,smqhm_1024_256,54502138,128,10
1937077718,smqhm_1024_256,51953007,128,10
1882356162,smqhm_1024_256,53071141,128,10
1998908376,smqhm_1024_256,56599064,128,10
3845747834,smqhm_1024_512,55554713,128,10
3766800652,smqhm_1024_512,54984022,128,10
4011374704,smqhm_1024_512,57746790,128,10
3748204370,smqhm_1024_512,52446752,128,10
3818110370,smqhm_1024_512,55115929,128,10
3794250794,smqhm_1024_512,52527748,128,10
8415275904,smqhm_1024_1024,60429612,128,10
8593848008,smqhm_1024_1024,62111407,128,10
8645486576,smqhm_1024_1024,61031216,128,10
9802396330,smqhm_1024_1024,65672870,128,10
8600469632,smqhm_1024_1024,59075191,128,10
8776643666,smqhm_1024_1024,58630442,128,10
