775327434,smqhm_1_1,27681540,128,10
754760264,smqhm_1_1,27691307,128,10
737103296,smqhm_1_1,27661145,128,10
741540468,smqhm_1_1,27751212,128,10
741395852,smqhm_1_1,27622470,128,10
737484424,smqhm_1_1,27742977,128,10
672549162,smqhm_1_2,28534159,128,10
675696094,smqhm_1_2,28502772,128,10
677742970,smqhm_1_2,28599253,128,10
680885222,smqhm_1_2,28556988,128,10
680022374,smqhm_1_2,28461441,128,10
674642488,smqhm_1_2,28524572,128,10
668243514,smqhm_1_4,31080997,128,10
668260920,smqhm_1_4,31035600,128,10
672995382,smqhm_1_4,31196938,128,10
670085002,smqhm_1_4,31094567,128,10
668003194,smqhm_1_4,31100320,128,10
669530230,smqhm_1_4,30945822,128,10
826054384,smqhm_1_8,38394157,128,10
848229060,smqhm_1_8,38560967,128,10
823770812,smqhm_1_8,38434374,128,10
843018584,smqhm_1_8,38479546,128,10
829826708,smqhm_1_8,38511526,128,10
821425612,smqhm_1_8,38428482,128,10
1356209822,smqhm_1_16,48216824,128,10
1303814476,smqhm_1_16,48379436,128,10
1439216534,smqhm_1_16,48072224,128,10
1477573956,smqhm_1_16,48200567,128,10
1421583188,smqhm_1_16,48020142,128,10
1489706548,smqhm_1_16,47760275,128,10
2239552154,smqhm_1_32,64985322,128,10
2225603126,smqhm_1_32,64603939,128,10
2626537854,smqhm_1_32,63135464,128,10
2322710186,smqhm_1_32,63803193,128,10
2264704238,smqhm_1_32,64344716,128,10
2242339950,smqhm_1_32,64304460,128,10
3982836980,smqhm_1_64,85987715,128,10
3891661490,smqhm_1_64,83537716,128,10
3742237882,smqhm_1_64,84187626,128,10
5129212710,smqhm_1_64,79501189,128,10
3736092804,smqhm_1_64,85905037,128,10
4111704364,smqhm_1_64,84424106,128,10
6029870560,smqhm_1_128,114049006,128,10
6194350650,smqhm_1_128,115386586,128,10
6321042358,smqhm_1_128,116440945,128,10
5673064584,smqhm_1_128,114684658,128,10
6439517162,smqhm_1_128,115052941,128,10
5760767622,smqhm_1_128,114681747,128,10
12067604894,smqhm_1_256,140111506,128,10
11239688524,smqhm_1_256,139253859,128,10
8303467188,smqhm_1_256,121692388,128,10
9233064244,smqhm_1_256,132329923,128,10
9314781006,smqhm_1_256,131907562,128,10
10481691892,smqhm_1_256,134059062,128,10
16114060760,smqhm_1_512,124348014,128,10
16068017090,smqhm_1_512,123413806,128,10
16235285772,smqhm_1_512,127699134,128,10
16045643852,smqhm_1_512,124060940,128,10
15928193212,smqhm_1_512,119743142,128,10
17175683852,smqhm_1_512,127179690,128,10
33460044318,smqhm_1_1024,118607023,128,10
29081300160,smqhm_1_1024,112962646,128,10
26185237740,smqhm_1_1024,106535744,128,10
29178198002,smqhm_1_1024,111570998,128,10
36355369822,smqhm_1_1024,120076576,128,10
26531415084,smqhm_1_1024,111603436,128,10
538079908,smqhm_2_1,29029920,128,10
534723262,smqhm_2_1,29068010,128,10
538037798,smqhm_2_1,29092447,128,10
532510554,smqhm_2_1,28925548,128,10
537511438,smqhm_2_1,29043636,128,10
538917912,smqhm_2_1,29000723,128,10
536107702,smqhm_2_2,29428945,128,10
538706942,smqhm_2_2,29534008,128,10
535377798,smqhm_2_2,29429104,128,10
536926588,smqhm_2_2,29427803,128,10
536946950,smqhm_2_2,29409392,128,10
540284432,smqhm_2_2,29576155,128,10
575903346,smqhm_2_4,31592069,128,10
577102178,smqhm_2_4,31459242,128,10
576547314,smqhm_2_4,31504652,128,10
578450122,smqhm_2_4,31556084,128,10
576520314,smqhm_2_4,31535637,128,10
577296748,smqhm_2_4,31508033,128,10
714221906,smqhm_2_8,38000842,128,10
711744264,smqhm_2_8,37977953,128,10
713923204,smqhm_2_8,38082778,128,10
717443536,smqhm_2_8,37950050,128,10
712085126,smqhm_2_8,37988387,128,10
715720998,smqhm_2_8,38040283,128,10
1146619050,smqhm_2_16,43652981,128,10
1161941548,smqhm_2_16,43941882,128,10
1114902962,smqhm_2_16,43923163,128,10
1055344256,smqhm_2_16,43951535,128,10
1074599884,smqhm_2_16,44172898,128,10
1001284426,smqhm_2_16,43970640,128,10
1726908764,smqhm_2_32,52884426,128,10
1678734360,smqhm_2_32,53200103,128,10
1802715678,smqhm_2_32,52787204,128,10
1793055992,smqhm_2_32,52869957,128,10
1836522948,smqhm_2_32,52772926,128,10
1730696804,smqhm_2_32,52599221,128,10
3425525610,smqhm_2_64,64634422,128,10
3348401700,smqhm_2_64,64806219,128,10
3184370416,smqhm_2_64,64830915,128,10
3096552344,smqhm_2_64,65418448,128,10
3293116178,smqhm_2_64,64253522,128,10
3269207726,smqhm_2_64,63556595,128,10
5253013712,smqhm_2_128,78895387,128,10
6971221606,smqhm_2_128,80903818,128,10
5496509908,smqhm_2_128,80357975,128,10
4537017352,smqhm_2_128,77130603,128,10
5231873692,smqhm_2_128,78335480,128,10
4957517742,smqhm_2_128,77129004,128,10
10549781418,smqhm_2_256,92761345,128,10
8478118250,smqhm_2_256,89277945,128,10
7886347498,smqhm_2_256,85022020,128,10
9828252620,smqhm_2_256,88601996,128,10
10491773232,smqhm_2_256,92094534,128,10
8016936482,smqhm_2_256,85457765,128,10
15148530554,smqhm_2_512,83177651,128,10
13914603256,smqhm_2_512,80507277,128,10
20915049998,smqhm_2_512,87895634,128,10
18265671366,smqhm_2_512,86928115,128,10
13687113514,smqhm_2_512,79126083,128,10
14142235528,smqhm_2_512,80801207,128,10
24915566308,smqhm_2_1024,75504287,128,10
25893585398,smqhm_2_1024,77965731,128,10
22456190594,smqhm_2_1024,74098138,128,10
23106755000,smqhm_2_1024,72811856,128,10
25941779528,smqhm_2_1024,76987169,128,10
22060304844,smqhm_2_1024,73123735,128,10
452871974,smqhm_4_1,32081775,128,10
453827502,smqhm_4_1,32030314,128,10
454503284,smqhm_4_1,32157816,128,10
452984416,smqhm_4_1,32005795,128,10
456517640,smqhm_4_1,32032989,128,10
456436680,smqhm_4_1,32177306,128,10
465638110,smqhm_4_2,31297461,128,10
466382620,smqhm_4_2,31385469,128,10
466587550,smqhm_4_2,31472968,128,10
465234930,smqhm_4_2,31378148,128,10
468807138,smqhm_4_2,31550429,128,10
466002260,smqhm_4_2,31357721,128,10
520576924,smqhm_4_4,33599124,128,10
518994734,smqhm_4_4,33418241,128,10
521163698,smqhm_4_4,33414901,128,10
518827280,smqhm_4_4,33309687,128,10
519975454,smqhm_4_4,33455322,128,10
521788458,smqhm_4_4,33554629,128,10
638594820,smqhm_4_8,39161511,128,10
640521400,smqhm_4_8,39459693,128,10
636045230,smqhm_4_8,39387740,128,10
638508106,smqhm_4_8,39262035,128,10
637625286,smqhm_4_8,39471540,128,10
637658264,smqhm_4_8,39274502,128,10
836166048,smqhm_4_16,43714396,128,10
849323384,smqhm_4_16,43912606,128,10
842439806,smqhm_4_16,43477541,128,10
862109612,smqhm_4_16,43750308,128,10
829864406,smqhm_4_16,43862940,128,10
880398366,smqhm_4_16,43329975,128,10
1391750596,smqhm_4_32,48488963,128,10
1318041668,smqhm_4_32,48740798,128,10
1393358130,smqhm_4_32,48597865,128,10
1343155356,smqhm_4_32,48565366,128,10
1428367548,smqhm_4_32,48847099,128,10
1383306412,smqhm_4_32,48785138,128,10
2389470714,smqhm_4_64,54323527,128,10
2310761118,smqhm_4_64,54233925,128,10
2619277692,smqhm_4_64,53941129,128,10
2579224928,smqhm_4_64,54082397,128,10
3519132716,smqhm_4_64,54201855,128,10
2438135528,smqhm_4_64,53978664,128,10
3777614634,smqhm_4_128,58143671,128,10
3986683148,smqhm_4_128,58453053,128,10
4733293780,smqhm_4_128,60031065,128,10
3471215124,smqhm_4_128,56796106,128,10
4266557154,smqhm_4_128,59215094,128,10
3327779916,smqhm_4_128,57469062,128,10
8328572838,smqhm_4_256,62844704,128,10
5790004330,smqhm_4_256,58893287,128,10
7791552930,smqhm_4_256,62139013,128,10
6130003204,smqhm_4_256,59750210,128,10
8091142338,smqhm_4_256,62438725,128,10
7255150230,smqhm_4_256,61448162,128,10
11779613806,smqhm_4_512,59776233,128,10
14117599496,smqhm_4_512,61629232,128,10
11528002984,smqhm_4_512,59802346,128,10
11345062466,smqhm_4_512,59406065,128,10
11122543072,smqhm_4_512,58732815,128,10
17085806720,smqhm_4_512,64614783,128,10
17676126848,smqhm_4_1024,56983529,128,10
21090799748,smqhm_4_1024,59459457,128,10
18261765120,smqhm_4_1024,57730351,128,10
22112453102,smqhm_4_1024,59478878,128,10
18758713110,smqhm_4_1024,58582093,128,10
17942463162,smqhm_4_1024,57242319,128,10
442095222,smqhm_8_1,37298333,128,10
443186258,smqhm_8_1,37421254,128,10
441427718,smqhm_8_1,37246792,128,10
445406026,smqhm_8_1,37513980,128,10
443654436,smqhm_8_1,37517949,128,10
441020756,smqhm_8_1,37215156,128,10
442427662,smqhm_8_2,34853637,128,10
442577590,smqhm_8_2,34985570,128,10
443113164,smqhm_8_2,34977489,128,10
440517436,smqhm_8_2,34683372,128,10
443092144,smqhm_8_2,34953445,128,10
442575200,smqhm_8_2,34867467,128,10
493333670,smqhm_8_4,36468291,128,10
491884264,smqhm_8_4,36453147,128,10
494722934,smqhm_8_4,36721527,128,10
492437104,smqhm_8_4,36553070,128,10
492536640,smqhm_8_4,36456381,128,10
490213126,smqhm_8_4,36285592,128,10
592601682,smqhm_8_8,41642982,128,10
595788100,smqhm_8_8,41953919,128,10
592531104,smqhm_8_8,41741326,128,10
592124218,smqhm_8_8,41727705,128,10
594755014,smqhm_8_8,42065971,128,10
592887444,smqhm_8_8,41688549,128,10
751179702,smqhm_8_16,46644853,128,10
746904442,smqhm_8_16,46442848,128,10
753011674,smqhm_8_16,46506853,128,10
743964162,smqhm_8_16,46062870,128,10
736519086,smqhm_8_16,45989304,128,10
758504122,smqhm_8_16,46367522,128,10
1116034020,smqhm_8_32,50631133,128,10
1137787308,smqhm_8_32,50878184,128,10
1102139550,smqhm_8_32,50477127,128,10
1163026020,smqhm_8_32,51130732,128,10
1122297454,smqhm_8_32,51121306,128,10
1145811092,smqhm_8_32,50819697,128,10
1945086392,smqhm_8_64,54620023,128,10
1828526468,smqhm_8_64,54322597,128,10
1772607616,smqhm_8_64,53802716,128,10
1770525058,smqhm_8_64,53912292,128,10
1861337664,smqhm_8_64,53643724,128,10
1853710974,smqhm_8_64,53921793,128,10
3100394006,smqhm_8_128,55835230,128,10
3431911218,smqhm_8_128,56625466,128,10
3020451770,smqhm_8_128,56186382,128,10
2950607492,smqhm_8_128,55977117,128,10
2765995432,smqhm_8_128,55367645,128,10
3015267682,smqhm_8_128,56026772,128,10
4716953346,smqhm_8_256,57433108,128,10
4304002924,smqhm_8_256,56637494,128,10
5186629192,smqhm_8_256,58155523,128,10
4480843444,smqhm_8_256,57314477,128,10
5208989630,smqhm_8_256,58308325,128,10
5611024716,smqhm_8_256,58975640,128,10
7627157464,smqhm_8_512,57374869,128,10
8468299556,smqhm_8_512,57884741,128,10
8183299000,smqhm_8_512,57946057,128,10
8532555996,smqhm_8_512,57846836,128,10
9155559814,smqhm_8_512,58404963,128,10
8015139662,smqhm_8_512,57127952,128,10
13763617382,smqhm_8_1024,57484801,128,10
12104370492,smqhm_8_1024,56650921,128,10
14153673958,smqhm_8_1024,57834171,128,10
11941756138,smqhm_8_1024,56762843,128,10
12085752486,smqhm_8_1024,56491036,128,10
11888046566,smqhm_8_1024,55956642,128,10
471966296,smqhm_16_1,45621468,128,10
469807116,smqhm_16_1,45370478,128,10
469306078,smqhm_16_1,45295201,128,10
469574320,smqhm_16_1,45451716,128,10
468983244,smqhm_16_1,45441612,128,10
471944514,smqhm_16_1,45882783,128,10
453379830,smqhm_16_2,40275882,128,10
452941946,smqhm_16_2,40275808,128,10
453974912,smqhm_16_2,40310711,128,10
455027564,smqhm_16_2,40341183,128,10
453613936,smqhm_16_2,40305581,128,10
451777088,smqhm_16_2,40092910,128,10
483679370,smqhm_16_4,40216807,128,10
482277358,smqhm_16_4,40076492,128,10
481571244,smqhm_16_4,40058113,128,10
484203718,smqhm_16_4,40243735,128,10
483779234,smqhm_16_4,40035601,128,10
481414268,smqhm_16_4,40065149,128,10
568214410,smqhm_16_8,44934916,128,10
573718674,smqhm_16_8,45470272,128,10
570526084,smqhm_16_8,45164292,128,10
568749236,smqhm_16_8,45133689,128,10
566705650,smqhm_16_8,44740121,128,10
568620288,smqhm_16_8,45125082,128,10
713804462,smqhm_16_16,50876796,128,10
710094752,smqhm_16_16,50571948,128,10
713232110,smqhm_16_16,50848109,128,10
712267062,smqhm_16_16,50908175,128,10
709034964,smqhm_16_16,50452007,128,10
713652050,smqhm_16_16,50931104,128,10
1087640154,smqhm_16_32,57023493,128,10
1083732892,smqhm_16_32,56917356,128,10
1063476176,smqhm_16_32,56770435,128,10
1075752822,smqhm_16_32,57243039,128,10
1075021046,smqhm_16_32,56759119,128,10
1072363258,smqhm_16_32,56975348,128,10
1461633256,smqhm_16_64,59918758,128,10
1414833084,smqhm_16_64,59410004,128,10
1473424202,smqhm_16_64,60212883,128,10
1420312046,smqhm_16_64,59765520,128,10
1432126284,smqhm_16_64,59662828,128,10
1424662486,smqhm_16_64,59864489,128,10
2105624140,smqhm_16_128,61788206,128,10
1928273294,smqhm_16_128,61932528,128,10
2104974856,smqhm_16_128,61957201,128,10
1945403826,smqhm_16_128,62032178,128,10
1965333844,smqhm_16_128,61952014,128,10
2470522766,smqhm_16_128,61731457,128,10
3362218458,smqhm_16_256,63727576,128,10
3315165638,smqhm_16_256,64330189,128,10
3790129252,smqhm_16_256,63749605,128,10
4471530466,smqhm_16_256,65478790,128,10
3325165002,smqhm_16_256,64017417,128,10
3118531584,smqhm_16_256,64259783,128,10
6150238460,smqhm_16_512,65812226,128,10
5361561840,smqhm_16_512,65787694,128,10
5407660018,smqhm_16_512,65086831,128,10
5533983158,smqhm_16_512,65295362,128,10
5266666516,smqhm_16_512,64818364,128,10
5374800534,smqhm_16_512,65539992,128,10
10187598500,smqhm_16_1024,68335296,128,10
10254610642,smqhm_16_1024,68057209,128,10
10236116674,smqhm_16_1024,68180360,128,10
10028788108,smqhm_16_1024,67187704,128,10
10107365010,smqhm_16_1024,66859632,128,10
10137168228,smqhm_16_1024,67921669,128,10
531446378,smqhm_32_1,58014911,128,10
530687584,smqhm_32_1,57997334,128,10
528424624,smqhm_32_1,57512044,128,10
528863130,smqhm_32_1,57658611,128,10
532567378,smqhm_32_1,57987836,128,10
531100550,smqhm_32_1,57971470,128,10
491966672,smqhm_32_2,48553685,128,10
487217834,smqhm_32_2,48152717,128,10
491457662,smqhm_32_2,48421325,128,10
489195608,smqhm_32_2,48186333,128,10
489011246,smqhm_32_2,48310047,128,10
492252514,smqhm_32_2,48640095,128,10
496208620,smqhm_32_4,45236095,128,10
498608448,smqhm_32_4,45563045,128,10
499031910,smqhm_32_4,45717505,128,10
497793120,smqhm_32_4,45545140,128,10
497054068,smqhm_32_4,45449384,128,10
491420144,smqhm_32_4,44815451,128,10
562900100,smqhm_32_8,48835408,128,10
559892450,smqhm_32_8,48516331,128,10
558797302,smqhm_32_8,48616152,128,10
565032738,smqhm_32_8,49160860,128,10
560081056,smqhm_32_8,48720884,128,10
558954136,smqhm_32_8,48515467,128,10
706149230,smqhm_32_16,55578717,128,10
704629200,smqhm_32_16,56133567,128,10
715233048,smqhm_32_16,56512221,128,10
693991842,smqhm_32_16,55058868,128,10
702910056,smqhm_32_16,55502710,128,10
703378360,smqhm_32_16,55727781,128,10
1099338374,smqhm_32_32,65168768,128,10
1105356544,smqhm_32_32,65093048,128,10
1113170260,smqhm_32_32,65142103,128,10
1105423108,smqhm_32_32,64893203,128,10
1108440302,smqhm_32_32,65023782,128,10
1121725830,smqhm_32_32,65350269,128,10
1339404148,smqhm_32_64,71130565,128,10
1343107318,smqhm_32_64,71167239,128,10
1350276654,smqhm_32_64,71437814,128,10
1334776784,smqhm_32_64,70521112,128,10
1316534522,smqhm_32_64,69632426,128,10
1399111136,smqhm_32_64,71191661,128,10
1906128864,smqhm_32_128,76729064,128,10
1911800388,smqhm_32_128,76584514,128,10
1871400390,smqhm_32_128,77290046,128,10
1985476236,smqhm_32_128,76241062,128,10
1953622540,smqhm_32_128,75232958,128,10
1859607994,smqhm_32_128,75376369,128,10
3205657790,smqhm_32_256,79299976,128,10
3237239084,smqhm_32_256,80655092,128,10
3210041860,smqhm_32_256,79193597,128,10
3281201060,smqhm_32_256,79420430,128,10
3309814082,smqhm_32_256,80561888,128,10
3251749248,smqhm_32_256,79966630,128,10
5694537288,smqhm_32_512,80461399,128,10
5865672712,smqhm_32_512,79919835,128,10
5676288806,smqhm_32_512,80219269,128,10
5802189788,smqhm_32_512,81162364,128,10
5764736330,smqhm_32_512,80874204,128,10
6011307464,smqhm_32_512,80690845,128,10
11990874406,smqhm_32_1024,83878441,128,10
12005321012,smqhm_32_1024,84648580,128,10
12072841174,smqhm_32_1024,84000874,128,10
11759766630,smqhm_32_1024,82314394,128,10
11744652172,smqhm_32_1024,82442371,128,10
11978661528,smqhm_32_1024,84176174,128,10
616856598,smqhm_64_1,74787141,128,10
610897826,smqhm_64_1,74186478,128,10
608184256,smqhm_64_1,74038756,128,10
617601202,smqhm_64_1,75310780,128,10
612204984,smqhm_64_1,74455538,128,10
617112766,smqhm_64_1,75354146,128,10
558300850,smqhm_64_2,60916057,128,10
555947124,smqhm_64_2,60593511,128,10
555268164,smqhm_64_2,60712757,128,10
554229528,smqhm_64_2,60682218,128,10
556768428,smqhm_64_2,61035533,128,10
562709368,smqhm_64_2,61534113,128,10
535690360,smqhm_64_4,53488328,128,10
530754424,smqhm_64_4,52970763,128,10
532543432,smqhm_64_4,53421166,128,10
534459994,smqhm_64_4,53553898,128,10
537141356,smqhm_64_4,53905155,128,10
530905458,smqhm_64_4,52970179,128,10
571273266,smqhm_64_8,53512891,128,10
573302026,smqhm_64_8,53731377,128,10
569400116,smqhm_64_8,53545512,128,10
575678808,smqhm_64_8,53892358,128,10
568759534,smqhm_64_8,53377361,128,10
568923320,smqhm_64_8,53500241,128,10
711470640,smqhm_64_16,61142690,128,10
705006194,smqhm_64_16,60785081,128,10
710264148,smqhm_64_16,60723670,128,10
710295138,smqhm_64_16,60820865,128,10
700176306,smqhm_64_16,60404622,128,10
717433856,smqhm_64_16,61824271,128,10
1167117442,smqhm_64_32,74108646,128,10
1155565604,smqhm_64_32,73109620,128,10
1165692690,smqhm_64_32,73421268,128,10
1170916128,smqhm_64_32,73602070,128,10
1172561218,smqhm_64_32,73914785,128,10
1177314256,smqhm_64_32,74695949,128,10
1359854428,smqhm_64_64,83403913,128,10
1389864366,smqhm_64_64,84250340,128,10
1382627244,smqhm_64_64,84827078,128,10
1370981744,smqhm_64_64,83865265,128,10
1399106814,smqhm_64_64,84724665,128,10
1389234228,smqhm_64_64,84677670,128,10
2043094232,smqhm_64_128,93843954,128,10
2103228588,smqhm_64_128,95400136,128,10
2109462374,smqhm_64_128,95375654,128,10
2042905970,smqhm_64_128,93994759,128,10
2052052602,smqhm_64_128,94750454,128,10
2068741228,smqhm_64_128,93889512,128,10
3640466690,smqhm_64_256,98588449,128,10
3573175286,smqhm_64_256,94493407,128,10
3673707428,smqhm_64_256,98751342,128,10
3741858868,smqhm_64_256,96029242,128,10
3577269548,smqhm_64_256,97645011,128,10
3689545740,smqhm_64_256,98877905,128,10
6713815950,smqhm_64_512,97358368,128,10
6782133122,smqhm_64_512,97683542,128,10
6854791826,smqhm_64_512,100411662,128,10
6734894346,smqhm_64_512,97537894,128,10
6744327680,smqhm_64_512,98219670,128,10
6753718568,smqhm_64_512,97958270,128,10
14538571796,smqhm_64_1024,103591680,128,10
14516144244,smqhm_64_1024,103779937,128,10
14619210896,smqhm_64_1024,102631533,128,10
14396140122,smqhm_64_1024,103196241,128,10
14497142434,smqhm_64_1024,103430742,128,10
14497726568,smqhm_64_1024,103693570,128,10
722293346,smqhm_128_1,95790448,128,10
728978072,smqhm_128_1,97159652,128,10
732711234,smqhm_128_1,97332023,128,10
732422972,smqhm_128_1,97103979,128,10
731981614,smqhm_128_1,97378948,128,10
737395882,smqhm_128_1,98027202,128,10
656327510,smqhm_128_2,78500918,128,10
637070504,smqhm_128_2,75561863,128,10
646047736,smqhm_128_2,76803617,128,10
643740322,smqhm_128_2,76556708,128,10
641100802,smqhm_128_2,75866150,128,10
656361632,smqhm_128_2,78608434,128,10
593883828,smqhm_128_4,64780345,128,10
598244600,smqhm_128_4,65182418,128,10
587160810,smqhm_128_4,63996303,128,10
600993212,smqhm_128_4,65633346,128,10
594109062,smqhm_128_4,64789273,128,10
595745814,smqhm_128_4,64913056,128,10
612149628,smqhm_128_8,61426146,128,10
613507830,smqhm_128_8,61624446,128,10
618560224,smqhm_128_8,61978502,128,10
610240900,smqhm_128_8,61026130,128,10
609134652,smqhm_128_8,60783339,128,10
616221122,smqhm_128_8,61784616,128,10
734884738,smqhm_128_16,67483610,128,10
728270326,smqhm_128_16,66819872,128,10
729777896,smqhm_128_16,66573550,128,10
729541022,smqhm_128_16,66520997,128,10
720866034,smqhm_128_16,66073445,128,10
734313814,smqhm_128_16,66769828,128,10
1218686524,smqhm_128_32,81241664,128,10
1231643108,smqhm_128_32,82264186,128,10
1234049052,smqhm_128_32,82245678,128,10
1234360912,smqhm_128_32,82253293,128,10
1258785676,smqhm_128_32,83333788,128,10
1244604924,smqhm_128_32,82727621,128,10
1455285858,smqhm_128_64,97238956,128,10
1456836332,smqhm_128_64,97775139,128,10
1440448080,smqhm_128_64,95651937,128,10
1435249044,smqhm_128_64,94333659,128,10
1440613810,smqhm_128_64,95636693,128,10
1476138408,smqhm_128_64,96744049,128,10
2266943154,smqhm_128_128,110002800,128,10
2426879230,smqhm_128_128,113966008,128,10
2360033044,smqhm_128_128,112955175,128,10
2263184286,smqhm_128_128,110392362,128,10
2334298716,smqhm_128_128,112565518,128,10
2328963402,smqhm_128_128,111171336,128,10
4223442198,smqhm_128_256,117122721,128,10
4421675570,smqhm_128_256,119248333,128,10
4257054362,smqhm_128_256,118263788,128,10
4252485180,smqhm_128_256,118589726,128,10
4339468076,smqhm_128_256,118720768,128,10
4208513172,smqhm_128_256,118358577,128,10
8122780480,smqhm_128_512,119342417,128,10
8108701634,smqhm_128_512,115961979,128,10
8055208538,smqhm_128_512,115738350,128,10
8180431002,smqhm_128_512,121191550,128,10
7998630766,smqhm_128_512,117268628,128,10
8140273074,smqhm_128_512,119180481,128,10
16831457950,smqhm_128_1024,121950827,128,10
17054876176,smqhm_128_1024,123646548,128,10
17363532464,smqhm_128_1024,125075098,128,10
17477093870,smqhm_128_1024,125186329,128,10
17324414778,smqhm_128_1024,124444102,128,10
17420734212,smqhm_128_1024,122737068,128,10
874079632,smqhm_256_1,123391168,128,10
872487498,smqhm_256_1,123271377,128,10
913090004,smqhm_256_1,129547310,128,10
890798084,smqhm_256_1,125834784,128,10
854256218,smqhm_256_1,120047493,128,10
835712904,smqhm_256_1,117120793,128,10
760282658,smqhm_256_2,97219210,128,10
770344038,smqhm_256_2,98264853,128,10
780890568,smqhm_256_2,100084993,128,10
798980092,smqhm_256_2,102605147,128,10
781342468,smqhm_256_2,100201832,128,10
779455214,smqhm_256_2,100235297,128,10
710764982,smqhm_256_4,83544220,128,10
701854274,smqhm_256_4,82089274,128,10
713748916,smqhm_256_4,84114926,128,10
697532522,smqhm_256_4,81683042,128,10
696821426,smqhm_256_4,81972695,128,10
709876888,smqhm_256_4,83766490,128,10
697283636,smqhm_256_8,74340980,128,10
693391738,smqhm_256_8,73885214,128,10
698568660,smqhm_256_8,75149343,128,10
685494704,smqhm_256_8,72800193,128,10
684378302,smqhm_256_8,73134087,128,10
688953996,smqhm_256_8,72531152,128,10
791068836,smqhm_256_16,76446583,128,10
780146754,smqhm_256_16,75511341,128,10
791855592,smqhm_256_16,76542189,128,10
797238686,smqhm_256_16,77264614,128,10
787290500,smqhm_256_16,76284660,128,10
795386740,smqhm_256_16,76618965,128,10
1330808122,smqhm_256_32,92672315,128,10
1414477694,smqhm_256_32,97461048,128,10
1337196242,smqhm_256_32,91847549,128,10
1347954600,smqhm_256_32,93256162,128,10
1341570788,smqhm_256_32,92902900,128,10
1348695790,smqhm_256_32,93553047,128,10
1582974964,smqhm_256_64,109408695,128,10
1587807576,smqhm_256_64,110140878,128,10
1614503460,smqhm_256_64,113269764,128,10
1559044644,smqhm_256_64,108584385,128,10
1596118690,smqhm_256_64,111654605,128,10
1581164270,smqhm_256_64,109919574,128,10
2663451814,smqhm_256_128,132673862,128,10
2731065528,smqhm_256_128,137553853,128,10
2674362372,smqhm_256_128,135252200,128,10
2575192058,smqhm_256_128,128997318,128,10
2622286290,smqhm_256_128,134111945,128,10
2638600988,smqhm_256_128,130824879,128,10
4900154270,smqhm_256_256,140357496,128,10
4785723266,smqhm_256_256,137581484,128,10
4769840534,smqhm_256_256,138797873,128,10
4809620184,smqhm_256_256,138096653,128,10
4950387126,smqhm_256_256,141943015,128,10
4707065112,smqhm_256_256,138306690,128,10
9362729404,smqhm_256_512,134312356,128,10
9421091130,smqhm_256_512,140506402,128,10
9344626782,smqhm_256_512,138893928,128,10
9382740022,smqhm_256_512,140179041,128,10
9734380460,smqhm_256_512,144401868,128,10
9536069930,smqhm_256_512,139522752,128,10
20895294840,smqhm_256_1024,151647128,128,10
20157804948,smqhm_256_1024,147176540,128,10
20360104650,smqhm_256_1024,148436500,128,10
20046684780,smqhm_256_1024,144430501,128,10
20382032772,smqhm_256_1024,146853731,128,10
20282947882,smqhm_256_1024,144226542,128,10
1122294766,smqhm_512_1,165001174,128,10
1089812474,smqhm_512_1,159343678,128,10
1116852760,smqhm_512_1,163768230,128,10
1067007316,smqhm_512_1,156120802,128,10
1052745640,smqhm_512_1,154070008,128,10
1030856896,smqhm_512_1,150056440,128,10
939845434,smqhm_512_2,126639026,128,10
930215334,smqhm_512_2,125574993,128,10
933304826,smqhm_512_2,125565214,128,10
947913800,smqhm_512_2,127794298,128,10
968882942,smqhm_512_2,130898176,128,10
957556200,smqhm_512_2,129286054,128,10
841569004,smqhm_512_4,104743268,128,10
855582926,smqhm_512_4,106953655,128,10
821603536,smqhm_512_4,102069048,128,10
826256040,smqhm_512_4,102993989,128,10
839536252,smqhm_512_4,105259190,128,10
836692226,smqhm_512_4,104699318,128,10
825852772,smqhm_512_8,94120798,128,10
798290146,smqhm_512_8,90414592,128,10
812636790,smqhm_512_8,91871837,128,10
813574898,smqhm_512_8,92272938,128,10
800061650,smqhm_512_8,90576887,128,10
789769990,smqhm_512_8,89107696,128,10
860866820,smqhm_512_16,87027747,128,10
900779960,smqhm_512_16,91496374,128,10
864448452,smqhm_512_16,87473245,128,10
871062970,smqhm_512_16,88242563,128,10
885680236,smqhm_512_16,89776472,128,10
879388100,smqhm_512_16,88900144,128,10
1546046030,smqhm_512_32,109659488,128,10
1576038012,smqhm_512_32,111826495,128,10
1502876594,smqhm_512_32,106610080,128,10
1469302058,smqhm_512_32,105332286,128,10
1510477170,smqhm_512_32,106528014,128,10
1549914206,smqhm_512_32,110521109,128,10
1762392864,smqhm_512_64,127762964,128,10
1756228468,smqhm_512_64,125197256,128,10
1769255154,smqhm_512_64,127852856,128,10
1716148226,smqhm_512_64,124745852,128,10
1766170644,smqhm_512_64,125622833,128,10
1751488288,smqhm_512_64,125953897,128,10
2911622298,smqhm_512_128,152821954,128,10
2832059430,smqhm_512_128,146756619,128,10
2892875302,smqhm_512_128,150466001,128,10
3023337716,smqhm_512_128,145410600,128,10
2948333550,smqhm_512_128,155088524,128,10
2928292442,smqhm_512_128,151720444,128,10
5337229016,smqhm_512_256,153002826,128,10
5229763272,smqhm_512_256,155163282,128,10
5474152416,smqhm_512_256,156907472,128,10
5400667320,smqhm_512_256,156356175,128,10
5700058192,smqhm_512_256,160918291,128,10
5574712860,smqhm_512_256,157049953,128,10
10358265426,smqhm_512_512,155148793,128,10
10547928762,smqhm_512_512,156999356,128,10
10801647970,smqhm_512_512,159679964,128,10
10657775892,smqhm_512_512,156300280,128,10
10970571902,smqhm_512_512,162826555,128,10
10639135308,smqhm_512_512,158458933,128,10
23284426720,smqhm_512_1024,167596897,128,10
24733067488,smqhm_512_1024,178038953,128,10
22649831694,smqhm_512_1024,164866900,128,10
24299165472,smqhm_512_1024,176290486,128,10
22857826734,smqhm_512_1024,166873780,128,10
22813678792,smqhm_512_1024,161275036,128,10
1277399868,smqhm_1024_1,191933962,128,10
1343809794,smqhm_1024_1,202386646,128,10
1321900680,smqhm_1024_1,198068101,128,10
1379987632,smqhm_1024_1,208416215,128,10
1255230758,smqhm_1024_1,188191978,128,10
1353409478,smqhm_1024_1,203618561,128,10
1117036970,smqhm_1024_2,155930158,128,10
1054293310,smqhm_1024_2,146216582,128,10
1144495180,smqhm_1024_2,159787141,128,10
1215028072,smqhm_1024_2,170054848,128,10
1137336832,smqhm_1024_2,158638276,128,10
1137119340,smqhm_1024_2,158416892,128,10
992784420,smqhm_1024_4,129414346,128,10
995791094,smqhm_1024_4,129484995,128,10
1019333896,smqhm_1024_4,132732448,128,10
978997214,smqhm_1024_4,127015195,128,10
1037635680,smqhm_1024_4,135082900,128,10
1016224032,smqhm_1024_4,132332929,128,10
958374296,smqhm_1024_8,113785735,128,10
946866898,smqhm_1024_8,112276004,128,10
951577798,smqhm_1024_8,112674105,128,10
953305706,smqhm_1024_8,113648734,128,10
958648726,smqhm_1024_8,113509434,128,10
963088454,smqhm_1024_8,114617876,128,10
1059539110,smqhm_1024_16,111461838,128,10
1024291086,smqhm_1024_16,107866998,128,10
1059758322,smqhm_1024_16,111288672,128,10
1054208232,smqhm_1024_16,110643741,128,10
1001613668,smqhm_1024_16,104860268,128,10
1018368914,smqhm_1024_16,106728924,128,10
1813404360,smqhm_1024_32,130623517,128,10
1786586904,smqhm_1024_32,129139431,128,10
1759350526,smqhm_1024_32,126056316,128,10
1717603296,smqhm_1024_32,126273264,128,10
1770315238,smqhm_1024_32,126231586,128,10
1784604968,smqhm_1024_32,127915494,128,10
2046348108,smqhm_1024_64,151684960,128,10
1978307468,smqhm_1024_64,146946416,128,10
1946839852,smqhm_1024_64,142764971,128,10
2074108422,smqhm_1024_64,152889584,128,10
1964231344,smqhm_1024_64,145060107,128,10
2001109388,smqhm_1024_64,147844082,128,10
3352074608,smqhm_1024_128,174238735,128,10
3187991838,smqhm_1024_128,170189725,128,10
3381684718,smqhm_1024_128,175868994,128,10
3318841142,smqhm_1024_128,173466949,128,10
3248862276,smqhm_1024_128,167030235,128,10
3362808286,smqhm_1024_128,171174582,128,10
6098511684,smqhm_1024_256,182657365,128,10
6420697770,smqhm_1024_256,181205484,128,10
6232506432,smqhm_1024_256,184058682,128,10
6167118200,smqhm_1024_256,170645931,128,10
5685935572,smqhm_1024_256,170911024,128,10
5809290044,smqhm_1024_256,173160425,128,10
12351235014,smqhm_1024_512,185127653,128,10
11889284612,smqhm_1024_512,178099818,128,10
12535346876,smqhm_1024_512,191691378,128,10
12556369860,smqhm_1024_512,188052410,128,10
11391320614,smqhm_1024_512,166428827,128,10
12132181862,smqhm_1024_512,186855770,128,10
28002145418,smqhm_1024_1024,193350931,128,10
26654331114,smqhm_1024_1024,192428845,128,10
25701357854,smqhm_1024_1024,179988514,128,10
27708570384,smqhm_1024_1024,202456873,128,10
27647737038,smqhm_1024_1024,198196980,128,10
26747283774,smqhm_1024_1024,190318162,128,10
