602891090,smqhm_1_1,7856109,128,10
582244176,smqhm_1_1,8081963,128,10
688402422,smqhm_1_1,8539974,128,10
552006996,smqhm_1_1,7822841,128,10
601113040,smqhm_1_1,8490588,128,10
556946150,smqhm_1_1,8430126,128,10
673157632,smqhm_1_2,7649610,128,10
552483576,smqhm_1_2,7841699,128,10
727228652,smqhm_1_2,8203979,128,10
580648036,smqhm_1_2,7678498,128,10
500760292,smqhm_1_2,7660891,128,10
626843384,smqhm_1_2,7767341,128,10
703321980,smqhm_1_4,7835135,128,10
657764784,smqhm_1_4,7708751,128,10
619509482,smqhm_1_4,7730425,128,10
609217414,smqhm_1_4,7738961,128,10
636364670,smqhm_1_4,7799773,128,10
584110880,smqhm_1_4,7686589,128,10
725130306,smqhm_1_8,7848944,128,10
490459740,smqhm_1_8,7690312,128,10
527051768,smqhm_1_8,7736894,128,10
821578742,smqhm_1_8,7819716,128,10
546227782,smqhm_1_8,7726891,128,10
588321270,smqhm_1_8,7875908,128,10
872102706,smqhm_1_16,7765813,128,10
726467968,smqhm_1_16,7815082,128,10
705226790,smqhm_1_16,7860117,128,10
831332310,smqhm_1_16,7889998,128,10
749580438,smqhm_1_16,7814812,128,10
736574574,smqhm_1_16,7828825,128,10
836620106,smqhm_1_32,8086014,128,10
910223864,smqhm_1_32,8203990,128,10
941222822,smqhm_1_32,8336463,128,10
1033302136,smqhm_1_32,8239249,128,10
940500736,smqhm_1_32,8659823,128,10
921677882,smqhm_1_32,7974618,128,10
1343588082,smqhm_1_64,8312864,128,10
1248762456,smqhm_1_64,8686519,128,10
1920537772,smqhm_1_64,8430320,128,10
1460445922,smqhm_1_64,8416603,128,10
1975104392,smqhm_1_64,8421777,128,10
2008197258,smqhm_1_64,8383612,128,10
1522120982,smqhm_1_128,8881131,128,10
2580702786,smqhm_1_128,9213924,128,10
2742634236,smqhm_1_128,8672022,128,10
2714280812,smqhm_1_128,9174050,128,10
1247132828,smqhm_1_128,9070000,128,10
1156106156,smqhm_1_128,8907892,128,10
722376164,smqhm_1_256,10343568,128,10
660162034,smqhm_1_256,9681127,128,10
769411002,smqhm_1_256,9493761,128,10
767750808,smqhm_1_256,9803510,128,10
762280452,smqhm_1_256,9511153,128,10
697872890,smqhm_1_256,9595050,128,10
652375160,smqhm_1_512,11316483,128,10
675984920,smqhm_1_512,10854834,128,10
669992146,smqhm_1_512,11025756,128,10
888732968,smqhm_1_512,10419972,128,10
736282132,smqhm_1_512,12242656,128,10
638247794,smqhm_1_512,10476568,128,10
967242198,smqhm_1_1024,11937833,128,10
1012491260,smqhm_1_1024,12235994,128,10
1075134724,smqhm_1_1024,11310975,128,10
976518534,smqhm_1_1024,11869466,128,10
1000720382,smqhm_1_1024,11733410,128,10
996167764,smqhm_1_1024,11810251,128,10
733210188,smqhm_2_1,9193170,128,10
814155990,smqhm_2_1,9750870,128,10
1097172312,smqhm_2_1,10291189,128,10
785966062,smqhm_2_1,9413720,128,10
614608358,smqhm_2_1,9468066,128,10
869923226,smqhm_2_1,10305461,128,10
924577464,smqhm_2_2,8093427,128,10
863392294,smqhm_2_2,8303595,128,10
525518930,smqhm_2_2,8351101,128,10
427392958,smqhm_2_2,8112284,128,10
581422400,smqhm_2_2,8421549,128,10
521307858,smqhm_2_2,8073015,128,10
595370530,smqhm_2_4,7839072,128,10
529975676,smqhm_2_4,7765427,128,10
533562646,smqhm_2_4,8350355,128,10
497658926,smqhm_2_4,7952152,128,10
573527832,smqhm_2_4,7809614,128,10
520819060,smqhm_2_4,7763254,128,10
454271984,smqhm_2_8,7762284,128,10
441727724,smqhm_2_8,7963952,128,10
432602032,smqhm_2_8,8049480,128,10
444095112,smqhm_2_8,7784460,128,10
535588842,smqhm_2_8,7747400,128,10
422067032,smqhm_2_8,7914820,128,10
532569222,smqhm_2_16,7786673,128,10
580818396,smqhm_2_16,7942979,128,10
570102100,smqhm_2_16,8142685,128,10
537163956,smqhm_2_16,7837060,128,10
581650280,smqhm_2_16,7937877,128,10
567649854,smqhm_2_16,7959920,128,10
609308684,smqhm_2_32,8023850,128,10
608883796,smqhm_2_32,8109989,128,10
635865862,smqhm_2_32,8089274,128,10
616341752,smqhm_2_32,7976309,128,10
638583382,smqhm_2_32,8216116,128,10
708645612,smqhm_2_32,8427596,128,10
904183490,smqhm_2_64,8527171,128,10
1097213756,smqhm_2_64,8546474,128,10
1620290594,smqhm_2_64,8317097,128,10
922486034,smqhm_2_64,8372662,128,10
1463057460,smqhm_2_64,8927516,128,10
964909930,smqhm_2_64,8346311,128,10
1060657504,smqhm_2_128,9184222,128,10
1957094926,smqhm_2_128,8661842,128,10
1973661166,smqhm_2_128,9160844,128,10
956690182,smqhm_2_128,8684715,128,10
1314854100,smqhm_2_128,8842974,128,10
1091256656,smqhm_2_128,8754072,128,10
639703812,smqhm_2_256,10255649,128,10
717692462,smqhm_2_256,9531472,128,10
619192480,smqhm_2_256,9532773,128,10
658695010,smqhm_2_256,9686979,128,10
701478518,smqhm_2_256,9322484,128,10
779432320,smqhm_2_256,9812127,128,10
829816390,smqhm_2_512,11533322,128,10
724650914,smqhm_2_512,11871182,128,10
685956330,smqhm_2_512,10843495,128,10
607057740,smqhm_2_512,9970461,128,10
644093034,smqhm_2_512,10201796,128,10
643517306,smqhm_2_512,10398076,128,10
941480890,smqhm_2_1024,11181444,128,10
1023865894,smqhm_2_1024,12208531,128,10
1048768322,smqhm_2_1024,12254986,128,10
1054094606,smqhm_2_1024,12196295,128,10
923044382,smqhm_2_1024,11265377,128,10
955220658,smqhm_2_1024,11370309,128,10
1129261564,smqhm_4_1,10894579,128,10
1002744254,smqhm_4_1,10746309,128,10
1140103752,smqhm_4_1,10832579,128,10
869643614,smqhm_4_1,10621339,128,10
1107449474,smqhm_4_1,11201412,128,10
843255478,smqhm_4_1,10211046,128,10
555000836,smqhm_4_2,9212297,128,10
546327890,smqhm_4_2,9027638,128,10
666988972,smqhm_4_2,9054465,128,10
446633452,smqhm_4_2,8982458,128,10
429809614,smqhm_4_2,8122277,128,10
638707916,smqhm_4_2,9116615,128,10
461812294,smqhm_4_4,8026051,128,10
709118370,smqhm_4_4,9313369,128,10
429656726,smqhm_4_4,8281805,128,10
515687840,smqhm_4_4,8463290,128,10
481795684,smqhm_4_4,8189064,128,10
464995714,smqhm_4_4,8086568,128,10
432653440,smqhm_4_8,7899809,128,10
426696134,smqhm_4_8,8359358,128,10
374234486,smqhm_4_8,7883607,128,10
447701760,smqhm_4_8,8144205,128,10
396941038,smqhm_4_8,8207297,128,10
518917376,smqhm_4_8,8212459,128,10
428032682,smqhm_4_16,8136830,128,10
497007396,smqhm_4_16,8080959,128,10
432480558,smqhm_4_16,8140142,128,10
510843778,smqhm_4_16,8105800,128,10
427192952,smqhm_4_16,8003453,128,10
462131020,smqhm_4_16,8373728,128,10
471445768,smqhm_4_32,8270052,128,10
478449970,smqhm_4_32,8282905,128,10
484420958,smqhm_4_32,8246712,128,10
602157396,smqhm_4_32,8591815,128,10
520125344,smqhm_4_32,8861518,128,10
509793932,smqhm_4_32,8439577,128,10
1220049744,smqhm_4_64,8424563,128,10
1589195224,smqhm_4_64,8768996,128,10
774177704,smqhm_4_64,8397143,128,10
1374527512,smqhm_4_64,8993819,128,10
731375408,smqhm_4_64,9212547,128,10
1347872194,smqhm_4_64,8785063,128,10
697002750,smqhm_4_128,8982111,128,10
1043810300,smqhm_4_128,9259550,128,10
852971788,smqhm_4_128,10123666,128,10
2654000526,smqhm_4_128,9373356,128,10
2216451652,smqhm_4_128,9173978,128,10
841761680,smqhm_4_128,8740776,128,10
644726464,smqhm_4_256,10634097,128,10
662516288,smqhm_4_256,9138696,128,10
639129578,smqhm_4_256,9989658,128,10
766274630,smqhm_4_256,10137301,128,10
654868352,smqhm_4_256,9894538,128,10
702128766,smqhm_4_256,10210562,128,10
625291204,smqhm_4_512,10160713,128,10
685825150,smqhm_4_512,11835218,128,10
901351728,smqhm_4_512,11372379,128,10
699058500,smqhm_4_512,11223558,128,10
652812004,smqhm_4_512,10914570,128,10
912560620,smqhm_4_512,12285349,128,10
1064407912,smqhm_4_1024,12820555,128,10
1030455922,smqhm_4_1024,12275839,128,10
1019373154,smqhm_4_1024,11849526,128,10
980933628,smqhm_4_1024,11524811,128,10
985327590,smqhm_4_1024,11734878,128,10
949611492,smqhm_4_1024,11199060,128,10
1222568238,smqhm_8_1,11834495,128,10
1095917734,smqhm_8_1,12242673,128,10
1494311828,smqhm_8_1,11790884,128,10
1403056672,smqhm_8_1,12577302,128,10
1355699644,smqhm_8_1,12187313,128,10
1565884290,smqhm_8_1,12470696,128,10
524088320,smqhm_8_2,9532800,128,10
608873980,smqhm_8_2,10153509,128,10
705636760,smqhm_8_2,10285323,128,10
711048542,smqhm_8_2,10553608,128,10
673723858,smqhm_8_2,10510949,128,10
548071616,smqhm_8_2,10121006,128,10
471985716,smqhm_8_4,9026609,128,10
473101200,smqhm_8_4,8533242,128,10
532758614,smqhm_8_4,8889678,128,10
453185032,smqhm_8_4,8959031,128,10
505181786,smqhm_8_4,8679414,128,10
448951460,smqhm_8_4,8968472,128,10
430405098,smqhm_8_8,8496261,128,10
437757636,smqhm_8_8,8623541,128,10
444360426,smqhm_8_8,8574904,128,10
363589886,smqhm_8_8,8359626,128,10
437323324,smqhm_8_8,8435003,128,10
419504802,smqhm_8_8,8355489,128,10
409369254,smqhm_8_16,8118868,128,10
687489912,smqhm_8_16,8524640,128,10
390960316,smqhm_8_16,8352463,128,10
421018486,smqhm_8_16,8555053,128,10
382705060,smqhm_8_16,8409675,128,10
376698718,smqhm_8_16,8276461,128,10
393617176,smqhm_8_32,8147412,128,10
430650954,smqhm_8_32,8417644,128,10
423073296,smqhm_8_32,8390029,128,10
470011716,smqhm_8_32,8511581,128,10
403185158,smqhm_8_32,8516227,128,10
437007912,smqhm_8_32,8265109,128,10
1183999096,smqhm_8_64,8690641,128,10
881443554,smqhm_8_64,8663121,128,10
1586679144,smqhm_8_64,8578381,128,10
496722488,smqhm_8_64,8483536,128,10
674655356,smqhm_8_64,8602914,128,10
1315549944,smqhm_8_64,8919169,128,10
877001582,smqhm_8_128,8851884,128,10
602705946,smqhm_8_128,9463374,128,10
627715728,smqhm_8_128,8789073,128,10
1533967642,smqhm_8_128,8962723,128,10
1963166062,smqhm_8_128,9052415,128,10
692128726,smqhm_8_128,8682054,128,10
581375362,smqhm_8_256,9599487,128,10
654682070,smqhm_8_256,9590726,128,10
571319402,smqhm_8_256,9310299,128,10
667790288,smqhm_8_256,9804490,128,10
637434976,smqhm_8_256,9931350,128,10
619621850,smqhm_8_256,9673834,128,10
634975826,smqhm_8_512,10289616,128,10
673760466,smqhm_8_512,9871210,128,10
681476852,smqhm_8_512,10416178,128,10
720421900,smqhm_8_512,10491327,128,10
606423642,smqhm_8_512,9981952,128,10
637927524,smqhm_8_512,10397336,128,10
1040809548,smqhm_8_1024,11957278,128,10
958149202,smqhm_8_1024,11164370,128,10
963142024,smqhm_8_1024,11167324,128,10
1065858738,smqhm_8_1024,12194973,128,10
1067010322,smqhm_8_1024,12023207,128,10
1008696958,smqhm_8_1024,11882437,128,10
1421691470,smqhm_16_1,13221888,128,10
1464652844,smqhm_16_1,13675026,128,10
1440676258,smqhm_16_1,13389319,128,10
1799203608,smqhm_16_1,13765090,128,10
1657092170,smqhm_16_1,14248286,128,10
1584213346,smqhm_16_1,14213401,128,10
700541318,smqhm_16_2,11765250,128,10
1022004628,smqhm_16_2,12480579,128,10
818607158,smqhm_16_2,12013252,128,10
732263894,smqhm_16_2,11156730,128,10
1029485960,smqhm_16_2,13138175,128,10
760750448,smqhm_16_2,11791013,128,10
634502460,smqhm_16_4,10687787,128,10
638926502,smqhm_16_4,10506107,128,10
592092530,smqhm_16_4,10744381,128,10
582029604,smqhm_16_4,10874968,128,10
533166104,smqhm_16_4,9890498,128,10
535515334,smqhm_16_4,9845084,128,10
425498102,smqhm_16_8,9446481,128,10
488297848,smqhm_16_8,8953433,128,10
459457282,smqhm_16_8,9575431,128,10
396270334,smqhm_16_8,9163949,128,10
392817004,smqhm_16_8,9063115,128,10
376991902,smqhm_16_8,9193865,128,10
863443562,smqhm_16_16,9050380,128,10
732788252,smqhm_16_16,9045837,128,10
462536338,smqhm_16_16,8654842,128,10
392829072,smqhm_16_16,8592428,128,10
392963762,smqhm_16_16,8213161,128,10
402725874,smqhm_16_16,8586840,128,10
398618198,smqhm_16_32,8403293,128,10
444491702,smqhm_16_32,8389486,128,10
405486786,smqhm_16_32,8563444,128,10
427146676,smqhm_16_32,8803667,128,10
397311710,smqhm_16_32,8906500,128,10
400158426,smqhm_16_32,8566098,128,10
706205406,smqhm_16_64,8637123,128,10
470012704,smqhm_16_64,8753260,128,10
981953490,smqhm_16_64,8749897,128,10
1988480376,smqhm_16_64,8567106,128,10
718264242,smqhm_16_64,8811806,128,10
934944698,smqhm_16_64,8736820,128,10
607803836,smqhm_16_128,9357879,128,10
538465180,smqhm_16_128,9124759,128,10
1867897892,smqhm_16_128,9215181,128,10
556638358,smqhm_16_128,9261941,128,10
667032886,smqhm_16_128,9328551,128,10
595592434,smqhm_16_128,9284955,128,10
604574566,smqhm_16_256,9568403,128,10
559538602,smqhm_16_256,9381674,128,10
643614986,smqhm_16_256,10137954,128,10
545360482,smqhm_16_256,9283016,128,10
605628380,smqhm_16_256,9720036,128,10
634807656,smqhm_16_256,9471573,128,10
696642982,smqhm_16_512,10510307,128,10
685273534,smqhm_16_512,10846461,128,10
722695902,smqhm_16_512,10830649,128,10
840711198,smqhm_16_512,10146367,128,10
729644270,smqhm_16_512,10853016,128,10
656578772,smqhm_16_512,10305774,128,10
1026973870,smqhm_16_1024,11885109,128,10
1035496928,smqhm_16_1024,11445942,128,10
1109553910,smqhm_16_1024,12568915,128,10
987013940,smqhm_16_1024,11529800,128,10
950774336,smqhm_16_1024,11018732,128,10
1067641842,smqhm_16_1024,11773603,128,10
1754585904,smqhm_32_1,15083166,128,10
1900382192,smqhm_32_1,14399155,128,10
2176969222,smqhm_32_1,15421970,128,10
1698419614,smqhm_32_1,14999556,128,10
1594084078,smqhm_32_1,14607091,128,10
1686804668,smqhm_32_1,14928905,128,10
907287918,smqhm_32_2,13280350,128,10
1018346640,smqhm_32_2,13079875,128,10
1415482216,smqhm_32_2,14499057,128,10
853989190,smqhm_32_2,13436736,128,10
1292823650,smqhm_32_2,13441559,128,10
985948382,smqhm_32_2,13477682,128,10
729755114,smqhm_32_4,12144297,128,10
708953614,smqhm_32_4,12016707,128,10
779331728,smqhm_32_4,11910536,128,10
596212582,smqhm_32_4,11637070,128,10
623773388,smqhm_32_4,11484371,128,10
688705900,smqhm_32_4,12157925,128,10
476709888,smqhm_32_8,10192808,128,10
462084168,smqhm_32_8,10600892,128,10
466577404,smqhm_32_8,10383696,128,10
505497452,smqhm_32_8,10352757,128,10
540072746,smqhm_32_8,10532631,128,10
474403414,smqhm_32_8,10579303,128,10
421503194,smqhm_32_16,9764458,128,10
685927934,smqhm_32_16,9530643,128,10
456021242,smqhm_32_16,10175350,128,10
561271464,smqhm_32_16,9848384,128,10
409347652,smqhm_32_16,9505129,128,10
437168504,smqhm_32_16,10223755,128,10
454136074,smqhm_32_32,9496731,128,10
435154392,smqhm_32_32,8816716,128,10
424417030,smqhm_32_32,9160260,128,10
434059606,smqhm_32_32,8828270,128,10
993548332,smqhm_32_32,9180481,128,10
437849910,smqhm_32_32,9687046,128,10
501626682,smqhm_32_64,8948898,128,10
587478364,smqhm_32_64,9498193,128,10
1037606522,smqhm_32_64,9409032,128,10
479870090,smqhm_32_64,9261184,128,10
566947746,smqhm_32_64,9140325,128,10
980044040,smqhm_32_64,9076096,128,10
491264780,smqhm_32_128,9693490,128,10
3141503214,smqhm_32_128,9628137,128,10
1125816978,smqhm_32_128,9227294,128,10
3678708808,smqhm_32_128,10144498,128,10
2111525224,smqhm_32_128,9470417,128,10
1138546468,smqhm_32_128,9521912,128,10
625883366,smqhm_32_256,10317281,128,10
613026448,smqhm_32_256,9907753,128,10
594533302,smqhm_32_256,9838100,128,10
714205842,smqhm_32_256,9690302,128,10
583527604,smqhm_32_256,10156540,128,10
600583698,smqhm_32_256,9656624,128,10
681761796,smqhm_32_512,10464252,128,10
737894572,smqhm_32_512,10951730,128,10
667914568,smqhm_32_512,10117328,128,10
833909962,smqhm_32_512,10259441,128,10
775013646,smqhm_32_512,11335946,128,10
739216070,smqhm_32_512,11371896,128,10
1115212026,smqhm_32_1024,12043269,128,10
999048488,smqhm_32_1024,11205099,128,10
1073002614,smqhm_32_1024,11569224,128,10
1177741568,smqhm_32_1024,12392104,128,10
1145740902,smqhm_32_1024,11872350,128,10
1183503040,smqhm_32_1024,12372840,128,10
2060234906,smqhm_64_1,17352234,128,10
1772282162,smqhm_64_1,16966701,128,10
2165890644,smqhm_64_1,17433499,128,10
1920496616,smqhm_64_1,16986687,128,10
2480734874,smqhm_64_1,16919585,128,10
2193423722,smqhm_64_1,16856978,128,10
1341562136,smqhm_64_2,16283412,128,10
1069541284,smqhm_64_2,14754859,128,10
1280403186,smqhm_64_2,15425842,128,10
954405264,smqhm_64_2,14346562,128,10
936658530,smqhm_64_2,14574110,128,10
1495997486,smqhm_64_2,15440421,128,10
797591336,smqhm_64_4,13764881,128,10
783334310,smqhm_64_4,13518619,128,10
807123094,smqhm_64_4,14407537,128,10
721247292,smqhm_64_4,13207544,128,10
767970202,smqhm_64_4,13856429,128,10
942115326,smqhm_64_4,13667064,128,10
557791356,smqhm_64_8,12580581,128,10
535233482,smqhm_64_8,12391498,128,10
561356092,smqhm_64_8,12243330,128,10
528812858,smqhm_64_8,12073120,128,10
481808272,smqhm_64_8,11567977,128,10
581260526,smqhm_64_8,12929821,128,10
483222166,smqhm_64_16,11067181,128,10
448470478,smqhm_64_16,11141546,128,10
494090674,smqhm_64_16,11184456,128,10
491207166,smqhm_64_16,11145163,128,10
490216298,smqhm_64_16,11386165,128,10
471426508,smqhm_64_16,10731347,128,10
438919800,smqhm_64_32,10145231,128,10
453221284,smqhm_64_32,10397836,128,10
480173338,smqhm_64_32,10652070,128,10
488699476,smqhm_64_32,10725451,128,10
674483334,smqhm_64_32,9934745,128,10
687876120,smqhm_64_32,10756657,128,10
569551848,smqhm_64_64,9595069,128,10
604697582,smqhm_64_64,10034776,128,10
881956060,smqhm_64_64,10527035,128,10
845484824,smqhm_64_64,10363806,128,10
1434756508,smqhm_64_64,10525195,128,10
1154632156,smqhm_64_64,9457831,128,10
529256956,smqhm_64_128,9453900,128,10
2839729766,smqhm_64_128,10244108,128,10
2211068240,smqhm_64_128,9906678,128,10
531073824,smqhm_64_128,10401626,128,10
998492948,smqhm_64_128,10983572,128,10
608608488,smqhm_64_128,9556078,128,10
547157646,smqhm_64_256,9628774,128,10
586689956,smqhm_64_256,9874699,128,10
695622398,smqhm_64_256,10341589,128,10
583974742,smqhm_64_256,10003932,128,10
830023976,smqhm_64_256,9996414,128,10
673012736,smqhm_64_256,10791344,128,10
772845982,smqhm_64_512,10625810,128,10
998161706,smqhm_64_512,11511615,128,10
859569624,smqhm_64_512,12145110,128,10
826060334,smqhm_64_512,10792383,128,10
720922082,smqhm_64_512,10104775,128,10
822371662,smqhm_64_512,10893377,128,10
1096738928,smqhm_64_1024,10889236,128,10
1158396652,smqhm_64_1024,11652446,128,10
1162374788,smqhm_64_1024,11456925,128,10
1126805886,smqhm_64_1024,12054828,128,10
1106453394,smqhm_64_1024,11238983,128,10
1045519012,smqhm_64_1024,10929373,128,10
2245630512,smqhm_128_1,19522256,128,10
1837420558,smqhm_128_1,17823143,128,10
2980092302,smqhm_128_1,19515762,128,10
2565764004,smqhm_128_1,17804335,128,10
1951817264,smqhm_128_1,18840000,128,10
2230739184,smqhm_128_1,18715616,128,10
1294592096,smqhm_128_2,16989646,128,10
1067001250,smqhm_128_2,17068754,128,10
1228643782,smqhm_128_2,16595000,128,10
1190188824,smqhm_128_2,15818259,128,10
1685137166,smqhm_128_2,17752563,128,10
1519839284,smqhm_128_2,17552240,128,10
1189835844,smqhm_128_4,15885094,128,10
906044390,smqhm_128_4,15793897,128,10
2003887292,smqhm_128_4,15044529,128,10
916384606,smqhm_128_4,15268654,128,10
939791588,smqhm_128_4,14627674,128,10
814128786,smqhm_128_4,15222823,128,10
711214686,smqhm_128_8,14177239,128,10
627676362,smqhm_128_8,13976320,128,10
685756428,smqhm_128_8,14206663,128,10
620233982,smqhm_128_8,13244574,128,10
676569926,smqhm_128_8,15739431,128,10
689391766,smqhm_128_8,14710799,128,10
486103634,smqhm_128_16,12309898,128,10
568388152,smqhm_128_16,12927451,128,10
666305056,smqhm_128_16,14535111,128,10
536531054,smqhm_128_16,12510770,128,10
476071072,smqhm_128_16,12066530,128,10
823773438,smqhm_128_16,12648711,128,10
521569516,smqhm_128_32,11618434,128,10
475178040,smqhm_128_32,11679554,128,10
527106170,smqhm_128_32,12267947,128,10
663409930,smqhm_128_32,11842670,128,10
509880268,smqhm_128_32,11497181,128,10
500369182,smqhm_128_32,11333012,128,10
617641520,smqhm_128_64,10226071,128,10
528230050,smqhm_128_64,11003420,128,10
634320402,smqhm_128_64,11124348,128,10
548629804,smqhm_128_64,11552649,128,10
496390898,smqhm_128_64,10674060,128,10
457881384,smqhm_128_64,10317486,128,10
495681152,smqhm_128_128,10501951,128,10
853162214,smqhm_128_128,9691623,128,10
584863262,smqhm_128_128,10386859,128,10
4096150900,smqhm_128_128,11039153,128,10
1708771474,smqhm_128_128,10968238,128,10
536042378,smqhm_128_128,10594464,128,10
651856484,smqhm_128_256,11002218,128,10
658325466,smqhm_128_256,11506676,128,10
624479406,smqhm_128_256,10682182,128,10
804756076,smqhm_128_256,12153860,128,10
598693464,smqhm_128_256,10466183,128,10
743969056,smqhm_128_256,9740622,128,10
875680830,smqhm_128_512,11193040,128,10
817153416,smqhm_128_512,10948426,128,10
821292562,smqhm_128_512,10775349,128,10
884606304,smqhm_128_512,10677601,128,10
833289926,smqhm_128_512,11279250,128,10
970970198,smqhm_128_512,12164945,128,10
1307414602,smqhm_128_1024,11858990,128,10
1181667168,smqhm_128_1024,11094062,128,10
1350245632,smqhm_128_1024,12554830,128,10
1261083872,smqhm_128_1024,11936327,128,10
1297070916,smqhm_128_1024,11894356,128,10
1583182174,smqhm_128_1024,12837027,128,10
2758498236,smqhm_256_1,20811638,128,10
2654621808,smqhm_256_1,20241738,128,10
2485467408,smqhm_256_1,20753024,128,10
2303220078,smqhm_256_1,21498758,128,10
1821819140,smqhm_256_1,18097064,128,10
1814987206,smqhm_256_1,19407295,128,10
1316782450,smqhm_256_2,18646373,128,10
1161069228,smqhm_256_2,17807655,128,10
1500219562,smqhm_256_2,18703864,128,10
1409737778,smqhm_256_2,19569095,128,10
1430731588,smqhm_256_2,18334141,128,10
1201978686,smqhm_256_2,18223731,128,10
1161883350,smqhm_256_4,18394553,128,10
1112854212,smqhm_256_4,17924467,128,10
1032029832,smqhm_256_4,17391816,128,10
1091881670,smqhm_256_4,18365257,128,10
863692236,smqhm_256_4,15851051,128,10
760114984,smqhm_256_4,15142366,128,10
651189642,smqhm_256_8,15411420,128,10
586010918,smqhm_256_8,14329058,128,10
749604488,smqhm_256_8,16424303,128,10
654834800,smqhm_256_8,15169275,128,10
775610016,smqhm_256_8,16689185,128,10
674907140,smqhm_256_8,15303666,128,10
759844746,smqhm_256_16,13311477,128,10
603811762,smqhm_256_16,14261361,128,10
774826276,smqhm_256_16,15239119,128,10
610367868,smqhm_256_16,14613068,128,10
688901036,smqhm_256_16,15910581,128,10
624446568,smqhm_256_16,14814603,128,10
602669614,smqhm_256_32,13570851,128,10
618514178,smqhm_256_32,13206635,128,10
703241082,smqhm_256_32,14726592,128,10
512740480,smqhm_256_32,12363783,128,10
579355144,smqhm_256_32,13394165,128,10
586190800,smqhm_256_32,13520499,128,10
577251296,smqhm_256_64,12118823,128,10
854022216,smqhm_256_64,13046684,128,10
538188216,smqhm_256_64,12292526,128,10
694065880,smqhm_256_64,12706139,128,10
1034824474,smqhm_256_64,12454780,128,10
738926902,smqhm_256_64,12454402,128,10
571313420,smqhm_256_128,11364435,128,10
710330864,smqhm_256_128,11734148,128,10
619741060,smqhm_256_128,11473406,128,10
616360408,smqhm_256_128,11364456,128,10
565778760,smqhm_256_128,11401342,128,10
2657538826,smqhm_256_128,11718770,128,10
701467992,smqhm_256_256,11793070,128,10
878539350,smqhm_256_256,13420909,128,10
708572006,smqhm_256_256,11728967,128,10
813292788,smqhm_256_256,12103895,128,10
712941104,smqhm_256_256,11925854,128,10
645628824,smqhm_256_256,10950258,128,10
912790304,smqhm_256_512,11531995,128,10
1063509152,smqhm_256_512,12275642,128,10
960608692,smqhm_256_512,12646070,128,10
1004096974,smqhm_256_512,11318008,128,10
1155908470,smqhm_256_512,12364299,128,10
883834496,smqhm_256_512,11522913,128,10
1347798046,smqhm_256_1024,11431177,128,10
1630345810,smqhm_256_1024,13625055,128,10
1381961312,smqhm_256_1024,11563004,128,10
1350347846,smqhm_256_1024,11663576,128,10
1437098984,smqhm_256_1024,12500070,128,10
1483624360,smqhm_256_1024,12090700,128,10
2380641252,smqhm_512_1,21991588,128,10
2586844038,smqhm_512_1,21766045,128,10
2811434952,smqhm_512_1,21799064,128,10
2944854588,smqhm_512_1,20434069,128,10
2476669566,smqhm_512_1,20457823,128,10
2441725180,smqhm_512_1,22998512,128,10
1671339722,smqhm_512_2,19174334,128,10
1245560598,smqhm_512_2,19037812,128,10
1414965710,smqhm_512_2,18040149,128,10
1713881816,smqhm_512_2,20628816,128,10
1557963968,smqhm_512_2,19509791,128,10
1421158006,smqhm_512_2,20524773,128,10
1125780590,smqhm_512_4,18119592,128,10
1106622024,smqhm_512_4,18786606,128,10
984461654,smqhm_512_4,18472848,128,10
987421550,smqhm_512_4,16508144,128,10
1144529070,smqhm_512_4,19469569,128,10
1140963986,smqhm_512_4,18140988,128,10
1036476930,smqhm_512_8,18733507,128,10
716128528,smqhm_512_8,16790755,128,10
683615612,smqhm_512_8,15976330,128,10
705414330,smqhm_512_8,16311291,128,10
824259316,smqhm_512_8,18700433,128,10
947862792,smqhm_512_8,16210936,128,10
656109086,smqhm_512_16,16230917,128,10
641818392,smqhm_512_16,15793579,128,10
723121092,smqhm_512_16,16436055,128,10
587760216,smqhm_512_16,15324261,128,10
687760114,smqhm_512_16,16381426,128,10
700572644,smqhm_512_16,16429550,128,10
617104894,smqhm_512_32,15040778,128,10
652300656,smqhm_512_32,14868802,128,10
1262595322,smqhm_512_32,16271031,128,10
681020266,smqhm_512_32,15380326,128,10
680423594,smqhm_512_32,15806799,128,10
685048866,smqhm_512_32,15673533,128,10
822470410,smqhm_512_64,15333404,128,10
638041446,smqhm_512_64,13137543,128,10
849334100,smqhm_512_64,14828675,128,10
816003918,smqhm_512_64,13830789,128,10
747653088,smqhm_512_64,13809236,128,10
716359882,smqhm_512_64,14403913,128,10
626930584,smqhm_512_128,13292905,128,10
655302778,smqhm_512_128,13121394,128,10
634596168,smqhm_512_128,13060208,128,10
661474592,smqhm_512_128,12513698,128,10
786496920,smqhm_512_128,13884350,128,10
1275468476,smqhm_512_128,13249110,128,10
769911958,smqhm_512_256,12703052,128,10
783562786,smqhm_512_256,13505165,128,10
772181966,smqhm_512_256,12638920,128,10
757243290,smqhm_512_256,13088148,128,10
748763226,smqhm_512_256,12448834,128,10
827533148,smqhm_512_256,12798287,128,10
1047421996,smqhm_512_512,13852222,128,10
959115442,smqhm_512_512,12732759,128,10
972693378,smqhm_512_512,12787894,128,10
1178750792,smqhm_512_512,13560143,128,10
1001554214,smqhm_512_512,12464125,128,10
959176342,smqhm_512_512,12100056,128,10
1659827222,smqhm_512_1024,13194574,128,10
1710944780,smqhm_512_1024,13568355,128,10
1845489862,smqhm_512_1024,13892010,128,10
1649624056,smqhm_512_1024,13248967,128,10
1779600270,smqhm_512_1024,13281502,128,10
1771913006,smqhm_512_1024,13046083,128,10
2923362492,smqhm_1024_1,23313588,128,10
2134857474,smqhm_1024_1,21217771,128,10
2953205620,smqhm_1024_1,21860188,128,10
2907885784,smqhm_1024_1,22948419,128,10
2493968836,smqhm_1024_1,21962612,128,10
2676478106,smqhm_1024_1,22742088,128,10
1649768860,smqhm_1024_2,20855839,128,10
1538403626,smqhm_1024_2,22085925,128,10
1615544144,smqhm_1024_2,21235704,128,10
1373500566,smqhm_1024_2,20410654,128,10
1492837478,smqhm_1024_2,21157536,128,10
1457686766,smqhm_1024_2,20697030,128,10
1185483856,smqhm_1024_4,20020534,128,10
1048714826,smqhm_1024_4,19260727,128,10
1107015514,smqhm_1024_4,20608964,128,10
1127082930,smqhm_1024_4,20592061,128,10
1119974418,smqhm_1024_4,20629656,128,10
1354558002,smqhm_1024_4,21305670,128,10
936625174,smqhm_1024_8,18358489,128,10
746775412,smqhm_1024_8,18799106,128,10
860417350,smqhm_1024_8,19255678,128,10
793860198,smqhm_1024_8,19605108,128,10
726013864,smqhm_1024_8,17470525,128,10
753869498,smqhm_1024_8,18466299,128,10
600520762,smqhm_1024_16,16213339,128,10
682358684,smqhm_1024_16,18575505,128,10
741387300,smqhm_1024_16,19226717,128,10
730053728,smqhm_1024_16,18349191,128,10
683412190,smqhm_1024_16,17576764,128,10
803725854,smqhm_1024_16,18979040,128,10
798680046,smqhm_1024_32,16731919,128,10
669792522,smqhm_1024_32,16934547,128,10
745675334,smqhm_1024_32,17373474,128,10
800735012,smqhm_1024_32,16943403,128,10
773338752,smqhm_1024_32,19026892,128,10
769651878,smqhm_1024_32,17969456,128,10
883810194,smqhm_1024_64,15400995,128,10
1151298678,smqhm_1024_64,17657642,128,10
887577712,smqhm_1024_64,16934279,128,10
807097636,smqhm_1024_64,16295673,128,10
963753538,smqhm_1024_64,15748286,128,10
853905326,smqhm_1024_64,14363738,128,10
1132625924,smqhm_1024_128,14515286,128,10
709004962,smqhm_1024_128,13932178,128,10
2387872772,smqhm_1024_128,15185331,128,10
812459796,smqhm_1024_128,16322714,128,10
1815481876,smqhm_1024_128,14652132,128,10
1436486290,smqhm_1024_128,15614261,128,10
887627132,smqhm_1024_256,13537561,128,10
1071285404,smqhm_1024_256,15165252,128,10
766419680,smqhm_1024_256,12324300,128,10
853770526,smqhm_1024_256,13573719,128,10
908877196,smqhm_1024_256,15021940,128,10
867646418,smqhm_1024_256,14214600,128,10
1087951642,smqhm_1024_512,12988981,128,10
1434368096,smqhm_1024_512,15111333,128,10
1061480078,smqhm_1024_512,14003780,128,10
1065371286,smqhm_1024_512,13139314,128,10
1365644706,smqhm_1024_512,15405673,128,10
1173497842,smqhm_1024_512,14650027,128,10
1813751858,smqhm_1024_1024,14074158,128,10
1890604992,smqhm_1024_1024,14339479,128,10
1860969628,smqhm_1024_1024,14831911,128,10
1831742334,smqhm_1024_1024,13925607,128,10
1901275174,smqhm_1024_1024,14129893,128,10
1903878790,smqhm_1024_1024,14313171,128,10
