3256961670,smqhm_1_1,80869690,128,10
5988443590,smqhm_1_1,80868403,128,10
6302888542,smqhm_1_1,79610315,128,10
5861833160,smqhm_1_1,84696533,128,10
3724818802,smqhm_1_1,78389813,128,10
3311915816,smqhm_1_1,78216359,128,10
4302375764,smqhm_1_2,79132126,128,10
3394487768,smqhm_1_2,78345680,128,10
5624378758,smqhm_1_2,83669346,128,10
4640339812,smqhm_1_2,79947857,128,10
3080774218,smqhm_1_2,77721348,128,10
3419906890,smqhm_1_2,79666830,128,10
4744057628,smqhm_1_4,80800152,128,10
3306353584,smqhm_1_4,77602530,128,10
4857946332,smqhm_1_4,81587708,128,10
5664638078,smqhm_1_4,81530255,128,10
4912201192,smqhm_1_4,80780676,128,10
6502064482,smqhm_1_4,80110720,128,10
3776809072,smqhm_1_8,79488325,128,10
4016136106,smqhm_1_8,81131644,128,10
3722857262,smqhm_1_8,78985382,128,10
4316412214,smqhm_1_8,79767159,128,10
4476512868,smqhm_1_8,80215614,128,10
3806430214,smqhm_1_8,80195201,128,10
7149247438,smqhm_1_16,80140590,128,10
7242227252,smqhm_1_16,84295151,128,10
6535904726,smqhm_1_16,80806879,128,10
7055792288,smqhm_1_16,81928801,128,10
7037178312,smqhm_1_16,80234281,128,10
6841601888,smqhm_1_16,84440097,128,10
9346797036,smqhm_1_32,83757120,128,10
9250092924,smqhm_1_32,78952271,128,10
9614000822,smqhm_1_32,88390440,128,10
9268770974,smqhm_1_32,79220729,128,10
9499387072,smqhm_1_32,84150571,128,10
9387655350,smqhm_1_32,88049550,128,10
14527554710,smqhm_1_64,80949796,128,10
14276632424,smqhm_1_64,80930436,128,10
15756474432,smqhm_1_64,95620243,128,10
16071740062,smqhm_1_64,92239796,128,10
14898607068,smqhm_1_64,84212627,128,10
13529971898,smqhm_1_64,87681758,128,10
17995164222,smqhm_1_128,97157950,128,10
16538169938,smqhm_1_128,82021587,128,10
18420153722,smqhm_1_128,96206629,128,10
15555361134,smqhm_1_128,80879986,128,10
15823286790,smqhm_1_128,82222545,128,10
18191177342,smqhm_1_128,85840540,128,10
20805634096,smqhm_1_256,94745148,128,10
17975991518,smqhm_1_256,83745750,128,10
18311719836,smqhm_1_256,93166200,128,10
17333562710,smqhm_1_256,82515580,128,10
18708648218,smqhm_1_256,86039693,128,10
19783718694,smqhm_1_256,85196187,128,10
15696260248,smqhm_1_512,86528675,128,10
16440742136,smqhm_1_512,94476622,128,10
15698153686,smqhm_1_512,91780073,128,10
14450743644,smqhm_1_512,85126640,128,10
13989649468,smqhm_1_512,103103933,128,10
15231091276,smqhm_1_512,87096203,128,10
8735379356,smqhm_1_1024,91926488,128,10
7716846832,smqhm_1_1024,91268985,128,10
7915040932,smqhm_1_1024,97121222,128,10
8517513478,smqhm_1_1024,94959124,128,10
7806734912,smqhm_1_1024,91561374,128,10
8165863612,smqhm_1_1024,96042422,128,10
4492964528,smqhm_2_1,81259504,128,10
4504703438,smqhm_2_1,80872983,128,10
4056312406,smqhm_2_1,81360408,128,10
3839241686,smqhm_2_1,82432690,128,10
5569856466,smqhm_2_1,82981786,128,10
4632768952,smqhm_2_1,81551622,128,10
4396937416,smqhm_2_2,81060514,128,10
3802451374,smqhm_2_2,78334314,128,10
4356974096,smqhm_2_2,79770228,128,10
4173281546,smqhm_2_2,79031753,128,10
4633790490,smqhm_2_2,79694999,128,10
4503121436,smqhm_2_2,79731698,128,10
3724208322,smqhm_2_4,79349291,128,10
4183539676,smqhm_2_4,83104509,128,10
4192797812,smqhm_2_4,80439610,128,10
4020053152,smqhm_2_4,80547666,128,10
4635476368,smqhm_2_4,79135208,128,10
4358104850,smqhm_2_4,79700216,128,10
3133956586,smqhm_2_8,78528260,128,10
3845129846,smqhm_2_8,92070431,128,10
3776827338,smqhm_2_8,83995210,128,10
3764459464,smqhm_2_8,80086552,128,10
3644672580,smqhm_2_8,80083621,128,10
3681012958,smqhm_2_8,81771428,128,10
4533232670,smqhm_2_16,77862325,128,10
5463971646,smqhm_2_16,84679628,128,10
4703312444,smqhm_2_16,79213856,128,10
4645467160,smqhm_2_16,81192847,128,10
4453420152,smqhm_2_16,78483929,128,10
4694277908,smqhm_2_16,79530143,128,10
5985619462,smqhm_2_32,83075426,128,10
6100952120,smqhm_2_32,82041832,128,10
5976025454,smqhm_2_32,82901749,128,10
6438056398,smqhm_2_32,86346231,128,10
6375897654,smqhm_2_32,84081490,128,10
5911774044,smqhm_2_32,83102824,128,10
9901808166,smqhm_2_64,88660600,128,10
9408264180,smqhm_2_64,85080203,128,10
11680829668,smqhm_2_64,79651928,128,10
9948800362,smqhm_2_64,80963070,128,10
9419111158,smqhm_2_64,79062103,128,10
11200496692,smqhm_2_64,80181068,128,10
14195647276,smqhm_2_128,92195700,128,10
14203678124,smqhm_2_128,81863952,128,10
10877431304,smqhm_2_128,84477862,128,10
11627513292,smqhm_2_128,83409852,128,10
11325583908,smqhm_2_128,86809418,128,10
12885237616,smqhm_2_128,91554593,128,10
13817993070,smqhm_2_256,84624031,128,10
13396146540,smqhm_2_256,85306388,128,10
13490298768,smqhm_2_256,84650636,128,10
13873587150,smqhm_2_256,82846902,128,10
14735152788,smqhm_2_256,88180717,128,10
15571842120,smqhm_2_256,83762153,128,10
12421405260,smqhm_2_512,88560209,128,10
12812877592,smqhm_2_512,86120138,128,10
11680852694,smqhm_2_512,85899934,128,10
11657777166,smqhm_2_512,87456410,128,10
11638049728,smqhm_2_512,87692702,128,10
12592785020,smqhm_2_512,84615843,128,10
8037036806,smqhm_2_1024,98662347,128,10
7617471304,smqhm_2_1024,90055942,128,10
7507153650,smqhm_2_1024,88942396,128,10
7257333712,smqhm_2_1024,90525436,128,10
7553900136,smqhm_2_1024,90284939,128,10
7878398366,smqhm_2_1024,91497282,128,10
4732597724,smqhm_4_1,94990188,128,10
5338290206,smqhm_4_1,96864996,128,10
6316382950,smqhm_4_1,97230983,128,10
6357120592,smqhm_4_1,101839761,128,10
5227068100,smqhm_4_1,93485279,128,10
4932416074,smqhm_4_1,93865721,128,10
3546997272,smqhm_4_2,80327153,128,10
3253403344,smqhm_4_2,80122148,128,10
4664106464,smqhm_4_2,82424725,128,10
4475453150,smqhm_4_2,80728940,128,10
3933646114,smqhm_4_2,83148843,128,10
3626389476,smqhm_4_2,80925288,128,10
3891846656,smqhm_4_4,78828516,128,10
5323672532,smqhm_4_4,89163598,128,10
3561191628,smqhm_4_4,78786803,128,10
4423272044,smqhm_4_4,78496832,128,10
3912097826,smqhm_4_4,78571591,128,10
3226954514,smqhm_4_4,77815031,128,10
3290497936,smqhm_4_8,78000319,128,10
3381956406,smqhm_4_8,77880105,128,10
3854533162,smqhm_4_8,79631088,128,10
2936972656,smqhm_4_8,78098471,128,10
3778152564,smqhm_4_8,82087211,128,10
3572913570,smqhm_4_8,78088045,128,10
3237344240,smqhm_4_16,78294817,128,10
3673800264,smqhm_4_16,80672988,128,10
3684454676,smqhm_4_16,78407652,128,10
3879397820,smqhm_4_16,80962756,128,10
3802565614,smqhm_4_16,78947981,128,10
3695660248,smqhm_4_16,82688966,128,10
4109667510,smqhm_4_32,81675343,128,10
4070336362,smqhm_4_32,80074973,128,10
4498954466,smqhm_4_32,82495627,128,10
4378150902,smqhm_4_32,80998997,128,10
4346921958,smqhm_4_32,81822402,128,10
4231543544,smqhm_4_32,79697710,128,10
6099962664,smqhm_4_64,78820666,128,10
6249102130,smqhm_4_64,81417403,128,10
6553027088,smqhm_4_64,81792389,128,10
7464952058,smqhm_4_64,87948830,128,10
6759719564,smqhm_4_64,93352184,128,10
6118228096,smqhm_4_64,81577575,128,10
7304913148,smqhm_4_128,81017879,128,10
7483066188,smqhm_4_128,80494471,128,10
8576456966,smqhm_4_128,80632942,128,10
8799189044,smqhm_4_128,82111297,128,10
7326924104,smqhm_4_128,84761510,128,10
7403908142,smqhm_4_128,85394577,128,10
10673052360,smqhm_4_256,88379873,128,10
9192155398,smqhm_4_256,83768638,128,10
9508372502,smqhm_4_256,85322793,128,10
8252159372,smqhm_4_256,82113500,128,10
9002291648,smqhm_4_256,81585969,128,10
9719466976,smqhm_4_256,83995839,128,10
9212033012,smqhm_4_512,85963687,128,10
8259662992,smqhm_4_512,93777930,128,10
9428708940,smqhm_4_512,88984984,128,10
8605131906,smqhm_4_512,86351470,128,10
11042933854,smqhm_4_512,92920359,128,10
8864484542,smqhm_4_512,85939376,128,10
7894022442,smqhm_4_1024,89071639,128,10
7316943328,smqhm_4_1024,85558246,128,10
7991232414,smqhm_4_1024,97045834,128,10
8810142992,smqhm_4_1024,100988705,128,10
8278760430,smqhm_4_1024,93852551,128,10
8604676758,smqhm_4_1024,94470293,128,10
8721470158,smqhm_8_1,132725443,128,10
7760496850,smqhm_8_1,121639256,128,10
8152229468,smqhm_8_1,126478157,128,10
5901433702,smqhm_8_1,125490298,128,10
6537944088,smqhm_8_1,122997669,128,10
7244310670,smqhm_8_1,119641245,128,10
3754293548,smqhm_8_2,91187196,128,10
3977056986,smqhm_8_2,91444728,128,10
4796973514,smqhm_8_2,97358414,128,10
3773780102,smqhm_8_2,92333877,128,10
3955350392,smqhm_8_2,92991690,128,10
3946136528,smqhm_8_2,93732761,128,10
3489949562,smqhm_8_4,82094284,128,10
3417526108,smqhm_8_4,80666639,128,10
4016232378,smqhm_8_4,81117900,128,10
3644824690,smqhm_8_4,81275364,128,10
3338235974,smqhm_8_4,81321329,128,10
3282861966,smqhm_8_4,78494307,128,10
3265207574,smqhm_8_8,79532097,128,10
2980391688,smqhm_8_8,78103196,128,10
2852558036,smqhm_8_8,77727712,128,10
3208391448,smqhm_8_8,78311971,128,10
3346732186,smqhm_8_8,80775013,128,10
3336438460,smqhm_8_8,79735346,128,10
3252961382,smqhm_8_16,79940436,128,10
3183550920,smqhm_8_16,79615842,128,10
3253522768,smqhm_8_16,80534783,128,10
3093404534,smqhm_8_16,79316004,128,10
3253762404,smqhm_8_16,78557884,128,10
3192957080,smqhm_8_16,78883845,128,10
3519639462,smqhm_8_32,79836563,128,10
3473515956,smqhm_8_32,78793307,128,10
3555947018,smqhm_8_32,79723669,128,10
3754878454,smqhm_8_32,82349222,128,10
3856389508,smqhm_8_32,86646076,128,10
3666754750,smqhm_8_32,83925025,128,10
5278687556,smqhm_8_64,94212125,128,10
4870137538,smqhm_8_64,82321174,128,10
4122040858,smqhm_8_64,78834756,128,10
4612989244,smqhm_8_64,79676882,128,10
4290658922,smqhm_8_64,81027201,128,10
4799994086,smqhm_8_64,96645317,128,10
5320281160,smqhm_8_128,81570200,128,10
5386344934,smqhm_8_128,86059429,128,10
5195528902,smqhm_8_128,82945363,128,10
4955622168,smqhm_8_128,81610040,128,10
5023165302,smqhm_8_128,81227575,128,10
7137466326,smqhm_8_128,120041778,128,10
6070935338,smqhm_8_256,83330408,128,10
8251805106,smqhm_8_256,84567845,128,10
7039011038,smqhm_8_256,88157546,128,10
6073751716,smqhm_8_256,85568405,128,10
6263785294,smqhm_8_256,83199481,128,10
7074420266,smqhm_8_256,84592354,128,10
7105873706,smqhm_8_512,84427327,128,10
7818146052,smqhm_8_512,84134938,128,10
6971407696,smqhm_8_512,86580140,128,10
7303523840,smqhm_8_512,91595876,128,10
7728755162,smqhm_8_512,88162206,128,10
6854932050,smqhm_8_512,83148384,128,10
8534011092,smqhm_8_1024,91024343,128,10
9428502066,smqhm_8_1024,103179929,128,10
8782722290,smqhm_8_1024,96591000,128,10
8019795098,smqhm_8_1024,86369841,128,10
8417037812,smqhm_8_1024,90776998,128,10
8526335324,smqhm_8_1024,88767147,128,10
11689821238,smqhm_16_1,160289243,128,10
10955406818,smqhm_16_1,160745223,128,10
9252118880,smqhm_16_1,149524827,128,10
9687401684,smqhm_16_1,153389035,128,10
11582901368,smqhm_16_1,170010847,128,10
11308971856,smqhm_16_1,174519462,128,10
6099691916,smqhm_16_2,128593175,128,10
5406580154,smqhm_16_2,117555942,128,10
5797652992,smqhm_16_2,124733115,128,10
5851175878,smqhm_16_2,128329574,128,10
6514808602,smqhm_16_2,129261026,128,10
5322357618,smqhm_16_2,126596635,128,10
3300645998,smqhm_16_4,90235802,128,10
3670701036,smqhm_16_4,92806953,128,10
3859821394,smqhm_16_4,94247983,128,10
4381372820,smqhm_16_4,91162413,128,10
3288801150,smqhm_16_4,93318860,128,10
3927560940,smqhm_16_4,93012283,128,10
3240415562,smqhm_16_8,80076252,128,10
3204558444,smqhm_16_8,81393642,128,10
3323631188,smqhm_16_8,78989817,128,10
3136088248,smqhm_16_8,78913674,128,10
3031560034,smqhm_16_8,78745679,128,10
2924590660,smqhm_16_8,78729235,128,10
3064712950,smqhm_16_16,78404419,128,10
3125175402,smqhm_16_16,90517989,128,10
3069030610,smqhm_16_16,79707022,128,10
3156055774,smqhm_16_16,79411115,128,10
3144128382,smqhm_16_16,78933774,128,10
3201415038,smqhm_16_16,81088930,128,10
3223365296,smqhm_16_32,78604372,128,10
3296128196,smqhm_16_32,78914271,128,10
3302238612,smqhm_16_32,80441346,128,10
3283683922,smqhm_16_32,82288280,128,10
3261414562,smqhm_16_32,78452114,128,10
3176047032,smqhm_16_32,78376100,128,10
3688946300,smqhm_16_64,79700908,128,10
3796096858,smqhm_16_64,81825795,128,10
3744877750,smqhm_16_64,79531780,128,10
3851932024,smqhm_16_64,82353108,128,10
3960792584,smqhm_16_64,84730248,128,10
3467212638,smqhm_16_64,80528558,128,10
4474989158,smqhm_16_128,91011540,128,10
3811634478,smqhm_16_128,80038718,128,10
4127300676,smqhm_16_128,81685372,128,10
4305050106,smqhm_16_128,80843558,128,10
4207646946,smqhm_16_128,80930611,128,10
4163994938,smqhm_16_128,81064368,128,10
5358775032,smqhm_16_256,83561388,128,10
5902116904,smqhm_16_256,82238336,128,10
6003199310,smqhm_16_256,85987990,128,10
4990773880,smqhm_16_256,83655586,128,10
5512112456,smqhm_16_256,84074620,128,10
5350589878,smqhm_16_256,82625618,128,10
6252719524,smqhm_16_512,86147098,128,10
6611891944,smqhm_16_512,87047619,128,10
7514103798,smqhm_16_512,97704506,128,10
6583718832,smqhm_16_512,85157081,128,10
6042596752,smqhm_16_512,83573960,128,10
6560497352,smqhm_16_512,84565232,128,10
8668055794,smqhm_16_1024,92207078,128,10
8742430750,smqhm_16_1024,94914431,128,10
8892238994,smqhm_16_1024,90574423,128,10
8892203540,smqhm_16_1024,91256882,128,10
8067127972,smqhm_16_1024,87741432,128,10
8392147416,smqhm_16_1024,87772775,128,10
14267370300,smqhm_32_1,200036760,128,10
12083761234,smqhm_32_1,204410075,128,10
12403011570,smqhm_32_1,189084100,128,10
16410859054,smqhm_32_1,207281735,128,10
14603212328,smqhm_32_1,213286959,128,10
12028052502,smqhm_32_1,206051925,128,10
6800900448,smqhm_32_2,157251642,128,10
7769418588,smqhm_32_2,161528896,128,10
6825661414,smqhm_32_2,153353176,128,10
7485515600,smqhm_32_2,163030242,128,10
7900909256,smqhm_32_2,160042016,128,10
7503765314,smqhm_32_2,160614828,128,10
4736691238,smqhm_32_4,123378643,128,10
4680367238,smqhm_32_4,114760221,128,10
4873287908,smqhm_32_4,122036026,128,10
5466325504,smqhm_32_4,126725433,128,10
4924287598,smqhm_32_4,122739476,128,10
4938882762,smqhm_32_4,121592326,128,10
3094329248,smqhm_32_8,90653828,128,10
3183542940,smqhm_32_8,94462142,128,10
3294998154,smqhm_32_8,90721707,128,10
3490689056,smqhm_32_8,94195338,128,10
3194908776,smqhm_32_8,94889981,128,10
3134647798,smqhm_32_8,87545108,128,10
3042416754,smqhm_32_16,79790280,128,10
2986961002,smqhm_32_16,80353484,128,10
2963238034,smqhm_32_16,81062381,128,10
2909945646,smqhm_32_16,79076917,128,10
2937328126,smqhm_32_16,79854436,128,10
2986365750,smqhm_32_16,80079223,128,10
3224267672,smqhm_32_32,79044946,128,10
3160067196,smqhm_32_32,80018349,128,10
3340142754,smqhm_32_32,78841698,128,10
3576251324,smqhm_32_32,81706766,128,10
3261592034,smqhm_32_32,78777834,128,10
3209869874,smqhm_32_32,79396108,128,10
3477150218,smqhm_32_64,80527851,128,10
3287386526,smqhm_32_64,79682288,128,10
3433673398,smqhm_32_64,79313857,128,10
3394957482,smqhm_32_64,78566383,128,10
3309710048,smqhm_32_64,78946774,128,10
3353449110,smqhm_32_64,79056973,128,10
4219117970,smqhm_32_128,81233242,128,10
3679940932,smqhm_32_128,80204872,128,10
3803109430,smqhm_32_128,82571557,128,10
3899664090,smqhm_32_128,79275596,128,10
3688263832,smqhm_32_128,82814116,128,10
3801128398,smqhm_32_128,79864332,128,10
4344775922,smqhm_32_256,82087365,128,10
4478011604,smqhm_32_256,80020537,128,10
4244871568,smqhm_32_256,80677280,128,10
4481536510,smqhm_32_256,81641209,128,10
4385152760,smqhm_32_256,83087567,128,10
4930129088,smqhm_32_256,80728871,128,10
6524500396,smqhm_32_512,83794785,128,10
6723627044,smqhm_32_512,83581364,128,10
6497736258,smqhm_32_512,84258520,128,10
6489083400,smqhm_32_512,84661372,128,10
6479508922,smqhm_32_512,85413800,128,10
6463161220,smqhm_32_512,83323668,128,10
10349523170,smqhm_32_1024,104986190,128,10
9795777688,smqhm_32_1024,91132564,128,10
9446600668,smqhm_32_1024,89505469,128,10
9105650062,smqhm_32_1024,88399261,128,10
9198661230,smqhm_32_1024,89060554,128,10
8595506768,smqhm_32_1024,87386885,128,10
14545434600,smqhm_64_1,242646799,128,10
12327064654,smqhm_64_1,227942692,128,10
19328170180,smqhm_64_1,234479514,128,10
19290600792,smqhm_64_1,259465237,128,10
16706137276,smqhm_64_1,247467336,128,10
17526148732,smqhm_64_1,262422135,128,10
8922960898,smqhm_64_2,190149781,128,10
11401341794,smqhm_64_2,202311220,128,10
10109362612,smqhm_64_2,197574301,128,10
6482283014,smqhm_64_2,170291765,128,10
8932208594,smqhm_64_2,197166169,128,10
8440900772,smqhm_64_2,185160435,128,10
6052441634,smqhm_64_4,155189109,128,10
6353868548,smqhm_64_4,163628156,128,10
6611968224,smqhm_64_4,151343557,128,10
5621002068,smqhm_64_4,151677867,128,10
5781506160,smqhm_64_4,153066204,128,10
5563197806,smqhm_64_4,155152959,128,10
3844618854,smqhm_64_8,119026064,128,10
3865058826,smqhm_64_8,117840086,128,10
3770345750,smqhm_64_8,113618616,128,10
4233686990,smqhm_64_8,126686861,128,10
4157727796,smqhm_64_8,127741501,128,10
4449717656,smqhm_64_8,126124917,128,10
3232358968,smqhm_64_16,97056988,128,10
3154556648,smqhm_64_16,94387350,128,10
3267502226,smqhm_64_16,94853877,128,10
3029940380,smqhm_64_16,91308494,128,10
3078817572,smqhm_64_16,92782211,128,10
2976939970,smqhm_64_16,89008650,128,10
3152045370,smqhm_64_32,81918706,128,10
3039040076,smqhm_64_32,81396313,128,10
3068594222,smqhm_64_32,80717290,128,10
3094710620,smqhm_64_32,82117819,128,10
3053254818,smqhm_64_32,80665088,128,10
3179763368,smqhm_64_32,80780402,128,10
3135180716,smqhm_64_64,78683741,128,10
3462189118,smqhm_64_64,78652995,128,10
3084084158,smqhm_64_64,79974374,128,10
3221559366,smqhm_64_64,78843246,128,10
3272979412,smqhm_64_64,81277471,128,10
3510932958,smqhm_64_64,79097154,128,10
3765023096,smqhm_64_128,79877170,128,10
3520804286,smqhm_64_128,79392078,128,10
3670624042,smqhm_64_128,80537295,128,10
3680951028,smqhm_64_128,81209661,128,10
3713832224,smqhm_64_128,79641894,128,10
3481254592,smqhm_64_128,79813573,128,10
4396121642,smqhm_64_256,81252760,128,10
4646735972,smqhm_64_256,83381402,128,10
4696101464,smqhm_64_256,87561048,128,10
4519660176,smqhm_64_256,82838587,128,10
4259033350,smqhm_64_256,80114939,128,10
4753949186,smqhm_64_256,82546372,128,10
6562422180,smqhm_64_512,81343748,128,10
6392761346,smqhm_64_512,84476702,128,10
6892637128,smqhm_64_512,88484535,128,10
6405029740,smqhm_64_512,83326492,128,10
6451458984,smqhm_64_512,83664599,128,10
6423864226,smqhm_64_512,85446097,128,10
9864665730,smqhm_64_1024,86754820,128,10
9009695020,smqhm_64_1024,86681584,128,10
9466395050,smqhm_64_1024,89420451,128,10
9733972596,smqhm_64_1024,84248531,128,10
8957389064,smqhm_64_1024,85576670,128,10
9287259962,smqhm_64_1024,86966913,128,10
20388754346,smqhm_128_1,263512625,128,10
21992628342,smqhm_128_1,304695432,128,10
20480140264,smqhm_128_1,283965425,128,10
19163189198,smqhm_128_1,285808318,128,10
21279285150,smqhm_128_1,294252177,128,10
18320879590,smqhm_128_1,288461826,128,10
10369981962,smqhm_128_2,234444442,128,10
13036734104,smqhm_128_2,241816023,128,10
9649549364,smqhm_128_2,230516105,128,10
6687848470,smqhm_128_2,202056369,128,10
14019577320,smqhm_128_2,227225367,128,10
14028557394,smqhm_128_2,256238584,128,10
8059875180,smqhm_128_4,209080503,128,10
7655238260,smqhm_128_4,203549414,128,10
7037203118,smqhm_128_4,186954698,128,10
8333536200,smqhm_128_4,200886262,128,10
6381114032,smqhm_128_4,180375266,128,10
9660872540,smqhm_128_4,215453409,128,10
4786893684,smqhm_128_8,152884724,128,10
4916590448,smqhm_128_8,147370293,128,10
4670625222,smqhm_128_8,153791396,128,10
4759278596,smqhm_128_8,156348458,128,10
4510282626,smqhm_128_8,147910384,128,10
4923977856,smqhm_128_8,154369579,128,10
4002382526,smqhm_128_16,123972185,128,10
3762660424,smqhm_128_16,117923524,128,10
3999545422,smqhm_128_16,120094845,128,10
3760066130,smqhm_128_16,118393227,128,10
3832259642,smqhm_128_16,123588385,128,10
4130392932,smqhm_128_16,129852105,128,10
3345920196,smqhm_128_32,93802438,128,10
3529679708,smqhm_128_32,103153898,128,10
3391446678,smqhm_128_32,96404798,128,10
3344498274,smqhm_128_32,96005902,128,10
3567008168,smqhm_128_32,102417041,128,10
3514945808,smqhm_128_32,100042823,128,10
3184829632,smqhm_128_64,81901934,128,10
3141615332,smqhm_128_64,83574739,128,10
3210286090,smqhm_128_64,84838314,128,10
3099135528,smqhm_128_64,84613937,128,10
2980743488,smqhm_128_64,81088771,128,10
3108867562,smqhm_128_64,81137938,128,10
3527007924,smqhm_128_128,82148891,128,10
4711237456,smqhm_128_128,96315983,128,10
3500538572,smqhm_128_128,81532073,128,10
3409039394,smqhm_128_128,79842329,128,10
3494972588,smqhm_128_128,81645035,128,10
3476822542,smqhm_128_128,83442333,128,10
4111187004,smqhm_128_256,81124744,128,10
4274287280,smqhm_128_256,82902673,128,10
4173607998,smqhm_128_256,80844350,128,10
4205523546,smqhm_128_256,81084685,128,10
4262642050,smqhm_128_256,83043681,128,10
4071711478,smqhm_128_256,81248184,128,10
6464007136,smqhm_128_512,83775068,128,10
6101603378,smqhm_128_512,82275499,128,10
6251959050,smqhm_128_512,84838895,128,10
6476347936,smqhm_128_512,82455535,128,10
6321524846,smqhm_128_512,85604025,128,10
6382548186,smqhm_128_512,83354673,128,10
10728768098,smqhm_128_1024,86063487,128,10
10842082480,smqhm_128_1024,89168925,128,10
10449730846,smqhm_128_1024,88801375,128,10
10792518200,smqhm_128_1024,92661083,128,10
10004250530,smqhm_128_1024,86018451,128,10
10445976524,smqhm_128_1024,88915079,128,10
33396079106,smqhm_256_1,303473685,128,10
18923916476,smqhm_256_1,291494057,128,10
16158848740,smqhm_256_1,272064247,128,10
14224118680,smqhm_256_1,276886329,128,10
18096953288,smqhm_256_1,301755698,128,10
20844343532,smqhm_256_1,306554210,128,10
13545290120,smqhm_256_2,272303661,128,10
14042182704,smqhm_256_2,278486839,128,10
14965024396,smqhm_256_2,292492536,128,10
13738158600,smqhm_256_2,264712832,128,10
10584786528,smqhm_256_2,253309988,128,10
11895549442,smqhm_256_2,256037449,128,10
9809651600,smqhm_256_4,257417232,128,10
9337521432,smqhm_256_4,237506280,128,10
9258585354,smqhm_256_4,237583542,128,10
8347324936,smqhm_256_4,239770041,128,10
9427915146,smqhm_256_4,240848122,128,10
12064357306,smqhm_256_4,247289876,128,10
6152732920,smqhm_256_8,192562034,128,10
7168124338,smqhm_256_8,214098478,128,10
6942319056,smqhm_256_8,213637985,128,10
6514419576,smqhm_256_8,192252417,128,10
5756003312,smqhm_256_8,185532007,128,10
6644975756,smqhm_256_8,210379818,128,10
4726731628,smqhm_256_16,155672083,128,10
4707025532,smqhm_256_16,158895225,128,10
5619819744,smqhm_256_16,178711243,128,10
4923407500,smqhm_256_16,152752889,128,10
4921038742,smqhm_256_16,161988955,128,10
4640825644,smqhm_256_16,156074521,128,10
4286457726,smqhm_256_32,132922226,128,10
4131412116,smqhm_256_32,125596930,128,10
3904240962,smqhm_256_32,119379193,128,10
4348503266,smqhm_256_32,133403574,128,10
4266380274,smqhm_256_32,130096449,128,10
4221700278,smqhm_256_32,132315073,128,10
3475346850,smqhm_256_64,104242605,128,10
3817109154,smqhm_256_64,108004808,128,10
3630409192,smqhm_256_64,106147293,128,10
3350270960,smqhm_256_64,98493517,128,10
3548783190,smqhm_256_64,103369312,128,10
3401325188,smqhm_256_64,99196895,128,10
3413893560,smqhm_256_128,90360195,128,10
3593929910,smqhm_256_128,93778305,128,10
3524218138,smqhm_256_128,93421581,128,10
3712153652,smqhm_256_128,95593980,128,10
3367947180,smqhm_256_128,89870155,128,10
3333433894,smqhm_256_128,87721451,128,10
4286425674,smqhm_256_256,91867808,128,10
4218638914,smqhm_256_256,89900584,128,10
4208666646,smqhm_256_256,92248213,128,10
4155582272,smqhm_256_256,89147531,128,10
4450082702,smqhm_256_256,93568323,128,10
4425193800,smqhm_256_256,89048098,128,10
6236686840,smqhm_256_512,89752156,128,10
6120597756,smqhm_256_512,87668817,128,10
6045752484,smqhm_256_512,85145489,128,10
6712164256,smqhm_256_512,94621117,128,10
6164382738,smqhm_256_512,88793026,128,10
6508559234,smqhm_256_512,88217738,128,10
11964831624,smqhm_256_1024,95391845,128,10
11348630398,smqhm_256_1024,94680205,128,10
11011515904,smqhm_256_1024,91857148,128,10
11464756476,smqhm_256_1024,87300128,128,10
10501386686,smqhm_256_1024,88930008,128,10
10617657010,smqhm_256_1024,87836143,128,10
19248427892,smqhm_512_1,304696539,128,10
23360287220,smqhm_512_1,335545702,128,10
19726831040,smqhm_512_1,333355715,128,10
23497253754,smqhm_512_1,334412397,128,10
18186093552,smqhm_512_1,316100255,128,10
18568454314,smqhm_512_1,298379837,128,10
13768021642,smqhm_512_2,303462861,128,10
15045542406,smqhm_512_2,310611002,128,10
10902739028,smqhm_512_2,286283014,128,10
13932596840,smqhm_512_2,314335253,128,10
11752369246,smqhm_512_2,285155650,128,10
13179397134,smqhm_512_2,296511323,128,10
10238901794,smqhm_512_4,253993519,128,10
12809919482,smqhm_512_4,305109633,128,10
11912033064,smqhm_512_4,278649285,128,10
11001535518,smqhm_512_4,244233089,128,10
7989704328,smqhm_512_4,230958711,128,10
9930288326,smqhm_512_4,260476089,128,10
6536911920,smqhm_512_8,207061306,128,10
7632525302,smqhm_512_8,237058109,128,10
6296199316,smqhm_512_8,208592334,128,10
6486315562,smqhm_512_8,217382781,128,10
8388306752,smqhm_512_8,249986196,128,10
6951277474,smqhm_512_8,218847009,128,10
5503796232,smqhm_512_16,186436741,128,10
5607966886,smqhm_512_16,190124152,128,10
6169242882,smqhm_512_16,197595994,128,10
5695347846,smqhm_512_16,189536218,128,10
6289263602,smqhm_512_16,214469455,128,10
5913349222,smqhm_512_16,203250094,128,10
5191510606,smqhm_512_32,165657904,128,10
4858200594,smqhm_512_32,149487339,128,10
5079929840,smqhm_512_32,166689022,128,10
5301092842,smqhm_512_32,162870810,128,10
5375366354,smqhm_512_32,173078139,128,10
5349407766,smqhm_512_32,177112553,128,10
4582961620,smqhm_512_64,129088257,128,10
4161566236,smqhm_512_64,117544709,128,10
4181606718,smqhm_512_64,124767119,128,10
4578739238,smqhm_512_64,137086642,128,10
4829132842,smqhm_512_64,148987652,128,10
4318440440,smqhm_512_64,133901051,128,10
4349175478,smqhm_512_128,116853845,128,10
4373873560,smqhm_512_128,118297188,128,10
4358392224,smqhm_512_128,123200873,128,10
4489855386,smqhm_512_128,122209890,128,10
4365350172,smqhm_512_128,118258211,128,10
4053783538,smqhm_512_128,111305360,128,10
5333903398,smqhm_512_256,115124136,128,10
5614266086,smqhm_512_256,120282577,128,10
6255341342,smqhm_512_256,127741588,128,10
5665422618,smqhm_512_256,116741886,128,10
5512953372,smqhm_512_256,112440810,128,10
5474287330,smqhm_512_256,121799493,128,10
7577517800,smqhm_512_512,109817206,128,10
7381370346,smqhm_512_512,106765117,128,10
7841456260,smqhm_512_512,113580134,128,10
7839934030,smqhm_512_512,112039818,128,10
7559000588,smqhm_512_512,108220407,128,10
7604710238,smqhm_512_512,110069358,128,10
13366603906,smqhm_512_1024,107436966,128,10
12014728774,smqhm_512_1024,100314464,128,10
14138910796,smqhm_512_1024,115119264,128,10
14973376550,smqhm_512_1024,124079132,128,10
13861277074,smqhm_512_1024,114498309,128,10
13410454844,smqhm_512_1024,111776195,128,10
22153793236,smqhm_1024_1,334385971,128,10
23762511076,smqhm_1024_1,371531300,128,10
20916885522,smqhm_1024_1,334101556,128,10
21372848286,smqhm_1024_1,355522236,128,10
23592559052,smqhm_1024_1,353288466,128,10
22149005606,smqhm_1024_1,341983663,128,10
14617880268,smqhm_1024_2,318658397,128,10
15000851142,smqhm_1024_2,325969774,128,10
12640762078,smqhm_1024_2,316973354,128,10
17366993552,smqhm_1024_2,349688603,128,10
14607887848,smqhm_1024_2,304771804,128,10
15075037758,smqhm_1024_2,300780665,128,10
13498108146,smqhm_1024_4,293607572,128,10
9165326438,smqhm_1024_4,292659118,128,10
10790050876,smqhm_1024_4,290936138,128,10
9427458648,smqhm_1024_4,291984000,128,10
10719487264,smqhm_1024_4,292025019,128,10
13991250452,smqhm_1024_4,309725516,128,10
8164627104,smqhm_1024_8,256858453,128,10
9048183558,smqhm_1024_8,271742430,128,10
9015078374,smqhm_1024_8,277930141,128,10
8511175432,smqhm_1024_8,254490977,128,10
7880899522,smqhm_1024_8,260169391,128,10
7046584194,smqhm_1024_8,241415610,128,10
6910267024,smqhm_1024_16,230440396,128,10
6128330802,smqhm_1024_16,210858390,128,10
6331868898,smqhm_1024_16,215378062,128,10
6174318390,smqhm_1024_16,215848636,128,10
6106794664,smqhm_1024_16,220301136,128,10
6898043920,smqhm_1024_16,233897969,128,10
5833713226,smqhm_1024_32,185706306,128,10
5827525622,smqhm_1024_32,193811588,128,10
5909665178,smqhm_1024_32,191575944,128,10
5795730622,smqhm_1024_32,187255508,128,10
6545990698,smqhm_1024_32,213163666,128,10
5826514304,smqhm_1024_32,189461808,128,10
5765086598,smqhm_1024_64,172886023,128,10
5415268574,smqhm_1024_64,168288485,128,10
4891677558,smqhm_1024_64,153521191,128,10
5282134832,smqhm_1024_64,171423465,128,10
5054896568,smqhm_1024_64,158948333,128,10
4889948424,smqhm_1024_64,158005655,128,10
5617563926,smqhm_1024_128,160987951,128,10
5314597674,smqhm_1024_128,151232688,128,10
5141744532,smqhm_1024_128,140150104,128,10
5695292944,smqhm_1024_128,152399568,128,10
5364405888,smqhm_1024_128,149643785,128,10
6071649558,smqhm_1024_128,153190147,128,10
6890210090,smqhm_1024_256,150143228,128,10
7083172290,smqhm_1024_256,153855824,128,10
6268183196,smqhm_1024_256,143771907,128,10
6764713698,smqhm_1024_256,147448538,128,10
7214970722,smqhm_1024_256,156584214,128,10
6623642264,smqhm_1024_256,142624949,128,10
10235214410,smqhm_1024_512,143890330,128,10
10389864964,smqhm_1024_512,142334958,128,10
10067214682,smqhm_1024_512,140519695,128,10
9548486688,smqhm_1024_512,137684531,128,10
9234413498,smqhm_1024_512,132930881,128,10
9512334434,smqhm_1024_512,134964826,128,10
18145493756,smqhm_1024_1024,147627969,128,10
17281559912,smqhm_1024_1024,135613132,128,10
17398033224,smqhm_1024_1024,133686881,128,10
18506613408,smqhm_1024_1024,145641598,128,10
17840540402,smqhm_1024_1024,139720164,128,10
19855943072,smqhm_1024_1024,155449157,128,10
