901577884,slsmqhmnuma_16_2_1,39672366,128
895706268,slsmqhmnuma_16_2_1,39601362,128
905302522,slsmqhmnuma_16_2_1,39748636,128
897127692,slsmqhmnuma_16_2_1,39682716,128
889567126,slsmqhmnuma_16_2_1,39713048,128
897282552,slsmqhmnuma_16_2_2,39716722,128
900180356,slsmqhmnuma_16_2_2,39962329,128
889649506,slsmqhmnuma_16_2_2,39678953,128
893921972,slsmqhmnuma_16_2_2,39656803,128
896459632,slsmqhmnuma_16_2_2,39812962,128
897926998,slsmqhmnuma_16_2_4,39794991,128
896908598,slsmqhmnuma_16_2_4,39923117,128
887231080,slsmqhmnuma_16_2_4,39663262,128
884144098,slsmqhmnuma_16_2_4,39721432,128
891516208,slsmqhmnuma_16_2_4,39679664,128
900030270,slsmqhmnuma_16_2_8,39851218,128
898142658,slsmqhmnuma_16_2_8,39707174,128
892899782,slsmqhmnuma_16_2_8,39689254,128
891974422,slsmqhmnuma_16_2_8,39693135,128
893993508,slsmqhmnuma_16_2_8,39653838,128
889903788,slsmqhmnuma_16_2_16,39656564,128
895290568,slsmqhmnuma_16_2_16,39821350,128
892160788,slsmqhmnuma_16_2_16,39599399,128
889326246,slsmqhmnuma_16_2_16,39633155,128
895811092,slsmqhmnuma_16_2_16,39695199,128
890387518,slsmqhmnuma_16_2_32,39805127,128
886320790,slsmqhmnuma_16_2_32,39619738,128
891830012,slsmqhmnuma_16_2_32,39727962,128
896871226,slsmqhmnuma_16_2_32,39861326,128
891693594,slsmqhmnuma_16_2_32,39631975,128
915592598,slsmqhmnuma_16_2_64,39762725,128
895854922,slsmqhmnuma_16_2_64,39817093,128
889951052,slsmqhmnuma_16_2_64,39787617,128
881771388,slsmqhmnuma_16_2_64,39576179,128
895441842,slsmqhmnuma_16_2_64,39738351,128
885006484,slsmqhmnuma_16_2_128,39637767,128
889009888,slsmqhmnuma_16_2_128,39784737,128
886937024,slsmqhmnuma_16_2_128,39843733,128
889956800,slsmqhmnuma_16_2_128,39818100,128
896849270,slsmqhmnuma_16_2_128,39902669,128
894566558,slsmqhmnuma_16_2_256,39627168,128
899817788,slsmqhmnuma_16_2_256,39726446,128
895124776,slsmqhmnuma_16_2_256,39801864,128
899248294,slsmqhmnuma_16_2_256,39978879,128
893563516,slsmqhmnuma_16_2_256,39581763,128
896215336,slsmqhmnuma_16_2_512,39778160,128
887037066,slsmqhmnuma_16_2_512,39633013,128
895935090,slsmqhmnuma_16_2_512,39846746,128
893051160,slsmqhmnuma_16_2_512,39844777,128
894548152,slsmqhmnuma_16_2_512,39888371,128
888354558,slsmqhmnuma_16_2_1024,39823112,128
890250340,slsmqhmnuma_16_2_1024,39799748,128
884705480,slsmqhmnuma_16_2_1024,39618227,128
888762170,slsmqhmnuma_16_2_1024,39773755,128
895737012,slsmqhmnuma_16_2_1024,39800305,128
