282701314,slsmqhmnuma_8_2_1,10389194,128
285562706,slsmqhmnuma_8_2_1,10482345,128
282340078,slsmqhmnuma_8_2_1,10399182,128
284607068,slsmqhmnuma_8_2_1,10438954,128
284129904,slsmqhmnuma_8_2_1,10473262,128
277942990,slsmqhmnuma_8_2_2,10396650,128
282833336,slsmqhmnuma_8_2_2,10433873,128
280424710,slsmqhmnuma_8_2_2,10419890,128
283674738,slsmqhmnuma_8_2_2,10462984,128
282925758,slsmqhmnuma_8_2_2,10427334,128
280093996,slsmqhmnuma_8_2_4,10449917,128
283100096,slsmqhmnuma_8_2_4,10439142,128
281712842,slsmqhmnuma_8_2_4,10458463,128
282574956,slsmqhmnuma_8_2_4,10463369,128
279959974,slsmqhmnuma_8_2_4,10400902,128
281251760,slsmqhmnuma_8_2_8,10387145,128
281605838,slsmqhmnuma_8_2_8,10382242,128
281978912,slsmqhmnuma_8_2_8,10490477,128
283822992,slsmqhmnuma_8_2_8,10435426,128
281366290,slsmqhmnuma_8_2_8,10412776,128
282283986,slsmqhmnuma_8_2_16,10446685,128
280793998,slsmqhmnuma_8_2_16,10439654,128
278125096,slsmqhmnuma_8_2_16,10441561,128
279825818,slsmqhmnuma_8_2_16,10427712,128
280965046,slsmqhmnuma_8_2_16,10413844,128
281854832,slsmqhmnuma_8_2_32,10431386,128
279267934,slsmqhmnuma_8_2_32,10439103,128
279429584,slsmqhmnuma_8_2_32,10398634,128
280178594,slsmqhmnuma_8_2_32,10493448,128
277372500,slsmqhmnuma_8_2_32,10382394,128
280123262,slsmqhmnuma_8_2_64,10420082,128
282420906,slsmqhmnuma_8_2_64,10433612,128
277463266,slsmqhmnuma_8_2_64,10424522,128
280463502,slsmqhmnuma_8_2_64,10444388,128
280637572,slsmqhmnuma_8_2_64,10486068,128
280428754,slsmqhmnuma_8_2_128,10414109,128
280391552,slsmqhmnuma_8_2_128,10468749,128
281142540,slsmqhmnuma_8_2_128,10403394,128
281008678,slsmqhmnuma_8_2_128,10493575,128
278399194,slsmqhmnuma_8_2_128,10404799,128
281182754,slsmqhmnuma_8_2_256,10456196,128
279048098,slsmqhmnuma_8_2_256,10439209,128
278957008,slsmqhmnuma_8_2_256,10399486,128
278486222,slsmqhmnuma_8_2_256,10437742,128
280217320,slsmqhmnuma_8_2_256,10436731,128
277744434,slsmqhmnuma_8_2_512,10415743,128
280818172,slsmqhmnuma_8_2_512,10439842,128
283318850,slsmqhmnuma_8_2_512,10344490,128
280645062,slsmqhmnuma_8_2_512,10409207,128
278117510,slsmqhmnuma_8_2_512,10426449,128
278666572,slsmqhmnuma_8_2_1024,10402644,128
282460694,slsmqhmnuma_8_2_1024,10412908,128
279109254,slsmqhmnuma_8_2_1024,10432126,128
278797410,slsmqhmnuma_8_2_1024,10394592,128
283551624,slsmqhmnuma_8_2_1024,10412271,128
