519168524,slsmqhmnuma_32_4_1,26968095,128
521545974,slsmqhmnuma_32_4_1,27035241,128
521157248,slsmqhmnuma_32_4_1,27022370,128
518439236,slsmqhmnuma_32_4_1,26826586,128
519244590,slsmqhmnuma_32_4_1,27058782,128
502683898,slsmqhmnuma_32_4_2,26960571,128
518218974,slsmqhmnuma_32_4_2,27020957,128
518804728,slsmqhmnuma_32_4_2,26948588,128
519755828,slsmqhmnuma_32_4_2,26922831,128
520114154,slsmqhmnuma_32_4_2,26993662,128
522417608,slsmqhmnuma_32_4_4,27056609,128
517953836,slsmqhmnuma_32_4_4,26938816,128
514738840,slsmqhmnuma_32_4_4,26977133,128
518894438,slsmqhmnuma_32_4_4,27045143,128
523117390,slsmqhmnuma_32_4_4,26998648,128
516928280,slsmqhmnuma_32_4_8,27017753,128
519331272,slsmqhmnuma_32_4_8,26975698,128
511414168,slsmqhmnuma_32_4_8,26997426,128
521067362,slsmqhmnuma_32_4_8,27009596,128
516577638,slsmqhmnuma_32_4_8,27037619,128
514646150,slsmqhmnuma_32_4_16,27004003,128
519044632,slsmqhmnuma_32_4_16,26950493,128
522800950,slsmqhmnuma_32_4_16,27029546,128
519815404,slsmqhmnuma_32_4_16,27049191,128
521048846,slsmqhmnuma_32_4_16,26947706,128
520127118,slsmqhmnuma_32_4_32,26992320,128
509737850,slsmqhmnuma_32_4_32,27012673,128
523386540,slsmqhmnuma_32_4_32,27022396,128
515964750,slsmqhmnuma_32_4_32,26992004,128
522136342,slsmqhmnuma_32_4_32,27054229,128
517992978,slsmqhmnuma_32_4_64,26974088,128
518182938,slsmqhmnuma_32_4_64,27079391,128
517300262,slsmqhmnuma_32_4_64,26988296,128
514911342,slsmqhmnuma_32_4_64,27019840,128
515120344,slsmqhmnuma_32_4_64,27016577,128
517279664,slsmqhmnuma_32_4_128,26993821,128
519444610,slsmqhmnuma_32_4_128,27023748,128
512623762,slsmqhmnuma_32_4_128,26958310,128
515677930,slsmqhmnuma_32_4_128,26991314,128
515276918,slsmqhmnuma_32_4_128,26944262,128
519422502,slsmqhmnuma_32_4_256,27092802,128
514702604,slsmqhmnuma_32_4_256,27053287,128
499863564,slsmqhmnuma_32_4_256,27063691,128
520130040,slsmqhmnuma_32_4_256,26972903,128
510881856,slsmqhmnuma_32_4_256,26913372,128
515825818,slsmqhmnuma_32_4_512,27022714,128
517183688,slsmqhmnuma_32_4_512,27032927,128
513309852,slsmqhmnuma_32_4_512,26952844,128
517506802,slsmqhmnuma_32_4_512,26949767,128
514026916,slsmqhmnuma_32_4_512,27033389,128
515164864,slsmqhmnuma_32_4_1024,26973595,128
513732432,slsmqhmnuma_32_4_1024,27099000,128
519076718,slsmqhmnuma_32_4_1024,26936221,128
514059798,slsmqhmnuma_32_4_1024,26971503,128
524492566,slsmqhmnuma_32_4_1024,27041849,128
