4918253476,slsmqhmnuma_32_64_1,46441232,128
4868805176,slsmqhmnuma_32_64_1,46384576,128
4968529838,slsmqhmnuma_32_64_1,46630075,128
6033670964,slsmqhmnuma_32_64_1,48116793,128
6457054566,slsmqhmnuma_32_64_1,48332244,128
7732811484,slsmqhmnuma_32_64_2,47725210,128
4902965898,slsmqhmnuma_32_64_2,46440243,128
4976742024,slsmqhmnuma_32_64_2,45063547,128
4953080066,slsmqhmnuma_32_64_2,45772685,128
6407860908,slsmqhmnuma_32_64_2,45188707,128
5343775934,slsmqhmnuma_32_64_4,43012166,128
4887686300,slsmqhmnuma_32_64_4,45948352,128
5458128966,slsmqhmnuma_32_64_4,46914581,128
6370724216,slsmqhmnuma_32_64_4,44388187,128
4671718574,slsmqhmnuma_32_64_4,45037548,128
6467227832,slsmqhmnuma_32_64_8,46211385,128
4921223730,slsmqhmnuma_32_64_8,46504993,128
4669837738,slsmqhmnuma_32_64_8,47079580,128
4508210564,slsmqhmnuma_32_64_8,45917443,128
5293290722,slsmqhmnuma_32_64_8,47158016,128
5857698906,slsmqhmnuma_32_64_16,44068186,128
6319312254,slsmqhmnuma_32_64_16,48082760,128
6220041102,slsmqhmnuma_32_64_16,46992342,128
5596019574,slsmqhmnuma_32_64_16,46529307,128
4577232940,slsmqhmnuma_32_64_16,45742664,128
5475672466,slsmqhmnuma_32_64_32,45709338,128
5049746880,slsmqhmnuma_32_64_32,47345543,128
5509007530,slsmqhmnuma_32_64_32,45151353,128
5758257644,slsmqhmnuma_32_64_32,46862000,128
4968381764,slsmqhmnuma_32_64_32,46887165,128
5266144210,slsmqhmnuma_32_64_64,46338117,128
5653952390,slsmqhmnuma_32_64_64,47309434,128
5513589956,slsmqhmnuma_32_64_64,47153271,128
6165025952,slsmqhmnuma_32_64_64,47228422,128
5006376386,slsmqhmnuma_32_64_64,45960935,128
5721775932,slsmqhmnuma_32_64_128,46906196,128
5031619956,slsmqhmnuma_32_64_128,46741262,128
5760736748,slsmqhmnuma_32_64_128,45751587,128
5302320152,slsmqhmnuma_32_64_128,44914623,128
5247926134,slsmqhmnuma_32_64_128,45312297,128
5249255638,slsmqhmnuma_32_64_256,45214752,128
4783355162,slsmqhmnuma_32_64_256,48765195,128
4767049886,slsmqhmnuma_32_64_256,46268732,128
5337892552,slsmqhmnuma_32_64_256,47022879,128
5964159018,slsmqhmnuma_32_64_256,45901142,128
5781009320,slsmqhmnuma_32_64_512,45893883,128
5822593550,slsmqhmnuma_32_64_512,46726070,128
5557748356,slsmqhmnuma_32_64_512,47700282,128
6094898038,slsmqhmnuma_32_64_512,49683139,128
5024980806,slsmqhmnuma_32_64_512,45815090,128
5276642732,slsmqhmnuma_32_64_1024,45373569,128
5358549864,slsmqhmnuma_32_64_1024,45892367,128
4773201814,slsmqhmnuma_32_64_1024,47023264,128
5120239190,slsmqhmnuma_32_64_1024,47858998,128
5460398706,slsmqhmnuma_32_64_1024,47960753,128
