6079607460,slsmqhmnuma_32_64_1,85971061,128,0
6058122626,slsmqhmnuma_32_64_1,86036197,128,0
5907680294,slsmqhmnuma_32_64_1,85907419,128,0
6178187138,slsmqhmnuma_32_64_1,86285424,128,0
5955862126,slsmqhmnuma_32_64_1,85816879,128,0
6244779532,slsmqhmnuma_32_64_2,85992963,128,0
5991701870,slsmqhmnuma_32_64_2,86181821,128,0
6068512616,slsmqhmnuma_32_64_2,86269881,128,0
6016349946,slsmqhmnuma_32_64_2,85851098,128,0
6018915862,slsmqhmnuma_32_64_2,85947773,128,0
6030732018,slsmqhmnuma_32_64_4,85918983,128,0
6101428780,slsmqhmnuma_32_64_4,86176749,128,0
6027321888,slsmqhmnuma_32_64_4,86128107,128,0
6030055200,slsmqhmnuma_32_64_4,86127821,128,0
6056396612,slsmqhmnuma_32_64_4,85864571,128,0
5959295388,slsmqhmnuma_32_64_8,85677396,128,0
6113038692,slsmqhmnuma_32_64_8,86110956,128,0
6084511194,slsmqhmnuma_32_64_8,85906150,128,0
6045349292,slsmqhmnuma_32_64_8,85928571,128,0
6197939630,slsmqhmnuma_32_64_8,85908768,128,0
5980781194,slsmqhmnuma_32_64_16,85906354,128,0
5961398704,slsmqhmnuma_32_64_16,85709589,128,0
6284714814,slsmqhmnuma_32_64_16,86171147,128,0
6092620376,slsmqhmnuma_32_64_16,86103690,128,0
6019706364,slsmqhmnuma_32_64_16,85817060,128,0
5969433214,slsmqhmnuma_32_64_32,86118109,128,0
6051013264,slsmqhmnuma_32_64_32,86151399,128,0
5904089932,slsmqhmnuma_32_64_32,86014743,128,0
6034945198,slsmqhmnuma_32_64_32,86174300,128,0
5944296974,slsmqhmnuma_32_64_32,86002045,128,0
6232861246,slsmqhmnuma_32_64_64,86041900,128,0
6041501658,slsmqhmnuma_32_64_64,86177313,128,0
5938830290,slsmqhmnuma_32_64_64,85895760,128,0
5984170866,slsmqhmnuma_32_64_64,86116396,128,0
6036241718,slsmqhmnuma_32_64_64,86729077,128,0
5991015916,slsmqhmnuma_32_64_128,86127341,128,0
6066020484,slsmqhmnuma_32_64_128,86246737,128,0
5952843200,slsmqhmnuma_32_64_128,86002375,128,0
5990984224,slsmqhmnuma_32_64_128,86236377,128,0
6125043558,slsmqhmnuma_32_64_128,85992359,128,0
5987364394,slsmqhmnuma_32_64_256,86014640,128,0
6052373442,slsmqhmnuma_32_64_256,85902072,128,0
6012284860,slsmqhmnuma_32_64_256,85617441,128,0
5996825852,slsmqhmnuma_32_64_256,86229660,128,0
6028936936,slsmqhmnuma_32_64_256,86192899,128,0
5970451482,slsmqhmnuma_32_64_512,85871176,128,0
6048886524,slsmqhmnuma_32_64_512,85989333,128,0
6025563332,slsmqhmnuma_32_64_512,85919307,128,0
5959204230,slsmqhmnuma_32_64_512,85963576,128,0
5985398388,slsmqhmnuma_32_64_512,85917981,128,0
5988229454,slsmqhmnuma_32_64_1024,85859578,128,0
5985071346,slsmqhmnuma_32_64_1024,85909677,128,0
6189287592,slsmqhmnuma_32_64_1024,85910546,128,0
5963954522,slsmqhmnuma_32_64_1024,86076506,128,0
6184397346,slsmqhmnuma_32_64_1024,85733570,128,0
