6972519580,kLSM_256,10943204,1,14
6946735940,kLSM_256,10938635,1,14
6947010580,kLSM_256,10932904,1,14
6939623700,kLSM_256,10928380,1,14
6939970200,kLSM_256,10932199,1,14
6898243480,kLSM_256,10937197,1,14
6950818320,kLSM_256,10959068,1,14
6955861760,kLSM_256,10915440,1,14
6918625960,kLSM_256,10941419,1,14
6919056400,kLSM_256,10924488,1,14
3979765000,kLSM_256,10850576,2,14
3934904940,kLSM_256,10866928,2,14
3936861920,kLSM_256,10849937,2,14
3913705540,kLSM_256,10855899,2,14
3877395900,kLSM_256,10857290,2,14
3917372800,kLSM_256,10838263,2,14
3957950140,kLSM_256,10860968,2,14
3930801100,kLSM_256,10832762,2,14
3941752200,kLSM_256,10849514,2,14
3903500380,kLSM_256,10847218,2,14
1983443700,kLSM_256,10714578,4,14
1980125360,kLSM_256,10706717,4,14
1982137080,kLSM_256,10705489,4,14
1969732880,kLSM_256,10677083,4,14
1972141120,kLSM_256,10692324,4,14
1973631780,kLSM_256,10694695,4,14
1973260440,kLSM_256,10665889,4,14
1980069600,kLSM_256,10708893,4,14
1970351620,kLSM_256,10692927,4,14
1991809820,kLSM_256,10720137,4,14
1722906600,kLSM_256,10531999,8,14
1725501420,kLSM_256,10525239,8,14
1740762800,kLSM_256,10523394,8,14
1724656440,kLSM_256,10492754,8,14
1733322240,kLSM_256,10503075,8,14
1728245860,kLSM_256,10551946,8,14
1741890600,kLSM_256,10518288,8,14
1713284000,kLSM_256,10502160,8,14
1722070280,kLSM_256,10513049,8,14
1734674080,kLSM_256,10546937,8,14
958215800,kLSM_256,10638876,16,14
948902460,kLSM_256,10615428,16,14
946336060,kLSM_256,10700060,16,14
953718600,kLSM_256,10717687,16,14
964274500,kLSM_256,10712531,16,14
953998360,kLSM_256,10744763,16,14
958163300,kLSM_256,10688648,16,14
958030640,kLSM_256,10662476,16,14
973776280,kLSM_256,10644630,16,14
950534220,kLSM_256,10656682,16,14
489174900,kLSM_256,12521271,32,14
492998780,kLSM_256,12754757,32,14
494180460,kLSM_256,12713671,32,14
487961020,kLSM_256,12646701,32,14
516024420,kLSM_256,12649347,32,14
488757340,kLSM_256,12656402,32,14
489903920,kLSM_256,12597609,32,14
487166580,kLSM_256,12633803,32,14
488125760,kLSM_256,12557490,32,14
493528900,kLSM_256,12500053,32,14
374946060,kLSM_256,18606721,64,14
363881900,kLSM_256,18196539,64,14
367518860,kLSM_256,18159084,64,14
369849500,kLSM_256,18380756,64,14
375458980,kLSM_256,18391165,64,14
383629640,kLSM_256,18871735,64,14
363594580,kLSM_256,18167020,64,14
384659860,kLSM_256,18498355,64,14
371144180,kLSM_256,18414084,64,14
368394960,kLSM_256,18478026,64,14
400099980,kLSM_256,27937060,128,14
404743360,kLSM_256,28428408,128,14
414142280,kLSM_256,28414113,128,14
384814020,kLSM_256,28223424,128,14
408156700,kLSM_256,28392830,128,14
389627540,kLSM_256,27980142,128,14
400635700,kLSM_256,28633982,128,14
418012320,kLSM_256,28748063,128,14
412528180,kLSM_256,28418159,128,14
375673560,kLSM_256,27565865,128,14
511150400,kLSM_256,43987258,256,14
564073180,kLSM_256,44864729,256,14
585015040,kLSM_256,45137192,256,14
700329960,kLSM_256,45726716,256,14
571999720,kLSM_256,45301758,256,14
540810280,kLSM_256,44208891,256,14
542370560,kLSM_256,44526012,256,14
536322120,kLSM_256,45510356,256,14
602889940,kLSM_256,46057338,256,14
563515460,kLSM_256,45469786,256,14
