29809796900,kLSM_256,44580802,1,14
29764550560,kLSM_256,44560259,1,14
29832928400,kLSM_256,44574042,1,14
29920539240,kLSM_256,44646496,1,14
29782975420,kLSM_256,44603595,1,14
29873630600,kLSM_256,44591483,1,14
17218835800,29839235960,kLSM_256,44631772,1,14
29842091940,kLSM_256,44606828,1,14
29795545420,kLSM_256,44553602,1,14
16609994960,kLSM_256,41943060,2,14
16574422600,kLSM_256,41946628,2,14
16564804200,kLSM_256,41910276,2,14
16474625340,kLSM_256,41873144,2,14
16584249480,kLSM_256,41914436,2,14
16682531860,kLSM_256,41935254,2,14
16613266960,kLSM_256,41937167,2,14
16479618420,kLSM_256,41892814,2,14
16700309520,kLSM_256,42000012,2,14
16464982220,8888717040,kLSM_256,41506307,4,14
8910104600,kLSM_256,41512044,4,14
8894636220,kLSM_256,41466606,4,14
8902593740,kLSM_256,41508955,4,14
9236685160,kLSM_256,41564006,4,14
8920421560,kLSM_256,41507929,4,14
8891969740,kLSM_256,41433211,4,14
8892193860,kLSM_256,41481700,4,14
8946065440,kLSM_256,41529598,4,14
8852114260,kLSM_256,41492576,4,14
8028705740,kLSM_256,40727891,8,14
8083866280,kLSM_256,40822476,8,14
8074898740,kLSM_256,40767823,8,14
8035691780,kLSM_256,40733896,8,14
8103937840,kLSM_256,40746321,8,14
8032952420,kLSM_256,40776533,8,14
8045851920,kLSM_256,40752413,8,14
8041535260,kLSM_256,40718781,8,14
8021458660,kLSM_256,40723854,8,14
8027331360,kLSM_256,40800912,8,14
5095217100,kLSM_256,40266836,16,14
5089685260,kLSM_256,40199517,16,14
5088746500,kLSM_256,40243736,16,14
5099443860,kLSM_256,40276361,16,14
5069058140,kLSM_256,40241470,16,14
5088009400,kLSM_256,40224223,16,14
5074947700,kLSM_256,40204835,16,14
5057215620,kLSM_256,40218561,16,14
5106543380,kLSM_256,40218373,16,14
5051864740,kLSM_256,40251574,16,14
2856651000,kLSM_256,42465544,32,14
2884365200,kLSM_256,42422206,32,14
2872444820,kLSM_256,42199608,32,14
2867782600,kLSM_256,42333761,32,14
2878905320,kLSM_256,42426197,32,14
2861344860,kLSM_256,42361753,32,14
2849747900,kLSM_256,42400758,32,14
2871512040,kLSM_256,42336392,32,14
2857492560,kLSM_256,42288937,32,14
2882733300,kLSM_256,42294768,32,14
1271119100,kLSM_256,52667056,64,14
1285828240,kLSM_256,53054052,64,14
1283264280,kLSM_256,52773792,64,14
1298399040,kLSM_256,52674223,64,14
1268292300,kLSM_256,52914677,64,14
1288663080,kLSM_256,53403284,64,14
1272177980,kLSM_256,52853242,64,14
1286880240,kLSM_256,53088127,64,14
1270873100,kLSM_256,52500728,64,14
1264283060,kLSM_256,52862421,64,14
961596500,kLSM_256,77830127,128,14
956468180,kLSM_256,77462395,128,14
960402980,kLSM_256,77692288,128,14
952782120,kLSM_256,77595070,128,14
992615100,kLSM_256,78616105,128,14
969411320,kLSM_256,77961935,128,14
972456140,kLSM_256,78668660,128,14
1006305340,kLSM_256,79186902,128,14
997996720,kLSM_256,79109886,128,14
971004280,kLSM_256,78049974,128,14
1284485360,kLSM_256,127484564,256,14
1421214560,kLSM_256,127693170,256,14
1247421940,kLSM_256,128210044,256,14
1232138220,kLSM_256,128906756,256,14
1288862520,kLSM_256,127276207,256,14
1222968720,kLSM_256,127907732,256,14
1249881520,kLSM_256,126490527,256,14
1273236040,kLSM_256,128709972,256,14
1280259940,kLSM_256,128214628,256,14
1257919180,kLSM_256,127909817,256,14
