303149419980,kLSM_4194304,52598216,1,0
322320049980,kLSM_4194304,58315900,1,0
286921025360,kLSM_4194304,50153503,1,0
304003266960,kLSM_4194304,54530031,1,0
297601135000,kLSM_4194304,51799839,1,0
286676090580,kLSM_4194304,50639249,1,0
292201975260,kLSM_4194304,57587177,1,0
318132208600,kLSM_4194304,56743307,1,0
292337579140,kLSM_4194304,49971621,1,0
293534078140,kLSM_4194304,51033635,1,0
128152966400,kLSM_4194304,44477514,2,0
135416632100,kLSM_4194304,44895849,2,0
121103666640,kLSM_4194304,42244422,2,0
130468108100,kLSM_4194304,44044144,2,0
125297702580,kLSM_4194304,42757582,2,0
130365542440,kLSM_4194304,43188554,2,0
130471641500,kLSM_4194304,44417878,2,0
137848865600,kLSM_4194304,46618887,2,0
129214260780,kLSM_4194304,42859520,2,0
125672396520,kLSM_4194304,43337098,2,0
66509182780,kLSM_4194304,44265963,4,0
64490837360,kLSM_4194304,43773253,4,0
64532828320,kLSM_4194304,44725531,4,0
63420690000,kLSM_4194304,44681738,4,0
61834797520,kLSM_4194304,43892677,4,0
64718318960,kLSM_4194304,44858921,4,0
68524788560,kLSM_4194304,45111418,4,0
63750999060,kLSM_4194304,43943107,4,0
64678055040,kLSM_4194304,43379969,4,0
62507841120,kLSM_4194304,44637420,4,0
34869706740,kLSM_4194304,53065604,8,0
35320931140,kLSM_4194304,52635424,8,0
35309869560,kLSM_4194304,53521609,8,0
35012383600,kLSM_4194304,52879262,8,0
35676421800,kLSM_4194304,54782114,8,0
36240394080,kLSM_4194304,54009236,8,0
35283727520,kLSM_4194304,53870197,8,0
34710217220,kLSM_4194304,51501631,8,0
34594132520,kLSM_4194304,52201307,8,0
35245415860,kLSM_4194304,51269748,8,0
15959221580,kLSM_4194304,65563576,16,0
19351910220,kLSM_4194304,66636584,16,0
20297305040,kLSM_4194304,68309319,16,0
19356473040,kLSM_4194304,66553138,16,0
15512359160,kLSM_4194304,66038225,16,0
15192036940,kLSM_4194304,64585675,16,0
16537760580,kLSM_4194304,66667013,16,0
10860744430340,kLSM_4194304,65463069,16,0
18437645700,kLSM_4194304,68112840,16,0
17371686560,kLSM_4194304,67214787,16,0
18159900700,kLSM_4194304,65697784,16,0
16224450660,kLSM_4194304,66323441,16,0
21083155020,kLSM_4194304,68478771,16,0
20325284120,kLSM_4194304,68676086,16,0
15318595820,kLSM_4194304,62644229,16,0
5153812601020,kLSM_4194304,64220255,16,0
13174564360,kLSM_4194304,61830960,16,0
18478759760,kLSM_4194304,65948907,16,0
18387311680,kLSM_4194304,67935745,16,0
3517413200860,kLSM_4194304,78329319,32,0
556817541580,kLSM_4194304,87185133,32,0
9121995940,kLSM_4194304,80787920,32,0
8832743740,kLSM_4194304,79248747,32,0
9130601260,kLSM_4194304,78111923,32,0
8370026951580,kLSM_4194304,83866610,32,0
8601293760,kLSM_4194304,77946108,32,0
26640271260,kLSM_4194304,77738450,32,0
8057143320,kLSM_4194304,71509499,32,0
7452690580,kLSM_4194304,89949109,64,0
7521297420,kLSM_4194304,91898226,64,0
7529219180,kLSM_4194304,90940616,64,0
7178354220,kLSM_4194304,96191609,64,0
7719373000,kLSM_4194304,92059093,64,0
7373232820,kLSM_4194304,96974551,64,0
7399669980,kLSM_4194304,91100858,64,0
6793826780,kLSM_4194304,86631501,64,0
6709902120,kLSM_4194304,85007852,64,0
7562788120,kLSM_4194304,89564862,64,0
10119283240,kLSM_4194304,127892996,128,0
9425413820,kLSM_4194304,116383762,128,0
9671640960,kLSM_4194304,116910149,128,0
10484623980,kLSM_4194304,132029864,128,0
9998361640,kLSM_4194304,122090229,128,0
9588206140,kLSM_4194304,122870179,128,0
10117363340,kLSM_4194304,131055352,128,0
9788078180,kLSM_4194304,124116829,128,0
9880481680,kLSM_4194304,128230468,128,0
9772010920,kLSM_4194304,126951279,128,0
11472671600,kLSM_4194304,173412622,256,0
9914391000,kLSM_4194304,140051974,256,0
11986780680,kLSM_4194304,184524534,256,0
11541684220,kLSM_4194304,179576367,256,0
11350076120,kLSM_4194304,173321007,256,0
10375162420,kLSM_4194304,143505479,256,0
9238568460,kLSM_4194304,130956298,256,0
11216499640,kLSM_4194304,170788477,256,0
10291336660,kLSM_4194304,145981210,256,0
12329606060,kLSM_4194304,180035649,256,0
