125515840,103715600,21393720460,21474042460,21345081540,95023040,91173560,98814740,21467083980,kLSM_256,23977878,1,0
21563565940,21410409840,21311582060,13459379520,kLSM_256,24214517,2,0
13049149300,kLSM_256,23984666,2,0
13005276800,kLSM_256,23966332,2,0
12994903500,kLSM_256,23966069,2,0
13010051160,kLSM_256,23976695,2,0
12970446340,kLSM_256,23962494,2,0
13062716460,kLSM_256,24010744,2,0
13011352320,kLSM_256,23963217,2,0
12980298820,12964666120,kLSM_256,23961146,2,0
8675978160,kLSM_256,23981961,4,0
8664430620,kLSM_256,23989523,4,0
8656396340,kLSM_256,23997741,4,0
8677762420,kLSM_256,23992278,4,0
8643056700,kLSM_256,23996021,4,0
8684599540,kLSM_256,24080485,4,0
8676405400,kLSM_256,23990314,4,0
8664881280,kLSM_256,23985204,4,0
8644246840,kLSM_256,23984387,4,0
8589760380,kLSM_256,23981148,4,0
8771503060,kLSM_256,24066985,8,0
8732998620,kLSM_256,24045477,8,0
8690352540,kLSM_256,24040451,8,0
8713267840,kLSM_256,24061701,8,0
8715175700,kLSM_256,24063683,8,0
8743125520,kLSM_256,24085965,8,0
8780022980,kLSM_256,24074535,8,0
8763165900,kLSM_256,24055369,8,0
8702641180,kLSM_256,24044021,8,0
8735318460,kLSM_256,24058842,8,0
6801913520,kLSM_256,24332111,16,0
6811116080,kLSM_256,24304623,16,0
6868374660,kLSM_256,24324127,16,0
6835559440,kLSM_256,24348038,16,0
6816137060,kLSM_256,24353348,16,0
6823957800,kLSM_256,24275673,16,0
6788682460,kLSM_256,24275332,16,0
6797169080,kLSM_256,24321092,16,0
6815434400,kLSM_256,24337449,16,0
6843187260,kLSM_256,24321725,16,0
3752381500,kLSM_256,25348252,32,0
3743435820,kLSM_256,25355053,32,0
3746090040,kLSM_256,25455013,32,0
3775703300,kLSM_256,25372726,32,0
3760357160,kLSM_256,25421780,32,0
3751168620,kLSM_256,25379661,32,0
3698285480,kLSM_256,25377219,32,0
3755074980,kLSM_256,25334411,32,0
3755639440,kLSM_256,25475808,32,0
3761559540,kLSM_256,25414773,32,0
1457045340,kLSM_256,29813557,64,0
1451253540,kLSM_256,29823143,64,0
1453971960,kLSM_256,29863140,64,0
1459188060,kLSM_256,29836197,64,0
1464788180,kLSM_256,29755022,64,0
1441633200,kLSM_256,29760493,64,0
1460729560,kLSM_256,29786045,64,0
1454327320,kLSM_256,29750455,64,0
1460455340,kLSM_256,29860835,64,0
1438715900,kLSM_256,29656613,64,0
493906060,kLSM_256,41574132,128,0
585038000,kLSM_256,41641771,128,0
535595080,kLSM_256,41923938,128,0
495929540,kLSM_256,41708364,128,0
506465320,kLSM_256,41507700,128,0
500005140,kLSM_256,41951584,128,0
549084140,kLSM_256,42649109,128,0
540812000,kLSM_256,41780128,128,0
496256260,kLSM_256,41789915,128,0
536263160,kLSM_256,41634934,128,0
634686460,kLSM_256,69972615,256,0
569717940,kLSM_256,67912648,256,0
687353140,kLSM_256,70211170,256,0
664152860,kLSM_256,68711345,256,0
797379300,kLSM_256,70335748,256,0
642965320,kLSM_256,69011828,256,0
537827360,kLSM_256,67475659,256,0
549485800,kLSM_256,67370252,256,0
553262240,kLSM_256,67635815,256,0
621250380,kLSM_256,70623184,256,0
