221634851860,kLSM_4194304,47894693,1,0
223526305280,kLSM_4194304,47894693,1,0
224335729300,kLSM_4194304,47894693,1,0
222644456220,kLSM_4194304,47894693,1,0
219849578080,kLSM_4194304,47894693,1,0
220039468320,kLSM_4194304,47894693,1,0
220177693040,kLSM_4194304,47894693,1,0
225033460720,kLSM_4194304,47894693,1,0
222929857900,kLSM_4194304,47894693,1,0
224388492860,kLSM_4194304,47894693,1,0
113503240040,kLSM_4194304,47894849,2,0
111522146560,kLSM_4194304,47894884,2,0
110459041480,kLSM_4194304,47894857,2,0
113149038260,kLSM_4194304,47894873,2,0
110013080340,kLSM_4194304,47894934,2,0
111745264680,kLSM_4194304,47894900,2,0
110863025000,kLSM_4194304,47894962,2,0
111822277140,kLSM_4194304,47894890,2,0
110282722340,kLSM_4194304,47894897,2,0
113015915000,kLSM_4194304,47894861,2,0
57686365980,kLSM_4194304,47895225,4,0
56616626200,kLSM_4194304,47895208,4,0
55852173180,kLSM_4194304,47895237,4,0
56834161860,kLSM_4194304,47895380,4,0
57356274380,kLSM_4194304,47895354,4,0
57651745260,kLSM_4194304,47895244,4,0
57249699280,kLSM_4194304,47895131,4,0
56609384800,kLSM_4194304,47895256,4,0
57337116460,kLSM_4194304,47895382,4,0
56607600840,kLSM_4194304,47895357,4,0
26004518640,kLSM_4194304,47898876,8,0
25600375500,kLSM_4194304,47898699,8,0
25726784020,kLSM_4194304,47898432,8,0
25957709340,kLSM_4194304,47898754,8,0
26025523720,kLSM_4194304,47899325,8,0
26341998700,kLSM_4194304,47898268,8,0
26147290040,kLSM_4194304,47900421,8,0
25929470040,kLSM_4194304,47899279,8,0
25642437400,kLSM_4194304,47898144,8,0
26108845480,kLSM_4194304,47899050,8,0
9649070980,kLSM_4194304,48032027,16,0
10088915360,kLSM_4194304,48032962,16,0
9790559680,kLSM_4194304,48038298,16,0
9775559060,kLSM_4194304,48030811,16,0
9739002600,kLSM_4194304,48024701,16,0
9496708620,kLSM_4194304,48018860,16,0
9879500220,kLSM_4194304,48025218,16,0
10425094480,kLSM_4194304,48044654,16,0
9912352820,kLSM_4194304,48010374,16,0
9562537280,kLSM_4194304,48013982,16,0
9068748280,kLSM_4194304,48050252,32,0
10813667320,kLSM_4194304,48122051,32,0
9663157180,kLSM_4194304,48078866,32,0
9127758920,kLSM_4194304,48095220,32,0
9383404680,kLSM_4194304,48090984,32,0
8832704780,kLSM_4194304,48072314,32,0
8947517820,kLSM_4194304,48081491,32,0
9459472740,kLSM_4194304,48068970,32,0
11288905680,kLSM_4194304,48108186,32,0
8609895100,kLSM_4194304,48067700,32,0
33876313740,kLSM_4194304,48289013,64,0
76781230940,kLSM_4194304,49128037,64,0
43068404720,kLSM_4194304,48895581,64,0
116801216420,kLSM_4194304,49189954,64,0
141839290360,kLSM_4194304,49283909,64,0
109095388340,kLSM_4194304,49156817,64,0
124843054820,kLSM_4194304,49130050,64,0
108273093040,kLSM_4194304,49378980,64,0
97526357420,kLSM_4194304,49305609,64,0
129865089580,kLSM_4194304,49264773,64,0
56481365180,kLSM_4194304,48875098,128,0
56344239680,kLSM_4194304,48840850,128,0
54044454540,kLSM_4194304,48902464,128,0
40210995500,kLSM_4194304,48836415,128,0
51903038380,kLSM_4194304,48911277,128,0
51469606480,kLSM_4194304,48941697,128,0
47324665920,kLSM_4194304,48843508,128,0
45116956800,kLSM_4194304,48818440,128,0
73496274360,kLSM_4194304,48915480,128,0
80121226320,kLSM_4194304,49126785,128,0
187025209300,kLSM_4194304,49828582,256,0
168816464300,kLSM_4194304,49823293,256,0
155525410600,kLSM_4194304,49708966,256,0
162751853420,kLSM_4194304,49885707,256,0
145721706380,kLSM_4194304,49791138,256,0
152917319320,kLSM_4194304,49861229,256,0
245165885120,kLSM_4194304,50022013,256,0
141370426420,kLSM_4194304,49842219,256,0
173113111140,kLSM_4194304,49789480,256,0
192167250280,kLSM_4194304,50295957,256,0
