40307276500,kLSM_4194304,12524207,1,0
38550116600,kLSM_4194304,12524207,1,0
35522609740,kLSM_4194304,12524207,1,0
39085894500,kLSM_4194304,12524207,1,0
35513114260,kLSM_4194304,12524207,1,0
35429931340,kLSM_4194304,12524207,1,0
35561303520,kLSM_4194304,12524207,1,0
36986212420,kLSM_4194304,12524207,1,0
33802050480,kLSM_4194304,12524207,1,0
34591996620,kLSM_4194304,12524207,1,0
19462934160,kLSM_4194304,12524288,2,0
17691089100,kLSM_4194304,12524325,2,0
18091369360,kLSM_4194304,12524333,2,0
18824726260,kLSM_4194304,12524300,2,0
17911955560,kLSM_4194304,12524321,2,0
17340338600,kLSM_4194304,12524315,2,0
17703194280,kLSM_4194304,12524280,2,0
16808855780,kLSM_4194304,12524334,2,0
17474057580,kLSM_4194304,12524346,2,0
17418926880,kLSM_4194304,12524306,2,0
5210507220,kLSM_4194304,12530813,4,0
5213171420,kLSM_4194304,12535984,4,0
5303375540,kLSM_4194304,12541277,4,0
5190212800,kLSM_4194304,12529943,4,0
5239749020,kLSM_4194304,12532616,4,0
5193970180,kLSM_4194304,12537395,4,0
5192028600,kLSM_4194304,12536177,4,0
5263675020,kLSM_4194304,12548069,4,0
5195231160,kLSM_4194304,12529723,4,0
5238869780,kLSM_4194304,12536050,4,0
3161108580,kLSM_4194304,12538840,8,0
3178551000,kLSM_4194304,12546631,8,0
3167218960,kLSM_4194304,12538584,8,0
3171873080,kLSM_4194304,12536191,8,0
3170289260,kLSM_4194304,12537103,8,0
3146576940,kLSM_4194304,12536904,8,0
3159368340,kLSM_4194304,12537578,8,0
3188590840,kLSM_4194304,12540141,8,0
3196932400,kLSM_4194304,12542344,8,0
3169987820,kLSM_4194304,12544036,8,0
2124640880,kLSM_4194304,12553081,16,0
2105015420,kLSM_4194304,12562358,16,0
2087990780,kLSM_4194304,12551133,16,0
2075237060,kLSM_4194304,12552828,16,0
2116917560,kLSM_4194304,12550125,16,0
2060173460,kLSM_4194304,12551482,16,0
2062901140,kLSM_4194304,12552417,16,0
2112889820,kLSM_4194304,12567550,16,0
2077141600,kLSM_4194304,12554699,16,0
2081756220,kLSM_4194304,12551701,16,0
1771380260,kLSM_4194304,12576479,32,0
1737060660,kLSM_4194304,12570312,32,0
1676297240,kLSM_4194304,12570099,32,0
1676856140,kLSM_4194304,12569326,32,0
1716894100,kLSM_4194304,12572598,32,0
1695315940,kLSM_4194304,12569675,32,0
1747478280,kLSM_4194304,12579923,32,0
1679857040,kLSM_4194304,12567944,32,0
1739874220,kLSM_4194304,12580379,32,0
1778540560,kLSM_4194304,12580457,32,0
2354231280,kLSM_4194304,12649938,64,0
2315447960,kLSM_4194304,12642517,64,0
2223606700,kLSM_4194304,12622442,64,0
2261138800,kLSM_4194304,12641966,64,0
2320246920,kLSM_4194304,12656942,64,0
2223482320,kLSM_4194304,12628651,64,0
2338164340,kLSM_4194304,12652530,64,0
2104468740,kLSM_4194304,12637463,64,0
2148208740,kLSM_4194304,12618992,64,0
2057677340,kLSM_4194304,12645013,64,0
3176457840,kLSM_4194304,12779474,128,0
7062009880,kLSM_4194304,12916303,128,0
4781570400,kLSM_4194304,12868816,128,0
3890131300,kLSM_4194304,12847500,128,0
8929576420,kLSM_4194304,13025016,128,0
4087595820,kLSM_4194304,12847997,128,0
3696496620,kLSM_4194304,12839534,128,0
4711511460,kLSM_4194304,12874238,128,0
7309608220,kLSM_4194304,12934407,128,0
7194794520,kLSM_4194304,12952092,128,0
9867588280,kLSM_4194304,13216429,256,0
12442817300,kLSM_4194304,13201917,256,0
10089254760,kLSM_4194304,13186767,256,0
8649862100,kLSM_4194304,13147213,256,0
17603460140,kLSM_4194304,13192461,256,0
13201581480,kLSM_4194304,13224090,256,0
9340404140,kLSM_4194304,13198693,256,0
51083712760,kLSM_4194304,13663302,256,0
9947854100,kLSM_4194304,13161411,256,0
10756654440,kLSM_4194304,13202502,256,0
