143808259640,kLSM_4194304,104821498,4,0
146026612200,kLSM_4194304,108170599,4,0
146387049660,kLSM_4194304,107589225,4,0
145391385940,kLSM_4194304,106897448,4,0
146251436880,kLSM_4194304,105652014,4,0
40015271660,kLSM_4194304,103353443,16,0
39947792620,kLSM_4194304,103187022,16,0
39246171960,kLSM_4194304,103441471,16,0
39554358340,kLSM_4194304,103604238,16,0
39456609960,kLSM_4194304,103209808,16,0
38932823700,kLSM_4194304,103012766,16,0
39485511380,kLSM_4194304,102930156,16,0
39294131040,kLSM_4194304,104063150,16,0
39490621840,kLSM_4194304,103401552,16,0
39430784380,kLSM_4194304,104055099,16,0
11948319800,kLSM_4194304,111603284,32,0
12054999720,kLSM_4194304,111652258,32,0
13053307100,kLSM_4194304,111225255,32,0
12984896460,kLSM_4194304,111990083,32,0
11701479700,kLSM_4194304,111686566,32,0
12298571700,kLSM_4194304,111018491,32,0
12470627560,kLSM_4194304,112121684,32,0
12469923020,kLSM_4194304,111389300,32,0
11938389380,kLSM_4194304,111058567,32,0
13505936400,kLSM_4194304,111490143,32,0
9349685340,kLSM_4194304,125456536,64,0
9045656940,kLSM_4194304,124465493,64,0
9242178420,kLSM_4194304,124568924,64,0
9028422280,kLSM_4194304,123873271,64,0
9061280360,kLSM_4194304,124765807,64,0
9046169880,kLSM_4194304,125374576,64,0
9041656200,kLSM_4194304,124284701,64,0
9079132100,kLSM_4194304,125089233,64,0
9275807000,kLSM_4194304,124600981,64,0
9486677600,kLSM_4194304,125386288,64,0
10699313860,kLSM_4194304,143160023,128,0
10259371860,kLSM_4194304,143782510,128,0
10289695400,kLSM_4194304,141878261,128,0
10378717460,kLSM_4194304,143317168,128,0
10329750640,kLSM_4194304,143254140,128,0
10322269200,kLSM_4194304,142743459,128,0
10235044320,kLSM_4194304,143127328,128,0
10412721680,kLSM_4194304,143264683,128,0
10421359660,kLSM_4194304,142916282,128,0
10768457980,kLSM_4194304,143676403,128,0
11935863140,kLSM_4194304,170621278,256,0
11966724540,kLSM_4194304,171631703,256,0
12239210160,kLSM_4194304,174201915,256,0
12069389020,kLSM_4194304,173125347,256,0
12117307560,kLSM_4194304,172909003,256,0
12295672100,kLSM_4194304,173069230,256,0
12172332500,kLSM_4194304,172268040,256,0
12258239380,kLSM_4194304,172229379,256,0
12375442160,kLSM_4194304,171621397,256,0
12397227520,kLSM_4194304,173175404,256,0
645473170140,kLSM_4194304,121818589,1,0
615824857620,kLSM_4194304,116204621,1,0
640120474260,kLSM_4194304,121117267,1,0
654204276980,kLSM_4194304,122386606,1,0
609991610120,kLSM_4194304,115691393,1,0
609986038160,kLSM_4194304,116222212,1,0
657211791160,kLSM_4194304,122912424,1,0
627912442040,kLSM_4194304,118512781,1,0
606304187700,kLSM_4194304,115607306,1,0
633744342980,kLSM_4194304,121607435,1,0
291548533860,kLSM_4194304,109587111,2,0
294023006580,kLSM_4194304,111649391,2,0
300029989020,kLSM_4194304,113256720,2,0
295008277620,kLSM_4194304,111475849,2,0
294939676240,kLSM_4194304,112737453,2,0
294936631260,kLSM_4194304,112555379,2,0
296821202860,kLSM_4194304,111888056,2,0
302401915220,kLSM_4194304,113452210,2,0
296925510580,kLSM_4194304,111962326,2,0
300267069160,kLSM_4194304,112657155,2,0
144803158340,kLSM_4194304,106573416,4,0
147608006620,kLSM_4194304,108478744,4,0
144471660760,kLSM_4194304,106813058,4,0
144157666000,kLSM_4194304,105946583,4,0
142605675940,kLSM_4194304,104549025,4,0
143720036720,kLSM_4194304,105978696,4,0
143335756300,kLSM_4194304,105505903,4,0
144406215840,kLSM_4194304,104727070,4,0
146274187640,kLSM_4194304,106728484,4,0
146595907900,kLSM_4194304,106135806,4,0
71586858200,kLSM_4194304,99981877,8,0
71272993820,kLSM_4194304,99945927,8,0
70746822420,kLSM_4194304,99670535,8,0
72262035720,kLSM_4194304,100089730,8,0
70842206060,kLSM_4194304,100140138,8,0
72696690920,kLSM_4194304,100570864,8,0
69496894280,kLSM_4194304,98635123,8,0
71825003700,kLSM_4194304,99845852,8,0
71784982860,kLSM_4194304,99921010,8,0
71728110560,kLSM_4194304,99653893,8,0
38576378280,kLSM_4194304,102998954,16,0
40002232300,kLSM_4194304,103942883,16,0
39973755920,kLSM_4194304,102488239,16,0
39166441480,kLSM_4194304,103987619,16,0
38900490420,kLSM_4194304,102994825,16,0
39527227920,kLSM_4194304,103720150,16,0
38903755740,kLSM_4194304,102709068,16,0
39485045440,kLSM_4194304,103667712,16,0
39090173680,kLSM_4194304,102796834,16,0
39031742140,kLSM_4194304,103322036,16,0
11961395960,kLSM_4194304,111385471,32,0
12994638520,kLSM_4194304,111673554,32,0
11801894940,kLSM_4194304,111133382,32,0
12095041900,kLSM_4194304,110799577,32,0
13111454980,kLSM_4194304,112512709,32,0
14520413980,kLSM_4194304,111499730,32,0
12813322980,kLSM_4194304,111429556,32,0
13617966360,kLSM_4194304,111406947,32,0
13874772460,kLSM_4194304,111639795,32,0
11859400880,kLSM_4194304,111327336,32,0
