5182921900,kLSM_256,10285983,1,14
5141551380,kLSM_256,10280815,1,14
5113656700,kLSM_256,10271653,1,14
5178666360,kLSM_256,10282016,1,14
5157613220,5146547280,kLSM_256,10286757,1,14
5091041000,kLSM_256,10277742,1,14
5111434880,kLSM_256,10281200,1,14
5110954940,kLSM_256,10274151,1,14
5012008420,kLSM_256,10272710,1,14
2871456960,kLSM_256,10170605,2,14
2876597320,kLSM_256,10154965,2,14
2842717160,kLSM_256,10140866,2,14
2877497900,kLSM_256,10183562,2,14
2817701040,kLSM_256,10146460,2,14
2873220120,kLSM_256,10160303,2,14
2826956180,kLSM_256,10160634,2,14
2842753980,kLSM_256,10177308,2,14
2839723800,kLSM_256,10162807,2,14
2840601260,kLSM_256,10163228,2,14
1389838900,kLSM_256,9961878,4,14
1409560720,kLSM_256,9982763,4,14
1474182020,kLSM_256,9973194,4,14
1409724960,kLSM_256,9975591,4,14
1387322160,kLSM_256,9972941,4,14
1449233660,kLSM_256,10039031,4,14
1446567880,kLSM_256,9982523,4,14
1379508360,kLSM_256,9985249,4,14
1413140440,kLSM_256,9973038,4,14
1440009580,kLSM_256,9998219,4,14
1271918720,kLSM_256,9791047,8,14
1247992140,kLSM_256,9774008,8,14
1262102960,kLSM_256,9732967,8,14
1274292040,kLSM_256,9771988,8,14
1274540580,kLSM_256,9802282,8,14
1266919020,kLSM_256,9805062,8,14
1274545120,kLSM_256,9744979,8,14
1260442820,kLSM_256,9829765,8,14
1248082160,kLSM_256,9801166,8,14
1261803520,kLSM_256,9778762,8,14
690245600,kLSM_256,10297332,16,14
667998800,kLSM_256,10234928,16,14
687039460,kLSM_256,10344163,16,14
685462460,kLSM_256,10280031,16,14
681602460,kLSM_256,10230292,16,14
685511980,kLSM_256,10394731,16,14
685348160,kLSM_256,10323058,16,14
674539820,kLSM_256,10249138,16,14
690811940,kLSM_256,10303169,16,14
677781500,kLSM_256,10251528,16,14
380890660,kLSM_256,13068686,32,14
378531000,kLSM_256,12944031,32,14
381235480,kLSM_256,13006311,32,14
379859480,kLSM_256,13011764,32,14
387124760,kLSM_256,13006149,32,14
382554100,kLSM_256,12978897,32,14
380409540,kLSM_256,13004835,32,14
473417800,kLSM_256,13097256,32,14
384698580,kLSM_256,13018570,32,14
386064660,kLSM_256,13182090,32,14
316661160,kLSM_256,19657836,64,14
303115660,kLSM_256,19346527,64,14
305295280,kLSM_256,19458622,64,14
309832280,kLSM_256,18975696,64,14
312842840,kLSM_256,19451939,64,14
304800680,kLSM_256,19349767,64,14
301749040,kLSM_256,19056065,64,14
304216860,kLSM_256,19386014,64,14
312023820,kLSM_256,19677620,64,14
319286860,kLSM_256,18895731,64,14
360939100,kLSM_256,30734450,128,14
351436600,kLSM_256,29794696,128,14
339731760,kLSM_256,30786443,128,14
361046960,kLSM_256,30901989,128,14
328970640,kLSM_256,29996936,128,14
356007200,kLSM_256,29315800,128,14
349515040,kLSM_256,30408737,128,14
356608580,kLSM_256,30333801,128,14
329064740,kLSM_256,29574428,128,14
316875620,kLSM_256,29202440,128,14
477348440,kLSM_256,48037336,256,14
435422520,kLSM_256,48876206,256,14
474060220,kLSM_256,49076951,256,14
506142320,kLSM_256,47939465,256,14
617037840,kLSM_256,49121890,256,14
478794780,kLSM_256,49818263,256,14
491659720,kLSM_256,48608344,256,14
497088400,kLSM_256,49198776,256,14
531653800,kLSM_256,49653522,256,14
506038880,kLSM_256,48811264,256,14
