20636938120,kLSM_256,40341596,1,14
20607687140,kLSM_256,40336915,1,14
20721106940,kLSM_256,40341959,1,14
20625309120,kLSM_256,40330172,1,14
20633682900,kLSM_256,40350034,1,14
20621741620,kLSM_256,40395092,1,14
20696859480,kLSM_256,40337071,1,14
20534678180,kLSM_256,40316331,1,14
20619590980,20492020460,kLSM_256,40319699,1,14
11608241920,kLSM_256,40052103,2,14
11671505680,kLSM_256,40041181,2,14
11701728960,kLSM_256,40095409,2,14
11661548260,kLSM_256,40090988,2,14
11708869760,kLSM_256,40055683,2,14
11670785200,kLSM_256,40061320,2,14
11722759940,kLSM_256,40094275,2,14
11594565740,kLSM_256,40042541,2,14
11620040080,kLSM_256,40045569,2,14
11737199740,kLSM_256,40065335,2,14
5907124500,kLSM_256,39537674,4,14
5854354740,kLSM_256,39483492,4,14
5863713120,kLSM_256,39561338,4,14
5855193000,kLSM_256,39533970,4,14
5859078440,kLSM_256,39501128,4,14
5903473820,kLSM_256,39517888,4,14
5879084980,kLSM_256,39517053,4,14
5929771720,kLSM_256,39554191,4,14
5821940440,kLSM_256,39527187,4,14
5832424100,kLSM_256,39511348,4,14
5519732640,kLSM_256,38695159,8,14
5518411240,kLSM_256,38703695,8,14
5569559100,kLSM_256,38729153,8,14
5525455000,kLSM_256,38700042,8,14
5590576160,kLSM_256,38660310,8,14
5573345060,kLSM_256,38731456,8,14
5567961720,kLSM_256,38767071,8,14
5524813000,kLSM_256,38710422,8,14
5606816400,kLSM_256,38722022,8,14
5521453840,kLSM_256,38704489,8,14
3620651800,kLSM_256,38592862,16,14
3612117060,kLSM_256,38609478,16,14
3610324200,kLSM_256,38502776,16,14
3608620540,kLSM_256,38606999,16,14
3606791140,kLSM_256,38497446,16,14
3703066040,kLSM_256,38572564,16,14
3623362860,kLSM_256,38578648,16,14
3609298160,kLSM_256,38648228,16,14
3614238180,kLSM_256,38541733,16,14
3603984940,kLSM_256,38576859,16,14
2154108080,kLSM_256,41557323,32,14
2162243640,kLSM_256,41742925,32,14
2155604500,kLSM_256,41581979,32,14
2167847620,kLSM_256,41785598,32,14
2156086120,kLSM_256,41647513,32,14
2150937300,kLSM_256,41657248,32,14
2158910080,kLSM_256,41734211,32,14
2168652100,kLSM_256,41795943,32,14
2168724320,kLSM_256,41670367,32,14
2156394260,kLSM_256,41676996,32,14
945263760,kLSM_256,52981535,64,14
949707020,kLSM_256,52997649,64,14
959230560,kLSM_256,53823153,64,14
966519760,kLSM_256,53814012,64,14
953836940,kLSM_256,53349856,64,14
962698340,kLSM_256,53571837,64,14
958942140,kLSM_256,53507263,64,14
965526200,kLSM_256,53490400,64,14
956388480,kLSM_256,53377684,64,14
964509540,kLSM_256,53822679,64,14
839553340,kLSM_256,79920425,128,14
847829420,kLSM_256,80412011,128,14
838032500,kLSM_256,80106407,128,14
935165500,kLSM_256,79896402,128,14
844794100,kLSM_256,80931764,128,14
874345980,kLSM_256,80503336,128,14
855355000,kLSM_256,80404494,128,14
822586460,kLSM_256,79285848,128,14
858669260,kLSM_256,80917344,128,14
851016420,kLSM_256,80834065,128,14
1130965900,kLSM_256,133604250,256,14
1099538880,kLSM_256,132240298,256,14
1115078740,kLSM_256,131042195,256,14
1095900800,kLSM_256,129876017,256,14
1051587420,kLSM_256,132062886,256,14
1103228540,kLSM_256,131401742,256,14
1142622420,kLSM_256,130210335,256,14
1066406360,kLSM_256,131423767,256,14
1111216560,kLSM_256,129708017,256,14
1097817640,kLSM_256,133529937,256,14
