470992940,smqhm_1_1,39765705,256,14
501994480,smqhm_1_1,42493015,256,14
472371320,smqhm_1_1,40180638,256,14
468519960,smqhm_1_1,39713933,256,14
469905340,smqhm_1_1,39747703,256,14
443797420,smqhm_1_2,39575498,256,14
436584760,smqhm_1_2,39254407,256,14
438765000,smqhm_1_2,39388274,256,14
435578960,smqhm_1_2,39124014,256,14
434763560,smqhm_1_2,39001182,256,14
459977120,smqhm_1_4,40529607,256,14
457196440,smqhm_1_4,40619947,256,14
453877960,smqhm_1_4,40510584,256,14
459364120,smqhm_1_4,40812047,256,14
451414520,smqhm_1_4,40554392,256,14
518692140,smqhm_1_8,48280628,256,14
519571680,smqhm_1_8,48491756,256,14
515565140,smqhm_1_8,48167011,256,14
525716640,smqhm_1_8,48387647,256,14
517768120,smqhm_1_8,48213631,256,14
645104460,smqhm_1_16,61770226,256,14
641880300,smqhm_1_16,61701396,256,14
644183940,smqhm_1_16,61808618,256,14
647951920,smqhm_1_16,61990721,256,14
645924940,smqhm_1_16,61472797,256,14
835553420,smqhm_1_32,74523931,256,14
841250680,smqhm_1_32,74772896,256,14
838306560,smqhm_1_32,75650240,256,14
828023160,smqhm_1_32,73950083,256,14
828132320,smqhm_1_32,74022552,256,14
1070044120,smqhm_1_64,82508183,256,14
1090961040,smqhm_1_64,84227611,256,14
1080248480,smqhm_1_64,82927468,256,14
1088868900,smqhm_1_64,83815037,256,14
1077705960,smqhm_1_64,82696012,256,14
1449543400,smqhm_1_128,71442782,256,14
1452011120,smqhm_1_128,71597779,256,14
1445326340,smqhm_1_128,70963746,256,14
1440827960,smqhm_1_128,69117279,256,14
1452681360,smqhm_1_128,71505159,256,14
1962385940,smqhm_1_256,68428052,256,14
1962745880,smqhm_1_256,69084442,256,14
1963246680,smqhm_1_256,69474363,256,14
1968825740,smqhm_1_256,69356792,256,14
1961260600,smqhm_1_256,69595585,256,14
3096062400,smqhm_1_512,81065049,256,14
3074429640,smqhm_1_512,78687830,256,14
3079343860,smqhm_1_512,79582082,256,14
3059637640,smqhm_1_512,79264200,256,14
3103178460,smqhm_1_512,80359439,256,14
5538074080,smqhm_1_1024,110431683,256,14
5519621440,smqhm_1_1024,109080229,256,14
5478010460,smqhm_1_1024,108113680,256,14
5477415840,smqhm_1_1024,109635490,256,14
5510758700,smqhm_1_1024,109686233,256,14
401469040,smqhm_2_1,41473531,256,14
406482380,smqhm_2_1,42151778,256,14
403042660,smqhm_2_1,41297446,256,14
403894440,smqhm_2_1,41964094,256,14
396536700,smqhm_2_1,41202776,256,14
393326120,smqhm_2_2,41021740,256,14
391235440,smqhm_2_2,40668008,256,14
395077060,smqhm_2_2,41168967,256,14
388385060,smqhm_2_2,40520284,256,14
382178860,smqhm_2_2,39955463,256,14
424858520,smqhm_2_4,42469770,256,14
413679600,smqhm_2_4,42045289,256,14
413304060,smqhm_2_4,42147973,256,14
421714980,smqhm_2_4,42398112,256,14
430918340,smqhm_2_4,42266528,256,14
469934720,smqhm_2_8,47748254,256,14
468672680,smqhm_2_8,47982373,256,14
468829040,smqhm_2_8,47799080,256,14
466600180,smqhm_2_8,47824186,256,14
465790620,smqhm_2_8,47730576,256,14
562771080,smqhm_2_16,57166277,256,14
561204180,smqhm_2_16,57118907,256,14
558353520,smqhm_2_16,56967845,256,14
565144620,smqhm_2_16,57102049,256,14
558276020,smqhm_2_16,56923173,256,14
669784720,smqhm_2_32,65392681,256,14
665455680,smqhm_2_32,64347125,256,14
689972360,smqhm_2_32,64800503,256,14
665311600,smqhm_2_32,64394010,256,14
673878340,smqhm_2_32,65138418,256,14
841755220,smqhm_2_64,69204538,256,14
848137820,smqhm_2_64,69942705,256,14
834282040,smqhm_2_64,68736307,256,14
852436540,smqhm_2_64,68524911,256,14
844528400,smqhm_2_64,69020669,256,14
1220512900,smqhm_2_128,63955487,256,14
1224844480,smqhm_2_128,63740594,256,14
1227068740,smqhm_2_128,64792655,256,14
1218235600,smqhm_2_128,63862061,256,14
1221879720,smqhm_2_128,64120082,256,14
1712952360,smqhm_2_256,67031348,256,14
1726153620,smqhm_2_256,66117079,256,14
1704412280,smqhm_2_256,66471528,256,14
1701128460,smqhm_2_256,65723758,256,14
1708227220,smqhm_2_256,66558650,256,14
2665014380,smqhm_2_512,75213162,256,14
2683053200,smqhm_2_512,75936146,256,14
2661603860,smqhm_2_512,74567057,256,14
2690284880,smqhm_2_512,75360492,256,14
2689554880,smqhm_2_512,75861853,256,14
4777675700,smqhm_2_1024,101719131,256,14
4792088380,smqhm_2_1024,101607001,256,14
4815497840,smqhm_2_1024,103240803,256,14
4836167320,smqhm_2_1024,103148555,256,14
4776398280,smqhm_2_1024,102024519,256,14
362916480,smqhm_4_1,44400489,256,14
370993200,smqhm_4_1,45330284,256,14
366054180,smqhm_4_1,44395170,256,14
364896300,smqhm_4_1,44920338,256,14
364461420,smqhm_4_1,44870762,256,14
362016580,smqhm_4_2,43010694,256,14
365612900,smqhm_4_2,43587450,256,14
368434160,smqhm_4_2,43797300,256,14
362933580,smqhm_4_2,43282530,256,14
360925700,smqhm_4_2,42978691,256,14
397399720,smqhm_4_4,45738723,256,14
394282540,smqhm_4_4,45648109,256,14
394809780,smqhm_4_4,45935086,256,14
394090500,smqhm_4_4,45777936,256,14
390596260,smqhm_4_4,45533778,256,14
448145620,smqhm_4_8,50691135,256,14
446375700,smqhm_4_8,50741267,256,14
442518380,smqhm_4_8,50451233,256,14
447712640,smqhm_4_8,50642228,256,14
445814480,smqhm_4_8,50805524,256,14
545196620,smqhm_4_16,59647905,256,14
543453360,smqhm_4_16,59574583,256,14
541068780,smqhm_4_16,59297142,256,14
545575760,smqhm_4_16,59550360,256,14
544341660,smqhm_4_16,59501686,256,14
647292380,smqhm_4_32,67107796,256,14
638659520,smqhm_4_32,67254275,256,14
642607320,smqhm_4_32,67488414,256,14
637788320,smqhm_4_32,67013119,256,14
636864880,smqhm_4_32,66979032,256,14
793993460,smqhm_4_64,72613101,256,14
820720920,smqhm_4_64,72030859,256,14
773276360,smqhm_4_64,72269381,256,14
778346560,smqhm_4_64,71718078,256,14
780911420,smqhm_4_64,72334069,256,14
1123531740,smqhm_4_128,71140609,256,14
1144584500,smqhm_4_128,71170039,256,14
1135461560,smqhm_4_128,71300249,256,14
1143498420,smqhm_4_128,71009464,256,14
1135805540,smqhm_4_128,70831553,256,14
1612472900,smqhm_4_256,75312647,256,14
1618948940,smqhm_4_256,75463606,256,14
1622505820,smqhm_4_256,75696446,256,14
1634462440,smqhm_4_256,76796979,256,14
1604975280,smqhm_4_256,74903508,256,14
2630334660,smqhm_4_512,87794384,256,14
2618810540,smqhm_4_512,87181079,256,14
2633944400,smqhm_4_512,88102862,256,14
2587128220,smqhm_4_512,86690032,256,14
2596127300,smqhm_4_512,86957606,256,14
4933393840,smqhm_4_1024,118154948,256,14
4888811500,smqhm_4_1024,117098942,256,14
4844443520,smqhm_4_1024,115088137,256,14
4822823700,smqhm_4_1024,113773183,256,14
4862006600,smqhm_4_1024,115389551,256,14
378981460,smqhm_8_1,52135981,256,14
378584500,smqhm_8_1,52526861,256,14
374360400,smqhm_8_1,51692813,256,14
372361080,smqhm_8_1,51794626,256,14
369739980,smqhm_8_1,51500071,256,14
368993020,smqhm_8_2,47968005,256,14
365391760,smqhm_8_2,48268727,256,14
366010360,smqhm_8_2,48604253,256,14
362349100,smqhm_8_2,48161031,256,14
383127900,smqhm_8_2,47786561,256,14
394032220,smqhm_8_4,50419628,256,14
393799120,smqhm_8_4,50425013,256,14
397347220,smqhm_8_4,50214699,256,14
398035300,smqhm_8_4,50742626,256,14
394277720,smqhm_8_4,50645860,256,14
447143620,smqhm_8_8,55946967,256,14
446295540,smqhm_8_8,55878031,256,14
448225340,smqhm_8_8,55962447,256,14
445755060,smqhm_8_8,55777272,256,14
446561760,smqhm_8_8,55723906,256,14
553912340,smqhm_8_16,65583394,256,14
576608100,smqhm_8_16,65515738,256,14
556766960,smqhm_8_16,66027075,256,14
553085460,smqhm_8_16,65432592,256,14
558287060,smqhm_8_16,66041555,256,14
709093380,smqhm_8_32,78084683,256,14
712742620,smqhm_8_32,78108078,256,14
699285700,smqhm_8_32,76700898,256,14
702195180,smqhm_8_32,77139790,256,14
721429520,smqhm_8_32,77618202,256,14
867217000,smqhm_8_64,86533324,256,14
862545000,smqhm_8_64,85842244,256,14
857060960,smqhm_8_64,85523988,256,14
855619760,smqhm_8_64,85426472,256,14
867979140,smqhm_8_64,86225791,256,14
1126931880,smqhm_8_128,87756226,256,14
1113639940,smqhm_8_128,86525422,256,14
1113608760,smqhm_8_128,86773981,256,14
1120346000,smqhm_8_128,87405827,256,14
1108968360,smqhm_8_128,86408248,256,14
1571522160,smqhm_8_256,91558878,256,14
1555603280,smqhm_8_256,91323398,256,14
1570296020,smqhm_8_256,92169212,256,14
1552019640,smqhm_8_256,91224102,256,14
1573881600,smqhm_8_256,92507516,256,14
2533756440,smqhm_8_512,106375490,256,14
2553439220,smqhm_8_512,107948270,256,14
2564315560,smqhm_8_512,109122421,256,14
2530809020,smqhm_8_512,105566010,256,14
2524076540,smqhm_8_512,106500023,256,14
4336656500,smqhm_8_1024,128645840,256,14
4341919180,smqhm_8_1024,130226549,256,14
4311695860,smqhm_8_1024,128202475,256,14
4300606580,smqhm_8_1024,128738549,256,14
4376519460,smqhm_8_1024,131681920,256,14
418121400,smqhm_16_1,65359658,256,14
414873260,smqhm_16_1,64609868,256,14
414410060,smqhm_16_1,65007690,256,14
414419340,smqhm_16_1,65063106,256,14
413499140,smqhm_16_1,64910448,256,14
393599100,smqhm_16_2,56855003,256,14
393777140,smqhm_16_2,56904821,256,14
391773240,smqhm_16_2,56525621,256,14
391890700,smqhm_16_2,56894194,256,14
388889000,smqhm_16_2,56565537,256,14
405616040,smqhm_16_4,56861028,256,14
403849460,smqhm_16_4,56709308,256,14
406614760,smqhm_16_4,57141002,256,14
404620720,smqhm_16_4,57097143,256,14
405558040,smqhm_16_4,56929498,256,14
462485700,smqhm_16_8,62028900,256,14
464133320,smqhm_16_8,62274696,256,14
466034700,smqhm_16_8,62831032,256,14
466038380,smqhm_16_8,62726832,256,14
465911320,smqhm_16_8,62488945,256,14
601997080,smqhm_16_16,74448824,256,14
601217860,smqhm_16_16,74441779,256,14
600671340,smqhm_16_16,74501299,256,14
599676520,smqhm_16_16,74008116,256,14
599460080,smqhm_16_16,74268356,256,14
819107260,smqhm_16_32,92014673,256,14
823985200,smqhm_16_32,92206407,256,14
814795340,smqhm_16_32,91419690,256,14
813037540,smqhm_16_32,91393518,256,14
812783880,smqhm_16_32,91281845,256,14
1114605360,smqhm_16_64,109475748,256,14
1096006060,smqhm_16_64,107967002,256,14
1118203960,smqhm_16_64,109648590,256,14
1108550740,smqhm_16_64,108671358,256,14
1105020700,smqhm_16_64,108484572,256,14
1362024680,smqhm_16_128,115885454,256,14
1376737560,smqhm_16_128,116455439,256,14
1392477020,smqhm_16_128,117545077,256,14
1381252020,smqhm_16_128,116325430,256,14
1394959960,smqhm_16_128,118027654,256,14
1817668700,smqhm_16_256,122747857,256,14
1793134700,smqhm_16_256,121595904,256,14
1841364780,smqhm_16_256,124602760,256,14
1800578880,smqhm_16_256,121244728,256,14
1812442400,smqhm_16_256,122340670,256,14
2973337960,smqhm_16_512,143723951,256,14
3098357720,smqhm_16_512,149020126,256,14
3062891740,smqhm_16_512,147381291,256,14
2933059880,smqhm_16_512,141723906,256,14
2936242260,smqhm_16_512,142408046,256,14
5691666640,smqhm_16_1024,175319172,256,14
5896898220,smqhm_16_1024,180497110,256,14
5958034640,smqhm_16_1024,182180271,256,14
5820266980,smqhm_16_1024,178654213,256,14
5437955640,smqhm_16_1024,167914831,256,14
494908480,smqhm_32_1,84875587,256,14
497097860,smqhm_32_1,85542012,256,14
492663480,smqhm_32_1,84889677,256,14
489347940,smqhm_32_1,84658732,256,14
489566280,smqhm_32_1,84862462,256,14
485599300,smqhm_32_2,71929494,256,14
452588680,smqhm_32_2,70594303,256,14
452439260,smqhm_32_2,70993786,256,14
446958580,smqhm_32_2,70097788,256,14
453523940,smqhm_32_2,71934973,256,14
445104760,smqhm_32_4,66894006,256,14
435963160,smqhm_32_4,65563203,256,14
441530500,smqhm_32_4,66468764,256,14
438479180,smqhm_32_4,66098980,256,14
437442200,smqhm_32_4,65580942,256,14
490129380,smqhm_32_8,69891006,256,14
493833760,smqhm_32_8,70450819,256,14
492951380,smqhm_32_8,70330797,256,14
496909440,smqhm_32_8,70866626,256,14
491849140,smqhm_32_8,70230897,256,14
648477300,smqhm_32_16,83315709,256,14
650179720,smqhm_32_16,83544591,256,14
644915620,smqhm_32_16,83054959,256,14
647521820,smqhm_32_16,83266863,256,14
651404640,smqhm_32_16,83020013,256,14
945985020,smqhm_32_32,105811359,256,14
947356900,smqhm_32_32,105807693,256,14
940931800,smqhm_32_32,104968587,256,14
945503980,smqhm_32_32,105652746,256,14
942061400,smqhm_32_32,105107971,256,14
1512045700,smqhm_32_64,139996797,256,14
1503077900,smqhm_32_64,138716539,256,14
1510266680,smqhm_32_64,139827344,256,14
1506863220,smqhm_32_64,139156042,256,14
1523871860,smqhm_32_64,139944269,256,14
2248420680,smqhm_32_128,166794255,256,14
2287358340,smqhm_32_128,167853407,256,14
2346065200,smqhm_32_128,171270883,256,14
2352911120,smqhm_32_128,170658382,256,14
2341656720,smqhm_32_128,170421023,256,14
3426320140,smqhm_32_256,191394488,256,14
3349475800,smqhm_32_256,190870115,256,14
3695126200,smqhm_32_256,198536831,256,14
3290922860,smqhm_32_256,189204033,256,14
3334444800,smqhm_32_256,190220850,256,14
5515927240,smqhm_32_512,217577562,256,14
6428871040,smqhm_32_512,236328447,256,14
5480351980,smqhm_32_512,214103245,256,14
5598821760,smqhm_32_512,218309732,256,14
5588852620,smqhm_32_512,218606449,256,14
11954602820,smqhm_32_1024,275343499,256,14
10458486900,smqhm_32_1024,255207975,256,14
11383811520,smqhm_32_1024,265351022,256,14
11273200460,smqhm_32_1024,266022154,256,14
12740128680,smqhm_32_1024,279809154,256,14
597956800,smqhm_64_1,111259480,256,14
594648900,smqhm_64_1,110653103,256,14
608387300,smqhm_64_1,113192485,256,14
596752540,smqhm_64_1,111486853,256,14
596169460,smqhm_64_1,111085564,256,14
538483060,smqhm_64_2,90944022,256,14
545340240,smqhm_64_2,92350629,256,14
537086660,smqhm_64_2,90881394,256,14
547235600,smqhm_64_2,92771718,256,14
540147020,smqhm_64_2,91581270,256,14
512239880,smqhm_64_4,81406777,256,14
508732920,smqhm_64_4,80976809,256,14
504679800,smqhm_64_4,80384387,256,14
500503500,smqhm_64_4,79509223,256,14
500439600,smqhm_64_4,79810431,256,14
542021480,smqhm_64_8,80118972,256,14
562591720,smqhm_64_8,81127507,256,14
543754280,smqhm_64_8,80524996,256,14
550342820,smqhm_64_8,81903903,256,14
542825420,smqhm_64_8,80631698,256,14
713966520,smqhm_64_16,93462394,256,14
709191640,smqhm_64_16,92911344,256,14
712167260,smqhm_64_16,93304510,256,14
712168940,smqhm_64_16,93140659,256,14
714025060,smqhm_64_16,93020022,256,14
1072478940,smqhm_64_32,118693029,256,14
1064471320,smqhm_64_32,117915496,256,14
1075898620,smqhm_64_32,119100359,256,14
1075835320,smqhm_64_32,119259466,256,14
1064297080,smqhm_64_32,117488711,256,14
1846627980,smqhm_64_64,160861409,256,14
1906282580,smqhm_64_64,165636844,256,14
1886642000,smqhm_64_64,164139405,256,14
1880170680,smqhm_64_64,163587153,256,14
1882527660,smqhm_64_64,163296128,256,14
3600383720,smqhm_64_128,223669960,256,14
3851376600,smqhm_64_128,233331281,256,14
3817262060,smqhm_64_128,230832338,256,14
3827104180,smqhm_64_128,230454669,256,14
3783743980,smqhm_64_128,229531297,256,14
7286775960,smqhm_64_256,300975266,256,14
7768164060,smqhm_64_256,302105955,256,14
6890316080,smqhm_64_256,283632977,256,14
7456706500,smqhm_64_256,299590369,256,14
8485374120,smqhm_64_256,314922191,256,14
10930789460,smqhm_64_512,317595152,256,14
11847730540,smqhm_64_512,330673545,256,14
14031392760,smqhm_64_512,352154473,256,14
11962243220,smqhm_64_512,332080527,256,14
13622120720,smqhm_64_512,349303289,256,14
21407878920,smqhm_64_1024,385251371,256,14
22794033840,smqhm_64_1024,382555073,256,14
18209111560,smqhm_64_1024,348533197,256,14
20830382180,smqhm_64_1024,376210400,256,14
21256141740,smqhm_64_1024,377995354,256,14
726996000,smqhm_128_1,146535928,256,14
736590760,smqhm_128_1,148230105,256,14
731014900,smqhm_128_1,146775968,256,14
720099500,smqhm_128_1,144484688,256,14
740140920,smqhm_128_1,149182781,256,14
669540220,smqhm_128_2,121411460,256,14
650988760,smqhm_128_2,117798654,256,14
662182200,smqhm_128_2,119817928,256,14
675904520,smqhm_128_2,122703396,256,14
665136960,smqhm_128_2,120469992,256,14
602316640,smqhm_128_4,100845999,256,14
616311920,smqhm_128_4,101885094,256,14
602910040,smqhm_128_4,100798651,256,14
594719440,smqhm_128_4,99632980,256,14
607691620,smqhm_128_4,101791873,256,14
623889040,smqhm_128_8,95569542,256,14
618613300,smqhm_128_8,94752600,256,14
623177200,smqhm_128_8,95477799,256,14
621326280,smqhm_128_8,94983698,256,14
619363500,smqhm_128_8,95031956,256,14
810934100,smqhm_128_16,106187113,256,14
809728440,smqhm_128_16,105912007,256,14
832998220,smqhm_128_16,106771992,256,14
805897560,smqhm_128_16,105592802,256,14
800750400,smqhm_128_16,104665735,256,14
1180155960,smqhm_128_32,129569195,256,14
1185100360,smqhm_128_32,129925227,256,14
1176183380,smqhm_128_32,128775504,256,14
1196705640,smqhm_128_32,130736500,256,14
1183876140,smqhm_128_32,129094501,256,14
2160349120,smqhm_128_64,179178854,256,14
2214987320,smqhm_128_64,182773959,256,14
2176342940,smqhm_128_64,179134774,256,14
2178298840,smqhm_128_64,179470006,256,14
2166742900,smqhm_128_64,179432389,256,14
4734769820,smqhm_128_128,260124696,256,14
4759159580,smqhm_128_128,260700840,256,14
4626985940,smqhm_128_128,256627386,256,14
4655310080,smqhm_128_128,258524144,256,14
4750581680,smqhm_128_128,261174211,256,14
10617276140,smqhm_128_256,364780277,256,14
11070894380,smqhm_128_256,374014132,256,14
10580658260,smqhm_128_256,367471026,256,14
10530039620,smqhm_128_256,361227069,256,14
11338534300,smqhm_128_256,372935945,256,14
21878982800,smqhm_128_512,465320389,256,14
19331803820,smqhm_128_512,447369806,256,14
21975399840,smqhm_128_512,461628966,256,14
21256769740,smqhm_128_512,463926122,256,14
20274544400,smqhm_128_512,458266149,256,14
30738063960,smqhm_128_1024,500635316,256,14
28731936720,smqhm_128_1024,468366677,256,14
29978090020,smqhm_128_1024,481182493,256,14
31640799260,smqhm_128_1024,515941448,256,14
31007110800,smqhm_128_1024,489300712,256,14
880166580,smqhm_256_1,188248894,256,14
906136820,smqhm_256_1,193691620,256,14
894133380,smqhm_256_1,190456121,256,14
864571620,smqhm_256_1,183295158,256,14
881498280,smqhm_256_1,187440942,256,14
797601860,smqhm_256_2,150210083,256,14
845504280,smqhm_256_2,155641332,256,14
831910840,smqhm_256_2,157779647,256,14
794866940,smqhm_256_2,149694188,256,14
830990340,smqhm_256_2,157165302,256,14
736099840,smqhm_256_4,129430695,256,14
728212840,smqhm_256_4,128176258,256,14
734980860,smqhm_256_4,129535556,256,14
720790000,smqhm_256_4,126924005,256,14
738634000,smqhm_256_4,130401795,256,14
740050120,smqhm_256_8,115991475,256,14
749573340,smqhm_256_8,117217332,256,14
745685640,smqhm_256_8,116774791,256,14
755979760,smqhm_256_8,118160594,256,14
748574920,smqhm_256_8,117790338,256,14
932508360,smqhm_256_16,123105465,256,14
944491360,smqhm_256_16,124677251,256,14
936697380,smqhm_256_16,123683664,256,14
938436800,smqhm_256_16,123917550,256,14
922660040,smqhm_256_16,121836495,256,14
1373608940,smqhm_256_32,145971495,256,14
1375748900,smqhm_256_32,146340948,256,14
1369513440,smqhm_256_32,145379936,256,14
1365459560,smqhm_256_32,145054851,256,14
1374924960,smqhm_256_32,146096510,256,14
2422499140,smqhm_256_64,191011415,256,14
2497999980,smqhm_256_64,196739183,256,14
2382770980,smqhm_256_64,188498945,256,14
2379150620,smqhm_256_64,188291638,256,14
2396249560,smqhm_256_64,189138775,256,14
5383843160,smqhm_256_128,276822907,256,14
5425036840,smqhm_256_128,278937975,256,14
5282528140,smqhm_256_128,271487600,256,14
5159853500,smqhm_256_128,268597831,256,14
5356441540,smqhm_256_128,276527861,256,14
12095731460,smqhm_256_256,388177003,256,14
12811002940,smqhm_256_256,406778802,256,14
12480846380,smqhm_256_256,397732836,256,14
11957941020,smqhm_256_256,389064631,256,14
12639867920,smqhm_256_256,405275141,256,14
24549259260,smqhm_256_512,528285999,256,14
23062487200,smqhm_256_512,503992437,256,14
24450566420,smqhm_256_512,531537444,256,14
23209486260,smqhm_256_512,520930625,256,14
23649652140,smqhm_256_512,519815084,256,14
35313234700,smqhm_256_1024,573595756,256,14
32825189720,smqhm_256_1024,537925228,256,14
33048950420,smqhm_256_1024,545528452,256,14
35105555720,smqhm_256_1024,577499511,256,14
35254507280,smqhm_256_1024,560428855,256,14
1065089880,smqhm_512_1,236529379,256,14
1062695580,smqhm_512_1,235694722,256,14
1071628080,smqhm_512_1,236994403,256,14
1072893580,smqhm_512_1,237018439,256,14
1080523080,smqhm_512_1,238770151,256,14
1017360060,smqhm_512_2,198084019,256,14
1040045920,smqhm_512_2,203774033,256,14
1041899120,smqhm_512_2,203551464,256,14
1010661920,smqhm_512_2,196689495,256,14
1018464240,smqhm_512_2,198312656,256,14
913765380,smqhm_512_4,163987066,256,14
915423220,smqhm_512_4,163964516,256,14
894230620,smqhm_512_4,160633243,256,14
910277720,smqhm_512_4,163263247,256,14
936246560,smqhm_512_4,168213952,256,14
898181960,smqhm_512_8,144054631,256,14
918385720,smqhm_512_8,147623378,256,14
932198360,smqhm_512_8,149828391,256,14
910283200,smqhm_512_8,145983976,256,14
901968260,smqhm_512_8,144893435,256,14
1121568320,smqhm_512_16,146748580,256,14
1139362300,smqhm_512_16,149267599,256,14
1114539500,smqhm_512_16,145905231,256,14
1104991100,smqhm_512_16,144382158,256,14
1111801060,smqhm_512_16,145315787,256,14
1628383200,smqhm_512_32,163297203,256,14
1579079400,smqhm_512_32,162897611,256,14
1609901160,smqhm_512_32,165576522,256,14
1598402480,smqhm_512_32,164624177,256,14
1615728500,smqhm_512_32,166026947,256,14
2756769120,smqhm_512_64,203198139,256,14
2757421740,smqhm_512_64,203626427,256,14
2793496860,smqhm_512_64,205233183,256,14
2769097520,smqhm_512_64,204493364,256,14
2788154900,smqhm_512_64,205464184,256,14
5824934720,smqhm_512_128,283321423,256,14
5823239300,smqhm_512_128,282551892,256,14
5851539280,smqhm_512_128,283303617,256,14
5733438320,smqhm_512_128,278661898,256,14
5854962360,smqhm_512_128,284124373,256,14
13083609060,smqhm_512_256,407328249,256,14
13186969220,smqhm_512_256,412540440,256,14
13643516360,smqhm_512_256,424098354,256,14
13361171460,smqhm_512_256,412609779,256,14
12872720140,smqhm_512_256,400723939,256,14
24680069000,smqhm_512_512,553229456,256,14
24395716660,smqhm_512_512,543498796,256,14
24906384700,smqhm_512_512,546786178,256,14
23977342360,smqhm_512_512,536965481,256,14
25914649340,smqhm_512_512,567589658,256,14
35296610540,smqhm_512_1024,586749625,256,14
36735221180,smqhm_512_1024,610042392,256,14
36312163540,smqhm_512_1024,593701940,256,14
38010545080,smqhm_512_1024,614388454,256,14
36530467200,smqhm_512_1024,611456841,256,14
1389063420,smqhm_1024_1,308867667,256,14
1285516900,smqhm_1024_1,285829766,256,14
1365339640,smqhm_1024_1,301318681,256,14
1317846320,smqhm_1024_1,292646975,256,14
1336838480,smqhm_1024_1,296076858,256,14
1231884620,smqhm_1024_2,248360577,256,14
1150405980,smqhm_1024_2,231610418,256,14
1268633580,smqhm_1024_2,256263117,256,14
1215652340,smqhm_1024_2,242947597,256,14
1282111080,smqhm_1024_2,255552566,256,14
1163032440,smqhm_1024_4,214858848,256,14
1122863380,smqhm_1024_4,206864176,256,14
1159322900,smqhm_1024_4,213150965,256,14
1089317720,smqhm_1024_4,199527245,256,14
1161482180,smqhm_1024_4,214070596,256,14
1119372260,smqhm_1024_8,180955151,256,14
1121316920,smqhm_1024_8,180672079,256,14
1130220040,smqhm_1024_8,183168205,256,14
1109214000,smqhm_1024_8,179936932,256,14
1130116940,smqhm_1024_8,182474176,256,14
1353177620,smqhm_1024_16,175390781,256,14
1386811100,smqhm_1024_16,180018976,256,14
1362531100,smqhm_1024_16,176923194,256,14
1400954020,smqhm_1024_16,181686224,256,14
1341610500,smqhm_1024_16,173784456,256,14
1944412160,smqhm_1024_32,191641514,256,14
1907692640,smqhm_1024_32,189096741,256,14
1907142360,smqhm_1024_32,188613855,256,14
1915005960,smqhm_1024_32,188695912,256,14
1918841940,smqhm_1024_32,189509403,256,14
3188516640,smqhm_1024_64,220530850,256,14
3242206920,smqhm_1024_64,223475492,256,14
3197917400,smqhm_1024_64,221800703,256,14
3144200320,smqhm_1024_64,217477870,256,14
3146879580,smqhm_1024_64,217620221,256,14
6373995360,smqhm_1024_128,287378731,256,14
6336092040,smqhm_1024_128,285929723,256,14
6491541980,smqhm_1024_128,292877761,256,14
6728224100,smqhm_1024_128,299443663,256,14
6457489920,smqhm_1024_128,290133565,256,14
14436889480,smqhm_1024_256,441357778,256,14
14499843800,smqhm_1024_256,430089728,256,14
14205528060,smqhm_1024_256,421175074,256,14
14870481360,smqhm_1024_256,435401379,256,14
14376730820,smqhm_1024_256,426533259,256,14
25854551220,smqhm_1024_512,564741440,256,14
28986864820,smqhm_1024_512,605710170,256,14
27436167580,smqhm_1024_512,595511723,256,14
26463688460,smqhm_1024_512,562753419,256,14
27080736400,smqhm_1024_512,580999437,256,14
39169109860,smqhm_1024_1024,631214266,256,14
40977237860,smqhm_1024_1024,667711056,256,14
40469474180,smqhm_1024_1024,671333353,256,14
43717219940,smqhm_1024_1024,715683500,256,14
38897591340,smqhm_1024_1024,624958855,256,14
