1990396420,smqhm_1_1,12717710,256,0
1877318880,smqhm_1_1,12698838,256,0
2156365980,smqhm_1_1,12726032,256,0
2057584760,smqhm_1_1,12726905,256,0
2070174300,smqhm_1_1,12740472,256,0
1869401820,smqhm_1_2,12664350,256,0
1916161080,smqhm_1_2,12677245,256,0
1914744580,smqhm_1_2,12687003,256,0
2033748220,smqhm_1_2,12695396,256,0
1973456140,smqhm_1_2,12675285,256,0
1887733020,smqhm_1_4,12673959,256,0
1922939060,smqhm_1_4,12659964,256,0
1949419820,smqhm_1_4,12656476,256,0
1962104900,smqhm_1_4,12667478,256,0
1907886160,smqhm_1_4,12662303,256,0
2110446020,smqhm_1_8,12636850,256,0
2099258640,smqhm_1_8,12620641,256,0
1989422820,smqhm_1_8,12641555,256,0
1918344820,smqhm_1_8,12639006,256,0
2131962440,smqhm_1_8,12622482,256,0
1941806780,smqhm_1_16,12623593,256,0
2041366780,smqhm_1_16,12621364,256,0
1962514600,smqhm_1_16,12629969,256,0
2114052900,smqhm_1_16,12609663,256,0
2189648380,smqhm_1_16,12608427,256,0
1993808180,smqhm_1_32,12608278,256,0
2109220620,smqhm_1_32,12601631,256,0
2071732480,smqhm_1_32,12609966,256,0
1872643200,smqhm_1_32,12592979,256,0
2054041040,smqhm_1_32,12606143,256,0
2038460940,smqhm_1_64,12586529,256,0
2222635820,smqhm_1_64,12603409,256,0
2044187500,smqhm_1_64,12594209,256,0
2008525620,smqhm_1_64,12593127,256,0
2004759300,smqhm_1_64,12594287,256,0
2101872960,smqhm_1_128,12595930,256,0
2092353520,smqhm_1_128,12592764,256,0
1970948560,smqhm_1_128,12587295,256,0
1998076520,smqhm_1_128,12589987,256,0
1901644340,smqhm_1_128,12601514,256,0
2050261480,smqhm_1_256,12621700,256,0
2030155560,smqhm_1_256,12610371,256,0
2204364980,smqhm_1_256,12602443,256,0
1899493920,smqhm_1_256,12629379,256,0
2086839680,smqhm_1_256,12589525,256,0
2190357500,smqhm_1_512,12619041,256,0
2174395180,smqhm_1_512,12626901,256,0
2154142740,smqhm_1_512,12623046,256,0
2124109280,smqhm_1_512,12633453,256,0
2093110260,smqhm_1_512,12643721,256,0
2380635020,smqhm_1_1024,12629377,256,0
2393264960,smqhm_1_1024,12628183,256,0
2447206120,smqhm_1_1024,12627870,256,0
2566828160,smqhm_1_1024,12623566,256,0
2497810120,smqhm_1_1024,12629752,256,0
2592524540,smqhm_2_1,12762126,256,0
2689120380,smqhm_2_1,12772344,256,0
3312926260,smqhm_2_1,12901018,256,0
2687751440,smqhm_2_1,12807118,256,0
2537339000,smqhm_2_1,12778868,256,0
2161414240,smqhm_2_2,12699931,256,0
2179312240,smqhm_2_2,12703280,256,0
2163816340,smqhm_2_2,12688782,256,0
2155304820,smqhm_2_2,12707851,256,0
2229852640,smqhm_2_2,12660349,256,0
2225393380,smqhm_2_4,12658277,256,0
2193550360,smqhm_2_4,12653672,256,0
2082261360,smqhm_2_4,12666131,256,0
2018514520,smqhm_2_4,12650842,256,0
2097631520,smqhm_2_4,12667667,256,0
1979812860,smqhm_2_8,12630427,256,0
2000446160,smqhm_2_8,12632366,256,0
2011669460,smqhm_2_8,12632917,256,0
2046972400,smqhm_2_8,12630521,256,0
2022304200,smqhm_2_8,12638127,256,0
2051419220,smqhm_2_16,12632173,256,0
2154177380,smqhm_2_16,12611303,256,0
2078046060,smqhm_2_16,12627024,256,0
1951894120,smqhm_2_16,12618675,256,0
2032885820,smqhm_2_16,12621047,256,0
2102828240,smqhm_2_32,12593864,256,0
1958406040,smqhm_2_32,12607484,256,0
2002538620,smqhm_2_32,12602300,256,0
2074306360,smqhm_2_32,12598389,256,0
2118387100,smqhm_2_32,12608149,256,0
2082261540,smqhm_2_64,12588924,256,0
2050090320,smqhm_2_64,12589376,256,0
2049521480,smqhm_2_64,12588738,256,0
2030633280,smqhm_2_64,12594342,256,0
2071737460,smqhm_2_64,12601750,256,0
2069874200,smqhm_2_128,12586085,256,0
1963674340,smqhm_2_128,12589379,256,0
2073638800,smqhm_2_128,12587195,256,0
2023198920,smqhm_2_128,12591408,256,0
2124716840,smqhm_2_128,12597975,256,0
2137365500,smqhm_2_256,12604409,256,0
2035707780,smqhm_2_256,12603715,256,0
2197687040,smqhm_2_256,12606680,256,0
2090418340,smqhm_2_256,12599928,256,0
2087375640,smqhm_2_256,12606986,256,0
2167435280,smqhm_2_512,12605015,256,0
2479691980,smqhm_2_512,12628853,256,0
2191299440,smqhm_2_512,12623645,256,0
2350982340,smqhm_2_512,12607004,256,0
2265311480,smqhm_2_512,12604921,256,0
2628833080,smqhm_2_1024,12621550,256,0
2702201480,smqhm_2_1024,12622176,256,0
2415610540,smqhm_2_1024,12623452,256,0
2398100200,smqhm_2_1024,12623848,256,0
2502219220,smqhm_2_1024,12617411,256,0
3878176040,smqhm_4_1,12938357,256,0
3656102400,smqhm_4_1,12916057,256,0
2650719320,smqhm_4_1,12815670,256,0
3010479240,smqhm_4_1,12847369,256,0
3378352640,smqhm_4_1,12848898,256,0
2738400740,smqhm_4_2,12813173,256,0
2487186200,smqhm_4_2,12723696,256,0
2538594080,smqhm_4_2,12703839,256,0
2640677160,smqhm_4_2,12800511,256,0
2530305980,smqhm_4_2,12695175,256,0
2207732700,smqhm_4_4,12679984,256,0
2125146300,smqhm_4_4,12701714,256,0
2289787280,smqhm_4_4,12696240,256,0
2096403720,smqhm_4_4,12681989,256,0
2226208840,smqhm_4_4,12652303,256,0
2059563180,smqhm_4_8,12626480,256,0
1933341960,smqhm_4_8,12623431,256,0
2040614260,smqhm_4_8,12642497,256,0
2009337420,smqhm_4_8,12621119,256,0
2038257660,smqhm_4_8,12632292,256,0
2027133840,smqhm_4_16,12620154,256,0
1990214080,smqhm_4_16,12609580,256,0
2005688000,smqhm_4_16,12623789,256,0
1987219280,smqhm_4_16,12613616,256,0
2025567880,smqhm_4_16,12616805,256,0
2043328200,smqhm_4_32,12600439,256,0
2413521240,smqhm_4_32,12617934,256,0
2216345040,smqhm_4_32,12600119,256,0
2078118100,smqhm_4_32,12600242,256,0
2033256520,smqhm_4_32,12597296,256,0
2014122740,smqhm_4_64,12587289,256,0
2010440920,smqhm_4_64,12589210,256,0
1995288780,smqhm_4_64,12587365,256,0
2109931840,smqhm_4_64,12590126,256,0
2010562220,smqhm_4_64,12594905,256,0
2174451800,smqhm_4_128,12581200,256,0
2119749260,smqhm_4_128,12583252,256,0
2096577460,smqhm_4_128,12579777,256,0
2144519380,smqhm_4_128,12585637,256,0
2133765480,smqhm_4_128,12583494,256,0
2070178520,smqhm_4_256,12583574,256,0
2165677600,smqhm_4_256,12584928,256,0
2069176500,smqhm_4_256,12593834,256,0
2173888800,smqhm_4_256,12598497,256,0
2070529080,smqhm_4_256,12596565,256,0
2183884220,smqhm_4_512,12613333,256,0
2199509420,smqhm_4_512,12623107,256,0
2168330640,smqhm_4_512,12617520,256,0
2142746320,smqhm_4_512,12621140,256,0
2175109520,smqhm_4_512,12616395,256,0
2449647140,smqhm_4_1024,12618158,256,0
2837355620,smqhm_4_1024,12625494,256,0
2611679000,smqhm_4_1024,12619899,256,0
2768830960,smqhm_4_1024,12622276,256,0
2724390700,smqhm_4_1024,12620412,256,0
2971557140,smqhm_8_1,12906274,256,0
3568828060,smqhm_8_1,12954101,256,0
3000878140,smqhm_8_1,12845285,256,0
4176032860,smqhm_8_1,13045134,256,0
2863190680,smqhm_8_1,12844610,256,0
3180058360,smqhm_8_2,12873687,256,0
3344844720,smqhm_8_2,12888042,256,0
3139844540,smqhm_8_2,12832130,256,0
3580052760,smqhm_8_2,12913023,256,0
2950426320,smqhm_8_2,12856020,256,0
2655670700,smqhm_8_4,12775985,256,0
2420015300,smqhm_8_4,12750833,256,0
2912574180,smqhm_8_4,12837096,256,0
2606504340,smqhm_8_4,12743371,256,0
2602521800,smqhm_8_4,12766311,256,0
2160238160,smqhm_8_8,12648454,256,0
2181530880,smqhm_8_8,12656132,256,0
2229256680,smqhm_8_8,12690985,256,0
2744638640,smqhm_8_8,12684967,256,0
2361425240,smqhm_8_8,12701908,256,0
2561927920,smqhm_8_16,12609651,256,0
2188916080,smqhm_8_16,12608924,256,0
1914181800,smqhm_8_16,12616803,256,0
2324221400,smqhm_8_16,12616254,256,0
1901391860,smqhm_8_16,12612063,256,0
1890207960,smqhm_8_32,12601167,256,0
1956345040,smqhm_8_32,12593658,256,0
2123775740,smqhm_8_32,12600284,256,0
2065151900,smqhm_8_32,12598800,256,0
1944378840,smqhm_8_32,12609935,256,0
2063913440,smqhm_8_64,12585669,256,0
1901920680,smqhm_8_64,12587971,256,0
2191959120,smqhm_8_64,12584569,256,0
2052274840,smqhm_8_64,12581410,256,0
2146006100,smqhm_8_64,12588207,256,0
2173227340,smqhm_8_128,12579209,256,0
2046526200,smqhm_8_128,12574035,256,0
1932422940,smqhm_8_128,12572623,256,0
1944952520,smqhm_8_128,12573951,256,0
1985388280,smqhm_8_128,12574163,256,0
2106420220,smqhm_8_256,12575899,256,0
2291838060,smqhm_8_256,12579886,256,0
2065547640,smqhm_8_256,12581495,256,0
2133314480,smqhm_8_256,12577206,256,0
2050990620,smqhm_8_256,12577230,256,0
2218059060,smqhm_8_512,12605229,256,0
2134746640,smqhm_8_512,12599337,256,0
2123746140,smqhm_8_512,12602214,256,0
2179149380,smqhm_8_512,12608287,256,0
2116126620,smqhm_8_512,12607499,256,0
2558500060,smqhm_8_1024,12618392,256,0
2583515920,smqhm_8_1024,12613775,256,0
2774470540,smqhm_8_1024,12616628,256,0
2460980280,smqhm_8_1024,12614681,256,0
2639141720,smqhm_8_1024,12617840,256,0
4608795560,smqhm_16_1,13029201,256,0
3509462900,smqhm_16_1,13028909,256,0
3133701560,smqhm_16_1,13044522,256,0
3384115020,smqhm_16_1,13029305,256,0
4265880540,smqhm_16_1,13019284,256,0
3317358880,smqhm_16_2,12922680,256,0
3972227720,smqhm_16_2,13015954,256,0
3422808500,smqhm_16_2,12887199,256,0
3331666540,smqhm_16_2,12926822,256,0
3622571200,smqhm_16_2,12883428,256,0
3428759880,smqhm_16_4,12919045,256,0
2501255840,smqhm_16_4,12774083,256,0
3539441500,smqhm_16_4,12874376,256,0
2932212160,smqhm_16_4,12825067,256,0
2844350420,smqhm_16_4,12845684,256,0
2260150740,smqhm_16_8,12694499,256,0
2442112940,smqhm_16_8,12734141,256,0
2455645500,smqhm_16_8,12733580,256,0
2294410260,smqhm_16_8,12707349,256,0
2560060300,smqhm_16_8,12766110,256,0
2161374140,smqhm_16_16,12677566,256,0
2281899740,smqhm_16_16,12628437,256,0
2132087100,smqhm_16_16,12644759,256,0
2055415700,smqhm_16_16,12655046,256,0
2119030000,smqhm_16_16,12644409,256,0
2093894200,smqhm_16_32,12599639,256,0
2028753200,smqhm_16_32,12596398,256,0
2011858300,smqhm_16_32,12601061,256,0
2183581500,smqhm_16_32,12592094,256,0
2175622240,smqhm_16_32,12598586,256,0
2002555420,smqhm_16_64,12585596,256,0
2046237700,smqhm_16_64,12579749,256,0
1989884020,smqhm_16_64,12582502,256,0
2083203500,smqhm_16_64,12578255,256,0
1978391800,smqhm_16_64,12579252,256,0
2105943100,smqhm_16_128,12577186,256,0
2151047620,smqhm_16_128,12572326,256,0
2032475580,smqhm_16_128,12572214,256,0
2125819040,smqhm_16_128,12570022,256,0
1873339120,smqhm_16_128,12575947,256,0
2074210500,smqhm_16_256,12570406,256,0
2165650320,smqhm_16_256,12569798,256,0
2116337420,smqhm_16_256,12572382,256,0
2191642480,smqhm_16_256,12571315,256,0
2213350500,smqhm_16_256,12570867,256,0
2297447140,smqhm_16_512,12593977,256,0
2185751600,smqhm_16_512,12591239,256,0
2263368100,smqhm_16_512,12593154,256,0
2347042440,smqhm_16_512,12590606,256,0
2160784860,smqhm_16_512,12592471,256,0
2579086520,smqhm_16_1024,12625407,256,0
2555054800,smqhm_16_1024,12612705,256,0
2452867180,smqhm_16_1024,12614642,256,0
2646516940,smqhm_16_1024,12610480,256,0
2649163240,smqhm_16_1024,12609374,256,0
3397838800,smqhm_32_1,13012739,256,0
4637679480,smqhm_32_1,13144484,256,0
5002765800,smqhm_32_1,13111743,256,0
3862028980,smqhm_32_1,13030015,256,0
5152205540,smqhm_32_1,13041244,256,0
3811607860,smqhm_32_2,12976175,256,0
5324054840,smqhm_32_2,13083391,256,0
4358696540,smqhm_32_2,13047335,256,0
3129640260,smqhm_32_2,12980911,256,0
4648010260,smqhm_32_2,13055135,256,0
2828426000,smqhm_32_4,12837652,256,0
4265562340,smqhm_32_4,12940345,256,0
3762809020,smqhm_32_4,12937890,256,0
4857538700,smqhm_32_4,12967390,256,0
2983614400,smqhm_32_4,12861424,256,0
2429496000,smqhm_32_8,12756734,256,0
2783819100,smqhm_32_8,12792295,256,0
2618500380,smqhm_32_8,12831911,256,0
2623103820,smqhm_32_8,12760241,256,0
2878462300,smqhm_32_8,12850552,256,0
2335483320,smqhm_32_16,12708667,256,0
2335690000,smqhm_32_16,12730948,256,0
2295333800,smqhm_32_16,12659282,256,0
2239796140,smqhm_32_16,12700108,256,0
2255498840,smqhm_32_16,12735140,256,0
2072109680,smqhm_32_32,12602668,256,0
2257238040,smqhm_32_32,12603552,256,0
2036010780,smqhm_32_32,12613961,256,0
1838580020,smqhm_32_32,12636725,256,0
2087102620,smqhm_32_32,12604848,256,0
2169515940,smqhm_32_64,12578432,256,0
2113465840,smqhm_32_64,12580238,256,0
2116381020,smqhm_32_64,12578337,256,0
1982086420,smqhm_32_64,12582880,256,0
2055926060,smqhm_32_64,12579679,256,0
1949006400,smqhm_32_128,12573929,256,0
2047564080,smqhm_32_128,12572119,256,0
1891699400,smqhm_32_128,12570278,256,0
2034623860,smqhm_32_128,12570608,256,0
1907462080,smqhm_32_128,12572381,256,0
2047854060,smqhm_32_256,12571536,256,0
2099990200,smqhm_32_256,12570413,256,0
1985240520,smqhm_32_256,12571044,256,0
2067922020,smqhm_32_256,12570834,256,0
1959298680,smqhm_32_256,12569333,256,0
2211255200,smqhm_32_512,12583012,256,0
2211672300,smqhm_32_512,12579171,256,0
2244881320,smqhm_32_512,12584256,256,0
2207232780,smqhm_32_512,12582903,256,0
2337595020,smqhm_32_512,12587526,256,0
2952421880,smqhm_32_1024,12632437,256,0
2839850460,smqhm_32_1024,12615094,256,0
2921751260,smqhm_32_1024,12620765,256,0
2727785820,smqhm_32_1024,12624856,256,0
2956880820,smqhm_32_1024,12627450,256,0
6336610420,smqhm_64_1,13138790,256,0
4486077640,smqhm_64_1,13145141,256,0
6578802760,smqhm_64_1,13214762,256,0
4245854220,smqhm_64_1,13097878,256,0
3495113140,smqhm_64_1,13020301,256,0
3922918260,smqhm_64_2,13037173,256,0
3862805880,smqhm_64_2,13062718,256,0
3918753260,smqhm_64_2,13005500,256,0
3427263760,smqhm_64_2,13022747,256,0
4145482280,smqhm_64_2,13066277,256,0
3497083740,smqhm_64_4,12943384,256,0
4352408580,smqhm_64_4,12965820,256,0
3967155140,smqhm_64_4,12996983,256,0
4078686780,smqhm_64_4,13046965,256,0
2926770580,smqhm_64_4,12920118,256,0
3744819040,smqhm_64_8,12974214,256,0
3189222880,smqhm_64_8,12848976,256,0
2769313100,smqhm_64_8,12842813,256,0
2481208480,smqhm_64_8,12844241,256,0
2501907440,smqhm_64_8,12857677,256,0
2536153480,smqhm_64_16,12778190,256,0
2590068420,smqhm_64_16,12793115,256,0
2368088960,smqhm_64_16,12780385,256,0
2273597200,smqhm_64_16,12728982,256,0
2614044460,smqhm_64_16,12786480,256,0
2036497880,smqhm_64_32,12653307,256,0
2109718260,smqhm_64_32,12659677,256,0
2082545220,smqhm_64_32,12670766,256,0
2016223180,smqhm_64_32,12676123,256,0
2141379600,smqhm_64_32,12645736,256,0
2026028860,smqhm_64_64,12584007,256,0
1970612000,smqhm_64_64,12585726,256,0
1950537900,smqhm_64_64,12605990,256,0
1986023620,smqhm_64_64,12599652,256,0
2016687320,smqhm_64_64,12589718,256,0
2119971460,smqhm_64_128,12574070,256,0
2221068920,smqhm_64_128,12573047,256,0
1965887180,smqhm_64_128,12574876,256,0
1990496240,smqhm_64_128,12572845,256,0
1943110440,smqhm_64_128,12574815,256,0
2055274140,smqhm_64_256,12571667,256,0
2136176080,smqhm_64_256,12566120,256,0
2237366340,smqhm_64_256,12567966,256,0
2096330780,smqhm_64_256,12571719,256,0
2114787900,smqhm_64_256,12569567,256,0
2245804440,smqhm_64_512,12579930,256,0
2204568780,smqhm_64_512,12581841,256,0
2217811320,smqhm_64_512,12583799,256,0
2294890920,smqhm_64_512,12581202,256,0
2263359460,smqhm_64_512,12583027,256,0
2892640620,smqhm_64_1024,12609838,256,0
2983142660,smqhm_64_1024,12602875,256,0
2922744440,smqhm_64_1024,12609009,256,0
2897344480,smqhm_64_1024,12600285,256,0
3066774620,smqhm_64_1024,12611434,256,0
3758142780,smqhm_128_1,13100523,256,0
5322539640,smqhm_128_1,13195895,256,0
4989155800,smqhm_128_1,13175437,256,0
4957699740,smqhm_128_1,13109662,256,0
5186076220,smqhm_128_1,13178462,256,0
5160804340,smqhm_128_2,13133007,256,0
5419723480,smqhm_128_2,13129922,256,0
3988115600,smqhm_128_2,13042233,256,0
4458489820,smqhm_128_2,13130960,256,0
4445126700,smqhm_128_2,13106722,256,0
4319300220,smqhm_128_4,13063219,256,0
3956469820,smqhm_128_4,13006234,256,0
4576368980,smqhm_128_4,13045068,256,0
4392554600,smqhm_128_4,13064848,256,0
4601055800,smqhm_128_4,13022740,256,0
3414935880,smqhm_128_8,12944638,256,0
3657193140,smqhm_128_8,12936931,256,0
5257318940,smqhm_128_8,13029033,256,0
3596500540,smqhm_128_8,12987284,256,0
3272687180,smqhm_128_8,12929257,256,0
3052381620,smqhm_128_16,12893269,256,0
2656548420,smqhm_128_16,12815234,256,0
3293642000,smqhm_128_16,12919091,256,0
2878781340,smqhm_128_16,12832634,256,0
3075818740,smqhm_128_16,12895839,256,0
2325359200,smqhm_128_32,12748933,256,0
2386591720,smqhm_128_32,12732421,256,0
2540039200,smqhm_128_32,12775957,256,0
2279859120,smqhm_128_32,12715243,256,0
2297898820,smqhm_128_32,12745304,256,0
2111962600,smqhm_128_64,12640744,256,0
1977591040,smqhm_128_64,12648510,256,0
2144888240,smqhm_128_64,12671313,256,0
2022788080,smqhm_128_64,12632918,256,0
1987369220,smqhm_128_64,12654571,256,0
2067450660,smqhm_128_128,12575506,256,0
2171779120,smqhm_128_128,12577805,256,0
1901090320,smqhm_128_128,12573814,256,0
2232190740,smqhm_128_128,12573294,256,0
2121930280,smqhm_128_128,12576438,256,0
2159955880,smqhm_128_256,12570025,256,0
2134993500,smqhm_128_256,12571191,256,0
2243233580,smqhm_128_256,12569279,256,0
2007529540,smqhm_128_256,12567782,256,0
2194303500,smqhm_128_256,12569477,256,0
2373024140,smqhm_128_512,12581826,256,0
2274272760,smqhm_128_512,12584892,256,0
2310273500,smqhm_128_512,12580216,256,0
2554897180,smqhm_128_512,12582689,256,0
2321586880,smqhm_128_512,12586213,256,0
2899962040,smqhm_128_1024,12609008,256,0
2933921240,smqhm_128_1024,12617326,256,0
2941868140,smqhm_128_1024,12610328,256,0
2921989360,smqhm_128_1024,12603882,256,0
3228133480,smqhm_128_1024,12616559,256,0
6082782800,smqhm_256_1,13222646,256,0
4605741560,smqhm_256_1,13183505,256,0
4153867420,smqhm_256_1,13100995,256,0
6149071840,smqhm_256_1,13228496,256,0
6581023800,smqhm_256_1,13215260,256,0
4698060980,smqhm_256_2,13137331,256,0
3978084640,smqhm_256_2,13072177,256,0
5445108640,smqhm_256_2,13144729,256,0
6032124000,smqhm_256_2,13232416,256,0
6312657980,smqhm_256_2,13293434,256,0
4010075080,smqhm_256_4,13048464,256,0
4158137760,smqhm_256_4,13090742,256,0
5577509380,smqhm_256_4,13172965,256,0
5334332800,smqhm_256_4,13101314,256,0
4951079960,smqhm_256_4,13105230,256,0
4113991500,smqhm_256_8,12991477,256,0
3464216120,smqhm_256_8,12989500,256,0
5593385920,smqhm_256_8,13097002,256,0
4569986940,smqhm_256_8,13011691,256,0
5135904060,smqhm_256_8,13123521,256,0
3551266600,smqhm_256_16,12968307,256,0
3592941800,smqhm_256_16,13016547,256,0
3711232700,smqhm_256_16,13028456,256,0
4344646800,smqhm_256_16,12960972,256,0
3588791940,smqhm_256_16,12993688,256,0
2450113200,smqhm_256_32,12778354,256,0
3132338220,smqhm_256_32,12880581,256,0
2589697380,smqhm_256_32,12788239,256,0
3339047000,smqhm_256_32,12895500,256,0
3079086200,smqhm_256_32,12868590,256,0
2508337960,smqhm_256_64,12763452,256,0
2269291960,smqhm_256_64,12728442,256,0
2349895760,smqhm_256_64,12764135,256,0
2179293020,smqhm_256_64,12737116,256,0
2291269540,smqhm_256_64,12695144,256,0
2089942760,smqhm_256_128,12608174,256,0
2169469760,smqhm_256_128,12595952,256,0
2010429000,smqhm_256_128,12608399,256,0
2017932360,smqhm_256_128,12613084,256,0
2660079140,smqhm_256_128,12657836,256,0
2295383300,smqhm_256_256,12576160,256,0
2093722880,smqhm_256_256,12574404,256,0
2028115860,smqhm_256_256,12572755,256,0
2070596760,smqhm_256_256,12577118,256,0
2202078960,smqhm_256_256,12569845,256,0
2401216420,smqhm_256_512,12605337,256,0
2291190040,smqhm_256_512,12583020,256,0
2237959860,smqhm_256_512,12583553,256,0
2303320020,smqhm_256_512,12578933,256,0
2246876760,smqhm_256_512,12590089,256,0
2920046440,smqhm_256_1024,12611865,256,0
2998519980,smqhm_256_1024,12597717,256,0
2935909140,smqhm_256_1024,12620744,256,0
2958678580,smqhm_256_1024,12610577,256,0
2906218240,smqhm_256_1024,12618900,256,0
4535198680,smqhm_512_1,13110852,256,0
6034895600,smqhm_512_1,13245263,256,0
6269251000,smqhm_512_1,13221844,256,0
5390327200,smqhm_512_1,13112264,256,0
4364128000,smqhm_512_1,13083051,256,0
7519963260,smqhm_512_2,13246040,256,0
3913325120,smqhm_512_2,13095456,256,0
4980201440,smqhm_512_2,13175197,256,0
4602093900,smqhm_512_2,13148757,256,0
4626902640,smqhm_512_2,13171788,256,0
4224889000,smqhm_512_4,13087834,256,0
4974254680,smqhm_512_4,13148916,256,0
4280960480,smqhm_512_4,13042250,256,0
6925827280,smqhm_512_4,13143610,256,0
5673485900,smqhm_512_4,13158211,256,0
5078193720,smqhm_512_8,13138438,256,0
4090141200,smqhm_512_8,13065383,256,0
3998943400,smqhm_512_8,13076596,256,0
5360475200,smqhm_512_8,13096928,256,0
6720616280,smqhm_512_8,13118636,256,0
4123202520,smqhm_512_16,12999072,256,0
5262390840,smqhm_512_16,13115072,256,0
3712353060,smqhm_512_16,13041940,256,0
5557898180,smqhm_512_16,13119621,256,0
4355436320,smqhm_512_16,13038224,256,0
3074992360,smqhm_512_32,12873113,256,0
3197732720,smqhm_512_32,12931390,256,0
3171390760,smqhm_512_32,12951059,256,0
3784521920,smqhm_512_32,12983193,256,0
3653993660,smqhm_512_32,12963134,256,0
2677433320,smqhm_512_64,12813495,256,0
2612065640,smqhm_512_64,12835846,256,0
2848145060,smqhm_512_64,12858653,256,0
2751726540,smqhm_512_64,12829741,256,0
2789957300,smqhm_512_64,12787929,256,0
2147153620,smqhm_512_128,12683549,256,0
2116913240,smqhm_512_128,12670179,256,0
2201969700,smqhm_512_128,12695897,256,0
2283606800,smqhm_512_128,12693034,256,0
2329460900,smqhm_512_128,12733911,256,0
2118805520,smqhm_512_256,12581074,256,0
1969081680,smqhm_512_256,12589811,256,0
2193394420,smqhm_512_256,12588658,256,0
2054548740,smqhm_512_256,12589942,256,0
2094590320,smqhm_512_256,12594967,256,0
2270988800,smqhm_512_512,12581779,256,0
2172801020,smqhm_512_512,12589783,256,0
2346691340,smqhm_512_512,12585996,256,0
2269132780,smqhm_512_512,12584077,256,0
2310783220,smqhm_512_512,12579669,256,0
2932206860,smqhm_512_1024,12613495,256,0
2983689380,smqhm_512_1024,12618862,256,0
2989988940,smqhm_512_1024,12623620,256,0
2915359420,smqhm_512_1024,12610176,256,0
2917164980,smqhm_512_1024,12609413,256,0
5557790880,smqhm_1024_1,13149018,256,0
4850095380,smqhm_1024_1,13114296,256,0
4954234480,smqhm_1024_1,13202806,256,0
7118217860,smqhm_1024_1,13303670,256,0
6636133480,smqhm_1024_1,13212101,256,0
4395413360,smqhm_1024_2,13215337,256,0
6697975720,smqhm_1024_2,13300730,256,0
4166599520,smqhm_1024_2,13140644,256,0
5300565940,smqhm_1024_2,13136373,256,0
5954879260,smqhm_1024_2,13271868,256,0
4051785260,smqhm_1024_4,13115703,256,0
6324604660,smqhm_1024_4,13220208,256,0
4142340300,smqhm_1024_4,13113162,256,0
6724907220,smqhm_1024_4,13217683,256,0
7956456540,smqhm_1024_4,13347830,256,0
5701098580,smqhm_1024_8,13175144,256,0
4880933280,smqhm_1024_8,13113703,256,0
4232960940,smqhm_1024_8,13108022,256,0
6438786920,smqhm_1024_8,13209134,256,0
4484342540,smqhm_1024_8,13131311,256,0
5520213240,smqhm_1024_16,13141876,256,0
4806366920,smqhm_1024_16,13100026,256,0
3915825320,smqhm_1024_16,13080893,256,0
5840597240,smqhm_1024_16,13127023,256,0
3004276820,smqhm_1024_16,13054479,256,0
2734400140,smqhm_1024_32,12971701,256,0
3925073140,smqhm_1024_32,13031706,256,0
2975584240,smqhm_1024_32,12966103,256,0
3428690280,smqhm_1024_32,12980204,256,0
2878508160,smqhm_1024_32,12998386,256,0
2687016280,smqhm_1024_64,12896838,256,0
2774612860,smqhm_1024_64,12897951,256,0
2728245500,smqhm_1024_64,12885214,256,0
2544716320,smqhm_1024_64,12878712,256,0
2554553160,smqhm_1024_64,12865574,256,0
2090092040,smqhm_1024_128,12733375,256,0
1878638640,smqhm_1024_128,12755000,256,0
2220871260,smqhm_1024_128,12758520,256,0
2172471060,smqhm_1024_128,12729466,256,0
2271281420,smqhm_1024_128,12782179,256,0
1921049820,smqhm_1024_256,12638888,256,0
2058465340,smqhm_1024_256,12605887,256,0
1788647880,smqhm_1024_256,12610905,256,0
1870045640,smqhm_1024_256,12634754,256,0
1886423600,smqhm_1024_256,12618719,256,0
2009133840,smqhm_1024_512,12593941,256,0
1879616380,smqhm_1024_512,12593976,256,0
1873620900,smqhm_1024_512,12599780,256,0
2150852360,smqhm_1024_512,12594744,256,0
2188963120,smqhm_1024_512,12593448,256,0
2884049040,smqhm_1024_1024,12631561,256,0
2885944100,smqhm_1024_1024,12630658,256,0
2985630060,smqhm_1024_1024,12622611,256,0
2847547560,smqhm_1024_1024,12616363,256,0
2911929820,smqhm_1024_1024,12623127,256,0
