108229020,smqhm_1_1,9793436,256,14
109067140,smqhm_1_1,9760617,256,14
107619420,smqhm_1_1,9742035,256,14
110138280,smqhm_1_1,9805640,256,14
109834360,smqhm_1_1,9788158,256,14
113746620,smqhm_1_2,10931884,256,14
111576900,smqhm_1_2,10840875,256,14
111174460,smqhm_1_2,10835646,256,14
115569220,smqhm_1_2,10838769,256,14
112172480,smqhm_1_2,10872335,256,14
133130200,smqhm_1_4,12752095,256,14
140179160,smqhm_1_4,12733438,256,14
139206880,smqhm_1_4,12718513,256,14
141059260,smqhm_1_4,12628424,256,14
140053600,smqhm_1_4,12791772,256,14
159974560,smqhm_1_8,15948849,256,14
160373160,smqhm_1_8,16025070,256,14
176039700,smqhm_1_8,15879699,256,14
161222980,smqhm_1_8,16043855,256,14
159662960,smqhm_1_8,16134012,256,14
201599040,smqhm_1_16,20401858,256,14
200899360,smqhm_1_16,20425517,256,14
200177080,smqhm_1_16,20403331,256,14
201303900,smqhm_1_16,20286679,256,14
203357000,smqhm_1_16,20364146,256,14
258666500,smqhm_1_32,23073331,256,14
274546660,smqhm_1_32,22894792,256,14
277577340,smqhm_1_32,23054208,256,14
274735120,smqhm_1_32,23192179,256,14
276196940,smqhm_1_32,23166254,256,14
345380040,smqhm_1_64,23474933,256,14
368646240,smqhm_1_64,24960825,256,14
341275220,smqhm_1_64,25020017,256,14
332497660,smqhm_1_64,24122221,256,14
341630700,smqhm_1_64,24834407,256,14
494692820,smqhm_1_128,22702958,256,14
478995520,smqhm_1_128,22568530,256,14
471942760,smqhm_1_128,22487566,256,14
483014760,smqhm_1_128,22673038,256,14
480228100,smqhm_1_128,22786546,256,14
707296100,smqhm_1_256,23855889,256,14
705206600,smqhm_1_256,23994565,256,14
706129160,smqhm_1_256,24216683,256,14
700403460,smqhm_1_256,23882225,256,14
704044780,smqhm_1_256,23833679,256,14
1168174600,smqhm_1_512,29894152,256,14
1173846680,smqhm_1_512,30409563,256,14
1156570280,smqhm_1_512,28718898,256,14
1160862320,smqhm_1_512,29505184,256,14
1165080080,smqhm_1_512,29981823,256,14
2314802380,smqhm_1_1024,43257668,256,14
2326902380,smqhm_1_1024,44684801,256,14
2367059400,smqhm_1_1024,45736576,256,14
2341321900,smqhm_1_1024,44906346,256,14
2315360100,smqhm_1_1024,44796405,256,14
98080480,smqhm_2_1,11062490,256,14
96951460,smqhm_2_1,11096924,256,14
96557800,smqhm_2_1,11068400,256,14
97151820,smqhm_2_1,11126850,256,14
96667040,smqhm_2_1,11179945,256,14
100632540,smqhm_2_2,11679971,256,14
100803380,smqhm_2_2,11696393,256,14
102061460,smqhm_2_2,11746267,256,14
99094140,smqhm_2_2,11730877,256,14
100225860,smqhm_2_2,11790541,256,14
119803980,smqhm_2_4,13373698,256,14
118095140,smqhm_2_4,13286046,256,14
120189080,smqhm_2_4,13331701,256,14
121422780,smqhm_2_4,13352211,256,14
119582580,smqhm_2_4,13339072,256,14
137915780,smqhm_2_8,15934248,256,14
143176980,smqhm_2_8,16207867,256,14
138676500,smqhm_2_8,16080334,256,14
145048080,smqhm_2_8,15977617,256,14
140615220,smqhm_2_8,16044561,256,14
174151300,smqhm_2_16,19295952,256,14
171463880,smqhm_2_16,19341698,256,14
174501460,smqhm_2_16,19344278,256,14
173575140,smqhm_2_16,19563608,256,14
171812520,smqhm_2_16,19361334,256,14
232390820,smqhm_2_32,21946530,256,14
222486140,smqhm_2_32,21304085,256,14
224202260,smqhm_2_32,22058214,256,14
232146220,smqhm_2_32,21809605,256,14
214254940,smqhm_2_32,21724910,256,14
295888620,smqhm_2_64,23866802,256,14
292309340,smqhm_2_64,23951631,256,14
287148280,smqhm_2_64,23038967,256,14
285160100,smqhm_2_64,23171136,256,14
285939180,smqhm_2_64,23492462,256,14
415412960,smqhm_2_128,22202495,256,14
415804300,smqhm_2_128,21972707,256,14
426294720,smqhm_2_128,22773027,256,14
424230720,smqhm_2_128,23149645,256,14
424023860,smqhm_2_128,22925269,256,14
632247160,smqhm_2_256,25783091,256,14
623851340,smqhm_2_256,24584744,256,14
626038960,smqhm_2_256,24847249,256,14
632469780,smqhm_2_256,25657881,256,14
613973720,smqhm_2_256,23856921,256,14
1068447320,smqhm_2_512,30998595,256,14
1045198580,smqhm_2_512,30228457,256,14
1069738280,smqhm_2_512,31883324,256,14
1066944780,smqhm_2_512,30516152,256,14
1028304540,smqhm_2_512,29220300,256,14
2120504540,smqhm_2_1024,41935701,256,14
2133319740,smqhm_2_1024,43612605,256,14
2172951820,smqhm_2_1024,43960961,256,14
2210219900,smqhm_2_1024,46763100,256,14
2148538720,smqhm_2_1024,43871908,256,14
98749560,smqhm_4_1,13348648,256,14
95878320,smqhm_4_1,13293069,256,14
96317080,smqhm_4_1,13304058,256,14
95074600,smqhm_4_1,13174830,256,14
94581340,smqhm_4_1,13184127,256,14
124908360,smqhm_4_2,13456654,256,14
135220700,smqhm_4_2,13279903,256,14
96238120,smqhm_4_2,13282278,256,14
96505160,smqhm_4_2,13307591,256,14
99129920,smqhm_4_2,13388324,256,14
112472920,smqhm_4_4,14609695,256,14
114144500,smqhm_4_4,14748432,256,14
111971660,smqhm_4_4,14747508,256,14
112148120,smqhm_4_4,14641486,256,14
113210300,smqhm_4_4,14746058,256,14
130695540,smqhm_4_8,17027657,256,14
133252980,smqhm_4_8,17420333,256,14
133073180,smqhm_4_8,17205077,256,14
131379520,smqhm_4_8,17316400,256,14
133071040,smqhm_4_8,17304299,256,14
168900300,smqhm_4_16,21153328,256,14
167757740,smqhm_4_16,21022725,256,14
166158440,smqhm_4_16,20819367,256,14
170139160,smqhm_4_16,21141225,256,14
169030760,smqhm_4_16,21125891,256,14
210292200,smqhm_4_32,23564416,256,14
220793680,smqhm_4_32,23628209,256,14
208916880,smqhm_4_32,23696823,256,14
213497500,smqhm_4_32,23929782,256,14
204912320,smqhm_4_32,23762130,256,14
267686180,smqhm_4_64,26269788,256,14
265071420,smqhm_4_64,26784757,256,14
268209280,smqhm_4_64,25544918,256,14
272244920,smqhm_4_64,26291278,256,14
265542720,smqhm_4_64,25662694,256,14
397450500,smqhm_4_128,26060650,256,14
398234420,smqhm_4_128,26309160,256,14
404565240,smqhm_4_128,26372219,256,14
404302640,smqhm_4_128,26545152,256,14
396910220,smqhm_4_128,26170326,256,14
611760780,smqhm_4_256,30175373,256,14
610929420,smqhm_4_256,29717261,256,14
611310320,smqhm_4_256,29647988,256,14
608398840,smqhm_4_256,29902868,256,14
599329060,smqhm_4_256,29028032,256,14
1103208640,smqhm_4_512,38085866,256,14
1092705020,smqhm_4_512,38115091,256,14
1072281220,smqhm_4_512,36775285,256,14
1089834560,smqhm_4_512,37663279,256,14
1116197120,smqhm_4_512,39382572,256,14
2237686300,smqhm_4_1024,52152354,256,14
2342998380,smqhm_4_1024,55366705,256,14
2289864520,smqhm_4_1024,53869420,256,14
2263799300,smqhm_4_1024,53356047,256,14
2267373920,smqhm_4_1024,52855586,256,14
103981160,smqhm_8_1,16832047,256,14
105325920,smqhm_8_1,16847638,256,14
103487380,smqhm_8_1,16750592,256,14
103496520,smqhm_8_1,16968743,256,14
103196600,smqhm_8_1,16591124,256,14
103911960,smqhm_8_2,15769757,256,14
104112540,smqhm_8_2,15832151,256,14
102056020,smqhm_8_2,15541937,256,14
104489860,smqhm_8_2,15787625,256,14
103252060,smqhm_8_2,15663650,256,14
110540700,smqhm_8_4,16602396,256,14
110303240,smqhm_8_4,16428970,256,14
124785780,smqhm_8_4,16465833,256,14
111623260,smqhm_8_4,16794704,256,14
111291140,smqhm_8_4,16616142,256,14
135570760,smqhm_8_8,19529710,256,14
134871740,smqhm_8_8,19517370,256,14
134001740,smqhm_8_8,19458612,256,14
133609340,smqhm_8_8,19385226,256,14
133512020,smqhm_8_8,19300613,256,14
182100360,smqhm_8_16,23850106,256,14
181402160,smqhm_8_16,24387938,256,14
177206400,smqhm_8_16,23747213,256,14
180790220,smqhm_8_16,24135962,256,14
183495820,smqhm_8_16,24155727,256,14
237668340,smqhm_8_32,28632294,256,14
239829400,smqhm_8_32,29029351,256,14
236599900,smqhm_8_32,28761263,256,14
240296120,smqhm_8_32,28927323,256,14
244675000,smqhm_8_32,30279587,256,14
290409780,smqhm_8_64,30932306,256,14
299793640,smqhm_8_64,31985146,256,14
303241900,smqhm_8_64,32093607,256,14
298769320,smqhm_8_64,31353485,256,14
297905800,smqhm_8_64,31673978,256,14
399154600,smqhm_8_128,32536573,256,14
412108260,smqhm_8_128,33895460,256,14
407394940,smqhm_8_128,33450003,256,14
405767600,smqhm_8_128,33332368,256,14
413736260,smqhm_8_128,33591532,256,14
612606320,smqhm_8_256,37174678,256,14
619584460,smqhm_8_256,37601026,256,14
613072060,smqhm_8_256,37614247,256,14
592236000,smqhm_8_256,35350721,256,14
603151740,smqhm_8_256,36682380,256,14
1035100160,smqhm_8_512,44961869,256,14
1055532300,smqhm_8_512,45483868,256,14
1099058780,smqhm_8_512,47434884,256,14
1040432040,smqhm_8_512,43997191,256,14
1058763460,smqhm_8_512,44622498,256,14
1945515000,smqhm_8_1024,54758038,256,14
1977045780,smqhm_8_1024,54826354,256,14
1997681080,smqhm_8_1024,55580889,256,14
1978317280,smqhm_8_1024,54256969,256,14
1972957620,smqhm_8_1024,54523078,256,14
118021860,smqhm_16_1,22131688,256,14
120665480,smqhm_16_1,22786321,256,14
116704780,smqhm_16_1,22000875,256,14
133270280,smqhm_16_1,21958391,256,14
149650780,smqhm_16_1,22212584,256,14
113863940,smqhm_16_2,19317557,256,14
116048740,smqhm_16_2,19467442,256,14
113384720,smqhm_16_2,19363817,256,14
112172740,smqhm_16_2,19120771,256,14
136211860,smqhm_16_2,19156558,256,14
164198580,smqhm_16_4,19351844,256,14
129271020,smqhm_16_4,19517408,256,14
128733100,smqhm_16_4,19339224,256,14
118517500,smqhm_16_4,19518014,256,14
136868000,smqhm_16_4,19100368,256,14
145844000,smqhm_16_8,22168223,256,14
161664640,smqhm_16_8,22092984,256,14
142285920,smqhm_16_8,21978862,256,14
157089220,smqhm_16_8,21978626,256,14
153337420,smqhm_16_8,22077647,256,14
196124080,smqhm_16_16,27706905,256,14
197569000,smqhm_16_16,28082121,256,14
196472800,smqhm_16_16,27733718,256,14
194315760,smqhm_16_16,27418015,256,14
196426300,smqhm_16_16,27515426,256,14
283131440,smqhm_16_32,34788888,256,14
296233400,smqhm_16_32,35886371,256,14
280531340,smqhm_16_32,34859452,256,14
285096240,smqhm_16_32,35204763,256,14
276213660,smqhm_16_32,34264700,256,14
404519300,smqhm_16_64,42345470,256,14
401054820,smqhm_16_64,42573284,256,14
407064420,smqhm_16_64,42988367,256,14
405279720,smqhm_16_64,42864586,256,14
393637760,smqhm_16_64,41748749,256,14
535098400,smqhm_16_128,45879441,256,14
551098380,smqhm_16_128,47702808,256,14
563110920,smqhm_16_128,47782984,256,14
574571960,smqhm_16_128,48990241,256,14
529023540,smqhm_16_128,45587468,256,14
752614460,smqhm_16_256,49745672,256,14
755516600,smqhm_16_256,48915366,256,14
757587060,smqhm_16_256,49662587,256,14
750885240,smqhm_16_256,49113222,256,14
774986340,smqhm_16_256,50270598,256,14
1481327600,smqhm_16_512,61433890,256,14
1451762940,smqhm_16_512,60334391,256,14
1473247880,smqhm_16_512,61276609,256,14
1536687800,smqhm_16_512,64029306,256,14
1388297920,smqhm_16_512,58755543,256,14
2664309320,smqhm_16_1024,66039454,256,14
2747845600,smqhm_16_1024,67189463,256,14
2809048880,smqhm_16_1024,68719509,256,14
2795450240,smqhm_16_1024,68879623,256,14
2797962820,smqhm_16_1024,68439292,256,14
145998280,smqhm_32_1,30848326,256,14
143584160,smqhm_32_1,30205617,256,14
144892680,smqhm_32_1,30961306,256,14
142901020,smqhm_32_1,30102834,256,14
143540260,smqhm_32_1,30655927,256,14
128249620,smqhm_32_2,24469007,256,14
131058880,smqhm_32_2,25091748,256,14
146125780,smqhm_32_2,25361290,256,14
136753880,smqhm_32_2,25480238,256,14
132328660,smqhm_32_2,25418717,256,14
130438220,smqhm_32_4,23156874,256,14
130293300,smqhm_32_4,23189286,256,14
152587940,smqhm_32_4,23264292,256,14
132048060,smqhm_32_4,23306134,256,14
130975440,smqhm_32_4,23241013,256,14
153263380,smqhm_32_8,25293490,256,14
150412180,smqhm_32_8,25131854,256,14
152751680,smqhm_32_8,25365842,256,14
153976820,smqhm_32_8,25646565,256,14
157538140,smqhm_32_8,25726023,256,14
217833920,smqhm_32_16,31241439,256,14
218104940,smqhm_32_16,31502448,256,14
216345620,smqhm_32_16,31074677,256,14
218902220,smqhm_32_16,31390275,256,14
216863580,smqhm_32_16,31140751,256,14
336049780,smqhm_32_32,41302202,256,14
335233140,smqhm_32_32,41031478,256,14
343152900,smqhm_32_32,42226765,256,14
329303500,smqhm_32_32,40828024,256,14
326081300,smqhm_32_32,40221419,256,14
577295680,smqhm_32_64,54923853,256,14
573197780,smqhm_32_64,55335107,256,14
587649100,smqhm_32_64,56069745,256,14
581046760,smqhm_32_64,55175781,256,14
591318120,smqhm_32_64,56202898,256,14
1088276440,smqhm_32_128,71447089,256,14
916758380,smqhm_32_128,64912536,256,14
944917460,smqhm_32_128,66739590,256,14
956166540,smqhm_32_128,66461506,256,14
992131980,smqhm_32_128,68175806,256,14
1498192120,smqhm_32_256,76213793,256,14
1478283260,smqhm_32_256,76660509,256,14
1433232060,smqhm_32_256,73540838,256,14
1518694620,smqhm_32_256,77235163,256,14
1572642020,smqhm_32_256,78086389,256,14
2584829340,smqhm_32_512,86692749,256,14
2367354620,smqhm_32_512,81081980,256,14
2507376700,smqhm_32_512,84251300,256,14
2413819740,smqhm_32_512,81983906,256,14
2861056140,smqhm_32_512,88789163,256,14
4295315100,smqhm_32_1024,90135193,256,14
4601963940,smqhm_32_1024,95628270,256,14
4346009560,smqhm_32_1024,90442227,256,14
4114850780,smqhm_32_1024,87131156,256,14
4093221380,smqhm_32_1024,86554843,256,14
179921840,smqhm_64_1,41681669,256,14
179349620,smqhm_64_1,41910397,256,14
174476440,smqhm_64_1,40175299,256,14
175833920,smqhm_64_1,41027461,256,14
175640320,smqhm_64_1,40897611,256,14
159271140,smqhm_64_2,33321980,256,14
161356060,smqhm_64_2,33455003,256,14
161437300,smqhm_64_2,33404296,256,14
160859360,smqhm_64_2,33210774,256,14
165387880,smqhm_64_2,34202890,256,14
155736420,smqhm_64_4,29412416,256,14
154853800,smqhm_64_4,29467538,256,14
152087960,smqhm_64_4,28564665,256,14
152271800,smqhm_64_4,28598355,256,14
154084440,smqhm_64_4,28841568,256,14
172434000,smqhm_64_8,30124136,256,14
169359080,smqhm_64_8,29265154,256,14
170580380,smqhm_64_8,29140038,256,14
173497420,smqhm_64_8,29746436,256,14
169891480,smqhm_64_8,29531945,256,14
243547500,smqhm_64_16,35354694,256,14
237835820,smqhm_64_16,34792652,256,14
238642820,smqhm_64_16,34849299,256,14
240328600,smqhm_64_16,35086038,256,14
239539600,smqhm_64_16,34857738,256,14
377324120,smqhm_64_32,45376935,256,14
384164260,smqhm_64_32,46288766,256,14
381150440,smqhm_64_32,45803385,256,14
383249520,smqhm_64_32,45934118,256,14
381458720,smqhm_64_32,45815143,256,14
731213960,smqhm_64_64,62995995,256,14
727457980,smqhm_64_64,63829237,256,14
718004620,smqhm_64_64,62796882,256,14
725298740,smqhm_64_64,63832571,256,14
694366240,smqhm_64_64,61257480,256,14
1465743860,smqhm_64_128,87125046,256,14
1407608540,smqhm_64_128,81071119,256,14
1364797720,smqhm_64_128,80792328,256,14
1457107460,smqhm_64_128,84660857,256,14
1512068540,smqhm_64_128,85907875,256,14
2445582360,smqhm_64_256,99675585,256,14
2477702360,smqhm_64_256,102303970,256,14
2199841960,smqhm_64_256,93400867,256,14
2401028420,smqhm_64_256,100566771,256,14
2303432580,smqhm_64_256,98023503,256,14
3556563400,smqhm_64_512,105905946,256,14
3845508780,smqhm_64_512,113540367,256,14
3555824960,smqhm_64_512,104774564,256,14
3495147920,smqhm_64_512,102814675,256,14
3431286500,smqhm_64_512,103217056,256,14
5715409300,smqhm_64_1024,111486464,256,14
5710865040,smqhm_64_1024,112357125,256,14
5657886340,smqhm_64_1024,110079199,256,14
5867510820,smqhm_64_1024,110472483,256,14
5357877620,smqhm_64_1024,107072459,256,14
214272020,smqhm_128_1,54545803,256,14
204905760,smqhm_128_1,52308921,256,14
204119720,smqhm_128_1,51554448,256,14
208901760,smqhm_128_1,53256505,256,14
212076860,smqhm_128_1,53729045,256,14
201553100,smqhm_128_2,44510014,256,14
195644960,smqhm_128_2,43318153,256,14
197620160,smqhm_128_2,43386383,256,14
198113640,smqhm_128_2,43962494,256,14
191750280,smqhm_128_2,42364475,256,14
187249700,smqhm_128_4,37293127,256,14
191165740,smqhm_128_4,37869709,256,14
190498300,smqhm_128_4,37827704,256,14
188235680,smqhm_128_4,37359099,256,14
191445020,smqhm_128_4,38005840,256,14
201683120,smqhm_128_8,36070261,256,14
201363400,smqhm_128_8,35900008,256,14
199648340,smqhm_128_8,35988243,256,14
200672900,smqhm_128_8,35901533,256,14
217023540,smqhm_128_8,36617128,256,14
276653380,smqhm_128_16,39904209,256,14
268018780,smqhm_128_16,38296484,256,14
278846140,smqhm_128_16,40160536,256,14
278575100,smqhm_128_16,40282304,256,14
275586500,smqhm_128_16,39822539,256,14
419521580,smqhm_128_32,48566511,256,14
421562000,smqhm_128_32,48671151,256,14
429132740,smqhm_128_32,49509784,256,14
422118780,smqhm_128_32,48661383,256,14
434037820,smqhm_128_32,49641308,256,14
804652180,smqhm_128_64,65880020,256,14
798250040,smqhm_128_64,65830546,256,14
803936120,smqhm_128_64,65586876,256,14
800932860,smqhm_128_64,65530128,256,14
817871960,smqhm_128_64,67109101,256,14
1714484300,smqhm_128_128,92920609,256,14
1665376980,smqhm_128_128,92167369,256,14
1606075480,smqhm_128_128,89892702,256,14
1676910220,smqhm_128_128,89603475,256,14
1720220340,smqhm_128_128,92034950,256,14
3174771740,smqhm_128_256,119140494,256,14
3317605340,smqhm_128_256,123651302,256,14
3134389540,smqhm_128_256,121183639,256,14
2951336380,smqhm_128_256,114992877,256,14
2816076820,smqhm_128_256,110255836,256,14
4725898980,smqhm_128_512,134504508,256,14
4619976400,smqhm_128_512,129004487,256,14
4250176780,smqhm_128_512,119599674,256,14
4219451340,smqhm_128_512,120207732,256,14
4380043660,smqhm_128_512,122284952,256,14
6913648080,smqhm_128_1024,129802188,256,14
6404979880,smqhm_128_1024,118285560,256,14
6379375080,smqhm_128_1024,118912531,256,14
7824554280,smqhm_128_1024,146729832,256,14
6723491320,smqhm_128_1024,127777103,256,14
239958040,smqhm_256_1,65116620,256,14
246403220,smqhm_256_1,67278075,256,14
234738700,smqhm_256_1,63316597,256,14
237624980,smqhm_256_1,64258508,256,14
233927060,smqhm_256_1,62938842,256,14
241410800,smqhm_256_2,55904064,256,14
252621420,smqhm_256_2,58843945,256,14
239017200,smqhm_256_2,54658899,256,14
235344000,smqhm_256_2,54452656,256,14
246415020,smqhm_256_2,56888153,256,14
230617820,smqhm_256_4,48514701,256,14
225327840,smqhm_256_4,47267064,256,14
243461620,smqhm_256_4,51454300,256,14
227978020,smqhm_256_4,47600846,256,14
234820240,smqhm_256_4,49370601,256,14
245297780,smqhm_256_8,44205384,256,14
249187180,smqhm_256_8,45017113,256,14
234509660,smqhm_256_8,42559294,256,14
239147840,smqhm_256_8,43251600,256,14
250304380,smqhm_256_8,45486124,256,14
324858400,smqhm_256_16,45938452,256,14
332568700,smqhm_256_16,46575168,256,14
331062240,smqhm_256_16,46477246,256,14
326459760,smqhm_256_16,46098471,256,14
319822100,smqhm_256_16,45213306,256,14
489385640,smqhm_256_32,53595647,256,14
486652780,smqhm_256_32,53125758,256,14
491168520,smqhm_256_32,53684135,256,14
489373700,smqhm_256_32,53357431,256,14
486786840,smqhm_256_32,53522506,256,14
933800380,smqhm_256_64,70714495,256,14
909027080,smqhm_256_64,69797729,256,14
914265880,smqhm_256_64,69857789,256,14
938900620,smqhm_256_64,71376431,256,14
898693840,smqhm_256_64,69311188,256,14
1901591160,smqhm_256_128,97244618,256,14
1841362080,smqhm_256_128,94709250,256,14
1726428800,smqhm_256_128,92361952,256,14
1852885140,smqhm_256_128,96759180,256,14
1833524620,smqhm_256_128,95187980,256,14
3473459580,smqhm_256_256,130155615,256,14
3193273840,smqhm_256_256,123545753,256,14
3146277060,smqhm_256_256,121171671,256,14
3393682460,smqhm_256_256,127968208,256,14
3142546260,smqhm_256_256,122867462,256,14
4922707560,smqhm_256_512,137725583,256,14
4925908460,smqhm_256_512,138590168,256,14
5221759320,smqhm_256_512,143561494,256,14
5186815980,smqhm_256_512,142977384,256,14
4714502700,smqhm_256_512,128848411,256,14
7111599660,smqhm_256_1024,130675837,256,14
7523932040,smqhm_256_1024,139867197,256,14
7009683660,smqhm_256_1024,128568959,256,14
8459817980,smqhm_256_1024,153816460,256,14
8350236980,smqhm_256_1024,153557049,256,14
288207760,smqhm_512_1,81916234,256,14
277129940,smqhm_512_1,76009892,256,14
275614280,smqhm_512_1,78024510,256,14
293414780,smqhm_512_1,82843195,256,14
277120460,smqhm_512_1,78223623,256,14
289709600,smqhm_512_2,69548792,256,14
283057800,smqhm_512_2,68248235,256,14
293610380,smqhm_512_2,70308718,256,14
281269580,smqhm_512_2,67895936,256,14
296772300,smqhm_512_2,71951760,256,14
294867240,smqhm_512_4,63381463,256,14
285619320,smqhm_512_4,60506228,256,14
289341380,smqhm_512_4,61282417,256,14
280551640,smqhm_512_4,59468232,256,14
294892200,smqhm_512_4,63296306,256,14
308614280,smqhm_512_8,55354511,256,14
317780720,smqhm_512_8,57760684,256,14
318316260,smqhm_512_8,57586899,256,14
309175740,smqhm_512_8,56037145,256,14
296806200,smqhm_512_8,53706245,256,14
403256960,smqhm_512_16,54936509,256,14
407811360,smqhm_512_16,55573137,256,14
400708420,smqhm_512_16,54738075,256,14
413768800,smqhm_512_16,55824522,256,14
376091380,smqhm_512_16,51090409,256,14
581746860,smqhm_512_32,59230354,256,14
582673180,smqhm_512_32,60104516,256,14
579131900,smqhm_512_32,59513062,256,14
565651160,smqhm_512_32,58215958,256,14
558076420,smqhm_512_32,57928626,256,14
1027743300,smqhm_512_64,73835311,256,14
994836080,smqhm_512_64,71934581,256,14
1021422680,smqhm_512_64,72108699,256,14
1051257180,smqhm_512_64,74554941,256,14
979396640,smqhm_512_64,71350168,256,14
1863468460,smqhm_512_128,92006261,256,14
1826128660,smqhm_512_128,92581394,256,14
1924312540,smqhm_512_128,97037676,256,14
1972204340,smqhm_512_128,98439836,256,14
1911092520,smqhm_512_128,95205388,256,14
3554452980,smqhm_512_256,136106506,256,14
3544941600,smqhm_512_256,133331107,256,14
3430195420,smqhm_512_256,127672969,256,14
3392479420,smqhm_512_256,124799260,256,14
3529683680,smqhm_512_256,129299075,256,14
5677478460,smqhm_512_512,153918198,256,14
5006570580,smqhm_512_512,130875920,256,14
5653349660,smqhm_512_512,147399086,256,14
5526611700,smqhm_512_512,144925868,256,14
6239217560,smqhm_512_512,169902849,256,14
7977359080,smqhm_512_1024,137070979,256,14
7851920560,smqhm_512_1024,138902425,256,14
8084393780,smqhm_512_1024,141668119,256,14
7852461220,smqhm_512_1024,137162599,256,14
7957494760,smqhm_512_1024,139020315,256,14
321389620,smqhm_1024_1,92307428,256,14
316765740,smqhm_1024_1,91451467,256,14
307051560,smqhm_1024_1,86942253,256,14
322653820,smqhm_1024_1,93781650,256,14
309504940,smqhm_1024_1,88169213,256,14
311614480,smqhm_1024_2,78483810,256,14
335213380,smqhm_1024_2,83524337,256,14
352554680,smqhm_1024_2,89293297,256,14
345325360,smqhm_1024_2,84854713,256,14
323025160,smqhm_1024_2,80846927,256,14
356371860,smqhm_1024_4,77707578,256,14
324068900,smqhm_1024_4,70170951,256,14
350002360,smqhm_1024_4,75674543,256,14
341819600,smqhm_1024_4,74090484,256,14
325040680,smqhm_1024_4,70535339,256,14
360461680,smqhm_1024_8,65262666,256,14
364829460,smqhm_1024_8,65976726,256,14
365793080,smqhm_1024_8,66113273,256,14
389149680,smqhm_1024_8,70772652,256,14
351464040,smqhm_1024_8,63480230,256,14
482042600,smqhm_1024_16,63352442,256,14
478674920,smqhm_1024_16,62830875,256,14
494200860,smqhm_1024_16,65124999,256,14
494409040,smqhm_1024_16,65126309,256,14
488908540,smqhm_1024_16,64622988,256,14
711634760,smqhm_1024_32,68288283,256,14
649279520,smqhm_1024_32,62465962,256,14
654937620,smqhm_1024_32,63551353,256,14
704931060,smqhm_1024_32,68133426,256,14
700796180,smqhm_1024_32,68464325,256,14
1199372340,smqhm_1024_64,79097536,256,14
1188936140,smqhm_1024_64,78377038,256,14
1118881020,smqhm_1024_64,76165433,256,14
1202335900,smqhm_1024_64,81312433,256,14
1158756360,smqhm_1024_64,77121511,256,14
2224936380,smqhm_1024_128,105266038,256,14
2243099980,smqhm_1024_128,105260505,256,14
2390669860,smqhm_1024_128,108839899,256,14
2093472840,smqhm_1024_128,100018357,256,14
2137377300,smqhm_1024_128,101324828,256,14
3750254160,smqhm_1024_256,134728316,256,14
3829429740,smqhm_1024_256,133375477,256,14
4077064620,smqhm_1024_256,145164740,256,14
3914643240,smqhm_1024_256,140744249,256,14
3969022740,smqhm_1024_256,142049975,256,14
5922089200,smqhm_1024_512,155131906,256,14
5648614800,smqhm_1024_512,144693337,256,14
5831195960,smqhm_1024_512,150005329,256,14
5837431940,smqhm_1024_512,153249591,256,14
5808101800,smqhm_1024_512,150773007,256,14
8904169840,smqhm_1024_1024,154649930,256,14
8207210780,smqhm_1024_1024,143896547,256,14
8331162360,smqhm_1024_1024,142816660,256,14
10243877220,smqhm_1024_1024,177589828,256,14
8763420900,smqhm_1024_1024,149049415,256,14
