2085809520,smqhm_1_1,79374331,256,0
2404140980,smqhm_1_1,84214159,256,0
2096267660,smqhm_1_1,80130351,256,0
2500063120,smqhm_1_1,81884811,256,0
2317445220,smqhm_1_1,79528456,256,0
2017711780,smqhm_1_2,81455212,256,0
2076949360,smqhm_1_2,78667431,256,0
2112572180,smqhm_1_2,85546956,256,0
2321918160,smqhm_1_2,80678496,256,0
2039167220,smqhm_1_2,79778151,256,0
1877358780,smqhm_1_4,80040551,256,0
1830897520,smqhm_1_4,78992234,256,0
1926348580,smqhm_1_4,78913947,256,0
1919799720,smqhm_1_4,80748635,256,0
1923387640,smqhm_1_4,84929069,256,0
1566678180,smqhm_1_8,79779992,256,0
1675752120,smqhm_1_8,80561415,256,0
1736447660,smqhm_1_8,80084849,256,0
1745565180,smqhm_1_8,79919504,256,0
1754406660,smqhm_1_8,81211226,256,0
1653342060,smqhm_1_16,80525295,256,0
1577590380,smqhm_1_16,79603030,256,0
1493229040,smqhm_1_16,79708465,256,0
1694169100,smqhm_1_16,80727283,256,0
1818495260,smqhm_1_16,89783521,256,0
1592539860,smqhm_1_32,82499099,256,0
1632581680,smqhm_1_32,81154950,256,0
1727312780,smqhm_1_32,85182969,256,0
1706106780,smqhm_1_32,80641366,256,0
1713487540,smqhm_1_32,81384493,256,0
1847580640,smqhm_1_64,80303004,256,0
1994104540,smqhm_1_64,84123983,256,0
1871519660,smqhm_1_64,81015924,256,0
1757346620,smqhm_1_64,79329766,256,0
1822293280,smqhm_1_64,80688772,256,0
2806619480,smqhm_1_128,83546090,256,0
2549248180,smqhm_1_128,82578370,256,0
2537380640,smqhm_1_128,83332156,256,0
2559287220,smqhm_1_128,83210409,256,0
2432292400,smqhm_1_128,82118326,256,0
2766448000,smqhm_1_256,83455687,256,0
2802195540,smqhm_1_256,85517279,256,0
2589752600,smqhm_1_256,84425355,256,0
2751223060,smqhm_1_256,84443996,256,0
2844211360,smqhm_1_256,86736904,256,0
2667773900,smqhm_1_512,88974772,256,0
2420625220,smqhm_1_512,89967247,256,0
2572858780,smqhm_1_512,94140305,256,0
2521724100,smqhm_1_512,89785407,256,0
2475539300,smqhm_1_512,88660602,256,0
2723872280,smqhm_1_1024,95131071,256,0
3194094480,smqhm_1_1024,100515576,256,0
3107265020,smqhm_1_1024,98138519,256,0
2921841880,smqhm_1_1024,98497613,256,0
2987861740,smqhm_1_1024,95991119,256,0
2452736500,smqhm_2_1,89724889,256,0
1712258460,smqhm_2_1,88046707,256,0
1941024780,smqhm_2_1,88767744,256,0
2296517940,smqhm_2_1,92596139,256,0
1875668640,smqhm_2_1,90421220,256,0
1883246060,smqhm_2_2,80887194,256,0
2038738420,smqhm_2_2,81656137,256,0
2087864520,smqhm_2_2,83240395,256,0
1814161680,smqhm_2_2,79841438,256,0
1647842740,smqhm_2_2,80530166,256,0
1734072220,smqhm_2_4,79775601,256,0
1721617840,smqhm_2_4,79758141,256,0
1724118660,smqhm_2_4,80484173,256,0
1658114280,smqhm_2_4,78958738,256,0
1856292160,smqhm_2_4,80120937,256,0
1551958900,smqhm_2_8,78942860,256,0
1643286380,smqhm_2_8,79489313,256,0
1589464820,smqhm_2_8,79310418,256,0
1604228020,smqhm_2_8,79484262,256,0
1736347280,smqhm_2_8,80480950,256,0
1668104260,smqhm_2_16,83027716,256,0
1701730760,smqhm_2_16,81807187,256,0
1582239520,smqhm_2_16,79688791,256,0
1501858780,smqhm_2_16,80207199,256,0
1597236080,smqhm_2_16,86008317,256,0
1613867240,smqhm_2_32,80126446,256,0
1586470900,smqhm_2_32,80902766,256,0
1589094880,smqhm_2_32,80391300,256,0
1589453020,smqhm_2_32,80595610,256,0
2022743520,smqhm_2_32,78994139,256,0
1871213740,smqhm_2_64,82946291,256,0
1856991560,smqhm_2_64,81522283,256,0
1895308620,smqhm_2_64,81237912,256,0
1888589300,smqhm_2_64,82050187,256,0
1879977820,smqhm_2_64,82086012,256,0
2529330080,smqhm_2_128,83734635,256,0
2661182880,smqhm_2_128,83977587,256,0
2527647840,smqhm_2_128,82626151,256,0
2646367340,smqhm_2_128,85040362,256,0
2655600980,smqhm_2_128,84584125,256,0
3077342280,smqhm_2_256,86033016,256,0
2945038560,smqhm_2_256,87474026,256,0
2926857320,smqhm_2_256,87108716,256,0
2883725680,smqhm_2_256,85473267,256,0
3266720160,smqhm_2_256,85926428,256,0
3091363260,smqhm_2_512,91958126,256,0
2886838240,smqhm_2_512,89412299,256,0
2800944120,smqhm_2_512,94398885,256,0
2704098400,smqhm_2_512,88886569,256,0
2890041320,smqhm_2_512,88120017,256,0
3511406720,smqhm_2_1024,104870337,256,0
4104139420,smqhm_2_1024,115648499,256,0
3544674560,smqhm_2_1024,101875987,256,0
3499586020,smqhm_2_1024,108097939,256,0
3794011760,smqhm_2_1024,98494922,256,0
2609101200,smqhm_4_1,107256276,256,0
3435842820,smqhm_4_1,114184007,256,0
3592213560,smqhm_4_1,121466083,256,0
2825489660,smqhm_4_1,109354742,256,0
4800015280,smqhm_4_1,139744041,256,0
1748366100,smqhm_4_2,87211842,256,0
2038942000,smqhm_4_2,86638332,256,0
1801339100,smqhm_4_2,88242411,256,0
1824626720,smqhm_4_2,84313997,256,0
1640929500,smqhm_4_2,84154972,256,0
1559545720,smqhm_4_4,79650877,256,0
1675926160,smqhm_4_4,80371355,256,0
1659209440,smqhm_4_4,81979024,256,0
1713913700,smqhm_4_4,83095313,256,0
1858802420,smqhm_4_4,85688883,256,0
1652312020,smqhm_4_8,80166942,256,0
1597541720,smqhm_4_8,79966196,256,0
1605350860,smqhm_4_8,80307092,256,0
1537887440,smqhm_4_8,79678682,256,0
1572578900,smqhm_4_8,79831705,256,0
1507676900,smqhm_4_16,80454651,256,0
1987555800,smqhm_4_16,79292191,256,0
1501835320,smqhm_4_16,80875225,256,0
1562039700,smqhm_4_16,80058739,256,0
1595176760,smqhm_4_16,79784175,256,0
1540737320,smqhm_4_32,79808027,256,0
1568717560,smqhm_4_32,82613506,256,0
1642265280,smqhm_4_32,82231924,256,0
1627997220,smqhm_4_32,80487218,256,0
1584037300,smqhm_4_32,81377412,256,0
1858929320,smqhm_4_64,80262497,256,0
1876370220,smqhm_4_64,84415364,256,0
1994181260,smqhm_4_64,80720468,256,0
1945696680,smqhm_4_64,83576768,256,0
1924866800,smqhm_4_64,81112669,256,0
2863579460,smqhm_4_128,84022749,256,0
2921952540,smqhm_4_128,82593486,256,0
2762532740,smqhm_4_128,81882349,256,0
3124202620,smqhm_4_128,84884711,256,0
2852186780,smqhm_4_128,82096846,256,0
3721775860,smqhm_4_256,88032918,256,0
3924175520,smqhm_4_256,86519947,256,0
4162633300,smqhm_4_256,90005638,256,0
4001828420,smqhm_4_256,86077059,256,0
3916727540,smqhm_4_256,87811786,256,0
5862864940,smqhm_4_512,96707737,256,0
5593263600,smqhm_4_512,93690212,256,0
5667699460,smqhm_4_512,94928854,256,0
5498395440,smqhm_4_512,94360171,256,0
5521596260,smqhm_4_512,95997891,256,0
11071513020,smqhm_4_1024,107015685,256,0
9963874240,smqhm_4_1024,105054945,256,0
12869759660,smqhm_4_1024,109864930,256,0
11999629580,smqhm_4_1024,108663882,256,0
9987794060,smqhm_4_1024,108835684,256,0
3490168220,smqhm_8_1,138144908,256,0
3153926900,smqhm_8_1,145979112,256,0
3585748240,smqhm_8_1,144265242,256,0
3664730540,smqhm_8_1,140443660,256,0
4350164620,smqhm_8_1,146042875,256,0
1873799780,smqhm_8_2,97303445,256,0
1868757860,smqhm_8_2,101172665,256,0
2352065860,smqhm_8_2,107726375,256,0
2107708780,smqhm_8_2,102055622,256,0
1706645120,smqhm_8_2,95648394,256,0
1533622580,smqhm_8_4,84702845,256,0
1478159260,smqhm_8_4,84441607,256,0
1548826680,smqhm_8_4,86887745,256,0
1574486320,smqhm_8_4,83203206,256,0
1652264060,smqhm_8_4,84256259,256,0
1556745740,smqhm_8_8,82134698,256,0
1438162600,smqhm_8_8,78324207,256,0
1496595440,smqhm_8_8,81108905,256,0
1640800220,smqhm_8_8,82115306,256,0
1528316200,smqhm_8_8,80270528,256,0
1468572720,smqhm_8_16,78802618,256,0
1476984520,smqhm_8_16,81089102,256,0
2309901120,smqhm_8_16,82558234,256,0
1515665120,smqhm_8_16,79774717,256,0
1692362720,smqhm_8_16,85020554,256,0
1566525920,smqhm_8_32,81268490,256,0
1591543560,smqhm_8_32,80985927,256,0
1521279000,smqhm_8_32,79950432,256,0
1552595580,smqhm_8_32,80843484,256,0
1528618220,smqhm_8_32,80028220,256,0
1891451680,smqhm_8_64,80122073,256,0
1892995260,smqhm_8_64,80484706,256,0
1998281920,smqhm_8_64,82127231,256,0
2343547540,smqhm_8_64,94585572,256,0
1976981680,smqhm_8_64,81165760,256,0
3385472000,smqhm_8_128,83004262,256,0
3359603040,smqhm_8_128,85504508,256,0
3320310800,smqhm_8_128,83235675,256,0
3389192240,smqhm_8_128,84809060,256,0
3518334320,smqhm_8_128,85305427,256,0
7019004460,smqhm_8_256,90839388,256,0
6478481900,smqhm_8_256,88258912,256,0
6887423600,smqhm_8_256,90754684,256,0
6846440400,smqhm_8_256,95788623,256,0
6749251260,smqhm_8_256,88940546,256,0
14898213360,smqhm_8_512,101243823,256,0
16633055300,smqhm_8_512,105357518,256,0
15653665400,smqhm_8_512,101552162,256,0
15957160360,smqhm_8_512,106101763,256,0
16736030300,smqhm_8_512,106444479,256,0
26775726380,smqhm_8_1024,116644411,256,0
25806517680,smqhm_8_1024,111707543,256,0
27035974420,smqhm_8_1024,113377107,256,0
30532842780,smqhm_8_1024,121254408,256,0
28098362940,smqhm_8_1024,123126917,256,0
4269478600,smqhm_16_1,178548308,256,0
4076929740,smqhm_16_1,170126453,256,0
5077355980,smqhm_16_1,185306869,256,0
5445150100,smqhm_16_1,193273697,256,0
4834834960,smqhm_16_1,187695867,256,0
2314062560,smqhm_16_2,133045166,256,0
2966241360,smqhm_16_2,134891780,256,0
2466762600,smqhm_16_2,128152945,256,0
2640107780,smqhm_16_2,135898557,256,0
2520910260,smqhm_16_2,138048338,256,0
1695009700,smqhm_16_4,97864100,256,0
2025599380,smqhm_16_4,99957504,256,0
1719172320,smqhm_16_4,96412511,256,0
1856780680,smqhm_16_4,103167293,256,0
2514275740,smqhm_16_4,134606531,256,0
1558956060,smqhm_16_8,87613894,256,0
1541337220,smqhm_16_8,87474837,256,0
2163673220,smqhm_16_8,96893221,256,0
1560430680,smqhm_16_8,83838782,256,0
1429332560,smqhm_16_8,82011222,256,0
1631101320,smqhm_16_16,83419463,256,0
1473550020,smqhm_16_16,80687937,256,0
1511489620,smqhm_16_16,83530667,256,0
1473381640,smqhm_16_16,80791107,256,0
1579541700,smqhm_16_16,84622277,256,0
1536060280,smqhm_16_32,80110073,256,0
1570659600,smqhm_16_32,80000228,256,0
1576450680,smqhm_16_32,82681173,256,0
1543468900,smqhm_16_32,80710905,256,0
1485703520,smqhm_16_32,79954800,256,0
1950905180,smqhm_16_64,81787776,256,0
1963689920,smqhm_16_64,81342733,256,0
2196714680,smqhm_16_64,92087707,256,0
2054933720,smqhm_16_64,81042629,256,0
2037982220,smqhm_16_64,81154554,256,0
3682301520,smqhm_16_128,82559527,256,0
3774280920,smqhm_16_128,84329471,256,0
3674268560,smqhm_16_128,85020052,256,0
3671731380,smqhm_16_128,84458481,256,0
3677319860,smqhm_16_128,84977534,256,0
8205185440,smqhm_16_256,87788861,256,0
8660645040,smqhm_16_256,90199125,256,0
8132357940,smqhm_16_256,87481851,256,0
8355458200,smqhm_16_256,88864789,256,0
8914636080,smqhm_16_256,97842200,256,0
21071534080,smqhm_16_512,101348822,256,0
21005366040,smqhm_16_512,101769933,256,0
20736649800,smqhm_16_512,97963779,256,0
21374379800,smqhm_16_512,105049802,256,0
22838074420,smqhm_16_512,114739387,256,0
34129968240,smqhm_16_1024,106817264,256,0
40345822960,smqhm_16_1024,121229638,256,0
34249971740,smqhm_16_1024,105883410,256,0
36694015200,smqhm_16_1024,113359182,256,0
36606139460,smqhm_16_1024,114545882,256,0
4554675320,smqhm_32_1,212600261,256,0
6516950680,smqhm_32_1,219851665,256,0
9400072400,smqhm_32_1,262331400,256,0
6151770980,smqhm_32_1,222384816,256,0
5131489720,smqhm_32_1,210552875,256,0
3732808240,smqhm_32_2,176325842,256,0
3414766600,smqhm_32_2,170767750,256,0
3686503060,smqhm_32_2,175255414,256,0
3908460200,smqhm_32_2,182097101,256,0
3370890040,smqhm_32_2,172153106,256,0
2582927560,smqhm_32_4,145682893,256,0
2591571260,smqhm_32_4,137825074,256,0
2565194860,smqhm_32_4,146892515,256,0
2222168820,smqhm_32_4,137280602,256,0
2439953220,smqhm_32_4,134141269,256,0
2138395440,smqhm_32_8,113421030,256,0
1728207700,smqhm_32_8,106422951,256,0
1635198000,smqhm_32_8,97079921,256,0
1910663260,smqhm_32_8,107358612,256,0
1610476800,smqhm_32_8,95558806,256,0
1498207960,smqhm_32_16,84544353,256,0
1599293380,smqhm_32_16,90666171,256,0
1507515960,smqhm_32_16,83738689,256,0
1461413940,smqhm_32_16,84011035,256,0
1560734360,smqhm_32_16,87892178,256,0
1591208700,smqhm_32_32,82342781,256,0
1617084240,smqhm_32_32,83227116,256,0
1805591080,smqhm_32_32,92304389,256,0
1565471560,smqhm_32_32,81467963,256,0
1475170920,smqhm_32_32,80620219,256,0
1999787760,smqhm_32_64,81063801,256,0
2039091300,smqhm_32_64,82511196,256,0
1965307380,smqhm_32_64,81337448,256,0
1962346920,smqhm_32_64,81310020,256,0
2000707300,smqhm_32_64,82307995,256,0
3745035180,smqhm_32_128,85379935,256,0
3521767880,smqhm_32_128,82278227,256,0
3648956080,smqhm_32_128,83657198,256,0
3730878340,smqhm_32_128,85252536,256,0
3758741180,smqhm_32_128,85806705,256,0
8882054860,smqhm_32_256,91652277,256,0
9832100280,smqhm_32_256,99751153,256,0
8509492000,smqhm_32_256,87715527,256,0
8953903300,smqhm_32_256,90809541,256,0
9088074100,smqhm_32_256,87458651,256,0
21320190920,smqhm_32_512,99894375,256,0
22391796160,smqhm_32_512,101577339,256,0
20779081000,smqhm_32_512,98392814,256,0
21389113580,smqhm_32_512,99140117,256,0
23396999480,smqhm_32_512,104638987,256,0
42353764180,smqhm_32_1024,110573732,256,0
44145820240,smqhm_32_1024,111962860,256,0
41070782460,smqhm_32_1024,109249200,256,0
39964433240,smqhm_32_1024,106799206,256,0
42636250720,smqhm_32_1024,106031978,256,0
6823682500,smqhm_64_1,250940237,256,0
7369342020,smqhm_64_1,257274012,256,0
6937188840,smqhm_64_1,261832281,256,0
8054314800,smqhm_64_1,266656473,256,0
6823950100,smqhm_64_1,257905070,256,0
4779302120,smqhm_64_2,222003365,256,0
5012729140,smqhm_64_2,225102650,256,0
4113360300,smqhm_64_2,204830916,256,0
5807285540,smqhm_64_2,247957602,256,0
3730909780,smqhm_64_2,200873089,256,0
2948649080,smqhm_64_4,182552876,256,0
2626892000,smqhm_64_4,161486067,256,0
3117991400,smqhm_64_4,181598323,256,0
2685980800,smqhm_64_4,161897143,256,0
3345290640,smqhm_64_4,189786689,256,0
2054306500,smqhm_64_8,131294042,256,0
1928288460,smqhm_64_8,123883478,256,0
2393598400,smqhm_64_8,145736447,256,0
2128520380,smqhm_64_8,136615910,256,0
1966359740,smqhm_64_8,129912969,256,0
2023546520,smqhm_64_16,121050620,256,0
1775977360,smqhm_64_16,99997654,256,0
1682518020,smqhm_64_16,99964629,256,0
1584934740,smqhm_64_16,96370556,256,0
1686126260,smqhm_64_16,104033290,256,0
1661341120,smqhm_64_32,83911181,256,0
1571925560,smqhm_64_32,85287473,256,0
1625897620,smqhm_64_32,84384713,256,0
1579515780,smqhm_64_32,86077891,256,0
1714186220,smqhm_64_32,89728072,256,0
1938212500,smqhm_64_64,82322870,256,0
1945518700,smqhm_64_64,83479703,256,0
1979261640,smqhm_64_64,83787766,256,0
2001147940,smqhm_64_64,83455035,256,0
2016990880,smqhm_64_64,85828034,256,0
3581487480,smqhm_64_128,86632261,256,0
3607326380,smqhm_64_128,87094633,256,0
3777254080,smqhm_64_128,88643920,256,0
3663633780,smqhm_64_128,85767463,256,0
3606071980,smqhm_64_128,86291640,256,0
8506190900,smqhm_64_256,91938694,256,0
8346263120,smqhm_64_256,90619172,256,0
9069818880,smqhm_64_256,97207672,256,0
8463991360,smqhm_64_256,91175214,256,0
8573203520,smqhm_64_256,91758972,256,0
22730189020,smqhm_64_512,106006351,256,0
22467706980,smqhm_64_512,101823486,256,0
21979706340,smqhm_64_512,101331662,256,0
22540609020,smqhm_64_512,106127686,256,0
22229920180,smqhm_64_512,101079663,256,0
50282094760,smqhm_64_1024,118653423,256,0
53572029920,smqhm_64_1024,126836519,256,0
50425496640,smqhm_64_1024,119292668,256,0
52037912940,smqhm_64_1024,120996284,256,0
49471123980,smqhm_64_1024,116650868,256,0
8830360080,smqhm_128_1,290931359,256,0
9279420800,smqhm_128_1,309214081,256,0
8325221040,smqhm_128_1,283425955,256,0
9451397480,smqhm_128_1,297835356,256,0
9521349060,smqhm_128_1,302017399,256,0
6439465280,smqhm_128_2,287259575,256,0
6069229900,smqhm_128_2,256673784,256,0
6268653840,smqhm_128_2,269756531,256,0
5111470380,smqhm_128_2,237867175,256,0
5153524780,smqhm_128_2,245028156,256,0
3292833240,smqhm_128_4,205898722,256,0
3350496480,smqhm_128_4,208742290,256,0
3923519780,smqhm_128_4,226608528,256,0
3931874760,smqhm_128_4,222910556,256,0
3400941740,smqhm_128_4,209397431,256,0
2700099220,smqhm_128_8,175097588,256,0
2695148960,smqhm_128_8,179913066,256,0
2326718800,smqhm_128_8,156910445,256,0
2644297460,smqhm_128_8,169338754,256,0
2850932820,smqhm_128_8,181075938,256,0
1953014440,smqhm_128_16,125602980,256,0
2051927480,smqhm_128_16,130214804,256,0
2057284040,smqhm_128_16,128383530,256,0
2331645620,smqhm_128_16,145328179,256,0
1964801280,smqhm_128_16,124752187,256,0
1826875260,smqhm_128_32,103921973,256,0
1929086900,smqhm_128_32,108282246,256,0
1738234200,smqhm_128_32,99622172,256,0
1781610580,smqhm_128_32,99682290,256,0
1729516140,smqhm_128_32,97822548,256,0
2160249360,smqhm_128_64,94869577,256,0
2076716740,smqhm_128_64,89789603,256,0
2233726520,smqhm_128_64,95203039,256,0
2053464860,smqhm_128_64,90179685,256,0
2085850500,smqhm_128_64,90618216,256,0
3714390140,smqhm_128_128,91938849,256,0
3619521760,smqhm_128_128,92515677,256,0
3702263580,smqhm_128_128,92435166,256,0
3952076780,smqhm_128_128,98364774,256,0
3627854400,smqhm_128_128,91669504,256,0
9030162680,smqhm_128_256,102935323,256,0
8851937200,smqhm_128_256,99404643,256,0
8646713480,smqhm_128_256,100014805,256,0
8910770780,smqhm_128_256,99325885,256,0
8815184460,smqhm_128_256,98370791,256,0
23594626400,smqhm_128_512,114650821,256,0
25197664920,smqhm_128_512,120302636,256,0
24357165660,smqhm_128_512,114471591,256,0
24468260860,smqhm_128_512,117784332,256,0
23702726780,smqhm_128_512,110508936,256,0
60077984460,smqhm_128_1024,133087163,256,0
63235539160,smqhm_128_1024,141450841,256,0
61602848940,smqhm_128_1024,138793150,256,0
60478474160,smqhm_128_1024,133774119,256,0
62899203840,smqhm_128_1024,138795842,256,0
9764469220,smqhm_256_1,331877076,256,0
8652262720,smqhm_256_1,315246279,256,0
11103764600,smqhm_256_1,327181390,256,0
9963509900,smqhm_256_1,322818973,256,0
9613189920,smqhm_256_1,329829655,256,0
5949962580,smqhm_256_2,290540795,256,0
5745959200,smqhm_256_2,274482902,256,0
6265256460,smqhm_256_2,278247234,256,0
4822779800,smqhm_256_2,254045958,256,0
6534925160,smqhm_256_2,266796801,256,0
4414146020,smqhm_256_4,260896276,256,0
3659380280,smqhm_256_4,240143140,256,0
4253700460,smqhm_256_4,253064660,256,0
4452851280,smqhm_256_4,249259884,256,0
3941315440,smqhm_256_4,257339295,256,0
2772610920,smqhm_256_8,198954485,256,0
2604159140,smqhm_256_8,187863470,256,0
2970445580,smqhm_256_8,193683007,256,0
2793895400,smqhm_256_8,188713741,256,0
2948994480,smqhm_256_8,202378731,256,0
2681545900,smqhm_256_16,169313834,256,0
2534475120,smqhm_256_16,163150880,256,0
2606626580,smqhm_256_16,171097170,256,0
2569281380,smqhm_256_16,168287902,256,0
2582957540,smqhm_256_16,164229767,256,0
2301620140,smqhm_256_32,131260172,256,0
2415767500,smqhm_256_32,138011261,256,0
2468870580,smqhm_256_32,125765302,256,0
2356287680,smqhm_256_32,136371951,256,0
2177325040,smqhm_256_32,129736727,256,0
2948357260,smqhm_256_64,120269650,256,0
2302180140,smqhm_256_64,102662478,256,0
2724600180,smqhm_256_64,118464493,256,0
2805327680,smqhm_256_64,119472146,256,0
2763802420,smqhm_256_64,116762052,256,0
4288070960,smqhm_256_128,109936386,256,0
4670411100,smqhm_256_128,115203198,256,0
4295689420,smqhm_256_128,111497917,256,0
4198812380,smqhm_256_128,108237594,256,0
4471580840,smqhm_256_128,111745182,256,0
9888528240,smqhm_256_256,115729737,256,0
9784419980,smqhm_256_256,114805176,256,0
10514882960,smqhm_256_256,121793505,256,0
10419548220,smqhm_256_256,118421044,256,0
10689877480,smqhm_256_256,125027042,256,0
25988576820,smqhm_256_512,129559161,256,0
27070125460,smqhm_256_512,133007914,256,0
25376298020,smqhm_256_512,126471908,256,0
25776117240,smqhm_256_512,128518589,256,0
25353375200,smqhm_256_512,124334848,256,0
74686172180,smqhm_256_1024,160487037,256,0
69284292240,smqhm_256_1024,149346383,256,0
66128411840,smqhm_256_1024,142390478,256,0
74389501580,smqhm_256_1024,162779779,256,0
68378695760,smqhm_256_1024,150779666,256,0
10550624820,smqhm_512_1,356345391,256,0
8490224960,smqhm_512_1,347018298,256,0
10241510980,smqhm_512_1,349987861,256,0
10649003740,smqhm_512_1,345849916,256,0
9911676520,smqhm_512_1,355004423,256,0
6932334560,smqhm_512_2,319032070,256,0
6812310480,smqhm_512_2,304104384,256,0
7673559620,smqhm_512_2,324890122,256,0
6124251260,smqhm_512_2,294849230,256,0
6304181880,smqhm_512_2,291826290,256,0
4277499020,smqhm_512_4,261072952,256,0
4946379480,smqhm_512_4,282993899,256,0
4351547320,smqhm_512_4,265796097,256,0
4958786140,smqhm_512_4,278430316,256,0
5022431660,smqhm_512_4,294921943,256,0
3764126080,smqhm_512_8,244861142,256,0
3472270040,smqhm_512_8,230380636,256,0
3510255620,smqhm_512_8,241215010,256,0
3430842120,smqhm_512_8,225066098,256,0
3454687060,smqhm_512_8,238062362,256,0
3068123880,smqhm_512_16,202939142,256,0
3051322340,smqhm_512_16,194175335,256,0
2854929360,smqhm_512_16,192557129,256,0
2921582580,smqhm_512_16,190356100,256,0
3315523360,smqhm_512_16,208951022,256,0
2841183440,smqhm_512_32,166903086,256,0
3267015780,smqhm_512_32,182809271,256,0
2980622220,smqhm_512_32,168750532,256,0
2665519680,smqhm_512_32,154568348,256,0
2653976220,smqhm_512_32,156933621,256,0
3427924160,smqhm_512_64,141688379,256,0
3784400300,smqhm_512_64,157709683,256,0
3508882440,smqhm_512_64,147559774,256,0
3540627740,smqhm_512_64,150047244,256,0
3635250700,smqhm_512_64,153359993,256,0
6144016060,smqhm_512_128,137975487,256,0
5963135940,smqhm_512_128,143432812,256,0
5823025500,smqhm_512_128,143470092,256,0
6230154040,smqhm_512_128,147183231,256,0
5698099940,smqhm_512_128,138580869,256,0
11771330480,smqhm_512_256,135087440,256,0
12812964540,smqhm_512_256,145800881,256,0
10283448240,smqhm_512_256,123481277,256,0
12804593080,smqhm_512_256,148342665,256,0
10937721360,smqhm_512_256,129457017,256,0
28452362960,smqhm_512_512,142667533,256,0
28828765760,smqhm_512_512,145285968,256,0
30045156780,smqhm_512_512,147943763,256,0
27157972520,smqhm_512_512,133182202,256,0
28056070360,smqhm_512_512,138978997,256,0
71299723260,smqhm_512_1024,157707977,256,0
68637636400,smqhm_512_1024,148614494,256,0
72628974020,smqhm_512_1024,156778279,256,0
77055101400,smqhm_512_1024,165943819,256,0
72229738860,smqhm_512_1024,158975975,256,0
9229413000,smqhm_1024_1,341832602,256,0
10442839420,smqhm_1024_1,336270375,256,0
12624271900,smqhm_1024_1,378401653,256,0
11071403860,smqhm_1024_1,368019666,256,0
11633508080,smqhm_1024_1,366669069,256,0
6517289240,smqhm_1024_2,324690103,256,0
8279386240,smqhm_1024_2,342487899,256,0
7287308580,smqhm_1024_2,332466118,256,0
7209360820,smqhm_1024_2,343307916,256,0
6254761440,smqhm_1024_2,324246862,256,0
5265266660,smqhm_1024_4,317138141,256,0
5224613040,smqhm_1024_4,307037143,256,0
5360862600,smqhm_1024_4,306330747,256,0
5254761460,smqhm_1024_4,320943740,256,0
5223940500,smqhm_1024_4,308825469,256,0
3595462000,smqhm_1024_8,246210933,256,0
3710923540,smqhm_1024_8,256450512,256,0
4255511200,smqhm_1024_8,272926321,256,0
4332708560,smqhm_1024_8,284212166,256,0
4290889600,smqhm_1024_8,278877837,256,0
3558396340,smqhm_1024_16,233612052,256,0
3590737340,smqhm_1024_16,231564238,256,0
3568014660,smqhm_1024_16,232486146,256,0
3235090380,smqhm_1024_16,210420724,256,0
3623696900,smqhm_1024_16,229291260,256,0
3260884880,smqhm_1024_32,187702040,256,0
3261861480,smqhm_1024_32,186854114,256,0
3723613780,smqhm_1024_32,202946596,256,0
3397205620,smqhm_1024_32,192700102,256,0
3707176960,smqhm_1024_32,210758788,256,0
3947822840,smqhm_1024_64,171956325,256,0
4144117020,smqhm_1024_64,167935164,256,0
4214084700,smqhm_1024_64,172568582,256,0
4336875500,smqhm_1024_64,178719867,256,0
3928488900,smqhm_1024_64,166121545,256,0
8072034820,smqhm_1024_128,184918054,256,0
7498025280,smqhm_1024_128,174296047,256,0
7011892140,smqhm_1024_128,161178003,256,0
6951339400,smqhm_1024_128,162778590,256,0
7293646260,smqhm_1024_128,163423026,256,0
14456182120,smqhm_1024_256,160460331,256,0
16208251060,smqhm_1024_256,176696206,256,0
13743394500,smqhm_1024_256,155713106,256,0
14565004360,smqhm_1024_256,165112332,256,0
15647181620,smqhm_1024_256,170786516,256,0
29583641960,smqhm_1024_512,144644449,256,0
34893450000,smqhm_1024_512,169201299,256,0
31401700640,smqhm_1024_512,157741429,256,0
26793879580,smqhm_1024_512,136145413,256,0
30140489380,smqhm_1024_512,148674023,256,0
85075819480,smqhm_1024_1024,176513197,256,0
73883932560,smqhm_1024_1024,159248780,256,0
76654675100,smqhm_1024_1024,168842563,256,0
71402784720,smqhm_1024_1024,155315064,256,0
81919661780,smqhm_1024_1024,169647222,256,0
