3259451452,obim_32_10_fifo,18019822,128,14
2926903292,obim_32_10_fifo,17217281,128,14
2999780056,obim_32_10_fifo,17738696,128,14
3220499574,obim_32_10_fifo,17334438,128,14
2968617914,obim_32_10_fifo,17423203,128,14
413449284,obim_32_12_fifo,16447770,128,14
422128854,obim_32_12_fifo,16316096,128,14
413427902,obim_32_12_fifo,17177087,128,14
422149208,obim_32_12_fifo,16597335,128,14
408320198,obim_32_12_fifo,16326280,128,14
274485646,obim_32_14_fifo,20059481,128,14
276852518,obim_32_14_fifo,20066045,128,14
281784318,obim_32_14_fifo,19949812,128,14
280001700,obim_32_14_fifo,20179243,128,14
280059402,obim_32_14_fifo,20049938,128,14
539810514,obim_32_16_fifo,21815431,128,14
556931478,obim_32_16_fifo,21942901,128,14
535489928,obim_32_16_fifo,21690566,128,14
532818636,obim_32_16_fifo,22168212,128,14
535725936,obim_32_16_fifo,22036651,128,14
1112701366,obim_32_18_fifo,27810137,128,14
1129253100,obim_32_18_fifo,27838090,128,14
1121095222,obim_32_18_fifo,27510333,128,14
1116134366,obim_32_18_fifo,28181814,128,14
1106434630,obim_32_18_fifo,28175490,128,14
10140944408,obim_64_10_fifo,20110536,128,14
7667870300,obim_64_10_fifo,22791977,128,14
6045860854,obim_64_10_fifo,24104204,128,14
9694314784,obim_64_10_fifo,23832226,128,14
6614096780,obim_64_10_fifo,25062586,128,14
549941830,obim_64_12_fifo,24246052,128,14
555665858,obim_64_12_fifo,23691602,128,14
596022630,obim_64_12_fifo,25301180,128,14
588862410,obim_64_12_fifo,23668716,128,14
602528024,obim_64_12_fifo,24802764,128,14
300079292,obim_64_14_fifo,30588257,128,14
309472346,obim_64_14_fifo,32015008,128,14
310708606,obim_64_14_fifo,30913209,128,14
311662484,obim_64_14_fifo,30971653,128,14
304419528,obim_64_14_fifo,31741361,128,14
346705900,obim_64_16_fifo,36433125,128,14
347271920,obim_64_16_fifo,35657800,128,14
348864110,obim_64_16_fifo,35710438,128,14
347520142,obim_64_16_fifo,36645640,128,14
353088378,obim_64_16_fifo,36051570,128,14
664065794,obim_64_18_fifo,40592887,128,14
659897512,obim_64_18_fifo,39995560,128,14
662936790,obim_64_18_fifo,40503675,128,14
664169284,obim_64_18_fifo,39673700,128,14
650492356,obim_64_18_fifo,39657156,128,14
43436050520,obim_128_10_fifo,21028109,128,14
26449576114,obim_128_10_fifo,27315424,128,14
22448647602,obim_128_10_fifo,28632369,128,14
22302945964,obim_128_10_fifo,25550364,128,14
22583509282,obim_128_10_fifo,23401612,128,14
1474249416,obim_128_12_fifo,24940932,128,14
1033568572,obim_128_12_fifo,28252419,128,14
1107983338,obim_128_12_fifo,29277711,128,14
1067576214,obim_128_12_fifo,26082431,128,14
1087677274,obim_128_12_fifo,25495882,128,14
414730828,obim_128_14_fifo,43598105,128,14
415633434,obim_128_14_fifo,43580001,128,14
418213762,obim_128_14_fifo,45295430,128,14
404981082,obim_128_14_fifo,43322388,128,14
409147320,obim_128_14_fifo,42960807,128,14
408639708,obim_128_16_fifo,53789631,128,14
400602826,obim_128_16_fifo,52645857,128,14
395457624,obim_128_16_fifo,52839733,128,14
411444162,obim_128_16_fifo,54699409,128,14
399848164,obim_128_16_fifo,49858662,128,14
513905258,obim_128_18_fifo,64755720,128,14
536378124,obim_128_18_fifo,66268334,128,14
514554630,obim_128_18_fifo,63972699,128,14
505687774,obim_128_18_fifo,63117290,128,14
516039498,obim_128_18_fifo,63853144,128,14
43855180406,obim_256_10_fifo,21751371,128,14
41038462212,obim_256_10_fifo,28486035,128,14
54816401946,obim_256_10_fifo,16173863,128,14
38066470910,obim_256_10_fifo,18442748,128,14
43415647266,obim_256_10_fifo,16570671,128,14
3131897530,obim_256_12_fifo,34456251,128,14
2171142890,obim_256_12_fifo,28820746,128,14
2062575836,obim_256_12_fifo,29095055,128,14
3108472832,obim_256_12_fifo,22338712,128,14
2360177346,obim_256_12_fifo,28560052,128,14
741756982,obim_256_14_fifo,53882870,128,14
618629736,obim_256_14_fifo,46559594,128,14
634254482,obim_256_14_fifo,49931863,128,14
683309826,obim_256_14_fifo,48822710,128,14
706112636,obim_256_14_fifo,50728821,128,14
591954374,obim_256_16_fifo,70321346,128,14
648177408,obim_256_16_fifo,72514589,128,14
574046414,obim_256_16_fifo,71582508,128,14
594789390,obim_256_16_fifo,70084116,128,14
597531122,obim_256_16_fifo,73278219,128,14
687419630,obim_256_18_fifo,99688284,128,14
711849510,obim_256_18_fifo,103491160,128,14
675358276,obim_256_18_fifo,96723379,128,14
704717386,obim_256_18_fifo,100639548,128,14
720070094,obim_256_18_fifo,103066834,128,14
60921549902,obim_512_10_fifo,16535068,128,14
53428328364,obim_512_10_fifo,22733113,128,14
60205475886,obim_512_10_fifo,19737731,128,14
57738372964,obim_512_10_fifo,17896869,128,14
64833834272,obim_512_10_fifo,22525522,128,14
4470000412,obim_512_12_fifo,18625229,128,14
4462979174,obim_512_12_fifo,25001856,128,14
4595578356,obim_512_12_fifo,26047643,128,14
4991450930,obim_512_12_fifo,21938733,128,14
4063273938,obim_512_12_fifo,23563681,128,14
1209193062,obim_512_14_fifo,45377890,128,14
1230777568,obim_512_14_fifo,39279789,128,14
1445012818,obim_512_14_fifo,41862840,128,14
1230267198,obim_512_14_fifo,43611613,128,14
1268667270,obim_512_14_fifo,43043221,128,14
955780498,obim_512_16_fifo,81576168,128,14
1019296568,obim_512_16_fifo,85337202,128,14
906434668,obim_512_16_fifo,73501685,128,14
996685676,obim_512_16_fifo,80604163,128,14
952143400,obim_512_16_fifo,75811586,128,14
1074542188,obim_512_18_fifo,151336999,128,14
997758810,obim_512_18_fifo,146068646,128,14
1097239202,obim_512_18_fifo,146396636,128,14
1051643992,obim_512_18_fifo,150477275,128,14
1057160618,obim_512_18_fifo,149682840,128,14
