8651202652,obim_32_10_fifo,23093987,128,14
7587495862,obim_32_10_fifo,22875625,128,14
8574676570,obim_32_10_fifo,20768983,128,14
11037030866,obim_32_10_fifo,23677889,128,14
7782391092,898395290,obim_32_12_fifo,20441469,128,14
894158078,obim_32_12_fifo,19560350,128,14
911213494,obim_32_12_fifo,20466117,128,14
909139878,obim_32_12_fifo,19039109,128,14
888810558,obim_32_12_fifo,20045737,128,14
432577616,obim_32_14_fifo,20469794,128,14
449964800,obim_32_14_fifo,20319269,128,14
433457986,obim_32_14_fifo,20632427,128,14
426108850,obim_32_14_fifo,20545939,128,14
431617742,obim_32_14_fifo,20844074,128,14
595732856,obim_32_16_fifo,20634259,128,14
607736728,obim_32_16_fifo,20615714,128,14
600900866,obim_32_16_fifo,20658296,128,14
610519188,obim_32_16_fifo,20573753,128,14
619767768,obim_32_16_fifo,20733175,128,14
1086677448,obim_32_18_fifo,25061155,128,14
1113651496,obim_32_18_fifo,25469154,128,14
1083514536,obim_32_18_fifo,25020095,128,14
1108082366,obim_32_18_fifo,24832815,128,14
1094330182,obim_32_18_fifo,25059561,128,14
41074653896,obim_64_10_fifo,29838303,128,14
28713233282,obim_64_10_fifo,31305236,128,14
29818465048,obim_64_10_fifo,36665109,128,14
35564423514,obim_64_10_fifo,34714310,128,14
26969108220,obim_64_10_fifo,38364061,128,14
1819085688,obim_64_12_fifo,28392335,128,14
1654982028,obim_64_12_fifo,28943674,128,14
1623819608,obim_64_12_fifo,27621400,128,14
1521728858,obim_64_12_fifo,32119700,128,14
1982870482,obim_64_12_fifo,29333479,128,14
544069736,obim_64_14_fifo,30298621,128,14
533147678,obim_64_14_fifo,32583378,128,14
553162234,obim_64_14_fifo,31781611,128,14
537929224,obim_64_14_fifo,31816111,128,14
541290318,obim_64_14_fifo,33152410,128,14
450665300,obim_64_16_fifo,34874687,128,14
453514196,obim_64_16_fifo,34893711,128,14
450950572,obim_64_16_fifo,35270957,128,14
461185200,obim_64_16_fifo,35925226,128,14
460584628,obim_64_16_fifo,35437381,128,14
650819982,obim_64_18_fifo,36029203,128,14
672772462,obim_64_18_fifo,36643389,128,14
660824878,obim_64_18_fifo,36132981,128,14
654120578,obim_64_18_fifo,36015663,128,14
653523968,obim_64_18_fifo,36339019,128,14
116561357248,obim_128_10_fifo,36782005,128,14
357738453626,obim_128_10_fifo,33383908,128,14
142237997904,obim_128_10_fifo,39467841,128,14
201726872560,obim_128_10_fifo,32188816,128,14
146335284710,obim_128_10_fifo,29227177,128,14
7576471676,obim_128_12_fifo,37095376,128,14
5791536192,obim_128_12_fifo,37179016,128,14
5691752102,obim_128_12_fifo,37781723,128,14
5814933526,obim_128_12_fifo,37543534,128,14
5687153682,obim_128_12_fifo,34909135,128,14
986033494,obim_128_14_fifo,45029140,128,14
900752870,obim_128_14_fifo,45456719,128,14
886164958,obim_128_14_fifo,39508281,128,14
852620332,obim_128_14_fifo,40364817,128,14
860478222,obim_128_14_fifo,41148419,128,14
632068214,obim_128_16_fifo,51544897,128,14
612802112,obim_128_16_fifo,52920505,128,14
646064160,obim_128_16_fifo,54086620,128,14
639850670,obim_128_16_fifo,53541650,128,14
625690716,obim_128_16_fifo,51879541,128,14
641530530,obim_128_18_fifo,59537117,128,14
609962228,obim_128_18_fifo,57986734,128,14
648768250,obim_128_18_fifo,61074792,128,14
667741548,obim_128_18_fifo,63009425,128,14
624149844,obim_128_18_fifo,59881721,128,14
261507993152,obim_256_10_fifo,26408826,128,14
325203366552,obim_256_10_fifo,25501216,128,14
260136772376,obim_256_10_fifo,28319291,128,14
236690614932,obim_256_10_fifo,22221031,128,14
322133299354,obim_256_10_fifo,25509347,128,14
22616827552,obim_256_12_fifo,37486224,128,14
21284209560,obim_256_12_fifo,36493040,128,14
22841532622,obim_256_12_fifo,39475351,128,14
17357383040,obim_256_12_fifo,27237145,128,14
36696952060,obim_256_12_fifo,38739237,128,14
1887002942,obim_256_14_fifo,45055375,128,14
1943649384,obim_256_14_fifo,46040382,128,14
1696215830,obim_256_14_fifo,49561763,128,14
1587960790,obim_256_14_fifo,40369444,128,14
1902492298,obim_256_14_fifo,45374484,128,14
902419508,obim_256_16_fifo,67539358,128,14
971804414,obim_256_16_fifo,69937053,128,14
1042890428,obim_256_16_fifo,74598244,128,14
1065472086,obim_256_16_fifo,83030800,128,14
923314170,obim_256_16_fifo,75903883,128,14
906155064,obim_256_18_fifo,91277365,128,14
879792422,obim_256_18_fifo,88789656,128,14
955410806,obim_256_18_fifo,92237724,128,14
873699458,obim_256_18_fifo,87231619,128,14
882961116,obim_256_18_fifo,90562523,128,14
674843885456,obim_512_10_fifo,18079183,128,14
715863822374,obim_512_10_fifo,17586596,128,14
675107265388,obim_512_10_fifo,16772271,128,14
473455247672,obim_512_10_fifo,18033437,128,14
617487094718,obim_512_10_fifo,11760859,128,14
27004678742,obim_512_12_fifo,23513569,128,14
132719266302,obim_512_12_fifo,29412483,128,14
115700720462,obim_512_12_fifo,37550581,128,14
50299212682,obim_512_12_fifo,22253280,128,14
101602003654,obim_512_12_fifo,38103112,128,14
9370476116,obim_512_14_fifo,42781018,128,14
4839505858,obim_512_14_fifo,52143927,128,14
7128600120,obim_512_14_fifo,51499049,128,14
4553202224,obim_512_14_fifo,49819056,128,14
5311913938,obim_512_14_fifo,52779995,128,14
1537624512,obim_512_16_fifo,83122094,128,14
1788115542,obim_512_16_fifo,76329972,128,14
1688574936,obim_512_16_fifo,78463765,128,14
2006614076,obim_512_16_fifo,80581972,128,14
1664388994,obim_512_16_fifo,85633707,128,14
1480332182,obim_512_18_fifo,125319377,128,14
1335120692,obim_512_18_fifo,115825701,128,14
1370125640,obim_512_18_fifo,118955842,128,14
1459840378,obim_512_18_fifo,131795757,128,14
1377922394,obim_512_18_fifo,123546163,128,14
