10976209750,obim_32_10_fifo,71218756,128,14
10773488942,obim_32_10_fifo,70365626,128,14
10807217754,obim_32_10_fifo,70213852,128,14
11892491718,obim_32_10_fifo,68242876,128,14
9850003112,obim_32_10_fifo,68385917,128,14
1864646474,obim_32_12_fifo,56155634,128,14
1874225310,obim_32_12_fifo,55903527,128,14
1790900164,obim_32_12_fifo,54835491,128,14
1833503302,obim_32_12_fifo,55278324,128,14
1866902020,obim_32_12_fifo,56089282,128,14
1448763550,obim_32_14_fifo,52929463,128,14
1456588646,obim_32_14_fifo,53656034,128,14
1465533692,obim_32_14_fifo,53629574,128,14
1461749890,obim_32_14_fifo,53137029,128,14
1439614704,obim_32_14_fifo,53127771,128,14
2225595508,obim_32_16_fifo,58238305,128,14
2221991924,obim_32_16_fifo,58341891,128,14
2215264896,obim_32_16_fifo,58204627,128,14
2215012352,obim_32_16_fifo,58604376,128,14
2208182592,obim_32_16_fifo,58316786,128,14
4240342618,obim_32_18_fifo,93118843,128,14
4222180878,obim_32_18_fifo,92943460,128,14
4268322860,obim_32_18_fifo,93295793,128,14
4250927390,obim_32_18_fifo,93412686,128,14
4288514272,obim_32_18_fifo,93456794,128,14
38696103616,obim_64_10_fifo,93802356,128,14
42994570200,obim_64_10_fifo,91282344,128,14
37743165396,obim_64_10_fifo,94578246,128,14
37861711958,obim_64_10_fifo,100830188,128,14
38793912654,obim_64_10_fifo,96766391,128,14
2581228312,obim_64_12_fifo,85214275,128,14
2670495146,obim_64_12_fifo,85613728,128,14
2823437454,obim_64_12_fifo,90323225,128,14
2888687384,obim_64_12_fifo,87296001,128,14
2603170276,obim_64_12_fifo,84569030,128,14
1311821584,obim_64_14_fifo,90628393,128,14
1273068796,obim_64_14_fifo,88171854,128,14
1295820806,obim_64_14_fifo,88776801,128,14
1308876338,obim_64_14_fifo,91511512,128,14
1317922504,obim_64_14_fifo,90479588,128,14
1356329136,obim_64_16_fifo,92567519,128,14
1338857700,obim_64_16_fifo,91991843,128,14
1324412048,obim_64_16_fifo,90389662,128,14
1342380040,obim_64_16_fifo,92392386,128,14
1342833228,obim_64_16_fifo,91467798,128,14
2119598868,obim_64_18_fifo,115563550,128,14
2162885418,obim_64_18_fifo,116669699,128,14
2147029024,obim_64_18_fifo,115531099,128,14
2139065480,obim_64_18_fifo,116442088,128,14
2146507214,obim_64_18_fifo,116664177,128,14
188789746484,obim_128_10_fifo,116268650,128,14
286703025098,obim_128_10_fifo,117472218,128,14
237476731602,obim_128_10_fifo,125850001,128,14
246229131862,obim_128_10_fifo,124122200,128,14
221458275676,obim_128_10_fifo,122697060,128,14
6897596886,obim_128_12_fifo,118005612,128,14
9408286664,obim_128_12_fifo,122105654,128,14
8871670504,obim_128_12_fifo,121139139,128,14
11400242946,obim_128_12_fifo,114786760,128,14
7816671540,obim_128_12_fifo,113182203,128,14
2055699580,obim_128_14_fifo,138673650,128,14
2071618238,obim_128_14_fifo,136509550,128,14
2018326876,obim_128_14_fifo,132260181,128,14
2094848796,obim_128_14_fifo,137594131,128,14
1963518486,obim_128_14_fifo,130775023,128,14
1577202564,obim_128_16_fifo,156735141,128,14
1563065542,obim_128_16_fifo,154765539,128,14
1585301862,obim_128_16_fifo,156551572,128,14
1568182976,obim_128_16_fifo,154815855,128,14
1556636298,obim_128_16_fifo,154384138,128,14
1859129968,obim_128_18_fifo,170222945,128,14
1873069296,obim_128_18_fifo,168438705,128,14
1837949454,obim_128_18_fifo,167995307,128,14
1865571452,obim_128_18_fifo,170169363,128,14
1884054370,obim_128_18_fifo,172019871,128,14
1020334989812,obim_256_10_fifo,149132335,128,14
1170549742574,obim_256_10_fifo,139731286,128,14
1146715564054,obim_256_10_fifo,137379289,128,14
1551683512544,obim_256_10_fifo,128210732,128,14
1289107565416,obim_256_10_fifo,135678487,128,14
86668368478,obim_256_12_fifo,130129985,128,14
29848836688,obim_256_12_fifo,156600113,128,14
18805826050,obim_256_12_fifo,137384170,128,14
51044718204,obim_256_12_fifo,135842818,128,14
30767754270,obim_256_12_fifo,149687653,128,14
3483983998,obim_256_14_fifo,175545185,128,14
3675967100,obim_256_14_fifo,168544571,128,14
3314466538,obim_256_14_fifo,171867292,128,14
3185987978,obim_256_14_fifo,171226492,128,14
3509662460,obim_256_14_fifo,174822399,128,14
2278397104,obim_256_16_fifo,227726005,128,14
2278564232,obim_256_16_fifo,225632936,128,14
2232625096,obim_256_16_fifo,223668884,128,14
2230871688,obim_256_16_fifo,228983826,128,14
2410123240,obim_256_16_fifo,235612335,128,14
2475917620,obim_256_18_fifo,272870305,128,14
2514026928,obim_256_18_fifo,275626391,128,14
2482596790,obim_256_18_fifo,271351680,128,14
2455630372,obim_256_18_fifo,266733263,128,14
2476264576,obim_256_18_fifo,271154554,128,14
5360990399868,obim_512_10_fifo,136013878,128,14
9900404214,obim_512_14_fifo,183901243,128,14
8083593016,obim_512_14_fifo,162315386,128,14
12687937354,obim_512_14_fifo,196323278,128,14
7822905246,obim_512_14_fifo,209283000,128,14
14978890046,obim_512_14_fifo,194236458,128,14
3478209792,obim_512_16_fifo,296827840,128,14
3180309186,obim_512_16_fifo,276182372,128,14
3491715054,obim_512_16_fifo,291821322,128,14
4138900642,obim_512_16_fifo,307350260,128,14
3308546352,obim_512_16_fifo,290911398,128,14
3518328428,obim_512_18_fifo,410851908,128,14
3438388532,obim_512_18_fifo,407751751,128,14
3678983734,obim_512_18_fifo,438287891,128,14
3671866922,obim_512_18_fifo,434283485,128,14
3531728082,obim_512_18_fifo,413088201,128,14
