1250151092,obim_32_0_fifo,24397709,128,0
1240971534,obim_32_0_fifo,24377149,128,0
1243705944,obim_32_0_fifo,24402599,128,0
1243673472,obim_32_0_fifo,24357257,128,0
1247451450,obim_32_0_fifo,24394661,128,0
1099875984,obim_32_2_fifo,26264904,128,0
1100808234,obim_32_2_fifo,26176298,128,0
1087002642,obim_32_2_fifo,26172872,128,0
1097876696,obim_32_2_fifo,26381289,128,0
1097363936,obim_32_2_fifo,26165824,128,0
1285141100,obim_32_4_fifo,29170432,128,0
1290879866,obim_32_4_fifo,29128760,128,0
1277010786,obim_32_4_fifo,29182647,128,0
1282222434,obim_32_4_fifo,29397925,128,0
1278100074,obim_32_4_fifo,29294751,128,0
1994140982,obim_32_8_fifo,39587491,128,0
2032497178,obim_32_8_fifo,40581646,128,0
2118278222,obim_32_8_fifo,41250195,128,0
2063494108,obim_32_8_fifo,40499622,128,0
2031784186,obim_32_8_fifo,40547854,128,0
2610159416,obim_32_10_fifo,52576674,128,0
2475212822,obim_32_10_fifo,47476172,128,0
2744080882,obim_32_10_fifo,53556659,128,0
2786379330,obim_32_10_fifo,54266907,128,0
2767527014,obim_32_10_fifo,54523094,128,0
620168818,obim_64_0_fifo,28551913,128,0
613969448,obim_64_0_fifo,28728294,128,0
618529884,obim_64_0_fifo,28548548,128,0
638916860,obim_64_0_fifo,28310377,128,0
617570914,obim_64_0_fifo,28664286,128,0
492720158,obim_64_2_fifo,36484068,128,0
496042724,obim_64_2_fifo,36581911,128,0
490573242,obim_64_2_fifo,36442788,128,0
505977752,obim_64_2_fifo,36673928,128,0
497499050,obim_64_2_fifo,36651164,128,0
647809912,obim_64_4_fifo,40317403,128,0
640848408,obim_64_4_fifo,40053289,128,0
652654470,obim_64_4_fifo,39863072,128,0
656984692,obim_64_4_fifo,40268732,128,0
648650918,obim_64_4_fifo,39144336,128,0
1148327394,obim_64_8_fifo,47625576,128,0
1089685332,obim_64_8_fifo,48785492,128,0
1087298630,obim_64_8_fifo,47358776,128,0
1146772494,obim_64_8_fifo,50095080,128,0
1119478598,obim_64_8_fifo,50224457,128,0
1385990880,obim_64_10_fifo,61025912,128,0
1713314504,obim_64_10_fifo,74770937,128,0
1404467668,obim_64_10_fifo,61370655,128,0
1422725054,obim_64_10_fifo,64058666,128,0
1544216994,obim_64_10_fifo,68481757,128,0
646582540,obim_128_0_fifo,49061688,128,0
657526362,obim_128_0_fifo,48017268,128,0
663114482,obim_128_0_fifo,47707832,128,0
650662814,obim_128_0_fifo,47335581,128,0
647342290,obim_128_0_fifo,48763115,128,0
481927526,obim_128_2_fifo,61127021,128,0
486161138,obim_128_2_fifo,61458700,128,0
482604350,obim_128_2_fifo,61430164,128,0
475930294,obim_128_2_fifo,61740886,128,0
481834294,obim_128_2_fifo,60844340,128,0
515064918,obim_128_4_fifo,67626892,128,0
516001980,obim_128_4_fifo,68622152,128,0
511279042,obim_128_4_fifo,66517930,128,0
512044208,obim_128_4_fifo,67518954,128,0
514998020,obim_128_4_fifo,67501167,128,0
685037164,obim_128_8_fifo,72748729,128,0
707193658,obim_128_8_fifo,73412083,128,0
697395894,obim_128_8_fifo,75532353,128,0
708172110,obim_128_8_fifo,74857639,128,0
689743034,obim_128_8_fifo,72983746,128,0
924734272,obim_128_10_fifo,71298691,128,0
861339592,obim_128_10_fifo,71571939,128,0
863497568,obim_128_10_fifo,72795622,128,0
867000606,obim_128_10_fifo,76894999,128,0
882688260,obim_128_10_fifo,69583800,128,0
985604140,obim_256_0_fifo,73704827,128,0
994655956,obim_256_0_fifo,73755206,128,0
978958678,obim_256_0_fifo,75352851,128,0
977880852,obim_256_0_fifo,74407609,128,0
966196282,obim_256_0_fifo,73505834,128,0
717856414,obim_256_2_fifo,99217485,128,0
741809916,obim_256_2_fifo,97911534,128,0
732196322,obim_256_2_fifo,99991723,128,0
750145316,obim_256_2_fifo,99385156,128,0
727196194,obim_256_2_fifo,102034584,128,0
709838164,obim_256_4_fifo,105844022,128,0
701300834,obim_256_4_fifo,107560319,128,0
737105934,obim_256_4_fifo,109628596,128,0
688058680,obim_256_4_fifo,102938504,128,0
716943330,obim_256_4_fifo,108658010,128,0
890223400,obim_256_8_fifo,117395069,128,0
858571682,obim_256_8_fifo,117263804,128,0
850255330,obim_256_8_fifo,118351983,128,0
855185506,obim_256_8_fifo,118462755,128,0
847559662,obim_256_8_fifo,113468221,128,0
975856044,obim_256_10_fifo,121250937,128,0
953801484,obim_256_10_fifo,117234642,128,0
1043669918,obim_256_10_fifo,122124155,128,0
963341456,obim_256_10_fifo,119845362,128,0
947088642,obim_256_10_fifo,119841304,128,0
1744322888,obim_512_0_fifo,95597504,128,0
1805361230,obim_512_0_fifo,97365820,128,0
1629207602,obim_512_0_fifo,96209803,128,0
1726975406,obim_512_0_fifo,110640763,128,0
1712916330,obim_512_0_fifo,99386416,128,0
1292409300,obim_512_2_fifo,156719681,128,0
1476408132,obim_512_2_fifo,164388986,128,0
1311038774,obim_512_2_fifo,157149354,128,0
1291589274,obim_512_2_fifo,155296559,128,0
1407768554,obim_512_2_fifo,162209380,128,0
1175962104,obim_512_4_fifo,165608714,128,0
1330779820,obim_512_4_fifo,170389348,128,0
1344300562,obim_512_4_fifo,156256814,128,0
1277449578,obim_512_4_fifo,174416588,128,0
1166529614,obim_512_4_fifo,163013909,128,0
1380524188,obim_512_8_fifo,184751964,128,0
1363548286,obim_512_8_fifo,176265298,128,0
1387692754,obim_512_8_fifo,166650042,128,0
1383242216,obim_512_8_fifo,180206513,128,0
1307436654,obim_512_8_fifo,172436420,128,0
1302763230,obim_512_10_fifo,160189311,128,0
1320842014,obim_512_10_fifo,171968687,128,0
1419626470,obim_512_10_fifo,170639382,128,0
1383057408,obim_512_10_fifo,172119861,128,0
1324398560,obim_512_10_fifo,174105319,128,0
