2337292934,obim_32_0_fifo,50546389,128,0
2261768600,obim_32_0_fifo,50544307,128,0
2493067580,obim_32_0_fifo,50545661,128,0
2440859756,obim_32_0_fifo,50548727,128,0
2378042980,obim_32_0_fifo,50544109,128,0
3309559858,obim_32_2_fifo,51587389,128,0
3386060950,obim_32_2_fifo,51991039,128,0
3329005424,obim_32_2_fifo,51703165,128,0
3360908760,obim_32_2_fifo,52025291,128,0
3369783828,obim_32_2_fifo,52065785,128,0
3065736832,obim_32_4_fifo,54467881,128,0
4022420454,obim_32_4_fifo,63826648,128,0
4407195752,obim_32_4_fifo,65946047,128,0
4242348054,obim_32_4_fifo,65324676,128,0
3734043846,obim_32_4_fifo,59625877,128,0
4886641372,obim_32_8_fifo,86012713,128,0
5260985688,obim_32_8_fifo,89371732,128,0
3688444610,obim_32_8_fifo,65319255,128,0
3954324544,obim_32_8_fifo,70691613,128,0
4228867188,obim_32_8_fifo,76451873,128,0
4102356012,obim_32_10_fifo,72667594,128,0
2954105662,obim_32_10_fifo,56823948,128,0
4632544428,obim_32_10_fifo,78830102,128,0
4454649818,obim_32_10_fifo,77145556,128,0
4450085708,obim_32_10_fifo,79051870,128,0
1207087972,obim_64_0_fifo,50558353,128,0
1292971132,obim_64_0_fifo,50554377,128,0
1146467292,obim_64_0_fifo,50549528,128,0
1161418830,obim_64_0_fifo,50552253,128,0
1212254276,obim_64_0_fifo,50559801,128,0
1442810834,obim_64_2_fifo,52309079,128,0
1667869318,obim_64_2_fifo,51724576,128,0
1640440544,obim_64_2_fifo,52023109,128,0
1629513076,obim_64_2_fifo,51844646,128,0
1562990396,obim_64_2_fifo,51451470,128,0
1547355872,obim_64_4_fifo,59148258,128,0
1583399766,obim_64_4_fifo,59589024,128,0
1541396284,obim_64_4_fifo,55676303,128,0
1647488510,obim_64_4_fifo,56815838,128,0
1548100196,obim_64_4_fifo,54521183,128,0
1728825928,obim_64_8_fifo,69010217,128,0
1906326462,obim_64_8_fifo,75605441,128,0
1709310406,obim_64_8_fifo,67188119,128,0
1551016988,obim_64_8_fifo,63421217,128,0
1804935900,obim_64_8_fifo,66252079,128,0
1462780648,obim_64_10_fifo,60307855,128,0
1491146810,obim_64_10_fifo,62515760,128,0
1713980564,obim_64_10_fifo,71493054,128,0
1526728138,obim_64_10_fifo,63987569,128,0
1770826784,obim_64_10_fifo,69438144,128,0
855618132,obim_128_0_fifo,50569011,128,0
833689938,obim_128_0_fifo,50551656,128,0
818286294,obim_128_0_fifo,50558861,128,0
877641808,obim_128_0_fifo,50558356,128,0
837905916,obim_128_0_fifo,50546921,128,0
985695206,obim_128_2_fifo,51369191,128,0
897112984,obim_128_2_fifo,51096365,128,0
927498678,obim_128_2_fifo,51205840,128,0
900638796,obim_128_2_fifo,51057621,128,0
891739306,obim_128_2_fifo,51522960,128,0
940297596,obim_128_4_fifo,58117176,128,0
980612610,obim_128_4_fifo,57300214,128,0
1198541282,obim_128_4_fifo,69609940,128,0
1027581670,obim_128_4_fifo,62335795,128,0
1133922052,obim_128_4_fifo,66520232,128,0
1170660068,obim_128_8_fifo,78025923,128,0
941449920,obim_128_8_fifo,62933721,128,0
1069090334,obim_128_8_fifo,70566599,128,0
1239785310,obim_128_8_fifo,84790333,128,0
1039699450,obim_128_8_fifo,71832903,128,0
1249387068,obim_128_10_fifo,83377751,128,0
1119937942,obim_128_10_fifo,74084540,128,0
1013904542,obim_128_10_fifo,68119852,128,0
1126165370,obim_128_10_fifo,74660238,128,0
931398756,obim_128_10_fifo,63797558,128,0
739869824,obim_256_0_fifo,50565510,128,0
733171350,obim_256_0_fifo,50587634,128,0
735991806,obim_256_0_fifo,50666655,128,0
732266494,obim_256_0_fifo,50600675,128,0
729668626,obim_256_0_fifo,50575342,128,0
760839478,obim_256_2_fifo,51349182,128,0
743505702,obim_256_2_fifo,51165554,128,0
768746990,obim_256_2_fifo,51497569,128,0
753649150,obim_256_2_fifo,51203002,128,0
740215172,obim_256_2_fifo,51380628,128,0
821770400,obim_256_4_fifo,61032238,128,0
821766030,obim_256_4_fifo,58748668,128,0
785836144,obim_256_4_fifo,56314183,128,0
1021274626,obim_256_4_fifo,73739121,128,0
829188244,obim_256_4_fifo,59491399,128,0
793598144,obim_256_8_fifo,58087925,128,0
1038009470,obim_256_8_fifo,77457314,128,0
848740080,obim_256_8_fifo,63990367,128,0
981335168,obim_256_8_fifo,74287695,128,0
995208206,obim_256_8_fifo,74680880,128,0
867560252,obim_256_10_fifo,65692713,128,0
960388958,obim_256_10_fifo,73593966,128,0
1144856880,obim_256_10_fifo,86778808,128,0
1142373272,obim_256_10_fifo,88470849,128,0
1036944776,obim_256_10_fifo,76924863,128,0
713601966,obim_512_0_fifo,50675069,128,0
704890334,obim_512_0_fifo,50675104,128,0
703626120,obim_512_0_fifo,50685746,128,0
702642506,obim_512_0_fifo,50669536,128,0
706301278,obim_512_0_fifo,50657675,128,0
710393928,obim_512_2_fifo,50997579,128,0
714107406,obim_512_2_fifo,51603061,128,0
707887910,obim_512_2_fifo,51259499,128,0
705403558,obim_512_2_fifo,51266433,128,0
707918756,obim_512_2_fifo,51435343,128,0
744791078,obim_512_4_fifo,55488215,128,0
801496554,obim_512_4_fifo,59597587,128,0
767404030,obim_512_4_fifo,57518497,128,0
777558204,obim_512_4_fifo,58180111,128,0
802319366,obim_512_4_fifo,60323105,128,0
877139542,obim_512_8_fifo,67257416,128,0
927071508,obim_512_8_fifo,70186087,128,0
920649018,obim_512_8_fifo,70635633,128,0
924936352,obim_512_8_fifo,70540941,128,0
910114524,obim_512_8_fifo,69717925,128,0
937804796,obim_512_10_fifo,72471454,128,0
939322228,obim_512_10_fifo,72991120,128,0
951296200,obim_512_10_fifo,75190671,128,0
986310146,obim_512_10_fifo,77276960,128,0
843666460,obim_512_10_fifo,63416182,128,0
