2605170946,obim_32_0_fifo,39121802,128,0
2954482054,obim_32_0_fifo,39108285,128,0
3209015384,obim_32_0_fifo,53840349,128,0
3277224868,obim_32_0_fifo,47507662,128,0
2783825186,obim_32_0_fifo,39171799,128,0
3056678844,obim_32_2_fifo,50359483,128,0
3955960446,obim_32_2_fifo,50776739,128,0
2791632912,obim_32_2_fifo,43567733,128,0
2864204468,obim_32_2_fifo,40170797,128,0
3227562674,obim_32_2_fifo,39952082,128,0
6694058042,obim_32_4_fifo,64072699,128,0
4786895960,obim_32_4_fifo,61486618,128,0
4861057228,obim_32_4_fifo,59648306,128,0
4870409726,obim_32_4_fifo,56517559,128,0
5451657580,obim_32_4_fifo,58954102,128,0
5268092774,obim_32_8_fifo,58471131,128,0
7790629002,obim_32_8_fifo,68448852,128,0
4466967210,obim_32_8_fifo,54959692,128,0
4969361314,obim_32_8_fifo,58431882,128,0
5532302236,obim_32_8_fifo,54403702,128,0
4954282000,obim_32_10_fifo,59397644,128,0
5478712632,obim_32_10_fifo,60871129,128,0
5212941704,obim_32_10_fifo,54763311,128,0
5521411192,obim_32_10_fifo,56196889,128,0
4808072600,obim_32_10_fifo,51233835,128,0
2881689676,obim_64_0_fifo,56297981,128,0
2746417372,obim_64_0_fifo,53353774,128,0
2995943926,obim_64_0_fifo,55218295,128,0
3371244830,obim_64_0_fifo,69181040,128,0
2801270680,obim_64_0_fifo,51852024,128,0
2997509416,obim_64_2_fifo,52007445,128,0
3584875510,obim_64_2_fifo,72084879,128,0
2694495790,obim_64_2_fifo,52625100,128,0
2575637778,obim_64_2_fifo,43164416,128,0
2669856348,obim_64_2_fifo,51866765,128,0
2764814486,obim_64_4_fifo,53124929,128,0
3055417604,obim_64_4_fifo,50668583,128,0
4445208340,obim_64_4_fifo,79702229,128,0
2864806808,obim_64_4_fifo,57631111,128,0
3129142970,obim_64_4_fifo,53554141,128,0
3190435726,obim_64_8_fifo,53021941,128,0
3664406860,obim_64_8_fifo,67807440,128,0
3417964616,obim_64_8_fifo,60124541,128,0
3568178402,obim_64_8_fifo,60607789,128,0
3373337594,obim_64_8_fifo,56130583,128,0
3366745482,obim_64_10_fifo,57619268,128,0
3311648764,obim_64_10_fifo,56006734,128,0
3314393056,obim_64_10_fifo,60016701,128,0
3455014232,obim_64_10_fifo,60043706,128,0
3459412642,obim_64_10_fifo,60039103,128,0
3839714878,obim_128_0_fifo,83596750,128,0
3147862324,obim_128_0_fifo,63505796,128,0
3479425884,obim_128_0_fifo,75289227,128,0
3036018766,obim_128_0_fifo,60348780,128,0
3048274106,obim_128_0_fifo,61739938,128,0
2653279012,obim_128_2_fifo,52165908,128,0
3523235406,obim_128_2_fifo,73911236,128,0
2536594428,obim_128_2_fifo,47970951,128,0
3796975854,obim_128_2_fifo,83033739,128,0
3500091862,obim_128_2_fifo,70591876,128,0
2919098066,obim_128_4_fifo,61199470,128,0
2988607286,obim_128_4_fifo,61844311,128,0
3060140438,obim_128_4_fifo,63967817,128,0
2738681806,obim_128_4_fifo,52460747,128,0
2693026128,obim_128_4_fifo,51182970,128,0
2741883052,obim_128_8_fifo,52261780,128,0
3079323976,obim_128_8_fifo,62526783,128,0
2946588274,obim_128_8_fifo,56984056,128,0
3144687236,obim_128_8_fifo,69058504,128,0
2712942990,obim_128_8_fifo,52037158,128,0
2894505410,obim_128_10_fifo,58516723,128,0
2648447738,obim_128_10_fifo,50415378,128,0
2781314562,obim_128_10_fifo,54959423,128,0
2897244446,obim_128_10_fifo,59751356,128,0
2954880266,obim_128_10_fifo,57824204,128,0
3419416502,obim_256_0_fifo,72318290,128,0
3514560698,obim_256_0_fifo,77755823,128,0
3078758492,obim_256_0_fifo,65594652,128,0
3279221148,obim_256_0_fifo,67385588,128,0
3342752116,obim_256_0_fifo,67913073,128,0
3180669468,obim_256_2_fifo,64486606,128,0
3407341756,obim_256_2_fifo,69224240,128,0
3442658036,obim_256_2_fifo,69924796,128,0
3315456358,obim_256_2_fifo,66264783,128,0
3266862276,obim_256_2_fifo,65010300,128,0
2723179790,obim_256_4_fifo,50772730,128,0
2866237902,obim_256_4_fifo,54843634,128,0
2876581170,obim_256_4_fifo,58447658,128,0
2842416336,obim_256_4_fifo,58654113,128,0
2738567466,obim_256_4_fifo,51299636,128,0
2942474666,obim_256_8_fifo,59699092,128,0
2917447764,obim_256_8_fifo,56656045,128,0
2866718070,obim_256_8_fifo,58842752,128,0
2896790646,obim_256_8_fifo,59543354,128,0
2643193810,obim_256_8_fifo,49896129,128,0
2884457570,obim_256_10_fifo,60120888,128,0
2740702734,obim_256_10_fifo,54352758,128,0
2751569976,obim_256_10_fifo,52703700,128,0
2872572920,obim_256_10_fifo,58970180,128,0
2890594746,obim_256_10_fifo,60092010,128,0
3217021352,obim_512_0_fifo,68369095,128,0
3456504684,obim_512_0_fifo,72956019,128,0
3394417028,obim_512_0_fifo,70585565,128,0
3517041090,obim_512_0_fifo,72579530,128,0
3267137036,obim_512_0_fifo,68624166,128,0
3576229486,obim_512_2_fifo,74690139,128,0
3507987810,obim_512_2_fifo,74177774,128,0
3950540238,obim_512_2_fifo,83798894,128,0
3613993824,obim_512_2_fifo,75688912,128,0
3413843108,obim_512_2_fifo,70374713,128,0
2945732470,obim_512_4_fifo,57672517,128,0
2976214432,obim_512_4_fifo,62001525,128,0
2919563340,obim_512_4_fifo,58893118,128,0
2976942164,obim_512_4_fifo,59466889,128,0
2878308410,obim_512_4_fifo,58404597,128,0
2731795182,obim_512_8_fifo,53454399,128,0
2874205454,obim_512_8_fifo,55867345,128,0
2837501786,obim_512_8_fifo,55042095,128,0
2778573320,obim_512_8_fifo,55450848,128,0
2851045466,obim_512_8_fifo,54443332,128,0
2985458918,obim_512_10_fifo,61478954,128,0
2858152382,obim_512_10_fifo,56741308,128,0
2895311538,obim_512_10_fifo,56757881,128,0
2940699056,obim_512_10_fifo,60025757,128,0
2998032678,obim_512_10_fifo,60729832,128,0
