12430600566,obim_32_0_fifo,48160311,128,0
13208319164,obim_32_0_fifo,48162951,128,0
16116261368,obim_32_0_fifo,48169793,128,0
8923741414,obim_32_0_fifo,48176924,128,0
8945839282,obim_32_0_fifo,48177420,128,0
8324012302,obim_32_2_fifo,48553953,128,0
8288891564,obim_32_2_fifo,48544822,128,0
17662360458,obim_32_2_fifo,48437955,128,0
20762642730,obim_32_2_fifo,48457723,128,0
13127098926,obim_32_2_fifo,48552294,128,0
61688012614,obim_32_4_fifo,48958856,128,0
59834717914,obim_32_4_fifo,49106063,128,0
27523486906,obim_32_4_fifo,49095089,128,0
51854929140,obim_32_4_fifo,49103319,128,0
224973273850,obim_32_4_fifo,49151349,128,0
39208192390,obim_32_8_fifo,49127524,128,0
31779005794,obim_32_8_fifo,49055326,128,0
76412068792,obim_32_8_fifo,49245540,128,0
96260272962,obim_32_8_fifo,49220005,128,0
128940288892,obim_32_8_fifo,49351265,128,0
124643853404,obim_32_10_fifo,49298158,128,0
191217740054,obim_32_10_fifo,49249030,128,0
241847135232,obim_32_10_fifo,49408010,128,0
231611155844,obim_32_10_fifo,49385001,128,0
252381297760,obim_32_10_fifo,49390788,128,0
12122764238,obim_64_0_fifo,48049807,128,0
12896719524,obim_64_0_fifo,48041887,128,0
12759899436,obim_64_0_fifo,48048250,128,0
9003635892,obim_64_0_fifo,48047108,128,0
8755629706,obim_64_0_fifo,48047059,128,0
8169997402,obim_64_2_fifo,48287541,128,0
9434412962,obim_64_2_fifo,48281835,128,0
8869259456,obim_64_2_fifo,48290992,128,0
14048696080,obim_64_2_fifo,48211835,128,0
9595761644,obim_64_2_fifo,48286011,128,0
16599433696,obim_64_4_fifo,48629411,128,0
9038673212,obim_64_4_fifo,48598308,128,0
14255588044,obim_64_4_fifo,48630963,128,0
32846041530,obim_64_4_fifo,48630717,128,0
7623749952,obim_64_4_fifo,48611738,128,0
47827105784,obim_64_8_fifo,48745681,128,0
19963438032,obim_64_8_fifo,48647358,128,0
14017184842,obim_64_8_fifo,48629369,128,0
11186731710,obim_64_8_fifo,48636650,128,0
21168035262,obim_64_8_fifo,48624259,128,0
43841909730,obim_64_10_fifo,48583713,128,0
11036091112,obim_64_10_fifo,48635235,128,0
37849150622,obim_64_10_fifo,48704949,128,0
74960452298,obim_64_10_fifo,48673892,128,0
99257585694,obim_64_10_fifo,48734872,128,0
8655497160,obim_128_0_fifo,47990690,128,0
8666728242,obim_128_0_fifo,47984766,128,0
8339750244,obim_128_0_fifo,47984565,128,0
8220303908,obim_128_0_fifo,47982627,128,0
8803017190,obim_128_0_fifo,47983019,128,0
8280527162,obim_128_2_fifo,48119282,128,0
8331529820,obim_128_2_fifo,48119566,128,0
8600698798,obim_128_2_fifo,48122042,128,0
7679927506,obim_128_2_fifo,48122128,128,0
7713553056,obim_128_2_fifo,48116386,128,0
7553881366,obim_128_4_fifo,48322283,128,0
7344531322,obim_128_4_fifo,48317707,128,0
12434085926,obim_128_4_fifo,48322020,128,0
11427506346,obim_128_4_fifo,48309513,128,0
24538622470,obim_128_4_fifo,48264885,128,0
7451486238,obim_128_8_fifo,48316179,128,0
7390018862,obim_128_8_fifo,48322342,128,0
9061931746,obim_128_8_fifo,48327480,128,0
7238043132,obim_128_8_fifo,48311514,128,0
47932608972,obim_128_8_fifo,48342525,128,0
9589979638,obim_128_10_fifo,48331595,128,0
7352051280,obim_128_10_fifo,48321168,128,0
44574860746,obim_128_10_fifo,48318163,128,0
12167134654,obim_128_10_fifo,48275480,128,0
9638946730,obim_128_10_fifo,48331278,128,0
8537126036,obim_256_0_fifo,47955585,128,0
8493313424,obim_256_0_fifo,47953134,128,0
11842608878,obim_256_0_fifo,47951378,128,0
8797550840,obim_256_0_fifo,47949929,128,0
11881054284,obim_256_0_fifo,47951110,128,0
7634680136,obim_256_2_fifo,48024539,128,0
15620841138,obim_256_2_fifo,48004192,128,0
16381408342,obim_256_2_fifo,48008740,128,0
13300928178,obim_256_2_fifo,48002879,128,0
11878307650,obim_256_2_fifo,48014817,128,0
7611024188,obim_256_4_fifo,48124756,128,0
8272031684,obim_256_4_fifo,48127331,128,0
8658214302,obim_256_4_fifo,48130725,128,0
20713786656,obim_256_4_fifo,48127620,128,0
8956017866,obim_256_4_fifo,48131832,128,0
7177385972,obim_256_8_fifo,48142849,128,0
14077927838,obim_256_8_fifo,48163495,128,0
7048978710,obim_256_8_fifo,48130389,128,0
6929081964,obim_256_8_fifo,48136414,128,0
7411284318,obim_256_8_fifo,48133128,128,0
8601111140,obim_256_10_fifo,48136050,128,0
9868742374,obim_256_10_fifo,48143078,128,0
24590616534,obim_256_10_fifo,48137156,128,0
9720087116,obim_256_10_fifo,48133900,128,0
6816063768,obim_256_10_fifo,48135206,128,0
12192656126,obim_512_0_fifo,47938084,128,0
12205848758,obim_512_0_fifo,47937940,128,0
8656196200,obim_512_0_fifo,47937445,128,0
8611182446,obim_512_0_fifo,47943709,128,0
8653374902,obim_512_0_fifo,47942977,128,0
13270581754,obim_512_2_fifo,47969111,128,0
10190990606,obim_512_2_fifo,47979107,128,0
7291710180,obim_512_2_fifo,47975706,128,0
7695935964,obim_512_2_fifo,47974155,128,0
16582398794,obim_512_2_fifo,47973487,128,0
10835722012,obim_512_4_fifo,48030482,128,0
10875267766,obim_512_4_fifo,48062285,128,0
9696093962,obim_512_4_fifo,48031545,128,0
9669324746,obim_512_4_fifo,48033710,128,0
9775348866,obim_512_4_fifo,48036302,128,0
15179760294,obim_512_8_fifo,48081769,128,0
21936791556,obim_512_8_fifo,48075672,128,0
28833699504,obim_512_8_fifo,48077410,128,0
21200732502,obim_512_8_fifo,48082083,128,0
15690966352,obim_512_8_fifo,48082239,128,0
13558413068,obim_512_10_fifo,48059687,128,0
17512373490,obim_512_10_fifo,48063936,128,0
14809921798,obim_512_10_fifo,48077663,128,0
15698168690,obim_512_10_fifo,48051995,128,0
7760338630,obim_512_10_fifo,48031095,128,0
