2766007924,obim_32_0_fifo,76023462,128,0
2779629164,obim_32_0_fifo,76104188,128,0
2770260060,obim_32_0_fifo,76083595,128,0
2726187722,obim_32_0_fifo,76100305,128,0
2762819506,obim_32_0_fifo,76074844,128,0
2533869534,obim_32_2_fifo,76092597,128,0
2591252530,obim_32_2_fifo,76103965,128,0
2547047978,obim_32_2_fifo,75996553,128,0
2539663780,obim_32_2_fifo,76119013,128,0
2526859880,obim_32_2_fifo,76071431,128,0
2423331138,obim_32_4_fifo,77783233,128,0
2446184758,obim_32_4_fifo,78573571,128,0
2420405962,obim_32_4_fifo,78367555,128,0
2413870932,obim_32_4_fifo,77466333,128,0
2568602528,obim_32_4_fifo,80136574,128,0
5772019586,obim_32_8_fifo,125130548,128,0
6244610332,obim_32_8_fifo,131955074,128,0
6008035622,obim_32_8_fifo,133044147,128,0
5747349922,obim_32_8_fifo,125639435,128,0
5507530654,obim_32_8_fifo,120404032,128,0
21376948586,obim_32_10_fifo,398662330,128,0
19763138952,obim_32_10_fifo,380084984,128,0
23292705184,obim_32_10_fifo,435652247,128,0
19497820142,obim_32_10_fifo,379440327,128,0
20574142108,obim_32_10_fifo,397265467,128,0
2439174562,obim_64_0_fifo,76235846,128,0
2417918586,obim_64_0_fifo,76132223,128,0
2446342264,obim_64_0_fifo,76212682,128,0
2423195920,obim_64_0_fifo,76254856,128,0
2420667406,obim_64_0_fifo,76265080,128,0
2234329428,obim_64_2_fifo,76409129,128,0
2231997084,obim_64_2_fifo,76311968,128,0
2234758532,obim_64_2_fifo,76296603,128,0
2245946168,obim_64_2_fifo,76263998,128,0
2232829712,obim_64_2_fifo,76262517,128,0
2129673092,obim_64_4_fifo,78282717,128,0
2146379338,obim_64_4_fifo,78907845,128,0
2122165080,obim_64_4_fifo,78258236,128,0
2130611524,obim_64_4_fifo,77695589,128,0
2139213476,obim_64_4_fifo,78151751,128,0
3243872314,obim_64_8_fifo,139053130,128,0
3139508356,obim_64_8_fifo,138592349,128,0
3420579056,obim_64_8_fifo,144019488,128,0
2845386170,obim_64_8_fifo,123114430,128,0
3057653602,obim_64_8_fifo,129977767,128,0
9541964302,obim_64_10_fifo,365161161,128,0
9597181748,obim_64_10_fifo,375047996,128,0
11317771674,obim_64_10_fifo,435136365,128,0
10556499874,obim_64_10_fifo,400681544,128,0
9283041876,obim_64_10_fifo,361827662,128,0
2471378762,obim_128_0_fifo,76647913,128,0
2463408648,obim_128_0_fifo,76501167,128,0
2429866768,obim_128_0_fifo,76585595,128,0
2452654032,obim_128_0_fifo,76468996,128,0
2441759678,obim_128_0_fifo,76495987,128,0
2236755228,obim_128_2_fifo,76836161,128,0
2225498720,obim_128_2_fifo,76496699,128,0
2221619706,obim_128_2_fifo,76600821,128,0
2242306802,obim_128_2_fifo,76750678,128,0
2227970658,obim_128_2_fifo,76772161,128,0
2101491326,obim_128_4_fifo,78822961,128,0
2129410978,obim_128_4_fifo,80391323,128,0
2104238380,obim_128_4_fifo,79083960,128,0
2101935690,obim_128_4_fifo,79251418,128,0
2120271548,obim_128_4_fifo,79782461,128,0
2878157318,obim_128_8_fifo,148618312,128,0
2549825342,obim_128_8_fifo,130302272,128,0
3200322510,obim_128_8_fifo,165016869,128,0
2804652336,obim_128_8_fifo,145397127,128,0
3041190754,obim_128_8_fifo,157567615,128,0
7835880580,obim_128_10_fifo,403156752,128,0
7284827068,obim_128_10_fifo,373522959,128,0
7098694926,obim_128_10_fifo,363729058,128,0
6905781004,obim_128_10_fifo,358584892,128,0
7118846478,obim_128_10_fifo,364246699,128,0
2674566570,obim_256_0_fifo,77843646,128,0
2586464978,obim_256_0_fifo,77413955,128,0
2710820674,obim_256_0_fifo,77553208,128,0
2674770212,obim_256_0_fifo,77444807,128,0
2630752452,obim_256_0_fifo,77687788,128,0
2249037196,obim_256_2_fifo,77007540,128,0
2249832634,obim_256_2_fifo,77089086,128,0
2240615312,obim_256_2_fifo,77062558,128,0
2251937392,obim_256_2_fifo,77105640,128,0
2251502476,obim_256_2_fifo,77181859,128,0
2123881124,obim_256_4_fifo,80144263,128,0
2140799428,obim_256_4_fifo,80753315,128,0
2143014490,obim_256_4_fifo,80562925,128,0
2126441664,obim_256_4_fifo,80034572,128,0
2135627480,obim_256_4_fifo,80302741,128,0
3205250262,obim_256_8_fifo,168783700,128,0
2968705920,obim_256_8_fifo,157955834,128,0
3164552440,obim_256_8_fifo,169127268,128,0
3198126300,obim_256_8_fifo,166852024,128,0
3306574284,obim_256_8_fifo,172553645,128,0
6769854752,obim_256_10_fifo,371784253,128,0
7020982916,obim_256_10_fifo,376043919,128,0
6849113702,obim_256_10_fifo,368734641,128,0
6508171396,obim_256_10_fifo,357656435,128,0
6962524422,obim_256_10_fifo,379674327,128,0
3329696486,obim_512_0_fifo,78785312,128,0
3239206616,obim_512_0_fifo,78731121,128,0
3250008628,obim_512_0_fifo,78873384,128,0
3141851980,obim_512_0_fifo,78548587,128,0
3206312274,obim_512_0_fifo,78538193,128,0
2344011126,obim_512_2_fifo,77972320,128,0
2328135510,obim_512_2_fifo,78264372,128,0
2399158044,obim_512_2_fifo,78013865,128,0
2361291546,obim_512_2_fifo,77782093,128,0
2391903102,obim_512_2_fifo,77896573,128,0
2171789922,obim_512_4_fifo,80911596,128,0
2170195966,obim_512_4_fifo,80837291,128,0
2188044066,obim_512_4_fifo,82232430,128,0
2155618102,obim_512_4_fifo,80862470,128,0
2195100442,obim_512_4_fifo,82152162,128,0
3532739388,obim_512_8_fifo,188474344,128,0
3188060330,obim_512_8_fifo,168416296,128,0
3215168520,obim_512_8_fifo,170000732,128,0
3353618312,obim_512_8_fifo,176566249,128,0
3130917458,obim_512_8_fifo,162275172,128,0
6609574592,obim_512_10_fifo,367262343,128,0
6491327650,obim_512_10_fifo,362120528,128,0
6229741350,obim_512_10_fifo,347186912,128,0
7109072970,obim_512_10_fifo,389698102,128,0
6720352180,obim_512_10_fifo,371795193,128,0
