3915248436,obim_32_10_fifo,50094238,128,14
3680061106,obim_32_10_fifo,49347260,128,14
4238730098,obim_32_10_fifo,48142345,128,14
3903664694,obim_32_10_fifo,49436523,128,14
4289483268,obim_32_10_fifo,49346092,128,14
998050658,obim_32_12_fifo,46057973,128,14
997256590,obim_32_12_fifo,45233852,128,14
987690518,obim_32_12_fifo,46123415,128,14
995140462,obim_32_12_fifo,46744911,128,14
989568224,obim_32_12_fifo,45697827,128,14
1158401204,obim_32_14_fifo,52510687,128,14
1167031868,obim_32_14_fifo,51981302,128,14
1165259930,obim_32_14_fifo,51795996,128,14
1155843214,obim_32_14_fifo,51711163,128,14
1155273072,obim_32_14_fifo,52270943,128,14
2076332580,obim_32_16_fifo,61931855,128,14
2121330050,obim_32_16_fifo,62192419,128,14
2111650220,obim_32_16_fifo,61893314,128,14
2096030986,obim_32_16_fifo,61606109,128,14
2105297514,obim_32_16_fifo,61940752,128,14
4391085756,obim_32_18_fifo,97133665,128,14
4396338112,obim_32_18_fifo,97248627,128,14
4388456196,obim_32_18_fifo,97590773,128,14
4369215336,obim_32_18_fifo,97934581,128,14
4360105708,obim_32_18_fifo,97374769,128,14
12286671580,obim_64_10_fifo,67998482,128,14
10968418220,obim_64_10_fifo,67922530,128,14
9766465406,obim_64_10_fifo,70840318,128,14
12788711110,obim_64_10_fifo,67829343,128,14
10489725990,obim_64_10_fifo,71554662,128,14
1096883252,obim_64_12_fifo,75123488,128,14
1074864192,obim_64_12_fifo,74079358,128,14
1060348708,obim_64_12_fifo,74627331,128,14
1077947644,obim_64_12_fifo,75608064,128,14
1096012384,obim_64_12_fifo,73024951,128,14
793314782,obim_64_14_fifo,86896699,128,14
778062906,obim_64_14_fifo,85405326,128,14
796301844,obim_64_14_fifo,86817689,128,14
784983422,obim_64_14_fifo,86169277,128,14
778075420,obim_64_14_fifo,84947765,128,14
1209444636,obim_64_16_fifo,91580387,128,14
1207797876,obim_64_16_fifo,91204721,128,14
1191584968,obim_64_16_fifo,90734175,128,14
1197295460,obim_64_16_fifo,90735531,128,14
1212360546,obim_64_16_fifo,91570939,128,14
2258805152,obim_64_18_fifo,122902977,128,14
2235378988,obim_64_18_fifo,121004688,128,14
2266667940,obim_64_18_fifo,121472106,128,14
2276825352,obim_64_18_fifo,121812658,128,14
2283639776,obim_64_18_fifo,122136013,128,14
49310953204,obim_128_10_fifo,95409633,128,14
39864724934,obim_128_10_fifo,90506017,128,14
35661379072,obim_128_10_fifo,84677654,128,14
57079388594,obim_128_10_fifo,90279157,128,14
24134205674,obim_128_10_fifo,89982617,128,14
2168804484,obim_128_12_fifo,97686500,128,14
1725805366,obim_128_12_fifo,103909350,128,14
1774299996,obim_128_12_fifo,102101341,128,14
1813499554,obim_128_12_fifo,103848768,128,14
1662150692,obim_128_12_fifo,100651671,128,14
1025767658,obim_128_14_fifo,128714353,128,14
1030675584,obim_128_14_fifo,129972241,128,14
1036004628,obim_128_14_fifo,131961566,128,14
1037904494,obim_128_14_fifo,132559809,128,14
1029347152,obim_128_14_fifo,130108680,128,14
1087457768,obim_128_16_fifo,155032905,128,14
1065889548,obim_128_16_fifo,151715644,128,14
1069526896,obim_128_16_fifo,151616119,128,14
1062213228,obim_128_16_fifo,149756983,128,14
1080059590,obim_128_16_fifo,154033114,128,14
1519363736,obim_128_18_fifo,172761263,128,14
1529344374,obim_128_18_fifo,171063325,128,14
1553720666,obim_128_18_fifo,173682596,128,14
1543312668,obim_128_18_fifo,175150414,128,14
1544632952,obim_128_18_fifo,172625035,128,14
78302798210,obim_256_10_fifo,89033913,128,14
78765720934,obim_256_10_fifo,99762178,128,14
75248008386,obim_256_10_fifo,84850157,128,14
75651037680,obim_256_10_fifo,100503885,128,14
104483538368,obim_256_10_fifo,99995705,128,14
4625919682,obim_256_12_fifo,116987949,128,14
4935270494,obim_256_12_fifo,123149828,128,14
5266639534,obim_256_12_fifo,125246486,128,14
3747738682,obim_256_12_fifo,119546770,128,14
3846839710,obim_256_12_fifo,115660849,128,14
1511080000,obim_256_14_fifo,174619340,128,14
1434788744,obim_256_14_fifo,178715975,128,14
1493518312,obim_256_14_fifo,177326425,128,14
1479273380,obim_256_14_fifo,177613671,128,14
1446226288,obim_256_14_fifo,178895572,128,14
1530073676,obim_256_16_fifo,235523162,128,14
1423781748,obim_256_16_fifo,225256999,128,14
1479499402,obim_256_16_fifo,231505755,128,14
1465605762,obim_256_16_fifo,230269076,128,14
1461958810,obim_256_16_fifo,232592810,128,14
1806524434,obim_256_18_fifo,271169469,128,14
1832729346,obim_256_18_fifo,275045733,128,14
1842833020,obim_256_18_fifo,277255685,128,14
1896363440,obim_256_18_fifo,283187611,128,14
1797593970,obim_256_18_fifo,270084595,128,14
134855997340,obim_512_10_fifo,79410701,128,14
168398111016,obim_512_10_fifo,62963846,128,14
179798564130,obim_512_10_fifo,76013937,128,14
195802789350,obim_512_10_fifo,98776138,128,14
143781651324,obim_512_10_fifo,98710276,128,14
12322059522,obim_512_12_fifo,117660243,128,14
9023145650,obim_512_12_fifo,101164147,128,14
11697793710,obim_512_12_fifo,97257419,128,14
10175448424,obim_512_12_fifo,106293243,128,14
8421144298,obim_512_12_fifo,102040974,128,14
2531634408,obim_512_14_fifo,198936434,128,14
2479760242,obim_512_14_fifo,195754254,128,14
2528233298,obim_512_14_fifo,194892140,128,14
2318377208,obim_512_14_fifo,200241729,128,14
2635587422,obim_512_14_fifo,205120369,128,14
1964475126,obim_512_16_fifo,294320326,128,14
2033233504,obim_512_16_fifo,309115802,128,14
1926546070,obim_512_16_fifo,291687361,128,14
2041801508,obim_512_16_fifo,287354546,128,14
2078480018,obim_512_16_fifo,301124579,128,14
2707863148,obim_512_18_fifo,457630350,128,14
2655725982,obim_512_18_fifo,453516830,128,14
2850234756,obim_512_18_fifo,468777532,128,14
2606528014,obim_512_18_fifo,437571936,128,14
2805617040,obim_512_18_fifo,468956164,128,14
