4898298792,obim_32_0_fifo,93600881,128,0
4834655726,obim_32_0_fifo,93328302,128,0
4924014280,obim_32_0_fifo,93243142,128,0
4919563332,obim_32_0_fifo,92793668,128,0
5001206226,obim_32_0_fifo,92866044,128,0
4836875272,obim_32_2_fifo,92103204,128,0
5098793124,obim_32_2_fifo,93584184,128,0
4872072826,obim_32_2_fifo,92513598,128,0
4908924724,obim_32_2_fifo,94133476,128,0
4994714832,obim_32_2_fifo,94051400,128,0
5303613852,obim_32_4_fifo,102754391,128,0
5644246130,obim_32_4_fifo,102508479,128,0
5440920888,obim_32_4_fifo,102563133,128,0
5378252480,obim_32_4_fifo,101992586,128,0
5291613510,obim_32_4_fifo,102510803,128,0
7615766654,obim_32_8_fifo,142229982,128,0
7640738828,obim_32_8_fifo,142203652,128,0
7573322322,obim_32_8_fifo,142513423,128,0
7321201424,obim_32_8_fifo,142579297,128,0
7308131680,obim_32_8_fifo,141845131,128,0
8080310046,obim_32_10_fifo,144834394,128,0
9077401852,obim_32_10_fifo,146710057,128,0
8407456762,obim_32_10_fifo,143769515,128,0
8010837554,obim_32_10_fifo,144080320,128,0
8417012600,obim_32_10_fifo,147975780,128,0
4039730106,obim_64_0_fifo,94048151,128,0
3964115924,obim_64_0_fifo,93686595,128,0
4007739518,obim_64_0_fifo,94273983,128,0
3942656468,obim_64_0_fifo,93202320,128,0
4015874940,obim_64_0_fifo,93771947,128,0
3933290526,obim_64_2_fifo,94517216,128,0
3933720322,obim_64_2_fifo,94854066,128,0
3978226558,obim_64_2_fifo,94761493,128,0
3927424466,obim_64_2_fifo,94952740,128,0
3924386124,obim_64_2_fifo,95053752,128,0
4385879518,obim_64_4_fifo,103393110,128,0
4311389314,obim_64_4_fifo,103391239,128,0
4288133914,obim_64_4_fifo,102575108,128,0
4240377560,obim_64_4_fifo,102665670,128,0
4251956790,obim_64_4_fifo,103111612,128,0
6347689556,obim_64_8_fifo,143209923,128,0
6293416744,obim_64_8_fifo,142855895,128,0
6338984242,obim_64_8_fifo,143578638,128,0
6342883256,obim_64_8_fifo,143909274,128,0
6294728788,obim_64_8_fifo,142829988,128,0
6587441254,obim_64_10_fifo,144991482,128,0
6839588700,obim_64_10_fifo,147016885,128,0
6763082802,obim_64_10_fifo,146834103,128,0
6573446112,obim_64_10_fifo,146796703,128,0
6562920950,obim_64_10_fifo,146980981,128,0
3814819656,obim_128_0_fifo,94016820,128,0
3818094716,obim_128_0_fifo,94516782,128,0
3832052340,obim_128_0_fifo,94380549,128,0
3833148814,obim_128_0_fifo,94269314,128,0
3807148568,obim_128_0_fifo,94030493,128,0
3791956800,obim_128_2_fifo,95465197,128,0
3806749802,obim_128_2_fifo,95620027,128,0
3829276346,obim_128_2_fifo,95826669,128,0
3796860558,obim_128_2_fifo,95606684,128,0
3808605010,obim_128_2_fifo,95693942,128,0
4085985780,obim_128_4_fifo,103216946,128,0
4126786592,obim_128_4_fifo,103956909,128,0
4075313348,obim_128_4_fifo,103064337,128,0
4088534002,obim_128_4_fifo,102903241,128,0
4094479220,obim_128_4_fifo,103248569,128,0
6414450626,obim_128_8_fifo,146350976,128,0
6198365460,obim_128_8_fifo,143492011,128,0
6412458208,obim_128_8_fifo,146605575,128,0
6421223176,obim_128_8_fifo,147587821,128,0
6256133510,obim_128_8_fifo,142972156,128,0
6723156978,obim_128_10_fifo,151807934,128,0
6457805694,obim_128_10_fifo,147930543,128,0
6755140628,obim_128_10_fifo,152388180,128,0
6587318702,obim_128_10_fifo,148435316,128,0
6681088214,obim_128_10_fifo,152195459,128,0
3704768762,obim_256_0_fifo,91362337,128,0
3738489834,obim_256_0_fifo,91925547,128,0
3781663766,obim_256_0_fifo,92725351,128,0
3729703726,obim_256_0_fifo,91664686,128,0
3773701426,obim_256_0_fifo,92873231,128,0
3826408840,obim_256_2_fifo,96068993,128,0
3832078380,obim_256_2_fifo,96378831,128,0
3813049832,obim_256_2_fifo,96025167,128,0
3815506436,obim_256_2_fifo,96116857,128,0
3822478284,obim_256_2_fifo,96304962,128,0
4121281454,obim_256_4_fifo,103536959,128,0
4132780396,obim_256_4_fifo,103857277,128,0
4096018644,obim_256_4_fifo,103126722,128,0
4165449240,obim_256_4_fifo,104520781,128,0
4123702744,obim_256_4_fifo,103600787,128,0
6488387034,obim_256_8_fifo,149113733,128,0
6451680432,obim_256_8_fifo,145613892,128,0
6319845666,obim_256_8_fifo,144825286,128,0
6281355684,obim_256_8_fifo,144306117,128,0
6293784716,obim_256_8_fifo,143775913,128,0
6538184178,obim_256_10_fifo,148148179,128,0
6531590920,obim_256_10_fifo,149713526,128,0
6564289518,obim_256_10_fifo,147845147,128,0
6659018502,obim_256_10_fifo,151480884,128,0
6519723776,obim_256_10_fifo,150276181,128,0
3698834590,obim_512_0_fifo,89743685,128,0
3684498298,obim_512_0_fifo,89552102,128,0
3672854446,obim_512_0_fifo,89454056,128,0
3674819284,obim_512_0_fifo,89446972,128,0
3687770000,obim_512_0_fifo,89642020,128,0
3795519366,obim_512_2_fifo,95581781,128,0
3815435516,obim_512_2_fifo,96097813,128,0
3850965376,obim_512_2_fifo,96301854,128,0
3881257968,obim_512_2_fifo,96753768,128,0
3830214176,obim_512_2_fifo,96350782,128,0
4130674662,obim_512_4_fifo,103900979,128,0
4140930786,obim_512_4_fifo,104097185,128,0
4119845352,obim_512_4_fifo,103543610,128,0
4136108412,obim_512_4_fifo,104086101,128,0
4123833624,obim_512_4_fifo,103823281,128,0
6336245508,obim_512_8_fifo,145374360,128,0
6370251510,obim_512_8_fifo,145379487,128,0
6459459524,obim_512_8_fifo,145007247,128,0
6437428758,obim_512_8_fifo,145984761,128,0
6288450330,obim_512_8_fifo,144713581,128,0
6573094662,obim_512_10_fifo,149372931,128,0
6741646130,obim_512_10_fifo,153960468,128,0
6713743836,obim_512_10_fifo,151527418,128,0
6565219406,obim_512_10_fifo,149576615,128,0
6845664924,obim_512_10_fifo,152875205,128,0
