575346052,kLSM_256,28618162,128
556737152,kLSM_256,28627771,128
574515858,kLSM_256,29036425,128
565050624,kLSM_256,28478978,128
876624048,kLSM_512,43703342,128
917940636,kLSM_512,45598491,128
613235150,kLSM_512,42691504,128
868117946,kLSM_1024,70827211,128
1262880530,kLSM_1024,69298604,128
791817632,kLSM_1024,64515740,128
1042788188,kLSM_2048,91526061,128
1837364620,kLSM_2048,103808749,128
1597966442,kLSM_2048,93646390,128
2088556518,kLSM_4096,119922044,128
1302427172,kLSM_4096,114940394,128
1321986176,kLSM_4096,119433427,128
1310782090,kLSM_16384,119869322,128
2023061282,kLSM_16384,119455750,128
1899128004,kLSM_16384,110853734,128
2102014420,kLSM_4194304,121517973,128
1151020898,kLSM_4194304,105738019,128
1293647784,kLSM_4194304,119274567,128
3667469362,kLSM_32,11178036,128
3551629788,kLSM_32,11118491,128
3552709712,kLSM_32,11113388,128
1507796072,kLSM_64,13316479,128
1243156070,kLSM_64,13151859,128
1322582460,kLSM_64,13243203,128
751968326,kLSM_128,19214112,128
687971942,kLSM_128,19091344,128
681537858,kLSM_128,19008355,128
