1967826522,kLSM_256,82310437,128
1576170002,kLSM_256,81410474,128
1967583182,kLSM_256,81779923,128
2335772310,kLSM_1024,194642003,128
2282501274,kLSM_1024,190246195,128
2368883652,kLSM_1024,197892860,128
3625062362,kLSM_2048,325300369,128
3718148952,kLSM_2048,334053972,128
3646197644,kLSM_2048,327798975,128
5207959558,kLSM_4096,466697023,128
5261025132,kLSM_4096,472132627,128
5425025110,kLSM_4096,487768498,128
5708056842,kLSM_16384,524144930,128
5889864922,kLSM_16384,539319980,128
6216680996,kLSM_16384,569350908,128
5996981706,kLSM_4194304,547502181,128
6126188272,kLSM_4194304,557430425,128
6124341826,kLSM_4194304,561810577,128
33997063606,kLSM_32,40802198,128
31787901164,kLSM_32,40726776,128
31126670282,kLSM_32,40744104,128
9524389260,kLSM_64,43406660,128
9545116380,kLSM_64,43259297,128
9573568454,kLSM_64,43486982,128
2438100990,kLSM_128,53743162,128
2717628954,kLSM_128,54844995,128
2408169808,kLSM_128,53953689,128
