895314130,kLSM_256,42476492,128
900993184,kLSM_256,42607949,128
899616154,kLSM_256,42789819,128
1186587326,kLSM_256,43338367,128
891047876,kLSM_256,42493548,128
895745496,kLSM_256,42699155,128
839511606,kLSM_512,70520812,128
1385379180,kLSM_512,71781606,128
861324636,kLSM_512,72218582,128
1164075630,kLSM_1024,119669622,128
2119244364,kLSM_1024,123747096,128
1180454010,kLSM_1024,120458485,128
3544829380,kLSM_2048,210770905,128
1932069354,kLSM_2048,215562490,128
3329361658,kLSM_2048,200634925,128
2820979952,kLSM_4096,313676100,128
3211991286,kLSM_4096,354646018,128
2708051022,kLSM_4096,298703184,128
3758645336,kLSM_16384,427781543,128
3796137570,kLSM_16384,434412198,128
3727545904,kLSM_16384,423172493,128
3968141524,kLSM_4194304,446987297,128
3934629342,kLSM_4194304,444475864,128
3996111456,kLSM_4194304,453242136,128
71991691148,kLSM_32,24185571,128
71848682614,kLSM_32,24168998,128
71673680808,kLSM_32,24142967,128
18750900306,kLSM_64,25077221,128
18713716834,kLSM_64,25125263,128
18607521726,kLSM_64,25039607,128
4774495242,kLSM_128,29361524,128
4787191280,kLSM_128,29280886,128
4755526444,kLSM_128,29318566,128
