1366776960,kLSM_256,83059709,128,14
1330105678,kLSM_256,81353524,128,14
1336084584,kLSM_256,81965257,128,14
1382195548,kLSM_512,125086165,128,14
1397806970,kLSM_512,126361495,128,14
1382161304,kLSM_512,125626930,128,14
1919767024,kLSM_1024,206901559,128,14
1832706348,kLSM_1024,198369997,128,14
1815064786,kLSM_1024,192519294,128,14
2813706158,kLSM_2048,332903472,128,14
2934830134,kLSM_2048,345513750,128,14
2660703124,kLSM_2048,311734419,128,14
3796302156,kLSM_4096,448900002,128,14
3689069302,kLSM_4096,437073871,128,14
3996198546,kLSM_4096,472935867,128,14
4182953180,kLSM_16384,508330947,128,14
4213990574,kLSM_16384,509485588,128,14
4146503218,kLSM_16384,501646501,128,14
4601589558,kLSM_4194304,548444302,128,14
4525590016,kLSM_4194304,538883930,128,14
4392016402,kLSM_4194304,524191098,128,14
24374465906,kLSM_32,38480562,128,14
24164234190,kLSM_32,38488913,128,14
24214141056,kLSM_32,38500254,128,14
6385193752,kLSM_64,42007154,128,14
6423020214,kLSM_64,42137918,128,14
6432018802,kLSM_64,42085664,128,14
1967389876,kLSM_128,54139255,128,14
1972344602,kLSM_128,53947547,128,14
1988921320,kLSM_128,54227760,128,14
