507528500,kLSM_256,30633621,128,14
511346518,kLSM_256,30749732,128,14
503008740,kLSM_256,30630315,128,14
548912878,kLSM_512,48663994,128,14
531857622,kLSM_512,46021166,128,14
518133022,kLSM_512,45706929,128,14
669553022,kLSM_1024,70083421,128,14
682629384,kLSM_1024,70969512,128,14
718341736,kLSM_1024,75664589,128,14
891241956,kLSM_2048,99589544,128,14
829475656,kLSM_2048,94524633,128,14
924833870,kLSM_2048,103157423,128,14
1196781106,kLSM_4096,138273953,128,14
1103833782,kLSM_4096,124223588,128,14
1069193102,kLSM_4096,127128633,128,14
1054574340,kLSM_16384,126266700,128,14
999744762,kLSM_16384,118539213,128,14
983653676,kLSM_16384,116798502,128,14
1098683306,kLSM_4194304,130643434,128,14
1028954068,kLSM_4194304,122147350,128,14
962727804,kLSM_4194304,113811557,128,14
2682786392,kLSM_32,10496536,128,14
2696274232,kLSM_32,10519570,128,14
2690906504,kLSM_32,10508989,128,14
1109512864,kLSM_64,13527921,128,14
1101607390,kLSM_64,13555622,128,14
1109679988,kLSM_64,13448049,128,14
609352698,kLSM_128,19835685,128,14
608158070,kLSM_128,19544526,128,14
629787400,kLSM_128,19895546,128,14
