68885540,70330180,316882800,67274900,167253720,1482175300,mqplnuma_4_512_256_128,6399822,2
1488643520,mqplnuma_4_512_256_128,6402874,2
1516459700,mqplnuma_4_512_256_128,6401299,2
1468439780,mqplnuma_4_512_256_128,6388646,2
1501372440,mqplnuma_4_512_256_128,6407206,2
729609000,mqplnuma_4_512_256_128,6486619,4
711644080,mqplnuma_4_512_256_128,6490600,4
794508920,mqplnuma_4_512_256_128,6488333,4
793517300,mqplnuma_4_512_256_128,6484819,4
619056420,mqplnuma_4_512_256_128,6482366,4
646183220,mqplnuma_4_512_256_128,6594858,8
646879120,mqplnuma_4_512_256_128,6566579,8
624017680,mqplnuma_4_512_256_128,6590813,8
643981960,mqplnuma_4_512_256_128,6596950,8
649222760,mqplnuma_4_512_256_128,6583271,8
388555660,mqplnuma_4_512_256_128,6650556,16
374123080,mqplnuma_4_512_256_128,6656766,16
341964160,mqplnuma_4_512_256_128,6670451,16
373389420,mqplnuma_4_512_256_128,6647125,16
368191480,mqplnuma_4_512_256_128,6642646,16
219198700,mqplnuma_4_512_256_128,6670569,32
221395160,mqplnuma_4_512_256_128,6679969,32
219646420,mqplnuma_4_512_256_128,6691675,32
216301480,mqplnuma_4_512_256_128,6690322,32
215826160,mqplnuma_4_512_256_128,6689247,32
139546920,mqplnuma_4_512_256_128,6726154,64
139474300,mqplnuma_4_512_256_128,6736222,64
139654080,mqplnuma_4_512_256_128,6726253,64
140159760,mqplnuma_4_512_256_128,6743809,64
139152480,mqplnuma_4_512_256_128,6733988,64
92353860,mqplnuma_4_512_256_128,7013955,128
92738420,mqplnuma_4_512_256_128,7066141,128
91010860,mqplnuma_4_512_256_128,7017109,128
90353640,mqplnuma_4_512_256_128,7036528,128
90115060,mqplnuma_4_512_256_128,6968534,128
71810740,mqplnuma_4_512_256_128,7297017,256
96294000,mqplnuma_4_512_256_128,7209592,256
72939600,mqplnuma_4_512_256_128,7258675,256
71928800,mqplnuma_4_512_256_128,7155792,256
105778620,mqplnuma_4_512_256_128,7253045,256
