43491243880,mqplnuma_4_32_128_16,50544742,1
43711370840,mqplnuma_4_32_128_16,50544365,1
43501810460,mqplnuma_4_32_128_16,50545260,1
43680022780,mqplnuma_4_32_128_16,50545015,1
43437617940,mqplnuma_4_32_128_16,50544891,1
22852135180,mqplnuma_4_32_128_16,50546608,2
22900609240,mqplnuma_4_32_128_16,50549330,2
22793071700,mqplnuma_4_32_128_16,50547395,2
22887777960,mqplnuma_4_32_128_16,50547494,2
22920632880,mqplnuma_4_32_128_16,50547653,2
11597817320,mqplnuma_4_32_128_16,50551314,4
11664968960,mqplnuma_4_32_128_16,50552892,4
11623813960,mqplnuma_4_32_128_16,50555509,4
11605163200,mqplnuma_4_32_128_16,50551918,4
11640537460,mqplnuma_4_32_128_16,50554691,4
6876390820,mqplnuma_4_32_128_16,50564168,8
6875630860,mqplnuma_4_32_128_16,50560753,8
6889017280,mqplnuma_4_32_128_16,50563550,8
6872384120,mqplnuma_4_32_128_16,50561670,8
6859536380,mqplnuma_4_32_128_16,50559432,8
3649956160,mqplnuma_4_32_128_16,50575515,16
3660095100,mqplnuma_4_32_128_16,50582701,16
3657743080,mqplnuma_4_32_128_16,50577414,16
3672068340,mqplnuma_4_32_128_16,50574861,16
3656364980,mqplnuma_4_32_128_16,50580220,16
1991667380,mqplnuma_4_32_128_16,50608151,32
1988952280,mqplnuma_4_32_128_16,50618788,32
2000120620,mqplnuma_4_32_128_16,50603802,32
1986686120,mqplnuma_4_32_128_16,50608258,32
1987159840,mqplnuma_4_32_128_16,50613029,32
1249154500,mqplnuma_4_32_128_16,50678413,64
1250893640,mqplnuma_4_32_128_16,50668890,64
1252992360,mqplnuma_4_32_128_16,50679988,64
1246552380,mqplnuma_4_32_128_16,50681886,64
1242463860,mqplnuma_4_32_128_16,50677911,64
1016668420,mqplnuma_4_32_128_16,50883364,128
1011365640,mqplnuma_4_32_128_16,50924563,128
1012495740,mqplnuma_4_32_128_16,51012654,128
998219940,mqplnuma_4_32_128_16,51134152,128
1016142860,mqplnuma_4_32_128_16,50928110,128
869552440,mqplnuma_4_32_128_16,51130957,256
908588760,mqplnuma_4_32_128_16,51231656,256
892290360,mqplnuma_4_32_128_16,51233676,256
896447580,mqplnuma_4_32_128_16,51513058,256
914142440,mqplnuma_4_32_128_16,51189628,256
