36031827760,mqplnuma_4_512_16_4,27750161,1,0
36088950560,mqplnuma_4_512_16_4,27769259,1,0
36264105560,mqplnuma_4_512_16_4,27853489,1,0
36004412580,mqplnuma_4_512_16_4,27776621,1,0
36201826240,mqplnuma_4_512_16_4,27831925,1,0
35875125720,mqplnuma_4_512_16_4,47929460,2,0
35763931380,mqplnuma_4_512_16_4,47929698,2,0
35775115660,mqplnuma_4_512_16_4,47929901,2,0
35712454320,mqplnuma_4_512_16_4,47929879,2,0
35796295320,mqplnuma_4_512_16_4,47929523,2,0
20296465040,mqplnuma_4_512_16_4,47945545,4,0
20323762520,mqplnuma_4_512_16_4,47945385,4,0
20310304800,mqplnuma_4_512_16_4,47945581,4,0
20342674440,mqplnuma_4_512_16_4,47946216,4,0
20256754240,mqplnuma_4_512_16_4,47946413,4,0
13572910660,mqplnuma_4_512_16_4,47953781,8,0
13571521200,mqplnuma_4_512_16_4,47954257,8,0
13587812780,mqplnuma_4_512_16_4,47953810,8,0
13591110520,mqplnuma_4_512_16_4,47953982,8,0
13509354000,mqplnuma_4_512_16_4,47953518,8,0
8581445040,mqplnuma_4_512_16_4,47966103,16,0
8581618240,mqplnuma_4_512_16_4,47960146,16,0
8564610300,mqplnuma_4_512_16_4,47960656,16,0
8581727020,mqplnuma_4_512_16_4,47958951,16,0
8555311880,mqplnuma_4_512_16_4,47961439,16,0
6041294800,mqplnuma_4_512_16_4,47973916,32,0
6042096920,mqplnuma_4_512_16_4,47975423,32,0
6060194740,mqplnuma_4_512_16_4,47975893,32,0
6036952520,mqplnuma_4_512_16_4,47972185,32,0
6062457900,mqplnuma_4_512_16_4,47975290,32,0
5137210340,mqplnuma_4_512_16_4,47990650,64,0
5161144000,mqplnuma_4_512_16_4,47989965,64,0
5112935520,mqplnuma_4_512_16_4,47989074,64,0
5198625640,mqplnuma_4_512_16_4,47991502,64,0
5185105240,mqplnuma_4_512_16_4,47990346,64,0
6485894320,mqplnuma_4_512_16_4,48026022,128,0
6371388780,mqplnuma_4_512_16_4,48024983,128,0
6451306060,mqplnuma_4_512_16_4,48022774,128,0
6525807140,mqplnuma_4_512_16_4,48023159,128,0
6882770700,mqplnuma_4_512_16_4,48022377,128,0
4042931900,mqplnuma_4_512_16_4,48095600,256,0
3990627280,mqplnuma_4_512_16_4,48093388,256,0
3983376220,mqplnuma_4_512_16_4,48090723,256,0
3902707220,mqplnuma_4_512_16_4,48089952,256,0
4070253340,mqplnuma_4_512_16_4,48089084,256,0
