12621895400,mqplnuma_4_1_2_256,25660884,1,10
12626952440,mqplnuma_4_1_2_256,25660542,1,10
12635385620,mqplnuma_4_1_2_256,25660782,1,10
12637812440,mqplnuma_4_1_2_256,25660616,1,10
12611763140,mqplnuma_4_1_2_256,25660858,1,10
8235515080,mqplnuma_4_1_2_256,25666823,2,10
8234424320,mqplnuma_4_1_2_256,25664921,2,10
8178657840,mqplnuma_4_1_2_256,25663834,2,10
8198678840,mqplnuma_4_1_2_256,25665581,2,10
8213882060,mqplnuma_4_1_2_256,25663909,2,10
3934294160,mqplnuma_4_1_2_256,25678975,4,10
3935935900,mqplnuma_4_1_2_256,25677278,4,10
3929767160,mqplnuma_4_1_2_256,25676433,4,10
3925525080,mqplnuma_4_1_2_256,25675752,4,10
3937928520,mqplnuma_4_1_2_256,25680015,4,10
4658386640,mqplnuma_4_1_2_256,25716799,8,10
4552953620,mqplnuma_4_1_2_256,25717708,8,10
4696976100,mqplnuma_4_1_2_256,25718725,8,10
4716329240,mqplnuma_4_1_2_256,25716806,8,10
4640928020,mqplnuma_4_1_2_256,25717474,8,10
2841761240,mqplnuma_4_1_2_256,25891224,16,10
2840714740,mqplnuma_4_1_2_256,25892755,16,10
2822599780,mqplnuma_4_1_2_256,25891287,16,10
2894376280,mqplnuma_4_1_2_256,25888287,16,10
2887007000,mqplnuma_4_1_2_256,25891286,16,10
1626782760,mqplnuma_4_1_2_256,26490401,32,10
1621625220,mqplnuma_4_1_2_256,26497796,32,10
1613632100,mqplnuma_4_1_2_256,26495266,32,10
1612964980,mqplnuma_4_1_2_256,26494370,32,10
1625402060,mqplnuma_4_1_2_256,26499504,32,10
943634080,mqplnuma_4_1_2_256,28276934,64,10
944371040,mqplnuma_4_1_2_256,28303112,64,10
947367880,mqplnuma_4_1_2_256,28289850,64,10
949350740,mqplnuma_4_1_2_256,28275648,64,10
943610980,mqplnuma_4_1_2_256,28288143,64,10
604416380,mqplnuma_4_1_2_256,33440052,128,10
603358580,mqplnuma_4_1_2_256,33386879,128,10
602418760,mqplnuma_4_1_2_256,33375853,128,10
604802720,mqplnuma_4_1_2_256,33375156,128,10
603958640,mqplnuma_4_1_2_256,33398560,128,10
485916780,mqplnuma_4_1_2_256,43151793,256,10
506216320,mqplnuma_4_1_2_256,43326058,256,10
501612140,mqplnuma_4_1_2_256,43147903,256,10
488277720,mqplnuma_4_1_2_256,43193058,256,10
491080920,mqplnuma_4_1_2_256,43436064,256,10
