123830926880,mqplnuma_4_1024_1024_32,75827065,1,10
123770264260,mqplnuma_4_1024_1024_32,75862336,1,10
123902107200,mqplnuma_4_1024_1024_32,75836925,1,10
124010669880,mqplnuma_4_1024_1024_32,75848329,1,10
123661100920,mqplnuma_4_1024_1024_32,75839159,1,10
61660090460,mqplnuma_4_1024_1024_32,75995805,2,10
61882837360,mqplnuma_4_1024_1024_32,76075524,2,10
61805179920,mqplnuma_4_1024_1024_32,76009261,2,10
61724374300,mqplnuma_4_1024_1024_32,76009595,2,10
61757577640,mqplnuma_4_1024_1024_32,76058568,2,10
31268158300,mqplnuma_4_1024_1024_32,76357396,4,10
31253480620,mqplnuma_4_1024_1024_32,76271224,4,10
31233423480,mqplnuma_4_1024_1024_32,76261535,4,10
31286467940,mqplnuma_4_1024_1024_32,76207518,4,10
31229003520,mqplnuma_4_1024_1024_32,76347179,4,10
16885330540,mqplnuma_4_1024_1024_32,77161286,8,10
16866349220,mqplnuma_4_1024_1024_32,76846574,8,10
16792708800,mqplnuma_4_1024_1024_32,76781116,8,10
16847083960,mqplnuma_4_1024_1024_32,77390327,8,10
16829214680,mqplnuma_4_1024_1024_32,77020870,8,10
8669341840,mqplnuma_4_1024_1024_32,77781658,16,10
8671780980,mqplnuma_4_1024_1024_32,78010246,16,10
8663370000,mqplnuma_4_1024_1024_32,78032471,16,10
8657535020,mqplnuma_4_1024_1024_32,77908227,16,10
8657319780,mqplnuma_4_1024_1024_32,77906917,16,10
4554501400,mqplnuma_4_1024_1024_32,79910350,32,10
4544577300,mqplnuma_4_1024_1024_32,80215654,32,10
4562854920,mqplnuma_4_1024_1024_32,80050465,32,10
4535255000,mqplnuma_4_1024_1024_32,79425028,32,10
4550755000,mqplnuma_4_1024_1024_32,79714426,32,10
2706630220,mqplnuma_4_1024_1024_32,83732447,64,10
2698088360,mqplnuma_4_1024_1024_32,83302823,64,10
2742099300,mqplnuma_4_1024_1024_32,84484897,64,10
2739038020,mqplnuma_4_1024_1024_32,85042102,64,10
2714372540,mqplnuma_4_1024_1024_32,83752042,64,10
2068161520,mqplnuma_4_1024_1024_32,93639618,128,10
2148395920,mqplnuma_4_1024_1024_32,95128396,128,10
1985044920,mqplnuma_4_1024_1024_32,92991099,128,10
2139232200,mqplnuma_4_1024_1024_32,94851871,128,10
2018394340,mqplnuma_4_1024_1024_32,92129295,128,10
2275161520,mqplnuma_4_1024_1024_32,103970818,256,10
2647387340,mqplnuma_4_1024_1024_32,108350963,256,10
2378122260,mqplnuma_4_1024_1024_32,108578566,256,10
2419380440,mqplnuma_4_1024_1024_32,108591494,256,10
2490686640,mqplnuma_4_1024_1024_32,106495677,256,10
