3206152960,mqplnuma_4_1_2_256,6716190,1,10
3193382580,mqplnuma_4_1_2_256,6716279,1,10
3250872240,mqplnuma_4_1_2_256,6716319,1,10
3193651300,mqplnuma_4_1_2_256,6716143,1,10
3198962380,mqplnuma_4_1_2_256,6716283,1,10
2045473700,mqplnuma_4_1_2_256,6720576,2,10
2023177340,mqplnuma_4_1_2_256,6719216,2,10
2012065140,mqplnuma_4_1_2_256,6722416,2,10
2079239480,mqplnuma_4_1_2_256,6721313,2,10
2061171260,mqplnuma_4_1_2_256,6718309,2,10
1003160480,mqplnuma_4_1_2_256,6726072,4,10
998466420,mqplnuma_4_1_2_256,6726269,4,10
997603500,mqplnuma_4_1_2_256,6726033,4,10
995059280,mqplnuma_4_1_2_256,6726208,4,10
996119860,mqplnuma_4_1_2_256,6725896,4,10
1216275260,mqplnuma_4_1_2_256,6758111,8,10
1176837480,mqplnuma_4_1_2_256,6756952,8,10
1197576700,mqplnuma_4_1_2_256,6758225,8,10
1210128700,mqplnuma_4_1_2_256,6756757,8,10
1188128140,mqplnuma_4_1_2_256,6757052,8,10
747931820,mqplnuma_4_1_2_256,6877296,16,10
753087320,mqplnuma_4_1_2_256,6875976,16,10
736175500,mqplnuma_4_1_2_256,6878920,16,10
745471680,mqplnuma_4_1_2_256,6875042,16,10
740081060,mqplnuma_4_1_2_256,6876622,16,10
439818720,mqplnuma_4_1_2_256,7275378,32,10
443823960,mqplnuma_4_1_2_256,7269865,32,10
439141680,mqplnuma_4_1_2_256,7272597,32,10
441525720,mqplnuma_4_1_2_256,7275730,32,10
442451620,mqplnuma_4_1_2_256,7279243,32,10
279338380,mqplnuma_4_1_2_256,8336198,64,10
279270680,mqplnuma_4_1_2_256,8341460,64,10
280259300,mqplnuma_4_1_2_256,8343509,64,10
280786740,mqplnuma_4_1_2_256,8353626,64,10
279546380,mqplnuma_4_1_2_256,8315053,64,10
201554640,mqplnuma_4_1_2_256,11003420,128,10
200396460,mqplnuma_4_1_2_256,10962897,128,10
201458780,mqplnuma_4_1_2_256,10991503,128,10
199967520,mqplnuma_4_1_2_256,10904465,128,10
201762840,mqplnuma_4_1_2_256,10983628,128,10
180903060,mqplnuma_4_1_2_256,15164522,256,10
181962480,mqplnuma_4_1_2_256,15173484,256,10
186306080,mqplnuma_4_1_2_256,15170889,256,10
183848660,mqplnuma_4_1_2_256,15159892,256,10
178402500,mqplnuma_4_1_2_256,15208721,256,10
