139710560,smqhm_1_1,10976619,256
138684560,smqhm_1_1,10803492,256
138909020,smqhm_1_1,10844493,256
139160000,smqhm_1_1,11000560,256
159799720,smqhm_1_1,10881048,256
143704640,smqhm_1_1,10963904,256
136914060,smqhm_1_2,11383050,256
136834800,smqhm_1_2,11274610,256
141864740,smqhm_1_2,11364424,256
135857520,smqhm_1_2,11292997,256
138396280,smqhm_1_2,11348935,256
137078200,smqhm_1_2,11373208,256
153225840,smqhm_1_4,12848680,256
167090020,smqhm_1_4,12958910,256
160194600,smqhm_1_4,12968036,256
194478220,smqhm_1_4,12908114,256
155972120,smqhm_1_4,12903229,256
156274340,smqhm_1_4,12881808,256
192110680,smqhm_1_8,16061356,256
237392600,smqhm_1_8,15972190,256
193350420,smqhm_1_8,16244630,256
207153120,smqhm_1_8,16236777,256
191308980,smqhm_1_8,16242252,256
219484200,smqhm_1_8,16079272,256
292904560,smqhm_1_16,20545120,256
294437540,smqhm_1_16,20736062,256
277272440,smqhm_1_16,21094460,256
302719860,smqhm_1_16,20811375,256
275857640,smqhm_1_16,20526501,256
289912660,smqhm_1_16,21002857,256
444855880,smqhm_1_32,26122821,256
446335500,smqhm_1_32,26287819,256
435203140,smqhm_1_32,25647127,256
452268320,smqhm_1_32,25625618,256
438662020,smqhm_1_32,25517523,256
440654000,smqhm_1_32,25179419,256
615270680,smqhm_1_64,28049754,256
614528920,smqhm_1_64,30031142,256
606165820,smqhm_1_64,29661044,256
603567780,smqhm_1_64,29154031,256
599200240,smqhm_1_64,28643714,256
620118460,smqhm_1_64,31020454,256
973543980,smqhm_1_128,29387031,256
1038547500,smqhm_1_128,29615992,256
972440000,smqhm_1_128,28482355,256
986721860,smqhm_1_128,27928314,256
962089180,smqhm_1_128,28771890,256
959159380,smqhm_1_128,28367666,256
1445270100,smqhm_1_256,27866881,256
1454663260,smqhm_1_256,27945876,256
1440650580,smqhm_1_256,27390280,256
1499775240,smqhm_1_256,30008382,256
1500835100,smqhm_1_256,28295653,256
1460466820,smqhm_1_256,27698209,256
2564539920,smqhm_1_512,28929409,256
2550170040,smqhm_1_512,27551877,256
2560225980,smqhm_1_512,28189856,256
2515996980,smqhm_1_512,27576551,256
2528068580,smqhm_1_512,27541842,256
2535555340,smqhm_1_512,27763896,256
4697516480,smqhm_1_1024,28702230,256
4698859480,smqhm_1_1024,28234194,256
4727776760,smqhm_1_1024,29002153,256
4658650640,smqhm_1_1024,27241424,256
4638529280,smqhm_1_1024,27139417,256
4684985180,smqhm_1_1024,27555557,256
119476180,smqhm_2_1,11801091,256
124895320,smqhm_2_1,11846966,256
122502860,smqhm_2_1,11916228,256
121711620,smqhm_2_1,11960902,256
128109200,smqhm_2_1,11850786,256
123012920,smqhm_2_1,11970359,256
127575500,smqhm_2_2,12339498,256
125483940,smqhm_2_2,12188828,256
127848540,smqhm_2_2,12220423,256
128438680,smqhm_2_2,12304022,256
128410900,smqhm_2_2,12287553,256
127921580,smqhm_2_2,12277860,256
141804640,smqhm_2_4,13487017,256
142072240,smqhm_2_4,13374977,256
143750980,smqhm_2_4,13480854,256
141864760,smqhm_2_4,13499474,256
143830020,smqhm_2_4,13581609,256
143614880,smqhm_2_4,13511700,256
170675680,smqhm_2_8,15704592,256
171103080,smqhm_2_8,15962049,256
165253560,smqhm_2_8,15688467,256
166388080,smqhm_2_8,15764523,256
174525940,smqhm_2_8,15640143,256
188240260,smqhm_2_8,15808169,256
228082860,smqhm_2_16,18915492,256
230522500,smqhm_2_16,18924812,256
235567100,smqhm_2_16,19194052,256
237409580,smqhm_2_16,19614650,256
226254500,smqhm_2_16,18940210,256
225388420,smqhm_2_16,19050673,256
394647580,smqhm_2_32,21441353,256
369017400,smqhm_2_32,21493918,256
344860120,smqhm_2_32,21728430,256
340502460,smqhm_2_32,21429355,256
337721040,smqhm_2_32,21557832,256
351183500,smqhm_2_32,21357559,256
464391160,smqhm_2_64,22708953,256
475765820,smqhm_2_64,22923553,256
475898480,smqhm_2_64,22919432,256
482570320,smqhm_2_64,23088787,256
466312220,smqhm_2_64,22679777,256
484554760,smqhm_2_64,23012400,256
768257600,smqhm_2_128,21991458,256
784977720,smqhm_2_128,22804989,256
770477040,smqhm_2_128,22032721,256
768049640,smqhm_2_128,21802051,256
765614000,smqhm_2_128,21849366,256
781085320,smqhm_2_128,22082286,256
1183223960,smqhm_2_256,21877982,256
1201032860,smqhm_2_256,22628742,256
1212698220,smqhm_2_256,23238789,256
1200197180,smqhm_2_256,22583812,256
1211409700,smqhm_2_256,22524929,256
1190215000,smqhm_2_256,21538804,256
2043718880,smqhm_2_512,21770107,256
2059298440,smqhm_2_512,22315512,256
2097576700,smqhm_2_512,23443580,256
2054950000,smqhm_2_512,22317294,256
2062310020,smqhm_2_512,22295745,256
2091571900,smqhm_2_512,23076386,256
3874202980,smqhm_2_1024,22771911,256
3826506720,smqhm_2_1024,22308133,256
3845754340,smqhm_2_1024,23087634,256
3801062100,smqhm_2_1024,22470614,256
3807793920,smqhm_2_1024,22550800,256
3801708400,smqhm_2_1024,22434546,256
119592000,smqhm_4_1,13925029,256
118763240,smqhm_4_1,13912630,256
120132140,smqhm_4_1,14092803,256
121115440,smqhm_4_1,14029052,256
122061080,smqhm_4_1,14028955,256
117569460,smqhm_4_1,14012166,256
122390460,smqhm_4_2,13747454,256
125371800,smqhm_4_2,13851322,256
124253600,smqhm_4_2,13793630,256
125258640,smqhm_4_2,13909096,256
122037220,smqhm_4_2,13803848,256
123276200,smqhm_4_2,13901153,256
136452140,smqhm_4_4,14842843,256
136301260,smqhm_4_4,14748685,256
135861080,smqhm_4_4,14759476,256
137188620,smqhm_4_4,14628759,256
136629720,smqhm_4_4,14738721,256
137043900,smqhm_4_4,14762863,256
155327080,smqhm_4_8,16803301,256
157129780,smqhm_4_8,16757025,256
156865140,smqhm_4_8,16665714,256
156643740,smqhm_4_8,16597766,256
153626800,smqhm_4_8,16625764,256
154177920,smqhm_4_8,16543761,256
200772260,smqhm_4_16,19296682,256
198698720,smqhm_4_16,19076330,256
206210880,smqhm_4_16,19385306,256
199240620,smqhm_4_16,19206224,256
209195060,smqhm_4_16,19102777,256
197550300,smqhm_4_16,18940263,256
304388740,smqhm_4_32,20814596,256
276749660,smqhm_4_32,20825307,256
281414980,smqhm_4_32,21296517,256
285149880,smqhm_4_32,20842064,256
285788460,smqhm_4_32,20939445,256
287941540,smqhm_4_32,20886794,256
391042000,smqhm_4_64,21987438,256
392440320,smqhm_4_64,22055911,256
400977660,smqhm_4_64,21964759,256
393691540,smqhm_4_64,21878753,256
389009840,smqhm_4_64,21672921,256
380844240,smqhm_4_64,21472405,256
658665780,smqhm_4_128,21695142,256
678194320,smqhm_4_128,22084674,256
656780640,smqhm_4_128,21608216,256
661816660,smqhm_4_128,22109727,256
659230620,smqhm_4_128,21955261,256
663573000,smqhm_4_128,22074266,256
1035139160,smqhm_4_256,22391780,256
1025752880,smqhm_4_256,21994143,256
1055631780,smqhm_4_256,22300633,256
1023234940,smqhm_4_256,22391107,256
1027873740,smqhm_4_256,22564442,256
1025431220,smqhm_4_256,22322281,256
1813671500,smqhm_4_512,23588483,256
1766745800,smqhm_4_512,22879133,256
1798436860,smqhm_4_512,23128015,256
1785367700,smqhm_4_512,23302254,256
1810954720,smqhm_4_512,23548718,256
1795124080,smqhm_4_512,23360111,256
3321945280,smqhm_4_1024,23655099,256
3377959920,smqhm_4_1024,24327829,256
3333980780,smqhm_4_1024,23639389,256
3349658640,smqhm_4_1024,24128349,256
3323815600,smqhm_4_1024,23686827,256
3461714300,smqhm_4_1024,25590985,256
130474000,smqhm_8_1,17418272,256
133239020,smqhm_8_1,17841871,256
129677240,smqhm_8_1,17522224,256
129339720,smqhm_8_1,17468887,256
129614940,smqhm_8_1,17630787,256
128420060,smqhm_8_1,17337743,256
126439800,smqhm_8_2,16145193,256
125180720,smqhm_8_2,15822167,256
128123380,smqhm_8_2,15961205,256
126804340,smqhm_8_2,16159186,256
127459460,smqhm_8_2,16161102,256
129422160,smqhm_8_2,16268788,256
137808980,smqhm_8_4,16611238,256
136049260,smqhm_8_4,16557164,256
137325740,smqhm_8_4,16587122,256
139199240,smqhm_8_4,16750855,256
139926900,smqhm_8_4,16727923,256
138309780,smqhm_8_4,16732066,256
153516540,smqhm_8_8,18486159,256
153041740,smqhm_8_8,18494232,256
154851500,smqhm_8_8,18406474,256
154018220,smqhm_8_8,18243837,256
153870720,smqhm_8_8,18315998,256
153315340,smqhm_8_8,18333268,256
195207940,smqhm_8_16,20824308,256
222901660,smqhm_8_16,20771617,256
197892520,smqhm_8_16,21130327,256
195822360,smqhm_8_16,20915194,256
195879900,smqhm_8_16,20877153,256
194271220,smqhm_8_16,20748646,256
254503900,smqhm_8_32,22511518,256
262281020,smqhm_8_32,22651310,256
257531200,smqhm_8_32,22616366,256
253069580,smqhm_8_32,22572431,256
250591540,smqhm_8_32,22349310,256
256993380,smqhm_8_32,22969019,256
341255420,smqhm_8_64,23541144,256
344167960,smqhm_8_64,23953150,256
350932640,smqhm_8_64,23943894,256
347129980,smqhm_8_64,23858064,256
349712320,smqhm_8_64,23938822,256
346077440,smqhm_8_64,23971957,256
572784880,smqhm_8_128,24224847,256
590437300,smqhm_8_128,24656413,256
587893600,smqhm_8_128,24752299,256
588529700,smqhm_8_128,24419557,256
597362660,smqhm_8_128,24568901,256
586659900,smqhm_8_128,24457923,256
923233840,smqhm_8_256,25674658,256
976641560,smqhm_8_256,25695505,256
938816460,smqhm_8_256,25933910,256
930111120,smqhm_8_256,25886135,256
942741540,smqhm_8_256,25828713,256
929784580,smqhm_8_256,25655279,256
1665583880,smqhm_8_512,28003864,256
1676078900,smqhm_8_512,28169545,256
1687510620,smqhm_8_512,28350830,256
1700023320,smqhm_8_512,28686835,256
1720338060,smqhm_8_512,29302437,256
1682150140,smqhm_8_512,28187763,256
3144250140,smqhm_8_1024,30190274,256
3181121420,smqhm_8_1024,30787367,256
3183475260,smqhm_8_1024,30736255,256
3199877180,smqhm_8_1024,30505066,256
3181870300,smqhm_8_1024,30380176,256
3161302800,smqhm_8_1024,30402905,256
150657320,smqhm_16_1,23131933,256
148722560,smqhm_16_1,22880190,256
151997960,smqhm_16_1,23412801,256
169195360,smqhm_16_1,23230933,256
150263260,smqhm_16_1,23177637,256
148133460,smqhm_16_1,23040442,256
138991440,smqhm_16_2,19575612,256
140971520,smqhm_16_2,19806219,256
140201680,smqhm_16_2,19781042,256
140711040,smqhm_16_2,19902855,256
140469540,smqhm_16_2,19698874,256
146583400,smqhm_16_2,19729883,256
146413380,smqhm_16_4,19381754,256
144690100,smqhm_16_4,19360222,256
144894980,smqhm_16_4,19326268,256
144159200,smqhm_16_4,19243209,256
145859720,smqhm_16_4,19443723,256
144497080,smqhm_16_4,19136615,256
157848900,smqhm_16_8,20601758,256
158115660,smqhm_16_8,21054478,256
157009480,smqhm_16_8,20836424,256
157083720,smqhm_16_8,20552287,256
156749920,smqhm_16_8,20684354,256
155478920,smqhm_16_8,20537077,256
199797320,smqhm_16_16,23447292,256
200348480,smqhm_16_16,23533812,256
201314280,smqhm_16_16,23453812,256
196982200,smqhm_16_16,23042429,256
199720480,smqhm_16_16,23385238,256
200880300,smqhm_16_16,23393872,256
255281480,smqhm_16_32,25352534,256
255649080,smqhm_16_32,25665455,256
257344980,smqhm_16_32,25613547,256
256212420,smqhm_16_32,25546804,256
261078100,smqhm_16_32,25583592,256
255092460,smqhm_16_32,25442480,256
331591100,smqhm_16_64,27195866,256
331881080,smqhm_16_64,26954851,256
334989040,smqhm_16_64,27456694,256
334719820,smqhm_16_64,27464475,256
331432180,smqhm_16_64,27086916,256
331458120,smqhm_16_64,27478014,256
515903460,smqhm_16_128,28486204,256
524356480,smqhm_16_128,28409280,256
519649620,smqhm_16_128,28639100,256
506928660,smqhm_16_128,27820346,256
532385420,smqhm_16_128,28168878,256
514513260,smqhm_16_128,27992851,256
836260720,smqhm_16_256,30305291,256
832646020,smqhm_16_256,29929837,256
833972280,smqhm_16_256,30192522,256
822975460,smqhm_16_256,29746505,256
836117000,smqhm_16_256,30270306,256
840151400,smqhm_16_256,30481418,256
1472258520,smqhm_16_512,33150950,256
1474387400,smqhm_16_512,33146378,256
1489793420,smqhm_16_512,33232431,256
1498446560,smqhm_16_512,33697961,256
1470570500,smqhm_16_512,32949204,256
1462145180,smqhm_16_512,32887755,256
2744484140,smqhm_16_1024,35709929,256
2742516560,smqhm_16_1024,35468358,256
2800525340,smqhm_16_1024,36273274,256
2760836420,smqhm_16_1024,35886552,256
2736698100,smqhm_16_1024,35586989,256
2758507080,smqhm_16_1024,36062354,256
190683740,smqhm_32_1,32141275,256
250479560,smqhm_32_1,31048350,256
180273400,smqhm_32_1,30792164,256
182182740,smqhm_32_1,31067851,256
180885180,smqhm_32_1,30986862,256
181633740,smqhm_32_1,31091561,256
158404180,smqhm_32_2,24807393,256
161595780,smqhm_32_2,25093503,256
161084660,smqhm_32_2,24832788,256
161502560,smqhm_32_2,24808520,256
159732840,smqhm_32_2,25065940,256
162655620,smqhm_32_2,25591808,256
156017540,smqhm_32_4,22789473,256
158058040,smqhm_32_4,22877643,256
158185020,smqhm_32_4,22703008,256
159972300,smqhm_32_4,23103237,256
154775100,smqhm_32_4,22566002,256
157528920,smqhm_32_4,22729537,256
165437640,smqhm_32_8,23524217,256
166165900,smqhm_32_8,23573423,256
170008480,smqhm_32_8,24188461,256
166041020,smqhm_32_8,23584962,256
168004240,smqhm_32_8,23826992,256
166395860,smqhm_32_8,23764428,256
210929680,smqhm_32_16,26187670,256
213853880,smqhm_32_16,26489567,256
215522540,smqhm_32_16,26794867,256
215649040,smqhm_32_16,26606462,256
212101580,smqhm_32_16,26139144,256
211419640,smqhm_32_16,26232262,256
278710540,smqhm_32_32,29988457,256
277908100,smqhm_32_32,29557130,256
278401580,smqhm_32_32,29835840,256
274880620,smqhm_32_32,29402512,256
277484160,smqhm_32_32,29810310,256
274356480,smqhm_32_32,29515941,256
344525420,smqhm_32_64,31452241,256
341024920,smqhm_32_64,31503061,256
343470560,smqhm_32_64,31053361,256
342860340,smqhm_32_64,31425266,256
385764020,smqhm_32_64,32134533,256
351307880,smqhm_32_64,32105965,256
499913740,smqhm_32_128,33564024,256
492811920,smqhm_32_128,33108530,256
496923420,smqhm_32_128,33280454,256
491116960,smqhm_32_128,33000828,256
503631600,smqhm_32_128,33614096,256
491094100,smqhm_32_128,32918539,256
812503760,smqhm_32_256,35523286,256
806844240,smqhm_32_256,35510120,256
780950300,smqhm_32_256,34080572,256
798319140,smqhm_32_256,34926859,256
807557840,smqhm_32_256,35537044,256
815247620,smqhm_32_256,35795493,256
1768359240,smqhm_32_512,46212510,256
1759293580,smqhm_32_512,45866327,256
1784645940,smqhm_32_512,46308496,256
1697790600,smqhm_32_512,44277927,256
1719147320,smqhm_32_512,44671324,256
1695157260,smqhm_32_512,44353574,256
3858893000,smqhm_32_1024,53816380,256
3800728600,smqhm_32_1024,53432981,256
3846217460,smqhm_32_1024,53863168,256
3831914320,smqhm_32_1024,53176356,256
3845429840,smqhm_32_1024,53679522,256
3725766800,smqhm_32_1024,52027873,256
229325520,smqhm_64_1,41049977,256
218371260,smqhm_64_1,41592170,256
216778080,smqhm_64_1,40900742,256
228562980,smqhm_64_1,43157685,256
215996760,smqhm_64_1,40709269,256
220520940,smqhm_64_1,41187304,256
190431480,smqhm_64_2,32349618,256
192310780,smqhm_64_2,32396115,256
192495180,smqhm_64_2,32668198,256
195237660,smqhm_64_2,33642461,256
194475320,smqhm_64_2,33097204,256
191556300,smqhm_64_2,32773435,256
180335160,smqhm_64_4,28365166,256
177309620,smqhm_64_4,27801319,256
180201600,smqhm_64_4,28427175,256
183277100,smqhm_64_4,28245295,256
177237440,smqhm_64_4,27775136,256
180504020,smqhm_64_4,28057560,256
182432180,smqhm_64_8,27638967,256
179153880,smqhm_64_8,26986377,256
182135160,smqhm_64_8,27681654,256
183118140,smqhm_64_8,28061141,256
178880820,smqhm_64_8,27194244,256
184295160,smqhm_64_8,27537170,256
226495060,smqhm_64_16,29888474,256
232325760,smqhm_64_16,30855391,256
227649540,smqhm_64_16,29988324,256
232804940,smqhm_64_16,30155327,256
229559180,smqhm_64_16,29544373,256
226055560,smqhm_64_16,29867226,256
302242240,smqhm_64_32,34631723,256
305005640,smqhm_64_32,35008964,256
300310280,smqhm_64_32,34191658,256
295406580,smqhm_64_32,33800461,256
303427800,smqhm_64_32,34648146,256
297540320,smqhm_64_32,34166920,256
376959640,smqhm_64_64,36647611,256
381723820,smqhm_64_64,37513411,256
388772700,smqhm_64_64,37919532,256
381298360,smqhm_64_64,37128150,256
376530900,smqhm_64_64,36768252,256
381983480,smqhm_64_64,37358163,256
559154620,smqhm_64_128,40838439,256
559377040,smqhm_64_128,40938320,256
551918380,smqhm_64_128,40306513,256
541293840,smqhm_64_128,39533385,256
549626420,smqhm_64_128,40276442,256
537623760,smqhm_64_128,39442980,256
947506540,smqhm_64_256,45082575,256
924605940,smqhm_64_256,43816185,256
946504440,smqhm_64_256,45286439,256
941229020,smqhm_64_256,44154140,256
984111160,smqhm_64_256,46802483,256
946680140,smqhm_64_256,44745981,256
2265037360,smqhm_64_512,61436535,256
2263008320,smqhm_64_512,61148104,256
2220901680,smqhm_64_512,60552483,256
2297597440,smqhm_64_512,62385450,256
2226586640,smqhm_64_512,60388592,256
2316500640,smqhm_64_512,62677041,256
4794591060,smqhm_64_1024,68159533,256
4921256920,smqhm_64_1024,70308823,256
5055181420,smqhm_64_1024,72275063,256
4809095640,smqhm_64_1024,68581230,256
5061919520,smqhm_64_1024,71379650,256
4765233100,smqhm_64_1024,68215482,256
274048840,smqhm_128_1,55404474,256
286551780,smqhm_128_1,54042631,256
256585580,smqhm_128_1,51958606,256
260399760,smqhm_128_1,52927349,256
254242780,smqhm_128_1,50811022,256
256236700,smqhm_128_1,51844453,256
235992500,smqhm_128_2,43099844,256
232720500,smqhm_128_2,42909897,256
234734940,smqhm_128_2,42712374,256
231454720,smqhm_128_2,42711786,256
236912020,smqhm_128_2,43716278,256
228221960,smqhm_128_2,41842045,256
219340200,smqhm_128_4,36614192,256
208704660,smqhm_128_4,35118182,256
209464720,smqhm_128_4,35191213,256
209516840,smqhm_128_4,35356311,256
209016580,smqhm_128_4,35151644,256
210095920,smqhm_128_4,35737921,256
201404220,smqhm_128_8,32862719,256
202909440,smqhm_128_8,32750625,256
200198140,smqhm_128_8,32577220,256
201280660,smqhm_128_8,32597311,256
204880660,smqhm_128_8,32988801,256
202640860,smqhm_128_8,32574696,256
254641440,smqhm_128_16,35606639,256
247976760,smqhm_128_16,34075683,256
250105860,smqhm_128_16,34595240,256
249467680,smqhm_128_16,34392025,256
254411020,smqhm_128_16,35254455,256
246115340,smqhm_128_16,34198390,256
320614380,smqhm_128_32,38530327,256
324411760,smqhm_128_32,38749481,256
334448480,smqhm_128_32,39908122,256
330205700,smqhm_128_32,39303709,256
322078380,smqhm_128_32,38739289,256
329235040,smqhm_128_32,39103118,256
434772500,smqhm_128_64,44321256,256
417475900,smqhm_128_64,42734759,256
419252540,smqhm_128_64,42342209,256
421059020,smqhm_128_64,42915490,256
422487260,smqhm_128_64,43313063,256
409334200,smqhm_128_64,41996375,256
628274500,smqhm_128_128,48355126,256
642853300,smqhm_128_128,49237770,256
627199440,smqhm_128_128,47834834,256
633387160,smqhm_128_128,48334332,256
616308720,smqhm_128_128,47143941,256
623501240,smqhm_128_128,47910722,256
1144016620,smqhm_128_256,56551973,256
1069752780,smqhm_128_256,52651182,256
1070928920,smqhm_128_256,52646818,256
1104887220,smqhm_128_256,54313446,256
1081869040,smqhm_128_256,53527510,256
1107855280,smqhm_128_256,55030376,256
2723892740,smqhm_128_512,75137097,256
2665783280,smqhm_128_512,73888378,256
2640353480,smqhm_128_512,72550393,256
2691477700,smqhm_128_512,73148588,256
2528947820,smqhm_128_512,68488180,256
2570696260,smqhm_128_512,71258357,256
5488791680,smqhm_128_1024,80029193,256
5476592700,smqhm_128_1024,81160819,256
5741991380,smqhm_128_1024,84564864,256
5618400240,smqhm_128_1024,83602128,256
5554477760,smqhm_128_1024,81788709,256
5422404060,smqhm_128_1024,79948087,256
313548520,smqhm_256_1,66294899,256
320019520,smqhm_256_1,66449229,256
324352080,smqhm_256_1,69045296,256
306163380,smqhm_256_1,65390513,256
311124080,smqhm_256_1,66166316,256
312603400,smqhm_256_1,66371021,256
270662120,smqhm_256_2,52456310,256
289426720,smqhm_256_2,56146733,256
275903220,smqhm_256_2,52963112,256
285102200,smqhm_256_2,54659383,256
290924040,smqhm_256_2,55442995,256
291636260,smqhm_256_2,54482294,256
246556580,smqhm_256_4,44012594,256
259576400,smqhm_256_4,46596994,256
251397640,smqhm_256_4,45003509,256
257602340,smqhm_256_4,45479780,256
243329720,smqhm_256_4,42876683,256
251012880,smqhm_256_4,44690984,256
227662120,smqhm_256_8,39213369,256
223793640,smqhm_256_8,38678453,256
224457180,smqhm_256_8,38828669,256
226875320,smqhm_256_8,39074795,256
223732820,smqhm_256_8,38811184,256
225370840,smqhm_256_8,39301277,256
274721380,smqhm_256_16,39717633,256
278692900,smqhm_256_16,40331274,256
279373320,smqhm_256_16,40286040,256
274193400,smqhm_256_16,39371113,256
272665420,smqhm_256_16,38851371,256
282803680,smqhm_256_16,40461010,256
363168580,smqhm_256_32,44932519,256
359872800,smqhm_256_32,44492568,256
363851080,smqhm_256_32,44906795,256
359416840,smqhm_256_32,44369323,256
362867720,smqhm_256_32,44837607,256
348649720,smqhm_256_32,43160053,256
457831180,smqhm_256_64,48727819,256
458075720,smqhm_256_64,48106364,256
459803400,smqhm_256_64,48822569,256
457177020,smqhm_256_64,48592352,256
467612580,smqhm_256_64,49963624,256
466293980,smqhm_256_64,49744094,256
699746260,smqhm_256_128,55391741,256
703837620,smqhm_256_128,55261120,256
680114580,smqhm_256_128,53429637,256
680907020,smqhm_256_128,53741563,256
695739540,smqhm_256_128,54275938,256
712881600,smqhm_256_128,56139682,256
1224318500,smqhm_256_256,61630783,256
1275362560,smqhm_256_256,63843291,256
1315674140,smqhm_256_256,66399942,256
1193017580,smqhm_256_256,59905332,256
1221903040,smqhm_256_256,61192870,256
1276645180,smqhm_256_256,64386340,256
3030020260,smqhm_256_512,84367054,256
3214638220,smqhm_256_512,90134540,256
3082785260,smqhm_256_512,85878666,256
3412719280,smqhm_256_512,92560805,256
3104104300,smqhm_256_512,85642572,256
3022307500,smqhm_256_512,83930119,256
6245319000,smqhm_256_1024,93210645,256
5627301020,smqhm_256_1024,83875525,256
6409334340,smqhm_256_1024,95550378,256
5840551020,smqhm_256_1024,87454692,256
5634024180,smqhm_256_1024,84234532,256
5890476420,smqhm_256_1024,87925938,256
341994140,smqhm_512_1,75591189,256
353958160,smqhm_512_1,77621475,256
344928900,smqhm_512_1,75982051,256
372348120,smqhm_512_1,83006617,256
354504580,smqhm_512_1,78512154,256
364755460,smqhm_512_1,80772379,256
335743580,smqhm_512_2,68108810,256
324515760,smqhm_512_2,66082992,256
335419980,smqhm_512_2,68362589,256
348972100,smqhm_512_2,71464845,256
339342060,smqhm_512_2,68947387,256
338418720,smqhm_512_2,68924304,256
289453700,smqhm_512_4,53829379,256
287932100,smqhm_512_4,53785280,256
308729080,smqhm_512_4,57663714,256
288824000,smqhm_512_4,53977867,256
281636100,smqhm_512_4,52470119,256
299164700,smqhm_512_4,56325733,256
262748900,smqhm_512_8,47466862,256
265104340,smqhm_512_8,48094727,256
337077300,smqhm_512_8,48593284,256
256072080,smqhm_512_8,45925524,256
256656160,smqhm_512_8,46120408,256
261172440,smqhm_512_8,46848509,256
305951520,smqhm_512_16,45528835,256
343691700,smqhm_512_16,45582472,256
310646400,smqhm_512_16,46073331,256
306643960,smqhm_512_16,45631232,256
308933040,smqhm_512_16,45974854,256
311895260,smqhm_512_16,46289505,256
398788260,smqhm_512_32,50917249,256
389356860,smqhm_512_32,50248195,256
387321620,smqhm_512_32,49728414,256
376474260,smqhm_512_32,47927506,256
384008020,smqhm_512_32,49079245,256
404964220,smqhm_512_32,51821887,256
491977580,smqhm_512_64,53270480,256
495786580,smqhm_512_64,53612842,256
503202660,smqhm_512_64,54241618,256
492400380,smqhm_512_64,53390017,256
489081080,smqhm_512_64,53171025,256
508525120,smqhm_512_64,54047426,256
752049100,smqhm_512_128,59897457,256
798286660,smqhm_512_128,63691881,256
774118420,smqhm_512_128,61967047,256
773439960,smqhm_512_128,62196181,256
734039460,smqhm_512_128,59045323,256
782447780,smqhm_512_128,62878914,256
1370898540,smqhm_512_256,70028280,256
1391653140,smqhm_512_256,70697112,256
1418661080,smqhm_512_256,71575564,256
1496361680,smqhm_512_256,75947737,256
1409583480,smqhm_512_256,70753173,256
1379236540,smqhm_512_256,70131177,256
3386486900,smqhm_512_512,94455445,256
3544523240,smqhm_512_512,99226159,256
3420299580,smqhm_512_512,95475649,256
3311991220,smqhm_512_512,91990870,256
3187606460,smqhm_512_512,88666285,256
3385130320,smqhm_512_512,94623948,256
6234045040,smqhm_512_1024,92908312,256
6949873020,smqhm_512_1024,105514355,256
6319659600,smqhm_512_1024,94730888,256
6259180660,smqhm_512_1024,93951547,256
6260882440,smqhm_512_1024,93887666,256
6800109060,smqhm_512_1024,102397798,256
433766300,smqhm_1024_1,98095542,256
393413400,smqhm_1024_1,88716546,256
389446500,smqhm_1024_1,87657087,256
390018260,smqhm_1024_1,88004582,256
427687000,smqhm_1024_1,96051934,256
459882640,smqhm_1024_1,102997867,256
395924320,smqhm_1024_2,82511494,256
362519740,smqhm_1024_2,76403595,256
384758820,smqhm_1024_2,80959291,256
412693020,smqhm_1024_2,87588568,256
383717400,smqhm_1024_2,80669579,256
372628940,smqhm_1024_2,78682496,256
333189140,smqhm_1024_4,65326139,256
358291460,smqhm_1024_4,70691600,256
365074180,smqhm_1024_4,71871751,256
341842500,smqhm_1024_4,66808998,256
327202540,smqhm_1024_4,63883937,256
337154920,smqhm_1024_4,65522006,256
298700520,smqhm_1024_8,55614300,256
310004760,smqhm_1024_8,58283928,256
314497080,smqhm_1024_8,59056804,256
311438660,smqhm_1024_8,58678971,256
314390120,smqhm_1024_8,59812053,256
295231280,smqhm_1024_8,55046334,256
349799660,smqhm_1024_16,53685042,256
355212200,smqhm_1024_16,53753720,256
355517800,smqhm_1024_16,54476060,256
358124600,smqhm_1024_16,54511730,256
358505480,smqhm_1024_16,55138122,256
335619240,smqhm_1024_16,51443951,256
444613980,smqhm_1024_32,58181011,256
424196500,smqhm_1024_32,55448394,256
428547860,smqhm_1024_32,55736069,256
426244940,smqhm_1024_32,55529939,256
428199720,smqhm_1024_32,56031449,256
451249660,smqhm_1024_32,59185536,256
563574260,smqhm_1024_64,62644795,256
545484280,smqhm_1024_64,60800417,256
528576620,smqhm_1024_64,58671992,256
546745260,smqhm_1024_64,60891624,256
543189260,smqhm_1024_64,60245887,256
539664880,smqhm_1024_64,60121818,256
864032200,smqhm_1024_128,70148263,256
827680820,smqhm_1024_128,67327637,256
834908020,smqhm_1024_128,67303895,256
831808540,smqhm_1024_128,67811279,256
808072580,smqhm_1024_128,65524240,256
901431520,smqhm_1024_128,72422971,256
1534961260,smqhm_1024_256,78072991,256
1533878620,smqhm_1024_256,78647687,256
1556772460,smqhm_1024_256,79387461,256
1588366040,smqhm_1024_256,80851314,256
1489397920,smqhm_1024_256,76388525,256
1562277720,smqhm_1024_256,78627828,256
3395963960,smqhm_1024_512,96081691,256
3567915500,smqhm_1024_512,100431588,256
3156776820,smqhm_1024_512,88930210,256
3446783900,smqhm_1024_512,96846366,256
3480222440,smqhm_1024_512,97480145,256
3547134940,smqhm_1024_512,100329644,256
7219314080,smqhm_1024_1024,109542088,256
7075221300,smqhm_1024_1024,105891369,256
7125602000,smqhm_1024_1024,106910061,256
6898961420,smqhm_1024_1024,103453553,256
6850798140,smqhm_1024_1024,103228709,256
6992147660,smqhm_1024_1024,103112610,256
