7016309400,smqhm_1_1,58480449,256
6993211220,smqhm_1_1,59253747,256
6957111180,smqhm_1_1,58676057,256
7363883460,smqhm_1_1,58740264,256
6599287400,smqhm_1_1,56871788,256
8331190760,smqhm_1_1,57297983,256
6006249740,smqhm_1_2,53801395,256
7705973980,smqhm_1_2,50676283,256
6344960800,smqhm_1_2,55057654,256
5601088540,smqhm_1_2,56298739,256
4913349800,smqhm_1_2,54719110,256
6261746220,smqhm_1_2,55736044,256
4169567640,smqhm_1_4,52454667,256
4179300920,smqhm_1_4,48491763,256
4404455540,smqhm_1_4,55232579,256
3562583160,smqhm_1_4,50359477,256
3632380000,smqhm_1_4,49082118,256
4413911280,smqhm_1_4,51812986,256
3215907320,smqhm_1_8,45828744,256
3471607760,smqhm_1_8,48348882,256
3179719020,smqhm_1_8,48586763,256
3344663360,smqhm_1_8,50176376,256
3014068080,smqhm_1_8,48422505,256
3313640660,smqhm_1_8,49358121,256
2966674680,smqhm_1_16,48141053,256
2997046260,smqhm_1_16,48217754,256
2986172040,smqhm_1_16,51090504,256
2973244740,smqhm_1_16,48632058,256
3630560400,smqhm_1_16,47615179,256
3139817700,smqhm_1_16,49339166,256
3186914080,smqhm_1_32,44525172,256
3289652780,smqhm_1_32,45038937,256
3284984500,smqhm_1_32,47218741,256
3085953400,smqhm_1_32,48147000,256
3224931800,smqhm_1_32,46552075,256
3301789180,smqhm_1_32,48321310,256
3711552120,smqhm_1_64,47483241,256
3845839820,smqhm_1_64,46216424,256
3456489580,smqhm_1_64,45550373,256
3731491600,smqhm_1_64,50426605,256
3645710760,smqhm_1_64,46486646,256
3633703100,smqhm_1_64,47420799,256
4463970760,smqhm_1_128,49597562,256
4124044980,smqhm_1_128,47564454,256
4475553600,smqhm_1_128,45528292,256
4466530540,smqhm_1_128,50317582,256
4262703720,smqhm_1_128,48876284,256
4171359080,smqhm_1_128,50918745,256
5167463740,smqhm_1_256,49552977,256
5145165380,smqhm_1_256,47970192,256
5377507100,smqhm_1_256,47545732,256
5743625640,smqhm_1_256,47500724,256
5125184600,smqhm_1_256,49758197,256
5614392380,smqhm_1_256,49400066,256
6644483040,smqhm_1_512,49970829,256
6837300300,smqhm_1_512,48344681,256
6615885000,smqhm_1_512,50723492,256
6564742500,smqhm_1_512,52271539,256
7035025980,smqhm_1_512,50657409,256
6881991060,smqhm_1_512,51748771,256
9084239100,smqhm_1_1024,53844487,256
8577737760,smqhm_1_1024,53063852,256
8265993380,smqhm_1_1024,56216110,256
8462620980,smqhm_1_1024,50137543,256
8686687620,smqhm_1_1024,53666463,256
8408723100,smqhm_1_1024,53053625,256
7411874820,smqhm_2_1,60210428,256
9208893840,smqhm_2_1,57094160,256
7508261960,smqhm_2_1,63565946,256
8480451780,smqhm_2_1,62525372,256
8195549580,smqhm_2_1,57018583,256
7041799640,smqhm_2_1,61958137,256
5458999960,smqhm_2_2,58380943,256
9018579660,smqhm_2_2,54716280,256
6111262580,smqhm_2_2,57891589,256
6217923540,smqhm_2_2,55650755,256
5411099620,smqhm_2_2,56940394,256
7031324800,smqhm_2_2,58259259,256
4798998980,smqhm_2_4,55938114,256
4007326960,smqhm_2_4,55131719,256
4114059960,smqhm_2_4,52068147,256
3653217020,smqhm_2_4,50931022,256
3785249920,smqhm_2_4,54577608,256
4051830780,smqhm_2_4,53830232,256
3417004780,smqhm_2_8,50509977,256
3019022720,smqhm_2_8,49863172,256
3159971060,smqhm_2_8,50871481,256
3261177440,smqhm_2_8,52121858,256
3028625320,smqhm_2_8,49764555,256
3348916660,smqhm_2_8,51930298,256
2759769160,smqhm_2_16,48086934,256
3615595120,smqhm_2_16,49819620,256
2992839160,smqhm_2_16,49064360,256
2759491880,smqhm_2_16,49874027,256
2823765120,smqhm_2_16,47147870,256
2808095960,smqhm_2_16,49594019,256
3015472780,smqhm_2_32,48366369,256
2970242740,smqhm_2_32,47756740,256
3007400840,smqhm_2_32,48121515,256
3012307560,smqhm_2_32,48825860,256
3030202040,smqhm_2_32,50346582,256
2971803220,smqhm_2_32,48299243,256
3334095580,smqhm_2_64,47861291,256
3521478540,smqhm_2_64,47457820,256
3617509180,smqhm_2_64,48484401,256
3250232240,smqhm_2_64,48053238,256
3287821620,smqhm_2_64,48992961,256
3227338740,smqhm_2_64,46519000,256
3608402460,smqhm_2_128,43983834,256
3646041680,smqhm_2_128,46066994,256
3810803920,smqhm_2_128,50643280,256
3712689760,smqhm_2_128,47715174,256
3766438480,smqhm_2_128,50636025,256
3699955960,smqhm_2_128,49290717,256
3926115580,smqhm_2_256,46887405,256
4439319800,smqhm_2_256,51828799,256
4265503640,smqhm_2_256,51409599,256
4323560760,smqhm_2_256,48823042,256
4528578700,smqhm_2_256,49077435,256
4171415180,smqhm_2_256,50292565,256
5680171420,smqhm_2_512,52381490,256
6013113460,smqhm_2_512,64410186,256
5929562140,smqhm_2_512,59754285,256
5824616940,smqhm_2_512,50326841,256
5677190380,smqhm_2_512,53125444,256
5606037780,smqhm_2_512,50234924,256
6596201400,smqhm_2_1024,53002358,256
6908751380,smqhm_2_1024,54237936,256
6624898640,smqhm_2_1024,52804006,256
6676716580,smqhm_2_1024,54210715,256
7045845960,smqhm_2_1024,54792782,256
6502167580,smqhm_2_1024,51208600,256
6621504340,smqhm_4_1,62678635,256
14884715680,smqhm_4_1,62167621,256
9377991880,smqhm_4_1,64471948,256
10318620420,smqhm_4_1,62395158,256
10015859420,smqhm_4_1,63078246,256
10104398000,smqhm_4_1,64178776,256
9048750060,smqhm_4_2,58731341,256
5937843320,smqhm_4_2,59849491,256
6814789120,smqhm_4_2,58654671,256
6974971520,smqhm_4_2,60262852,256
8905661740,smqhm_4_2,59137289,256
5364164420,smqhm_4_2,59370010,256
3693830260,smqhm_4_4,58664786,256
3809560180,smqhm_4_4,54359490,256
4242233960,smqhm_4_4,58336594,256
3658875980,smqhm_4_4,57343917,256
3839027400,smqhm_4_4,50862648,256
3556360460,smqhm_4_4,58715406,256
3185671060,smqhm_4_8,54407149,256
3254792940,smqhm_4_8,53106177,256
3070760820,smqhm_4_8,54530437,256
3205136780,smqhm_4_8,50304717,256
3027257620,smqhm_4_8,52572589,256
3277136540,smqhm_4_8,51841278,256
3063550080,smqhm_4_16,50909822,256
2769851200,smqhm_4_16,50323227,256
2908373780,smqhm_4_16,49238662,256
2929754300,smqhm_4_16,52613914,256
2859817860,smqhm_4_16,51026182,256
3044119300,smqhm_4_16,52071953,256
2927604200,smqhm_4_32,47956187,256
2894755380,smqhm_4_32,51317318,256
2856492820,smqhm_4_32,48038265,256
2842553280,smqhm_4_32,49379694,256
2910909520,smqhm_4_32,51800835,256
3036111940,smqhm_4_32,53013168,256
3127617560,smqhm_4_64,48605866,256
3473842800,smqhm_4_64,51059420,256
3288429180,smqhm_4_64,48823862,256
3138368620,smqhm_4_64,50935446,256
3289704580,smqhm_4_64,51488610,256
3333096860,smqhm_4_64,50224441,256
3485696200,smqhm_4_128,49536451,256
3621487240,smqhm_4_128,51525769,256
3437544600,smqhm_4_128,49024961,256
3360530820,smqhm_4_128,50829179,256
3412924960,smqhm_4_128,48826432,256
3506664740,smqhm_4_128,49337831,256
3776294960,smqhm_4_256,46175217,256
3778556460,smqhm_4_256,48752311,256
3773273100,smqhm_4_256,48532054,256
3757032880,smqhm_4_256,49074736,256
4073947000,smqhm_4_256,52060930,256
5737240080,smqhm_4_256,52256675,256
4867339380,smqhm_4_512,53048678,256
4866641280,smqhm_4_512,52001664,256
4721805700,smqhm_4_512,51788782,256
4449499080,smqhm_4_512,51800960,256
4621597720,smqhm_4_512,52178550,256
4881579140,smqhm_4_512,55964006,256
5365528800,smqhm_4_1024,55659647,256
6082566240,smqhm_4_1024,54162404,256
5792821080,smqhm_4_1024,53791271,256
5756973640,smqhm_4_1024,52756274,256
5774867980,smqhm_4_1024,54414258,256
5993229860,smqhm_4_1024,55486225,256
13526506420,smqhm_8_1,67722560,256
8966054320,smqhm_8_1,68078107,256
11387696460,smqhm_8_1,66878493,256
10659786300,smqhm_8_1,68222155,256
8274504020,smqhm_8_1,69372884,256
10045292180,smqhm_8_1,66918969,256
6359965880,smqhm_8_2,63252564,256
6153464920,smqhm_8_2,62286019,256
8706751400,smqhm_8_2,61870800,256
6352600480,smqhm_8_2,60818502,256
8125125260,smqhm_8_2,64889545,256
6341421020,smqhm_8_2,62122879,256
3829717880,smqhm_8_4,62214496,256
5107248460,smqhm_8_4,58333550,256
3800291200,smqhm_8_4,59259685,256
4134736460,smqhm_8_4,61309942,256
3869226020,smqhm_8_4,60081857,256
3434549060,smqhm_8_4,59170211,256
3199785800,smqhm_8_8,57059136,256
3093581120,smqhm_8_8,56689661,256
3355227820,smqhm_8_8,53207703,256
3426427680,smqhm_8_8,59540500,256
3405879060,smqhm_8_8,55671129,256
3570743280,smqhm_8_8,57709479,256
3071950600,smqhm_8_16,52324270,256
2814486220,smqhm_8_16,53330491,256
2835392720,smqhm_8_16,52068176,256
3032803980,smqhm_8_16,57368251,256
2942370140,smqhm_8_16,55527731,256
3261227820,smqhm_8_16,54807397,256
2843056560,smqhm_8_32,54552430,256
2922703560,smqhm_8_32,48747493,256
2913291440,smqhm_8_32,53936658,256
3021505940,smqhm_8_32,54493023,256
2856674660,smqhm_8_32,54785951,256
2841011660,smqhm_8_32,52312561,256
3009933420,smqhm_8_64,52102448,256
3109077540,smqhm_8_64,49349662,256
3085265160,smqhm_8_64,50102705,256
3070118640,smqhm_8_64,50276012,256
3176052920,smqhm_8_64,53552500,256
3081273200,smqhm_8_64,50104218,256
3350567200,smqhm_8_128,51144183,256
3434650400,smqhm_8_128,50639528,256
3217595040,smqhm_8_128,44626243,256
3416335760,smqhm_8_128,49360237,256
3383341580,smqhm_8_128,48819367,256
3239899100,smqhm_8_128,51015145,256
3608023200,smqhm_8_256,50185261,256
3665597180,smqhm_8_256,50757464,256
4184104760,smqhm_8_256,50984084,256
3459225020,smqhm_8_256,52719496,256
3586538000,smqhm_8_256,50187806,256
3584710260,smqhm_8_256,51480995,256
4173055840,smqhm_8_512,53808582,256
4011690900,smqhm_8_512,51453155,256
3989683160,smqhm_8_512,50736716,256
4163596720,smqhm_8_512,53447609,256
4183358340,smqhm_8_512,50888080,256
3912696960,smqhm_8_512,52347204,256
4414131420,smqhm_8_1024,52699606,256
4860396720,smqhm_8_1024,48502886,256
5084215260,smqhm_8_1024,52409033,256
4681077540,smqhm_8_1024,46840304,256
4635731860,smqhm_8_1024,56949809,256
4986455640,smqhm_8_1024,53768654,256
8625424340,smqhm_16_1,71829543,256
14212310680,smqhm_16_1,75388740,256
12143583960,smqhm_16_1,71141528,256
9202312060,smqhm_16_1,68767169,256
8437052180,smqhm_16_1,71640438,256
8010322220,smqhm_16_1,72738523,256
7838465520,smqhm_16_2,66346924,256
8409356020,smqhm_16_2,62892681,256
6065201420,smqhm_16_2,67137433,256
6685118660,smqhm_16_2,66626006,256
7494810580,smqhm_16_2,69805209,256
7504272460,smqhm_16_2,66595963,256
4118143040,smqhm_16_4,63139132,256
4105339300,smqhm_16_4,63848976,256
4676620440,smqhm_16_4,64628081,256
3609185560,smqhm_16_4,62605922,256
3755091000,smqhm_16_4,62249168,256
4521312840,smqhm_16_4,65396506,256
3389602540,smqhm_16_8,62913000,256
3220006980,smqhm_16_8,58805500,256
3197826800,smqhm_16_8,61146450,256
3587443880,smqhm_16_8,58020022,256
3451693080,smqhm_16_8,57537127,256
3492577340,smqhm_16_8,59282464,256
2919397120,smqhm_16_16,59082433,256
2849715280,smqhm_16_16,59810528,256
3274730020,smqhm_16_16,60813311,256
3201953420,smqhm_16_16,59442659,256
3097266760,smqhm_16_16,57151450,256
3256619480,smqhm_16_16,61060006,256
2859481380,smqhm_16_32,54463756,256
2991731020,smqhm_16_32,54167496,256
2846175160,smqhm_16_32,56621486,256
2953347620,smqhm_16_32,57584505,256
2860485820,smqhm_16_32,48579767,256
3039032900,smqhm_16_32,48495720,256
3122497220,smqhm_16_64,52728764,256
3060556460,smqhm_16_64,52974592,256
3073053120,smqhm_16_64,54158543,256
3586841500,smqhm_16_64,51786736,256
3040532300,smqhm_16_64,52602621,256
3067869540,smqhm_16_64,53457563,256
3261619060,smqhm_16_128,52475150,256
3216129040,smqhm_16_128,48422445,256
3353661820,smqhm_16_128,53295989,256
3375469780,smqhm_16_128,52682239,256
3328760820,smqhm_16_128,51293921,256
3200929400,smqhm_16_128,54509999,256
3686034720,smqhm_16_256,49610440,256
3399551460,smqhm_16_256,52859495,256
3666288620,smqhm_16_256,53817688,256
3389058780,smqhm_16_256,50374141,256
3722783340,smqhm_16_256,51019513,256
3625138820,smqhm_16_256,51200617,256
3953339880,smqhm_16_512,53782156,256
4069943560,smqhm_16_512,52284466,256
4239185060,smqhm_16_512,55440292,256
3938043140,smqhm_16_512,53442423,256
3850553300,smqhm_16_512,52017712,256
3879615160,smqhm_16_512,48818897,256
4494982220,smqhm_16_1024,55130634,256
4604955460,smqhm_16_1024,52885916,256
5030843520,smqhm_16_1024,55905944,256
4634692040,smqhm_16_1024,54215270,256
4885170880,smqhm_16_1024,54884635,256
4827268340,smqhm_16_1024,56401750,256
10470926180,smqhm_32_1,74707960,256
13353690760,smqhm_32_1,74782581,256
18032356260,smqhm_32_1,69957829,256
23033138100,smqhm_32_1,73259743,256
11710187420,smqhm_32_1,73406714,256
8801896700,smqhm_32_1,74307418,256
10893175900,smqhm_32_2,69390660,256
10808825220,smqhm_32_2,70101058,256
7731190540,smqhm_32_2,68756981,256
9590410540,smqhm_32_2,69739963,256
9468197100,smqhm_32_2,70803088,256
8408618820,smqhm_32_2,70957055,256
5906123540,smqhm_32_4,66612715,256
4797114200,smqhm_32_4,68077691,256
5625991540,smqhm_32_4,68220326,256
4686975020,smqhm_32_4,63568329,256
4940025220,smqhm_32_4,67757804,256
6510934100,smqhm_32_4,63193697,256
3374822460,smqhm_32_8,65274827,256
3808841880,smqhm_32_8,61391696,256
3412689840,smqhm_32_8,67310343,256
3249839000,smqhm_32_8,58648850,256
3819127220,smqhm_32_8,60716105,256
3971207980,smqhm_32_8,61436969,256
3060099740,smqhm_32_16,63514490,256
2969349400,smqhm_32_16,63587135,256
3010401180,smqhm_32_16,62096391,256
3077125460,smqhm_32_16,62907683,256
3289633720,smqhm_32_16,56802715,256
3337009520,smqhm_32_16,61743720,256
2796768240,smqhm_32_32,52828857,256
2992773720,smqhm_32_32,60335602,256
3029266380,smqhm_32_32,65016991,256
2983768040,smqhm_32_32,61857603,256
2976759100,smqhm_32_32,59406757,256
2937904320,smqhm_32_32,58160803,256
3100147780,smqhm_32_64,54893522,256
2916870700,smqhm_32_64,49371656,256
3037758220,smqhm_32_64,54539227,256
3196552720,smqhm_32_64,56234367,256
3022373200,smqhm_32_64,55292057,256
3093717460,smqhm_32_64,53266704,256
3400972520,smqhm_32_128,57589134,256
3398832000,smqhm_32_128,55148234,256
3407706040,smqhm_32_128,52942149,256
3371586940,smqhm_32_128,53197076,256
3322779980,smqhm_32_128,54668449,256
3179229840,smqhm_32_128,49635432,256
3669094580,smqhm_32_256,58811436,256
3580581600,smqhm_32_256,54112977,256
3729478080,smqhm_32_256,54016305,256
3644537340,smqhm_32_256,52828375,256
3711500020,smqhm_32_256,57639256,256
3628221580,smqhm_32_256,58066247,256
4220582420,smqhm_32_512,53598110,256
4330979760,smqhm_32_512,54153730,256
4127726180,smqhm_32_512,52037658,256
4048702720,smqhm_32_512,53328611,256
4071134860,smqhm_32_512,58947238,256
4390831400,smqhm_32_512,59103131,256
5836961140,smqhm_32_1024,58067293,256
5610571660,smqhm_32_1024,51793590,256
5280453760,smqhm_32_1024,57281853,256
5312445760,smqhm_32_1024,56219360,256
5568112080,smqhm_32_1024,60923470,256
5855480940,smqhm_32_1024,59447430,256
11000420940,smqhm_64_1,80013748,256
11659148780,smqhm_64_1,78812509,256
12049271160,smqhm_64_1,76819048,256
17507522180,smqhm_64_1,82890310,256
17267894200,smqhm_64_1,79813148,256
12049709900,smqhm_64_1,80375872,256
13017273740,smqhm_64_2,71692824,256
8472878400,smqhm_64_2,78656098,256
11330825900,smqhm_64_2,78619578,256
9844296780,smqhm_64_2,75831447,256
7394281060,smqhm_64_2,74221168,256
9739907560,smqhm_64_2,74413159,256
4769677800,smqhm_64_4,72881114,256
4960895760,smqhm_64_4,73272824,256
5470576920,smqhm_64_4,74209560,256
5346482560,smqhm_64_4,69776457,256
4524917980,smqhm_64_4,75924080,256
5152939660,smqhm_64_4,72930649,256
3672241460,smqhm_64_8,65892153,256
4382039660,smqhm_64_8,67898593,256
3582248100,smqhm_64_8,71033745,256
3438094020,smqhm_64_8,70966163,256
3623807800,smqhm_64_8,72588197,256
3560213120,smqhm_64_8,71437790,256
3307482000,smqhm_64_16,64384973,256
3289360620,smqhm_64_16,62795763,256
2982527300,smqhm_64_16,63913880,256
2946550120,smqhm_64_16,64962642,256
3066765280,smqhm_64_16,64636507,256
2850173900,smqhm_64_16,59521141,256
3131451500,smqhm_64_32,60753616,256
3060670020,smqhm_64_32,62710519,256
3170775800,smqhm_64_32,66747658,256
2944554600,smqhm_64_32,62110958,256
2982109800,smqhm_64_32,61789067,256
2957657800,smqhm_64_32,61997090,256
3120739460,smqhm_64_64,56845935,256
3235404300,smqhm_64_64,62574474,256
3121806000,smqhm_64_64,57443917,256
3009492780,smqhm_64_64,58686463,256
3153982780,smqhm_64_64,62823939,256
3101221620,smqhm_64_64,56838070,256
3363153140,smqhm_64_128,55702308,256
3482966120,smqhm_64_128,55925105,256
3464345480,smqhm_64_128,58671541,256
3512632780,smqhm_64_128,55608740,256
3456502600,smqhm_64_128,59291426,256
3444320720,smqhm_64_128,60570574,256
3656181600,smqhm_64_256,56760561,256
3702602760,smqhm_64_256,53647536,256
3855260580,smqhm_64_256,53963469,256
3611982420,smqhm_64_256,56134459,256
3817049060,smqhm_64_256,54763658,256
3896233700,smqhm_64_256,57214495,256
4148378180,smqhm_64_512,57799440,256
4382635680,smqhm_64_512,59241213,256
4305013480,smqhm_64_512,53747043,256
4398494600,smqhm_64_512,50562133,256
4093915480,smqhm_64_512,58557167,256
4409117980,smqhm_64_512,55651169,256
5704164260,smqhm_64_1024,56168903,256
5696233360,smqhm_64_1024,57095771,256
5951240280,smqhm_64_1024,56909439,256
5905846000,smqhm_64_1024,58846194,256
5506226700,smqhm_64_1024,55842737,256
6011348780,smqhm_64_1024,58364814,256
12583001540,smqhm_128_1,87965528,256
14417079700,smqhm_128_1,80611855,256
13896328560,smqhm_128_1,88246291,256
13003679540,smqhm_128_1,88423972,256
11559399720,smqhm_128_1,85118401,256
19213117740,smqhm_128_1,91235754,256
9123652560,smqhm_128_2,81620083,256
7790375720,smqhm_128_2,82123315,256
9676676280,smqhm_128_2,80138477,256
8114896420,smqhm_128_2,77556088,256
11158726380,smqhm_128_2,80141753,256
10447448740,smqhm_128_2,79506298,256
4830144000,smqhm_128_4,72255566,256
4497818480,smqhm_128_4,78441014,256
5243907840,smqhm_128_4,74345375,256
5155096360,smqhm_128_4,76635794,256
6101040620,smqhm_128_4,80643649,256
6605154460,smqhm_128_4,80627437,256
3796151580,smqhm_128_8,69268573,256
3814507340,smqhm_128_8,71399411,256
4658318040,smqhm_128_8,79934615,256
3935094380,smqhm_128_8,74998599,256
3567294920,smqhm_128_8,72582097,256
3818643320,smqhm_128_8,75461626,256
3452263260,smqhm_128_16,77776728,256
3092012940,smqhm_128_16,70564759,256
3219011920,smqhm_128_16,71366809,256
4249714120,smqhm_128_16,70407980,256
3313009760,smqhm_128_16,66423775,256
2986625260,smqhm_128_16,62431377,256
3001148460,smqhm_128_32,67300108,256
3216779880,smqhm_128_32,70009224,256
3042481040,smqhm_128_32,63716401,256
3082856300,smqhm_128_32,67527988,256
2996500200,smqhm_128_32,60047316,256
3230890420,smqhm_128_32,67971101,256
3338955480,smqhm_128_64,64245429,256
3294891680,smqhm_128_64,61606176,256
3261657700,smqhm_128_64,61625340,256
3355093520,smqhm_128_64,70852367,256
3601912060,smqhm_128_64,59084754,256
3406411660,smqhm_128_64,63031551,256
3488484580,smqhm_128_128,67641081,256
3424730860,smqhm_128_128,61891756,256
3358968960,smqhm_128_128,61937570,256
3404986040,smqhm_128_128,56858788,256
3465425340,smqhm_128_128,56293080,256
3292252020,smqhm_128_128,54522625,256
3763650740,smqhm_128_256,57735993,256
3705319580,smqhm_128_256,58106383,256
3684687220,smqhm_128_256,52667038,256
3821740860,smqhm_128_256,59537143,256
3818886920,smqhm_128_256,58752510,256
3802885220,smqhm_128_256,59966439,256
4467452080,smqhm_128_512,62743383,256
4567094620,smqhm_128_512,59119356,256
4438511620,smqhm_128_512,58102115,256
4414919560,smqhm_128_512,55845984,256
4522748480,smqhm_128_512,60305860,256
4520568500,smqhm_128_512,62147583,256
5833279420,smqhm_128_1024,58433908,256
6001118880,smqhm_128_1024,55634002,256
5893954420,smqhm_128_1024,59501605,256
6229571880,smqhm_128_1024,58254791,256
6094631080,smqhm_128_1024,61768743,256
6325279820,smqhm_128_1024,67340271,256
14480759260,smqhm_256_1,91086944,256
15095275040,smqhm_256_1,92327178,256
16457668800,smqhm_256_1,94488792,256
13888913000,smqhm_256_1,89977463,256
15427283640,smqhm_256_1,92987101,256
14049714800,smqhm_256_1,92595957,256
15138277080,smqhm_256_2,88221479,256
8736645560,smqhm_256_2,88867923,256
9442417100,smqhm_256_2,82144423,256
12567140980,smqhm_256_2,82996174,256
15260662140,smqhm_256_2,83701204,256
14612731240,smqhm_256_2,83404465,256
7184521260,smqhm_256_4,83500538,256
6021368280,smqhm_256_4,81501744,256
7252460500,smqhm_256_4,82942152,256
5510909940,smqhm_256_4,75016851,256
6862338500,smqhm_256_4,81128047,256
5995649140,smqhm_256_4,80738394,256
4341680660,smqhm_256_8,80022082,256
3957556660,smqhm_256_8,79049533,256
4184622920,smqhm_256_8,86550033,256
4078470900,smqhm_256_8,76711353,256
4134323440,smqhm_256_8,81103854,256
3817493840,smqhm_256_8,75207788,256
3476423360,smqhm_256_16,72962677,256
3760248200,smqhm_256_16,89654511,256
3372526720,smqhm_256_16,75611625,256
3400701460,smqhm_256_16,75762263,256
3802168940,smqhm_256_16,72409168,256
3751522500,smqhm_256_16,82319027,256
2925184720,smqhm_256_32,59582141,256
3160551900,smqhm_256_32,72325182,256
3204468800,smqhm_256_32,72804214,256
3119472380,smqhm_256_32,67437731,256
3170913280,smqhm_256_32,73362339,256
3208062200,smqhm_256_32,73183961,256
3242975820,smqhm_256_64,69303037,256
3464310120,smqhm_256_64,68351880,256
3223929880,smqhm_256_64,65191918,256
3393397980,smqhm_256_64,69117509,256
3098518280,smqhm_256_64,61609223,256
3321355840,smqhm_256_64,66175909,256
3523575900,smqhm_256_128,64585484,256
3439561020,smqhm_256_128,64558124,256
3640268740,smqhm_256_128,63882598,256
3599878720,smqhm_256_128,66414829,256
3486944820,smqhm_256_128,62372513,256
3522606440,smqhm_256_128,63886382,256
3798864840,smqhm_256_256,56233938,256
3848443100,smqhm_256_256,63045001,256
3773790700,smqhm_256_256,62204483,256
3970776760,smqhm_256_256,63696462,256
3822338100,smqhm_256_256,56479297,256
3759202100,smqhm_256_256,63132641,256
4591973260,smqhm_256_512,59685541,256
4657683960,smqhm_256_512,60413779,256
4590622720,smqhm_256_512,56016781,256
4551274360,smqhm_256_512,58268334,256
5013821880,smqhm_256_512,70149943,256
4866448260,smqhm_256_512,63320112,256
6374833780,smqhm_256_1024,64768193,256
6233887200,smqhm_256_1024,60085162,256
5986647340,smqhm_256_1024,59359688,256
5668662900,smqhm_256_1024,61902695,256
6226985560,smqhm_256_1024,59413424,256
5986302520,smqhm_256_1024,60475885,256
17319795200,smqhm_512_1,100668285,256
21859625220,smqhm_512_1,98656169,256
20762955820,smqhm_512_1,96556927,256
14422807800,smqhm_512_1,97169153,256
13007913620,smqhm_512_1,93010090,256
16572273580,smqhm_512_1,99325080,256
10419794560,smqhm_512_2,88993112,256
10978719280,smqhm_512_2,91309169,256
11050855340,smqhm_512_2,93369901,256
11174852700,smqhm_512_2,93309756,256
14923995440,smqhm_512_2,93999028,256
16542501440,smqhm_512_2,91695508,256
6151217540,smqhm_512_4,82427663,256
7610371880,smqhm_512_4,88553975,256
6032819540,smqhm_512_4,81592507,256
6758047720,smqhm_512_4,79943474,256
6356226840,smqhm_512_4,91536819,256
6561894920,smqhm_512_4,83780808,256
3922633040,smqhm_512_8,73931265,256
4314990020,smqhm_512_8,89072054,256
4249161980,smqhm_512_8,86475514,256
5860268740,smqhm_512_8,90318264,256
5144631680,smqhm_512_8,83051980,256
4684537140,smqhm_512_8,91107632,256
3581804560,smqhm_512_16,81181757,256
3744871320,smqhm_512_16,84311818,256
4411641760,smqhm_512_16,90677133,256
3511558920,smqhm_512_16,81158252,256
3585243140,smqhm_512_16,82141707,256
3674313480,smqhm_512_16,81865686,256
3689548780,smqhm_512_32,83602424,256
3359960080,smqhm_512_32,77818398,256
3454236860,smqhm_512_32,77932893,256
3190966380,smqhm_512_32,73450411,256
3530631740,smqhm_512_32,79487813,256
3287939000,smqhm_512_32,76990066,256
3361225440,smqhm_512_64,65674945,256
3353977280,smqhm_512_64,68784505,256
3476424200,smqhm_512_64,70702264,256
3495678440,smqhm_512_64,72344116,256
3312974600,smqhm_512_64,68578272,256
3235122680,smqhm_512_64,68879362,256
3591191100,smqhm_512_128,69548725,256
3681444320,smqhm_512_128,70217726,256
3601925740,smqhm_512_128,69595516,256
3680653820,smqhm_512_128,71619644,256
3487087680,smqhm_512_128,66124316,256
3590646900,smqhm_512_128,67280154,256
3922892520,smqhm_512_256,65653069,256
3847996900,smqhm_512_256,66171421,256
4050721360,smqhm_512_256,71223496,256
3822658520,smqhm_512_256,67976801,256
3779607540,smqhm_512_256,66331711,256
3555724660,smqhm_512_256,54209774,256
4488840740,smqhm_512_512,62592253,256
4681019780,smqhm_512_512,66903737,256
4691257760,smqhm_512_512,67046664,256
4801824980,smqhm_512_512,66317907,256
4810184400,smqhm_512_512,64704395,256
4855335740,smqhm_512_512,64769971,256
6398736660,smqhm_512_1024,69437942,256
5895682100,smqhm_512_1024,62581842,256
6513936820,smqhm_512_1024,66913686,256
6174966040,smqhm_512_1024,66788583,256
6313026540,smqhm_512_1024,65292333,256
6140377240,smqhm_512_1024,62786189,256
14231781880,smqhm_1024_1,102467894,256
16111141880,smqhm_1024_1,99404781,256
17223687360,smqhm_1024_1,105069223,256
16668811300,smqhm_1024_1,103184829,256
15677625880,smqhm_1024_1,102184439,256
19418122480,smqhm_1024_1,99570976,256
10002467380,smqhm_1024_2,96602837,256
10218056840,smqhm_1024_2,95955742,256
12053168260,smqhm_1024_2,93012088,256
10315447800,smqhm_1024_2,91435634,256
10900630340,smqhm_1024_2,87658629,256
11657496140,smqhm_1024_2,90839950,256
7161015320,smqhm_1024_4,95424497,256
6826856420,smqhm_1024_4,94267415,256
5924239120,smqhm_1024_4,87018537,256
6424436940,smqhm_1024_4,92714634,256
7504005540,smqhm_1024_4,97576843,256
7692462780,smqhm_1024_4,92724833,256
6446940480,smqhm_1024_8,104049427,256
4962206060,smqhm_1024_8,100111300,256
4489309960,smqhm_1024_8,91911998,256
5073859400,smqhm_1024_8,92462565,256
5013534020,smqhm_1024_8,88978270,256
4756510720,smqhm_1024_8,90699351,256
4261838340,smqhm_1024_16,86926228,256
3683634920,smqhm_1024_16,90249905,256
3638113080,smqhm_1024_16,85276196,256
3768972000,smqhm_1024_16,86669776,256
3591947240,smqhm_1024_16,83771533,256
3538670300,smqhm_1024_16,83058979,256
3378529340,smqhm_1024_32,81714925,256
3597650000,smqhm_1024_32,88655736,256
3521465240,smqhm_1024_32,82717067,256
3505368880,smqhm_1024_32,85772617,256
3570122960,smqhm_1024_32,84584437,256
3638072980,smqhm_1024_32,77598752,256
3609217300,smqhm_1024_64,75463973,256
3280002740,smqhm_1024_64,64174249,256
3501017920,smqhm_1024_64,74727129,256
3576633000,smqhm_1024_64,72272227,256
3604360300,smqhm_1024_64,75759723,256
3559541720,smqhm_1024_64,80137117,256
3795111900,smqhm_1024_128,71932362,256
3777968680,smqhm_1024_128,70478342,256
3831654340,smqhm_1024_128,77310188,256
3894775140,smqhm_1024_128,74203467,256
3665679180,smqhm_1024_128,65047371,256
3745388700,smqhm_1024_128,75226943,256
4403130000,smqhm_1024_256,69312165,256
3766926940,smqhm_1024_256,57582833,256
4293399640,smqhm_1024_256,73440085,256
3895893600,smqhm_1024_256,70387369,256
3850045980,smqhm_1024_256,64039214,256
3985272540,smqhm_1024_256,74170734,256
4905043120,smqhm_1024_512,68035415,256
5099186020,smqhm_1024_512,74223292,256
4748773080,smqhm_1024_512,67618461,256
4822640380,smqhm_1024_512,67683058,256
4795626800,smqhm_1024_512,68443644,256
4792688060,smqhm_1024_512,69055552,256
6405837880,smqhm_1024_1024,64654939,256
6155834560,smqhm_1024_1024,63722180,256
6887653280,smqhm_1024_1024,71711751,256
6663771000,smqhm_1024_1024,65418889,256
6423342340,smqhm_1024_1024,64622784,256
6581906500,smqhm_1024_1024,70994626,256
