76481580,smqhm_1_1,6324978,256
71214960,smqhm_1_1,6337963,256
84170760,smqhm_1_1,6342206,256
83564900,smqhm_1_1,6332193,256
74798440,smqhm_1_1,6337463,256
70962820,smqhm_1_1,6343008,256
99937820,smqhm_1_2,6345061,256
104819160,smqhm_1_2,6342796,256
91413880,smqhm_1_2,6341016,256
99409420,smqhm_1_2,6361006,256
86075540,smqhm_1_2,6334453,256
97146800,smqhm_1_2,6357847,256
84619200,smqhm_1_4,6402352,256
78945360,smqhm_1_4,6376865,256
80549240,smqhm_1_4,6396843,256
80622060,smqhm_1_4,6388577,256
78319860,smqhm_1_4,6374049,256
77103820,smqhm_1_4,6375720,256
118438560,smqhm_1_8,6508448,256
117662720,smqhm_1_8,6540324,256
106592540,smqhm_1_8,6570778,256
133289380,smqhm_1_8,6538645,256
106150320,smqhm_1_8,6538976,256
127544840,smqhm_1_8,6498761,256
145490120,smqhm_1_16,6684847,256
148950400,smqhm_1_16,6687632,256
129349780,smqhm_1_16,6726346,256
134954480,smqhm_1_16,6725359,256
145858720,smqhm_1_16,6705598,256
144561800,smqhm_1_16,6672113,256
181395440,smqhm_1_32,6769056,256
189992220,smqhm_1_32,6784188,256
176612380,smqhm_1_32,6768287,256
178074140,smqhm_1_32,6756352,256
179491900,smqhm_1_32,6768239,256
177733700,smqhm_1_32,6791714,256
302235200,smqhm_1_64,6988498,256
304036080,smqhm_1_64,7006013,256
306588400,smqhm_1_64,6957756,256
323314620,smqhm_1_64,7049157,256
353774520,smqhm_1_64,7076688,256
307517040,smqhm_1_64,6952312,256
478469720,smqhm_1_128,7167586,256
474561560,smqhm_1_128,7270612,256
473467940,smqhm_1_128,7224647,256
486437280,smqhm_1_128,7188386,256
483180580,smqhm_1_128,7165638,256
518995080,smqhm_1_128,7155876,256
802992080,smqhm_1_256,7339974,256
774950340,smqhm_1_256,7341935,256
799299660,smqhm_1_256,7278185,256
782451880,smqhm_1_256,7271315,256
786907900,smqhm_1_256,7373036,256
817837640,smqhm_1_256,7375855,256
1422667980,smqhm_1_512,7396628,256
1446854920,smqhm_1_512,7445865,256
1416627540,smqhm_1_512,7406339,256
1503436960,smqhm_1_512,7329530,256
1443483920,smqhm_1_512,7427672,256
1432118100,smqhm_1_512,7374027,256
2991038000,smqhm_1_1024,7488084,256
2985360840,smqhm_1_1024,7569122,256
2951234420,smqhm_1_1024,7564400,256
2951732460,smqhm_1_1024,7503508,256
2980856560,smqhm_1_1024,7602976,256
2963593420,smqhm_1_1024,7453261,256
60786860,smqhm_2_1,6544617,256
59832940,smqhm_2_1,6528985,256
59565800,smqhm_2_1,6542590,256
61342600,smqhm_2_1,6563868,256
60411340,smqhm_2_1,6534031,256
61093100,smqhm_2_1,6537832,256
77712300,smqhm_2_2,6520124,256
68359020,smqhm_2_2,6503269,256
70758080,smqhm_2_2,6479194,256
92356060,smqhm_2_2,6523170,256
76688900,smqhm_2_2,6504938,256
70639700,smqhm_2_2,6509747,256
70836700,smqhm_2_4,6560644,256
65120380,smqhm_2_4,6581556,256
66773800,smqhm_2_4,6613586,256
67953760,smqhm_2_4,6580161,256
65929680,smqhm_2_4,6583025,256
64863420,smqhm_2_4,6560281,256
109054140,smqhm_2_8,6930622,256
90851880,smqhm_2_8,6874765,256
100120440,smqhm_2_8,6876442,256
100688860,smqhm_2_8,6941781,256
108613240,smqhm_2_8,6897279,256
92254600,smqhm_2_8,6916922,256
112625680,smqhm_2_16,7211913,256
110783920,smqhm_2_16,7219730,256
111941160,smqhm_2_16,7257064,256
112151280,smqhm_2_16,7227580,256
112704340,smqhm_2_16,7220223,256
119938640,smqhm_2_16,7199965,256
159569980,smqhm_2_32,7359400,256
160059120,smqhm_2_32,7336264,256
154848900,smqhm_2_32,7392115,256
163722820,smqhm_2_32,7401664,256
160298980,smqhm_2_32,7343904,256
152062320,smqhm_2_32,7358149,256
296839140,smqhm_2_64,7732177,256
270521000,smqhm_2_64,7668876,256
290363760,smqhm_2_64,7725841,256
281492600,smqhm_2_64,7631250,256
292648680,smqhm_2_64,7753060,256
273275840,smqhm_2_64,7639883,256
435737840,smqhm_2_128,8019691,256
424993140,smqhm_2_128,8032593,256
419783160,smqhm_2_128,7938286,256
440932180,smqhm_2_128,7971613,256
433205200,smqhm_2_128,7930429,256
416473480,smqhm_2_128,7941563,256
690940740,smqhm_2_256,8221417,256
664075840,smqhm_2_256,8201062,256
746404460,smqhm_2_256,8230204,256
695835860,smqhm_2_256,8274906,256
679382620,smqhm_2_256,8213887,256
817231100,smqhm_2_256,8352575,256
1241341360,smqhm_2_512,8336797,256
1254985020,smqhm_2_512,8371724,256
1236951200,smqhm_2_512,8358086,256
1240733100,smqhm_2_512,8375780,256
1240576080,smqhm_2_512,8408402,256
1228299200,smqhm_2_512,8291889,256
2609814780,smqhm_2_1024,9242882,256
2551929640,smqhm_2_1024,8608985,256
2506770160,smqhm_2_1024,8602124,256
2516444220,smqhm_2_1024,8590474,256
2556110080,smqhm_2_1024,8735965,256
2529504100,smqhm_2_1024,8549874,256
55577160,smqhm_4_1,7298206,256
56522680,smqhm_4_1,7235933,256
56890660,smqhm_4_1,7260967,256
59268080,smqhm_4_1,7301220,256
58302820,smqhm_4_1,7289592,256
55686880,smqhm_4_1,7284325,256
64225260,smqhm_4_2,6909585,256
64150140,smqhm_4_2,6941976,256
59230180,smqhm_4_2,6856103,256
62605980,smqhm_4_2,6869739,256
64299060,smqhm_4_2,6923384,256
69650660,smqhm_4_2,6915665,256
74678420,smqhm_4_4,7004345,256
63767900,smqhm_4_4,6952473,256
61101900,smqhm_4_4,6960820,256
63370160,smqhm_4_4,6980079,256
60449420,smqhm_4_4,6973059,256
60425440,smqhm_4_4,6983399,256
76929660,smqhm_4_8,7505621,256
75817700,smqhm_4_8,7474231,256
76075760,smqhm_4_8,7479783,256
75495600,smqhm_4_8,7472071,256
76713860,smqhm_4_8,7444542,256
81660540,smqhm_4_8,7505315,256
97317780,smqhm_4_16,8037141,256
99940520,smqhm_4_16,8078572,256
96751960,smqhm_4_16,8018173,256
95965380,smqhm_4_16,7984171,256
95348540,smqhm_4_16,8085760,256
97412780,smqhm_4_16,8081791,256
144461980,smqhm_4_32,8390239,256
154168100,smqhm_4_32,8568438,256
138705660,smqhm_4_32,8416476,256
139000300,smqhm_4_32,8425284,256
138886320,smqhm_4_32,8468789,256
141474100,smqhm_4_32,8395600,256
252227340,smqhm_4_64,8985485,256
246570840,smqhm_4_64,8903281,256
252283700,smqhm_4_64,8977411,256
267227160,smqhm_4_64,9218483,256
244370660,smqhm_4_64,8887546,256
263479300,smqhm_4_64,9119712,256
389065660,smqhm_4_128,9445043,256
392971000,smqhm_4_128,9498767,256
398306620,smqhm_4_128,9513456,256
394744440,smqhm_4_128,9479836,256
398504540,smqhm_4_128,9484582,256
389631860,smqhm_4_128,9294461,256
597804480,smqhm_4_256,9691645,256
608280720,smqhm_4_256,9845628,256
598499700,smqhm_4_256,9819965,256
610877720,smqhm_4_256,9942122,256
677405320,smqhm_4_256,9860940,256
724595940,smqhm_4_256,9846214,256
1109054460,smqhm_4_512,10150654,256
1121309240,smqhm_4_512,10305024,256
1157340300,smqhm_4_512,10332390,256
1114104000,smqhm_4_512,10214359,256
1113489600,smqhm_4_512,10156699,256
1139668700,smqhm_4_512,10362416,256
2273244600,smqhm_4_1024,10710447,256
2279819380,smqhm_4_1024,10686949,256
2268946920,smqhm_4_1024,10595439,256
2243716380,smqhm_4_1024,10701260,256
2249631360,smqhm_4_1024,10628497,256
2238934860,smqhm_4_1024,10486394,256
58712340,smqhm_8_1,9077396,256
59728480,smqhm_8_1,9085485,256
59344360,smqhm_8_1,9156387,256
59512740,smqhm_8_1,9089551,256
59538000,smqhm_8_1,9157242,256
66191560,smqhm_8_1,9163998,256
60417380,smqhm_8_2,7811722,256
60260900,smqhm_8_2,7880265,256
58862040,smqhm_8_2,7832323,256
58681280,smqhm_8_2,7869910,256
60336440,smqhm_8_2,7879800,256
59904980,smqhm_8_2,7831973,256
60790840,smqhm_8_4,7662087,256
60302000,smqhm_8_4,7646078,256
60657720,smqhm_8_4,7664710,256
63959460,smqhm_8_4,7633482,256
61447540,smqhm_8_4,7697846,256
60053940,smqhm_8_4,7612543,256
76939980,smqhm_8_8,8331741,256
71843160,smqhm_8_8,8288640,256
74159120,smqhm_8_8,8322237,256
71828960,smqhm_8_8,8282638,256
73733040,smqhm_8_8,8298838,256
73507600,smqhm_8_8,8327509,256
93539100,smqhm_8_16,9226143,256
89265540,smqhm_8_16,9172004,256
93108320,smqhm_8_16,9137307,256
96799480,smqhm_8_16,9302602,256
89924300,smqhm_8_16,9225237,256
91612060,smqhm_8_16,9304597,256
148469320,smqhm_8_32,10051881,256
131815780,smqhm_8_32,10011117,256
131605120,smqhm_8_32,10035142,256
133759920,smqhm_8_32,10006811,256
130479180,smqhm_8_32,10033824,256
139433380,smqhm_8_32,9989154,256
231622440,smqhm_8_64,10924718,256
225416840,smqhm_8_64,10823063,256
219632180,smqhm_8_64,10686684,256
226745880,smqhm_8_64,10753563,256
253701840,smqhm_8_64,11183174,256
233980480,smqhm_8_64,11068236,256
367478380,smqhm_8_128,11694076,256
371755660,smqhm_8_128,11803668,256
354099940,smqhm_8_128,11425632,256
358309800,smqhm_8_128,11326933,256
354395780,smqhm_8_128,11595750,256
357052240,smqhm_8_128,11550122,256
539585920,smqhm_8_256,12205777,256
629656700,smqhm_8_256,12430619,256
541859500,smqhm_8_256,12386692,256
530219720,smqhm_8_256,12308028,256
533024220,smqhm_8_256,12164349,256
518974440,smqhm_8_256,11919436,256
1101457680,smqhm_8_512,13743212,256
1065309920,smqhm_8_512,13278528,256
1068902740,smqhm_8_512,13442443,256
1075948240,smqhm_8_512,13661800,256
1098636680,smqhm_8_512,13727924,256
1074308220,smqhm_8_512,13406149,256
2320561840,smqhm_8_1024,14908407,256
2218298880,smqhm_8_1024,14650675,256
2204719880,smqhm_8_1024,14546626,256
2263580140,smqhm_8_1024,15167581,256
2235056460,smqhm_8_1024,14759351,256
2228801840,smqhm_8_1024,14867657,256
71840480,smqhm_16_1,12761244,256
71647980,smqhm_16_1,12552115,256
73819280,smqhm_16_1,12738750,256
70951320,smqhm_16_1,12434514,256
72755660,smqhm_16_1,12584432,256
72835940,smqhm_16_1,12607842,256
63208700,smqhm_16_2,9797999,256
63350460,smqhm_16_2,9687931,256
63894700,smqhm_16_2,9965166,256
64667660,smqhm_16_2,9855520,256
63801480,smqhm_16_2,9851475,256
63556700,smqhm_16_2,9871375,256
62677740,smqhm_16_4,8868695,256
62121640,smqhm_16_4,8900895,256
61265400,smqhm_16_4,8894365,256
61956260,smqhm_16_4,8866931,256
63403420,smqhm_16_4,8886305,256
61870760,smqhm_16_4,8913526,256
76649960,smqhm_16_8,9537505,256
77427300,smqhm_16_8,9321652,256
73342660,smqhm_16_8,9377172,256
75242580,smqhm_16_8,9398716,256
72554320,smqhm_16_8,9283384,256
72336220,smqhm_16_8,9192127,256
94092820,smqhm_16_16,10628079,256
95008460,smqhm_16_16,10623828,256
93842020,smqhm_16_16,10707945,256
95674560,smqhm_16_16,10590551,256
96039340,smqhm_16_16,10660263,256
95276720,smqhm_16_16,10746569,256
129432960,smqhm_16_32,12056977,256
128789240,smqhm_16_32,11939507,256
127910120,smqhm_16_32,11786350,256
128547020,smqhm_16_32,11911197,256
130375600,smqhm_16_32,11952612,256
131367540,smqhm_16_32,12089334,256
199978980,smqhm_16_64,12852323,256
234680540,smqhm_16_64,13282611,256
214757940,smqhm_16_64,13482462,256
211024760,smqhm_16_64,13047060,256
204974660,smqhm_16_64,13109698,256
210053360,smqhm_16_64,13211961,256
327039400,smqhm_16_128,14646103,256
332558420,smqhm_16_128,14773056,256
335964780,smqhm_16_128,14498255,256
335504880,smqhm_16_128,14831347,256
337713920,smqhm_16_128,14629428,256
332817080,smqhm_16_128,14522030,256
511910240,smqhm_16_256,15686026,256
490578460,smqhm_16_256,15298284,256
504636680,smqhm_16_256,15516629,256
582175060,smqhm_16_256,15797585,256
636760040,smqhm_16_256,16820391,256
604833400,smqhm_16_256,16383707,256
922402820,smqhm_16_512,16459562,256
932004760,smqhm_16_512,16653139,256
970066580,smqhm_16_512,17111152,256
942455860,smqhm_16_512,16820951,256
921568000,smqhm_16_512,16542400,256
942544840,smqhm_16_512,16710536,256
1934573060,smqhm_16_1024,18368567,256
1925581840,smqhm_16_1024,18405710,256
1879718200,smqhm_16_1024,18004593,256
1916493560,smqhm_16_1024,18174454,256
2017570340,smqhm_16_1024,19231920,256
1896886740,smqhm_16_1024,17969960,256
90210980,smqhm_32_1,18464398,256
88422300,smqhm_32_1,17775816,256
86508000,smqhm_32_1,17568346,256
84113840,smqhm_32_1,17002089,256
87964120,smqhm_32_1,17906801,256
94299520,smqhm_32_1,17778080,256
75068720,smqhm_32_2,13266968,256
76554920,smqhm_32_2,13543079,256
74506100,smqhm_32_2,13411876,256
74971880,smqhm_32_2,13357710,256
75335180,smqhm_32_2,13490707,256
74648080,smqhm_32_2,13416082,256
65913600,smqhm_32_4,10915650,256
67464700,smqhm_32_4,11010617,256
66806880,smqhm_32_4,10816567,256
67456340,smqhm_32_4,11014256,256
66292080,smqhm_32_4,10917561,256
66775520,smqhm_32_4,10894861,256
79052140,smqhm_32_8,10990658,256
77981440,smqhm_32_8,11049094,256
79611600,smqhm_32_8,11076783,256
79283280,smqhm_32_8,11073726,256
86719260,smqhm_32_8,11002963,256
79587200,smqhm_32_8,11157905,256
101295540,smqhm_32_16,12586034,256
104865860,smqhm_32_16,12481382,256
101471160,smqhm_32_16,12532271,256
103785700,smqhm_32_16,12349554,256
100084480,smqhm_32_16,12381690,256
99118040,smqhm_32_16,12364562,256
131635440,smqhm_32_32,14183013,256
141676940,smqhm_32_32,14477640,256
136890340,smqhm_32_32,14368961,256
136963260,smqhm_32_32,14479647,256
136424840,smqhm_32_32,14367306,256
139160520,smqhm_32_32,14134859,256
207999700,smqhm_32_64,15828209,256
205547980,smqhm_32_64,16168734,256
203677680,smqhm_32_64,15918689,256
202964380,smqhm_32_64,16143416,256
225663640,smqhm_32_64,15915682,256
202909320,smqhm_32_64,16259092,256
305414480,smqhm_32_128,17069491,256
306495200,smqhm_32_128,17397969,256
315964840,smqhm_32_128,17604521,256
307555080,smqhm_32_128,17236444,256
305705140,smqhm_32_128,17245577,256
318722000,smqhm_32_128,17198938,256
523318520,smqhm_32_256,18475839,256
538910700,smqhm_32_256,18748358,256
555274780,smqhm_32_256,18898357,256
570509060,smqhm_32_256,20821287,256
516634280,smqhm_32_256,18318879,256
541824340,smqhm_32_256,18568663,256
1141986260,smqhm_32_512,24770954,256
1083979160,smqhm_32_512,23234504,256
1123652300,smqhm_32_512,24211308,256
1157084860,smqhm_32_512,25150021,256
1171614000,smqhm_32_512,25007033,256
1115250700,smqhm_32_512,24042595,256
2710215360,smqhm_32_1024,30653975,256
2730543700,smqhm_32_1024,30462529,256
2711570880,smqhm_32_1024,30747807,256
2794685920,smqhm_32_1024,31563786,256
2699238800,smqhm_32_1024,30637913,256
2697639700,smqhm_32_1024,30446011,256
113792340,smqhm_64_1,26630320,256
113424960,smqhm_64_1,26385599,256
108243680,smqhm_64_1,25247364,256
110336620,smqhm_64_1,25957318,256
112490860,smqhm_64_1,26289837,256
105363840,smqhm_64_1,24404760,256
93040280,smqhm_64_2,18766086,256
92955640,smqhm_64_2,18675595,256
96733400,smqhm_64_2,19307031,256
93517860,smqhm_64_2,18709775,256
96202760,smqhm_64_2,19063035,256
94865480,smqhm_64_2,19250212,256
78040280,smqhm_64_4,13975094,256
78853200,smqhm_64_4,14204990,256
84128020,smqhm_64_4,14885929,256
82210980,smqhm_64_4,14725196,256
79718840,smqhm_64_4,14550466,256
80593740,smqhm_64_4,14560220,256
88444740,smqhm_64_8,13362121,256
88880480,smqhm_64_8,13434330,256
88402340,smqhm_64_8,13330540,256
136572220,smqhm_64_8,13318639,256
90268500,smqhm_64_8,13598882,256
88743620,smqhm_64_8,13365945,256
107523340,smqhm_64_16,14604525,256
108467360,smqhm_64_16,14792707,256
108096460,smqhm_64_16,14608665,256
108794760,smqhm_64_16,14618179,256
109334740,smqhm_64_16,14770898,256
109883540,smqhm_64_16,14702646,256
147742960,smqhm_64_32,17001804,256
147249460,smqhm_64_32,17285587,256
146102460,smqhm_64_32,17128336,256
147452200,smqhm_64_32,17423012,256
146205340,smqhm_64_32,17228723,256
145968800,smqhm_64_32,17255987,256
212920540,smqhm_64_64,19635334,256
218859500,smqhm_64_64,20012265,256
213444640,smqhm_64_64,19733359,256
217176500,smqhm_64_64,19632132,256
227017280,smqhm_64_64,19607339,256
213441760,smqhm_64_64,19735791,256
347385580,smqhm_64_128,21757304,256
331688760,smqhm_64_128,21679123,256
332792640,smqhm_64_128,21709379,256
334010380,smqhm_64_128,21649021,256
341781440,smqhm_64_128,21920691,256
334658060,smqhm_64_128,21730553,256
671691240,smqhm_64_256,26912957,256
654663140,smqhm_64_256,26280163,256
639493320,smqhm_64_256,26010917,256
750315140,smqhm_64_256,29937859,256
738017480,smqhm_64_256,29528886,256
649220460,smqhm_64_256,26080825,256
1646369620,smqhm_64_512,37309277,256
1620574740,smqhm_64_512,36856213,256
1637833900,smqhm_64_512,36824264,256
1618233640,smqhm_64_512,36698973,256
1647190660,smqhm_64_512,37534936,256
1594093280,smqhm_64_512,36340890,256
3944010880,smqhm_64_1024,46556736,256
4208410060,smqhm_64_1024,49971237,256
4421455820,smqhm_64_1024,52054255,256
4181642520,smqhm_64_1024,49304968,256
3927345880,smqhm_64_1024,45978106,256
3914954760,smqhm_64_1024,45815014,256
145037060,smqhm_128_1,36885903,256
145936020,smqhm_128_1,38726490,256
140537280,smqhm_128_1,36313313,256
148383620,smqhm_128_1,37527699,256
147406140,smqhm_128_1,39221597,256
144127580,smqhm_128_1,37902348,256
119966580,smqhm_128_2,27005990,256
116655800,smqhm_128_2,26645141,256
122501100,smqhm_128_2,27866869,256
116172800,smqhm_128_2,26171429,256
122060060,smqhm_128_2,27787522,256
119284780,smqhm_128_2,27081249,256
94637380,smqhm_128_4,19227795,256
96520260,smqhm_128_4,19880551,256
95269560,smqhm_128_4,19731912,256
96274040,smqhm_128_4,20030363,256
97611020,smqhm_128_4,20118717,256
93039680,smqhm_128_4,19170907,256
105048820,smqhm_128_8,17551286,256
102367780,smqhm_128_8,17023238,256
105137740,smqhm_128_8,17282964,256
104827000,smqhm_128_8,17364678,256
103390320,smqhm_128_8,17162076,256
104186800,smqhm_128_8,17458178,256
123870360,smqhm_128_16,17768789,256
133585820,smqhm_128_16,18509529,256
125885840,smqhm_128_16,17786241,256
122833920,smqhm_128_16,17469066,256
127124120,smqhm_128_16,17944203,256
123934720,smqhm_128_16,17560445,256
157910560,smqhm_128_32,19937789,256
161584160,smqhm_128_32,20392413,256
164116660,smqhm_128_32,20218155,256
194595700,smqhm_128_32,21022782,256
186946360,smqhm_128_32,20855940,256
165287600,smqhm_128_32,20958012,256
244959940,smqhm_128_64,23923703,256
246087360,smqhm_128_64,24506617,256
245238060,smqhm_128_64,24253143,256
241916480,smqhm_128_64,23908622,256
239732100,smqhm_128_64,23301461,256
246948300,smqhm_128_64,24617478,256
413544500,smqhm_128_128,29369704,256
405357620,smqhm_128_128,28678558,256
400286540,smqhm_128_128,28159261,256
373229900,smqhm_128_128,26444015,256
401873960,smqhm_128_128,28209699,256
408525480,smqhm_128_128,28737569,256
975261880,smqhm_128_256,40165466,256
866522380,smqhm_128_256,35915342,256
944442300,smqhm_128_256,39759609,256
915400280,smqhm_128_256,37717212,256
897511880,smqhm_128_256,37944711,256
955629060,smqhm_128_256,39795676,256
2104791000,smqhm_128_512,49253679,256
2163294760,smqhm_128_512,50339194,256
2219471180,smqhm_128_512,52075439,256
2062142860,smqhm_128_512,48409132,256
2205230620,smqhm_128_512,51954853,256
2038029220,smqhm_128_512,47744339,256
4628211580,smqhm_128_1024,55878501,256
4758936300,smqhm_128_1024,57694917,256
4582015520,smqhm_128_1024,55010400,256
5154840820,smqhm_128_1024,63522265,256
4671337700,smqhm_128_1024,56283023,256
4660391520,smqhm_128_1024,56966091,256
173774280,smqhm_256_1,48880080,256
193932400,smqhm_256_1,49746683,256
196130920,smqhm_256_1,49094860,256
173780860,smqhm_256_1,47949661,256
177684080,smqhm_256_1,48951307,256
179344440,smqhm_256_1,47988219,256
143595960,smqhm_256_2,34302846,256
154392840,smqhm_256_2,36643636,256
155619900,smqhm_256_2,37720129,256
166331040,smqhm_256_2,40386709,256
151764360,smqhm_256_2,36835452,256
158940420,smqhm_256_2,38649845,256
124486760,smqhm_256_4,28781270,256
123809900,smqhm_256_4,27225655,256
123815100,smqhm_256_4,28660300,256
119673280,smqhm_256_4,27084565,256
119041080,smqhm_256_4,26810215,256
117419080,smqhm_256_4,26970231,256
141941520,smqhm_256_8,23497517,256
132054640,smqhm_256_8,23431508,256
131777320,smqhm_256_8,23295875,256
128763380,smqhm_256_8,23214218,256
133299740,smqhm_256_8,23053647,256
135738980,smqhm_256_8,24444129,256
143607880,smqhm_256_16,22251828,256
142105200,smqhm_256_16,21701155,256
143224280,smqhm_256_16,22122641,256
143574020,smqhm_256_16,22238617,256
145765900,smqhm_256_16,22618951,256
142725220,smqhm_256_16,22070738,256
185374560,smqhm_256_32,24395837,256
225838680,smqhm_256_32,24708524,256
208959160,smqhm_256_32,24133163,256
182479640,smqhm_256_32,24264918,256
215452560,smqhm_256_32,25958944,256
210525560,smqhm_256_32,24493687,256
292260500,smqhm_256_64,31066420,256
278692280,smqhm_256_64,29580828,256
276395220,smqhm_256_64,29059438,256
277691220,smqhm_256_64,28495847,256
282354000,smqhm_256_64,29444943,256
276986900,smqhm_256_64,28394964,256
483377860,smqhm_256_128,36045915,256
520871220,smqhm_256_128,36914200,256
472399800,smqhm_256_128,34657425,256
469339780,smqhm_256_128,34019993,256
500119540,smqhm_256_128,36411361,256
476365680,smqhm_256_128,34929208,256
1209390980,smqhm_256_256,51885704,256
1001466240,smqhm_256_256,43090512,256
1051093700,smqhm_256_256,45539210,256
1192657680,smqhm_256_256,51892973,256
1074341860,smqhm_256_256,46015774,256
1091401440,smqhm_256_256,47406282,256
2697878780,smqhm_256_512,63410310,256
2563714200,smqhm_256_512,60665629,256
2706756780,smqhm_256_512,64171125,256
2481065600,smqhm_256_512,58789437,256
2384505300,smqhm_256_512,56020727,256
2532309580,smqhm_256_512,60014816,256
5213494480,smqhm_256_1024,65289297,256
4914686920,smqhm_256_1024,61504306,256
5595267380,smqhm_256_1024,70188285,256
5189909020,smqhm_256_1024,64726894,256
5278407160,smqhm_256_1024,65962422,256
5525297960,smqhm_256_1024,69382120,256
199009580,smqhm_512_1,57734503,256
213855220,smqhm_512_1,60385999,256
210495320,smqhm_512_1,61836416,256
210005580,smqhm_512_1,59709006,256
230793380,smqhm_512_1,62091021,256
201076800,smqhm_512_1,58498062,256
199777160,smqhm_512_2,46831791,256
203070440,smqhm_512_2,51567636,256
189683260,smqhm_512_2,49121820,256
183066940,smqhm_512_2,47139181,256
187789360,smqhm_512_2,48909423,256
176737820,smqhm_512_2,45664080,256
161533300,smqhm_512_4,40024786,256
154985540,smqhm_512_4,38041804,256
158438200,smqhm_512_4,38917123,256
151217020,smqhm_512_4,36830864,256
155996480,smqhm_512_4,37787992,256
147526860,smqhm_512_4,35663687,256
152834700,smqhm_512_8,29255901,256
172993120,smqhm_512_8,31796659,256
154475240,smqhm_512_8,29436749,256
163809840,smqhm_512_8,32074437,256
166137420,smqhm_512_8,32003104,256
170995120,smqhm_512_8,33064230,256
192463380,smqhm_512_16,28043647,256
175651880,smqhm_512_16,28385821,256
176350660,smqhm_512_16,28901133,256
193063460,smqhm_512_16,28636307,256
176564500,smqhm_512_16,28606488,256
181627600,smqhm_512_16,29005219,256
230164760,smqhm_512_32,31813197,256
221183220,smqhm_512_32,30895241,256
226030840,smqhm_512_32,31641295,256
218312800,smqhm_512_32,30532470,256
233225660,smqhm_512_32,32018873,256
228227360,smqhm_512_32,31702865,256
325364740,smqhm_512_64,35159400,256
342639160,smqhm_512_64,37344688,256
338025860,smqhm_512_64,36019646,256
328910040,smqhm_512_64,35784318,256
329101940,smqhm_512_64,33655612,256
325538920,smqhm_512_64,35276597,256
550578140,smqhm_512_128,41653733,256
555317300,smqhm_512_128,41529897,256
560076400,smqhm_512_128,40666972,256
560616020,smqhm_512_128,41689703,256
557512280,smqhm_512_128,41962188,256
578411800,smqhm_512_128,43528857,256
1246763020,smqhm_512_256,53858727,256
1253051020,smqhm_512_256,54849292,256
1292548600,smqhm_512_256,57147912,256
1295465360,smqhm_512_256,56700985,256
1292405380,smqhm_512_256,57249102,256
1211141740,smqhm_512_256,53227755,256
2766967860,smqhm_512_512,67668781,256
2653567000,smqhm_512_512,65126691,256
2568894400,smqhm_512_512,61325865,256
2616499060,smqhm_512_512,63629764,256
2664492440,smqhm_512_512,64804148,256
2847383080,smqhm_512_512,69411920,256
5884721720,smqhm_512_1024,74379447,256
5461173440,smqhm_512_1024,68770490,256
5399893160,smqhm_512_1024,67991594,256
5317005060,smqhm_512_1024,66359964,256
5801290580,smqhm_512_1024,72823608,256
5697355000,smqhm_512_1024,71839645,256
252343460,smqhm_1024_1,70132769,256
263752400,smqhm_1024_1,80520811,256
242365520,smqhm_1024_1,72041006,256
233831260,smqhm_1024_1,70483028,256
240583160,smqhm_1024_1,69964585,256
251121260,smqhm_1024_1,69156972,256
240173320,smqhm_1024_2,61892676,256
215492020,smqhm_1024_2,59101629,256
232777660,smqhm_1024_2,65261210,256
235337400,smqhm_1024_2,65763236,256
258000700,smqhm_1024_2,68154922,256
240088860,smqhm_1024_2,61951382,256
192995940,smqhm_1024_4,48433633,256
193587380,smqhm_1024_4,51475923,256
191720300,smqhm_1024_4,46819921,256
207246820,smqhm_1024_4,53836331,256
178721540,smqhm_1024_4,47516865,256
180997280,smqhm_1024_4,47884079,256
199254660,smqhm_1024_8,40878782,256
204314360,smqhm_1024_8,38926380,256
193388560,smqhm_1024_8,39728585,256
200736640,smqhm_1024_8,41720402,256
205168760,smqhm_1024_8,42509735,256
200729480,smqhm_1024_8,41311772,256
216469400,smqhm_1024_16,36194050,256
218037080,smqhm_1024_16,36613427,256
213077220,smqhm_1024_16,35987676,256
218192860,smqhm_1024_16,36732859,256
213874600,smqhm_1024_16,36172779,256
232621800,smqhm_1024_16,36039683,256
279544680,smqhm_1024_32,40814447,256
254959380,smqhm_1024_32,37320136,256
259750960,smqhm_1024_32,37699191,256
276193900,smqhm_1024_32,40368833,256
267973440,smqhm_1024_32,39116789,256
278889340,smqhm_1024_32,41021404,256
390838900,smqhm_1024_64,43733506,256
376445000,smqhm_1024_64,42373622,256
372238020,smqhm_1024_64,41793856,256
361893520,smqhm_1024_64,40005386,256
362848840,smqhm_1024_64,40231861,256
351357940,smqhm_1024_64,38823971,256
633272120,smqhm_1024_128,48380954,256
631308720,smqhm_1024_128,48665467,256
650283820,smqhm_1024_128,50237031,256
604629380,smqhm_1024_128,45970456,256
647265020,smqhm_1024_128,50293767,256
626408980,smqhm_1024_128,46799166,256
1301802260,smqhm_1024_256,58040462,256
1459647140,smqhm_1024_256,64950561,256
1505631480,smqhm_1024_256,67130338,256
1462438840,smqhm_1024_256,65690643,256
1460558740,smqhm_1024_256,65868975,256
1494454860,smqhm_1024_256,66730389,256
2900797160,smqhm_1024_512,70980217,256
2800822740,smqhm_1024_512,68969927,256
2837661380,smqhm_1024_512,69820370,256
2684761240,smqhm_1024_512,66195486,256
2872793540,smqhm_1024_512,70600238,256
2768711720,smqhm_1024_512,67752875,256
5599791380,smqhm_1024_1024,70789042,256
6037677220,smqhm_1024_1024,76333741,256
6264839800,smqhm_1024_1024,79633566,256
5915370520,smqhm_1024_1024,75245281,256
6069882520,smqhm_1024_1024,76319736,256
5851065320,smqhm_1024_1024,74001637,256
