1648707280,smqhm_1_1,60593988,256
2246808740,smqhm_1_1,65728770,256
2662974340,smqhm_1_1,67305343,256
1303627000,smqhm_1_1,58561563,256
1751230340,smqhm_1_1,60934751,256
1592560440,smqhm_1_1,58393205,256
2310783980,smqhm_1_2,59093247,256
1711206640,smqhm_1_2,54522386,256
1436261480,smqhm_1_2,52902982,256
1553459660,smqhm_1_2,55993538,256
2239444860,smqhm_1_2,57254886,256
1439289020,smqhm_1_2,54274091,256
964923900,smqhm_1_4,51529323,256
974748180,smqhm_1_4,51608610,256
1184503240,smqhm_1_4,51448917,256
1310168860,smqhm_1_4,52551602,256
1044523020,smqhm_1_4,51867410,256
1206398100,smqhm_1_4,51865101,256
1268862120,smqhm_1_8,51505686,256
1283936720,smqhm_1_8,51073305,256
1266888120,smqhm_1_8,52170898,256
1290471740,smqhm_1_8,51540228,256
1216647540,smqhm_1_8,51053529,256
1261200680,smqhm_1_8,51170895,256
1328817220,smqhm_1_16,51053422,256
1345090980,smqhm_1_16,51050738,256
1347961020,smqhm_1_16,50956997,256
1638054100,smqhm_1_16,50960243,256
1473996200,smqhm_1_16,51062991,256
1375761480,smqhm_1_16,50990381,256
1826522060,smqhm_1_32,50997239,256
1778827700,smqhm_1_32,50974812,256
1764360540,smqhm_1_32,50952551,256
1830797720,smqhm_1_32,50884540,256
1787066140,smqhm_1_32,50992977,256
1788649520,smqhm_1_32,51100983,256
2372823180,smqhm_1_64,51489480,256
2616766060,smqhm_1_64,50855001,256
2525656780,smqhm_1_64,50845108,256
2555290220,smqhm_1_64,50866790,256
2424972540,smqhm_1_64,50901607,256
2426042520,smqhm_1_64,51007083,256
3661938960,smqhm_1_128,51238279,256
4004373160,smqhm_1_128,50900494,256
3657408800,smqhm_1_128,50861284,256
3789023220,smqhm_1_128,51042116,256
3587931940,smqhm_1_128,50886431,256
3664289160,smqhm_1_128,50901898,256
4947850660,smqhm_1_256,51538467,256
4996954500,smqhm_1_256,50876746,256
5278015120,smqhm_1_256,50960192,256
4764520660,smqhm_1_256,50823196,256
5189758900,smqhm_1_256,50981942,256
4591361300,smqhm_1_256,50916358,256
6479002180,smqhm_1_512,50980897,256
6367242940,smqhm_1_512,50873371,256
6438721200,smqhm_1_512,51011083,256
6640683920,smqhm_1_512,51079048,256
6393223140,smqhm_1_512,50955489,256
6564495820,smqhm_1_512,50990455,256
8518355560,smqhm_1_1024,50986511,256
9059557980,smqhm_1_1024,50951650,256
8598818860,smqhm_1_1024,50979264,256
8367356140,smqhm_1_1024,51165485,256
8902444800,smqhm_1_1024,51057829,256
8917799280,smqhm_1_1024,50949473,256
3147099980,smqhm_2_1,74563493,256
2103759580,smqhm_2_1,68015291,256
1596460940,smqhm_2_1,66108064,256
2486598540,smqhm_2_1,68891965,256
1828604800,smqhm_2_1,66192221,256
2432735260,smqhm_2_1,69410830,256
1269037300,smqhm_2_2,54829548,256
1249651460,smqhm_2_2,56841667,256
1157658220,smqhm_2_2,55544119,256
1241760580,smqhm_2_2,59405649,256
1704576420,smqhm_2_2,59647138,256
1087336760,smqhm_2_2,55379328,256
1259277260,smqhm_2_4,53113915,256
870425400,smqhm_2_4,52279020,256
898604860,smqhm_2_4,52490717,256
905879760,smqhm_2_4,52469438,256
833982260,smqhm_2_4,51892330,256
832746720,smqhm_2_4,51858952,256
996427320,smqhm_2_8,51541833,256
971213040,smqhm_2_8,51285876,256
1133929220,smqhm_2_8,52296776,256
1027721980,smqhm_2_8,51580169,256
966546920,smqhm_2_8,51593486,256
1049594360,smqhm_2_8,51667931,256
1375689020,smqhm_2_16,51907861,256
1092705180,smqhm_2_16,51364315,256
1211755780,smqhm_2_16,51538832,256
1219551900,smqhm_2_16,53547345,256
1070043600,smqhm_2_16,51050401,256
1236800900,smqhm_2_16,51572004,256
1351051300,smqhm_2_32,51051539,256
1345964920,smqhm_2_32,50928939,256
1468794060,smqhm_2_32,52092432,256
1395856100,smqhm_2_32,51006313,256
1420708540,smqhm_2_32,51106014,256
1396079080,smqhm_2_32,51470404,256
1892861320,smqhm_2_64,51355169,256
1921288160,smqhm_2_64,51037370,256
1894485880,smqhm_2_64,52462441,256
1827709180,smqhm_2_64,50950282,256
1808918060,smqhm_2_64,50999127,256
1889150200,smqhm_2_64,50966340,256
2667174120,smqhm_2_128,50870281,256
2610827080,smqhm_2_128,51262955,256
2758795280,smqhm_2_128,51085706,256
2677091320,smqhm_2_128,50964262,256
2683782240,smqhm_2_128,51153341,256
2665512100,smqhm_2_128,51038970,256
3587998440,smqhm_2_256,50905411,256
3838439700,smqhm_2_256,50896306,256
3429008060,smqhm_2_256,51393811,256
3748504900,smqhm_2_256,51126399,256
3683549160,smqhm_2_256,51203006,256
3534951620,smqhm_2_256,51139769,256
4847574680,smqhm_2_512,51860269,256
4861504840,smqhm_2_512,51103238,256
4721564600,smqhm_2_512,51000664,256
5004851760,smqhm_2_512,50987853,256
5130816880,smqhm_2_512,50952390,256
5405591240,smqhm_2_512,51023232,256
6308720440,smqhm_2_1024,51067492,256
6936907740,smqhm_2_1024,50998896,256
6446129520,smqhm_2_1024,51074821,256
6548150180,smqhm_2_1024,51239116,256
6948998620,smqhm_2_1024,50995165,256
7005189500,smqhm_2_1024,51775013,256
2606653300,smqhm_4_1,77459540,256
2482736460,smqhm_4_1,77842035,256
3739885540,smqhm_4_1,89526914,256
2625141540,smqhm_4_1,83694701,256
3683954960,smqhm_4_1,85977252,256
2438929220,smqhm_4_1,87302312,256
1820966880,smqhm_4_2,76428235,256
1591179440,smqhm_4_2,69898868,256
1525068860,smqhm_4_2,68350939,256
1574318520,smqhm_4_2,62230432,256
2073032020,smqhm_4_2,70326514,256
1674377500,smqhm_4_2,67591231,256
910523180,smqhm_4_4,54885326,256
911895220,smqhm_4_4,55739514,256
836382080,smqhm_4_4,54139533,256
928490340,smqhm_4_4,54705263,256
1072894980,smqhm_4_4,57405495,256
991302340,smqhm_4_4,59746253,256
856872140,smqhm_4_8,52012142,256
957167960,smqhm_4_8,52995863,256
854683840,smqhm_4_8,52233534,256
914470960,smqhm_4_8,52188768,256
998965260,smqhm_4_8,52606701,256
1070993940,smqhm_4_8,53643853,256
910972240,smqhm_4_16,51474494,256
989306360,smqhm_4_16,51614134,256
927923460,smqhm_4_16,51372935,256
881627560,smqhm_4_16,51399880,256
1084313200,smqhm_4_16,51407003,256
1010455800,smqhm_4_16,51950791,256
1044066900,smqhm_4_32,51190884,256
1174023660,smqhm_4_32,52181182,256
1070293360,smqhm_4_32,51094275,256
1093908200,smqhm_4_32,51134307,256
1086353360,smqhm_4_32,51658122,256
1064338160,smqhm_4_32,51386702,256
1515553160,smqhm_4_64,52193852,256
1462140220,smqhm_4_64,51188073,256
1450006820,smqhm_4_64,51133941,256
1421449420,smqhm_4_64,51586122,256
1448374880,smqhm_4_64,51192485,256
1515811200,smqhm_4_64,51140698,256
2044542660,smqhm_4_128,51087571,256
2008069320,smqhm_4_128,51045932,256
2186676760,smqhm_4_128,52165916,256
2009367980,smqhm_4_128,51128162,256
2010832780,smqhm_4_128,51169861,256
1994766100,smqhm_4_128,51138156,256
2738181140,smqhm_4_256,51010390,256
2664964520,smqhm_4_256,51035316,256
2685156840,smqhm_4_256,51846950,256
2670935360,smqhm_4_256,52337976,256
2823555040,smqhm_4_256,52420446,256
2681381180,smqhm_4_256,51228006,256
3536918740,smqhm_4_512,51315336,256
3562577440,smqhm_4_512,51190044,256
3825227240,smqhm_4_512,51583872,256
3657118260,smqhm_4_512,51395473,256
3696602600,smqhm_4_512,51009037,256
3726945380,smqhm_4_512,51171239,256
4938954660,smqhm_4_1024,51098394,256
5132308040,smqhm_4_1024,51552555,256
5208871040,smqhm_4_1024,51103049,256
4566540620,smqhm_4_1024,51246861,256
5472277960,smqhm_4_1024,52105331,256
4928817300,smqhm_4_1024,51378844,256
3578601340,smqhm_8_1,98351934,256
4320084760,smqhm_8_1,104873003,256
5888360000,smqhm_8_1,115945590,256
4069446140,smqhm_8_1,107235016,256
7015888700,smqhm_8_1,114031721,256
4964721260,smqhm_8_1,109432204,256
2086402120,smqhm_8_2,76195874,256
2085615440,smqhm_8_2,82776845,256
2844065280,smqhm_8_2,91037691,256
3278193320,smqhm_8_2,92764946,256
3000846160,smqhm_8_2,86022235,256
3024791300,smqhm_8_2,89583705,256
1397639940,smqhm_8_4,74195385,256
1346919120,smqhm_8_4,64702204,256
1348155440,smqhm_8_4,65009177,256
1036005040,smqhm_8_4,60948662,256
1256662860,smqhm_8_4,62707749,256
1049620540,smqhm_8_4,61166091,256
898400100,smqhm_8_8,55422028,256
872450580,smqhm_8_8,54244250,256
862390100,smqhm_8_8,53829152,256
833723120,smqhm_8_8,55835092,256
785635880,smqhm_8_8,53323690,256
933067680,smqhm_8_8,55024459,256
856528180,smqhm_8_16,52033801,256
781991860,smqhm_8_16,51679009,256
833626380,smqhm_8_16,52768648,256
976694680,smqhm_8_16,52247295,256
911722320,smqhm_8_16,52618408,256
803664060,smqhm_8_16,52092953,256
945151060,smqhm_8_32,51846696,256
917166380,smqhm_8_32,54711425,256
1048899320,smqhm_8_32,52073451,256
866998880,smqhm_8_32,51496272,256
1108227020,smqhm_8_32,51799345,256
940410840,smqhm_8_32,51520555,256
1132590060,smqhm_8_64,51190866,256
1210798120,smqhm_8_64,51624279,256
1157012860,smqhm_8_64,51507820,256
1182312880,smqhm_8_64,51480169,256
1162417560,smqhm_8_64,51507920,256
1199376100,smqhm_8_64,52162305,256
1581274340,smqhm_8_128,51262691,256
1535353600,smqhm_8_128,51370407,256
1606945500,smqhm_8_128,52162979,256
1589837540,smqhm_8_128,51407058,256
1623237920,smqhm_8_128,51302584,256
1568385140,smqhm_8_128,51259394,256
2227958220,smqhm_8_256,51737018,256
2089648820,smqhm_8_256,52533868,256
2107172780,smqhm_8_256,51804278,256
2187943260,smqhm_8_256,52318709,256
2044272320,smqhm_8_256,51326488,256
2053051340,smqhm_8_256,51202955,256
2749033340,smqhm_8_512,51254623,256
2885660120,smqhm_8_512,51996955,256
2817754180,smqhm_8_512,51693878,256
2770236640,smqhm_8_512,51438591,256
2710670960,smqhm_8_512,51254773,256
2805369100,smqhm_8_512,51329679,256
3894092960,smqhm_8_1024,51453408,256
3900620640,smqhm_8_1024,51451086,256
3981508280,smqhm_8_1024,51374276,256
3964643440,smqhm_8_1024,51365941,256
4047113280,smqhm_8_1024,52288401,256
4146317440,smqhm_8_1024,52351632,256
4370875900,smqhm_16_1,117362971,256
4689245200,smqhm_16_1,114608045,256
4323753480,smqhm_16_1,116563152,256
7240452960,smqhm_16_1,132508931,256
7595686100,smqhm_16_1,132248941,256
7271461220,smqhm_16_1,130120798,256
3705810260,smqhm_16_2,110190622,256
2827232120,smqhm_16_2,96358323,256
2966429540,smqhm_16_2,99489850,256
2692137860,smqhm_16_2,100753356,256
3783953340,smqhm_16_2,96135929,256
2798297980,smqhm_16_2,92981652,256
1353521260,smqhm_16_4,78561863,256
1323233500,smqhm_16_4,71014306,256
1233626640,smqhm_16_4,72546047,256
1241842020,smqhm_16_4,74761701,256
1095357480,smqhm_16_4,73288333,256
1214376620,smqhm_16_4,73411233,256
1117876660,smqhm_16_8,61089509,256
1022331020,smqhm_16_8,62930839,256
1143012440,smqhm_16_8,62987407,256
1039653800,smqhm_16_8,65846949,256
903750340,smqhm_16_8,61529057,256
1020023020,smqhm_16_8,65804690,256
885840920,smqhm_16_16,56095650,256
915316900,smqhm_16_16,54003486,256
875910580,smqhm_16_16,54283377,256
837376340,smqhm_16_16,54254640,256
845203760,smqhm_16_16,53289743,256
800320840,smqhm_16_16,53998408,256
902546260,smqhm_16_32,53274538,256
856942060,smqhm_16_32,52655793,256
861439820,smqhm_16_32,52485543,256
854441580,smqhm_16_32,52682021,256
889071420,smqhm_16_32,52294741,256
848019900,smqhm_16_32,52512904,256
1054287820,smqhm_16_64,52925652,256
1079639240,smqhm_16_64,52180315,256
1066225020,smqhm_16_64,52106818,256
1038367460,smqhm_16_64,52052750,256
1050529200,smqhm_16_64,51954394,256
987072620,smqhm_16_64,51767661,256
1408199100,smqhm_16_128,53351584,256
1394873580,smqhm_16_128,52050321,256
1416600100,smqhm_16_128,52090037,256
1427780320,smqhm_16_128,53192565,256
1371485880,smqhm_16_128,51918302,256
1340693340,smqhm_16_128,52194537,256
1704307200,smqhm_16_256,52006125,256
1777941700,smqhm_16_256,51842291,256
1784148760,smqhm_16_256,51746073,256
1874886160,smqhm_16_256,53482655,256
1618198020,smqhm_16_256,51324402,256
1719508080,smqhm_16_256,51690330,256
2373981780,smqhm_16_512,52515838,256
2344622720,smqhm_16_512,52043188,256
2399616960,smqhm_16_512,52029147,256
2207890260,smqhm_16_512,52273909,256
2431743780,smqhm_16_512,52760744,256
2579614280,smqhm_16_512,56384146,256
3354783260,smqhm_16_1024,51758903,256
3535655480,smqhm_16_1024,52316842,256
3494003640,smqhm_16_1024,52186928,256
3485321160,smqhm_16_1024,51984857,256
3597738780,smqhm_16_1024,52112627,256
3497262240,smqhm_16_1024,52423868,256
7940003200,smqhm_32_1,152594848,256
5996008400,smqhm_32_1,142898560,256
5761223600,smqhm_32_1,138998161,256
6975003320,smqhm_32_1,137804770,256
6153542140,smqhm_32_1,129945300,256
6929275480,smqhm_32_1,145727358,256
4123735740,smqhm_32_2,117810875,256
3538526200,smqhm_32_2,113366049,256
3083709460,smqhm_32_2,108478797,256
3520802500,smqhm_32_2,119726982,256
3232007540,smqhm_32_2,110078288,256
4532558640,smqhm_32_2,125092319,256
1606265860,smqhm_32_4,84052179,256
2185484560,smqhm_32_4,103954296,256
2252704300,smqhm_32_4,109891155,256
1643353040,smqhm_32_4,95251132,256
1465080720,smqhm_32_4,90036825,256
1530250660,smqhm_32_4,95173379,256
1172327940,smqhm_32_8,76232132,256
1006184560,smqhm_32_8,70180507,256
1134375200,smqhm_32_8,68562429,256
1105686800,smqhm_32_8,67416025,256
1109437200,smqhm_32_8,72023278,256
905224600,smqhm_32_8,70009209,256
893658580,smqhm_32_16,61194499,256
951979820,smqhm_32_16,64886405,256
878093440,smqhm_32_16,58876894,256
932783980,smqhm_32_16,57783937,256
1214786300,smqhm_32_16,69440043,256
910766780,smqhm_32_16,60399670,256
823776040,smqhm_32_32,54936605,256
822528420,smqhm_32_32,55369440,256
830834580,smqhm_32_32,54997529,256
878695880,smqhm_32_32,56103345,256
842408040,smqhm_32_32,56677273,256
797426740,smqhm_32_32,54103450,256
965158260,smqhm_32_64,53001832,256
933418700,smqhm_32_64,53144275,256
977346460,smqhm_32_64,53024208,256
960793060,smqhm_32_64,53627114,256
1010109060,smqhm_32_64,53011789,256
950816320,smqhm_32_64,52854604,256
1204684940,smqhm_32_128,52509604,256
1200184640,smqhm_32_128,52771692,256
1258221120,smqhm_32_128,53368233,256
1184636920,smqhm_32_128,52897744,256
1192340340,smqhm_32_128,52632150,256
1218819740,smqhm_32_128,52618160,256
1454307600,smqhm_32_256,52183314,256
1489238900,smqhm_32_256,51904707,256
1690772440,smqhm_32_256,52418381,256
1510423820,smqhm_32_256,51977073,256
1492476720,smqhm_32_256,52455112,256
1492339560,smqhm_32_256,52336686,256
2271343780,smqhm_32_512,53155727,256
2203401400,smqhm_32_512,54733498,256
2344059360,smqhm_32_512,55427339,256
2156845320,smqhm_32_512,52665150,256
2111991500,smqhm_32_512,53721977,256
2194895620,smqhm_32_512,52909268,256
3212010520,smqhm_32_1024,53122916,256
3291356780,smqhm_32_1024,54041453,256
3333327240,smqhm_32_1024,53834015,256
3712127200,smqhm_32_1024,53531617,256
3348479340,smqhm_32_1024,53369929,256
3330557700,smqhm_32_1024,54624355,256
8363467420,smqhm_64_1,145927246,256
5799601040,smqhm_64_1,161787464,256
8758723120,smqhm_64_1,158052149,256
9129419600,smqhm_64_1,161204268,256
7254536580,smqhm_64_1,167667854,256
5893064440,smqhm_64_1,163536578,256
3511078300,smqhm_64_2,113774352,256
3485285980,smqhm_64_2,135429777,256
4291138800,smqhm_64_2,122412860,256
3459240520,smqhm_64_2,137435385,256
5262783420,smqhm_64_2,137344527,256
3824094820,smqhm_64_2,131351933,256
2408593080,smqhm_64_4,122959224,256
2264748120,smqhm_64_4,111877982,256
1876631220,smqhm_64_4,112072438,256
2052838500,smqhm_64_4,106522693,256
1953045040,smqhm_64_4,99751062,256
2233932120,smqhm_64_4,113412585,256
1225579780,smqhm_64_8,79038960,256
1269049480,smqhm_64_8,87386608,256
1247547240,smqhm_64_8,82256989,256
1270969420,smqhm_64_8,84397224,256
1250185300,smqhm_64_8,81738869,256
1093906020,smqhm_64_8,74037088,256
973826620,smqhm_64_16,71610362,256
999494160,smqhm_64_16,68919884,256
959552360,smqhm_64_16,67201527,256
910109460,smqhm_64_16,66287568,256
1166336560,smqhm_64_16,74185201,256
961818280,smqhm_64_16,67215074,256
1008797720,smqhm_64_32,66271618,256
960637580,smqhm_64_32,62622586,256
978988140,smqhm_64_32,61270508,256
859431600,smqhm_64_32,62032028,256
840258120,smqhm_64_32,60074826,256
1015806120,smqhm_64_32,61500979,256
938080220,smqhm_64_64,57412585,256
921425560,smqhm_64_64,55708941,256
947506060,smqhm_64_64,56240883,256
939619660,smqhm_64_64,56647141,256
940932340,smqhm_64_64,55356265,256
904891300,smqhm_64_64,55885084,256
1081135860,smqhm_64_128,53484372,256
1142205980,smqhm_64_128,54158486,256
1171091960,smqhm_64_128,54281788,256
1215372420,smqhm_64_128,55301727,256
1149759680,smqhm_64_128,53779830,256
1188318260,smqhm_64_128,54609807,256
1597760960,smqhm_64_256,55271416,256
1460622840,smqhm_64_256,54200256,256
1530285780,smqhm_64_256,54692457,256
1484799820,smqhm_64_256,56690393,256
1603953160,smqhm_64_256,55361599,256
1424520520,smqhm_64_256,53613662,256
2263246120,smqhm_64_512,57125510,256
2301331860,smqhm_64_512,55615474,256
2411824740,smqhm_64_512,55287632,256
2355313980,smqhm_64_512,55678311,256
2268073020,smqhm_64_512,55664538,256
2231386180,smqhm_64_512,56097050,256
3817551520,smqhm_64_1024,57877609,256
3689789240,smqhm_64_1024,60803820,256
3570106980,smqhm_64_1024,57838259,256
3471276240,smqhm_64_1024,56162351,256
3838175780,smqhm_64_1024,57129822,256
3679408640,smqhm_64_1024,59495017,256
9363798680,smqhm_128_1,181402670,256
9697316060,smqhm_128_1,185934150,256
6090428360,smqhm_128_1,161025545,256
5828428960,smqhm_128_1,140549446,256
8773891340,smqhm_128_1,172818813,256
6138906280,smqhm_128_1,166506474,256
4109040180,smqhm_128_2,135514309,256
4591467800,smqhm_128_2,157140798,256
4387302840,smqhm_128_2,144052899,256
3897737820,smqhm_128_2,134636013,256
3303366440,smqhm_128_2,132716243,256
5078506020,smqhm_128_2,137344717,256
2135778260,smqhm_128_4,114791026,256
2114940280,smqhm_128_4,114273369,256
2317040640,smqhm_128_4,123904037,256
1826502380,smqhm_128_4,116720089,256
1827347260,smqhm_128_4,113082253,256
2142754480,smqhm_128_4,120567675,256
1462968680,smqhm_128_8,97483257,256
1543064020,smqhm_128_8,98681555,256
1294450440,smqhm_128_8,94943808,256
1303227600,smqhm_128_8,96333080,256
1624312040,smqhm_128_8,107329092,256
1473427660,smqhm_128_8,100345198,256
1174158920,smqhm_128_16,82876275,256
1149126260,smqhm_128_16,83861396,256
1120169200,smqhm_128_16,86352778,256
1094214560,smqhm_128_16,75609630,256
1077236040,smqhm_128_16,78185453,256
1075273220,smqhm_128_16,82551494,256
1002657720,smqhm_128_32,66757324,256
1032512620,smqhm_128_32,75799860,256
1008970080,smqhm_128_32,67917817,256
1035234220,smqhm_128_32,71685492,256
1047961280,smqhm_128_32,72538492,256
991884360,smqhm_128_32,69318125,256
1005236980,smqhm_128_64,62086851,256
999510800,smqhm_128_64,60726700,256
980904940,smqhm_128_64,60933296,256
1019550960,smqhm_128_64,63233422,256
1196391180,smqhm_128_64,63043392,256
1029939580,smqhm_128_64,63461911,256
1200290320,smqhm_128_128,58802649,256
1148322720,smqhm_128_128,58226311,256
1141471120,smqhm_128_128,57427695,256
1233790780,smqhm_128_128,59707538,256
1157283800,smqhm_128_128,58644717,256
1172720660,smqhm_128_128,58246975,256
1593160280,smqhm_128_256,57475643,256
1692411860,smqhm_128_256,62332464,256
1541952180,smqhm_128_256,59491611,256
1607678940,smqhm_128_256,59311685,256
1624024840,smqhm_128_256,61195687,256
1718295520,smqhm_128_256,61151012,256
2681692200,smqhm_128_512,63762682,256
2591283200,smqhm_128_512,60804315,256
2547425860,smqhm_128_512,61437849,256
2493687080,smqhm_128_512,60595326,256
2517816360,smqhm_128_512,62803364,256
2563088680,smqhm_128_512,59471379,256
4456542060,smqhm_128_1024,59467991,256
4118966260,smqhm_128_1024,61359609,256
4508413240,smqhm_128_1024,71099338,256
4495573760,smqhm_128_1024,66800457,256
4078341140,smqhm_128_1024,63061696,256
4166011960,smqhm_128_1024,61498184,256
6763483900,smqhm_256_1,174174994,256
7272002440,smqhm_256_1,181625921,256
6745562940,smqhm_256_1,168797411,256
6819134420,smqhm_256_1,167575406,256
7573368860,smqhm_256_1,171060449,256
9887775560,smqhm_256_1,179608563,256
4459868500,smqhm_256_2,151483497,256
5451943100,smqhm_256_2,157848025,256
5140837280,smqhm_256_2,162679825,256
5117505460,smqhm_256_2,155861251,256
4504243920,smqhm_256_2,155966189,256
4434847900,smqhm_256_2,143201156,256
2356014220,smqhm_256_4,141968045,256
2434441260,smqhm_256_4,130199110,256
2286329240,smqhm_256_4,134359624,256
2512889160,smqhm_256_4,141232659,256
2356143660,smqhm_256_4,131010233,256
1875140800,smqhm_256_4,118665204,256
1562806240,smqhm_256_8,114300063,256
1469835340,smqhm_256_8,104580243,256
1563243920,smqhm_256_8,108850192,256
1398372040,smqhm_256_8,99225215,256
1506057400,smqhm_256_8,97177682,256
1551140500,smqhm_256_8,112965723,256
1297722640,smqhm_256_16,96299579,256
1397383320,smqhm_256_16,95691687,256
1147842320,smqhm_256_16,85258329,256
1306072700,smqhm_256_16,98511677,256
1302610660,smqhm_256_16,96437777,256
1290856200,smqhm_256_16,96569533,256
1166444760,smqhm_256_32,86557926,256
1177534160,smqhm_256_32,81760405,256
1078353620,smqhm_256_32,77504869,256
1076872380,smqhm_256_32,81481745,256
1077767440,smqhm_256_32,81222975,256
1141082580,smqhm_256_32,86241037,256
1218333480,smqhm_256_64,76774475,256
1105265100,smqhm_256_64,71431035,256
1140413340,smqhm_256_64,74425291,256
1145488780,smqhm_256_64,69195422,256
1121285260,smqhm_256_64,66566363,256
1176909320,smqhm_256_64,72110356,256
1241921000,smqhm_256_128,64324210,256
1427722280,smqhm_256_128,65086364,256
1276233360,smqhm_256_128,63901186,256
1450504880,smqhm_256_128,74025362,256
1327321380,smqhm_256_128,67836272,256
1376452220,smqhm_256_128,65396708,256
1855573280,smqhm_256_256,69196165,256
1818462020,smqhm_256_256,64948113,256
1681550140,smqhm_256_256,64448513,256
1772208000,smqhm_256_256,64800283,256
1677661840,smqhm_256_256,63651169,256
1783852020,smqhm_256_256,65342097,256
2599024940,smqhm_256_512,60970814,256
2562040860,smqhm_256_512,62726532,256
2697177940,smqhm_256_512,64205112,256
2687716240,smqhm_256_512,62837285,256
2739605200,smqhm_256_512,65166140,256
2763652540,smqhm_256_512,70599394,256
5239475520,smqhm_256_1024,79972710,256
5664790580,smqhm_256_1024,88018161,256
5432286660,smqhm_256_1024,80927797,256
5377219440,smqhm_256_1024,81973494,256
6098821020,smqhm_256_1024,95866174,256
5542906000,smqhm_256_1024,85652706,256
10087775640,smqhm_512_1,197374439,256
8947166000,smqhm_512_1,187800374,256
10288238440,smqhm_512_1,180693626,256
10754009060,smqhm_512_1,189409772,256
4586730800,smqhm_512_1,169229920,256
5828986060,smqhm_512_1,163074121,256
4149042780,smqhm_512_2,160331651,256
4328306420,smqhm_512_2,141039339,256
4675198540,smqhm_512_2,157406407,256
4396611980,smqhm_512_2,151047960,256
6009178740,smqhm_512_2,164365491,256
4688223980,smqhm_512_2,157794955,256
2802247840,smqhm_512_4,166342742,256
2178709180,smqhm_512_4,146042336,256
2382080540,smqhm_512_4,136372247,256
2504263560,smqhm_512_4,134334583,256
2636624000,smqhm_512_4,140559984,256
1852021600,smqhm_512_4,128687552,256
1776337700,smqhm_512_8,117810508,256
1757098700,smqhm_512_8,123578510,256
1760605500,smqhm_512_8,128092933,256
1715414520,smqhm_512_8,113338338,256
1924754860,smqhm_512_8,139442202,256
1751105240,smqhm_512_8,133340936,256
1376585260,smqhm_512_16,101406727,256
1518322140,smqhm_512_16,108395179,256
1453332960,smqhm_512_16,107922785,256
1430881540,smqhm_512_16,112038635,256
1459598620,smqhm_512_16,96196453,256
1453440620,smqhm_512_16,107122146,256
1143955780,smqhm_512_32,85111313,256
1209657780,smqhm_512_32,89603117,256
1391281620,smqhm_512_32,98735988,256
1157250120,smqhm_512_32,88921607,256
1193339660,smqhm_512_32,90882034,256
1212145820,smqhm_512_32,90342884,256
1287425560,smqhm_512_64,82931387,256
1406685960,smqhm_512_64,89715166,256
1331836180,smqhm_512_64,83411698,256
1578061780,smqhm_512_64,90404403,256
1287031640,smqhm_512_64,79107290,256
1368528700,smqhm_512_64,91229902,256
1570744100,smqhm_512_128,71354049,256
1379248040,smqhm_512_128,72400867,256
1468714260,smqhm_512_128,73404082,256
1333881900,smqhm_512_128,73078834,256
1428805420,smqhm_512_128,74494306,256
1452207680,smqhm_512_128,77471379,256
2059275820,smqhm_512_256,76585144,256
2080195920,smqhm_512_256,74853361,256
1909381680,smqhm_512_256,69593184,256
1992718200,smqhm_512_256,72782660,256
1940047060,smqhm_512_256,73850230,256
1971812440,smqhm_512_256,75403125,256
2979920200,smqhm_512_512,72183618,256
2789025440,smqhm_512_512,71290787,256
2898742220,smqhm_512_512,67708892,256
2844784360,smqhm_512_512,68114274,256
2916046680,smqhm_512_512,69986804,256
2870160180,smqhm_512_512,70453135,256
6846199860,smqhm_512_1024,102323472,256
5457764080,smqhm_512_1024,80749298,256
7071342320,smqhm_512_1024,109242845,256
5533800720,smqhm_512_1024,87259809,256
5805580620,smqhm_512_1024,90034708,256
6282889460,smqhm_512_1024,99043236,256
6286553860,smqhm_1024_1,171719840,256
9595648860,smqhm_1024_1,206954635,256
11315101100,smqhm_1024_1,189172019,256
7931936240,smqhm_1024_1,177395908,256
5502464040,smqhm_1024_1,158932700,256
7573260060,smqhm_1024_1,189571248,256
5567534740,smqhm_1024_2,180244704,256
5384322060,smqhm_1024_2,154048760,256
4754859260,smqhm_1024_2,162264461,256
4676908740,smqhm_1024_2,160528976,256
6132734340,smqhm_1024_2,177463536,256
5949525280,smqhm_1024_2,181878445,256
2753828620,smqhm_1024_4,157596419,256
3008389540,smqhm_1024_4,169998464,256
2569745520,smqhm_1024_4,140351106,256
2086927280,smqhm_1024_4,128098905,256
2553194340,smqhm_1024_4,140041527,256
2731804920,smqhm_1024_4,149802597,256
1868467280,smqhm_1024_8,139137541,256
2093398520,smqhm_1024_8,154240370,256
1838959040,smqhm_1024_8,131530770,256
1878150620,smqhm_1024_8,131031202,256
1837019320,smqhm_1024_8,130209085,256
2013175420,smqhm_1024_8,150583780,256
1636253620,smqhm_1024_16,121146006,256
1509606600,smqhm_1024_16,121548990,256
1632031800,smqhm_1024_16,128053279,256
1751598520,smqhm_1024_16,129989047,256
1556477440,smqhm_1024_16,115493808,256
1620118040,smqhm_1024_16,127339763,256
1411968600,smqhm_1024_32,101532720,256
1367560680,smqhm_1024_32,103573293,256
1344547060,smqhm_1024_32,105012549,256
1411285840,smqhm_1024_32,114245983,256
1375868720,smqhm_1024_32,106343772,256
1402943320,smqhm_1024_32,110682536,256
1464745360,smqhm_1024_64,99777858,256
1486125040,smqhm_1024_64,95936831,256
1472254120,smqhm_1024_64,95858296,256
1542886800,smqhm_1024_64,95770175,256
1591633760,smqhm_1024_64,99523527,256
1462751580,smqhm_1024_64,95152622,256
1762108680,smqhm_1024_128,90965239,256
1539883860,smqhm_1024_128,82945826,256
1528315040,smqhm_1024_128,84354194,256
1516866800,smqhm_1024_128,82031551,256
1854623980,smqhm_1024_128,93161309,256
1597488160,smqhm_1024_128,84767309,256
2216230840,smqhm_1024_256,84782895,256
2206880920,smqhm_1024_256,87269615,256
2060487060,smqhm_1024_256,73708805,256
2150223160,smqhm_1024_256,82361222,256
2291975660,smqhm_1024_256,92702205,256
2436955520,smqhm_1024_256,90419532,256
3247954160,smqhm_1024_512,80031537,256
3056629060,smqhm_1024_512,73157845,256
3356863140,smqhm_1024_512,83190155,256
3279219100,smqhm_1024_512,74116058,256
3116632560,smqhm_1024_512,79378957,256
3269674700,smqhm_1024_512,85597185,256
6371866260,smqhm_1024_1024,95188934,256
5921158200,smqhm_1024_1024,90090195,256
6035167540,smqhm_1024_1024,87447536,256
5728763900,smqhm_1024_1024,89338001,256
5511112900,smqhm_1024_1024,83727499,256
7277050920,smqhm_1024_1024,113608254,256
