1593529200,smqhm_1_1,12731454,256,0
1798905880,smqhm_1_1,12699191,256,0
1924836820,smqhm_1_1,12712174,256,0
1735405060,smqhm_1_1,12717209,256,0
1945102800,smqhm_1_1,12725353,256,0
1762784080,smqhm_1_1,12729542,256,0
1674175840,smqhm_1_2,12662101,256,0
1530944520,smqhm_1_2,12655829,256,0
1809903100,smqhm_1_2,12695659,256,0
1590315400,smqhm_1_2,12670114,256,0
1807278440,smqhm_1_2,12685162,256,0
1613005140,smqhm_1_2,12671017,256,0
1730277900,smqhm_1_4,12646049,256,0
1834509300,smqhm_1_4,12650502,256,0
1604565140,smqhm_1_4,12640058,256,0
1836310380,smqhm_1_4,12633916,256,0
1621774180,smqhm_1_4,12649786,256,0
1769952740,smqhm_1_4,12639401,256,0
1801575440,smqhm_1_8,12626670,256,0
1743342600,smqhm_1_8,12637689,256,0
1711960280,smqhm_1_8,12623329,256,0
1727132140,smqhm_1_8,12625536,256,0
1646270320,smqhm_1_8,12625452,256,0
1676161840,smqhm_1_8,12631357,256,0
1667449760,smqhm_1_16,12619673,256,0
1773782260,smqhm_1_16,12614929,256,0
1564035940,smqhm_1_16,12615264,256,0
1714902980,smqhm_1_16,12617730,256,0
1520973400,smqhm_1_16,12615195,256,0
1662121940,smqhm_1_16,12611874,256,0
1712111300,smqhm_1_32,12620276,256,0
1829548940,smqhm_1_32,12604393,256,0
1736942480,smqhm_1_32,12620506,256,0
1878509560,smqhm_1_32,12628425,256,0
1700713900,smqhm_1_32,12619656,256,0
1722734240,smqhm_1_32,12602159,256,0
1977306660,smqhm_1_64,12609943,256,0
2044069760,smqhm_1_64,12605103,256,0
1904948700,smqhm_1_64,12596185,256,0
1986559940,smqhm_1_64,12617354,256,0
1915006740,smqhm_1_64,12620291,256,0
2042045280,smqhm_1_64,12620779,256,0
2400413960,smqhm_1_128,12619379,256,0
2299945680,smqhm_1_128,12665727,256,0
2502691560,smqhm_1_128,12617704,256,0
2416777900,smqhm_1_128,12583841,256,0
2392794820,smqhm_1_128,12621535,256,0
2422456240,smqhm_1_128,12751931,256,0
2793036200,smqhm_1_256,12655786,256,0
2836484960,smqhm_1_256,12639172,256,0
2804316820,smqhm_1_256,12658351,256,0
2800736980,smqhm_1_256,12648951,256,0
2776097480,smqhm_1_256,12635227,256,0
2892686920,smqhm_1_256,12649448,256,0
3230010360,smqhm_1_512,12643824,256,0
3881806320,smqhm_1_512,12627632,256,0
3492390180,smqhm_1_512,12613103,256,0
3177868380,smqhm_1_512,12602778,256,0
3366286120,smqhm_1_512,12632224,256,0
3369693280,smqhm_1_512,12660402,256,0
4489309480,smqhm_1_1024,12608686,256,0
4831855800,smqhm_1_1024,12628780,256,0
5073250320,smqhm_1_1024,12590159,256,0
4662517540,smqhm_1_1024,12618668,256,0
4899873640,smqhm_1_1024,12618507,256,0
4751943180,smqhm_1_1024,12617112,256,0
1910236960,smqhm_2_1,12745641,256,0
2164778420,smqhm_2_1,12764664,256,0
1863818400,smqhm_2_1,12749336,256,0
1902849000,smqhm_2_1,12749789,256,0
1913929240,smqhm_2_1,12765124,256,0
1848143740,smqhm_2_1,12750049,256,0
1771681680,smqhm_2_2,12678323,256,0
1756161180,smqhm_2_2,12682575,256,0
1732439580,smqhm_2_2,12686249,256,0
1629933600,smqhm_2_2,12678547,256,0
1804294580,smqhm_2_2,12672557,256,0
1720886420,smqhm_2_2,12679231,256,0
1541652920,smqhm_2_4,12656028,256,0
1667123380,smqhm_2_4,12646023,256,0
1633706980,smqhm_2_4,12634808,256,0
1616199320,smqhm_2_4,12644567,256,0
1662706900,smqhm_2_4,12652505,256,0
1543322400,smqhm_2_4,12656301,256,0
1674257520,smqhm_2_8,12632912,256,0
1451670700,smqhm_2_8,12612684,256,0
1445485940,smqhm_2_8,12620712,256,0
1511557480,smqhm_2_8,12621397,256,0
1529576620,smqhm_2_8,12626981,256,0
1422178680,smqhm_2_8,12622005,256,0
1468354000,smqhm_2_16,12619137,256,0
1671091900,smqhm_2_16,12617907,256,0
1621461560,smqhm_2_16,12603810,256,0
1556379100,smqhm_2_16,12610545,256,0
1696690440,smqhm_2_16,12620322,256,0
1686509940,smqhm_2_16,12606873,256,0
1747539480,smqhm_2_32,12617932,256,0
1521386240,smqhm_2_32,12596285,256,0
1599922880,smqhm_2_32,12608375,256,0
1596674140,smqhm_2_32,12600394,256,0
1597882620,smqhm_2_32,12630757,256,0
1671317660,smqhm_2_32,12623912,256,0
1630283800,smqhm_2_64,12616988,256,0
1687005400,smqhm_2_64,12598836,256,0
1689913680,smqhm_2_64,12607830,256,0
1734289920,smqhm_2_64,12615765,256,0
1640167200,smqhm_2_64,12610172,256,0
1669775340,smqhm_2_64,12605839,256,0
1997654140,smqhm_2_128,12586367,256,0
2020750800,smqhm_2_128,12575590,256,0
2048193200,smqhm_2_128,12584009,256,0
2126340600,smqhm_2_128,12586667,256,0
2057605920,smqhm_2_128,12622342,256,0
2082957360,smqhm_2_128,12593904,256,0
2419243020,smqhm_2_256,12646943,256,0
2506330380,smqhm_2_256,12653957,256,0
2334188700,smqhm_2_256,12598336,256,0
2453228440,smqhm_2_256,12634134,256,0
2416057700,smqhm_2_256,12629780,256,0
2501835100,smqhm_2_256,12647197,256,0
2859616240,smqhm_2_512,12640102,256,0
2948190640,smqhm_2_512,12644723,256,0
2966379440,smqhm_2_512,12594726,256,0
3066237420,smqhm_2_512,12616988,256,0
3095582560,smqhm_2_512,12688380,256,0
2807139060,smqhm_2_512,12624561,256,0
3673948160,smqhm_2_1024,12614483,256,0
3677347080,smqhm_2_1024,12620999,256,0
3740439780,smqhm_2_1024,12615163,256,0
3450923840,smqhm_2_1024,12584965,256,0
4255549420,smqhm_2_1024,12580002,256,0
4092570640,smqhm_2_1024,12622932,256,0
2010630520,smqhm_4_1,12807712,256,0
2061989740,smqhm_4_1,12812522,256,0
2224940660,smqhm_4_1,12796465,256,0
2207061880,smqhm_4_1,12839496,256,0
1875398560,smqhm_4_1,12749853,256,0
2004196560,smqhm_4_1,12810795,256,0
1861734080,smqhm_4_2,12719680,256,0
1850190320,smqhm_4_2,12740600,256,0
1828251180,smqhm_4_2,12713864,256,0
1815883540,smqhm_4_2,12734241,256,0
1907434700,smqhm_4_2,12724752,256,0
1621780820,smqhm_4_2,12724470,256,0
1628471560,smqhm_4_4,12665902,256,0
1659418360,smqhm_4_4,12672985,256,0
1616318860,smqhm_4_4,12667675,256,0
1639614940,smqhm_4_4,12662306,256,0
1727700620,smqhm_4_4,12656944,256,0
1650349820,smqhm_4_4,12662819,256,0
1786972780,smqhm_4_8,12612971,256,0
1629250240,smqhm_4_8,12623130,256,0
1614239380,smqhm_4_8,12630627,256,0
1687619460,smqhm_4_8,12611927,256,0
2112205520,smqhm_4_8,12721720,256,0
1549975280,smqhm_4_8,12621890,256,0
1611230300,smqhm_4_16,12603561,256,0
1537224480,smqhm_4_16,12604198,256,0
1575798200,smqhm_4_16,12617114,256,0
1619634340,smqhm_4_16,12608732,256,0
1590376540,smqhm_4_16,12613607,256,0
1520168340,smqhm_4_16,12602786,256,0
1533630120,smqhm_4_32,12613007,256,0
1591486140,smqhm_4_32,12601308,256,0
1591300300,smqhm_4_32,12604931,256,0
1491618080,smqhm_4_32,12611321,256,0
1500816020,smqhm_4_32,12598679,256,0
1725296320,smqhm_4_32,12604377,256,0
1553316040,smqhm_4_64,12605433,256,0
1538135100,smqhm_4_64,12586769,256,0
1530802060,smqhm_4_64,12596596,256,0
1516372240,smqhm_4_64,12607173,256,0
1621367120,smqhm_4_64,12595628,256,0
1521989020,smqhm_4_64,12599053,256,0
2008545820,smqhm_4_128,12604035,256,0
1948014120,smqhm_4_128,12606288,256,0
1878753820,smqhm_4_128,12621364,256,0
1986393620,smqhm_4_128,12616384,256,0
1795127120,smqhm_4_128,12602266,256,0
1837727460,smqhm_4_128,12599291,256,0
2140143260,smqhm_4_256,12621986,256,0
2288487080,smqhm_4_256,12609519,256,0
2088972420,smqhm_4_256,12610025,256,0
2208335180,smqhm_4_256,12609591,256,0
2225309620,smqhm_4_256,12613561,256,0
2346017660,smqhm_4_256,12612223,256,0
2575104120,smqhm_4_512,12625803,256,0
2669167020,smqhm_4_512,12632944,256,0
2606184580,smqhm_4_512,12617655,256,0
2620956180,smqhm_4_512,12640890,256,0
2601795640,smqhm_4_512,12638623,256,0
2788502080,smqhm_4_512,12630316,256,0
3223431940,smqhm_4_1024,12578155,256,0
3389134160,smqhm_4_1024,12597138,256,0
3112404120,smqhm_4_1024,12619539,256,0
3293175180,smqhm_4_1024,12581628,256,0
3356161220,smqhm_4_1024,12594929,256,0
3338445960,smqhm_4_1024,12594247,256,0
2152416140,smqhm_8_1,12867972,256,0
2213040760,smqhm_8_1,12862068,256,0
1976566880,smqhm_8_1,12883667,256,0
2215678100,smqhm_8_1,12885946,256,0
2150410700,smqhm_8_1,12884348,256,0
2250246720,smqhm_8_1,12865112,256,0
1940163840,smqhm_8_2,12793169,256,0
1858675060,smqhm_8_2,12776329,256,0
1949183800,smqhm_8_2,12794057,256,0
1620590480,smqhm_8_2,12772178,256,0
1916518280,smqhm_8_2,12798686,256,0
1768792860,smqhm_8_2,12746767,256,0
1552611820,smqhm_8_4,12695148,256,0
1866812580,smqhm_8_4,12684604,256,0
1851432460,smqhm_8_4,12700388,256,0
1752799240,smqhm_8_4,12706875,256,0
1735884680,smqhm_8_4,12706502,256,0
2056001080,smqhm_8_4,12742290,256,0
1637130580,smqhm_8_8,12642399,256,0
1734439380,smqhm_8_8,12685718,256,0
1502465800,smqhm_8_8,12653458,256,0
1668051600,smqhm_8_8,12657813,256,0
1626186340,smqhm_8_8,12662313,256,0
1679274260,smqhm_8_8,12635236,256,0
1446738560,smqhm_8_16,12615891,256,0
1577536660,smqhm_8_16,12614849,256,0
1623079560,smqhm_8_16,12604812,256,0
1558729080,smqhm_8_16,12613888,256,0
1397634640,smqhm_8_16,12615468,256,0
1532376340,smqhm_8_16,12613422,256,0
1457564600,smqhm_8_32,12603883,256,0
1621157340,smqhm_8_32,12598577,256,0
1480064800,smqhm_8_32,12591804,256,0
1441101120,smqhm_8_32,12601045,256,0
1517065100,smqhm_8_32,12603314,256,0
1483140940,smqhm_8_32,12606093,256,0
1563386760,smqhm_8_64,12594059,256,0
1444387980,smqhm_8_64,12590008,256,0
1519472740,smqhm_8_64,12612387,256,0
1571254160,smqhm_8_64,12603264,256,0
1532534160,smqhm_8_64,12592146,256,0
1549827280,smqhm_8_64,12592344,256,0
1841205100,smqhm_8_128,12612847,256,0
1709451500,smqhm_8_128,12608501,256,0
1861375160,smqhm_8_128,12599016,256,0
1649217700,smqhm_8_128,12599114,256,0
1805409040,smqhm_8_128,12616768,256,0
1790922900,smqhm_8_128,12602762,256,0
2108751880,smqhm_8_256,12615545,256,0
1989484420,smqhm_8_256,12608735,256,0
2117313520,smqhm_8_256,12617241,256,0
2261784120,smqhm_8_256,12621523,256,0
2071689720,smqhm_8_256,12619808,256,0
2029676020,smqhm_8_256,12608429,256,0
2303077460,smqhm_8_512,12612954,256,0
2316878280,smqhm_8_512,12613175,256,0
2832641120,smqhm_8_512,12636479,256,0
2307926700,smqhm_8_512,12617633,256,0
2273353360,smqhm_8_512,12609074,256,0
2345388660,smqhm_8_512,12619231,256,0
2850044680,smqhm_8_1024,12597405,256,0
2808524460,smqhm_8_1024,12591472,256,0
2756910940,smqhm_8_1024,12607479,256,0
2885709500,smqhm_8_1024,12606113,256,0
2813078100,smqhm_8_1024,12619832,256,0
2792755880,smqhm_8_1024,12614397,256,0
2402291600,smqhm_16_1,12964125,256,0
2612874840,smqhm_16_1,12962553,256,0
2656834280,smqhm_16_1,12978994,256,0
2750860280,smqhm_16_1,12992608,256,0
2232476720,smqhm_16_1,12988243,256,0
2554869680,smqhm_16_1,12969840,256,0
2261602460,smqhm_16_2,12900957,256,0
2087603140,smqhm_16_2,12840845,256,0
1952672760,smqhm_16_2,12869898,256,0
2140975140,smqhm_16_2,12826146,256,0
2333061900,smqhm_16_2,12908102,256,0
2317443160,smqhm_16_2,12898955,256,0
1919347600,smqhm_16_4,12793149,256,0
1698377360,smqhm_16_4,12764897,256,0
1908207680,smqhm_16_4,12758582,256,0
2069839640,smqhm_16_4,12783097,256,0
2049803900,smqhm_16_4,12749407,256,0
1847317580,smqhm_16_4,12786866,256,0
1814178160,smqhm_16_8,12666105,256,0
1729930400,smqhm_16_8,12719934,256,0
1568792540,smqhm_16_8,12699616,256,0
1741851920,smqhm_16_8,12675402,256,0
1740692820,smqhm_16_8,12707314,256,0
1655110580,smqhm_16_8,12675171,256,0
1615401360,smqhm_16_16,12641099,256,0
1459892540,smqhm_16_16,12641110,256,0
1611139480,smqhm_16_16,12642088,256,0
1504133760,smqhm_16_16,12644841,256,0
2100345520,smqhm_16_16,12736623,256,0
1592855060,smqhm_16_16,12641691,256,0
1562220700,smqhm_16_32,12609304,256,0
1424833320,smqhm_16_32,12607161,256,0
1535314140,smqhm_16_32,12610883,256,0
1658688540,smqhm_16_32,12610761,256,0
1530584800,smqhm_16_32,12606022,256,0
1531232200,smqhm_16_32,12607493,256,0
1576788520,smqhm_16_64,12592106,256,0
1573559120,smqhm_16_64,12590590,256,0
1395132460,smqhm_16_64,12604522,256,0
1489778280,smqhm_16_64,12589590,256,0
1456391660,smqhm_16_64,12607046,256,0
1594524180,smqhm_16_64,12589856,256,0
1689927720,smqhm_16_128,12593538,256,0
1603409840,smqhm_16_128,12596370,256,0
1691073680,smqhm_16_128,12593970,256,0
1742277320,smqhm_16_128,12586447,256,0
1808288120,smqhm_16_128,12596156,256,0
1642424380,smqhm_16_128,12593228,256,0
2162129560,smqhm_16_256,12609295,256,0
2037037500,smqhm_16_256,12617983,256,0
1945289840,smqhm_16_256,12612442,256,0
2148834120,smqhm_16_256,12614195,256,0
2071271360,smqhm_16_256,12609956,256,0
1951174200,smqhm_16_256,12609453,256,0
2142391220,smqhm_16_512,12605226,256,0
2200361120,smqhm_16_512,12609350,256,0
2198853540,smqhm_16_512,12612518,256,0
2193915660,smqhm_16_512,12609165,256,0
2116524140,smqhm_16_512,12605338,256,0
2186370000,smqhm_16_512,12608204,256,0
2605007720,smqhm_16_1024,12610129,256,0
2705964960,smqhm_16_1024,12616530,256,0
2517285260,smqhm_16_1024,12610265,256,0
2607641620,smqhm_16_1024,12610995,256,0
2558346380,smqhm_16_1024,12612262,256,0
2588921940,smqhm_16_1024,12605535,256,0
2727119180,smqhm_32_1,13014467,256,0
2969111480,smqhm_32_1,13039696,256,0
2984041920,smqhm_32_1,13015111,256,0
2471235680,smqhm_32_1,13004151,256,0
2046954620,smqhm_32_1,12913488,256,0
2186390380,smqhm_32_1,12942784,256,0
2399855980,smqhm_32_2,12915485,256,0
2526337200,smqhm_32_2,12963012,256,0
2472833360,smqhm_32_2,12980922,256,0
2583973680,smqhm_32_2,12881478,256,0
2187317420,smqhm_32_2,12914076,256,0
2223290800,smqhm_32_2,12925263,256,0
2059272640,smqhm_32_4,12829750,256,0
2046677320,smqhm_32_4,12847330,256,0
2031892560,smqhm_32_4,12806842,256,0
2130137400,smqhm_32_4,12849372,256,0
2228011880,smqhm_32_4,12828061,256,0
2047900960,smqhm_32_4,12828449,256,0
1868952020,smqhm_32_8,12764841,256,0
2109561400,smqhm_32_8,12825358,256,0
1906594820,smqhm_32_8,12762515,256,0
1839809880,smqhm_32_8,12721023,256,0
1687698780,smqhm_32_8,12758778,256,0
2924820580,smqhm_32_8,13041013,256,0
1706777880,smqhm_32_16,12689982,256,0
1520291320,smqhm_32_16,12695934,256,0
1650731100,smqhm_32_16,12674845,256,0
1494363100,smqhm_32_16,12680008,256,0
1655727960,smqhm_32_16,12653259,256,0
1583050580,smqhm_32_16,12678556,256,0
1628412480,smqhm_32_32,12658227,256,0
1698773860,smqhm_32_32,12621963,256,0
1558676700,smqhm_32_32,12623892,256,0
1530442580,smqhm_32_32,12624325,256,0
1549839820,smqhm_32_32,12634035,256,0
1558310180,smqhm_32_32,12633977,256,0
1473486000,smqhm_32_64,12598832,256,0
1414409740,smqhm_32_64,12604174,256,0
1525347340,smqhm_32_64,12599674,256,0
1531635460,smqhm_32_64,12604287,256,0
1483744380,smqhm_32_64,12604847,256,0
1469536060,smqhm_32_64,12599722,256,0
1591954560,smqhm_32_128,12594322,256,0
1586578960,smqhm_32_128,12590248,256,0
1692646480,smqhm_32_128,12590890,256,0
1748943160,smqhm_32_128,12588001,256,0
1612043420,smqhm_32_128,12583791,256,0
1514948760,smqhm_32_128,12587163,256,0
1985849660,smqhm_32_256,12612046,256,0
1744665580,smqhm_32_256,12607474,256,0
1948956560,smqhm_32_256,12606347,256,0
1813005200,smqhm_32_256,12613168,256,0
1969389080,smqhm_32_256,12605008,256,0
1887272900,smqhm_32_256,12612524,256,0
2030145540,smqhm_32_512,12605575,256,0
2083641320,smqhm_32_512,12599724,256,0
2084670200,smqhm_32_512,12604604,256,0
2081282060,smqhm_32_512,12605039,256,0
2276155240,smqhm_32_512,12603917,256,0
2244202640,smqhm_32_512,12601545,256,0
2323493840,smqhm_32_1024,12610874,256,0
2458596680,smqhm_32_1024,12610818,256,0
3005887580,smqhm_32_1024,12615163,256,0
2310658800,smqhm_32_1024,12604346,256,0
2503474660,smqhm_32_1024,12609803,256,0
2437075700,smqhm_32_1024,12608320,256,0
2928767220,smqhm_64_1,13060956,256,0
2388319920,smqhm_64_1,13018793,256,0
2127024740,smqhm_64_1,13003313,256,0
3286089440,smqhm_64_1,13073913,256,0
3574696540,smqhm_64_1,13055593,256,0
2404611180,smqhm_64_1,13014569,256,0
2751427300,smqhm_64_2,13026101,256,0
2301689280,smqhm_64_2,12949144,256,0
2439200820,smqhm_64_2,12950790,256,0
2747922880,smqhm_64_2,13032310,256,0
2463093440,smqhm_64_2,13023027,256,0
2449571380,smqhm_64_2,12962630,256,0
2044200800,smqhm_64_4,12838622,256,0
2444377020,smqhm_64_4,12926929,256,0
2531106020,smqhm_64_4,12953119,256,0
2540673760,smqhm_64_4,12869371,256,0
2461041380,smqhm_64_4,12917079,256,0
2090609780,smqhm_64_4,12927714,256,0
1925298520,smqhm_64_8,12842491,256,0
1981961800,smqhm_64_8,12825228,256,0
2468936740,smqhm_64_8,12848927,256,0
2429629600,smqhm_64_8,12876782,256,0
1904761200,smqhm_64_8,12850401,256,0
1958897780,smqhm_64_8,12819787,256,0
1834547120,smqhm_64_16,12713231,256,0
1806056120,smqhm_64_16,12729250,256,0
2604801080,smqhm_64_16,13091793,256,0
1715066240,smqhm_64_16,12750210,256,0
1840308880,smqhm_64_16,12760359,256,0
1660409060,smqhm_64_16,12737735,256,0
1496630800,smqhm_64_32,12662869,256,0
1568126420,smqhm_64_32,12664368,256,0
1656670220,smqhm_64_32,12690347,256,0
1605201660,smqhm_64_32,12688165,256,0
1559037640,smqhm_64_32,12659516,256,0
1527642740,smqhm_64_32,12664936,256,0
1328650120,smqhm_64_64,12613096,256,0
1503794980,smqhm_64_64,12614407,256,0
1466073880,smqhm_64_64,12610435,256,0
1609488640,smqhm_64_64,12611520,256,0
1462814420,smqhm_64_64,12614998,256,0
1373277900,smqhm_64_64,12602675,256,0
1622702600,smqhm_64_128,12587976,256,0
1733440540,smqhm_64_128,12587567,256,0
1702360620,smqhm_64_128,12590740,256,0
1514220040,smqhm_64_128,12604624,256,0
1642829980,smqhm_64_128,12595628,256,0
1628125840,smqhm_64_128,12594030,256,0
2100798400,smqhm_64_256,12607765,256,0
1846585500,smqhm_64_256,12597239,256,0
1925804620,smqhm_64_256,12603176,256,0
2001917240,smqhm_64_256,12600008,256,0
2081591420,smqhm_64_256,12606427,256,0
2052810880,smqhm_64_256,12600332,256,0
2081892320,smqhm_64_512,12596324,256,0
2036194620,smqhm_64_512,12592419,256,0
1922767500,smqhm_64_512,12596613,256,0
1910758060,smqhm_64_512,12594914,256,0
1996121720,smqhm_64_512,12589620,256,0
2121184920,smqhm_64_512,12590624,256,0
2316645680,smqhm_64_1024,12596730,256,0
2210032000,smqhm_64_1024,12601691,256,0
2237606980,smqhm_64_1024,12598324,256,0
2308808400,smqhm_64_1024,12603304,256,0
2182571500,smqhm_64_1024,12595711,256,0
2326583160,smqhm_64_1024,12603244,256,0
3573423120,smqhm_128_1,13111566,256,0
4465222640,smqhm_128_1,13132839,256,0
2321687880,smqhm_128_1,13027611,256,0
4671288540,smqhm_128_1,13091596,256,0
3402373700,smqhm_128_1,13079131,256,0
2888804300,smqhm_128_1,13039679,256,0
3400366060,smqhm_128_2,13096471,256,0
2612512040,smqhm_128_2,13019278,256,0
2850818360,smqhm_128_2,13061378,256,0
2263891920,smqhm_128_2,12964420,256,0
2775918100,smqhm_128_2,13022518,256,0
4731786800,smqhm_128_2,13163121,256,0
2497940240,smqhm_128_4,12952640,256,0
4374008400,smqhm_128_4,13095308,256,0
2097759260,smqhm_128_4,12972689,256,0
3037892860,smqhm_128_4,13069001,256,0
4077808940,smqhm_128_4,13032337,256,0
2084684060,smqhm_128_4,12950906,256,0
2657571460,smqhm_128_8,12957168,256,0
2574673860,smqhm_128_8,12969163,256,0
2881064920,smqhm_128_8,12939825,256,0
2858961800,smqhm_128_8,12922623,256,0
2604063420,smqhm_128_8,12937904,256,0
2714941000,smqhm_128_8,12949268,256,0
1835546820,smqhm_128_16,12811331,256,0
2006969960,smqhm_128_16,12797952,256,0
2104180960,smqhm_128_16,12846525,256,0
1826437960,smqhm_128_16,12810355,256,0
2165821840,smqhm_128_16,12847484,256,0
2197704080,smqhm_128_16,12827470,256,0
1845333040,smqhm_128_32,12715594,256,0
1676187740,smqhm_128_32,12743908,256,0
1775526040,smqhm_128_32,12728192,256,0
1726545680,smqhm_128_32,12706317,256,0
1775312020,smqhm_128_32,12718429,256,0
1707296800,smqhm_128_32,12723590,256,0
1459861480,smqhm_128_64,12655066,256,0
1615267380,smqhm_128_64,12651531,256,0
1560416220,smqhm_128_64,12637674,256,0
1499781220,smqhm_128_64,12650747,256,0
1518445920,smqhm_128_64,12644445,256,0
1539331640,smqhm_128_64,12656294,256,0
1672599440,smqhm_128_128,12604156,256,0
1590399380,smqhm_128_128,12600027,256,0
1638456060,smqhm_128_128,12593652,256,0
1686893960,smqhm_128_128,12602997,256,0
1620981720,smqhm_128_128,12611992,256,0
1654294020,smqhm_128_128,12611342,256,0
1821607100,smqhm_128_256,12600375,256,0
1946329020,smqhm_128_256,12606874,256,0
1853446020,smqhm_128_256,12606109,256,0
1861985140,smqhm_128_256,12605429,256,0
1818058500,smqhm_128_256,12608225,256,0
1899480060,smqhm_128_256,12603572,256,0
1910784300,smqhm_128_512,12587719,256,0
1934961180,smqhm_128_512,12588448,256,0
1928684980,smqhm_128_512,12584678,256,0
1895380040,smqhm_128_512,12587915,256,0
1992980560,smqhm_128_512,12585964,256,0
2050473300,smqhm_128_512,12586055,256,0
2086863780,smqhm_128_1024,12591347,256,0
2133060200,smqhm_128_1024,12587313,256,0
2090039500,smqhm_128_1024,12584365,256,0
2087691000,smqhm_128_1024,12587312,256,0
2140204840,smqhm_128_1024,12596171,256,0
2230184880,smqhm_128_1024,12590076,256,0
3053039260,smqhm_256_1,13148954,256,0
4459530940,smqhm_256_1,13151170,256,0
2420161820,smqhm_256_1,13114108,256,0
3039129940,smqhm_256_1,13115558,256,0
3225655980,smqhm_256_1,13145344,256,0
3319034740,smqhm_256_1,13077000,256,0
2890040000,smqhm_256_2,13090112,256,0
2741728320,smqhm_256_2,13031027,256,0
2781476600,smqhm_256_2,13062794,256,0
3202786220,smqhm_256_2,13161535,256,0
2361317740,smqhm_256_2,13064634,256,0
4819273060,smqhm_256_2,13136193,256,0
3893041880,smqhm_256_4,13109380,256,0
3361043860,smqhm_256_4,13032064,256,0
3899959060,smqhm_256_4,13081539,256,0
3170737320,smqhm_256_4,13109761,256,0
3709627120,smqhm_256_4,13050243,256,0
2700561860,smqhm_256_4,13005732,256,0
2720336300,smqhm_256_8,13010441,256,0
2532992960,smqhm_256_8,12936779,256,0
2357752920,smqhm_256_8,12971159,256,0
3804059580,smqhm_256_8,13046337,256,0
2872909300,smqhm_256_8,12992650,256,0
3848867540,smqhm_256_8,13034849,256,0
2681610560,smqhm_256_16,12947236,256,0
2433637100,smqhm_256_16,12909619,256,0
1895527620,smqhm_256_16,12881058,256,0
2119660200,smqhm_256_16,12946250,256,0
3090668520,smqhm_256_16,12968096,256,0
2291717520,smqhm_256_16,12882385,256,0
1883431640,smqhm_256_32,12808862,256,0
1911875860,smqhm_256_32,12811516,256,0
1954325620,smqhm_256_32,12804966,256,0
1611216360,smqhm_256_32,12801403,256,0
1742326160,smqhm_256_32,12814370,256,0
1966728780,smqhm_256_32,12839853,256,0
1698635720,smqhm_256_64,12723380,256,0
1575962520,smqhm_256_64,12706197,256,0
1716165980,smqhm_256_64,12708013,256,0
1589412480,smqhm_256_64,12724421,256,0
1636292320,smqhm_256_64,12719232,256,0
1649568340,smqhm_256_64,12712007,256,0
1641851260,smqhm_256_128,12637163,256,0
1644593840,smqhm_256_128,12618478,256,0
1636290020,smqhm_256_128,12634439,256,0
1544067440,smqhm_256_128,12639133,256,0
1656031500,smqhm_256_128,12629056,256,0
1786141880,smqhm_256_128,12627248,256,0
1767255440,smqhm_256_256,12621742,256,0
1824720860,smqhm_256_256,12611930,256,0
2029907200,smqhm_256_256,12619180,256,0
1750155280,smqhm_256_256,12619921,256,0
1828401600,smqhm_256_256,12599624,256,0
1998939000,smqhm_256_256,12659086,256,0
1921166980,smqhm_256_512,12584196,256,0
1992260320,smqhm_256_512,12588113,256,0
2016775920,smqhm_256_512,12583623,256,0
2035727740,smqhm_256_512,12583875,256,0
2172353160,smqhm_256_512,12587299,256,0
2041786900,smqhm_256_512,12582898,256,0
2037482580,smqhm_256_1024,12576833,256,0
2017377820,smqhm_256_1024,12578248,256,0
2068529280,smqhm_256_1024,12573103,256,0
2273372900,smqhm_256_1024,12576897,256,0
2092586180,smqhm_256_1024,12580231,256,0
2177700140,smqhm_256_1024,12580842,256,0
3041360720,smqhm_512_1,13061842,256,0
3627065620,smqhm_512_1,13076604,256,0
3188099360,smqhm_512_1,13062949,256,0
2504456740,smqhm_512_1,13088048,256,0
3276842180,smqhm_512_1,13065512,256,0
3096304060,smqhm_512_1,13097788,256,0
2823833140,smqhm_512_2,13088901,256,0
3222253940,smqhm_512_2,13132187,256,0
3625941060,smqhm_512_2,13043566,256,0
3532893420,smqhm_512_2,13145004,256,0
4117765700,smqhm_512_2,13212394,256,0
2777615060,smqhm_512_2,13091167,256,0
3245748420,smqhm_512_4,13108292,256,0
3952036120,smqhm_512_4,13088959,256,0
4813961540,smqhm_512_4,13149228,256,0
3616295640,smqhm_512_4,13131029,256,0
2521867220,smqhm_512_4,13043742,256,0
3002565200,smqhm_512_4,13114344,256,0
3611316020,smqhm_512_8,13070963,256,0
2670247540,smqhm_512_8,13032000,256,0
3186885720,smqhm_512_8,12999066,256,0
3560125640,smqhm_512_8,13058981,256,0
2913131320,smqhm_512_8,13048553,256,0
2945578380,smqhm_512_8,13034516,256,0
2901387880,smqhm_512_16,13020964,256,0
3457088940,smqhm_512_16,13067963,256,0
3096932920,smqhm_512_16,13005870,256,0
2524573300,smqhm_512_16,12986672,256,0
2856831360,smqhm_512_16,13009203,256,0
2636059280,smqhm_512_16,12958497,256,0
2060369780,smqhm_512_32,12855244,256,0
3254380400,smqhm_512_32,13186017,256,0
2204157820,smqhm_512_32,12902895,256,0
3878120460,smqhm_512_32,12949664,256,0
2622448920,smqhm_512_32,12910893,256,0
2274531980,smqhm_512_32,12908493,256,0
1962109020,smqhm_512_64,12793143,256,0
1718086960,smqhm_512_64,12760263,256,0
1791237000,smqhm_512_64,12802729,256,0
1980143060,smqhm_512_64,12813999,256,0
1900839240,smqhm_512_64,12769081,256,0
2012559660,smqhm_512_64,12807603,256,0
1803939060,smqhm_512_128,12707421,256,0
1675359980,smqhm_512_128,12701175,256,0
1655689680,smqhm_512_128,12663854,256,0
1644413340,smqhm_512_128,12697118,256,0
1673707840,smqhm_512_128,12677069,256,0
1818232320,smqhm_512_128,12677547,256,0
1806352400,smqhm_512_256,12642906,256,0
1800436640,smqhm_512_256,12632740,256,0
1753408740,smqhm_512_256,12637174,256,0
1845067620,smqhm_512_256,12650321,256,0
1729258240,smqhm_512_256,12653239,256,0
1760794480,smqhm_512_256,12665151,256,0
1906917760,smqhm_512_512,12591418,256,0
1922197860,smqhm_512_512,12589195,256,0
2046751520,smqhm_512_512,12584011,256,0
1987162800,smqhm_512_512,12588858,256,0
2092993700,smqhm_512_512,12591085,256,0
2019538320,smqhm_512_512,12592766,256,0
2169383020,smqhm_512_1024,12576949,256,0
2032577740,smqhm_512_1024,12574238,256,0
2147452420,smqhm_512_1024,12577015,256,0
2088867220,smqhm_512_1024,12578202,256,0
2279759300,smqhm_512_1024,12570852,256,0
2121527080,smqhm_512_1024,12578079,256,0
3617557180,smqhm_1024_1,13077473,256,0
3631374880,smqhm_1024_1,13157480,256,0
4676355580,smqhm_1024_1,13201351,256,0
3216658620,smqhm_1024_1,13285184,256,0
3068317420,smqhm_1024_1,13092747,256,0
3416498640,smqhm_1024_1,13177175,256,0
3120545440,smqhm_1024_2,13111750,256,0
3323431160,smqhm_1024_2,13130593,256,0
4201680160,smqhm_1024_2,13125767,256,0
3232614940,smqhm_1024_2,13091752,256,0
3256878800,smqhm_1024_2,13148340,256,0
4140988560,smqhm_1024_2,13133514,256,0
4854991880,smqhm_1024_4,13138713,256,0
3829819180,smqhm_1024_4,13121313,256,0
3238082260,smqhm_1024_4,13064368,256,0
3986888780,smqhm_1024_4,13128370,256,0
5323928340,smqhm_1024_4,13145611,256,0
5303194500,smqhm_1024_4,13170666,256,0
4180240480,smqhm_1024_8,13169897,256,0
3187471760,smqhm_1024_8,13089079,256,0
3395288160,smqhm_1024_8,13081882,256,0
4242760140,smqhm_1024_8,13116203,256,0
2949191960,smqhm_1024_8,13081984,256,0
4470146780,smqhm_1024_8,13143311,256,0
5431743600,smqhm_1024_16,13422395,256,0
3215202660,smqhm_1024_16,13073331,256,0
2201552360,smqhm_1024_16,12970282,256,0
2201469800,smqhm_1024_16,12981750,256,0
3351994420,smqhm_1024_16,13052945,256,0
4510065820,smqhm_1024_16,13077590,256,0
2532525040,smqhm_1024_32,12947261,256,0
2580734700,smqhm_1024_32,12953780,256,0
2383791560,smqhm_1024_32,12931453,256,0
2734672680,smqhm_1024_32,12988874,256,0
3000055640,smqhm_1024_32,13036412,256,0
2475685160,smqhm_1024_32,12973006,256,0
2030064240,smqhm_1024_64,12874207,256,0
2257033520,smqhm_1024_64,12887143,256,0
2471637360,smqhm_1024_64,12877467,256,0
2742802540,smqhm_1024_64,12955417,256,0
2468047140,smqhm_1024_64,12915366,256,0
2352323980,smqhm_1024_64,12884839,256,0
1646614340,smqhm_1024_128,12742964,256,0
1870640600,smqhm_1024_128,12756081,256,0
1726019180,smqhm_1024_128,12751636,256,0
1839350680,smqhm_1024_128,12733428,256,0
1820069020,smqhm_1024_128,12780274,256,0
2240368600,smqhm_1024_128,12825530,256,0
1955427680,smqhm_1024_256,12720546,256,0
2051874460,smqhm_1024_256,12694112,256,0
2009673320,smqhm_1024_256,12691152,256,0
2006739940,smqhm_1024_256,12682989,256,0
2148011080,smqhm_1024_256,12686472,256,0
1905293220,smqhm_1024_256,12691849,256,0
2238923520,smqhm_1024_512,12639821,256,0
1968871120,smqhm_1024_512,12619384,256,0
1955898840,smqhm_1024_512,12623547,256,0
1967298440,smqhm_1024_512,12622182,256,0
1957253520,smqhm_1024_512,12623928,256,0
2045848300,smqhm_1024_512,12637008,256,0
2029656480,smqhm_1024_1024,12585022,256,0
2143229760,smqhm_1024_1024,12582117,256,0
1990781220,smqhm_1024_1024,12577079,256,0
2114148980,smqhm_1024_1024,12583561,256,0
2078062640,smqhm_1024_1024,12583304,256,0
2132523500,smqhm_1024_1024,12589095,256,0
