2283225720,smqhm_1_1,82683959,256,10
2299893300,smqhm_1_1,84649339,256,10
2073019600,smqhm_1_1,80493626,256,10
1936597560,smqhm_1_1,83040462,256,10
2242784260,smqhm_1_1,84054408,256,10
2306497020,smqhm_1_1,85492553,256,10
1862469080,smqhm_1_2,79433052,256,10
2395597860,smqhm_1_2,81042204,256,10
1777888000,smqhm_1_2,79734606,256,10
2231337320,smqhm_1_2,79435944,256,10
2101153380,smqhm_1_2,80837977,256,10
1946094520,smqhm_1_2,79663919,256,10
2329252340,smqhm_1_4,84963069,256,10
1938343140,smqhm_1_4,79152284,256,10
1980502520,smqhm_1_4,79309195,256,10
2302130740,smqhm_1_4,79526345,256,10
2143449000,smqhm_1_4,79599955,256,10
2026081940,smqhm_1_4,77860870,256,10
2173863280,smqhm_1_8,79645042,256,10
1771549100,smqhm_1_8,78463165,256,10
2201053280,smqhm_1_8,81486528,256,10
2081969120,smqhm_1_8,79344383,256,10
1724261120,smqhm_1_8,78284517,256,10
1845428440,smqhm_1_8,79722756,256,10
2340873840,smqhm_1_16,80348644,256,10
2303245560,smqhm_1_16,80848774,256,10
2549277340,smqhm_1_16,79263379,256,10
2246548920,smqhm_1_16,80135266,256,10
2544629660,smqhm_1_16,81226858,256,10
2712545080,smqhm_1_16,79345012,256,10
3087599180,smqhm_1_32,82885019,256,10
2862053080,smqhm_1_32,78317804,256,10
3031998720,smqhm_1_32,81057246,256,10
3159605420,smqhm_1_32,78788413,256,10
2947963960,smqhm_1_32,80463767,256,10
2928742560,smqhm_1_32,78946494,256,10
3337178320,smqhm_1_64,80770418,256,10
3627539000,smqhm_1_64,83968548,256,10
3448885020,smqhm_1_64,79751626,256,10
3563135800,smqhm_1_64,82971411,256,10
3613717180,smqhm_1_64,81809795,256,10
3702201840,smqhm_1_64,85205172,256,10
4998768220,smqhm_1_128,86028749,256,10
4514709760,smqhm_1_128,81306689,256,10
4907760820,smqhm_1_128,84690485,256,10
4484801660,smqhm_1_128,80344496,256,10
4289199960,smqhm_1_128,83957706,256,10
4813448880,smqhm_1_128,81202358,256,10
4185246680,smqhm_1_256,85959991,256,10
3864577880,smqhm_1_256,84699843,256,10
4352023860,smqhm_1_256,83000930,256,10
4411675680,smqhm_1_256,86236798,256,10
4861658760,smqhm_1_256,83887173,256,10
4486392360,smqhm_1_256,87818768,256,10
3209108440,smqhm_1_512,87009074,256,10
2820837160,smqhm_1_512,86998577,256,10
3207985000,smqhm_1_512,88807589,256,10
3019338600,smqhm_1_512,89665094,256,10
3190183980,smqhm_1_512,87460640,256,10
2906649180,smqhm_1_512,86084916,256,10
3909270960,smqhm_1_1024,96930007,256,10
4252169860,smqhm_1_1024,103845509,256,10
3911204360,smqhm_1_1024,95913798,256,10
3910356520,smqhm_1_1024,95467358,256,10
4057951640,smqhm_1_1024,96067149,256,10
4080500960,smqhm_1_1024,99840180,256,10
1946506780,smqhm_2_1,90636551,256,10
2701041000,smqhm_2_1,95952272,256,10
2441885020,smqhm_2_1,89897458,256,10
3520314220,smqhm_2_1,94199783,256,10
2105796600,smqhm_2_1,93979146,256,10
2042435460,smqhm_2_1,93804513,256,10
1947042700,smqhm_2_2,82095469,256,10
4983361520,smqhm_2_2,158707090,256,10
1862849780,smqhm_2_2,81521418,256,10
1637124080,smqhm_2_2,79132627,256,10
2117740520,smqhm_2_2,80547591,256,10
2096700220,smqhm_2_2,81669151,256,10
1767459980,smqhm_2_4,78258179,256,10
1828408140,smqhm_2_4,81119272,256,10
1586112920,smqhm_2_4,77842133,256,10
1927629800,smqhm_2_4,79269194,256,10
1770339320,smqhm_2_4,81527182,256,10
2192200720,smqhm_2_4,84753901,256,10
1634826220,smqhm_2_8,79730768,256,10
2039918500,smqhm_2_8,97111894,256,10
1720751400,smqhm_2_8,80342093,256,10
1731756100,smqhm_2_8,79068772,256,10
1949444040,smqhm_2_8,79812284,256,10
1648646480,smqhm_2_8,78670816,256,10
2082208720,smqhm_2_16,81063822,256,10
1987612740,smqhm_2_16,80735289,256,10
2025332500,smqhm_2_16,80237603,256,10
1865866880,smqhm_2_16,78734463,256,10
2108158600,smqhm_2_16,79801452,256,10
1950369700,smqhm_2_16,86673386,256,10
2285815660,smqhm_2_32,80728354,256,10
2501479880,smqhm_2_32,82042684,256,10
2296958280,smqhm_2_32,84649293,256,10
2268820740,smqhm_2_32,82498938,256,10
2452994680,smqhm_2_32,79642716,256,10
2477457980,smqhm_2_32,83222829,256,10
2742566740,smqhm_2_64,80874380,256,10
2749206120,smqhm_2_64,82587651,256,10
2719809040,smqhm_2_64,80902411,256,10
2720436620,smqhm_2_64,81310999,256,10
2682836520,smqhm_2_64,79884883,256,10
2581410500,smqhm_2_64,80511533,256,10
3542139960,smqhm_2_128,81106200,256,10
3810493540,smqhm_2_128,83197805,256,10
3564331940,smqhm_2_128,81022548,256,10
3852274640,smqhm_2_128,82781550,256,10
3734501500,smqhm_2_128,81012668,256,10
3484765320,smqhm_2_128,82498692,256,10
3780083040,smqhm_2_256,85847789,256,10
3784827780,smqhm_2_256,84501397,256,10
3786130580,smqhm_2_256,83658381,256,10
3752509360,smqhm_2_256,80919085,256,10
3599348220,smqhm_2_256,82115604,256,10
3578998500,smqhm_2_256,81822202,256,10
3126181960,smqhm_2_512,91639971,256,10
2981396620,smqhm_2_512,89116085,256,10
3080227220,smqhm_2_512,90094887,256,10
3012863700,smqhm_2_512,88227542,256,10
3281844760,smqhm_2_512,92228695,256,10
3137726080,smqhm_2_512,88172721,256,10
4039398820,smqhm_2_1024,96173427,256,10
3965237220,smqhm_2_1024,92711978,256,10
4074061260,smqhm_2_1024,100938518,256,10
4086882080,smqhm_2_1024,97037378,256,10
4144977580,smqhm_2_1024,97901371,256,10
3915997900,smqhm_2_1024,94292960,256,10
2719676140,smqhm_4_1,112178377,256,10
2582202640,smqhm_4_1,111982277,256,10
5703695920,smqhm_4_1,156562541,256,10
4195482800,smqhm_4_1,123190134,256,10
2936050660,smqhm_4_1,110447920,256,10
3614971300,smqhm_4_1,113477789,256,10
1777255700,smqhm_4_2,85563904,256,10
1990506800,smqhm_4_2,96073422,256,10
1967972300,smqhm_4_2,87422324,256,10
1785413080,smqhm_4_2,86283040,256,10
1933704980,smqhm_4_2,93689150,256,10
1922232360,smqhm_4_2,90631134,256,10
1536674620,smqhm_4_4,81003407,256,10
2084848300,smqhm_4_4,84612426,256,10
1893353400,smqhm_4_4,83597306,256,10
1579775000,smqhm_4_4,81040010,256,10
1701269980,smqhm_4_4,80341719,256,10
1659832000,smqhm_4_4,81589659,256,10
1533174300,smqhm_4_8,80358416,256,10
1538645780,smqhm_4_8,78904749,256,10
1557315340,smqhm_4_8,82483264,256,10
1573126320,smqhm_4_8,79691066,256,10
1616704460,smqhm_4_8,79642301,256,10
1582421480,smqhm_4_8,79311401,256,10
1750411040,smqhm_4_16,80744921,256,10
1693485900,smqhm_4_16,80032913,256,10
1615714100,smqhm_4_16,79723873,256,10
1642910700,smqhm_4_16,78393275,256,10
1657455700,smqhm_4_16,80220656,256,10
1566995460,smqhm_4_16,78653146,256,10
2068026840,smqhm_4_32,79775340,256,10
1988513640,smqhm_4_32,78901938,256,10
1886546960,smqhm_4_32,81741563,256,10
1819609840,smqhm_4_32,79545706,256,10
1960654100,smqhm_4_32,81770735,256,10
1898397660,smqhm_4_32,81115708,256,10
2293042120,smqhm_4_64,79594541,256,10
2113716340,smqhm_4_64,80455528,256,10
2209671640,smqhm_4_64,80258351,256,10
2153429600,smqhm_4_64,79391668,256,10
2212229040,smqhm_4_64,80632364,256,10
2314975060,smqhm_4_64,81298107,256,10
3112659080,smqhm_4_128,81579208,256,10
2906021500,smqhm_4_128,81011318,256,10
2961902980,smqhm_4_128,82409184,256,10
2947711500,smqhm_4_128,81528827,256,10
2870508980,smqhm_4_128,83409746,256,10
3129980000,smqhm_4_128,83821276,256,10
3140641640,smqhm_4_256,84002807,256,10
3295637040,smqhm_4_256,84246024,256,10
3299217200,smqhm_4_256,86257548,256,10
3231364060,smqhm_4_256,83733070,256,10
4223703920,smqhm_4_256,111598661,256,10
3337390880,smqhm_4_256,81861660,256,10
3148513500,smqhm_4_512,88410012,256,10
3278064080,smqhm_4_512,88414269,256,10
3377036440,smqhm_4_512,96610060,256,10
3402698840,smqhm_4_512,89549353,256,10
3094016200,smqhm_4_512,87056402,256,10
3177605420,smqhm_4_512,86698926,256,10
4250355440,smqhm_4_1024,99058037,256,10
4069942120,smqhm_4_1024,93126621,256,10
4070886220,smqhm_4_1024,94323486,256,10
4375833380,smqhm_4_1024,93012186,256,10
4198109800,smqhm_4_1024,95098996,256,10
4103393480,smqhm_4_1024,96774420,256,10
5125487720,smqhm_8_1,166728908,256,10
4033583320,smqhm_8_1,152282066,256,10
5023103920,smqhm_8_1,154310783,256,10
4990841300,smqhm_8_1,150874670,256,10
5141436040,smqhm_8_1,147933431,256,10
4672126700,smqhm_8_1,154070615,256,10
2022827440,smqhm_8_2,104852052,256,10
2145993120,smqhm_8_2,104451291,256,10
2448993640,smqhm_8_2,121237033,256,10
2095801120,smqhm_8_2,114685904,256,10
2267634660,smqhm_8_2,113259728,256,10
2629494040,smqhm_8_2,108906232,256,10
1672467820,smqhm_8_4,86298403,256,10
1643443020,smqhm_8_4,87994774,256,10
1590703820,smqhm_8_4,89336890,256,10
1695818900,smqhm_8_4,92303096,256,10
1620456960,smqhm_8_4,88356249,256,10
1703783560,smqhm_8_4,90202795,256,10
1458028500,smqhm_8_8,82017705,256,10
1689635100,smqhm_8_8,83764485,256,10
1410056300,smqhm_8_8,79042205,256,10
1581540620,smqhm_8_8,84802962,256,10
1805641400,smqhm_8_8,84931072,256,10
1530079100,smqhm_8_8,80987263,256,10
1542766180,smqhm_8_16,80799020,256,10
1576120780,smqhm_8_16,81012406,256,10
1878236980,smqhm_8_16,93087850,256,10
1872414920,smqhm_8_16,94872325,256,10
1556193380,smqhm_8_16,79596103,256,10
1524603640,smqhm_8_16,80655903,256,10
1600955940,smqhm_8_32,79099636,256,10
1705114900,smqhm_8_32,79992661,256,10
1707519120,smqhm_8_32,79299406,256,10
1608991740,smqhm_8_32,78490543,256,10
1653900700,smqhm_8_32,80232450,256,10
1666253880,smqhm_8_32,81298786,256,10
1973226700,smqhm_8_64,81878729,256,10
2005893240,smqhm_8_64,84825394,256,10
1856432980,smqhm_8_64,80410491,256,10
2005822060,smqhm_8_64,81086205,256,10
1922871280,smqhm_8_64,81011186,256,10
1901375560,smqhm_8_64,84241749,256,10
2502109700,smqhm_8_128,81589754,256,10
2548506940,smqhm_8_128,82908979,256,10
2585270460,smqhm_8_128,83130401,256,10
2410475640,smqhm_8_128,80967292,256,10
2500166100,smqhm_8_128,80962922,256,10
2363841120,smqhm_8_128,80087052,256,10
3116334100,smqhm_8_256,83298258,256,10
2961290100,smqhm_8_256,82648419,256,10
3140594620,smqhm_8_256,86973947,256,10
3117826740,smqhm_8_256,87259313,256,10
3376108660,smqhm_8_256,99274327,256,10
3047671860,smqhm_8_256,83567058,256,10
3197627340,smqhm_8_512,85645069,256,10
3076797400,smqhm_8_512,85898562,256,10
3197143080,smqhm_8_512,90379582,256,10
3317844260,smqhm_8_512,83798049,256,10
3278012440,smqhm_8_512,89071039,256,10
3118133540,smqhm_8_512,87815580,256,10
4049035100,smqhm_8_1024,91808530,256,10
4088450620,smqhm_8_1024,95196955,256,10
4214912340,smqhm_8_1024,95457329,256,10
4189176560,smqhm_8_1024,96563412,256,10
4560414240,smqhm_8_1024,102456616,256,10
4199723180,smqhm_8_1024,94250784,256,10
5007991280,smqhm_16_1,170786429,256,10
6894076320,smqhm_16_1,207463360,256,10
6436357660,smqhm_16_1,202211370,256,10
5926480320,smqhm_16_1,197899073,256,10
5877462360,smqhm_16_1,206998069,256,10
5578967240,smqhm_16_1,201647784,256,10
3373311620,smqhm_16_2,150512524,256,10
3275938980,smqhm_16_2,148558343,256,10
3379427540,smqhm_16_2,149691628,256,10
2924769320,smqhm_16_2,141076860,256,10
2672123300,smqhm_16_2,145995126,256,10
3170285740,smqhm_16_2,153798978,256,10
2073865880,smqhm_16_4,105770777,256,10
2335505860,smqhm_16_4,108105743,256,10
1868385140,smqhm_16_4,103589242,256,10
1989266740,smqhm_16_4,103775362,256,10
1872469380,smqhm_16_4,104551735,256,10
1767069620,smqhm_16_4,103072828,256,10
1467894820,smqhm_16_8,86502550,256,10
1524941680,smqhm_16_8,84234375,256,10
1427926940,smqhm_16_8,82857755,256,10
1582945800,smqhm_16_8,84688341,256,10
1435536900,smqhm_16_8,81571046,256,10
1427323360,smqhm_16_8,83343027,256,10
1483459980,smqhm_16_16,80997424,256,10
1534658900,smqhm_16_16,80561153,256,10
1500597620,smqhm_16_16,83138599,256,10
1549272120,smqhm_16_16,83080590,256,10
1540587100,smqhm_16_16,85891546,256,10
1563785120,smqhm_16_16,83156530,256,10
2053144280,smqhm_16_32,83937498,256,10
1529782040,smqhm_16_32,80367784,256,10
1605944740,smqhm_16_32,81939046,256,10
1570019760,smqhm_16_32,80252028,256,10
1525036980,smqhm_16_32,80304301,256,10
1529900620,smqhm_16_32,80758364,256,10
1728395460,smqhm_16_64,82383869,256,10
1642035960,smqhm_16_64,79832081,256,10
1721896940,smqhm_16_64,81042365,256,10
1690699480,smqhm_16_64,81978526,256,10
1679473040,smqhm_16_64,79811620,256,10
1682670880,smqhm_16_64,81372620,256,10
2198067300,smqhm_16_128,80747285,256,10
2215231140,smqhm_16_128,81665535,256,10
2198512820,smqhm_16_128,83746339,256,10
2322251640,smqhm_16_128,83827134,256,10
2190324280,smqhm_16_128,82061817,256,10
2194595360,smqhm_16_128,80911045,256,10
2866174980,smqhm_16_256,82290975,256,10
2850617360,smqhm_16_256,82297743,256,10
2770757500,smqhm_16_256,84206974,256,10
2792447520,smqhm_16_256,84748678,256,10
2859513900,smqhm_16_256,83916100,256,10
2823874680,smqhm_16_256,84091873,256,10
3352503100,smqhm_16_512,89125780,256,10
3181986140,smqhm_16_512,89140011,256,10
3238028460,smqhm_16_512,85405339,256,10
3065195400,smqhm_16_512,85010591,256,10
3300669340,smqhm_16_512,88008349,256,10
3665554520,smqhm_16_512,103094491,256,10
4268925560,smqhm_16_1024,90742178,256,10
4391116660,smqhm_16_1024,93252749,256,10
4378757160,smqhm_16_1024,95661454,256,10
4325851360,smqhm_16_1024,91237575,256,10
4566338360,smqhm_16_1024,94728792,256,10
4345901160,smqhm_16_1024,95816513,256,10
7617349560,smqhm_32_1,219264579,256,10
5764233360,smqhm_32_1,226988198,256,10
5206893260,smqhm_32_1,193982541,256,10
8184239140,smqhm_32_1,246854682,256,10
5365886940,smqhm_32_1,222915730,256,10
7288267600,smqhm_32_1,240145071,256,10
3619843920,smqhm_32_2,181189558,256,10
3482591000,smqhm_32_2,190548049,256,10
4346120440,smqhm_32_2,190576464,256,10
4397905220,smqhm_32_2,193302635,256,10
4105035700,smqhm_32_2,194254470,256,10
4194557600,smqhm_32_2,177587068,256,10
2312240400,smqhm_32_4,137551003,256,10
2625718660,smqhm_32_4,146882025,256,10
2737232720,smqhm_32_4,150417058,256,10
1953634300,smqhm_32_4,127018785,256,10
2633138560,smqhm_32_4,148323225,256,10
2625028500,smqhm_32_4,141149617,256,10
1851311500,smqhm_32_8,114136208,256,10
1776574080,smqhm_32_8,107833795,256,10
1756924500,smqhm_32_8,102038785,256,10
1532728140,smqhm_32_8,99479434,256,10
1592794260,smqhm_32_8,101054278,256,10
1664454960,smqhm_32_8,102098816,256,10
1486704960,smqhm_32_16,88048654,256,10
1903361120,smqhm_32_16,99109181,256,10
1425858180,smqhm_32_16,84492144,256,10
1717776040,smqhm_32_16,100209549,256,10
1618277960,smqhm_32_16,91393085,256,10
1518173360,smqhm_32_16,89824724,256,10
1498020000,smqhm_32_32,82523445,256,10
1493631500,smqhm_32_32,82892396,256,10
1523716520,smqhm_32_32,81816135,256,10
1563681260,smqhm_32_32,82341614,256,10
1570645200,smqhm_32_32,84309526,256,10
1503780340,smqhm_32_32,83380216,256,10
1535964820,smqhm_32_64,80582480,256,10
1595764120,smqhm_32_64,81519335,256,10
1569277560,smqhm_32_64,81337759,256,10
1592103780,smqhm_32_64,81422014,256,10
1565444640,smqhm_32_64,80725348,256,10
1541857200,smqhm_32_64,80519749,256,10
1987593400,smqhm_32_128,81388086,256,10
1957761740,smqhm_32_128,81765536,256,10
2201566480,smqhm_32_128,91194513,256,10
1961781300,smqhm_32_128,80808247,256,10
1966580960,smqhm_32_128,81126101,256,10
2043168840,smqhm_32_128,82209589,256,10
2750438500,smqhm_32_256,85118218,256,10
2705158300,smqhm_32_256,82480947,256,10
2761598440,smqhm_32_256,84269777,256,10
2721593860,smqhm_32_256,83335654,256,10
2858103100,smqhm_32_256,86282190,256,10
2658045260,smqhm_32_256,84792172,256,10
3069012400,smqhm_32_512,84565022,256,10
3167741300,smqhm_32_512,86902737,256,10
3047166300,smqhm_32_512,86407289,256,10
3386029680,smqhm_32_512,84503317,256,10
3275684440,smqhm_32_512,86642955,256,10
3409477340,smqhm_32_512,87777855,256,10
6013098900,smqhm_32_1024,127626885,256,10
4612136500,smqhm_32_1024,93758707,256,10
4309597960,smqhm_32_1024,93456107,256,10
4533090680,smqhm_32_1024,94677858,256,10
4522102380,smqhm_32_1024,94080525,256,10
4189527900,smqhm_32_1024,92180583,256,10
9519309600,smqhm_64_1,287205974,256,10
9287240960,smqhm_64_1,279456047,256,10
7982170520,smqhm_64_1,276553493,256,10
8808813320,smqhm_64_1,266811945,256,10
8604693260,smqhm_64_1,266447682,256,10
8565963140,smqhm_64_1,282260212,256,10
4639862060,smqhm_64_2,217383102,256,10
4367010300,smqhm_64_2,206063153,256,10
4398778860,smqhm_64_2,208761084,256,10
5008251260,smqhm_64_2,226963353,256,10
4474743900,smqhm_64_2,222445961,256,10
4206137500,smqhm_64_2,212880680,256,10
2879205960,smqhm_64_4,171045078,256,10
3105582680,smqhm_64_4,187544686,256,10
2964739820,smqhm_64_4,183495635,256,10
3161414480,smqhm_64_4,178889190,256,10
2561134620,smqhm_64_4,167034784,256,10
3100702320,smqhm_64_4,181635048,256,10
1976907200,smqhm_64_8,132685525,256,10
1878396940,smqhm_64_8,124180731,256,10
2052093280,smqhm_64_8,137334229,256,10
2066559200,smqhm_64_8,136482357,256,10
2017394540,smqhm_64_8,135593331,256,10
2582957680,smqhm_64_8,153456042,256,10
1686146580,smqhm_64_16,110511893,256,10
1638796020,smqhm_64_16,105867153,256,10
1744326800,smqhm_64_16,115070944,256,10
1875441480,smqhm_64_16,117038409,256,10
1778070060,smqhm_64_16,113957814,256,10
1752945640,smqhm_64_16,108952714,256,10
1726274220,smqhm_64_32,103908271,256,10
1632071940,smqhm_64_32,95545428,256,10
1515603540,smqhm_64_32,91965449,256,10
1473838540,smqhm_64_32,86910007,256,10
1610152060,smqhm_64_32,93107399,256,10
1511101720,smqhm_64_32,88492805,256,10
1538339140,smqhm_64_64,85222210,256,10
1517295800,smqhm_64_64,83600022,256,10
1525298200,smqhm_64_64,83609732,256,10
1597127700,smqhm_64_64,84481052,256,10
2294840920,smqhm_64_64,105951111,256,10
1548415160,smqhm_64_64,84827107,256,10
1991356180,smqhm_64_128,86771473,256,10
1921180320,smqhm_64_128,79832889,256,10
1898407480,smqhm_64_128,83699268,256,10
1848093720,smqhm_64_128,81852733,256,10
1864496340,smqhm_64_128,83050782,256,10
1949231820,smqhm_64_128,84948665,256,10
2605894800,smqhm_64_256,83491840,256,10
2594434260,smqhm_64_256,84186851,256,10
2625513240,smqhm_64_256,83993498,256,10
2607208280,smqhm_64_256,85507501,256,10
2587577460,smqhm_64_256,83756716,256,10
2641656820,smqhm_64_256,87877193,256,10
3708605420,smqhm_64_512,98582633,256,10
3417436160,smqhm_64_512,88472066,256,10
3304442520,smqhm_64_512,88170522,256,10
4008509400,smqhm_64_512,108175507,256,10
3209936720,smqhm_64_512,86243419,256,10
3291156900,smqhm_64_512,86858419,256,10
4879173860,smqhm_64_1024,101284550,256,10
4666825260,smqhm_64_1024,95598862,256,10
4583734100,smqhm_64_1024,92908830,256,10
4665414520,smqhm_64_1024,93241035,256,10
4766590220,smqhm_64_1024,96319304,256,10
4589056660,smqhm_64_1024,94300868,256,10
8847453040,smqhm_128_1,308607031,256,10
7662688800,smqhm_128_1,279838345,256,10
8610261520,smqhm_128_1,305435194,256,10
11543880280,smqhm_128_1,336078570,256,10
9865103860,smqhm_128_1,298877588,256,10
7972102340,smqhm_128_1,282197109,256,10
4578896560,smqhm_128_2,249623936,256,10
6168654560,smqhm_128_2,261372115,256,10
6776140040,smqhm_128_2,298874354,256,10
6987827160,smqhm_128_2,281790276,256,10
4937035020,smqhm_128_2,262608237,256,10
5166140540,smqhm_128_2,236789586,256,10
4468621560,smqhm_128_4,249480605,256,10
3193421180,smqhm_128_4,203784730,256,10
4457251320,smqhm_128_4,238469232,256,10
3343649920,smqhm_128_4,220839611,256,10
3653026300,smqhm_128_4,217691267,256,10
3816732840,smqhm_128_4,224411330,256,10
2573422000,smqhm_128_8,173687011,256,10
2660601060,smqhm_128_8,171525309,256,10
2828014560,smqhm_128_8,176206812,256,10
2785698000,smqhm_128_8,179542905,256,10
2838480800,smqhm_128_8,183106094,256,10
2724997180,smqhm_128_8,178392720,256,10
2063725480,smqhm_128_16,131372716,256,10
1820587220,smqhm_128_16,128477303,256,10
2148887680,smqhm_128_16,149643710,256,10
2092902460,smqhm_128_16,141930747,256,10
1975750420,smqhm_128_16,134192293,256,10
1945844580,smqhm_128_16,131404949,256,10
1799011080,smqhm_128_32,115810654,256,10
1790817960,smqhm_128_32,113833469,256,10
1778385080,smqhm_128_32,116230369,256,10
1662444240,smqhm_128_32,110521216,256,10
1691137020,smqhm_128_32,106927935,256,10
1633054900,smqhm_128_32,108961690,256,10
1599710280,smqhm_128_64,93512560,256,10
1612220080,smqhm_128_64,96441948,256,10
1599969400,smqhm_128_64,96810973,256,10
1632940100,smqhm_128_64,95697728,256,10
1751530820,smqhm_128_64,94051812,256,10
1553412840,smqhm_128_64,93389064,256,10
2007197280,smqhm_128_128,87231148,256,10
1940302460,smqhm_128_128,87409166,256,10
1839609620,smqhm_128_128,88780107,256,10
1809891920,smqhm_128_128,87264063,256,10
1999357000,smqhm_128_128,95345164,256,10
1764047280,smqhm_128_128,84194870,256,10
2584968520,smqhm_128_256,85425258,256,10
2428499940,smqhm_128_256,83433239,256,10
2397245680,smqhm_128_256,85806284,256,10
2513499880,smqhm_128_256,88292589,256,10
2350374480,smqhm_128_256,84666148,256,10
2532933040,smqhm_128_256,87225173,256,10
3298309640,smqhm_128_512,86408823,256,10
3721944520,smqhm_128_512,98105450,256,10
3604703020,smqhm_128_512,94438396,256,10
3418095020,smqhm_128_512,88184489,256,10
3457064900,smqhm_128_512,87387837,256,10
3368088980,smqhm_128_512,88536255,256,10
5053688720,smqhm_128_1024,93536135,256,10
5031931600,smqhm_128_1024,94428736,256,10
5170786060,smqhm_128_1024,96605943,256,10
5526182740,smqhm_128_1024,105753032,256,10
4867385980,smqhm_128_1024,91264927,256,10
5053324820,smqhm_128_1024,90925300,256,10
9675715060,smqhm_256_1,338850425,256,10
12531506940,smqhm_256_1,358411271,256,10
10878448060,smqhm_256_1,347376807,256,10
9853480960,smqhm_256_1,338155854,256,10
10601491820,smqhm_256_1,341290759,256,10
9282021960,smqhm_256_1,329901522,256,10
6801421920,smqhm_256_2,296258772,256,10
6950680580,smqhm_256_2,299323491,256,10
6954388500,smqhm_256_2,303276507,256,10
6624016160,smqhm_256_2,286535588,256,10
7282301220,smqhm_256_2,307419287,256,10
7161341400,smqhm_256_2,314215215,256,10
3733889500,smqhm_256_4,242755004,256,10
3792253460,smqhm_256_4,245350229,256,10
4002559080,smqhm_256_4,253289859,256,10
4476215560,smqhm_256_4,267366481,256,10
4639767780,smqhm_256_4,262465108,256,10
3909405180,smqhm_256_4,239328962,256,10
3201773440,smqhm_256_8,212183360,256,10
3209277940,smqhm_256_8,219575231,256,10
3184818520,smqhm_256_8,220207989,256,10
2813779860,smqhm_256_8,199584720,256,10
3746691780,smqhm_256_8,243302918,256,10
2905749840,smqhm_256_8,192492228,256,10
2425174200,smqhm_256_16,174292107,256,10
2521384100,smqhm_256_16,177957776,256,10
2608446360,smqhm_256_16,175724715,256,10
2317943940,smqhm_256_16,163085627,256,10
2429719920,smqhm_256_16,170952714,256,10
2870794420,smqhm_256_16,197762014,256,10
1972124120,smqhm_256_32,133097598,256,10
2238230160,smqhm_256_32,150508719,256,10
2304861040,smqhm_256_32,155412664,256,10
2326077620,smqhm_256_32,157851464,256,10
2594607940,smqhm_256_32,175197602,256,10
2157844860,smqhm_256_32,148217932,256,10
2049400880,smqhm_256_64,124952882,256,10
2193588300,smqhm_256_64,133271526,256,10
1882048100,smqhm_256_64,116848562,256,10
1792170420,smqhm_256_64,112591415,256,10
1884692480,smqhm_256_64,117443441,256,10
1904218240,smqhm_256_64,122420511,256,10
1931598160,smqhm_256_128,99466612,256,10
2052659360,smqhm_256_128,105087389,256,10
2055368940,smqhm_256_128,106098468,256,10
1977482040,smqhm_256_128,104475288,256,10
2014484500,smqhm_256_128,103049357,256,10
1898219120,smqhm_256_128,100087611,256,10
2605857360,smqhm_256_256,97518771,256,10
2555204040,smqhm_256_256,96249921,256,10
2525383240,smqhm_256_256,95336133,256,10
2571547440,smqhm_256_256,99364337,256,10
2947860680,smqhm_256_256,93059137,256,10
2672221760,smqhm_256_256,103195729,256,10
4198198000,smqhm_256_512,107638574,256,10
3997725700,smqhm_256_512,108511604,256,10
3862212640,smqhm_256_512,104411203,256,10
4216934440,smqhm_256_512,115941983,256,10
4263371860,smqhm_256_512,113755192,256,10
4216483020,smqhm_256_512,112824758,256,10
6653595200,smqhm_256_1024,108864856,256,10
6569075800,smqhm_256_1024,118248999,256,10
6497064520,smqhm_256_1024,115122399,256,10
7527151080,smqhm_256_1024,133539408,256,10
7150031320,smqhm_256_1024,122629377,256,10
6195855680,smqhm_256_1024,108435724,256,10
12201893580,smqhm_512_1,378264825,256,10
10365070200,smqhm_512_1,337086062,256,10
13127756140,smqhm_512_1,360199681,256,10
9045629780,smqhm_512_1,321764038,256,10
8605084100,smqhm_512_1,337860517,256,10
11520957060,smqhm_512_1,350368560,256,10
7885437240,smqhm_512_2,336563057,256,10
7316639600,smqhm_512_2,327629237,256,10
6864664460,smqhm_512_2,310426662,256,10
7256132960,smqhm_512_2,319884285,256,10
6582891660,smqhm_512_2,305782084,256,10
6130151620,smqhm_512_2,306774919,256,10
4611235020,smqhm_512_4,267374542,256,10
4476660700,smqhm_512_4,284297936,256,10
5308778240,smqhm_512_4,302999590,256,10
5303003280,smqhm_512_4,298364593,256,10
4737779060,smqhm_512_4,284475020,256,10
4264764620,smqhm_512_4,265544999,256,10
4373841240,smqhm_512_8,285965573,256,10
3506848160,smqhm_512_8,236289749,256,10
3815938080,smqhm_512_8,263139615,256,10
3714984440,smqhm_512_8,251114213,256,10
3744024900,smqhm_512_8,251179329,256,10
3351060200,smqhm_512_8,238880791,256,10
3052031980,smqhm_512_16,215797437,256,10
3037181120,smqhm_512_16,210006223,256,10
2882071660,smqhm_512_16,207258416,256,10
3039811000,smqhm_512_16,213639655,256,10
3060918540,smqhm_512_16,217347355,256,10
3385922540,smqhm_512_16,221836898,256,10
2621189420,smqhm_512_32,185796088,256,10
2644328400,smqhm_512_32,187801858,256,10
2436142360,smqhm_512_32,175232019,256,10
2771023400,smqhm_512_32,193035233,256,10
2736094080,smqhm_512_32,186196827,256,10
2484144000,smqhm_512_32,179783885,256,10
2366455840,smqhm_512_64,157369266,256,10
2179082240,smqhm_512_64,142142751,256,10
2317127380,smqhm_512_64,156388945,256,10
2410167900,smqhm_512_64,156911758,256,10
2456934700,smqhm_512_64,163877318,256,10
2214206420,smqhm_512_64,148657243,256,10
2458095660,smqhm_512_128,129414765,256,10
2365492120,smqhm_512_128,126563816,256,10
2935905900,smqhm_512_128,134438522,256,10
2415392060,smqhm_512_128,126930149,256,10
2393652620,smqhm_512_128,130478482,256,10
2457738760,smqhm_512_128,131586580,256,10
2777074980,smqhm_512_256,109524385,256,10
3241039720,smqhm_512_256,132000944,256,10
3050123460,smqhm_512_256,121460515,256,10
3388327940,smqhm_512_256,123008370,256,10
3239199880,smqhm_512_256,132698154,256,10
3099717840,smqhm_512_256,119686910,256,10
4678403320,smqhm_512_512,126166542,256,10
4857029700,smqhm_512_512,131153656,256,10
4765708520,smqhm_512_512,126592653,256,10
4902296620,smqhm_512_512,127531043,256,10
4754815340,smqhm_512_512,131971445,256,10
5197175760,smqhm_512_512,140953000,256,10
8057304160,smqhm_512_1024,137895770,256,10
8460567300,smqhm_512_1024,143128643,256,10
8902131200,smqhm_512_1024,149701021,256,10
9111149140,smqhm_512_1024,152706177,256,10
8507407920,smqhm_512_1024,144249926,256,10
7317005560,smqhm_512_1024,125336747,256,10
12056554600,smqhm_1024_1,381700707,256,10
11290783560,smqhm_1024_1,367980936,256,10
11979356820,smqhm_1024_1,394975147,256,10
13515131980,smqhm_1024_1,399140088,256,10
12702450360,smqhm_1024_1,378444753,256,10
12072458140,smqhm_1024_1,382938683,256,10
8686137240,smqhm_1024_2,363261520,256,10
9916026440,smqhm_1024_2,387251526,256,10
8098273700,smqhm_1024_2,361625692,256,10
7905289380,smqhm_1024_2,348090844,256,10
8978513580,smqhm_1024_2,360928227,256,10
6636383400,smqhm_1024_2,332493706,256,10
6076519680,smqhm_1024_4,336957469,256,10
5231558680,smqhm_1024_4,295470265,256,10
4494950200,smqhm_1024_4,288623824,256,10
4893447260,smqhm_1024_4,288902798,256,10
4382501600,smqhm_1024_4,280456889,256,10
5155197360,smqhm_1024_4,305812430,256,10
4463116480,smqhm_1024_8,306388545,256,10
3940697440,smqhm_1024_8,286733968,256,10
4273813960,smqhm_1024_8,284022215,256,10
4527574180,smqhm_1024_8,306813414,256,10
3681185960,smqhm_1024_8,253055453,256,10
4184674240,smqhm_1024_8,289467244,256,10
3583641460,smqhm_1024_16,257094119,256,10
3180972460,smqhm_1024_16,221157321,256,10
3279598720,smqhm_1024_16,242133257,256,10
3137186140,smqhm_1024_16,229402899,256,10
3484479640,smqhm_1024_16,249258571,256,10
3204926800,smqhm_1024_16,230185231,256,10
2668164180,smqhm_1024_32,192253277,256,10
2613264520,smqhm_1024_32,184549769,256,10
2932890460,smqhm_1024_32,220035870,256,10
3557926080,smqhm_1024_32,250421973,256,10
2757930880,smqhm_1024_32,195297746,256,10
2952654580,smqhm_1024_32,208239412,256,10
2772241060,smqhm_1024_64,183510937,256,10
2799289840,smqhm_1024_64,186831348,256,10
3071411540,smqhm_1024_64,209841065,256,10
3085448140,smqhm_1024_64,203022036,256,10
2643176880,smqhm_1024_64,178572976,256,10
2798296060,smqhm_1024_64,186769343,256,10
3184848700,smqhm_1024_128,170644677,256,10
3106123620,smqhm_1024_128,161638629,256,10
2944361820,smqhm_1024_128,156168332,256,10
3054872520,smqhm_1024_128,160459031,256,10
2989160440,smqhm_1024_128,160435007,256,10
2968032960,smqhm_1024_128,158935642,256,10
4158940940,smqhm_1024_256,166661508,256,10
3685284900,smqhm_1024_256,144506468,256,10
4050562680,smqhm_1024_256,160608831,256,10
3653722000,smqhm_1024_256,144978197,256,10
3571573280,smqhm_1024_256,147009246,256,10
3759295140,smqhm_1024_256,152759700,256,10
5637206480,smqhm_1024_512,151905537,256,10
5452973560,smqhm_1024_512,144789085,256,10
5320870520,smqhm_1024_512,144167200,256,10
5439612960,smqhm_1024_512,149141004,256,10
5753660060,smqhm_1024_512,156645287,256,10
5753548080,smqhm_1024_512,158321927,256,10
10048427580,smqhm_1024_1024,174161848,256,10
10274619840,smqhm_1024_1024,178383792,256,10
10699664360,smqhm_1024_1024,182550289,256,10
10964750560,smqhm_1024_1024,187691860,256,10
9672094560,smqhm_1024_1024,163949408,256,10
10789714700,smqhm_1024_1024,182789246,256,10
