359111500,smqhm_1_1,30434860,256,10
330637260,smqhm_1_1,30401558,256,10
331208440,smqhm_1_1,30414144,256,10
331412760,smqhm_1_1,30411535,256,10
329991060,smqhm_1_1,30387288,256,10
333304060,smqhm_1_1,30334946,256,10
338931040,smqhm_1_2,33262262,256,10
339343860,smqhm_1_2,33311751,256,10
342766500,smqhm_1_2,33280178,256,10
339068800,smqhm_1_2,33216976,256,10
343849120,smqhm_1_2,33212418,256,10
341761380,smqhm_1_2,33154215,256,10
407379620,smqhm_1_4,38845168,256,10
420113400,smqhm_1_4,38953639,256,10
435355560,smqhm_1_4,38998085,256,10
392553040,smqhm_1_4,38990935,256,10
401188240,smqhm_1_4,39010764,256,10
420983560,smqhm_1_4,38776721,256,10
472809060,smqhm_1_8,47380673,256,10
474920280,smqhm_1_8,47502519,256,10
485189520,smqhm_1_8,47842182,256,10
478193400,smqhm_1_8,47417839,256,10
503668000,smqhm_1_8,47618700,256,10
611725720,smqhm_1_8,46262292,256,10
720948940,smqhm_1_16,62396370,256,10
778617280,smqhm_1_16,59295309,256,10
730194840,smqhm_1_16,62024769,256,10
751272660,smqhm_1_16,61813533,256,10
684621060,smqhm_1_16,62499325,256,10
753948340,smqhm_1_16,60957017,256,10
1137251080,smqhm_1_32,79049022,256,10
1157916300,smqhm_1_32,80869530,256,10
1160071900,smqhm_1_32,80576253,256,10
1150249740,smqhm_1_32,79669460,256,10
1139782740,smqhm_1_32,79826236,256,10
1173582880,smqhm_1_32,74933702,256,10
1683096780,smqhm_1_64,96963572,256,10
1700687800,smqhm_1_64,97661510,256,10
1709523500,smqhm_1_64,98609434,256,10
1696686460,smqhm_1_64,97964888,256,10
1674762260,smqhm_1_64,96692911,256,10
1709128440,smqhm_1_64,101276919,256,10
2723181560,smqhm_1_128,93943247,256,10
2764395320,smqhm_1_128,99202401,256,10
2758281260,smqhm_1_128,98957011,256,10
2851279380,smqhm_1_128,100094260,256,10
2736548860,smqhm_1_128,95913102,256,10
2777711880,smqhm_1_128,88995196,256,10
4152546880,smqhm_1_256,94296154,256,10
4376129960,smqhm_1_256,96152874,256,10
4108469800,smqhm_1_256,93615607,256,10
4330481560,smqhm_1_256,100347272,256,10
4374052720,smqhm_1_256,98372811,256,10
4451283960,smqhm_1_256,94723453,256,10
6896598720,smqhm_1_512,84584033,256,10
7100440960,smqhm_1_512,89479019,256,10
7072639140,smqhm_1_512,88298715,256,10
7110100620,smqhm_1_512,91105732,256,10
7048817240,smqhm_1_512,88939406,256,10
7039631560,smqhm_1_512,90425997,256,10
12925449820,smqhm_1_1024,87843223,256,10
12850155860,smqhm_1_1024,86589919,256,10
13008354360,smqhm_1_1024,90088202,256,10
12947043900,smqhm_1_1024,86858753,256,10
12950768020,smqhm_1_1024,89274923,256,10
12957247760,smqhm_1_1024,88911276,256,10
312347580,smqhm_2_1,34046979,256,10
308461680,smqhm_2_1,34134085,256,10
297543480,smqhm_2_1,34161112,256,10
308361920,smqhm_2_1,34167722,256,10
308025680,smqhm_2_1,33961302,256,10
313018820,smqhm_2_1,34026466,256,10
316211160,smqhm_2_2,35697223,256,10
319123400,smqhm_2_2,35640745,256,10
305941200,smqhm_2_2,35922729,256,10
324014240,smqhm_2_2,35722611,256,10
307142940,smqhm_2_2,35823331,256,10
306884860,smqhm_2_2,35748438,256,10
365011160,smqhm_2_4,40223395,256,10
383066280,smqhm_2_4,40234516,256,10
353178880,smqhm_2_4,40171640,256,10
378750360,smqhm_2_4,40211280,256,10
352964860,smqhm_2_4,40200839,256,10
380092840,smqhm_2_4,40312486,256,10
460050760,smqhm_2_8,46273766,256,10
414563260,smqhm_2_8,46528151,256,10
435318240,smqhm_2_8,46516629,256,10
428007900,smqhm_2_8,46400114,256,10
427797660,smqhm_2_8,46615210,256,10
434468460,smqhm_2_8,46314664,256,10
591817180,smqhm_2_16,55443596,256,10
621070420,smqhm_2_16,55512235,256,10
612110920,smqhm_2_16,55375760,256,10
624729560,smqhm_2_16,55092106,256,10
590707620,smqhm_2_16,55570982,256,10
585284320,smqhm_2_16,55171594,256,10
892619240,smqhm_2_32,63276999,256,10
929637340,smqhm_2_32,61740312,256,10
879016680,smqhm_2_32,64544555,256,10
852126180,smqhm_2_32,64684456,256,10
903949060,smqhm_2_32,64720675,256,10
904435300,smqhm_2_32,63984000,256,10
1249263160,smqhm_2_64,70907822,256,10
1249051680,smqhm_2_64,69100225,256,10
1238833280,smqhm_2_64,69929297,256,10
1255608760,smqhm_2_64,67959518,256,10
1284912620,smqhm_2_64,67140288,256,10
1257239440,smqhm_2_64,67130149,256,10
2119049260,smqhm_2_128,66049255,256,10
2188447160,smqhm_2_128,68176352,256,10
2104384760,smqhm_2_128,65834345,256,10
2116220100,smqhm_2_128,66916300,256,10
2115805460,smqhm_2_128,65632584,256,10
2121044380,smqhm_2_128,66720188,256,10
3316557820,smqhm_2_256,66756692,256,10
3305895860,smqhm_2_256,67167709,256,10
3267270160,smqhm_2_256,65325954,256,10
3272458340,smqhm_2_256,65433336,256,10
3355350860,smqhm_2_256,66573402,256,10
3266350140,smqhm_2_256,66241461,256,10
5671698880,smqhm_2_512,67241588,256,10
5665609160,smqhm_2_512,65567420,256,10
5606341700,smqhm_2_512,64552488,256,10
5676050180,smqhm_2_512,66110965,256,10
5641890620,smqhm_2_512,65479244,256,10
5612536380,smqhm_2_512,64758710,256,10
10392397960,smqhm_2_1024,65563687,256,10
10441683060,smqhm_2_1024,66400481,256,10
10391993000,smqhm_2_1024,65930513,256,10
10402072880,smqhm_2_1024,65669484,256,10
10371836100,smqhm_2_1024,64976316,256,10
10465351180,smqhm_2_1024,66441480,256,10
276868340,smqhm_4_1,39650952,256,10
293052080,smqhm_4_1,39576689,256,10
273413540,smqhm_4_1,39541422,256,10
276791020,smqhm_4_1,39616172,256,10
276992980,smqhm_4_1,39588855,256,10
274708200,smqhm_4_1,39688485,256,10
282669640,smqhm_4_2,39512617,256,10
285274820,smqhm_4_2,39714019,256,10
286293000,smqhm_4_2,39926450,256,10
283213100,smqhm_4_2,39623542,256,10
308421380,smqhm_4_2,39701595,256,10
283097960,smqhm_4_2,39592363,256,10
329288920,smqhm_4_4,43457085,256,10
332438220,smqhm_4_4,43176731,256,10
329416540,smqhm_4_4,43069721,256,10
348138500,smqhm_4_4,43137633,256,10
326418980,smqhm_4_4,43188977,256,10
333404920,smqhm_4_4,43267329,256,10
371149900,smqhm_4_8,48402563,256,10
374356300,smqhm_4_8,48840786,256,10
374469080,smqhm_4_8,48495484,256,10
369657100,smqhm_4_8,48388781,256,10
374535580,smqhm_4_8,48948262,256,10
374743840,smqhm_4_8,48600283,256,10
485775660,smqhm_4_16,55502920,256,10
501457900,smqhm_4_16,55855665,256,10
520804960,smqhm_4_16,55824552,256,10
516225120,smqhm_4_16,55575519,256,10
510134340,smqhm_4_16,55508209,256,10
494230880,smqhm_4_16,55603795,256,10
675846620,smqhm_4_32,60938587,256,10
707316580,smqhm_4_32,60622950,256,10
745225040,smqhm_4_32,60335061,256,10
718471380,smqhm_4_32,61114238,256,10
694597980,smqhm_4_32,60240380,256,10
678897940,smqhm_4_32,60264373,256,10
972412700,smqhm_4_64,63375276,256,10
973701460,smqhm_4_64,62652168,256,10
1006593500,smqhm_4_64,62446282,256,10
1129709400,smqhm_4_64,61957477,256,10
981976580,smqhm_4_64,62651679,256,10
984159000,smqhm_4_64,63842063,256,10
1792507740,smqhm_4_128,63051646,256,10
1771674800,smqhm_4_128,63387239,256,10
1768290780,smqhm_4_128,63108546,256,10
1802154860,smqhm_4_128,63219304,256,10
1758155940,smqhm_4_128,62977961,256,10
1779851900,smqhm_4_128,63239020,256,10
2782692820,smqhm_4_256,64849397,256,10
2786601060,smqhm_4_256,65220069,256,10
2833313700,smqhm_4_256,64878462,256,10
2790556840,smqhm_4_256,65341655,256,10
2801472720,smqhm_4_256,64973665,256,10
2859948560,smqhm_4_256,65302854,256,10
4878716060,smqhm_4_512,67195978,256,10
4901523940,smqhm_4_512,67135500,256,10
4953620500,smqhm_4_512,68018112,256,10
4935641560,smqhm_4_512,67371823,256,10
4888003400,smqhm_4_512,67140193,256,10
4890403100,smqhm_4_512,67152779,256,10
9026276740,smqhm_4_1024,68542985,256,10
8906520960,smqhm_4_1024,67673687,256,10
9088789920,smqhm_4_1024,69169457,256,10
9001091900,smqhm_4_1024,68853003,256,10
9023028020,smqhm_4_1024,68506243,256,10
9015558220,smqhm_4_1024,68431191,256,10
280776480,smqhm_8_1,47983775,256,10
283065460,smqhm_8_1,48015270,256,10
294733840,smqhm_8_1,48234970,256,10
294239860,smqhm_8_1,48354526,256,10
318534820,smqhm_8_1,48008424,256,10
283374680,smqhm_8_1,48516974,256,10
280801860,smqhm_8_2,45003921,256,10
284261020,smqhm_8_2,45284272,256,10
285107080,smqhm_8_2,45445884,256,10
281018900,smqhm_8_2,45032811,256,10
282817080,smqhm_8_2,45309796,256,10
282816620,smqhm_8_2,45304300,256,10
362019640,smqhm_8_4,48596562,256,10
320935800,smqhm_8_4,47651476,256,10
319726500,smqhm_8_4,47603073,256,10
328276420,smqhm_8_4,47755723,256,10
318931740,smqhm_8_4,47739246,256,10
313306640,smqhm_8_4,47540757,256,10
359574760,smqhm_8_8,52977975,256,10
369718280,smqhm_8_8,53629044,256,10
355920840,smqhm_8_8,52877968,256,10
355991700,smqhm_8_8,52874808,256,10
360494180,smqhm_8_8,53252537,256,10
363769300,smqhm_8_8,53176342,256,10
478222520,smqhm_8_16,59982905,256,10
459666820,smqhm_8_16,59869049,256,10
457294260,smqhm_8_16,59803014,256,10
474844020,smqhm_8_16,59654237,256,10
461691680,smqhm_8_16,59882583,256,10
482027720,smqhm_8_16,59756594,256,10
613406440,smqhm_8_32,64956919,256,10
646822700,smqhm_8_32,64896773,256,10
608552020,smqhm_8_32,64930142,256,10
615773200,smqhm_8_32,65453399,256,10
616571220,smqhm_8_32,64227191,256,10
595066640,smqhm_8_32,64569811,256,10
859938100,smqhm_8_64,68485749,256,10
849895000,smqhm_8_64,68265785,256,10
926883540,smqhm_8_64,68965896,256,10
920103460,smqhm_8_64,68295728,256,10
850238140,smqhm_8_64,68851670,256,10
876147980,smqhm_8_64,68094483,256,10
1558872480,smqhm_8_128,70726600,256,10
1541887340,smqhm_8_128,70794630,256,10
1585389400,smqhm_8_128,71287493,256,10
1565454140,smqhm_8_128,71149380,256,10
1561278100,smqhm_8_128,70823978,256,10
1572286380,smqhm_8_128,71863931,256,10
2539869580,smqhm_8_256,75522783,256,10
2510035520,smqhm_8_256,74328944,256,10
2543563680,smqhm_8_256,75213038,256,10
2506684000,smqhm_8_256,74597586,256,10
2599563220,smqhm_8_256,74960039,256,10
2526278620,smqhm_8_256,75209862,256,10
4489657260,smqhm_8_512,80377840,256,10
4501004880,smqhm_8_512,81050382,256,10
4529964960,smqhm_8_512,81604433,256,10
4546145740,smqhm_8_512,81563238,256,10
4510050820,smqhm_8_512,81202171,256,10
4526290060,smqhm_8_512,81070078,256,10
8312231980,smqhm_8_1024,84845474,256,10
8242711720,smqhm_8_1024,84211342,256,10
8272769600,smqhm_8_1024,84571899,256,10
8280469460,smqhm_8_1024,84190008,256,10
8319727840,smqhm_8_1024,84479790,256,10
8335105540,smqhm_8_1024,85242279,256,10
320368540,smqhm_16_1,62130071,256,10
328036920,smqhm_16_1,61549439,256,10
316830520,smqhm_16_1,61908046,256,10
318011280,smqhm_16_1,61732241,256,10
318240640,smqhm_16_1,61578193,256,10
314076280,smqhm_16_1,61099639,256,10
312734620,smqhm_16_2,54036012,256,10
307823180,smqhm_16_2,53761070,256,10
299111460,smqhm_16_2,53680545,256,10
310653460,smqhm_16_2,53560013,256,10
303297740,smqhm_16_2,53796262,256,10
299322380,smqhm_16_2,53403239,256,10
317886480,smqhm_16_4,53744841,256,10
321757760,smqhm_16_4,54272994,256,10
318616240,smqhm_16_4,53642784,256,10
318535440,smqhm_16_4,53750399,256,10
319642400,smqhm_16_4,53963896,256,10
322942000,smqhm_16_4,53488933,256,10
357976620,smqhm_16_8,58948072,256,10
357528840,smqhm_16_8,58776800,256,10
356776080,smqhm_16_8,58559084,256,10
355262280,smqhm_16_8,58575663,256,10
356476940,smqhm_16_8,58736173,256,10
358153520,smqhm_16_8,59095286,256,10
470766800,smqhm_16_16,66836420,256,10
473340800,smqhm_16_16,67006679,256,10
470320040,smqhm_16_16,66831860,256,10
472339360,smqhm_16_16,67065391,256,10
487151800,smqhm_16_16,67187624,256,10
483828800,smqhm_16_16,66977657,256,10
612243020,smqhm_16_32,74126079,256,10
609403280,smqhm_16_32,73754969,256,10
630602280,smqhm_16_32,74105219,256,10
606947700,smqhm_16_32,73272044,256,10
613470040,smqhm_16_32,74280380,256,10
613495340,smqhm_16_32,73936328,256,10
808849100,smqhm_16_64,78190094,256,10
825808080,smqhm_16_64,79764060,256,10
819396340,smqhm_16_64,79523170,256,10
813756600,smqhm_16_64,78066150,256,10
809725980,smqhm_16_64,78428543,256,10
815656800,smqhm_16_64,78873192,256,10
1353604320,smqhm_16_128,81952435,256,10
1391506460,smqhm_16_128,82621060,256,10
1334158900,smqhm_16_128,81783457,256,10
1338167940,smqhm_16_128,82234464,256,10
1346873700,smqhm_16_128,82105019,256,10
1412057520,smqhm_16_128,83256067,256,10
2212936840,smqhm_16_256,87503776,256,10
2233819780,smqhm_16_256,87892787,256,10
2207797940,smqhm_16_256,87247532,256,10
2241960880,smqhm_16_256,88563408,256,10
2235287820,smqhm_16_256,88388237,256,10
2218195820,smqhm_16_256,87259047,256,10
3860998760,smqhm_16_512,94236063,256,10
3875239000,smqhm_16_512,94640174,256,10
3885352480,smqhm_16_512,95572293,256,10
3929278380,smqhm_16_512,95964681,256,10
3834664760,smqhm_16_512,93824210,256,10
3909552080,smqhm_16_512,95833194,256,10
7005734480,smqhm_16_1024,99797644,256,10
6930731940,smqhm_16_1024,98727348,256,10
6918219480,smqhm_16_1024,98733299,256,10
6897025820,smqhm_16_1024,98071652,256,10
7005389660,smqhm_16_1024,99827432,256,10
6958202500,smqhm_16_1024,98810814,256,10
367377100,smqhm_32_1,81151855,256,10
366694520,smqhm_32_1,81206315,256,10
368483000,smqhm_32_1,81451467,256,10
367775500,smqhm_32_1,81264234,256,10
365596000,smqhm_32_1,80237541,256,10
367345980,smqhm_32_1,81431530,256,10
332927780,smqhm_32_2,66833858,256,10
332708700,smqhm_32_2,66691572,256,10
333191620,smqhm_32_2,66652372,256,10
351983480,smqhm_32_2,66565582,256,10
333863620,smqhm_32_2,67158978,256,10
333139540,smqhm_32_2,66944310,256,10
340271100,smqhm_32_4,62028300,256,10
337421020,smqhm_32_4,62304267,256,10
339545000,smqhm_32_4,62745795,256,10
338447080,smqhm_32_4,62344550,256,10
336609960,smqhm_32_4,62212100,256,10
354210540,smqhm_32_4,62987390,256,10
366110960,smqhm_32_8,65721550,256,10
365640800,smqhm_32_8,66118370,256,10
365314820,smqhm_32_8,66013035,256,10
368673500,smqhm_32_8,66307258,256,10
367185780,smqhm_32_8,66365072,256,10
369308640,smqhm_32_8,66526146,256,10
498290300,smqhm_32_16,75100062,256,10
487591320,smqhm_32_16,74856731,256,10
492033140,smqhm_32_16,75488280,256,10
487129580,smqhm_32_16,74573792,256,10
493083360,smqhm_32_16,75831442,256,10
490978000,smqhm_32_16,75305605,256,10
648673560,smqhm_32_32,84566843,256,10
656818600,smqhm_32_32,85945907,256,10
659585640,smqhm_32_32,85687800,256,10
655485840,smqhm_32_32,85249969,256,10
654800720,smqhm_32_32,85576683,256,10
656918420,smqhm_32_32,85565655,256,10
853616780,smqhm_32_64,91527874,256,10
851513980,smqhm_32_64,91911995,256,10
861193940,smqhm_32_64,92973448,256,10
846563960,smqhm_32_64,91242933,256,10
856587200,smqhm_32_64,92793228,256,10
852187040,smqhm_32_64,91971919,256,10
1286553440,smqhm_32_128,97002638,256,10
1283776440,smqhm_32_128,97278909,256,10
1260387080,smqhm_32_128,96254775,256,10
1275433840,smqhm_32_128,96904622,256,10
1282185380,smqhm_32_128,96891033,256,10
1290527460,smqhm_32_128,98003253,256,10
2125110280,smqhm_32_256,102385067,256,10
2141114040,smqhm_32_256,103259060,256,10
2173579800,smqhm_32_256,104122290,256,10
2181495260,smqhm_32_256,104947634,256,10
2151174640,smqhm_32_256,103081601,256,10
2150426800,smqhm_32_256,104009136,256,10
4778396540,smqhm_32_512,133798206,256,10
4730002820,smqhm_32_512,133232278,256,10
4734675920,smqhm_32_512,133334498,256,10
4739352720,smqhm_32_512,133544385,256,10
4743700580,smqhm_32_512,133147800,256,10
4731982120,smqhm_32_512,133296508,256,10
10305620280,smqhm_32_1024,160825599,256,10
10037925140,smqhm_32_1024,156505477,256,10
10050744900,smqhm_32_1024,156523466,256,10
10102638540,smqhm_32_1024,157370509,256,10
10227933600,smqhm_32_1024,159321019,256,10
10158988140,smqhm_32_1024,158013064,256,10
441379600,smqhm_64_1,107597722,256,10
440739420,smqhm_64_1,108301835,256,10
439181960,smqhm_64_1,107316159,256,10
443127300,smqhm_64_1,107868270,256,10
448379300,smqhm_64_1,109465438,256,10
450309520,smqhm_64_1,110184942,256,10
396099900,smqhm_64_2,87108076,256,10
396322600,smqhm_64_2,87063102,256,10
396755760,smqhm_64_2,87067302,256,10
399574140,smqhm_64_2,87524696,256,10
389444440,smqhm_64_2,85019538,256,10
395545500,smqhm_64_2,87085858,256,10
371351120,smqhm_64_4,75472417,256,10
373924900,smqhm_64_4,75610419,256,10
369508180,smqhm_64_4,75174910,256,10
375050860,smqhm_64_4,76393813,256,10
368385280,smqhm_64_4,74871391,256,10
369070580,smqhm_64_4,74967461,256,10
391681580,smqhm_64_8,75847783,256,10
390145720,smqhm_64_8,75191699,256,10
389204320,smqhm_64_8,75144429,256,10
389403500,smqhm_64_8,75101646,256,10
390268600,smqhm_64_8,75561823,256,10
391852340,smqhm_64_8,75758581,256,10
518448240,smqhm_64_16,84140315,256,10
524142520,smqhm_64_16,85291855,256,10
517973600,smqhm_64_16,84030898,256,10
521164280,smqhm_64_16,84771607,256,10
519265760,smqhm_64_16,84278711,256,10
527516840,smqhm_64_16,84387278,256,10
707153080,smqhm_64_32,97929918,256,10
709793620,smqhm_64_32,98232782,256,10
721577860,smqhm_64_32,98340911,256,10
704444580,smqhm_64_32,97900647,256,10
716178840,smqhm_64_32,99520425,256,10
709110720,smqhm_64_32,98169264,256,10
935107600,smqhm_64_64,108167733,256,10
928090520,smqhm_64_64,107675036,256,10
944679240,smqhm_64_64,109492201,256,10
943367800,smqhm_64_64,109122162,256,10
941658700,smqhm_64_64,108910461,256,10
944346220,smqhm_64_64,109233872,256,10
1423715120,smqhm_64_128,119083053,256,10
1407337860,smqhm_64_128,117680741,256,10
1433804360,smqhm_64_128,118501887,256,10
1416932900,smqhm_64_128,117993462,256,10
1423574460,smqhm_64_128,118464719,256,10
1410572680,smqhm_64_128,117605191,256,10
2560066620,smqhm_64_256,134046684,256,10
2574129380,smqhm_64_256,134157098,256,10
2587596320,smqhm_64_256,135050705,256,10
2579012040,smqhm_64_256,133551309,256,10
2582611940,smqhm_64_256,134312001,256,10
2591464900,smqhm_64_256,134837362,256,10
6866850480,smqhm_64_512,202831369,256,10
6678502460,smqhm_64_512,197278615,256,10
6873581940,smqhm_64_512,202733817,256,10
6676247100,smqhm_64_512,196607851,256,10
6494116240,smqhm_64_512,190951790,256,10
6632905680,smqhm_64_512,196480008,256,10
13717117000,smqhm_64_1024,220317752,256,10
13762282980,smqhm_64_1024,221164526,256,10
13396410820,smqhm_64_1024,215105941,256,10
13599705800,smqhm_64_1024,217943709,256,10
13254003100,smqhm_64_1024,211599603,256,10
13273380000,smqhm_64_1024,212693661,256,10
527963960,smqhm_128_1,141808088,256,10
528655620,smqhm_128_1,142064849,256,10
526640400,smqhm_128_1,141656090,256,10
536579980,smqhm_128_1,144496860,256,10
524335640,smqhm_128_1,140344443,256,10
532192520,smqhm_128_1,141895882,256,10
469546500,smqhm_128_2,113776382,256,10
464333700,smqhm_128_2,112195517,256,10
470572100,smqhm_128_2,113831435,256,10
479503760,smqhm_128_2,114324191,256,10
473998020,smqhm_128_2,114628779,256,10
472220580,smqhm_128_2,113772916,256,10
433513460,smqhm_128_4,94321632,256,10
430948560,smqhm_128_4,94112863,256,10
434878020,smqhm_128_4,94662969,256,10
435565580,smqhm_128_4,95092605,256,10
434543700,smqhm_128_4,93869330,256,10
435085980,smqhm_128_4,94906311,256,10
433065920,smqhm_128_8,89253924,256,10
425216120,smqhm_128_8,88019969,256,10
429686200,smqhm_128_8,88834741,256,10
427069700,smqhm_128_8,88626541,256,10
431523040,smqhm_128_8,89217382,256,10
431435340,smqhm_128_8,89641918,256,10
568819000,smqhm_128_16,96693195,256,10
568127560,smqhm_128_16,96512410,256,10
564988360,smqhm_128_16,96231577,256,10
572845680,smqhm_128_16,97464586,256,10
565625040,smqhm_128_16,96318787,256,10
563553640,smqhm_128_16,95607348,256,10
761501520,smqhm_128_32,111321907,256,10
767469620,smqhm_128_32,112152589,256,10
756400140,smqhm_128_32,110224826,256,10
771228920,smqhm_128_32,112444357,256,10
768974740,smqhm_128_32,112313579,256,10
796714460,smqhm_128_32,113139515,256,10
1026602360,smqhm_128_64,126090987,256,10
1034702660,smqhm_128_64,126634778,256,10
1038737700,smqhm_128_64,126949758,256,10
1022814940,smqhm_128_64,125350348,256,10
1026434040,smqhm_128_64,125717436,256,10
1046866880,smqhm_128_64,126851626,256,10
1611361680,smqhm_128_128,141580401,256,10
1641152580,smqhm_128_128,144049680,256,10
1610457040,smqhm_128_128,141209759,256,10
1600507380,smqhm_128_128,140848809,256,10
1615135860,smqhm_128_128,142325374,256,10
1646285640,smqhm_128_128,143225427,256,10
3082266560,smqhm_128_256,166203724,256,10
3177227960,smqhm_128_256,171909842,256,10
3125932380,smqhm_128_256,168190392,256,10
3162029980,smqhm_128_256,170037209,256,10
3125151820,smqhm_128_256,168661483,256,10
3043492240,smqhm_128_256,164725741,256,10
8446951020,smqhm_128_512,254043900,256,10
8602258960,smqhm_128_512,256471039,256,10
8677258860,smqhm_128_512,260092203,256,10
8342213940,smqhm_128_512,246626240,256,10
8217053060,smqhm_128_512,247093501,256,10
8387130580,smqhm_128_512,251369648,256,10
15720857620,smqhm_128_1024,259236388,256,10
15189079920,smqhm_128_1024,252604427,256,10
16118287320,smqhm_128_1024,268762917,256,10
15602800920,smqhm_128_1024,257579873,256,10
15439204320,smqhm_128_1024,257635397,256,10
16204142260,smqhm_128_1024,266601291,256,10
655074060,smqhm_256_1,185209954,256,10
680275960,smqhm_256_1,194629542,256,10
630314860,smqhm_256_1,182403507,256,10
645358940,smqhm_256_1,187114412,256,10
633841120,smqhm_256_1,177461905,256,10
641606760,smqhm_256_1,185336161,256,10
557282900,smqhm_256_2,145944919,256,10
552314780,smqhm_256_2,144854876,256,10
550831720,smqhm_256_2,144022406,256,10
579309720,smqhm_256_2,153275618,256,10
549857820,smqhm_256_2,143453717,256,10
558154440,smqhm_256_2,145653066,256,10
507607920,smqhm_256_4,120016395,256,10
504278440,smqhm_256_4,119673983,256,10
507593800,smqhm_256_4,120190855,256,10
523584500,smqhm_256_4,123904730,256,10
510183520,smqhm_256_4,120090008,256,10
511270340,smqhm_256_4,121196414,256,10
485995300,smqhm_256_8,108674216,256,10
482841640,smqhm_256_8,107471194,256,10
479628900,smqhm_256_8,106698534,256,10
482363320,smqhm_256_8,107558977,256,10
476369600,smqhm_256_8,106025128,256,10
478778260,smqhm_256_8,106928991,256,10
623804840,smqhm_256_16,110209449,256,10
624483220,smqhm_256_16,110465697,256,10
631848560,smqhm_256_16,111602372,256,10
633018980,smqhm_256_16,112316200,256,10
630710420,smqhm_256_16,111668751,256,10
617052300,smqhm_256_16,109267945,256,10
850259000,smqhm_256_32,127486279,256,10
844189060,smqhm_256_32,127248435,256,10
862104600,smqhm_256_32,129991002,256,10
863145280,smqhm_256_32,129071613,256,10
840916440,smqhm_256_32,126217422,256,10
843353640,smqhm_256_32,126620837,256,10
1144882680,smqhm_256_64,145314122,256,10
1141692240,smqhm_256_64,145436983,256,10
1135998080,smqhm_256_64,143804574,256,10
1157811400,smqhm_256_64,147180908,256,10
1142164620,smqhm_256_64,144906973,256,10
1137521920,smqhm_256_64,144312918,256,10
1846106700,smqhm_256_128,168245356,256,10
1798455000,smqhm_256_128,163883246,256,10
1784691060,smqhm_256_128,161804722,256,10
1821116420,smqhm_256_128,165754014,256,10
1849309540,smqhm_256_128,169422452,256,10
1819641780,smqhm_256_128,165881464,256,10
3827804480,smqhm_256_256,212565559,256,10
3791225180,smqhm_256_256,209722533,256,10
3710111580,smqhm_256_256,205848555,256,10
3735708820,smqhm_256_256,206565995,256,10
3730394200,smqhm_256_256,205213364,256,10
3714187460,smqhm_256_256,204669072,256,10
10672897100,smqhm_256_512,317643851,256,10
10318319020,smqhm_256_512,309729915,256,10
10245809020,smqhm_256_512,306433432,256,10
9979816540,smqhm_256_512,298210245,256,10
10498018740,smqhm_256_512,317830763,256,10
9811138900,smqhm_256_512,295993254,256,10
17906630220,smqhm_256_1024,302891289,256,10
18227160940,smqhm_256_1024,307803164,256,10
17323258440,smqhm_256_1024,292107238,256,10
17794348120,smqhm_256_1024,300964198,256,10
18524338220,smqhm_256_1024,315408661,256,10
17105270740,smqhm_256_1024,291508239,256,10
804005680,smqhm_512_1,239699139,256,10
781617380,smqhm_512_1,231869990,256,10
820015120,smqhm_512_1,243533815,256,10
818505100,smqhm_512_1,244023731,256,10
755195300,smqhm_512_1,223468198,256,10
785764740,smqhm_512_1,232756800,256,10
700994920,smqhm_512_2,193581320,256,10
679399080,smqhm_512_2,186028817,256,10
689540780,smqhm_512_2,191654302,256,10
692786240,smqhm_512_2,189085934,256,10
709139040,smqhm_512_2,195038497,256,10
701118080,smqhm_512_2,196957685,256,10
604627780,smqhm_512_4,152135183,256,10
597053560,smqhm_512_4,150143327,256,10
606250360,smqhm_512_4,152643328,256,10
628094620,smqhm_512_4,157454461,256,10
626632140,smqhm_512_4,158283191,256,10
614579380,smqhm_512_4,155025262,256,10
561834220,smqhm_512_8,131397826,256,10
569096640,smqhm_512_8,132779555,256,10
568746100,smqhm_512_8,132857329,256,10
574456960,smqhm_512_8,134751912,256,10
564466380,smqhm_512_8,131694363,256,10
566304660,smqhm_512_8,132846174,256,10
723269880,smqhm_512_16,133495736,256,10
703296920,smqhm_512_16,128733852,256,10
720809720,smqhm_512_16,132908839,256,10
716802140,smqhm_512_16,132178747,256,10
710645460,smqhm_512_16,130197451,256,10
707136900,smqhm_512_16,130273983,256,10
956124500,smqhm_512_32,149147076,256,10
959887540,smqhm_512_32,149791935,256,10
955444040,smqhm_512_32,149271240,256,10
953196960,smqhm_512_32,148113641,256,10
948524280,smqhm_512_32,148537066,256,10
946542480,smqhm_512_32,146994545,256,10
1258076420,smqhm_512_64,164446874,256,10
1271926600,smqhm_512_64,167023124,256,10
1275459340,smqhm_512_64,167338566,256,10
1288490620,smqhm_512_64,169269461,256,10
1280646140,smqhm_512_64,167867467,256,10
1281621560,smqhm_512_64,168144075,256,10
2143666480,smqhm_512_128,196889310,256,10
2093062140,smqhm_512_128,193594964,256,10
2061082840,smqhm_512_128,190990257,256,10
2051267000,smqhm_512_128,190716562,256,10
2019681740,smqhm_512_128,186336305,256,10
2028588340,smqhm_512_128,186980097,256,10
4206297420,smqhm_512_256,234254185,256,10
4246631220,smqhm_512_256,236292801,256,10
4436064520,smqhm_512_256,246382309,256,10
4436382180,smqhm_512_256,248920406,256,10
4403508960,smqhm_512_256,245002214,256,10
4400742960,smqhm_512_256,246100132,256,10
11726407060,smqhm_512_512,354402496,256,10
11773481800,smqhm_512_512,355139072,256,10
11492726300,smqhm_512_512,349857161,256,10
11722989640,smqhm_512_512,354382679,256,10
12058776280,smqhm_512_512,364482878,256,10
11002887620,smqhm_512_512,333383782,256,10
20093316580,smqhm_512_1024,342177017,256,10
20399542680,smqhm_512_1024,348074797,256,10
20709381580,smqhm_512_1024,353837995,256,10
19757586400,smqhm_512_1024,336076212,256,10
20433448820,smqhm_512_1024,347270221,256,10
20392835860,smqhm_512_1024,345460100,256,10
910517920,smqhm_1024_1,283393148,256,10
910525740,smqhm_1024_1,284005447,256,10
989314580,smqhm_1024_1,304831356,256,10
853746380,smqhm_1024_1,263902046,256,10
925693280,smqhm_1024_1,286538909,256,10
1043128560,smqhm_1024_1,321986721,256,10
828226920,smqhm_1024_2,241713599,256,10
817747540,smqhm_1024_2,237428086,256,10
792283000,smqhm_1024_2,230091081,256,10
772172440,smqhm_1024_2,223597357,256,10
774726800,smqhm_1024_2,224483017,256,10
840277120,smqhm_1024_2,245945906,256,10
749258800,smqhm_1024_4,197818354,256,10
781252940,smqhm_1024_4,199595476,256,10
741415400,smqhm_1024_4,195625830,256,10
772861340,smqhm_1024_4,196733944,256,10
762645460,smqhm_1024_4,193861740,256,10
739491600,smqhm_1024_4,190731604,256,10
684778740,smqhm_1024_8,166361013,256,10
678429640,smqhm_1024_8,164185911,256,10
696046900,smqhm_1024_8,165906965,256,10
678851200,smqhm_1024_8,169965216,256,10
668510360,smqhm_1024_8,165995043,256,10
689097480,smqhm_1024_8,168006656,256,10
826836280,smqhm_1024_16,156838685,256,10
842826040,smqhm_1024_16,160237442,256,10
846419860,smqhm_1024_16,159738132,256,10
840388820,smqhm_1024_16,159152898,256,10
833662480,smqhm_1024_16,158464700,256,10
822628220,smqhm_1024_16,155767996,256,10
1108250420,smqhm_1024_32,175867408,256,10
1087849580,smqhm_1024_32,173948202,256,10
1120773280,smqhm_1024_32,179240120,256,10
1084898500,smqhm_1024_32,173690073,256,10
1079584860,smqhm_1024_32,172460736,256,10
1111926140,smqhm_1024_32,176334393,256,10
1423604900,smqhm_1024_64,189716076,256,10
1422555380,smqhm_1024_64,189165661,256,10
1464443020,smqhm_1024_64,194831476,256,10
1424477380,smqhm_1024_64,189443715,256,10
1439429220,smqhm_1024_64,191984506,256,10
1427027880,smqhm_1024_64,189561085,256,10
2352116080,smqhm_1024_128,220807207,256,10
2368197120,smqhm_1024_128,222325325,256,10
2390617400,smqhm_1024_128,224377519,256,10
2365477740,smqhm_1024_128,221793349,256,10
2322948540,smqhm_1024_128,216766534,256,10
2303756040,smqhm_1024_128,212283848,256,10
4880572040,smqhm_1024_256,274140308,256,10
4867556240,smqhm_1024_256,273393478,256,10
4416707080,smqhm_1024_256,249048370,256,10
4911204580,smqhm_1024_256,275696438,256,10
4768707680,smqhm_1024_256,268373608,256,10
4661606300,smqhm_1024_256,263070060,256,10
13329985260,smqhm_1024_512,408612336,256,10
13311395160,smqhm_1024_512,408145005,256,10
12561182740,smqhm_1024_512,382459003,256,10
13916362160,smqhm_1024_512,419855760,256,10
12976577980,smqhm_1024_512,390650558,256,10
12452664500,smqhm_1024_512,381700319,256,10
24362663060,smqhm_1024_1024,413914215,256,10
22490066240,smqhm_1024_1024,383813788,256,10
23113160720,smqhm_1024_1024,393620416,256,10
23227822140,smqhm_1024_1024,396074056,256,10
24564497180,smqhm_1024_1024,419836233,256,10
24202277220,smqhm_1024_1024,413839658,256,10
