790322140,pmod_32_10_fifo,34599111,256,14
671971300,pmod_32_10_fifo,34885307,256,14
450535820,pmod_32_10_fifo,34648518,256,14
535465800,pmod_32_10_fifo,35912970,256,14
424240500,pmod_32_10_fifo,36723088,256,14
450491240,pmod_32_12_fifo,36560505,256,14
592455220,pmod_32_12_fifo,36719544,256,14
653274420,pmod_32_12_fifo,37357079,256,14
439460980,pmod_32_12_fifo,36834238,256,14
426157860,pmod_32_12_fifo,36502785,256,14
421412040,pmod_32_14_fifo,35806211,256,14
524492660,pmod_32_14_fifo,37340256,256,14
621838160,pmod_32_14_fifo,34615525,256,14
439420880,pmod_32_14_fifo,35849667,256,14
625669420,pmod_32_14_fifo,32768438,256,14
614128580,pmod_32_16_fifo,35018020,256,14
445039980,pmod_32_16_fifo,35395817,256,14
460780440,pmod_32_16_fifo,37605416,256,14
464382780,pmod_32_16_fifo,37268822,256,14
456651080,pmod_32_16_fifo,35111081,256,14
449000800,pmod_32_18_fifo,35868959,256,14
433650440,pmod_32_18_fifo,36926320,256,14
790077540,pmod_32_18_fifo,36883227,256,14
445825860,pmod_32_18_fifo,34679341,256,14
653786580,pmod_32_18_fifo,36587549,256,14
741952260,pmod_64_10_fifo,48983523,256,14
685810620,pmod_64_10_fifo,51544126,256,14
733005780,pmod_64_10_fifo,59390946,256,14
740782040,pmod_64_10_fifo,60588491,256,14
810690240,pmod_64_10_fifo,58277005,256,14
972767320,pmod_64_12_fifo,61693051,256,14
781599720,pmod_64_12_fifo,60015547,256,14
964655260,pmod_64_12_fifo,58946232,256,14
747906980,pmod_64_12_fifo,50851581,256,14
1010626580,pmod_64_12_fifo,52520299,256,14
759023160,pmod_64_14_fifo,57451626,256,14
746130760,pmod_64_14_fifo,55314562,256,14
762932040,pmod_64_14_fifo,57551846,256,14
857223780,pmod_64_14_fifo,60009866,256,14
879685120,pmod_64_14_fifo,56242666,256,14
738157300,pmod_64_16_fifo,53972050,256,14
756935540,pmod_64_16_fifo,51583829,256,14
882356760,pmod_64_16_fifo,55410886,256,14
774130420,pmod_64_16_fifo,53749171,256,14
791798860,pmod_64_16_fifo,55407247,256,14
799127680,pmod_64_18_fifo,55408672,256,14
733266980,pmod_64_18_fifo,55328982,256,14
714117100,pmod_64_18_fifo,52187297,256,14
711526640,pmod_64_18_fifo,57828623,256,14
805281540,pmod_64_18_fifo,60145930,256,14
751838980,pmod_128_10_fifo,82715615,256,14
901620180,pmod_128_10_fifo,75063455,256,14
1411642320,pmod_128_10_fifo,91022209,256,14
799831260,pmod_128_10_fifo,74960237,256,14
918743520,pmod_128_10_fifo,74665158,256,14
1488264440,pmod_128_12_fifo,75199039,256,14
1674907340,pmod_128_12_fifo,62990736,256,14
947322720,pmod_128_12_fifo,83249207,256,14
843408320,pmod_128_12_fifo,80692897,256,14
990294520,pmod_128_12_fifo,79589998,256,14
706998580,pmod_128_14_fifo,78676083,256,14
1375335340,pmod_128_14_fifo,74148859,256,14
921019840,pmod_128_14_fifo,74262828,256,14
1421015880,pmod_128_14_fifo,68744086,256,14
1860834260,pmod_128_14_fifo,81319641,256,14
1098352480,pmod_128_16_fifo,65662499,256,14
969795180,pmod_128_16_fifo,65355015,256,14
1001667760,pmod_128_16_fifo,63802582,256,14
847495280,pmod_128_16_fifo,72259373,256,14
1941172620,pmod_128_16_fifo,84561949,256,14
819144240,pmod_128_18_fifo,70529715,256,14
1289126620,pmod_128_18_fifo,69305590,256,14
1279345300,pmod_128_18_fifo,75381193,256,14
792525120,pmod_128_18_fifo,85637635,256,14
889223160,pmod_128_18_fifo,77965502,256,14
1310817340,pmod_256_10_fifo,116334530,256,14
1577457060,pmod_256_10_fifo,116558764,256,14
1213432720,pmod_256_10_fifo,115247700,256,14
1650649680,pmod_256_10_fifo,109754825,256,14
1036474820,pmod_256_10_fifo,124463568,256,14
1725355560,pmod_256_12_fifo,100900166,256,14
1712229440,pmod_256_12_fifo,91468149,256,14
1178880140,pmod_256_12_fifo,130722259,256,14
1593315700,pmod_256_12_fifo,133411899,256,14
1326474600,pmod_256_12_fifo,131802267,256,14
2247387180,pmod_256_14_fifo,103689011,256,14
1862410360,pmod_256_14_fifo,101887937,256,14
1801076560,pmod_256_14_fifo,82802545,256,14
1781217420,pmod_256_14_fifo,70678128,256,14
1688518340,pmod_256_14_fifo,88527039,256,14
1697806400,pmod_256_16_fifo,109712949,256,14
1813799960,pmod_256_16_fifo,81275037,256,14
1456389020,pmod_256_16_fifo,107999975,256,14
1300295660,pmod_256_16_fifo,126095679,256,14
1748739860,pmod_256_16_fifo,98072952,256,14
1001702360,pmod_256_18_fifo,119260316,256,14
1686200820,pmod_256_18_fifo,100036905,256,14
1285858500,pmod_256_18_fifo,131860676,256,14
1991994100,pmod_256_18_fifo,75663710,256,14
1767489960,pmod_256_18_fifo,94427005,256,14
1814574700,pmod_512_10_fifo,137525041,256,14
1988205280,pmod_512_10_fifo,179083129,256,14
2672230840,pmod_512_10_fifo,108300426,256,14
2214447540,pmod_512_10_fifo,103601338,256,14
2502139320,pmod_512_10_fifo,88243744,256,14
2282858900,pmod_512_12_fifo,107908888,256,14
1707103300,pmod_512_12_fifo,148875705,256,14
2682660680,pmod_512_12_fifo,88859174,256,14
2368515160,pmod_512_12_fifo,115442287,256,14
1754892960,pmod_512_12_fifo,147061238,256,14
1846053480,pmod_512_14_fifo,155608435,256,14
2185232720,pmod_512_14_fifo,88601187,256,14
2304914880,pmod_512_14_fifo,112876908,256,14
1847891840,pmod_512_14_fifo,136968681,256,14
2363503580,pmod_512_14_fifo,123923258,256,14
2424864480,pmod_512_16_fifo,98067411,256,14
2002154540,pmod_512_16_fifo,89516642,256,14
2457101820,pmod_512_16_fifo,95308473,256,14
2769427780,pmod_512_16_fifo,148207921,256,14
2031472000,pmod_512_16_fifo,109662728,256,14
2581010560,pmod_512_18_fifo,95361478,256,14
2163998240,pmod_512_18_fifo,97312939,256,14
2316637940,pmod_512_18_fifo,116722800,256,14
2059897500,pmod_512_18_fifo,112278303,256,14
2524953280,pmod_512_18_fifo,118691075,256,14
