30377436380,pmod_32_10_fifo,633387333,256,14
29823802320,pmod_32_10_fifo,627105099,256,14
29536533400,pmod_32_10_fifo,617591732,256,14
29616830600,pmod_32_10_fifo,615284577,256,14
29399217620,pmod_32_10_fifo,619297489,256,14
29713931860,pmod_32_12_fifo,631201992,256,14
28653407820,pmod_32_12_fifo,608847633,256,14
28799968620,pmod_32_12_fifo,613761908,256,14
29874107520,pmod_32_12_fifo,630142998,256,14
30039264100,pmod_32_12_fifo,634093095,256,14
29933109840,pmod_32_14_fifo,628897816,256,14
29599004940,pmod_32_14_fifo,627066183,256,14
28964405280,pmod_32_14_fifo,615092273,256,14
29128740600,pmod_32_14_fifo,612184911,256,14
28643448240,pmod_32_14_fifo,612859910,256,14
28754823640,pmod_32_16_fifo,613450319,256,14
29424812240,pmod_32_16_fifo,627251880,256,14
29706572720,pmod_32_16_fifo,622185383,256,14
29921900900,pmod_32_16_fifo,628484595,256,14
28734951120,pmod_32_16_fifo,614210833,256,14
29440665240,pmod_32_18_fifo,624949277,256,14
29495495860,pmod_32_18_fifo,615885287,256,14
28926614440,pmod_32_18_fifo,616088732,256,14
29960121380,pmod_32_18_fifo,630855508,256,14
29588622760,pmod_32_18_fifo,619159004,256,14
15044366440,pmod_64_10_fifo,612502568,256,14
14680695840,pmod_64_10_fifo,601544360,256,14
14692774200,pmod_64_10_fifo,604554848,256,14
15290680180,pmod_64_10_fifo,619151852,256,14
15055106220,pmod_64_10_fifo,617809362,256,14
15331929120,pmod_64_12_fifo,621897316,256,14
14881485940,pmod_64_12_fifo,605430002,256,14
14772877920,pmod_64_12_fifo,609189520,256,14
14778100280,pmod_64_12_fifo,602247936,256,14
15039109420,pmod_64_12_fifo,608849207,256,14
15045481000,pmod_64_14_fifo,609892760,256,14
15150245620,pmod_64_14_fifo,609246358,256,14
14974488320,pmod_64_14_fifo,604900394,256,14
15354786220,pmod_64_14_fifo,615375664,256,14
15195963540,pmod_64_14_fifo,608425506,256,14
15110416220,pmod_64_16_fifo,621804891,256,14
15015156780,pmod_64_16_fifo,614384954,256,14
15295801980,pmod_64_16_fifo,619122474,256,14
15205082940,pmod_64_16_fifo,618458220,256,14
14978400940,pmod_64_16_fifo,608700000,256,14
15049818920,pmod_64_18_fifo,603706547,256,14
14860217020,pmod_64_18_fifo,606454428,256,14
15091327180,pmod_64_18_fifo,613931207,256,14
15035540180,pmod_64_18_fifo,613013698,256,14
15266834800,pmod_64_18_fifo,621135993,256,14
8491148360,pmod_128_10_fifo,669242471,256,14
8329202420,pmod_128_10_fifo,655835975,256,14
8488599540,pmod_128_10_fifo,668675598,256,14
8400855860,pmod_128_10_fifo,660970776,256,14
8501269840,pmod_128_10_fifo,670256137,256,14
3938506600,pmod_128_12_fifo,382651742,256,14
8231085140,pmod_128_12_fifo,645741797,256,14
7853997740,pmod_128_12_fifo,717922052,256,14
8469471440,pmod_128_12_fifo,668669283,256,14
8534336580,pmod_128_12_fifo,669357063,256,14
8442580620,pmod_128_14_fifo,660142863,256,14
8492485960,pmod_128_14_fifo,664980955,256,14
8720077060,pmod_128_14_fifo,678962366,256,14
8483353000,pmod_128_14_fifo,669552833,256,14
8661924120,pmod_128_14_fifo,679372010,256,14
8626475320,pmod_128_16_fifo,688963363,256,14
8428248420,pmod_128_16_fifo,659506723,256,14
8458392080,pmod_128_16_fifo,663506875,256,14
8391460240,pmod_128_16_fifo,660706211,256,14
8640197800,pmod_128_16_fifo,675639624,256,14
8626000800,pmod_128_18_fifo,676609234,256,14
8542209600,pmod_128_18_fifo,667744487,256,14
8588991520,pmod_128_18_fifo,678202801,256,14
8448109940,pmod_128_18_fifo,664433515,256,14
8429197560,pmod_128_18_fifo,669081454,256,14
6623553600,pmod_256_10_fifo,1043581070,256,14
6808557680,pmod_256_10_fifo,1076237560,256,14
6583460280,pmod_256_10_fifo,1037751255,256,14
6430028320,pmod_256_10_fifo,1016431318,256,14
6562400640,pmod_256_10_fifo,1038757576,256,14
6549124940,pmod_256_12_fifo,1032980286,256,14
6517775340,pmod_256_12_fifo,1031896499,256,14
6388105420,pmod_256_12_fifo,1010076038,256,14
6627858140,pmod_256_12_fifo,1045788646,256,14
6581305120,pmod_256_12_fifo,1038566181,256,14
6575152560,pmod_256_14_fifo,1031083493,256,14
6688605280,pmod_256_14_fifo,1047469659,256,14
6740839880,pmod_256_14_fifo,1046184571,256,14
6607021320,pmod_256_14_fifo,1035085118,256,14
6528941880,pmod_256_14_fifo,1028305869,256,14
6605240200,pmod_256_16_fifo,1038585232,256,14
6509063220,pmod_256_16_fifo,1021423414,256,14
6633347580,pmod_256_16_fifo,1041165437,256,14
6507492720,pmod_256_16_fifo,1020606317,256,14
6538226460,pmod_256_16_fifo,1029574585,256,14
6611799200,pmod_256_18_fifo,1029943813,256,14
6484743320,pmod_256_18_fifo,1013518561,256,14
6640756620,pmod_256_18_fifo,1041477621,256,14
6587044120,pmod_256_18_fifo,1030000573,256,14
6661356620,pmod_256_18_fifo,1043870681,256,14
6801783040,pmod_512_10_fifo,1161500446,256,14
6966387740,pmod_512_10_fifo,1193541064,256,14
6762755620,pmod_512_10_fifo,1157398805,256,14
6781464880,pmod_512_10_fifo,1169562898,256,14
6929159900,pmod_512_10_fifo,1189623101,256,14
6666905660,pmod_512_12_fifo,1152662906,256,14
6962448180,pmod_512_12_fifo,1186315325,256,14
6712189000,pmod_512_12_fifo,1164635796,256,14
6826114160,pmod_512_12_fifo,1163503615,256,14
6742918520,pmod_512_12_fifo,1168492210,256,14
6759248660,pmod_512_14_fifo,1153958969,256,14
6721221600,pmod_512_14_fifo,1151732499,256,14
6988552060,pmod_512_14_fifo,1166721189,256,14
6649500380,pmod_512_14_fifo,1156216029,256,14
6887568960,pmod_512_14_fifo,1194360724,256,14
6821411000,pmod_512_16_fifo,1157800462,256,14
6747690800,pmod_512_16_fifo,1162917555,256,14
6801478460,pmod_512_16_fifo,1164883134,256,14
6869449060,pmod_512_16_fifo,1179109245,256,14
6885837920,pmod_512_16_fifo,1167933219,256,14
6768377400,pmod_512_18_fifo,1174890312,256,14
6815777840,pmod_512_18_fifo,1160388844,256,14
6833039560,pmod_512_18_fifo,1164157767,256,14
6909740640,pmod_512_18_fifo,1184451874,256,14
6682173720,pmod_512_18_fifo,1145459831,256,14
