2257536100,pmod_32_0_fifo,38369310,256,0
2749039420,pmod_32_0_fifo,48035431,256,0
2799088160,pmod_32_0_fifo,55742478,256,0
2576335320,pmod_32_0_fifo,49062377,256,0
2373100740,pmod_32_0_fifo,39898569,256,0
2728956020,pmod_32_2_fifo,52739333,256,0
2861593780,pmod_32_2_fifo,53659290,256,0
2401421060,pmod_32_2_fifo,40299802,256,0
2759948040,pmod_32_2_fifo,45818025,256,0
3020904760,pmod_32_2_fifo,60633555,256,0
2854197320,pmod_32_4_fifo,55232275,256,0
3025421680,pmod_32_4_fifo,57042296,256,0
2426780600,pmod_32_4_fifo,43336015,256,0
2985159500,pmod_32_4_fifo,55963271,256,0
2887602880,pmod_32_4_fifo,55051084,256,0
3065335880,pmod_32_8_fifo,51546811,256,0
2767923800,pmod_32_8_fifo,53729813,256,0
2875375960,pmod_32_8_fifo,52102480,256,0
2539902800,pmod_32_8_fifo,56566441,256,0
2284311500,pmod_32_8_fifo,38618187,256,0
2839653800,pmod_32_10_fifo,55923705,256,0
3228716420,pmod_32_10_fifo,48835782,256,0
2842951000,pmod_32_10_fifo,54949517,256,0
2340312440,pmod_32_10_fifo,42075010,256,0
3109965160,pmod_32_10_fifo,52624666,256,0
2137335480,pmod_64_0_fifo,43748977,256,0
2211249920,pmod_64_0_fifo,55481646,256,0
2639766180,pmod_64_0_fifo,64371077,256,0
2225167740,pmod_64_0_fifo,53181785,256,0
2254776060,pmod_64_0_fifo,54137438,256,0
2291281240,pmod_64_2_fifo,48184475,256,0
2706836620,pmod_64_2_fifo,72311828,256,0
2421436840,pmod_64_2_fifo,60745965,256,0
2467630740,pmod_64_2_fifo,62672050,256,0
2222337140,pmod_64_2_fifo,57655307,256,0
2453582000,pmod_64_4_fifo,63492063,256,0
2282265940,pmod_64_4_fifo,54334572,256,0
2257054280,pmod_64_4_fifo,55320578,256,0
2237530600,pmod_64_4_fifo,53107449,256,0
2240519280,pmod_64_4_fifo,49052820,256,0
2488280920,pmod_64_8_fifo,64926813,256,0
2375654560,pmod_64_8_fifo,54677616,256,0
2123940080,pmod_64_8_fifo,48194653,256,0
2259109740,pmod_64_8_fifo,55450834,256,0
2490284420,pmod_64_8_fifo,64731099,256,0
2372188700,pmod_64_10_fifo,61490736,256,0
2272992800,pmod_64_10_fifo,48945974,256,0
2230689680,pmod_64_10_fifo,56008481,256,0
2301383300,pmod_64_10_fifo,55168025,256,0
2339604960,pmod_64_10_fifo,51907016,256,0
2533733100,pmod_128_0_fifo,64294477,256,0
2464689200,pmod_128_0_fifo,60842214,256,0
2426933600,pmod_128_0_fifo,61346631,256,0
2748928640,pmod_128_0_fifo,74432939,256,0
2525535760,pmod_128_0_fifo,57627387,256,0
2540264800,pmod_128_2_fifo,60191557,256,0
2473976160,pmod_128_2_fifo,61220681,256,0
2698181400,pmod_128_2_fifo,68345280,256,0
2628274440,pmod_128_2_fifo,71336374,256,0
2308856500,pmod_128_2_fifo,40901477,256,0
2571818100,pmod_128_4_fifo,67066456,256,0
2498380520,pmod_128_4_fifo,66926174,256,0
2592762020,pmod_128_4_fifo,67214103,256,0
2630767720,pmod_128_4_fifo,66370215,256,0
2627382280,pmod_128_4_fifo,71626333,256,0
2637383760,pmod_128_8_fifo,72681780,256,0
2599088020,pmod_128_8_fifo,65555066,256,0
2370263720,pmod_128_8_fifo,54361693,256,0
2474517300,pmod_128_8_fifo,60665781,256,0
2778311840,pmod_128_8_fifo,77724098,256,0
3020580740,pmod_128_10_fifo,83307501,256,0
2708708940,pmod_128_10_fifo,72375922,256,0
2636615360,pmod_128_10_fifo,70448029,256,0
2899728120,pmod_128_10_fifo,78106800,256,0
2642168560,pmod_128_10_fifo,67370941,256,0
2752051800,pmod_256_0_fifo,75164180,256,0
2932332260,pmod_256_0_fifo,80906964,256,0
2780755700,pmod_256_0_fifo,77243364,256,0
2815833240,pmod_256_0_fifo,78117408,256,0
2853112600,pmod_256_0_fifo,80407063,256,0
3095981940,pmod_256_2_fifo,89551857,256,0
2915597940,pmod_256_2_fifo,85448257,256,0
2753609400,pmod_256_2_fifo,74096287,256,0
2906927080,pmod_256_2_fifo,79444798,256,0
2845999320,pmod_256_2_fifo,83028488,256,0
2738645900,pmod_256_4_fifo,75804318,256,0
2901642500,pmod_256_4_fifo,82426175,256,0
2866882480,pmod_256_4_fifo,77536344,256,0
2791494920,pmod_256_4_fifo,80712487,256,0
2577871120,pmod_256_4_fifo,67693545,256,0
2709961440,pmod_256_8_fifo,75051157,256,0
3018701360,pmod_256_8_fifo,86893833,256,0
2888790780,pmod_256_8_fifo,78174244,256,0
2899811260,pmod_256_8_fifo,82250047,256,0
2742017780,pmod_256_8_fifo,76391744,256,0
2807584300,pmod_256_10_fifo,82640220,256,0
2856517680,pmod_256_10_fifo,82785310,256,0
2882714880,pmod_256_10_fifo,82459675,256,0
2809675480,pmod_256_10_fifo,77761053,256,0
2837707820,pmod_256_10_fifo,83295179,256,0
3078081160,pmod_512_0_fifo,85064778,256,0
3052517000,pmod_512_0_fifo,86970214,256,0
3097129700,pmod_512_0_fifo,87393274,256,0
3166702800,pmod_512_0_fifo,87217541,256,0
3180340540,pmod_512_0_fifo,87797903,256,0
3200463720,pmod_512_2_fifo,89827542,256,0
3044356700,pmod_512_2_fifo,84302455,256,0
3090794040,pmod_512_2_fifo,85467799,256,0
3126468380,pmod_512_2_fifo,83830766,256,0
3024513860,pmod_512_2_fifo,85717663,256,0
3190417160,pmod_512_4_fifo,84759991,256,0
3080530620,pmod_512_4_fifo,87396111,256,0
3101541880,pmod_512_4_fifo,85165133,256,0
3045561960,pmod_512_4_fifo,84576300,256,0
3065664120,pmod_512_4_fifo,86291321,256,0
3189595220,pmod_512_8_fifo,90279719,256,0
3229479860,pmod_512_8_fifo,89452577,256,0
3191315020,pmod_512_8_fifo,83581900,256,0
3027212660,pmod_512_8_fifo,85309759,256,0
3160377600,pmod_512_8_fifo,84915120,256,0
3124135180,pmod_512_10_fifo,86022087,256,0
3179850880,pmod_512_10_fifo,88053419,256,0
2948625600,pmod_512_10_fifo,82631619,256,0
3242071080,pmod_512_10_fifo,92870788,256,0
3161716980,pmod_512_10_fifo,86675474,256,0
