3597153740,pmod_32_0_fifo,48121696,256,0
3729697760,pmod_32_0_fifo,48113227,256,0
3751713700,pmod_32_0_fifo,48118587,256,0
3727071200,pmod_32_0_fifo,48129008,256,0
3698111340,pmod_32_0_fifo,48133238,256,0
3872790640,pmod_32_2_fifo,48132049,256,0
3772275620,pmod_32_2_fifo,48125826,256,0
3831038440,pmod_32_2_fifo,48147087,256,0
3641006480,pmod_32_2_fifo,48116938,256,0
3714141320,pmod_32_2_fifo,48121058,256,0
3644646120,pmod_32_4_fifo,48118897,256,0
3746179140,pmod_32_4_fifo,48125443,256,0
3702157260,pmod_32_4_fifo,48123881,256,0
3768921320,pmod_32_4_fifo,48116906,256,0
4241345980,pmod_32_4_fifo,48120057,256,0
3638362200,pmod_32_8_fifo,48120758,256,0
3634839780,pmod_32_8_fifo,48111711,256,0
3614521740,pmod_32_8_fifo,48118538,256,0
3564327160,pmod_32_8_fifo,48112896,256,0
3695386960,pmod_32_8_fifo,48117559,256,0
3573346180,pmod_32_10_fifo,48112088,256,0
3604608560,pmod_32_10_fifo,48119921,256,0
3650131400,pmod_32_10_fifo,48121547,256,0
3631760540,pmod_32_10_fifo,48117732,256,0
3657402140,pmod_32_10_fifo,48111561,256,0
3335965220,pmod_64_0_fifo,48121823,256,0
3522654960,pmod_64_0_fifo,48092259,256,0
3392861080,pmod_64_0_fifo,48102281,256,0
3362515360,pmod_64_0_fifo,48101884,256,0
3314175480,pmod_64_0_fifo,48123265,256,0
3473697220,pmod_64_2_fifo,48081996,256,0
3443394440,pmod_64_2_fifo,48100520,256,0
3443986760,pmod_64_2_fifo,48111471,256,0
3301117000,pmod_64_2_fifo,48120712,256,0
3425294300,pmod_64_2_fifo,48143988,256,0
3454625160,pmod_64_4_fifo,48080054,256,0
3363144160,pmod_64_4_fifo,48120515,256,0
3303343960,pmod_64_4_fifo,48165621,256,0
3387658320,pmod_64_4_fifo,48125942,256,0
3282464580,pmod_64_4_fifo,48141902,256,0
3995986720,pmod_64_8_fifo,48138844,256,0
3394284240,pmod_64_8_fifo,48079642,256,0
3477775940,pmod_64_8_fifo,48126351,256,0
3542006800,pmod_64_8_fifo,48098826,256,0
3388266840,pmod_64_8_fifo,48106226,256,0
3137484000,pmod_64_0_fifo,48118784,256,0
3581658380,pmod_64_0_fifo,48081527,256,0
3412398120,pmod_64_0_fifo,48088486,256,0
3299940360,pmod_64_0_fifo,48116101,256,0
3713589220,pmod_64_0_fifo,48147389,256,0
3592052240,pmod_64_2_fifo,48109778,256,0
3439488700,pmod_64_2_fifo,48087682,256,0
3439988480,pmod_64_2_fifo,48094052,256,0
4057203940,pmod_64_2_fifo,48115928,256,0
3568335820,pmod_64_2_fifo,48069754,256,0
3433687920,pmod_64_4_fifo,48099139,256,0
3428035240,pmod_64_4_fifo,48107932,256,0
3393994400,pmod_64_4_fifo,48092356,256,0
3494687120,pmod_64_4_fifo,48092614,256,0
3476333060,pmod_64_4_fifo,48144157,256,0
3436578320,pmod_64_8_fifo,48109312,256,0
3443822140,pmod_64_8_fifo,48095877,256,0
3543483240,pmod_64_8_fifo,48095008,256,0
3356051040,pmod_64_8_fifo,48108723,256,0
3390005320,pmod_64_8_fifo,48074735,256,0
3453894720,pmod_64_10_fifo,48115129,256,0
4068694980,pmod_64_10_fifo,48093093,256,0
3343305760,pmod_64_10_fifo,48104711,256,0
3246985960,pmod_64_10_fifo,48109882,256,0
3428197840,pmod_64_10_fifo,48104587,256,0
3490142600,pmod_128_0_fifo,48071352,256,0
3430498320,pmod_128_0_fifo,48063316,256,0
3526041620,pmod_128_0_fifo,48046748,256,0
3638207820,pmod_128_0_fifo,48037707,256,0
3511152500,pmod_128_0_fifo,48051180,256,0
3333879680,pmod_128_2_fifo,48065636,256,0
3340124680,pmod_128_2_fifo,48047047,256,0
3269191920,pmod_128_2_fifo,48063405,256,0
3389385880,pmod_128_2_fifo,48087960,256,0
3149830500,pmod_128_2_fifo,48063653,256,0
3456324940,pmod_128_0_fifo,48053894,256,0
3322602960,pmod_128_0_fifo,48058144,256,0
3670151820,pmod_128_0_fifo,48045001,256,0
3412619180,pmod_128_0_fifo,48071901,256,0
3541923420,pmod_128_0_fifo,48057941,256,0
3597572440,pmod_128_2_fifo,48041154,256,0
3691658640,pmod_128_2_fifo,48035796,256,0
3257987000,pmod_128_2_fifo,48050880,256,0
3764767640,pmod_128_2_fifo,48042087,256,0
3524148980,pmod_128_2_fifo,48061005,256,0
4177579860,pmod_128_4_fifo,48053096,256,0
3866740900,pmod_128_4_fifo,48040230,256,0
3506208020,pmod_128_4_fifo,48062866,256,0
3521873320,pmod_128_4_fifo,48042687,256,0
3492572660,pmod_128_4_fifo,48060130,256,0
3579015220,pmod_128_8_fifo,48052355,256,0
3448367480,pmod_128_8_fifo,48051626,256,0
3686274400,pmod_128_8_fifo,48056864,256,0
5329088840,pmod_128_8_fifo,48052608,256,0
3595944380,pmod_128_8_fifo,48049472,256,0
3466384420,pmod_128_10_fifo,48070711,256,0
3505731160,pmod_128_10_fifo,48053173,256,0
3523225300,pmod_128_10_fifo,48049983,256,0
3477459400,pmod_128_10_fifo,48056715,256,0
3437538080,pmod_128_10_fifo,48037723,256,0
3786563260,pmod_256_0_fifo,48020578,256,0
4115379860,pmod_256_0_fifo,48009174,256,0
3837998280,pmod_256_0_fifo,48011411,256,0
3364238020,pmod_256_0_fifo,48030561,256,0
3611922540,pmod_256_0_fifo,48022377,256,0
3449512980,pmod_256_2_fifo,48039515,256,0
4304967200,pmod_256_2_fifo,48024872,256,0
3489299140,pmod_256_2_fifo,48022699,256,0
4234699540,pmod_256_2_fifo,48031876,256,0
3492626200,pmod_256_2_fifo,48021538,256,0
4134826560,pmod_256_4_fifo,48024784,256,0
3578839720,pmod_256_4_fifo,48025728,256,0
3701157220,pmod_256_4_fifo,48025366,256,0
3313988280,pmod_256_4_fifo,48020356,256,0
4144078140,pmod_256_4_fifo,48027327,256,0
3455585620,pmod_256_8_fifo,48020290,256,0
3641718340,pmod_256_8_fifo,48024825,256,0
3344066740,pmod_256_8_fifo,48045425,256,0
3491043440,pmod_256_8_fifo,48041362,256,0
3302356140,pmod_256_8_fifo,48030316,256,0
3431336100,pmod_256_10_fifo,48013078,256,0
3445486080,pmod_256_10_fifo,48021343,256,0
3452386040,pmod_256_10_fifo,48009753,256,0
3256869700,pmod_256_10_fifo,48013562,256,0
3371515980,pmod_256_10_fifo,48019385,256,0
3391936820,pmod_512_0_fifo,48003682,256,0
3479572500,pmod_512_0_fifo,48000313,256,0
3626962860,pmod_512_0_fifo,48003841,256,0
3563805220,pmod_512_0_fifo,47998596,256,0
3432278140,pmod_512_0_fifo,48026315,256,0
3403907480,pmod_512_2_fifo,48015916,256,0
3759867540,pmod_512_2_fifo,48002237,256,0
3635316280,pmod_512_2_fifo,48003479,256,0
3553260560,pmod_512_2_fifo,47999077,256,0
3826402120,pmod_512_2_fifo,48015291,256,0
3822277600,pmod_512_4_fifo,48001188,256,0
3506051560,pmod_512_4_fifo,48005149,256,0
3272220760,pmod_512_4_fifo,48002531,256,0
3430268520,pmod_512_4_fifo,48002855,256,0
3313976600,pmod_512_4_fifo,48011360,256,0
3245443700,pmod_512_8_fifo,48007946,256,0
3341215820,pmod_512_8_fifo,48004179,256,0
3491524020,pmod_512_8_fifo,48005258,256,0
3469045060,pmod_512_8_fifo,48000997,256,0
3424579440,pmod_512_8_fifo,48000544,256,0
3362259300,pmod_512_10_fifo,47996256,256,0
3491326880,pmod_512_10_fifo,48002431,256,0
3417921040,pmod_512_10_fifo,48005153,256,0
3347459060,pmod_512_10_fifo,48011512,256,0
3352046240,pmod_512_10_fifo,48005981,256,0
