1902088020,pmod_32_0_fifo,12609041,256,0
1541639120,pmod_32_0_fifo,12619155,256,0
1213376840,pmod_32_0_fifo,12606416,256,0
1359040300,pmod_32_0_fifo,12613858,256,0
1310140900,pmod_32_0_fifo,12620409,256,0
1325725260,pmod_32_2_fifo,12616270,256,0
2143905520,pmod_32_2_fifo,12607203,256,0
2158742860,pmod_32_2_fifo,12626090,256,0
1397400820,pmod_32_2_fifo,12612949,256,0
1389762800,pmod_32_2_fifo,12610270,256,0
2205695680,pmod_32_4_fifo,12620918,256,0
1367568400,pmod_32_4_fifo,12601299,256,0
1443752580,pmod_32_4_fifo,12604880,256,0
1433819460,pmod_32_4_fifo,12605805,256,0
1432153380,pmod_32_4_fifo,12620526,256,0
1394327140,pmod_32_8_fifo,12602041,256,0
1450205620,pmod_32_8_fifo,12627683,256,0
1467259740,pmod_32_8_fifo,12612805,256,0
1493683100,pmod_32_8_fifo,12605651,256,0
1501475320,pmod_32_8_fifo,12604087,256,0
1507630840,pmod_32_10_fifo,12617329,256,0
2285766940,pmod_32_10_fifo,12610553,256,0
1499529280,pmod_32_10_fifo,12625575,256,0
1484250240,pmod_32_10_fifo,12612135,256,0
1479168580,pmod_32_10_fifo,12611734,256,0
1418955680,pmod_64_0_fifo,12607703,256,0
1442337880,pmod_64_0_fifo,12607088,256,0
1455961380,pmod_64_0_fifo,12605704,256,0
1413918540,pmod_64_0_fifo,12619313,256,0
1422746700,pmod_64_0_fifo,12617002,256,0
1418001460,pmod_64_2_fifo,12612799,256,0
1416545800,pmod_64_2_fifo,12612554,256,0
1473077720,pmod_64_2_fifo,12609111,256,0
1436462400,pmod_64_2_fifo,12605204,256,0
1435159140,pmod_64_2_fifo,12620457,256,0
1416998640,pmod_64_4_fifo,12607119,256,0
1416949660,pmod_64_4_fifo,12609929,256,0
1405373040,pmod_64_4_fifo,12600931,256,0
1420702720,pmod_64_4_fifo,12606034,256,0
2138069160,pmod_64_4_fifo,12611313,256,0
1454239040,pmod_64_8_fifo,12609652,256,0
1383835280,pmod_64_8_fifo,12607050,256,0
1386157760,pmod_64_8_fifo,12603158,256,0
1367830260,pmod_64_8_fifo,12607316,256,0
1416314620,pmod_64_8_fifo,12606934,256,0
1403635240,pmod_64_10_fifo,12606557,256,0
1400040860,pmod_64_10_fifo,12606821,256,0
1318260680,pmod_64_10_fifo,12604124,256,0
1337436060,pmod_64_10_fifo,12613510,256,0
1383720520,pmod_64_10_fifo,12602442,256,0
1325655740,pmod_128_0_fifo,12596341,256,0
1400784440,pmod_128_0_fifo,12597500,256,0
1351117860,pmod_128_0_fifo,12600621,256,0
1383468200,pmod_128_0_fifo,12599741,256,0
1628984660,pmod_128_0_fifo,12598190,256,0
1361008520,pmod_128_2_fifo,12597479,256,0
1393396200,pmod_128_2_fifo,12599150,256,0
1352103100,pmod_128_2_fifo,12598108,256,0
1393414440,pmod_128_2_fifo,12596903,256,0
1389080480,pmod_128_2_fifo,12596131,256,0
1394926500,pmod_128_4_fifo,12596412,256,0
1363075500,pmod_128_4_fifo,12597372,256,0
1335479160,pmod_128_4_fifo,12599778,256,0
1344015620,pmod_128_4_fifo,12602583,256,0
1377795820,pmod_128_4_fifo,12600822,256,0
1346569940,pmod_128_8_fifo,12600760,256,0
1365188840,pmod_128_8_fifo,12599195,256,0
1317605560,pmod_128_8_fifo,12598345,256,0
1357657020,pmod_128_8_fifo,12599199,256,0
1705921800,pmod_128_8_fifo,12597500,256,0
1292474700,pmod_128_10_fifo,12580474,256,0
1355046860,pmod_128_10_fifo,12599087,256,0
1373557660,pmod_128_10_fifo,12597046,256,0
1356516660,pmod_128_10_fifo,12596173,256,0
1379622700,pmod_128_10_fifo,12596556,256,0
1740425060,pmod_256_0_fifo,12588227,256,0
1737881240,pmod_256_0_fifo,12592255,256,0
1254859160,pmod_256_0_fifo,12587977,256,0
1362909140,pmod_256_0_fifo,12587999,256,0
1324429920,pmod_256_0_fifo,12588851,256,0
1347735520,pmod_256_2_fifo,12591766,256,0
1336315840,pmod_256_2_fifo,12590443,256,0
1278425460,pmod_256_2_fifo,12587838,256,0
1365584520,pmod_256_2_fifo,12587499,256,0
1353981100,pmod_256_2_fifo,12588660,256,0
1287244260,pmod_256_4_fifo,12588991,256,0
1387061740,pmod_256_4_fifo,12588203,256,0
1298683100,pmod_256_4_fifo,12590268,256,0
1367279440,pmod_256_4_fifo,12587416,256,0
1362290180,pmod_256_4_fifo,12590291,256,0
1371874180,pmod_256_8_fifo,12592005,256,0
1891768740,pmod_256_8_fifo,12591409,256,0
1327265400,pmod_256_8_fifo,12590401,256,0
1345550300,pmod_256_8_fifo,12588480,256,0
1367876440,pmod_256_8_fifo,12591776,256,0
1351064380,pmod_256_10_fifo,12589561,256,0
1333835220,pmod_256_10_fifo,12590567,256,0
1357083040,pmod_256_10_fifo,12591977,256,0
1357344540,pmod_256_10_fifo,12589564,256,0
1290373120,pmod_256_10_fifo,12590659,256,0
1366498800,pmod_512_0_fifo,12588803,256,0
1302518760,pmod_512_0_fifo,12587086,256,0
1793319200,pmod_512_0_fifo,12586275,256,0
1342905140,pmod_512_0_fifo,12587519,256,0
1375192320,pmod_512_0_fifo,12589617,256,0
1368551500,pmod_512_2_fifo,12587252,256,0
1828103920,pmod_512_2_fifo,12588027,256,0
1268243980,pmod_512_2_fifo,12590124,256,0
1372928580,pmod_512_2_fifo,12583793,256,0
1340995300,pmod_512_2_fifo,12587575,256,0
1331118600,pmod_512_4_fifo,12586410,256,0
1784114500,pmod_512_4_fifo,12587204,256,0
1563151000,pmod_512_4_fifo,12587813,256,0
1384392160,pmod_512_4_fifo,12586527,256,0
1309147060,pmod_512_4_fifo,12589008,256,0
1740450480,pmod_512_8_fifo,12590097,256,0
1892318240,pmod_512_8_fifo,12584275,256,0
1300350680,pmod_512_8_fifo,12587376,256,0
1320110920,pmod_512_8_fifo,12587476,256,0
1231886100,pmod_512_8_fifo,12588484,256,0
1316114600,pmod_512_10_fifo,12597613,256,0
1307704740,pmod_512_10_fifo,12585541,256,0
1268061820,pmod_512_10_fifo,12590795,256,0
1312310040,pmod_512_10_fifo,12586072,256,0
1273850660,pmod_512_10_fifo,12589914,256,0
