307874980,pmod_32_10_fifo,35184520,256,14
316153260,pmod_32_10_fifo,34467465,256,14
298823720,pmod_32_10_fifo,34615088,256,14
299217420,pmod_32_10_fifo,35091002,256,14
314076920,pmod_32_10_fifo,35524194,256,14
309260380,pmod_32_12_fifo,34884171,256,14
311917180,pmod_32_12_fifo,35384828,256,14
301038260,pmod_32_12_fifo,35550549,256,14
298383920,pmod_32_12_fifo,34696716,256,14
310285600,pmod_32_12_fifo,35045971,256,14
306741200,pmod_32_14_fifo,35378679,256,14
429118460,pmod_32_14_fifo,34350292,256,14
397899700,pmod_32_14_fifo,35033740,256,14
306718400,pmod_32_14_fifo,35393944,256,14
307368060,pmod_32_14_fifo,35298058,256,14
304351800,pmod_32_16_fifo,35689506,256,14
314238440,pmod_32_16_fifo,35029081,256,14
305725420,pmod_32_16_fifo,35622816,256,14
303554160,pmod_32_16_fifo,34795312,256,14
311452220,pmod_32_16_fifo,35714740,256,14
304591620,pmod_32_18_fifo,36311895,256,14
314077560,pmod_32_18_fifo,35776230,256,14
305554580,pmod_32_18_fifo,34836599,256,14
312043600,pmod_32_18_fifo,35710459,256,14
311338620,pmod_32_18_fifo,35838056,256,14
316931880,pmod_64_10_fifo,56447786,256,14
314270180,pmod_64_10_fifo,56567828,256,14
310710380,pmod_64_10_fifo,57689581,256,14
298582140,pmod_64_10_fifo,55073964,256,14
315364780,pmod_64_10_fifo,56631921,256,14
307259440,pmod_64_12_fifo,57370291,256,14
318135660,pmod_64_12_fifo,56868609,256,14
322194040,pmod_64_12_fifo,59357555,256,14
316597240,pmod_64_12_fifo,58776333,256,14
316344080,pmod_64_12_fifo,59410532,256,14
321511920,pmod_64_14_fifo,60023779,256,14
318092200,pmod_64_14_fifo,57332920,256,14
319348680,pmod_64_14_fifo,56674534,256,14
304554680,pmod_64_14_fifo,56322372,256,14
315594560,pmod_64_14_fifo,58686413,256,14
319221300,pmod_64_16_fifo,58574001,256,14
312830140,pmod_64_16_fifo,56966423,256,14
320821440,pmod_64_16_fifo,57523086,256,14
327029540,pmod_64_16_fifo,58308917,256,14
326806240,pmod_64_16_fifo,58659596,256,14
327314860,pmod_64_18_fifo,57951448,256,14
317889260,pmod_64_18_fifo,58822110,256,14
318863640,pmod_64_18_fifo,58849799,256,14
311215080,pmod_64_18_fifo,56718791,256,14
319935640,pmod_64_18_fifo,57720950,256,14
400733760,pmod_128_10_fifo,79689050,256,14
409465520,pmod_128_10_fifo,82011811,256,14
426993820,pmod_128_10_fifo,81341073,256,14
440277520,pmod_128_10_fifo,79291382,256,14
418052040,pmod_128_10_fifo,83652090,256,14
409062420,pmod_128_12_fifo,81016340,256,14
387591620,pmod_128_12_fifo,77390693,256,14
383487680,pmod_128_12_fifo,79364040,256,14
411361380,pmod_128_12_fifo,82135956,256,14
394352800,pmod_128_12_fifo,76968790,256,14
396625940,pmod_128_14_fifo,78268361,256,14
409002340,pmod_128_14_fifo,83208026,256,14
383755320,pmod_128_14_fifo,78027078,256,14
394935900,pmod_128_14_fifo,79889489,256,14
404926140,pmod_128_14_fifo,79517418,256,14
443521260,pmod_128_16_fifo,81468554,256,14
408947720,pmod_128_16_fifo,78857621,256,14
404591580,pmod_128_16_fifo,79864141,256,14
408252740,pmod_128_16_fifo,78784672,256,14
405144040,pmod_128_16_fifo,80661941,256,14
410840100,pmod_128_18_fifo,83914380,256,14
400591840,pmod_128_18_fifo,80694514,256,14
399530620,pmod_128_18_fifo,82188380,256,14
400145320,pmod_128_18_fifo,79091957,256,14
411121560,pmod_128_18_fifo,80627173,256,14
620849060,pmod_256_10_fifo,117981417,256,14
732395480,pmod_256_10_fifo,121498988,256,14
598991480,pmod_256_10_fifo,114771708,256,14
624144640,pmod_256_10_fifo,125728575,256,14
751951780,pmod_256_10_fifo,120118453,256,14
693792100,pmod_256_12_fifo,127506294,256,14
622295020,pmod_256_12_fifo,120371617,256,14
691651800,pmod_256_12_fifo,127417932,256,14
654634300,pmod_256_12_fifo,127625237,256,14
595932700,pmod_256_12_fifo,116789333,256,14
633529680,pmod_256_14_fifo,121391761,256,14
628372900,pmod_256_14_fifo,123075205,256,14
637892060,pmod_256_14_fifo,118018678,256,14
653858560,pmod_256_14_fifo,127339742,256,14
660057260,pmod_256_14_fifo,128879308,256,14
646497360,pmod_256_16_fifo,122392868,256,14
642482380,pmod_256_16_fifo,128769948,256,14
615519480,pmod_256_16_fifo,128234066,256,14
629415080,pmod_256_16_fifo,126807378,256,14
694901100,pmod_256_16_fifo,124988449,256,14
687201660,pmod_256_18_fifo,130689833,256,14
650966540,pmod_256_18_fifo,129136727,256,14
619817660,pmod_256_18_fifo,124207417,256,14
685781780,pmod_256_18_fifo,121754587,256,14
645015000,pmod_256_18_fifo,131154405,256,14
1148726520,pmod_512_10_fifo,169726927,256,14
1045764720,pmod_512_10_fifo,169541275,256,14
1050974340,pmod_512_10_fifo,177908845,256,14
1062499480,pmod_512_10_fifo,162475390,256,14
1003756620,pmod_512_10_fifo,161971388,256,14
1110432940,pmod_512_12_fifo,171293806,256,14
1123039780,pmod_512_12_fifo,162664399,256,14
1038094060,pmod_512_12_fifo,159893443,256,14
1042656140,pmod_512_12_fifo,153650632,256,14
1145929380,pmod_512_12_fifo,183360388,256,14
1069460200,pmod_512_14_fifo,161557127,256,14
1078370260,pmod_512_14_fifo,170869563,256,14
1172896000,pmod_512_14_fifo,160936860,256,14
1107280900,pmod_512_14_fifo,169898425,256,14
1317112780,pmod_512_14_fifo,177654090,256,14
1050865200,pmod_512_16_fifo,165351088,256,14
979439880,pmod_512_16_fifo,123030136,256,14
1081920840,pmod_512_16_fifo,151099161,256,14
1210513240,pmod_512_16_fifo,179242648,256,14
1206591240,pmod_512_16_fifo,158225562,256,14
1220442620,pmod_512_18_fifo,168640151,256,14
1107192280,pmod_512_18_fifo,154787434,256,14
1061284620,pmod_512_18_fifo,166013095,256,14
1057977640,pmod_512_18_fifo,159460945,256,14
1063320980,pmod_512_18_fifo,168627741,256,14
