1575753020,pmod_32_10_fifo,37286990,256,14
1482116680,pmod_32_10_fifo,36758797,256,14
1454405080,pmod_32_10_fifo,38510237,256,14
1279542720,pmod_32_10_fifo,42587264,256,14
1154721440,pmod_32_10_fifo,50717276,256,14
918314380,pmod_32_12_fifo,67811970,256,14
918245660,pmod_32_12_fifo,51011093,256,14
1293981300,pmod_32_12_fifo,37812424,256,14
836976300,pmod_32_12_fifo,62612694,256,14
1042370180,pmod_32_12_fifo,56367651,256,14
1302236860,pmod_32_14_fifo,40574924,256,14
1475371940,pmod_32_14_fifo,37962782,256,14
979514740,pmod_32_14_fifo,71501543,256,14
914808760,pmod_32_14_fifo,51590635,256,14
916865580,pmod_32_14_fifo,51480652,256,14
1266604180,pmod_32_16_fifo,40910426,256,14
920822800,pmod_32_16_fifo,52547048,256,14
816110380,pmod_32_16_fifo,61644397,256,14
1495584700,pmod_32_16_fifo,35850464,256,14
904414900,pmod_32_16_fifo,50946835,256,14
1514641920,pmod_32_18_fifo,37736311,256,14
797523120,pmod_32_18_fifo,61449917,256,14
823641880,pmod_32_18_fifo,59204637,256,14
962746960,pmod_32_18_fifo,50088831,256,14
1333905620,pmod_32_18_fifo,41807670,256,14
1188298640,pmod_64_10_fifo,73539924,256,14
1308045940,pmod_64_10_fifo,98372171,256,14
1572713620,pmod_64_10_fifo,73915310,256,14
1505328380,pmod_64_10_fifo,89255155,256,14
1605897840,pmod_64_10_fifo,91070681,256,14
1396067020,pmod_64_12_fifo,94668635,256,14
1734169020,pmod_64_12_fifo,84258485,256,14
1287239440,pmod_64_12_fifo,82439912,256,14
1289259820,pmod_64_12_fifo,91620114,256,14
1628272440,pmod_64_12_fifo,81780995,256,14
1633205420,pmod_64_14_fifo,79338565,256,14
1446859740,pmod_64_14_fifo,81440153,256,14
1058686800,pmod_64_14_fifo,94293326,256,14
855718100,pmod_64_14_fifo,140550647,256,14
987676820,pmod_64_14_fifo,113093037,256,14
1731370420,pmod_64_16_fifo,71695598,256,14
1535284260,pmod_64_16_fifo,74625865,256,14
1551355000,pmod_64_16_fifo,61386212,256,14
1634829040,pmod_64_16_fifo,69529820,256,14
1391092100,pmod_64_16_fifo,79212892,256,14
1286860800,pmod_64_18_fifo,85999868,256,14
1257928900,pmod_64_18_fifo,89088418,256,14
1210586280,pmod_64_18_fifo,101572001,256,14
1521284280,pmod_64_18_fifo,83313559,256,14
1535296440,pmod_64_18_fifo,85698563,256,14
1215156740,pmod_128_10_fifo,171859916,256,14
1252445120,pmod_128_10_fifo,166810030,256,14
1218421860,pmod_128_10_fifo,178139967,256,14
1219321040,pmod_128_10_fifo,187217706,256,14
1324852620,pmod_128_10_fifo,177114685,256,14
1345142400,pmod_128_12_fifo,172699654,256,14
1350764720,pmod_128_12_fifo,174428893,256,14
1160369960,pmod_128_12_fifo,170481616,256,14
1234250380,pmod_128_12_fifo,174466722,256,14
1422216380,pmod_128_12_fifo,173241233,256,14
1408492540,pmod_128_14_fifo,171747526,256,14
1241021620,pmod_128_14_fifo,163927719,256,14
1301863780,pmod_128_14_fifo,165255804,256,14
1302570600,pmod_128_14_fifo,171031552,256,14
1268759680,pmod_128_14_fifo,168553741,256,14
1235144060,pmod_128_16_fifo,169929021,256,14
1270344320,pmod_128_16_fifo,172011295,256,14
1263189780,pmod_128_16_fifo,174936107,256,14
1294642560,pmod_128_16_fifo,186521684,256,14
1225748460,pmod_128_16_fifo,178964108,256,14
1268708680,pmod_128_18_fifo,170451925,256,14
1298228780,pmod_128_18_fifo,171570046,256,14
1228290280,pmod_128_18_fifo,178599513,256,14
1321646460,pmod_128_18_fifo,180715621,256,14
1205410920,pmod_128_18_fifo,181848563,256,14
1951714420,pmod_256_10_fifo,190025607,256,14
2011398680,pmod_256_10_fifo,214153450,256,14
1867752300,pmod_256_10_fifo,196869370,256,14
1894481440,pmod_256_10_fifo,194860039,256,14
2073469220,pmod_256_10_fifo,203940905,256,14
2485386780,pmod_256_12_fifo,203728871,256,14
2597917880,pmod_256_12_fifo,196452026,256,14
2047962640,pmod_256_12_fifo,188809105,256,14
1997701660,pmod_256_12_fifo,208774741,256,14
2437322740,pmod_256_12_fifo,206481160,256,14
1801650840,pmod_256_14_fifo,201597802,256,14
2014613080,pmod_256_14_fifo,195489518,256,14
2009853140,pmod_256_14_fifo,208411094,256,14
2037505440,pmod_256_14_fifo,212094651,256,14
2050674420,pmod_256_14_fifo,197575856,256,14
1823596320,pmod_256_16_fifo,200081142,256,14
2119488020,pmod_256_16_fifo,203451418,256,14
1913370920,pmod_256_16_fifo,195745237,256,14
1993129220,pmod_256_16_fifo,197159233,256,14
2083343680,pmod_256_16_fifo,198441365,256,14
1998948700,pmod_256_18_fifo,201402108,256,14
2043514020,pmod_256_18_fifo,185358162,256,14
2142056240,pmod_256_18_fifo,200968649,256,14
2146532440,pmod_256_18_fifo,199277486,256,14
1845088840,pmod_256_18_fifo,179389951,256,14
2847999480,pmod_512_10_fifo,217666837,256,14
3370370040,pmod_512_10_fifo,232675193,256,14
4372261180,pmod_512_10_fifo,222708774,256,14
2972643620,pmod_512_10_fifo,203338799,256,14
3020462200,pmod_512_10_fifo,204204753,256,14
2604271060,pmod_512_12_fifo,218475916,256,14
2859555720,pmod_512_12_fifo,239362342,256,14
2999448120,pmod_512_12_fifo,246056689,256,14
2767584660,pmod_512_12_fifo,221673560,256,14
2917349640,pmod_512_12_fifo,221764587,256,14
2826126560,pmod_512_14_fifo,232022954,256,14
3193274540,pmod_512_14_fifo,238889702,256,14
2888998380,pmod_512_14_fifo,222876190,256,14
2723075060,pmod_512_14_fifo,224325793,256,14
2900800460,pmod_512_14_fifo,225380247,256,14
2691169060,pmod_512_16_fifo,233865953,256,14
3374086580,pmod_512_16_fifo,232332544,256,14
3078527720,pmod_512_16_fifo,233183956,256,14
2943957560,pmod_512_16_fifo,228628297,256,14
2646660360,pmod_512_16_fifo,241239812,256,14
3022333580,pmod_512_18_fifo,213840791,256,14
2643573620,pmod_512_18_fifo,245274578,256,14
2700781780,pmod_512_18_fifo,238602268,256,14
3062026580,pmod_512_18_fifo,248963482,256,14
2667409700,pmod_512_18_fifo,225862644,256,14
