3110898040,pmod_32_0_fifo,93339776,256,0
3248812280,pmod_32_0_fifo,89543206,256,0
2992651980,pmod_32_0_fifo,95196962,256,0
3147379420,pmod_32_0_fifo,93254091,256,0
3196717640,pmod_32_0_fifo,90327997,256,0
3083016200,pmod_32_2_fifo,90960125,256,0
3141022960,pmod_32_2_fifo,88679883,256,0
3248597840,pmod_32_2_fifo,87856068,256,0
3147624400,pmod_32_2_fifo,101740883,256,0
3095971580,pmod_32_2_fifo,93111270,256,0
3119295320,pmod_32_4_fifo,91936923,256,0
3083138700,pmod_32_4_fifo,95615099,256,0
3208745740,pmod_32_4_fifo,88893506,256,0
3188479760,pmod_32_4_fifo,92104995,256,0
3118832680,pmod_32_4_fifo,87838812,256,0
3228272960,pmod_32_8_fifo,93039959,256,0
3192236480,pmod_32_8_fifo,92332611,256,0
3125199180,pmod_32_8_fifo,87658206,256,0
3173475940,pmod_32_8_fifo,94903919,256,0
3230643860,pmod_32_8_fifo,90511512,256,0
3210401640,pmod_32_10_fifo,94877555,256,0
4583458700,pmod_32_10_fifo,123583007,256,0
3190451000,pmod_32_10_fifo,91949503,256,0
4418092220,pmod_32_10_fifo,154025643,256,0
3150582960,pmod_32_10_fifo,90288454,256,0
1713276060,pmod_64_0_fifo,92806737,256,0
2240216080,pmod_64_0_fifo,128321019,256,0
2079478200,pmod_64_0_fifo,129704381,256,0
2421972200,pmod_64_0_fifo,125057393,256,0
2066220540,pmod_64_0_fifo,108426702,256,0
2333764100,pmod_64_2_fifo,126463548,256,0
2165752840,pmod_64_2_fifo,118614498,256,0
2039963080,pmod_64_2_fifo,117477020,256,0
2138103000,pmod_64_2_fifo,108387834,256,0
1754542540,pmod_64_2_fifo,98501507,256,0
2347851640,pmod_64_4_fifo,120144068,256,0
2062579480,pmod_64_4_fifo,117860409,256,0
2049058500,pmod_64_4_fifo,115545508,256,0
2107625780,pmod_64_4_fifo,116029664,256,0
2300270240,pmod_64_4_fifo,110682410,256,0
2112555060,pmod_64_8_fifo,106731943,256,0
2134301760,pmod_64_8_fifo,107821756,256,0
2152576100,pmod_64_8_fifo,108655290,256,0
2042153000,pmod_64_8_fifo,106750806,256,0
2299892420,pmod_64_8_fifo,117165253,256,0
2442482680,pmod_64_10_fifo,153146130,256,0
2140801680,pmod_64_10_fifo,108907797,256,0
2027904680,pmod_64_10_fifo,116779497,256,0
2133431880,pmod_64_10_fifo,111598527,256,0
2120902420,pmod_64_10_fifo,110893920,256,0
1485515840,pmod_128_0_fifo,121190239,256,0
1182137780,pmod_128_0_fifo,94270531,256,0
1373292320,pmod_128_0_fifo,117136883,256,0
1467716380,pmod_128_0_fifo,123508009,256,0
1474442160,pmod_128_0_fifo,118968142,256,0
1417040940,pmod_128_2_fifo,118758703,256,0
1434553380,pmod_128_2_fifo,120039098,256,0
1220440240,pmod_128_2_fifo,97579312,256,0
1520126100,pmod_128_2_fifo,125849720,256,0
1434536920,pmod_128_2_fifo,120047273,256,0
1543928260,pmod_128_4_fifo,132116693,256,0
1550952520,pmod_128_4_fifo,131230919,256,0
1504011960,pmod_128_4_fifo,125185137,256,0
1491915560,pmod_128_4_fifo,121482111,256,0
1468126420,pmod_128_4_fifo,126391749,256,0
1478990440,pmod_128_8_fifo,125732148,256,0
1851008280,pmod_128_8_fifo,161352393,256,0
1460917940,pmod_128_8_fifo,122064936,256,0
1514114820,pmod_128_8_fifo,122665352,256,0
1451928620,pmod_128_8_fifo,119808866,256,0
1447300580,pmod_128_10_fifo,120469062,256,0
1614148200,pmod_128_10_fifo,139455777,256,0
1393784080,pmod_128_10_fifo,111977547,256,0
1407205780,pmod_128_10_fifo,112881223,256,0
1477632700,pmod_128_10_fifo,119339460,256,0
1547460940,pmod_256_0_fifo,78783033,256,0
1388805340,pmod_256_0_fifo,78361573,256,0
1327883720,pmod_256_0_fifo,81421530,256,0
1352406260,pmod_256_0_fifo,77924732,256,0
1319806680,pmod_256_0_fifo,77507666,256,0
1313184620,pmod_256_2_fifo,77839821,256,0
1283801540,pmod_256_2_fifo,78210629,256,0
1335035200,pmod_256_2_fifo,77865366,256,0
1305645300,pmod_256_2_fifo,80164998,256,0
1288110600,pmod_256_2_fifo,78414744,256,0
1228246820,pmod_256_4_fifo,82426905,256,0
1290245720,pmod_256_4_fifo,78806606,256,0
1313865480,pmod_256_4_fifo,77833477,256,0
1439589520,pmod_256_4_fifo,77951306,256,0
1324692320,pmod_256_4_fifo,82365408,256,0
1335449600,pmod_256_8_fifo,78084518,256,0
1325566400,pmod_256_8_fifo,89909506,256,0
1326180580,pmod_256_8_fifo,78523460,256,0
1276218120,pmod_256_8_fifo,78485487,256,0
1340688260,pmod_256_8_fifo,82277904,256,0
1334071580,pmod_256_10_fifo,78973955,256,0
1201969420,pmod_256_10_fifo,81786596,256,0
1273403740,pmod_256_10_fifo,78722324,256,0
1425124420,pmod_256_10_fifo,132200045,256,0
1272484500,pmod_256_10_fifo,78610842,256,0
1540454440,pmod_512_0_fifo,82555158,256,0
1527181460,pmod_512_0_fifo,79322642,256,0
1481610360,pmod_512_0_fifo,86927819,256,0
1513389820,pmod_512_0_fifo,82529696,256,0
1472280420,pmod_512_0_fifo,82007819,256,0
1406036880,pmod_512_2_fifo,83564682,256,0
1519039480,pmod_512_2_fifo,83442211,256,0
1562618220,pmod_512_2_fifo,81252093,256,0
1566085120,pmod_512_2_fifo,81441079,256,0
1622690720,pmod_512_2_fifo,82151270,256,0
1528018000,pmod_512_4_fifo,85203523,256,0
1507917840,pmod_512_4_fifo,85652640,256,0
1545013620,pmod_512_4_fifo,85544390,256,0
1482938700,pmod_512_4_fifo,81201032,256,0
1589683940,pmod_512_4_fifo,85320856,256,0
1520653120,pmod_512_8_fifo,85721405,256,0
1556594280,pmod_512_8_fifo,82572798,256,0
1467147920,pmod_512_8_fifo,82956000,256,0
1513405600,pmod_512_8_fifo,83387935,256,0
1540275800,pmod_512_8_fifo,83553281,256,0
1574465660,pmod_512_10_fifo,82414048,256,0
1549762020,pmod_512_10_fifo,83719635,256,0
1289562700,pmod_512_10_fifo,82856373,256,0
1438280760,pmod_512_10_fifo,83599494,256,0
1550290560,pmod_512_10_fifo,88921751,256,0
