5030080780,pmod_32_0_fifo,104305486,256,0
5051729360,pmod_32_0_fifo,103938686,256,0
5046657420,pmod_32_0_fifo,104837621,256,0
5051517240,pmod_32_0_fifo,104860062,256,0
4984863560,pmod_32_0_fifo,103565950,256,0
5042182720,pmod_32_2_fifo,105177664,256,0
4988865020,pmod_32_2_fifo,103452079,256,0
5124365140,pmod_32_2_fifo,105226179,256,0
5044603900,pmod_32_2_fifo,104765215,256,0
5020272340,pmod_32_2_fifo,104910404,256,0
5071226960,pmod_32_4_fifo,105647124,256,0
4990714740,pmod_32_4_fifo,103707914,256,0
5040538020,pmod_32_4_fifo,104965730,256,0
5032981920,pmod_32_4_fifo,105154962,256,0
5079142580,pmod_32_4_fifo,105619375,256,0
5023334500,pmod_32_8_fifo,104103043,256,0
4968380640,pmod_32_8_fifo,104002365,256,0
5029348540,pmod_32_8_fifo,104710127,256,0
4987237580,pmod_32_8_fifo,104399336,256,0
4966085200,pmod_32_8_fifo,104175972,256,0
4980363280,pmod_32_10_fifo,104480669,256,0
5014924100,pmod_32_10_fifo,104649612,256,0
5043457920,pmod_32_10_fifo,105173420,256,0
5041854980,pmod_32_10_fifo,104509986,256,0
4984884820,pmod_32_10_fifo,104055184,256,0
3964272960,pmod_64_0_fifo,105412072,256,0
3972470160,pmod_64_0_fifo,105826500,256,0
3934997740,pmod_64_0_fifo,105564825,256,0
3950427840,pmod_64_0_fifo,105492238,256,0
3999812060,pmod_64_0_fifo,106512587,256,0
3964860240,pmod_64_2_fifo,105593842,256,0
3957943440,pmod_64_2_fifo,105781482,256,0
3924897880,pmod_64_2_fifo,104841801,256,0
3932071100,pmod_64_2_fifo,105024705,256,0
3944974120,pmod_64_2_fifo,105519604,256,0
3952882640,pmod_64_4_fifo,105375037,256,0
4010403400,pmod_64_4_fifo,106247009,256,0
3975558220,pmod_64_4_fifo,105431363,256,0
3967332380,pmod_64_4_fifo,105437499,256,0
3957686540,pmod_64_4_fifo,105489090,256,0
3958809160,pmod_64_8_fifo,105837911,256,0
3931510300,pmod_64_8_fifo,105508708,256,0
3953940240,pmod_64_8_fifo,105695780,256,0
3937592460,pmod_64_8_fifo,105027413,256,0
3998905720,pmod_64_8_fifo,106068085,256,0
3927716680,pmod_64_10_fifo,105208176,256,0
3980263000,pmod_64_10_fifo,105392056,256,0
3986370480,pmod_64_10_fifo,105692944,256,0
3901564660,pmod_64_10_fifo,104905732,256,0
3968836700,pmod_64_10_fifo,105295146,256,0
3528996340,pmod_128_0_fifo,106273494,256,0
3473704340,pmod_128_0_fifo,105568348,256,0
3495597020,pmod_128_0_fifo,105763044,256,0
3474756020,pmod_128_0_fifo,105561165,256,0
3512934760,pmod_128_0_fifo,106036472,256,0
3491515320,pmod_128_2_fifo,105436534,256,0
3435484300,pmod_128_2_fifo,106029325,256,0
3541417660,pmod_128_2_fifo,106476278,256,0
3469826640,pmod_128_2_fifo,106026200,256,0
3452451880,pmod_128_2_fifo,105562992,256,0
3487790140,pmod_128_4_fifo,106230970,256,0
3500688020,pmod_128_4_fifo,106136943,256,0
3439864500,pmod_128_4_fifo,105579463,256,0
3503417420,pmod_128_4_fifo,106272149,256,0
3482214260,pmod_128_4_fifo,105784885,256,0
3513297680,pmod_128_8_fifo,106359008,256,0
3480903820,pmod_128_8_fifo,105846026,256,0
3503086920,pmod_128_8_fifo,105979011,256,0
3475602820,pmod_128_8_fifo,106134224,256,0
3464368040,pmod_128_8_fifo,105707069,256,0
3521953920,pmod_128_10_fifo,106318728,256,0
3485251980,pmod_128_10_fifo,105780168,256,0
3462101460,pmod_128_10_fifo,105389253,256,0
3493598660,pmod_128_10_fifo,106099600,256,0
3464738480,pmod_128_10_fifo,105498966,256,0
3169382880,pmod_256_0_fifo,101357298,256,0
3343246820,pmod_256_0_fifo,106291367,256,0
3277545280,pmod_256_0_fifo,105197197,256,0
3410525460,pmod_256_0_fifo,106521838,256,0
3294654060,pmod_256_0_fifo,105195754,256,0
3378174820,pmod_256_2_fifo,105764342,256,0
3322928760,pmod_256_2_fifo,105485369,256,0
3133608860,pmod_256_2_fifo,101080794,256,0
3149544540,pmod_256_2_fifo,101390193,256,0
3340441500,pmod_256_2_fifo,106177496,256,0
3361317220,pmod_256_4_fifo,106397906,256,0
3185296320,pmod_256_4_fifo,101814933,256,0
3393913300,pmod_256_4_fifo,106427512,256,0
3179002640,pmod_256_4_fifo,101147708,256,0
3316926160,pmod_256_4_fifo,105564487,256,0
3375494100,pmod_256_8_fifo,106227940,256,0
3351428860,pmod_256_8_fifo,106029372,256,0
3240235200,pmod_256_8_fifo,101894631,256,0
3395167080,pmod_256_8_fifo,107049311,256,0
3322273220,pmod_256_8_fifo,105228673,256,0
3315423160,pmod_256_10_fifo,105005685,256,0
3412581960,pmod_256_10_fifo,106705446,256,0
3278396460,pmod_256_10_fifo,104654033,256,0
3330817220,pmod_256_10_fifo,105273319,256,0
3300841740,pmod_256_10_fifo,105911942,256,0
3485549980,pmod_512_0_fifo,107409889,256,0
3496797660,pmod_512_0_fifo,106824564,256,0
3538418200,pmod_512_0_fifo,106945855,256,0
3405261800,pmod_512_0_fifo,105559624,256,0
3449757740,pmod_512_0_fifo,105645068,256,0
3580729320,pmod_512_2_fifo,109018178,256,0
3561642920,pmod_512_2_fifo,108249977,256,0
3382242980,pmod_512_2_fifo,105733417,256,0
3388528800,pmod_512_2_fifo,104594110,256,0
3395397780,pmod_512_2_fifo,107081010,256,0
3507971380,pmod_512_4_fifo,107059092,256,0
3541226640,pmod_512_4_fifo,107893368,256,0
3439099760,pmod_512_4_fifo,104444561,256,0
3496027640,pmod_512_4_fifo,106608693,256,0
3494802120,pmod_512_4_fifo,108569893,256,0
3350387120,pmod_512_8_fifo,104169655,256,0
3495838480,pmod_512_8_fifo,106240266,256,0
3569349260,pmod_512_8_fifo,108303560,256,0
3433774360,pmod_512_8_fifo,105652844,256,0
3509162580,pmod_512_8_fifo,108743326,256,0
3415024720,pmod_512_10_fifo,106043546,256,0
3412963940,pmod_512_10_fifo,105560660,256,0
3481917320,pmod_512_10_fifo,106408353,256,0
3543432800,pmod_512_10_fifo,107709828,256,0
3490890020,pmod_512_10_fifo,107125956,256,0
