223795680,mqppnuma_4_1_1_1,11632018,256
233434860,mqppnuma_4_1_1_1,11649681,256
229240820,mqppnuma_4_1_1_1,11682700,256
246765260,mqppnuma_4_1_1_1,11641823,256
238253980,mqppnuma_4_1_1_1,11681692,256
217931060,mqppnuma_4_1_1_2,11697640,256
212634900,mqppnuma_4_1_1_2,11724429,256
223628720,mqppnuma_4_1_1_2,11638894,256
221562320,mqppnuma_4_1_1_2,11664993,256
218100520,mqppnuma_4_1_1_2,11724896,256
206641280,mqppnuma_4_1_1_4,11724158,256
217788360,mqppnuma_4_1_1_4,11735730,256
210134360,mqppnuma_4_1_1_4,11742435,256
211470040,mqppnuma_4_1_1_4,11724316,256
208802580,mqppnuma_4_1_1_4,11731059,256
206792140,mqppnuma_4_1_1_8,11767973,256
200712640,mqppnuma_4_1_1_8,11748343,256
203882060,mqppnuma_4_1_1_8,11771892,256
213814740,mqppnuma_4_1_1_8,11756697,256
205579800,mqppnuma_4_1_1_8,11764222,256
194004680,mqppnuma_4_1_1_16,11796750,256
221336980,mqppnuma_4_1_1_16,11766056,256
196047400,mqppnuma_4_1_1_16,11752190,256
197328960,mqppnuma_4_1_1_16,11783815,256
195756500,mqppnuma_4_1_1_16,11776706,256
191895740,mqppnuma_4_1_1_32,11832274,256
205066020,mqppnuma_4_1_1_32,11767466,256
192937880,mqppnuma_4_1_1_32,11814939,256
199918940,mqppnuma_4_1_1_32,11766110,256
196557000,mqppnuma_4_1_1_32,11799220,256
188249380,mqppnuma_4_1_1_64,11812192,256
188319260,mqppnuma_4_1_1_64,11829556,256
200609560,mqppnuma_4_1_1_64,11786674,256
187043400,mqppnuma_4_1_1_64,11843035,256
188428960,mqppnuma_4_1_1_64,11792212,256
186395260,mqppnuma_4_1_1_128,11881360,256
191845300,mqppnuma_4_1_1_128,11956016,256
189148240,mqppnuma_4_1_1_128,11893661,256
203138420,mqppnuma_4_1_1_128,11829807,256
196100020,mqppnuma_4_1_1_128,11951302,256
193949900,mqppnuma_4_1_1_256,12010068,256
190939640,mqppnuma_4_1_1_256,11993302,256
189992960,mqppnuma_4_1_1_256,11974917,256
191227580,mqppnuma_4_1_1_256,12057478,256
190756460,mqppnuma_4_1_1_256,12026083,256
189756820,mqppnuma_4_1_1_512,12121625,256
190587080,mqppnuma_4_1_1_512,12164215,256
196785320,mqppnuma_4_1_1_512,12249274,256
199193060,mqppnuma_4_1_1_512,12163730,256
206885720,mqppnuma_4_1_1_512,12180222,256
208361140,mqppnuma_4_1_1_1024,12641760,256
204382760,mqppnuma_4_1_1_1024,12396419,256
207208740,mqppnuma_4_1_1_1024,12528809,256
189988540,mqppnuma_4_1_1_1024,12313080,256
196774820,mqppnuma_4_1_1_1024,12433666,256
