3333424760,mqppnuma_4_16_1024_1,40932713,256
3492489700,mqppnuma_4_16_1024_1,40961874,256
3405917640,mqppnuma_4_16_1024_1,40955864,256
3180487140,mqppnuma_4_16_1024_1,41071449,256
3146461660,mqppnuma_4_16_1024_1,41216789,256
3487378960,mqppnuma_4_16_1024_2,41219764,256
3456651960,mqppnuma_4_16_1024_2,41286308,256
3223116940,mqppnuma_4_16_1024_2,41391643,256
3209036840,mqppnuma_4_16_1024_2,41456587,256
3685238340,mqppnuma_4_16_1024_2,41425130,256
3430346340,mqppnuma_4_16_1024_4,43313526,256
3190555160,mqppnuma_4_16_1024_4,42456400,256
3268411920,mqppnuma_4_16_1024_4,42917662,256
3274046460,mqppnuma_4_16_1024_4,43041605,256
3646191880,mqppnuma_4_16_1024_4,42475370,256
3474636120,mqppnuma_4_16_1024_8,48089785,256
3233047660,mqppnuma_4_16_1024_8,45223432,256
3363323120,mqppnuma_4_16_1024_8,45121227,256
3418448840,mqppnuma_4_16_1024_8,44653724,256
3377106820,mqppnuma_4_16_1024_8,46024903,256
3603723820,mqppnuma_4_16_1024_16,51051042,256
3603323880,mqppnuma_4_16_1024_16,48910963,256
3542356380,mqppnuma_4_16_1024_16,51427248,256
3700867320,mqppnuma_4_16_1024_16,50993392,256
3664948040,mqppnuma_4_16_1024_16,51494192,256
3926198440,mqppnuma_4_16_1024_32,55066650,256
3907836380,mqppnuma_4_16_1024_32,55384294,256
3716825300,mqppnuma_4_16_1024_32,53003828,256
3797428120,mqppnuma_4_16_1024_32,54929835,256
4029751140,mqppnuma_4_16_1024_32,54033492,256
4081238140,mqppnuma_4_16_1024_64,55478963,256
4263287880,mqppnuma_4_16_1024_64,56317640,256
4085712180,mqppnuma_4_16_1024_64,56840066,256
4085090080,mqppnuma_4_16_1024_64,56846675,256
4047576440,mqppnuma_4_16_1024_64,57125813,256
4149357320,mqppnuma_4_16_1024_128,57129762,256
4185980260,mqppnuma_4_16_1024_128,56996251,256
4317471500,mqppnuma_4_16_1024_128,58581068,256
4354588220,mqppnuma_4_16_1024_128,58534660,256
4400231700,mqppnuma_4_16_1024_128,59962591,256
4591269660,mqppnuma_4_16_1024_256,63381531,256
4704970340,mqppnuma_4_16_1024_256,58756359,256
4432539640,mqppnuma_4_16_1024_256,60059806,256
4521258420,mqppnuma_4_16_1024_256,59125263,256
4703317400,mqppnuma_4_16_1024_256,61791913,256
4750535780,mqppnuma_4_16_1024_512,59736038,256
4763490660,mqppnuma_4_16_1024_512,61759796,256
4720069880,mqppnuma_4_16_1024_512,61419188,256
4650355680,mqppnuma_4_16_1024_512,62868486,256
4688707720,mqppnuma_4_16_1024_512,61331782,256
4741712060,mqppnuma_4_16_1024_1024,64810434,256
4619861440,mqppnuma_4_16_1024_1024,59129271,256
5255249220,mqppnuma_4_16_1024_1024,63042081,256
4678012820,mqppnuma_4_16_1024_1024,62673909,256
4799524660,mqppnuma_4_16_1024_1024,61964494,256
