958990780,mqppnuma_4_64_128_1,51560161,256
986101380,mqppnuma_4_64_128_1,51628167,256
960563140,mqppnuma_4_64_128_1,51646473,256
965157720,mqppnuma_4_64_128_1,51573898,256
942817320,mqppnuma_4_64_128_1,51747816,256
915656100,mqppnuma_4_64_128_2,51429166,256
931416200,mqppnuma_4_64_128_2,51466468,256
902680960,mqppnuma_4_64_128_2,51439527,256
926786000,mqppnuma_4_64_128_2,51464368,256
928473760,mqppnuma_4_64_128_2,51446694,256
867601120,mqppnuma_4_64_128_4,51722573,256
883582780,mqppnuma_4_64_128_4,51406836,256
961885720,mqppnuma_4_64_128_4,51958723,256
861771660,mqppnuma_4_64_128_4,51445703,256
916387720,mqppnuma_4_64_128_4,51353657,256
917617420,mqppnuma_4_64_128_8,59601386,256
897290360,mqppnuma_4_64_128_8,55257697,256
1259371960,mqppnuma_4_64_128_8,60851861,256
1142538520,mqppnuma_4_64_128_8,59894005,256
1037648140,mqppnuma_4_64_128_8,66923271,256
1138671580,mqppnuma_4_64_128_16,72664618,256
1085136100,mqppnuma_4_64_128_16,59936202,256
1151820460,mqppnuma_4_64_128_16,69756091,256
834239640,mqppnuma_4_64_128_16,54755354,256
1218761400,mqppnuma_4_64_128_16,79103083,256
1280497280,mqppnuma_4_64_128_32,78065383,256
1227950480,mqppnuma_4_64_128_32,83390162,256
1264847840,mqppnuma_4_64_128_32,82043558,256
1300563900,mqppnuma_4_64_128_32,77142550,256
1322376900,mqppnuma_4_64_128_32,79301927,256
1418032520,mqppnuma_4_64_128_64,86304860,256
1419220540,mqppnuma_4_64_128_64,86055516,256
1493347280,mqppnuma_4_64_128_64,84727028,256
1334397260,mqppnuma_4_64_128_64,85198016,256
1391028040,mqppnuma_4_64_128_64,82003835,256
1431847340,mqppnuma_4_64_128_128,85237544,256
1439262440,mqppnuma_4_64_128_128,86981597,256
1367270000,mqppnuma_4_64_128_128,88234875,256
1155731540,mqppnuma_4_64_128_128,54282939,256
1519759160,mqppnuma_4_64_128_128,84642548,256
1475078020,mqppnuma_4_64_128_256,85054035,256
1503297560,mqppnuma_4_64_128_256,87430702,256
1480673640,mqppnuma_4_64_128_256,84910001,256
1456649840,mqppnuma_4_64_128_256,89912420,256
1543269600,mqppnuma_4_64_128_256,80602401,256
1509865840,mqppnuma_4_64_128_512,85896449,256
1407843980,mqppnuma_4_64_128_512,81824160,256
1543314200,mqppnuma_4_64_128_512,85052910,256
1505664400,mqppnuma_4_64_128_512,84820654,256
1462701960,mqppnuma_4_64_128_512,85779048,256
1484878660,mqppnuma_4_64_128_1024,87939234,256
1495442340,mqppnuma_4_64_128_1024,79491841,256
1428100380,mqppnuma_4_64_128_1024,84186676,256
1427840580,mqppnuma_4_64_128_1024,83233892,256
1558126780,mqppnuma_4_64_128_1024,82110933,256
