125115900,mqppnuma_4_4_512_1,7068630,256
108074240,mqppnuma_4_4_512_1,7060998,256
102282460,mqppnuma_4_4_512_1,7019808,256
102411580,mqppnuma_4_4_512_1,7033928,256
104494380,mqppnuma_4_4_512_1,7034979,256
97036380,mqppnuma_4_4_512_2,7034511,256
96445180,mqppnuma_4_4_512_2,7032425,256
96155500,mqppnuma_4_4_512_2,7028009,256
97477060,mqppnuma_4_4_512_2,7025805,256
98694740,mqppnuma_4_4_512_2,7036426,256
91937500,mqppnuma_4_4_512_4,7029541,256
93227360,mqppnuma_4_4_512_4,7050923,256
92591080,mqppnuma_4_4_512_4,7047921,256
91882540,mqppnuma_4_4_512_4,7029414,256
91252880,mqppnuma_4_4_512_4,7039498,256
88127380,mqppnuma_4_4_512_8,7043836,256
91895520,mqppnuma_4_4_512_8,7057786,256
89930480,mqppnuma_4_4_512_8,7054546,256
89355720,mqppnuma_4_4_512_8,7046478,256
88346560,mqppnuma_4_4_512_8,7038386,256
95459360,mqppnuma_4_4_512_16,7062648,256
85894680,mqppnuma_4_4_512_16,7054292,256
87176300,mqppnuma_4_4_512_16,7046684,256
95326100,mqppnuma_4_4_512_16,7067150,256
86102900,mqppnuma_4_4_512_16,7044402,256
84788320,mqppnuma_4_4_512_32,7076542,256
91997260,85189720,mqppnuma_4_4_512_32,7066641,256
84773000,mqppnuma_4_4_512_32,7119506,256
86788320,mqppnuma_4_4_512_32,7133829,256
84328740,mqppnuma_4_4_512_64,7229053,256
86713860,mqppnuma_4_4_512_64,7252629,256
83687500,mqppnuma_4_4_512_64,7210802,256
88916080,mqppnuma_4_4_512_64,7224261,256
84722880,mqppnuma_4_4_512_64,7237906,256
84448540,mqppnuma_4_4_512_128,7298192,256
84651560,mqppnuma_4_4_512_128,7252016,256
86137860,mqppnuma_4_4_512_128,7410261,256
85240720,mqppnuma_4_4_512_128,7433773,256
89620000,mqppnuma_4_4_512_128,7575563,256
87890640,mqppnuma_4_4_512_256,7744819,256
93194740,mqppnuma_4_4_512_256,8061427,256
94819280,mqppnuma_4_4_512_256,7723364,256
86730260,mqppnuma_4_4_512_256,7667138,256
86542820,mqppnuma_4_4_512_256,7430340,256
90899600,mqppnuma_4_4_512_512,8030457,256
94075700,mqppnuma_4_4_512_512,8359789,256
94790660,mqppnuma_4_4_512_512,8443573,256
96021240,mqppnuma_4_4_512_512,8683680,256
103115060,mqppnuma_4_4_512_512,9485757,256
101620160,mqppnuma_4_4_512_1024,9276668,256
123769280,mqppnuma_4_4_512_1024,12336698,256
94937120,mqppnuma_4_4_512_1024,8579506,256
109353380,mqppnuma_4_4_512_1024,10408039,256
98454220,mqppnuma_4_4_512_1024,8851375,256
