1724691540,mqppnuma_4_2_16_1,12671132,256,0
1700098620,mqppnuma_4_2_16_1,12645407,256,0
1705933800,mqppnuma_4_2_16_1,12650563,256,0
1741573200,mqppnuma_4_2_16_1,12642606,256,0
1773939120,mqppnuma_4_2_16_1,12648680,256,0
1806257180,mqppnuma_4_2_16_2,12637827,256,0
1793074960,mqppnuma_4_2_16_2,12639196,256,0
1769562140,mqppnuma_4_2_16_2,12636582,256,0
1801685520,mqppnuma_4_2_16_2,12643591,256,0
1786651240,mqppnuma_4_2_16_2,12657119,256,0
1831783080,mqppnuma_4_2_16_4,12638315,256,0
1770949800,mqppnuma_4_2_16_4,12636759,256,0
1782533320,mqppnuma_4_2_16_4,12625800,256,0
1787710160,mqppnuma_4_2_16_4,12633827,256,0
2241891900,mqppnuma_4_2_16_4,12637292,256,0
1784130560,mqppnuma_4_2_16_8,12628115,256,0
1776666460,mqppnuma_4_2_16_8,12629304,256,0
1775225100,mqppnuma_4_2_16_8,12621482,256,0
1779663680,mqppnuma_4_2_16_8,12627524,256,0
1794050640,mqppnuma_4_2_16_8,12626491,256,0
1790666980,mqppnuma_4_2_16_16,12624329,256,0
1772303080,mqppnuma_4_2_16_16,12631906,256,0
1771281440,mqppnuma_4_2_16_16,12629039,256,0
1807823620,mqppnuma_4_2_16_16,12625239,256,0
1769512660,mqppnuma_4_2_16_16,12632327,256,0
1807715320,mqppnuma_4_2_16_32,12632590,256,0
1757355660,mqppnuma_4_2_16_32,12625902,256,0
1756853940,mqppnuma_4_2_16_32,12629812,256,0
1767946700,mqppnuma_4_2_16_32,12629362,256,0
1775805560,mqppnuma_4_2_16_32,12622284,256,0
1789868560,mqppnuma_4_2_16_64,12633503,256,0
1837346160,mqppnuma_4_2_16_64,12631667,256,0
1748159320,mqppnuma_4_2_16_64,12625295,256,0
1748524840,mqppnuma_4_2_16_64,12632161,256,0
1742538200,mqppnuma_4_2_16_64,12628975,256,0
1770378000,mqppnuma_4_2_16_128,12629633,256,0
1741276020,mqppnuma_4_2_16_128,12630468,256,0
1743992960,mqppnuma_4_2_16_128,12623942,256,0
1752286680,mqppnuma_4_2_16_128,12629752,256,0
1757494280,mqppnuma_4_2_16_128,12623512,256,0
1782237280,mqppnuma_4_2_16_256,12630366,256,0
1744692980,mqppnuma_4_2_16_256,12627989,256,0
1755811140,mqppnuma_4_2_16_256,12626896,256,0
1748125160,mqppnuma_4_2_16_256,12630336,256,0
1729354000,mqppnuma_4_2_16_256,12632998,256,0
1743503040,mqppnuma_4_2_16_512,12629545,256,0
1756711380,mqppnuma_4_2_16_512,12630034,256,0
1727211720,mqppnuma_4_2_16_512,12627280,256,0
1748350100,mqppnuma_4_2_16_512,12625198,256,0
1731087960,mqppnuma_4_2_16_512,12645106,256,0
1797175500,mqppnuma_4_2_16_1024,12625193,256,0
1720444560,mqppnuma_4_2_16_1024,12624475,256,0
2239341340,mqppnuma_4_2_16_1024,12656320,256,0
1711895280,mqppnuma_4_2_16_1024,12625324,256,0
1751739620,mqppnuma_4_2_16_1024,12625520,256,0
