5731399960,mqppnuma_4_1024_16_1,48322059,256,0
6608965500,mqppnuma_4_1024_16_1,48308832,256,0
19423333340,mqppnuma_4_1024_16_1,48529053,256,0
7634013460,mqppnuma_4_1024_16_1,48350670,256,0
10608557900,mqppnuma_4_1024_16_1,48401294,256,0
4374568720,mqppnuma_4_1024_16_2,48245756,256,0
4457850900,mqppnuma_4_1024_16_2,48233466,256,0
4543517880,mqppnuma_4_1024_16_2,48283022,256,0
4423018280,mqppnuma_4_1024_16_2,48250885,256,0
4421220840,mqppnuma_4_1024_16_2,48246691,256,0
4168070260,mqppnuma_4_1024_16_4,48207485,256,0
4107125720,mqppnuma_4_1024_16_4,48253636,256,0
4135796940,mqppnuma_4_1024_16_4,48209960,256,0
4087983480,mqppnuma_4_1024_16_4,48208415,256,0
4005016860,mqppnuma_4_1024_16_4,48216988,256,0
3957951500,mqppnuma_4_1024_16_8,48226397,256,0
4047503180,mqppnuma_4_1024_16_8,48208942,256,0
4138471720,mqppnuma_4_1024_16_8,48234898,256,0
7298728620,mqppnuma_4_1024_16_8,48376540,256,0
4134343960,mqppnuma_4_1024_16_8,48210129,256,0
4267164980,mqppnuma_4_1024_16_16,48263510,256,0
4866628300,mqppnuma_4_1024_16_16,48302764,256,0
4964303080,mqppnuma_4_1024_16_16,48291577,256,0
5026323160,mqppnuma_4_1024_16_16,48324418,256,0
4897498340,mqppnuma_4_1024_16_16,48313394,256,0
6452426260,mqppnuma_4_1024_16_32,48368942,256,0
6371071460,mqppnuma_4_1024_16_32,48384376,256,0
6428949780,mqppnuma_4_1024_16_32,48377426,256,0
5101737640,mqppnuma_4_1024_16_32,48312488,256,0
5611351400,mqppnuma_4_1024_16_32,48331181,256,0
11346641120,mqppnuma_4_1024_16_64,48478426,256,0
6101965440,mqppnuma_4_1024_16_64,48366999,256,0
8502560220,mqppnuma_4_1024_16_64,48417423,256,0
6802505960,mqppnuma_4_1024_16_64,48392648,256,0
7199861580,mqppnuma_4_1024_16_64,48414731,256,0
6401138180,mqppnuma_4_1024_16_128,48385298,256,0
5741484680,mqppnuma_4_1024_16_128,48342157,256,0
7689087020,mqppnuma_4_1024_16_128,48448369,256,0
6678162720,mqppnuma_4_1024_16_128,48379919,256,0
7712397700,mqppnuma_4_1024_16_128,48407028,256,0
10174719500,mqppnuma_4_1024_16_256,48490479,256,0
6802190720,mqppnuma_4_1024_16_256,48350952,256,0
18926220120,mqppnuma_4_1024_16_256,48548476,256,0
11196579940,mqppnuma_4_1024_16_256,48515908,256,0
11932777320,mqppnuma_4_1024_16_256,48499558,256,0
9747631840,mqppnuma_4_1024_16_512,48421971,256,0
8846489820,mqppnuma_4_1024_16_512,48427565,256,0
10194873520,mqppnuma_4_1024_16_512,48488928,256,0
10785339920,mqppnuma_4_1024_16_512,48467644,256,0
10349504560,mqppnuma_4_1024_16_512,48482464,256,0
8114698560,mqppnuma_4_1024_16_1024,48429626,256,0
7721879960,mqppnuma_4_1024_16_1024,48455937,256,0
4955114860,mqppnuma_4_1024_16_1024,48276620,256,0
6339485840,mqppnuma_4_1024_16_1024,48366953,256,0
5354943560,mqppnuma_4_1024_16_1024,48339689,256,0
