211289300,mqppnuma_4_1_1_1,11440949,256,10
210614400,mqppnuma_4_1_1_1,11468589,256,10
209539400,mqppnuma_4_1_1_1,11454813,256,10
210368660,mqppnuma_4_1_1_1,11450550,256,10
213670540,mqppnuma_4_1_1_1,11464409,256,10
205852920,mqppnuma_4_1_1_2,11512594,256,10
206525560,mqppnuma_4_1_1_2,11474186,256,10
204836540,mqppnuma_4_1_1_2,11479910,256,10
211447440,mqppnuma_4_1_1_2,11504837,256,10
203341080,mqppnuma_4_1_1_2,11481908,256,10
206574100,mqppnuma_4_1_1_4,11524348,256,10
193020640,mqppnuma_4_1_1_4,11520074,256,10
197703860,mqppnuma_4_1_1_4,11446517,256,10
211238040,mqppnuma_4_1_1_4,11449526,256,10
211248720,mqppnuma_4_1_1_4,11413493,256,10
185616360,mqppnuma_4_1_1_8,11557190,256,10
189937540,mqppnuma_4_1_1_8,11510488,256,10
195685240,mqppnuma_4_1_1_8,11525333,256,10
185046420,mqppnuma_4_1_1_8,11591526,256,10
199476100,mqppnuma_4_1_1_8,11485719,256,10
200896240,mqppnuma_4_1_1_16,11532864,256,10
183672360,mqppnuma_4_1_1_16,11569985,256,10
180649700,mqppnuma_4_1_1_16,11577343,256,10
182171920,mqppnuma_4_1_1_16,11568811,256,10
187263740,mqppnuma_4_1_1_16,11604711,256,10
183521020,mqppnuma_4_1_1_32,11547235,256,10
178637420,mqppnuma_4_1_1_32,11629407,256,10
194804500,mqppnuma_4_1_1_32,11503195,256,10
178614040,mqppnuma_4_1_1_32,11607771,256,10
184985760,mqppnuma_4_1_1_32,11566825,256,10
184477220,mqppnuma_4_1_1_64,11631275,256,10
177650480,mqppnuma_4_1_1_64,11623855,256,10
176376480,mqppnuma_4_1_1_64,11633172,256,10
178236680,mqppnuma_4_1_1_64,11579111,256,10
184546960,mqppnuma_4_1_1_64,11666371,256,10
173460400,mqppnuma_4_1_1_128,11683187,256,10
178535320,mqppnuma_4_1_1_128,11732244,256,10
177360100,mqppnuma_4_1_1_128,11576114,256,10
178602260,mqppnuma_4_1_1_128,11683818,256,10
177838240,mqppnuma_4_1_1_128,11747086,256,10
175268200,mqppnuma_4_1_1_256,11919249,256,10
184282940,mqppnuma_4_1_1_256,11750983,256,10
189046540,mqppnuma_4_1_1_256,11884147,256,10
184696600,mqppnuma_4_1_1_256,11777976,256,10
188495500,mqppnuma_4_1_1_256,11868711,256,10
199848260,mqppnuma_4_1_1_512,12097457,256,10
187466320,mqppnuma_4_1_1_512,11908553,256,10
191554920,mqppnuma_4_1_1_512,11922997,256,10
188696660,mqppnuma_4_1_1_512,12034108,256,10
184367000,mqppnuma_4_1_1_512,11980020,256,10
189689120,mqppnuma_4_1_1_1024,12199299,256,10
187430840,mqppnuma_4_1_1_1024,12401865,256,10
181791160,mqppnuma_4_1_1_1024,12306247,256,10
189482140,mqppnuma_4_1_1_1024,12370164,256,10
182821640,mqppnuma_4_1_1_1024,12561208,256,10
