688464680,mqplnuma_4_1_2_1,43313058,256
657435280,mqplnuma_4_1_2_1,43350866,256
670571540,mqplnuma_4_1_2_1,43317467,256
777462520,mqplnuma_4_1_2_1,43108866,256
679306080,mqplnuma_4_1_2_1,43432061,256
644930440,mqplnuma_4_1_2_2,43334823,256
626908460,mqplnuma_4_1_2_2,43417452,256
635111880,mqplnuma_4_1_2_2,43416980,256
630140560,mqplnuma_4_1_2_2,43413504,256
628236540,mqplnuma_4_1_2_2,43379255,256
606395700,mqplnuma_4_1_2_4,43586509,256
603770540,mqplnuma_4_1_2_4,43497721,256
651211520,mqplnuma_4_1_2_4,43498013,256
608931320,mqplnuma_4_1_2_4,43378218,256
611521800,mqplnuma_4_1_2_4,43514569,256
587123820,mqplnuma_4_1_2_8,43707596,256
583836360,mqplnuma_4_1_2_8,43720765,256
587004800,mqplnuma_4_1_2_8,43583090,256
586634800,mqplnuma_4_1_2_8,43503125,256
597868680,mqplnuma_4_1_2_8,43660495,256
576199320,mqplnuma_4_1_2_16,43652892,256
576382680,mqplnuma_4_1_2_16,43708493,256
575914940,mqplnuma_4_1_2_16,43568053,256
575638600,mqplnuma_4_1_2_16,43732675,256
574223880,mqplnuma_4_1_2_16,43675574,256
577649800,mqplnuma_4_1_2_32,43696419,256
581982400,mqplnuma_4_1_2_32,43698716,256
578241940,mqplnuma_4_1_2_32,43798002,256
576127280,mqplnuma_4_1_2_32,43846896,256
575562160,mqplnuma_4_1_2_32,43781634,256
555748980,mqplnuma_4_1_2_64,43817729,256
554286760,mqplnuma_4_1_2_64,43750263,256
567382280,mqplnuma_4_1_2_64,43784645,256
559836780,mqplnuma_4_1_2_64,43783370,256
559788660,mqplnuma_4_1_2_64,43814719,256
553763760,mqplnuma_4_1_2_128,43841710,256
558486660,mqplnuma_4_1_2_128,44053054,256
554007200,mqplnuma_4_1_2_128,43997515,256
558223540,mqplnuma_4_1_2_128,43924688,256
566364300,mqplnuma_4_1_2_128,43945945,256
552839320,mqplnuma_4_1_2_256,44235633,256
552666760,mqplnuma_4_1_2_256,44107040,256
559092780,mqplnuma_4_1_2_256,44291119,256
563781960,mqplnuma_4_1_2_256,44171556,256
554775440,mqplnuma_4_1_2_256,44171080,256
569396740,mqplnuma_4_1_2_512,44384288,256
572612940,mqplnuma_4_1_2_512,44744836,256
564888080,mqplnuma_4_1_2_512,44754117,256
569577720,mqplnuma_4_1_2_512,44866435,256
577314240,mqplnuma_4_1_2_512,44696752,256
564903680,mqplnuma_4_1_2_1024,45010510,256
559989200,mqplnuma_4_1_2_1024,45274720,256
561380720,mqplnuma_4_1_2_1024,45102028,256
567940120,mqplnuma_4_1_2_1024,45581406,256
577941260,mqplnuma_4_1_2_1024,45832081,256
