276480620,mqplnuma_4_1_1_1,11672153,256
232778560,mqplnuma_4_1_1_1,11731110,256
228359580,mqplnuma_4_1_1_1,11731271,256
224855580,mqplnuma_4_1_1_1,11697822,256
224976900,mqplnuma_4_1_1_1,11770322,256
225312660,mqplnuma_4_1_1_2,11793462,256
230967200,mqplnuma_4_1_1_2,11743290,256
232175580,mqplnuma_4_1_1_2,11702662,256
228827400,mqplnuma_4_1_1_2,11736516,256
235341040,mqplnuma_4_1_1_2,11648997,256
204954140,mqplnuma_4_1_1_4,11819077,256
216313520,mqplnuma_4_1_1_4,11792265,256
206044180,mqplnuma_4_1_1_4,11795459,256
213634680,mqplnuma_4_1_1_4,11726452,256
208495900,mqplnuma_4_1_1_4,11818122,256
199322060,mqplnuma_4_1_1_8,11815645,256
211817880,mqplnuma_4_1_1_8,11807234,256
197126600,mqplnuma_4_1_1_8,11811680,256
231202600,mqplnuma_4_1_1_8,11703648,256
220843700,mqplnuma_4_1_1_8,11712204,256
192300020,mqplnuma_4_1_1_16,11788110,256
209759580,mqplnuma_4_1_1_16,11755314,256
193549100,mqplnuma_4_1_1_16,11825623,256
194381140,mqplnuma_4_1_1_16,11816515,256
197025280,mqplnuma_4_1_1_16,11722825,256
192700460,mqplnuma_4_1_1_32,11818945,256
195591660,mqplnuma_4_1_1_32,11848902,256
191872500,mqplnuma_4_1_1_32,11825145,256
195712460,mqplnuma_4_1_1_32,11705683,256
190051580,mqplnuma_4_1_1_32,11811501,256
201559980,mqplnuma_4_1_1_64,11866910,256
193467380,mqplnuma_4_1_1_64,11827896,256
193413820,mqplnuma_4_1_1_64,11823288,256
188804140,mqplnuma_4_1_1_64,11819580,256
189615440,mqplnuma_4_1_1_64,11915742,256
190255980,mqplnuma_4_1_1_128,11944883,256
186442380,mqplnuma_4_1_1_128,11985091,256
186878820,mqplnuma_4_1_1_128,11833657,256
186977000,mqplnuma_4_1_1_128,11939239,256
190199660,mqplnuma_4_1_1_128,11969073,256
188702160,mqplnuma_4_1_1_256,12092040,256
188757120,mqplnuma_4_1_1_256,11990965,256
199490920,mqplnuma_4_1_1_256,11979736,256
191571940,mqplnuma_4_1_1_256,12045875,256
190334920,mqplnuma_4_1_1_256,12030276,256
202851720,mqplnuma_4_1_1_512,12273492,256
203090260,mqplnuma_4_1_1_512,12162318,256
204668640,mqplnuma_4_1_1_512,12441340,256
197544360,mqplnuma_4_1_1_512,12262835,256
198365020,mqplnuma_4_1_1_512,12123487,256
197691580,mqplnuma_4_1_1_1024,12462383,256
196393700,mqplnuma_4_1_1_1024,12562588,256
210518320,mqplnuma_4_1_1_1024,12703508,256
195255620,mqplnuma_4_1_1_1024,12286992,256
197917940,mqplnuma_4_1_1_1024,12745315,256
