967904520,mqplnuma_4_32_128_1,51090482,256
983133140,mqplnuma_4_32_128_1,51048152,256
954030940,mqplnuma_4_32_128_1,51111728,256
957422720,mqplnuma_4_32_128_1,51059547,256
968892120,mqplnuma_4_32_128_1,51130841,256
953755700,mqplnuma_4_32_128_2,51162993,256
960896400,mqplnuma_4_32_128_2,51044433,256
982117800,mqplnuma_4_32_128_2,51087483,256
957138180,mqplnuma_4_32_128_2,51159510,256
947493180,mqplnuma_4_32_128_2,51099297,256
945550180,mqplnuma_4_32_128_4,51086936,256
931824100,mqplnuma_4_32_128_4,51201909,256
947400880,mqplnuma_4_32_128_4,51041564,256
937063900,mqplnuma_4_32_128_4,51136542,256
942687560,mqplnuma_4_32_128_4,51146813,256
903032260,mqplnuma_4_32_128_8,51094668,256
909646100,mqplnuma_4_32_128_8,51063320,256
918184600,mqplnuma_4_32_128_8,51103241,256
921519740,mqplnuma_4_32_128_8,51191226,256
945318340,mqplnuma_4_32_128_8,51064077,256
923587520,mqplnuma_4_32_128_16,51342415,256
860695240,mqplnuma_4_32_128_16,51229312,256
902493480,mqplnuma_4_32_128_16,51271482,256
911282660,mqplnuma_4_32_128_16,51454616,256
894734160,mqplnuma_4_32_128_16,51170740,256
875594800,mqplnuma_4_32_128_32,52868484,256
911483900,mqplnuma_4_32_128_32,54062128,256
919504300,mqplnuma_4_32_128_32,51940750,256
904766020,mqplnuma_4_32_128_32,52896672,256
893639460,mqplnuma_4_32_128_32,51778404,256
953421000,mqplnuma_4_32_128_64,59213027,256
956477300,mqplnuma_4_32_128_64,64904093,256
1068417040,mqplnuma_4_32_128_64,68479877,256
1040156840,mqplnuma_4_32_128_64,69388663,256
1038503940,mqplnuma_4_32_128_64,69792119,256
1133964260,mqplnuma_4_32_128_128,75656241,256
810608020,mqplnuma_4_32_128_128,54627432,256
1165761680,mqplnuma_4_32_128_128,74132214,256
1132724500,mqplnuma_4_32_128_128,74407410,256
1086943200,mqplnuma_4_32_128_128,72737918,256
1158193820,mqplnuma_4_32_128_256,68518445,256
1174516780,mqplnuma_4_32_128_256,77751444,256
1186628900,mqplnuma_4_32_128_256,86571153,256
1231973840,mqplnuma_4_32_128_256,81581683,256
1274876120,mqplnuma_4_32_128_256,83881048,256
1250719200,mqplnuma_4_32_128_512,81221013,256
1215514620,mqplnuma_4_32_128_512,88280138,256
1268973980,mqplnuma_4_32_128_512,77275087,256
1240237340,mqplnuma_4_32_128_512,85032780,256
1035872500,mqplnuma_4_32_128_512,68947649,256
1299891960,mqplnuma_4_32_128_1024,91232453,256
1247611160,mqplnuma_4_32_128_1024,86813973,256
1338312320,mqplnuma_4_32_128_1024,91538232,256
1439817160,mqplnuma_4_32_128_1024,82443564,256
1288937080,mqplnuma_4_32_128_1024,88338637,256
