78467780,mqplnuma_4_512_256_1,7019511,256
81701780,mqplnuma_4_512_256_1,7035437,256
80674360,mqplnuma_4_512_256_1,7034727,256
81437760,mqplnuma_4_512_256_1,7035070,256
81058100,mqplnuma_4_512_256_1,7017345,256
77289220,mqplnuma_4_512_256_2,7040218,256
77477660,mqplnuma_4_512_256_2,7036788,256
77020900,mqplnuma_4_512_256_2,7025431,256
77656720,mqplnuma_4_512_256_2,7043442,256
77124680,mqplnuma_4_512_256_2,7023732,256
73501720,mqplnuma_4_512_256_4,7031790,256
76178280,mqplnuma_4_512_256_4,7060299,256
77101420,mqplnuma_4_512_256_4,7010917,256
75218480,mqplnuma_4_512_256_4,7024703,256
76716720,mqplnuma_4_512_256_4,7041775,256
74271040,mqplnuma_4_512_256_8,7083257,256
73686260,mqplnuma_4_512_256_8,7035700,256
75975780,mqplnuma_4_512_256_8,7041876,256
72486700,mqplnuma_4_512_256_8,7023378,256
74061340,mqplnuma_4_512_256_8,7035246,256
74618460,mqplnuma_4_512_256_16,7059643,256
74203360,mqplnuma_4_512_256_16,7070950,256
73871200,mqplnuma_4_512_256_16,7072938,256
71548080,mqplnuma_4_512_256_16,7039612,256
76730320,mqplnuma_4_512_256_16,7091032,256
71255760,mqplnuma_4_512_256_32,7048680,256
76973260,mqplnuma_4_512_256_32,7094487,256
74264060,mqplnuma_4_512_256_32,7090182,256
71612040,mqplnuma_4_512_256_32,7054786,256
73180640,mqplnuma_4_512_256_32,7081879,256
72538340,mqplnuma_4_512_256_64,7120203,256
72530180,mqplnuma_4_512_256_64,7167498,256
70699640,mqplnuma_4_512_256_64,7116155,256
73621380,mqplnuma_4_512_256_64,7149284,256
75481280,mqplnuma_4_512_256_64,7125550,256
72628040,mqplnuma_4_512_256_128,7125286,256
72359260,mqplnuma_4_512_256_128,7181280,256
71938000,mqplnuma_4_512_256_128,7217432,256
70234260,mqplnuma_4_512_256_128,7172328,256
71347620,mqplnuma_4_512_256_128,7182749,256
74747960,mqplnuma_4_512_256_256,7340838,256
74323860,mqplnuma_4_512_256_256,7538433,256
73309500,mqplnuma_4_512_256_256,7264173,256
70975260,mqplnuma_4_512_256_256,7289409,256
73676340,mqplnuma_4_512_256_256,7407866,256
75214720,mqplnuma_4_512_256_512,8049796,256
78368140,mqplnuma_4_512_256_512,8327765,256
72590220,mqplnuma_4_512_256_512,7668470,256
73945420,mqplnuma_4_512_256_512,7634155,256
76214560,mqplnuma_4_512_256_512,7661772,256
81728800,mqplnuma_4_512_256_1024,8859047,256
76703860,mqplnuma_4_512_256_1024,8050368,256
79131020,mqplnuma_4_512_256_1024,8435546,256
80949640,mqplnuma_4_512_256_1024,8639186,256
77071200,mqplnuma_4_512_256_1024,8080510,256
