1655694880,mqplnuma_4_4_16_1,12612133,256,0
1657657320,mqplnuma_4_4_16_1,12620016,256,0
1690940600,mqplnuma_4_4_16_1,12620733,256,0
1748788960,mqplnuma_4_4_16_1,12613759,256,0
1762380640,mqplnuma_4_4_16_1,12615368,256,0
1783184140,mqplnuma_4_4_16_2,12611564,256,0
1769939120,mqplnuma_4_4_16_2,12613841,256,0
1763151940,mqplnuma_4_4_16_2,12613101,256,0
1745856080,mqplnuma_4_4_16_2,12620083,256,0
1765601060,mqplnuma_4_4_16_2,12614825,256,0
1792268240,mqplnuma_4_4_16_4,12616346,256,0
1807495180,mqplnuma_4_4_16_4,12616541,256,0
1761000220,mqplnuma_4_4_16_4,12624467,256,0
1760201500,mqplnuma_4_4_16_4,12615075,256,0
1760181200,mqplnuma_4_4_16_4,12616665,256,0
1781027680,mqplnuma_4_4_16_8,12617570,256,0
1769646080,mqplnuma_4_4_16_8,12610061,256,0
1743659440,mqplnuma_4_4_16_8,12614580,256,0
1814140500,mqplnuma_4_4_16_8,12617189,256,0
1760938500,mqplnuma_4_4_16_8,12614130,256,0
1792428820,mqplnuma_4_4_16_16,12610359,256,0
1759685980,mqplnuma_4_4_16_16,12613617,256,0
1766780960,mqplnuma_4_4_16_16,12614168,256,0
1764756060,mqplnuma_4_4_16_16,12607773,256,0
1773195500,mqplnuma_4_4_16_16,12622619,256,0
1789051660,mqplnuma_4_4_16_32,12618190,256,0
1772031700,mqplnuma_4_4_16_32,12613768,256,0
1791825520,mqplnuma_4_4_16_32,12622029,256,0
1757267740,mqplnuma_4_4_16_32,12609337,256,0
1773631100,mqplnuma_4_4_16_32,12614954,256,0
1826300480,mqplnuma_4_4_16_64,12615963,256,0
1829465440,mqplnuma_4_4_16_64,12619823,256,0
1763461280,mqplnuma_4_4_16_64,12617691,256,0
1736949040,mqplnuma_4_4_16_64,12617174,256,0
1771696600,mqplnuma_4_4_16_64,12611568,256,0
1793917380,mqplnuma_4_4_16_128,12611021,256,0
1759333460,mqplnuma_4_4_16_128,12611111,256,0
1753495600,mqplnuma_4_4_16_128,12623324,256,0
1756602840,mqplnuma_4_4_16_128,12614936,256,0
1758968800,mqplnuma_4_4_16_128,12611282,256,0
1783793320,mqplnuma_4_4_16_256,12618754,256,0
1759225700,mqplnuma_4_4_16_256,12611464,256,0
1753063780,mqplnuma_4_4_16_256,12612690,256,0
1780539980,mqplnuma_4_4_16_256,12617887,256,0
1758147820,mqplnuma_4_4_16_256,12613541,256,0
1783692620,mqplnuma_4_4_16_512,12613259,256,0
1728307040,mqplnuma_4_4_16_512,12617915,256,0
1747400760,mqplnuma_4_4_16_512,12622288,256,0
1753751040,mqplnuma_4_4_16_512,12613310,256,0
1745730380,mqplnuma_4_4_16_512,12613752,256,0
1786642860,mqplnuma_4_4_16_1024,12618942,256,0
1757682580,mqplnuma_4_4_16_1024,12618097,256,0
1740194180,mqplnuma_4_4_16_1024,12614183,256,0
1737441380,mqplnuma_4_4_16_1024,12623981,256,0
1837715640,mqplnuma_4_4_16_1024,12617313,256,0
