788770320,mqlp_4_1_1,35726950,256
704440700,mqlp_4_1_1,35766115,256
698436000,mqlp_4_1_1,35738547,256
685154000,mqlp_4_1_1,35744013,256
724890100,mqlp_4_1_1,35857057,256
721217320,mqlp_4_1_2,41380936,256
711472600,mqlp_4_1_2,41315917,256
708018140,mqlp_4_1_2,41271910,256
711573980,mqlp_4_1_2,41398591,256
733816160,mqlp_4_1_2,41423567,256
822529360,mqlp_4_1_4,51098748,256
813591400,mqlp_4_1_4,51059612,256
822577620,mqlp_4_1_4,50904635,256
809213860,mqlp_4_1_4,50905912,256
812178900,mqlp_4_1_4,50825450,256
991547460,mqlp_4_1_8,64830105,256
1003888740,mqlp_4_1_8,65001688,256
997307520,mqlp_4_1_8,64654645,256
985363520,mqlp_4_1_8,65095986,256
993853600,mqlp_4_1_8,64752836,256
1197181620,mqlp_4_1_16,81891768,256
1187738540,mqlp_4_1_16,81272335,256
1213186660,mqlp_4_1_16,82072761,256
1192985840,mqlp_4_1_16,81269090,256
1195721940,mqlp_4_1_16,81459292,256
1428562220,mqlp_4_1_32,99563640,256
1431498500,mqlp_4_1_32,99253846,256
1413164820,mqlp_4_1_32,98296012,256
1429134200,mqlp_4_1_32,99381331,256
1422942620,mqlp_4_1_32,98906707,256
1626928880,mqlp_4_1_64,114187750,256
1617874640,mqlp_4_1_64,114013879,256
1637798320,mqlp_4_1_64,114608319,256
1621225980,mqlp_4_1_64,114032933,256
1649129160,mqlp_4_1_64,114978641,256
1753895660,mqlp_4_1_128,124345832,256
1755933220,mqlp_4_1_128,124663217,256
1758505900,mqlp_4_1_128,124491370,256
1781429300,mqlp_4_1_128,125309194,256
1768142260,mqlp_4_1_128,125079310,256
1877291800,mqlp_4_1_256,132313724,256
1864148780,mqlp_4_1_256,131711431,256
1824128500,mqlp_4_1_256,130256019,256
1848297400,mqlp_4_1_256,131581421,256
1834497860,mqlp_4_1_256,130475443,256
1886689000,mqlp_4_1_512,134680962,256
1914684880,mqlp_4_1_512,135454786,256
1914754520,mqlp_4_1_512,135477704,256
1930835520,mqlp_4_1_512,136030512,256
1907230120,mqlp_4_1_512,135233330,256
1908295580,mqlp_4_1_1024,135685146,256
1908167220,mqlp_4_1_1024,135633888,256
1923378080,mqlp_4_1_1024,136659834,256
1921724820,mqlp_4_1_1024,136205056,256
1914319680,mqlp_4_1_1024,135938320,256
701255420,mqlp_4_2_1,37912422,256
801553080,mqlp_4_2_1,37618119,256
717721500,mqlp_4_2_1,37774089,256
750177800,mqlp_4_2_1,37825694,256
677686880,mqlp_4_2_1,37869977,256
687688800,mqlp_4_2_2,44374010,256
729621680,mqlp_4_2_2,44106583,256
690817660,mqlp_4_2_2,44321719,256
740340060,mqlp_4_2_2,44777838,256
725395660,mqlp_4_2_2,43983379,256
804728780,mqlp_4_2_4,54017728,256
809898020,mqlp_4_2_4,54249018,256
812191960,mqlp_4_2_4,54206981,256
805643980,mqlp_4_2_4,53981919,256
756948280,mqlp_4_2_4,54250451,256
958007580,mqlp_4_2_8,68366792,256
959241980,mqlp_4_2_8,68321467,256
896606880,mqlp_4_2_8,68565603,256
965654980,mqlp_4_2_8,68997251,256
957448160,mqlp_4_2_8,68384187,256
1180598740,mqlp_4_2_16,87638903,256
1180560060,mqlp_4_2_16,88018709,256
1184485540,mqlp_4_2_16,87442616,256
1206673960,mqlp_4_2_16,87320101,256
1191072920,mqlp_4_2_16,87778254,256
1443065060,mqlp_4_2_32,110888635,256
1448713760,mqlp_4_2_32,110693018,256
1467256020,mqlp_4_2_32,110973289,256
1450758640,mqlp_4_2_32,110789316,256
1454125040,mqlp_4_2_32,111018516,256
1728297360,mqlp_4_2_64,133838461,256
1715990920,mqlp_4_2_64,131465560,256
1715264880,mqlp_4_2_64,133572197,256
1572071800,mqlp_4_2_64,132003122,256
1540072340,mqlp_4_2_64,129167137,256
1750528520,mqlp_4_2_128,148542807,256
1965286200,mqlp_4_2_128,153193269,256
1749526180,mqlp_4_2_128,148975979,256
1953983480,mqlp_4_2_128,152898903,256
1952374580,mqlp_4_2_128,152606578,256
2126703320,mqlp_4_2_256,166934610,256
2160172020,mqlp_4_2_256,166742847,256
2122908460,mqlp_4_2_256,167041530,256
1885930640,mqlp_4_2_256,160601196,256
2140004860,mqlp_4_2_256,168066253,256
1949320220,mqlp_4_2_512,167277036,256
1951802740,mqlp_4_2_512,166928396,256
2206055460,mqlp_4_2_512,173543510,256
2193928680,mqlp_4_2_512,174549605,256
1957936660,mqlp_4_2_512,167830420,256
2237526380,mqlp_4_2_1024,178112797,256
2264662160,mqlp_4_2_1024,178580784,256
2293722460,mqlp_4_2_1024,178530488,256
1999359680,mqlp_4_2_1024,171970702,256
2005091260,mqlp_4_2_1024,172135172,256
758157980,mqlp_4_4_1,42294817,256
754757960,mqlp_4_4_1,42175223,256
735769500,mqlp_4_4_1,42308253,256
765160980,mqlp_4_4_1,42341240,256
727116500,mqlp_4_4_1,42213199,256
720981440,mqlp_4_4_2,49487018,256
736310680,mqlp_4_4_2,49643474,256
727274020,mqlp_4_4_2,49652972,256
744519200,mqlp_4_4_2,49353191,256
727269100,mqlp_4_4_2,49601351,256
789667040,mqlp_4_4_4,60587322,256
768086180,mqlp_4_4_4,59366012,256
791182300,mqlp_4_4_4,59873044,256
810364400,mqlp_4_4_4,61357170,256
791291180,mqlp_4_4_4,60403090,256
894978660,mqlp_4_4_8,74505084,256
886114900,mqlp_4_4_8,74187657,256
883879400,mqlp_4_4_8,73952565,256
910400780,mqlp_4_4_8,74147872,256
889907240,mqlp_4_4_8,74159668,256
1049935560,mqlp_4_4_16,93441340,256
1054533040,mqlp_4_4_16,93828448,256
1054175320,mqlp_4_4_16,93988082,256
1065630180,mqlp_4_4_16,93733830,256
1060053280,mqlp_4_4_16,93790851,256
1268942540,mqlp_4_4_32,117267049,256
1274076820,mqlp_4_4_32,117652963,256
1276048240,mqlp_4_4_32,117874032,256
1273361420,mqlp_4_4_32,117362505,256
1267960860,mqlp_4_4_32,117432736,256
1516373280,mqlp_4_4_64,142499036,256
1519449400,mqlp_4_4_64,143442086,256
1514183680,mqlp_4_4_64,142275959,256
1498820240,mqlp_4_4_64,141264196,256
1526289500,mqlp_4_4_64,143862856,256
1706391920,mqlp_4_4_128,163332669,256
1703834080,mqlp_4_4_128,163598505,256
1732047780,mqlp_4_4_128,166317019,256
1711219740,mqlp_4_4_128,164036680,256
1692210860,mqlp_4_4_128,161663484,256
1838597460,mqlp_4_4_256,177161614,256
1853245180,mqlp_4_4_256,178893679,256
1878910060,mqlp_4_4_256,179993989,256
1869804940,mqlp_4_4_256,179992695,256
1861964960,mqlp_4_4_256,179358401,256
1938407380,mqlp_4_4_512,188097584,256
1978235940,mqlp_4_4_512,192163143,256
1977449060,mqlp_4_4_512,192306535,256
1969994760,mqlp_4_4_512,191177804,256
1963866400,mqlp_4_4_512,189417978,256
1926381580,mqlp_4_4_1024,187005965,256
2005689780,mqlp_4_4_1024,195778538,256
2025272860,mqlp_4_4_1024,197452352,256
2001529800,mqlp_4_4_1024,195073895,256
1973106080,mqlp_4_4_1024,192204468,256
1119654360,mqlp_4_8_1,51385194,256
962297240,mqlp_4_8_1,51442518,256
920510540,mqlp_4_8_1,51503956,256
986379820,mqlp_4_8_1,51457139,256
921772680,mqlp_4_8_1,51536900,256
875830640,mqlp_4_8_2,59402083,256
887455760,mqlp_4_8_2,59511795,256
895224740,mqlp_4_8_2,59312909,256
884133940,mqlp_4_8_2,59886823,256
874905340,mqlp_4_8_2,59353357,256
925001740,mqlp_4_8_4,70133035,256
898914660,mqlp_4_8_4,70156352,256
960318880,mqlp_4_8_4,73159483,256
914772060,mqlp_4_8_4,70048228,256
908367880,mqlp_4_8_4,70299295,256
988196300,mqlp_4_8_8,84777867,256
990711760,mqlp_4_8_8,84996074,256
981520860,mqlp_4_8_8,84469163,256
980820800,mqlp_4_8_8,84609632,256
985812620,mqlp_4_8_8,84622975,256
1119676120,mqlp_4_8_16,103890961,256
1119740120,mqlp_4_8_16,104454482,256
1123722380,mqlp_4_8_16,104135568,256
1126401880,mqlp_4_8_16,104610517,256
1130600260,mqlp_4_8_16,104748384,256
1327778100,mqlp_4_8_32,130470718,256
1320117220,mqlp_4_8_32,129484363,256
1313759700,mqlp_4_8_32,128580529,256
1316079740,mqlp_4_8_32,128525816,256
1334251720,mqlp_4_8_32,129355415,256
1565632960,mqlp_4_8_64,158172768,256
1567739940,mqlp_4_8_64,157891577,256
1574544540,mqlp_4_8_64,159394324,256
1561014260,mqlp_4_8_64,157339912,256
1577072340,mqlp_4_8_64,159612891,256
1830881500,mqlp_4_8_128,187142113,256
1796568580,mqlp_4_8_128,184389789,256
1825984640,mqlp_4_8_128,187358376,256
1810404720,mqlp_4_8_128,185502166,256
1837840400,mqlp_4_8_128,188000137,256
1955522180,mqlp_4_8_256,203640389,256
1957545740,mqlp_4_8_256,203802289,256
1998231520,mqlp_4_8_256,208260581,256
2003547700,mqlp_4_8_256,209089051,256
1977744680,mqlp_4_8_256,205806367,256
2125037460,mqlp_4_8_512,223145441,256
2105960920,mqlp_4_8_512,220700387,256
2084800440,mqlp_4_8_512,218385538,256
2124645200,mqlp_4_8_512,223061509,256
2100216820,mqlp_4_8_512,220449796,256
2167115140,mqlp_4_8_1024,228481144,256
2162106260,mqlp_4_8_1024,226990960,256
2209782900,mqlp_4_8_1024,232028612,256
2174175080,mqlp_4_8_1024,228401201,256
2190083440,mqlp_4_8_1024,231068424,256
1328237320,mqlp_4_16_1,63227365,256
1414215480,mqlp_4_16_1,63352900,256
1277158000,mqlp_4_16_1,63448450,256
1290660420,mqlp_4_16_1,63286818,256
1458033580,mqlp_4_16_1,63233368,256
1171719160,mqlp_4_16_2,74090754,256
1234852820,mqlp_4_16_2,74180938,256
1213725100,mqlp_4_16_2,74397095,256
1170256920,mqlp_4_16_2,74272304,256
1187174720,mqlp_4_16_2,74155378,256
1144027640,mqlp_4_16_4,86338575,256
1149582820,mqlp_4_16_4,86469972,256
1146903920,mqlp_4_16_4,86886886,256
1177039140,mqlp_4_16_4,86659170,256
1137235040,mqlp_4_16_4,86654806,256
1200208480,mqlp_4_16_8,102172999,256
1195075800,mqlp_4_16_8,101990559,256
1197487980,mqlp_4_16_8,101742326,256
1195770760,mqlp_4_16_8,101941336,256
1196567480,mqlp_4_16_8,101361128,256
1318983700,mqlp_4_16_16,122174035,256
1322750280,mqlp_4_16_16,122391917,256
1313664520,mqlp_4_16_16,122460553,256
1321284860,mqlp_4_16_16,122829221,256
1318138260,mqlp_4_16_16,122195946,256
1498665340,mqlp_4_16_32,148402048,256
1495010880,mqlp_4_16_32,147927540,256
1494484360,mqlp_4_16_32,147522550,256
1496672740,mqlp_4_16_32,147816389,256
1500470920,mqlp_4_16_32,148409387,256
1740280320,mqlp_4_16_64,178260156,256
1764923920,mqlp_4_16_64,180987074,256
1746887560,mqlp_4_16_64,178446143,256
1739300920,mqlp_4_16_64,177221638,256
1746693460,mqlp_4_16_64,179776819,256
2002188200,mqlp_4_16_128,209612350,256
1985873220,mqlp_4_16_128,209190479,256
1963872260,mqlp_4_16_128,207539274,256
1963960640,mqlp_4_16_128,207038813,256
1970473100,mqlp_4_16_128,208184508,256
2202052720,mqlp_4_16_256,235317474,256
2182967780,mqlp_4_16_256,232991625,256
2232110580,mqlp_4_16_256,234994596,256
2208865320,mqlp_4_16_256,236539302,256
2190267260,mqlp_4_16_256,233837416,256
2300236760,mqlp_4_16_512,248937071,256
2293845680,mqlp_4_16_512,247738758,256
2310782140,mqlp_4_16_512,249853549,256
2305272140,mqlp_4_16_512,249676679,256
2320590420,mqlp_4_16_512,250569297,256
2362498180,mqlp_4_16_1024,256037743,256
2423291980,mqlp_4_16_1024,264057729,256
2383256240,mqlp_4_16_1024,259024002,256
2411005120,mqlp_4_16_1024,262877674,256
2382750820,mqlp_4_16_1024,259111627,256
1358713520,mqlp_4_32_1,60422275,256
1513170920,mqlp_4_32_1,60978454,256
1398188080,mqlp_4_32_1,60637087,256
1506399000,mqlp_4_32_1,60697016,256
1302159300,mqlp_4_32_1,60473077,256
1288014420,mqlp_4_32_2,72540500,256
1269709480,mqlp_4_32_2,72183947,256
1324667500,mqlp_4_32_2,72850763,256
1445359840,mqlp_4_32_2,72623753,256
1314584680,mqlp_4_32_2,72576944,256
1414500000,mqlp_4_32_4,86883268,256
1352762780,mqlp_4_32_4,87066986,256
1300719380,mqlp_4_32_4,87033730,256
1252844320,mqlp_4_32_4,85894031,256
1280418740,mqlp_4_32_4,86325105,256
1369942260,mqlp_4_32_8,107360425,256
1397927960,mqlp_4_32_8,106605314,256
1397658120,mqlp_4_32_8,106509085,256
1445373300,mqlp_4_32_8,111020635,256
1373758120,mqlp_4_32_8,105751989,256
1523919600,mqlp_4_32_16,134320473,256
1515214240,mqlp_4_32_16,133950416,256
1540987640,mqlp_4_32_16,135502015,256
1545738940,mqlp_4_32_16,135850553,256
1538793340,mqlp_4_32_16,136286973,256
1738002200,mqlp_4_32_32,165404008,256
1725462260,mqlp_4_32_32,164078185,256
1705612240,mqlp_4_32_32,162678563,256
1751904240,mqlp_4_32_32,166381380,256
1732264000,mqlp_4_32_32,163885542,256
2012073380,mqlp_4_32_64,204165822,256
1984458420,mqlp_4_32_64,202026305,256
2025285580,mqlp_4_32_64,205905787,256
1983730720,mqlp_4_32_64,202176716,256
1991630940,mqlp_4_32_64,201964967,256
2307494240,mqlp_4_32_128,244789359,256
2345038880,mqlp_4_32_128,249433474,256
2287386580,mqlp_4_32_128,241298513,256
2361855680,mqlp_4_32_128,250506329,256
2301336980,mqlp_4_32_128,243732563,256
2644059980,mqlp_4_32_256,287668344,256
2623708460,mqlp_4_32_256,285377094,256
2622210200,mqlp_4_32_256,285375845,256
2625450920,mqlp_4_32_256,284281791,256
2680333720,mqlp_4_32_256,291275770,256
2877371200,mqlp_4_32_512,318284538,256
2853182120,mqlp_4_32_512,315014407,256
2866046540,mqlp_4_32_512,316283104,256
2875352740,mqlp_4_32_512,317862584,256
2861963420,mqlp_4_32_512,316111776,256
3029593940,mqlp_4_32_1024,336083189,256
3008688280,mqlp_4_32_1024,333150522,256
3053817520,mqlp_4_32_1024,338824981,256
3005098620,mqlp_4_32_1024,333041756,256
3058952000,mqlp_4_32_1024,339615452,256
976192720,mqlp_4_64_1,41637528,256
917218800,mqlp_4_64_1,41528383,256
937790460,mqlp_4_64_1,41544986,256
1061262520,mqlp_4_64_1,41818973,256
943292060,mqlp_4_64_1,41560484,256
840049020,mqlp_4_64_2,42292466,256
864342220,mqlp_4_64_2,42297726,256
854868960,mqlp_4_64_2,42272184,256
833005640,mqlp_4_64_2,42260857,256
832510620,mqlp_4_64_2,42319045,256
924813200,mqlp_4_64_4,42839752,256
806610300,mqlp_4_64_4,43027927,256
836372260,mqlp_4_64_4,43017204,256
834809260,mqlp_4_64_4,42912100,256
841891820,mqlp_4_64_4,42836695,256
808435300,mqlp_4_64_8,43783090,256
803447820,mqlp_4_64_8,43681521,256
861489500,mqlp_4_64_8,43704374,256
956579440,mqlp_4_64_8,43873118,256
819034640,mqlp_4_64_8,43710476,256
860652080,mqlp_4_64_16,44826647,256
887501580,mqlp_4_64_16,44867292,256
788125240,mqlp_4_64_16,44798223,256
920093680,mqlp_4_64_16,44993220,256
859955140,mqlp_4_64_16,44837850,256
850772600,mqlp_4_64_32,46993234,256
783136180,mqlp_4_64_32,47000403,256
783240900,mqlp_4_64_32,47146349,256
812261220,mqlp_4_64_32,46951629,256
843203880,mqlp_4_64_32,46963698,256
752698400,mqlp_4_64_64,51053506,256
763060400,mqlp_4_64_64,50865320,256
786861840,mqlp_4_64_64,51290467,256
813639360,mqlp_4_64_64,51081733,256
863940680,mqlp_4_64_64,51219971,256
1792911380,mqlp_4_64_128,181173546,256
1670907320,mqlp_4_64_128,165858940,256
1893993060,mqlp_4_64_128,185803558,256
1693983160,mqlp_4_64_128,168930994,256
1674473960,mqlp_4_64_128,164335015,256
2546826120,mqlp_4_64_256,273339216,256
2556211480,mqlp_4_64_256,275665144,256
2373618620,mqlp_4_64_256,252229634,256
2605108040,mqlp_4_64_256,283064156,256
2584000100,mqlp_4_64_256,279255949,256
3052535920,mqlp_4_64_512,342130535,256
3072732020,mqlp_4_64_512,346469656,256
2997760560,mqlp_4_64_512,335891090,256
3092696860,mqlp_4_64_512,348359380,256
3143289540,mqlp_4_64_512,354098976,256
3542891960,mqlp_4_64_1024,406632723,256
3578242700,mqlp_4_64_1024,409075154,256
3574510180,mqlp_4_64_1024,410459026,256
3516149620,mqlp_4_64_1024,403241410,256
3470144640,mqlp_4_64_1024,396135110,256
977218400,mqlp_4_128_1,41880476,256
922481780,mqlp_4_128_1,42025044,256
932807640,mqlp_4_128_1,42132998,256
1076471960,mqlp_4_128_1,42031761,256
1050062100,mqlp_4_128_1,42070727,256
898433140,mqlp_4_128_2,42662513,256
874575440,mqlp_4_128_2,42722909,256
952977480,mqlp_4_128_2,42678336,256
850188380,mqlp_4_128_2,42692316,256
901048320,mqlp_4_128_2,42600529,256
869987380,mqlp_4_128_4,43275523,256
824716280,mqlp_4_128_4,43404640,256
840392080,mqlp_4_128_4,43365497,256
809956720,mqlp_4_128_4,43370053,256
873377760,mqlp_4_128_4,43392191,256
800012420,mqlp_4_128_8,44161631,256
822260760,mqlp_4_128_8,44073685,256
807959460,mqlp_4_128_8,44091723,256
793396040,mqlp_4_128_8,44093513,256
859172040,mqlp_4_128_8,44033334,256
961522780,mqlp_4_128_16,44992770,256
797696040,mqlp_4_128_16,45104420,256
784558540,mqlp_4_128_16,45272010,256
845761020,mqlp_4_128_16,45217761,256
813757860,mqlp_4_128_16,45105355,256
787220440,mqlp_4_128_32,47264377,256
811040240,mqlp_4_128_32,47134636,256
767759660,mqlp_4_128_32,47267185,256
870357420,mqlp_4_128_32,47250548,256
786984720,mqlp_4_128_32,47375561,256
784456280,mqlp_4_128_64,51014293,256
743807160,mqlp_4_128_64,51091227,256
743695100,mqlp_4_128_64,50738942,256
783008380,mqlp_4_128_64,50966632,256
747617140,mqlp_4_128_64,51106995,256
710511740,mqlp_4_128_128,57569008,256
712162660,mqlp_4_128_128,57104059,256
727140260,mqlp_4_128_128,57510277,256
797937540,mqlp_4_128_128,57547688,256
783880360,mqlp_4_128_128,57233955,256
692494680,mqlp_4_128_256,67585635,256
738880440,mqlp_4_128_256,67919242,256
690089600,mqlp_4_128_256,68072513,256
685891760,mqlp_4_128_256,68224490,256
692762480,mqlp_4_128_256,67649992,256
678014980,mqlp_4_128_512,82603962,256
690346100,mqlp_4_128_512,83331700,256
676429900,mqlp_4_128_512,83078057,256
722205560,mqlp_4_128_512,83247819,256
702073860,mqlp_4_128_512,83049251,256
717836700,mqlp_4_128_1024,102492891,256
719158140,mqlp_4_128_1024,103101882,256
715593740,mqlp_4_128_1024,102451429,256
728715440,mqlp_4_128_1024,103547856,256
712413380,mqlp_4_128_1024,103559588,256
1064438380,mqlp_4_256_1,42243602,256
937184380,mqlp_4_256_1,42227020,256
912092520,mqlp_4_256_1,42328517,256
907792380,mqlp_4_256_1,42205933,256
929235580,mqlp_4_256_1,42219409,256
863606140,mqlp_4_256_2,42978798,256
882120960,mqlp_4_256_2,42674396,256
868978820,mqlp_4_256_2,42936061,256
903913340,mqlp_4_256_2,42831941,256
845427720,mqlp_4_256_2,43026418,256
1058747580,mqlp_4_256_4,43486251,256
825837320,mqlp_4_256_4,43622899,256
884399140,mqlp_4_256_4,43539907,256
833543060,mqlp_4_256_4,43586597,256
889858820,mqlp_4_256_4,43657138,256
850666640,mqlp_4_256_8,44326026,256
846545620,mqlp_4_256_8,44380729,256
1010486700,mqlp_4_256_8,44028887,256
804988000,mqlp_4_256_8,44441264,256
793034520,mqlp_4_256_8,44325495,256
799789360,mqlp_4_256_16,45392304,256
930313620,mqlp_4_256_16,45361057,256
874310720,mqlp_4_256_16,45352833,256
801823200,mqlp_4_256_16,45322818,256
836182040,mqlp_4_256_16,45345985,256
772466800,mqlp_4_256_32,47454328,256
779943900,mqlp_4_256_32,47491155,256
780668160,mqlp_4_256_32,47353181,256
771521380,mqlp_4_256_32,47488830,256
871276600,mqlp_4_256_32,47442575,256
789876300,mqlp_4_256_64,51337770,256
791163900,mqlp_4_256_64,51210676,256
760428860,mqlp_4_256_64,51560368,256
789836060,mqlp_4_256_64,51221047,256
842713960,mqlp_4_256_64,51332981,256
713316860,mqlp_4_256_128,57817753,256
728889840,mqlp_4_256_128,57834511,256
795397560,mqlp_4_256_128,58020538,256
718225500,mqlp_4_256_128,57728972,256
748795340,mqlp_4_256_128,57665742,256
698177840,mqlp_4_256_256,69338311,256
698307500,mqlp_4_256_256,68632522,256
685457760,mqlp_4_256_256,68722419,256
683946640,mqlp_4_256_256,68789324,256
689717080,mqlp_4_256_256,68958803,256
682184020,mqlp_4_256_512,85836206,256
681999980,mqlp_4_256_512,85713184,256
743972000,mqlp_4_256_512,85704044,256
704499340,mqlp_4_256_512,84802302,256
683951380,mqlp_4_256_512,85497977,256
753934200,mqlp_4_256_1024,109905617,256
733754320,mqlp_4_256_1024,109365115,256
738693040,mqlp_4_256_1024,108557303,256
737919940,mqlp_4_256_1024,108067240,256
735391940,mqlp_4_256_1024,108866237,256
932663760,mqlp_4_512_1,42119721,256
1130144000,mqlp_4_512_1,42403062,256
909743020,mqlp_4_512_1,42331653,256
910154680,mqlp_4_512_1,42202302,256
887147900,mqlp_4_512_1,42272751,256
858844260,mqlp_4_512_2,42831400,256
830411920,mqlp_4_512_2,42948816,256
830345060,mqlp_4_512_2,42937084,256
863490860,mqlp_4_512_2,42968431,256
896751540,mqlp_4_512_2,42862968,256
899958420,mqlp_4_512_4,43606470,256
808162720,mqlp_4_512_4,43668565,256
835946500,mqlp_4_512_4,43541173,256
828034420,mqlp_4_512_4,43575880,256
818296180,mqlp_4_512_4,43536693,256
792465060,mqlp_4_512_8,44253002,256
820303680,mqlp_4_512_8,44216649,256
799026440,mqlp_4_512_8,44314576,256
793872840,mqlp_4_512_8,44312836,256
944475120,mqlp_4_512_8,44213103,256
812574760,mqlp_4_512_16,45313876,256
833589380,mqlp_4_512_16,45410195,256
809950400,mqlp_4_512_16,45348207,256
899453760,mqlp_4_512_16,45423359,256
852292100,mqlp_4_512_16,45278898,256
766685520,mqlp_4_512_32,47485537,256
772218520,mqlp_4_512_32,47550613,256
782595680,mqlp_4_512_32,47470663,256
762597700,mqlp_4_512_32,47503862,256
847470500,mqlp_4_512_32,47407422,256
740764920,mqlp_4_512_64,51329159,256
738742260,mqlp_4_512_64,51065617,256
745489140,mqlp_4_512_64,51250876,256
755214880,mqlp_4_512_64,51451357,256
753360500,mqlp_4_512_64,51251962,256
719554940,mqlp_4_512_128,57881860,256
715585440,mqlp_4_512_128,57972351,256
711861160,mqlp_4_512_128,57851748,256
732403220,mqlp_4_512_128,58049601,256
734963040,mqlp_4_512_128,57741890,256
704613800,mqlp_4_512_256,68944553,256
681854980,mqlp_4_512_256,68653026,256
725000240,mqlp_4_512_256,68543656,256
678955840,mqlp_4_512_256,68276419,256
687325400,mqlp_4_512_256,68568857,256
693599420,mqlp_4_512_512,85494423,256
727173520,mqlp_4_512_512,87197340,256
698357660,mqlp_4_512_512,85195621,256
733144760,mqlp_4_512_512,85330552,256
696911820,mqlp_4_512_512,85521647,256
716691080,mqlp_4_512_1024,108219572,256
732468640,mqlp_4_512_1024,108944599,256
723070400,mqlp_4_512_1024,108555692,256
718969360,mqlp_4_512_1024,108348354,256
731348840,mqlp_4_512_1024,109764421,256
917536360,mqlp_4_1024_1,42466961,256
978252440,mqlp_4_1024_1,42130623,256
901258440,mqlp_4_1024_1,42165116,256
930523340,mqlp_4_1024_1,42369821,256
931434960,mqlp_4_1024_1,42310071,256
894327100,mqlp_4_1024_2,42852678,256
852843140,mqlp_4_1024_2,42873367,256
912033240,mqlp_4_1024_2,42907934,256
845542160,mqlp_4_1024_2,42887566,256
845613620,mqlp_4_1024_2,42798909,256
958364060,mqlp_4_1024_4,43543921,256
815887380,mqlp_4_1024_4,43519722,256
866418800,mqlp_4_1024_4,43495058,256
817371840,mqlp_4_1024_4,43545748,256
811687960,mqlp_4_1024_4,43612387,256
811382740,mqlp_4_1024_8,44177185,256
803937280,mqlp_4_1024_8,44277759,256
906476760,mqlp_4_1024_8,44099727,256
887431660,mqlp_4_1024_8,44230647,256
839828480,mqlp_4_1024_8,44257157,256
794436280,mqlp_4_1024_16,45420681,256
933410640,mqlp_4_1024_16,45224508,256
796344400,mqlp_4_1024_16,45455878,256
863803200,mqlp_4_1024_16,45454896,256
804782320,mqlp_4_1024_16,45395372,256
774472940,mqlp_4_1024_32,47468913,256
781068040,mqlp_4_1024_32,47461497,256
858307120,mqlp_4_1024_32,47546887,256
783711720,mqlp_4_1024_32,47418094,256
860720780,mqlp_4_1024_32,47417384,256
752899280,mqlp_4_1024_64,51597908,256
781694560,mqlp_4_1024_64,51470055,256
814715000,mqlp_4_1024_64,51427528,256
750319660,mqlp_4_1024_64,51258111,256
739906280,mqlp_4_1024_64,51365525,256
710714300,mqlp_4_1024_128,57802008,256
761200780,mqlp_4_1024_128,58099736,256
712299780,mqlp_4_1024_128,57857256,256
711071500,mqlp_4_1024_128,57929903,256
768231320,mqlp_4_1024_128,57826407,256
692768120,mqlp_4_1024_256,68529918,256
691992220,mqlp_4_1024_256,68470704,256
685500120,mqlp_4_1024_256,68989434,256
692091700,mqlp_4_1024_256,69097444,256
685378960,mqlp_4_1024_256,68741746,256
692499020,mqlp_4_1024_512,85046328,256
685707520,mqlp_4_1024_512,85873825,256
689355840,mqlp_4_1024_512,84845573,256
694800460,mqlp_4_1024_512,85223204,256
674991280,mqlp_4_1024_512,84408642,256
729525540,mqlp_4_1024_1024,109692770,256
744757240,mqlp_4_1024_1024,109159995,256
750744240,mqlp_4_1024_1024,109668026,256
739289000,mqlp_4_1024_1024,109352335,256
745530200,mqlp_4_1024_1024,109110354,256
