432560492,hmq2,8461990,128
439828090,hmq2,8464812,128
440792848,hmq2,8476579,128
433270646,hmq2,8463529,128
437042722,hmq2,8468921,128
440783852,hmq2,8461723,128
441769634,hmq2,8460110,128
438244020,hmq2,8465728,128
432676828,hmq2,8464177,128
443677776,hmq2,8457954,128
382070846,hmq3,8802588,128
381345366,hmq3,8798381,128
382866896,hmq3,8811844,128
385475890,hmq3,8809513,128
380718308,hmq3,8815250,128
382569726,hmq3,8820492,128
379224864,hmq3,8803214,128
380834358,hmq3,8810038,128
383185362,hmq3,8822585,128
387051288,hmq3,8801949,128
367438318,hmq4,9189146,128
373193760,hmq4,9147332,128
372170728,hmq4,9165690,128
370836994,hmq4,9157656,128
377744532,hmq4,9154314,128
370837874,hmq4,9156151,128
367838364,hmq4,9172888,128
368819896,hmq4,9156347,128
366012312,hmq4,9176582,128
372603684,hmq4,9183025,128
375242230,hmq5,9569823,128
364623700,hmq5,9547570,128
364029220,hmq5,9599842,128
370638996,hmq5,9591889,128
369296308,hmq5,9509577,128
368626612,hmq5,9569997,128
379285768,hmq5,9542633,128
371165568,hmq5,9592452,128
368097400,hmq5,9569627,128
366168726,hmq5,9571208,128
375360704,hmq6,9967241,128
377429560,hmq6,9932141,128
378461470,hmq6,9945889,128
378367168,hmq6,9933711,128
391363700,hmq6,9947620,128
377040208,hmq6,9949195,128
377700986,hmq6,9935476,128
378350578,hmq6,9955798,128
375054968,hmq6,9967562,128
376104722,hmq6,9927966,128
387838036,hmq7,10401949,128
382622376,hmq7,10428909,128
388510598,hmq7,10341179,128
385672154,hmq7,10416955,128
376542058,hmq7,10462652,128
388320886,hmq7,10358347,128
382012768,hmq7,10482206,128
387113510,hmq7,10373536,128
384154992,hmq7,10422795,128
387273500,hmq7,10377317,128
398529440,hmq8,10879492,128
396113670,hmq8,10782723,128
395571100,hmq8,10838148,128
397575386,hmq8,10743673,128
403588942,hmq8,10759919,128
389438042,hmq8,10932037,128
392792534,hmq8,10835155,128
401069792,hmq8,10756167,128
393571748,hmq8,10867923,128
396530318,hmq8,10762020,128
851830372,hmq1,8115643,128
860753360,hmq1,8124200,128
862335616,hmq1,8118825,128
