1306627608,hmq4,31732125,128
1349862938,hmq4,31730571,128
1302953242,hmq4,31715323,128
1305485234,hmq4,31710336,128
1296307652,hmq4,31717006,128
1598703600,hmq2,30322237,128
1611685318,hmq2,30324188,128
1598939606,hmq2,30321778,128
1599036626,hmq2,30345810,128
1590874706,hmq2,30352207,128
1344892578,hmq3,30987279,128
1349221814,hmq3,31014319,128
1340189626,hmq3,31027773,128
1352546540,hmq3,30988915,128
1339003100,hmq3,31014477,128
1379440194,hmq4,31703001,128
1335386838,hmq4,31696689,128
1311585368,hmq4,31707100,128
1301306912,hmq4,31708631,128
1309469408,hmq4,31695355,128
1280140142,hmq5,32486211,128
1275031180,hmq5,32412631,128
1284694940,hmq5,32463151,128
1286300352,hmq5,32458875,128
1272620960,hmq5,32448765,128
1257681252,hmq6,33216297,128
1246531218,hmq6,33302698,128
1243077446,hmq6,33215348,128
1266526886,hmq6,33217456,128
1245707972,hmq6,33205434,128
1246785134,hmq7,34125695,128
1290018318,hmq7,33968110,128
1256536812,hmq7,34013834,128
1259205156,hmq7,33900143,128
1252055494,hmq7,34004767,128
1245054512,hmq8,34934362,128
1287603906,hmq8,34818158,128
1288758632,hmq8,34671976,128
1250783820,hmq8,35039862,128
1281181008,hmq8,34755276,128
3349575902,hmq1,29703067,128
3441834212,hmq1,29705288,128
3173997100,hmq1,29743480,128
