623741210,hmq1,6282018,128
620098612,hmq1,6281950,128
616835130,hmq1,6281801,128
653616302,hmq1,6282172,128
637905960,hmq1,6282242,128
318631492,hmq2,6302562,128
326148488,hmq2,6302141,128
313820024,hmq2,6301914,128
317169292,hmq2,6300767,128
314713258,hmq2,6301286,128
278777678,hmq3,6323992,128
264738162,hmq3,6323883,128
264339842,hmq3,6324480,128
267328484,hmq3,6324431,128
276613010,hmq3,6325028,128
241839212,hmq4,6349905,128
238821176,hmq4,6351588,128
246799800,hmq4,6350487,128
246410136,hmq4,6351025,128
246256024,hmq4,6353207,128
236299702,hmq5,6380810,128
240360890,hmq5,6379162,128
235214134,hmq5,6381181,128
228362560,hmq5,6376529,128
225800368,hmq5,6379465,128
229182746,hmq6,6408610,128
229725534,hmq6,6412049,128
228765826,hmq6,6411466,128
224566888,hmq6,6406267,128
231245834,hmq6,6409149,128
235018142,hmq7,6441614,128
223325840,hmq7,6438917,128
227645874,hmq7,6438535,128
233918498,hmq7,6440750,128
228561622,hmq7,6442543,128
226891648,hmq8,6473801,128
215110022,hmq8,6478617,128
216737452,hmq8,6470466,128
216468876,hmq8,6473542,128
218251422,hmq8,6476599,128
