6032267700,hmq1,38574500,128
6166314138,hmq1,38429966,128
6044840774,hmq1,38749816,128
6017064098,hmq1,38563315,128
5982294712,hmq1,38654438,128
5330259070,hmq2,38349128,128
5624986494,hmq2,38618435,128
5335603916,hmq2,38644232,128
5353585576,hmq2,38579336,128
5533300386,hmq2,38693407,128
5645591176,hmq3,38508034,128
5432360820,hmq3,38565306,128
5461264682,hmq3,38638685,128
5219849630,hmq3,38615362,128
5385180022,hmq3,38684396,128
5443238248,hmq4,38517444,128
5597551948,hmq4,38473631,128
5602107628,hmq4,38654465,128
5469161952,hmq4,38631590,128
5426626682,hmq4,38656780,128
6637118928,hmq5,38845213,128
5627226780,hmq5,38442768,128
5826009970,hmq5,38632159,128
5601235872,hmq5,38591514,128
5700569376,hmq5,38539520,128
5481172536,hmq6,38543622,128
5616815078,hmq6,38608585,128
5243103636,hmq6,38068932,128
5363982514,hmq6,38382448,128
5356822902,hmq6,38287630,128
5353879218,hmq7,38417851,128
5393034084,hmq7,38464183,128
5633283358,hmq7,38389188,128
5401718434,hmq7,38483685,128
5406553984,hmq7,38351590,128
5535599182,hmq8,38420595,128
5990621234,hmq8,38532755,128
5515162798,hmq8,38302628,128
5631530228,hmq8,38230627,128
5569210058,hmq8,38188786,128
