1440405696,hmq1,14105779,128
1404974926,hmq1,14106128,128
1354436434,hmq1,14106620,128
1414626286,hmq1,14105857,128
1446169382,hmq1,14106461,128
755486310,hmq2,14129404,128
769648924,hmq2,14129509,128
776165460,hmq2,14129646,128
756875036,hmq2,14129434,128
762813338,hmq2,14129968,128
641204022,hmq3,14156213,128
645847520,hmq3,14157576,128
633256056,hmq3,14156383,128
630092840,hmq3,14156435,128
623456758,hmq3,14156540,128
584759812,hmq4,14185686,128
594707836,hmq4,14185965,128
577842200,hmq4,14184763,128
580579944,hmq4,14185770,128
584215814,hmq4,14187731,128
556255404,hmq5,14217035,128
536827600,hmq5,14217069,128
549748274,hmq5,14217152,128
555210324,hmq5,14218265,128
548941686,hmq5,14217837,128
524933080,hmq6,14252407,128
520361320,hmq6,14253898,128
512992716,hmq6,14253478,128
519251430,hmq6,14251824,128
531371250,hmq6,14253646,128
532986496,hmq7,14290299,128
512974550,hmq7,14294519,128
512500156,hmq7,14293722,128
502967222,hmq7,14291189,128
526765720,hmq7,14285622,128
549807394,hmq8,14326229,128
493673346,hmq8,14328149,128
508610576,hmq8,14331229,128
500896298,hmq8,14326145,128
501795514,hmq8,14327431,128
