6493477268,hmq1,50567812,128
6428496156,hmq1,50571043,128
6535836278,hmq1,50561255,128
6197651658,hmq1,50565366,128
6398220404,hmq1,50564489,128
4471639574,hmq2,50556098,128
4483116492,hmq2,50557401,128
4461883328,hmq2,50559134,128
4492242094,hmq2,50555310,128
4479749764,hmq2,50555677,128
4219870610,hmq3,50553222,128
4231970288,hmq3,50552533,128
4217264598,hmq3,50555096,128
4222877078,hmq3,50554473,128
4243029590,hmq3,50558516,128
4044837474,hmq4,50552229,128
4065366708,hmq4,50552019,128
4064422250,hmq4,50552338,128
4049163902,hmq4,50552730,128
4169717774,hmq4,50553848,128
3947541962,hmq5,50552010,128
3927763572,hmq5,50552932,128
3940659886,hmq5,50552210,128
3938339182,hmq5,50552021,128
4029739100,hmq5,50556247,128
3970830360,hmq6,50557512,128
3926872218,hmq6,50553087,128
4032651096,hmq6,50552380,128
3931695558,hmq6,50556951,128
3970038066,hmq6,50553169,128
3684139864,hmq7,50553864,128
3701538216,hmq7,50559325,128
3658558714,hmq7,50553390,128
3778235372,hmq7,50553266,128
3715368608,hmq7,50553434,128
3700687474,hmq8,50556549,128
3679572850,hmq8,50556839,128
3654922360,hmq8,50556009,128
3641775816,hmq8,50554605,128
3674919990,hmq8,50555948,128
6544204294,hmq1,50560449,128
6608728764,hmq1,50560285,128
6659895616,hmq1,50564876,128
