2377825368,hmq1,23988934,128
2365569404,hmq1,23986672,128
2389757812,hmq1,23986419,128
2470313802,hmq1,23987182,128
2413360842,hmq1,23986915,128
1296465382,hmq2,24024252,128
1303946372,hmq2,24023842,128
1293244624,hmq2,24024090,128
1309605422,hmq2,24023489,128
1317916364,hmq2,24024177,128
1054576364,hmq3,24065514,128
1056155462,hmq3,24066152,128
1062383240,hmq3,24066166,128
1047891280,hmq3,24065706,128
1067775252,hmq3,24064801,128
969292584,hmq4,24113269,128
982504376,hmq4,24111309,128
951712356,hmq4,24112343,128
972529790,hmq4,24114468,128
977349604,hmq4,24111549,128
924923340,hmq5,24167726,128
934348998,hmq5,24160708,128
891128164,hmq5,24165459,128
894509552,hmq5,24173198,128
923133344,hmq5,24168318,128
894882466,hmq6,24215105,128
863586478,hmq6,24216647,128
911052596,hmq6,24218967,128
921290130,hmq6,24221054,128
896270258,hmq6,24219983,128
882914570,hmq7,24272353,128
881637188,hmq7,24278901,128
919391734,hmq7,24276889,128
884334114,hmq7,24283235,128
906691454,hmq7,24278077,128
903663724,hmq8,24344336,128
891584904,hmq8,24342182,128
848170192,hmq8,24335012,128
963662188,hmq8,24332343,128
869466870,hmq8,24339983,128
2624130060,hmq1,23988034,128
2619348672,hmq1,23988610,128
2652906542,hmq1,23987796,128
