523573044,hmq1,3978357,128
532666750,hmq1,3977222,128
537444750,hmq1,3979658,128
531534458,hmq1,3977236,128
509583804,hmq1,3978135,128
365717488,hmq2,3975963,128
364099360,hmq2,3976443,128
361939740,hmq2,3976204,128
360148944,hmq2,3975515,128
363017414,hmq2,3975998,128
342840434,hmq3,3976108,128
335127600,hmq3,3976322,128
333809372,hmq3,3977339,128
341514024,hmq3,3975911,128
339734528,hmq3,3975897,128
298534364,hmq4,3976194,128
297521696,hmq4,3975927,128
296485186,hmq4,3976637,128
496450444,hmq4,3977825,128
309079886,hmq4,3976573,128
299614696,hmq5,3976715,128
302434360,hmq5,3978166,128
304198950,hmq5,3978573,128
343141656,hmq5,3976884,128
305150740,hmq5,3978054,128
307858474,hmq6,3979734,128
299857248,hmq6,3977594,128
310384344,hmq6,3979104,128
312599434,hmq6,3977578,128
313050564,hmq6,3978450,128
295061822,hmq7,3978248,128
300595124,hmq7,3977157,128
310628104,hmq7,3978700,128
305492232,hmq7,3980024,128
303473452,hmq7,3979139,128
305377020,hmq8,3979253,128
297230500,hmq8,3980530,128
296410078,hmq8,3981908,128
351743374,hmq8,3978799,128
297816854,hmq8,3979701,128
