3158597658,hmq2,12550630,128,0
3172059044,hmq2,12547914,128,0
3122978432,hmq2,12547327,128,0
3134406914,hmq2,12546983,128,0
3172581494,hmq2,12548630,128,0
3121991558,hmq3,12548461,128,0
3096532210,hmq3,12551216,128,0
3131741024,hmq3,12551218,128,0
3358589154,hmq3,12551358,128,0
3464905292,hmq3,12554361,128,0
3041734330,hmq4,12547807,128,0
3052604286,hmq4,12548477,128,0
3130230012,hmq4,12548300,128,0
3266725640,hmq4,12549357,128,0
3208036366,hmq4,12553098,128,0
3680799574,hmq5,12559204,128,0
3090748226,hmq5,12553263,128,0
3049158270,hmq5,12548346,128,0
3915349820,hmq5,12561391,128,0
3148471022,hmq5,12548912,128,0
3317272938,hmq6,12557817,128,0
3346940828,hmq6,12548783,128,0
3576217136,hmq6,12558516,128,0
3178622090,hmq6,12549102,128,0
2990853652,hmq6,12554163,128,0
3527541042,hmq7,12558395,128,0
3315034366,hmq7,12555706,128,0
3034013710,hmq7,12553121,128,0
3789612950,hmq7,12557957,128,0
3722000768,hmq7,12556936,128,0
2992129114,hmq8,12552471,128,0
3113911486,hmq8,12555929,128,0
3501981506,hmq8,12558109,128,0
3032692796,hmq8,12553954,128,0
3204950080,hmq8,12554665,128,0
