12680648626,hmq2,47931342,128,0
14138778868,hmq2,47959048,128,0
13832668586,hmq2,47941571,128,0
14375198724,hmq2,47940160,128,0
14268044640,hmq2,47934287,128,0
12760524750,hmq3,47940869,128,0
13315149884,hmq3,47935584,128,0
15220330986,hmq3,47932273,128,0
13012461902,hmq3,47931225,128,0
13072589210,hmq3,47934235,128,0
14108045404,hmq4,47940741,128,0
13046746874,hmq4,47941689,128,0
14221050556,hmq4,47943421,128,0
13106247014,hmq4,47929751,128,0
13779262840,hmq4,47938517,128,0
14176130356,hmq5,47957682,128,0
14819745232,hmq5,47957456,128,0
14061943906,hmq5,47950851,128,0
13406427662,hmq5,47941897,128,0
15204951912,hmq5,47947743,128,0
14324958448,hmq6,47956668,128,0
15462269670,hmq6,47973743,128,0
13324570246,hmq6,47945409,128,0
13104700074,hmq6,47950469,128,0
13306423682,hmq6,47951569,128,0
12472803646,hmq7,47935219,128,0
13889951256,hmq7,47955896,128,0
12873502134,hmq7,47941218,128,0
14505695186,hmq7,47965413,128,0
13582350988,hmq7,47953191,128,0
13047846234,hmq8,47936468,128,0
13230411854,hmq8,47934107,128,0
13449795168,hmq8,47947596,128,0
13136812870,hmq8,47950412,128,0
12634907762,hmq8,47944239,128,0
