9857931964,hmq2,28192376,128,0
8830556738,hmq2,28192310,128,0
8613230218,hmq2,28197760,128,0
9159741494,hmq2,28203408,128,0
9496082012,hmq2,28204918,128,0
9032087482,hmq3,28197667,128,0
8993730000,hmq3,28196497,128,0
9654329228,hmq3,28211749,128,0
8612990346,hmq3,28193871,128,0
8956892408,hmq3,28203573,128,0
9186894492,hmq4,28197475,128,0
8950077140,hmq4,28199098,128,0
9173294394,hmq4,28202186,128,0
9082498726,hmq4,28197942,128,0
9196107838,hmq4,28208384,128,0
9161046822,hmq5,28204121,128,0
11607458980,hmq5,28208091,128,0
9805973302,hmq5,28208904,128,0
8638508410,hmq5,28197446,128,0
9760397882,hmq5,28206974,128,0
8891621922,hmq6,28199296,128,0
9891400482,hmq6,28219346,128,0
8941354496,hmq6,28204274,128,0
8677092898,hmq6,28198742,128,0
10383010148,hmq6,28199471,128,0
8257641630,hmq7,28197036,128,0
10739770372,hmq7,28208654,128,0
8506469122,hmq7,28200120,128,0
8896356568,hmq7,28204136,128,0
9465747546,hmq7,28207048,128,0
9712924912,hmq8,28208212,128,0
9492949278,hmq8,28213788,128,0
8917547998,hmq8,28196771,128,0
8747498908,hmq8,28202597,128,0
8767143324,hmq8,28198190,128,0
