2868317548,hmq1,26005052,128,10
2794411580,hmq1,25996104,128,10
2937760976,hmq1,26001079,128,10
2910536492,hmq1,26004022,128,10
2930371896,hmq1,26000504,128,10
1397706164,hmq2,26635363,128,10
1441423674,hmq2,26644740,128,10
1412997820,hmq2,26630425,128,10
1451538558,hmq2,26653509,128,10
1375481066,hmq2,26640491,128,10
1169329286,hmq3,27461253,128,10
1139690824,hmq3,27463072,128,10
1163724632,hmq3,27443159,128,10
1176250318,hmq3,27459628,128,10
1159837176,hmq3,27456173,128,10
1131953430,hmq4,28362315,128,10
1069754902,hmq4,28357150,128,10
1089081488,hmq4,28342594,128,10
1072429758,hmq4,28342088,128,10
1094731688,hmq4,28368380,128,10
1083759296,hmq5,29320321,128,10
1097731188,hmq5,29374740,128,10
1086279718,hmq5,29288196,128,10
1100044494,hmq5,29345342,128,10
1073380730,hmq5,29321944,128,10
1120621956,hmq6,30284428,128,10
1096284544,hmq6,30360741,128,10
1065329094,hmq6,30288015,128,10
1123430944,hmq6,30277786,128,10
1108695474,hmq6,30284116,128,10
1122775098,hmq7,31303966,128,10
1083257766,hmq7,31532096,128,10
1219710934,hmq7,31264952,128,10
1105403318,hmq7,31380964,128,10
1114865522,hmq7,31307664,128,10
1111664852,hmq8,32314771,128,10
1094865372,hmq8,32438175,128,10
1144015298,hmq8,32317389,128,10
1138274354,hmq8,32329960,128,10
1092296814,hmq8,32536973,128,10
