742646164,hmq1,6969630,128,10
732571992,hmq1,6964024,128,10
744039948,hmq1,6969180,128,10
754676410,hmq1,6966502,128,10
747547080,hmq1,6962117,128,10
372249566,hmq2,7393728,128,10
381244258,hmq2,7403210,128,10
375664874,hmq2,7399529,128,10
369651992,hmq2,7397394,128,10
374083364,hmq2,7396112,128,10
318114806,hmq3,7901418,128,10
320510106,hmq3,7907106,128,10
324243314,hmq3,7904521,128,10
322741188,hmq3,7895276,128,10
512228944,hmq3,7897929,128,10
315659804,hmq4,8435440,128,10
315164996,hmq4,8429200,128,10
322331704,hmq4,8422613,128,10
336529204,hmq4,8410545,128,10
325014144,hmq4,8428993,128,10
313050912,hmq5,9000940,128,10
330143758,hmq5,8978921,128,10
328959100,hmq5,8941390,128,10
332451102,hmq5,8945840,128,10
329362382,hmq5,8943885,128,10
348349964,hmq6,9460080,128,10
326310654,hmq6,9480750,128,10
341600970,hmq6,9461449,128,10
332076932,hmq6,9458026,128,10
332297602,hmq6,9436650,128,10
352757508,hmq7,9982588,128,10
359792424,hmq7,9979904,128,10
364957036,hmq7,9951853,128,10
346149072,hmq7,9971149,128,10
338863764,hmq7,9945069,128,10
389354388,hmq8,10427057,128,10
349784608,hmq8,10536340,128,10
348873068,hmq8,10463543,128,10
361090866,hmq8,10465150,128,10
368890070,hmq8,10461151,128,10
749085632,hmq1,6964126,128,14
749184678,hmq1,6967095,128,14
745815662,hmq1,6968661,128,14
