11851879890,hmq1,75766066,128,10
10216806178,hmq1,75777880,128,10
11285179844,hmq1,75757518,128,10
10761634242,hmq1,75770895,128,10
11494461674,hmq1,75762468,128,10
7708673400,hmq2,75759742,128,10
7835277524,hmq2,75768757,128,10
7734704228,hmq2,75768521,128,10
7856046058,hmq2,75765608,128,10
7795118784,hmq2,75769506,128,10
7479655596,hmq3,75763743,128,10
7777981808,hmq3,75767656,128,10
7399786218,hmq3,75768962,128,10
7379532266,hmq3,75768675,128,10
7413816280,hmq3,75761410,128,10
7282390662,hmq4,75788818,128,10
7251747874,hmq4,75776213,128,10
7386124532,hmq4,75791884,128,10
7283752638,hmq4,75784229,128,10
7375452370,hmq4,75766046,128,10
7347693228,hmq5,75766284,128,10
7317912188,hmq5,75772818,128,10
7250298104,hmq5,75774086,128,10
7312230662,hmq5,75773887,128,10
7279896714,hmq5,75779572,128,10
7132741932,hmq6,75788012,128,10
7089980418,hmq6,75822416,128,10
7073048752,hmq6,75804276,128,10
10170407950,hmq6,75798129,128,10
7236986622,hmq6,75803593,128,10
7084054330,hmq7,75789678,128,10
7082675008,hmq7,75773955,128,10
7105788938,hmq7,75778695,128,10
6958230772,hmq7,75792609,128,10
6997967102,hmq7,75795555,128,10
7001835484,hmq8,75795574,128,10
7051291178,hmq8,75797043,128,10
6886444610,hmq8,75798786,128,10
6900072250,hmq8,75809879,128,10
6890294752,hmq8,75826333,128,10
