13248944380,hmq1,84887729,128,10
12538588564,hmq1,84889358,128,10
12862361900,hmq1,84877798,128,10
13132720760,hmq1,84888350,128,10
12723814670,hmq1,84884748,128,10
9918500288,hmq2,84931213,128,10
9943792890,hmq2,84892654,128,10
9893424446,hmq2,84893826,128,10
10086495630,hmq2,84892493,128,10
10060765360,hmq2,84910251,128,10
10018436168,hmq3,84926832,128,10
10315258072,hmq3,84907535,128,10
9996168650,hmq3,84965777,128,10
10063073808,hmq3,84886457,128,10
10112561266,hmq3,84903239,128,10
9743623012,hmq4,84935759,128,10
9871187216,hmq4,84903148,128,10
9840920170,hmq4,84927112,128,10
9806356628,hmq4,84911039,128,10
10025310980,hmq4,84942556,128,10
10001783882,hmq5,85207483,128,10
10076855186,hmq5,84928813,128,10
9856669886,hmq5,84939368,128,10
10083777400,hmq5,84977171,128,10
9889783104,hmq5,84937555,128,10
10170610962,hmq6,84971785,128,10
10516788408,hmq6,84958368,128,10
10227953246,hmq6,84938456,128,10
10715890870,hmq6,85124337,128,10
10063625414,hmq6,84960545,128,10
10681468072,hmq7,85135492,128,10
10085794568,hmq7,84994537,128,10
10266913072,hmq7,84990724,128,10
10060368240,hmq7,84962999,128,10
10710357154,hmq7,84959952,128,10
10184472804,hmq8,85070109,128,10
10132562158,hmq8,85139294,128,10
10251144564,hmq8,85324567,128,10
9933887948,hmq8,84972674,128,10
10144158782,hmq8,84986639,128,10
12696160934,hmq1,84886244,128,0
12919618928,hmq1,84889855,128,0
13167588644,hmq1,84885556,128,0
