161716520920,mqlp_4_512_128,35248748,1
162167698182,mqlp_4_512_128,35089445,1
162300157682,mqlp_4_512_128,35028489,1
163089068750,mqlp_4_512_128,35456361,1
161500219086,mqlp_4_512_128,35049117,1
82932196022,mqlp_4_512_128,35391483,2
82217107766,mqlp_4_512_128,35097922,2
82146464260,mqlp_4_512_128,35189384,2
82154142484,mqlp_4_512_128,35095646,2
82656357202,mqlp_4_512_128,35479843,2
42221523306,mqlp_4_512_128,35146757,4
41972769338,mqlp_4_512_128,35406415,4
41977696556,mqlp_4_512_128,35195217,4
42009185006,mqlp_4_512_128,35224656,4
42055162886,mqlp_4_512_128,35216128,4
21617308154,mqlp_4_512_128,35481991,8
21697130864,mqlp_4_512_128,35291660,8
21731820424,mqlp_4_512_128,35772437,8
21731054166,mqlp_4_512_128,35829283,8
21708889208,mqlp_4_512_128,35584586,8
11484465546,mqlp_4_512_128,36178529,16
11441234996,mqlp_4_512_128,35526425,16
11480363420,mqlp_4_512_128,36251676,16
11470046410,mqlp_4_512_128,35627811,16
11484094992,mqlp_4_512_128,36182360,16
6361356854,mqlp_4_512_128,36808543,32
6447093506,mqlp_4_512_128,36243542,32
6439198548,mqlp_4_512_128,36680145,32
6383739218,mqlp_4_512_128,36976660,32
6360896144,mqlp_4_512_128,36563393,32
4070967804,mqlp_4_512_128,37807583,64
3966323824,mqlp_4_512_128,39043880,64
3960039936,mqlp_4_512_128,38717689,64
3903171300,mqlp_4_512_128,37941702,64
4020718980,mqlp_4_512_128,38905977,64
3476904590,mqlp_4_512_128,40615816,128
3607370678,mqlp_4_512_128,39940826,128
3456665110,mqlp_4_512_128,40082113,128
3528873578,mqlp_4_512_128,40446291,128
3418009644,mqlp_4_512_128,40083261,128
