278472110222,mqlp_4_1024_64,84852992,1,10
278897799148,mqlp_4_1024_64,84864068,1,10
278208684150,mqlp_4_1024_64,84852753,1,10
278146881916,mqlp_4_1024_64,84857598,1,10
278099385000,mqlp_4_1024_64,84842718,1,10
140998069346,mqlp_4_1024_64,84843968,2,10
140857416460,mqlp_4_1024_64,84850997,2,10
141078113322,mqlp_4_1024_64,84868028,2,10
140978533648,mqlp_4_1024_64,84849768,2,10
141000815812,mqlp_4_1024_64,84850595,2,10
71411526940,mqlp_4_1024_64,84875311,4,10
71542461294,mqlp_4_1024_64,84869581,4,10
71481898106,mqlp_4_1024_64,84857383,4,10
71457471574,mqlp_4_1024_64,84862818,4,10
71529153408,mqlp_4_1024_64,84856844,4,10
36888398756,mqlp_4_1024_64,84913391,8,10
36746464274,mqlp_4_1024_64,84909689,8,10
36748222646,mqlp_4_1024_64,84853775,8,10
36735829608,mqlp_4_1024_64,84947364,8,10
36683597952,mqlp_4_1024_64,84888802,8,10
19547964688,mqlp_4_1024_64,84895031,16,10
19552305476,mqlp_4_1024_64,84879972,16,10
19533394032,mqlp_4_1024_64,84872997,16,10
19576432378,mqlp_4_1024_64,84872544,16,10
19575671306,mqlp_4_1024_64,84996794,16,10
10948828028,mqlp_4_1024_64,84955823,32,10
11028238700,mqlp_4_1024_64,84910887,32,10
10971022132,mqlp_4_1024_64,84920352,32,10
10956885932,mqlp_4_1024_64,85311955,32,10
10920782330,mqlp_4_1024_64,85062715,32,10
6306978352,mqlp_4_1024_64,85037241,64,10
6286002482,mqlp_4_1024_64,85281138,64,10
6166807262,mqlp_4_1024_64,85516877,64,10
6178547654,mqlp_4_1024_64,85795122,64,10
6311845064,mqlp_4_1024_64,85176201,64,10
5065092322,mqlp_4_1024_64,85949892,128,10
4895227452,mqlp_4_1024_64,86698785,128,10
4877312820,mqlp_4_1024_64,86528888,128,10
5277679814,mqlp_4_1024_64,87415349,128,10
5154203522,mqlp_4_1024_64,86005986,128,10
