5471951786,mqlp_4_256_512,9935420,1,10
5513313658,mqlp_4_256_512,10008260,1,10
5528813564,mqlp_4_256_512,10060346,1,10
5317342954,5478746852,mqlp_4_256_512,10007630,1,10
4191923300,mqlp_4_256_512,13053087,2,10
4142661758,mqlp_4_256_512,12936903,2,10
4195836870,mqlp_4_256_512,13071131,2,10
4162210064,mqlp_4_256_512,12992166,2,10
4226839992,mqlp_4_256_512,13206725,2,10
3030047064,mqlp_4_256_512,17480214,4,10
3061946178,mqlp_4_256_512,17571092,4,10
3109352672,mqlp_4_256_512,17886162,4,10
3064405928,mqlp_4_256_512,17606350,4,10
3051335422,mqlp_4_256_512,17587505,4,10
2167078578,mqlp_4_256_512,23381074,8,10
2275544390,mqlp_4_256_512,24410179,8,10
2275114344,mqlp_4_256_512,24443056,8,10
2263952152,mqlp_4_256_512,24364829,8,10
2189760950,mqlp_4_256_512,23517573,8,10
1447231128,mqlp_4_256_512,27525364,16,10
1557470354,mqlp_4_256_512,29381995,16,10
1651002932,mqlp_4_256_512,30995461,16,10
1536404984,mqlp_4_256_512,29096656,16,10
1445090176,mqlp_4_256_512,27558733,16,10
391458564,mqlp_4_256_512,15655124,32,10
651770210,mqlp_4_256_512,21523630,32,10
682408834,mqlp_4_256_512,22114061,32,10
588948042,mqlp_4_256_512,19755349,32,10
379752366,mqlp_4_256_512,15250928,32,10
294068650,mqlp_4_256_512,19235442,64,10
291737698,mqlp_4_256_512,18702289,64,10
303520098,mqlp_4_256_512,19603736,64,10
299836794,mqlp_4_256_512,19211384,64,10
289262932,mqlp_4_256_512,18635098,64,10
283904014,mqlp_4_256_512,23001268,128,10
280549810,mqlp_4_256_512,23413543,128,10
289854612,mqlp_4_256_512,24255918,128,10
284011280,mqlp_4_256_512,23708966,128,10
283300824,mqlp_4_256_512,23371607,128,10
