197907290476,mqlp_4_1024_1024,77217730,1,10
198091858788,mqlp_4_1024_1024,77198460,1,10
197906914270,mqlp_4_1024_1024,77346102,1,10
198085260472,mqlp_4_1024_1024,77353338,1,10
198001630366,mqlp_4_1024_1024,77290428,1,10
100037993458,mqlp_4_1024_1024,77397584,2,10
99810700398,mqlp_4_1024_1024,77435307,2,10
99976170438,mqlp_4_1024_1024,77421127,2,10
99928602340,mqlp_4_1024_1024,77378730,2,10
99838216558,mqlp_4_1024_1024,77367805,2,10
50701730010,mqlp_4_1024_1024,77594619,4,10
50700321136,mqlp_4_1024_1024,77407109,4,10
50736690658,mqlp_4_1024_1024,77613825,4,10
50750026418,mqlp_4_1024_1024,77802122,4,10
50774756600,mqlp_4_1024_1024,77589487,4,10
26048230618,mqlp_4_1024_1024,77441904,8,10
26112308806,mqlp_4_1024_1024,78206846,8,10
26043722112,mqlp_4_1024_1024,77267252,8,10
26081683796,mqlp_4_1024_1024,77589815,8,10
26013592830,mqlp_4_1024_1024,77394629,8,10
13972462624,mqlp_4_1024_1024,77822144,16,10
13967332956,mqlp_4_1024_1024,77928485,16,10
13980284174,mqlp_4_1024_1024,78149686,16,10
13970376234,mqlp_4_1024_1024,78017313,16,10
13996262510,mqlp_4_1024_1024,78116311,16,10
7866975930,mqlp_4_1024_1024,79234510,32,10
7901213748,mqlp_4_1024_1024,80127918,32,10
7870151322,mqlp_4_1024_1024,79841769,32,10
7940630690,mqlp_4_1024_1024,80678293,32,10
7823437644,mqlp_4_1024_1024,78735919,32,10
4327971188,mqlp_4_1024_1024,81848314,64,10
4341285008,mqlp_4_1024_1024,81776936,64,10
4320884878,mqlp_4_1024_1024,81615546,64,10
4351991686,mqlp_4_1024_1024,82227624,64,10
4300944732,mqlp_4_1024_1024,81083196,64,10
3290945736,mqlp_4_1024_1024,87991206,128,10
3262743712,mqlp_4_1024_1024,89311731,128,10
3264111078,mqlp_4_1024_1024,89558714,128,10
3195584960,mqlp_4_1024_1024,88527107,128,10
3388975698,mqlp_4_1024_1024,95150574,128,10
