20660745214,mqlp_4_256_512,33983052,1,10
20681668358,mqlp_4_256_512,33913032,1,10
20623194136,mqlp_4_256_512,33931871,1,10
14459037166,20604820234,mqlp_4_256_512,33874743,1,10
14127983108,mqlp_4_256_512,41179350,2,10
14147826160,mqlp_4_256_512,41048359,2,10
14197944746,mqlp_4_256_512,41404595,2,10
14193488056,mqlp_4_256_512,41199628,2,10
14091777490,mqlp_4_256_512,40965909,2,10
10101079804,mqlp_4_256_512,54878378,4,10
10053060768,mqlp_4_256_512,54536370,4,10
10061087292,mqlp_4_256_512,54518245,4,10
10088288248,mqlp_4_256_512,54603938,4,10
10283000034,mqlp_4_256_512,55764156,4,10
7442199412,mqlp_4_256_512,75933984,8,10
7482519990,mqlp_4_256_512,76229541,8,10
7462320244,mqlp_4_256_512,76057788,8,10
7667611314,mqlp_4_256_512,77862439,8,10
7459796946,mqlp_4_256_512,75941934,8,10
5899738002,mqlp_4_256_512,104596022,16,10
5487710034,mqlp_4_256_512,98107533,16,10
5566201574,mqlp_4_256_512,99269016,16,10
5952177864,mqlp_4_256_512,105719942,16,10
5482555984,mqlp_4_256_512,98121260,16,10
4309689718,mqlp_4_256_512,116705907,32,10
4420122542,mqlp_4_256_512,119229634,32,10
4178866926,mqlp_4_256_512,113803957,32,10
4193859974,mqlp_4_256_512,114320535,32,10
4247709224,mqlp_4_256_512,115296338,32,10
915617268,mqlp_4_256_512,57283384,64,10
927410734,mqlp_4_256_512,58164999,64,10
922650318,mqlp_4_256_512,57438557,64,10
926467642,mqlp_4_256_512,58401725,64,10
928507528,mqlp_4_256_512,57870652,64,10
820544250,mqlp_4_256_512,69321696,128,10
829303588,mqlp_4_256_512,70125648,128,10
837314692,mqlp_4_256_512,72110435,128,10
836145092,mqlp_4_256_512,69916583,128,10
828339390,mqlp_4_256_512,70059052,128,10
