446885400,pmod_32_12_fifo,34811630,256
662921340,pmod_32_12_fifo,34464170,256
429968600,pmod_32_12_fifo,35602804,256
437578560,pmod_32_12_fifo,34556673,256
455235000,pmod_32_12_fifo,35545141,256
446774260,pmod_32_12_fifo,36668332,256
847076140,pmod_32_14_fifo,37374093,256
452820180,pmod_32_14_fifo,34210531,256
487538500,pmod_32_14_fifo,33937156,256
480853740,pmod_32_14_fifo,38564434,256
675507860,pmod_32_14_fifo,34085497,256
449662740,pmod_32_14_fifo,35395455,256
598731420,pmod_32_16_fifo,34670739,256
591001940,pmod_32_16_fifo,33877947,256
447610420,pmod_32_16_fifo,35984512,256
466962180,pmod_32_16_fifo,36593317,256
561875920,pmod_32_16_fifo,36127042,256
425764020,pmod_32_16_fifo,36432675,256
444544500,pmod_32_18_fifo,36891873,256
764919560,pmod_32_18_fifo,35753090,256
455850220,pmod_32_18_fifo,34984521,256
456933240,pmod_32_18_fifo,38571565,256
430771800,pmod_32_18_fifo,37158961,256
445057160,pmod_32_18_fifo,37822309,256
818609320,pmod_64_12_fifo,55607324,256
767127760,pmod_64_12_fifo,58386958,256
696760880,pmod_64_12_fifo,61802885,256
854878520,pmod_64_12_fifo,62786256,256
842889080,pmod_64_12_fifo,55708528,256
856872140,pmod_64_12_fifo,60682481,256
791955020,pmod_64_14_fifo,57678402,256
717819680,pmod_64_14_fifo,56103953,256
714377960,pmod_64_14_fifo,54227084,256
722684200,pmod_64_14_fifo,53487374,256
686077800,pmod_64_14_fifo,47871414,256
708375020,pmod_64_14_fifo,55744613,256
768345580,pmod_64_16_fifo,57649948,256
680276720,pmod_64_16_fifo,56038725,256
732982480,pmod_64_16_fifo,54006383,256
770710500,pmod_64_16_fifo,59583685,256
687673680,pmod_64_16_fifo,55946207,256
814015240,pmod_64_16_fifo,55429587,256
692149480,pmod_64_18_fifo,51916327,256
732650240,pmod_64_18_fifo,54395245,256
722649960,pmod_64_18_fifo,56418679,256
799731060,pmod_64_18_fifo,57510965,256
703068940,pmod_64_18_fifo,56013296,256
721134880,pmod_64_18_fifo,58634395,256
1532174560,pmod_128_12_fifo,83159968,256
888501640,pmod_128_12_fifo,73163495,256
1467561980,pmod_128_12_fifo,80469128,256
840535860,pmod_128_12_fifo,75792839,256
963020800,pmod_128_12_fifo,88024962,256
1357691820,pmod_128_12_fifo,79889612,256
1012074340,pmod_128_14_fifo,72495435,256
1471029060,pmod_128_14_fifo,82703124,256
768319980,pmod_128_14_fifo,65978528,256
939822820,pmod_128_14_fifo,88844432,256
969226180,pmod_128_14_fifo,80247400,256
1046871200,pmod_128_14_fifo,64914338,256
736683600,pmod_128_16_fifo,74588165,256
1073308200,pmod_128_16_fifo,68479431,256
1414745780,pmod_128_16_fifo,78873460,256
724974940,pmod_128_16_fifo,72834538,256
1550377020,pmod_128_16_fifo,77993690,256
1424267400,pmod_128_16_fifo,72212941,256
1076592300,pmod_128_18_fifo,82003595,256
1663718840,pmod_128_18_fifo,83817454,256
1329429560,pmod_128_18_fifo,79093019,256
863561440,pmod_128_18_fifo,80994035,256
822258880,pmod_128_18_fifo,78355491,256
1376808560,pmod_128_18_fifo,78348325,256
2130052840,pmod_256_12_fifo,80716678,256
1768672320,pmod_256_12_fifo,101938201,256
1108741720,pmod_256_12_fifo,126126118,256
1154288180,pmod_256_12_fifo,101363063,256
1982033980,pmod_256_12_fifo,103097805,256
1504935140,pmod_256_12_fifo,91474422,256
1789116480,pmod_256_14_fifo,69886062,256
2064437880,pmod_256_14_fifo,88187797,256
1886704200,pmod_256_14_fifo,92588523,256
1263163300,pmod_256_14_fifo,112018415,256
1714051480,pmod_256_14_fifo,93526265,256
1119354240,pmod_256_14_fifo,118150649,256
1738454400,pmod_256_16_fifo,94690803,256
1441799040,pmod_256_16_fifo,108778876,256
1525180580,pmod_256_16_fifo,109750613,256
1705661180,pmod_256_16_fifo,81080949,256
1611188920,pmod_256_16_fifo,79869820,256
1784016480,pmod_256_16_fifo,91898403,256
1511816360,pmod_256_18_fifo,83507490,256
1645389960,pmod_256_18_fifo,86800069,256
1791276640,pmod_256_18_fifo,89301688,256
1673646060,pmod_256_18_fifo,86071386,256
1886471280,pmod_256_18_fifo,72429910,256
1954120420,pmod_256_18_fifo,60405203,256
2571191000,pmod_512_12_fifo,132839578,256
3554188440,pmod_512_12_fifo,125332015,256
1987069600,pmod_512_12_fifo,105416793,256
2442143300,pmod_512_12_fifo,105623692,256
2761979880,pmod_512_12_fifo,126862292,256
2474759200,pmod_512_12_fifo,116679783,256
2273410000,pmod_512_14_fifo,99126810,256
2236326120,pmod_512_14_fifo,179059956,256
1733482340,pmod_512_14_fifo,140402468,256
2855373460,pmod_512_14_fifo,104791961,256
2641528520,pmod_512_14_fifo,98450290,256
2659668180,pmod_512_14_fifo,99114013,256
2239818560,pmod_512_16_fifo,111632000,256
2350490100,pmod_512_16_fifo,108058385,256
2691460700,pmod_512_16_fifo,104660499,256
2285443960,pmod_512_16_fifo,86247425,256
2777082600,pmod_512_16_fifo,86940152,256
1989401980,pmod_512_16_fifo,176929214,256
2634539000,pmod_512_18_fifo,112154795,256
1750479120,pmod_512_18_fifo,131023144,256
2275731920,pmod_512_18_fifo,94321240,256
1931800060,pmod_512_18_fifo,141792108,256
1809824700,pmod_512_18_fifo,129093863,256
2051456640,pmod_512_18_fifo,108844047,256
