2620023600,pmod_32_0_fifo,52585479,256
2929942200,pmod_32_0_fifo,52357557,256
3112229760,pmod_32_0_fifo,55304422,256
3099774640,pmod_32_0_fifo,62544268,256
3024385100,pmod_32_0_fifo,65018547,256
2819446920,pmod_32_0_fifo,56767803,256
2204845600,pmod_32_2_fifo,43103024,256
3047108760,pmod_32_2_fifo,56412581,256
2579011980,pmod_32_2_fifo,51183352,256
2852468160,pmod_32_2_fifo,55304551,256
2389735040,pmod_32_2_fifo,49671181,256
2830055400,pmod_32_2_fifo,56014440,256
2532095120,pmod_32_4_fifo,52384788,256
2976726560,pmod_32_4_fifo,55740019,256
2881487620,pmod_32_4_fifo,54283514,256
2882867060,pmod_32_4_fifo,55268102,256
2589117640,pmod_32_4_fifo,53904295,256
2740555000,pmod_32_4_fifo,52051004,256
2304636140,pmod_64_0_fifo,58672779,256
2177891000,pmod_64_0_fifo,52755044,256
2259123760,pmod_64_0_fifo,52381504,256
2277285120,pmod_64_0_fifo,59911118,256
2107127460,pmod_64_0_fifo,51426622,256
2534640980,pmod_64_0_fifo,63561846,256
2464881980,pmod_64_2_fifo,61795473,256
2164668000,pmod_64_2_fifo,55411034,256
2395077500,pmod_64_2_fifo,61977586,256
2147818520,pmod_64_2_fifo,50261202,256
2237559180,pmod_64_2_fifo,58383795,256
2195486440,pmod_64_2_fifo,55027540,256
2169904780,pmod_64_4_fifo,51554152,256
2239089140,pmod_64_4_fifo,57446983,256
2436082980,pmod_64_4_fifo,65011768,256
2302892200,pmod_64_4_fifo,58614634,256
2118613540,pmod_64_4_fifo,49700855,256
2007752740,pmod_64_4_fifo,40807940,256
2665137460,pmod_128_0_fifo,65519699,256
2315824380,pmod_128_0_fifo,51484674,256
2368014300,pmod_128_0_fifo,51124017,256
2682094040,pmod_128_0_fifo,67149507,256
2595522540,pmod_128_0_fifo,66434966,256
2874505520,pmod_128_0_fifo,76349167,256
2661426120,pmod_128_2_fifo,64519218,256
2528043780,pmod_128_2_fifo,59222615,256
2589408580,pmod_128_2_fifo,66635724,256
2466545160,pmod_128_2_fifo,60690080,256
2811078680,pmod_128_2_fifo,73308892,256
2537826440,pmod_128_2_fifo,60630364,256
2739884760,pmod_128_4_fifo,74074887,256
2609557060,pmod_128_4_fifo,70185371,256
2471611160,pmod_128_4_fifo,60613161,256
2582044180,pmod_128_4_fifo,66838311,256
2425101320,pmod_128_4_fifo,61955400,256
2440843360,pmod_128_4_fifo,58708280,256
2859960760,pmod_256_0_fifo,78078226,256
2678226880,pmod_256_0_fifo,71083201,256
2924661100,pmod_256_0_fifo,78268937,256
2749295500,pmod_256_0_fifo,76211689,256
2826120580,pmod_256_0_fifo,77405138,256
2930436620,pmod_256_0_fifo,83524647,256
3098292540,pmod_256_2_fifo,88260755,256
2777336020,pmod_256_2_fifo,74713507,256
2850096540,pmod_256_2_fifo,78902399,256
2792539660,pmod_256_2_fifo,77959723,256
2787561640,pmod_256_2_fifo,74262766,256
2913793360,pmod_256_2_fifo,82163128,256
2829245820,pmod_256_4_fifo,77942554,256
3025163120,pmod_256_4_fifo,85980573,256
2871194700,pmod_256_4_fifo,77818591,256
2909156140,pmod_256_4_fifo,80556527,256
2621235520,pmod_256_4_fifo,71773764,256
2846399280,pmod_256_4_fifo,78154047,256
3149423820,pmod_512_0_fifo,88469601,256
3227283360,pmod_512_0_fifo,90285550,256
3179985240,pmod_512_0_fifo,86286140,256
3050522340,pmod_512_0_fifo,85182623,256
3017418720,pmod_512_0_fifo,84020519,256
3217535320,pmod_512_0_fifo,88267155,256
3075545880,pmod_512_2_fifo,85451474,256
3099290840,pmod_512_2_fifo,85759447,256
3063302460,pmod_512_2_fifo,82936332,256
3072781760,pmod_512_2_fifo,85786968,256
3006052880,pmod_512_2_fifo,84699534,256
2971316460,pmod_512_2_fifo,81714974,256
3175653100,pmod_512_4_fifo,85904748,256
3173852700,pmod_512_4_fifo,86677883,256
3212449920,pmod_512_4_fifo,86307945,256
3184283820,pmod_512_4_fifo,86248184,256
3180125420,pmod_512_4_fifo,85886327,256
3029781940,pmod_512_4_fifo,87410855,256
2821984100,pmod_32_8_fifo,55252664,256
2769105840,pmod_32_8_fifo,54156221,256
2687311200,pmod_32_8_fifo,54687286,256
2855343100,pmod_32_8_fifo,53342576,256
2895837480,pmod_32_8_fifo,55016966,256
2229722380,pmod_64_8_fifo,52922538,256
2348056500,pmod_64_8_fifo,59645291,256
2503701640,pmod_64_8_fifo,64462152,256
2252861000,pmod_64_8_fifo,54861755,256
2200052840,pmod_64_8_fifo,49747525,256
2737996400,pmod_128_8_fifo,73797012,256
2982893420,pmod_128_8_fifo,80897696,256
2331237680,pmod_128_8_fifo,55988278,256
2621292000,pmod_128_8_fifo,62905794,256
2668044420,pmod_128_8_fifo,65009852,256
3113732220,pmod_256_8_fifo,89755709,256
3000773040,pmod_256_8_fifo,84644742,256
2990745020,pmod_256_8_fifo,81044787,256
3009508340,pmod_256_8_fifo,85187805,256
3160096120,pmod_256_8_fifo,89505460,256
3184507780,pmod_512_8_fifo,84946685,256
3168116180,pmod_512_8_fifo,85877305,256
3182070300,pmod_512_8_fifo,88473845,256
3088669800,pmod_512_8_fifo,82933493,256
3164000680,pmod_512_8_fifo,88590005,256
