2381300160,obim_32_0_fifo,39431062,256
2862933620,obim_32_0_fifo,59717679,256
3005590880,obim_32_0_fifo,56115214,256
2979247720,obim_32_0_fifo,53284756,256
2792017780,obim_32_0_fifo,53187516,256
2648729900,obim_32_0_fifo,58707335,256
2927675540,obim_32_2_fifo,47116770,256
4651361880,obim_32_2_fifo,57369111,256
2471254220,obim_32_2_fifo,44984629,256
4002819380,obim_32_2_fifo,71498441,256
2344215920,obim_32_2_fifo,39245461,256
3042165480,obim_32_2_fifo,57818710,256
8828061420,obim_32_4_fifo,86824629,256
10876762640,obim_32_4_fifo,97536365,256
6066863460,obim_32_4_fifo,65556361,256
4022545940,obim_32_4_fifo,64128226,256
4416672680,obim_32_4_fifo,64290567,256
5045922760,obim_32_4_fifo,66270010,256
1976133180,obim_64_0_fifo,44066232,256
2171035020,obim_64_0_fifo,50801447,256
1941479400,obim_64_0_fifo,39808763,256
2288189760,obim_64_0_fifo,55843142,256
2319776060,obim_64_0_fifo,55622249,256
2228474420,obim_64_0_fifo,56861989,256
2842923880,obim_64_2_fifo,70378298,256
2380608580,obim_64_2_fifo,53283058,256
2408595080,obim_64_2_fifo,55004931,256
2104555920,obim_64_2_fifo,47716708,256
2405657280,obim_64_2_fifo,59538731,256
2435162000,obim_64_2_fifo,56365186,256
2621789980,obim_64_4_fifo,46121645,256
2975323220,obim_64_4_fifo,65006671,256
3207791200,obim_64_4_fifo,73857186,256
3528961060,obim_64_4_fifo,74493359,256
3997834000,obim_64_4_fifo,79239867,256
2885797480,obim_64_4_fifo,62702243,256
2593355340,obim_128_0_fifo,66224558,256
2683015040,obim_128_0_fifo,68490451,256
2466110240,obim_128_0_fifo,59772726,256
2627530880,obim_128_0_fifo,68594279,256
2427733660,obim_128_0_fifo,52012320,256
2798212140,obim_128_0_fifo,79416313,256
2842452420,obim_128_2_fifo,74636300,256
2372783600,obim_128_2_fifo,57248473,256
2882681400,obim_128_2_fifo,73437923,256
2839750120,obim_128_2_fifo,74440805,256
2463691800,obim_128_2_fifo,60736632,256
2865838300,obim_128_2_fifo,73623077,256
2766374620,obim_128_4_fifo,71738871,256
2804435340,obim_128_4_fifo,61298524,256
3008679000,obim_128_4_fifo,91711289,256
2891047200,obim_128_4_fifo,80312182,256
2669607520,obim_128_4_fifo,66964954,256
2596052960,obim_128_4_fifo,68167238,256
2939723320,obim_256_0_fifo,80239656,256
2714737940,obim_256_0_fifo,77529645,256
2667445620,obim_256_0_fifo,70043313,256
2726000300,obim_256_0_fifo,73009482,256
2758355800,obim_256_0_fifo,77763845,256
2772481900,obim_256_0_fifo,79816789,256
3048344040,obim_256_2_fifo,82479356,256
2678713440,obim_256_2_fifo,69008589,256
2634982680,obim_256_2_fifo,69430048,256
2853234100,obim_256_2_fifo,77592476,256
3051120600,obim_256_2_fifo,81838464,256
2873673600,obim_256_2_fifo,76755171,256
2516508220,obim_256_4_fifo,60267809,256
2462838740,obim_256_4_fifo,59537972,256
2341225480,obim_256_4_fifo,56565979,256
2522877440,obim_256_4_fifo,63302174,256
2509474680,obim_256_4_fifo,63831994,256
2450934220,obim_256_4_fifo,58297791,256
3137281860,obim_512_0_fifo,85358139,256
3120256760,obim_512_0_fifo,84767765,256
3186596380,obim_512_0_fifo,89941103,256
3180439140,obim_512_0_fifo,84658619,256
3103815540,obim_512_0_fifo,84894037,256
2925223460,obim_512_0_fifo,84510074,256
3089611960,obim_512_2_fifo,80650574,256
3200754380,obim_512_2_fifo,83315790,256
3013761860,obim_512_2_fifo,77097956,256
3429991020,obim_512_2_fifo,88654936,256
3215270560,obim_512_2_fifo,84914524,256
2968148380,obim_512_2_fifo,76728958,256
2830421960,obim_512_4_fifo,79475045,256
2669928780,obim_512_4_fifo,65155196,256
2831054300,obim_512_4_fifo,69822797,256
2604232000,obim_512_4_fifo,63125868,256
2843355660,obim_512_4_fifo,80901725,256
2606879920,obim_512_4_fifo,59863857,256
