1076025180,pmod_32_0_fifo,33017227,256
1083809200,pmod_32_0_fifo,32876661,256
1094974260,pmod_32_0_fifo,33217713,256
1077710420,pmod_32_0_fifo,33133360,256
1078335520,pmod_32_0_fifo,33183289,256
1096006000,pmod_32_0_fifo,32816200,256
1078428020,pmod_32_2_fifo,32941579,256
1092919480,pmod_32_2_fifo,33036630,256
1097115660,pmod_32_2_fifo,33099030,256
1077228000,pmod_32_2_fifo,33048703,256
1120704760,pmod_32_2_fifo,33204300,256
1101665920,pmod_32_2_fifo,33071913,256
1114984680,pmod_32_4_fifo,32783908,256
1092804640,pmod_32_4_fifo,32583615,256
1085869520,pmod_32_4_fifo,33205338,256
1134921740,pmod_32_4_fifo,32827916,256
1097177620,pmod_32_4_fifo,32735238,256
1108486240,pmod_32_4_fifo,32746827,256
374418820,pmod_64_0_fifo,61290493,256
381283520,pmod_64_0_fifo,60461602,256
375590260,pmod_64_0_fifo,61283517,256
384945200,pmod_64_0_fifo,60323892,256
374223560,pmod_64_0_fifo,59146497,256
376276920,pmod_64_0_fifo,59931621,256
376010140,pmod_64_2_fifo,61115449,256
383276560,pmod_64_2_fifo,59429949,256
370429140,pmod_64_2_fifo,59637821,256
381363020,pmod_64_2_fifo,60905765,256
380063540,pmod_64_2_fifo,60370636,256
364985540,pmod_64_2_fifo,60235873,256
373588460,pmod_64_4_fifo,59488368,256
377256560,pmod_64_4_fifo,60353255,256
379160460,pmod_64_4_fifo,59560820,256
382589860,pmod_64_4_fifo,60899025,256
375395500,pmod_64_4_fifo,58828872,256
370111260,pmod_64_4_fifo,59153314,256
480803900,pmod_128_0_fifo,108504787,256
454718740,pmod_128_0_fifo,106966669,256
458920880,pmod_128_0_fifo,107331029,256
461779120,pmod_128_0_fifo,107115777,256
466108600,pmod_128_0_fifo,108686523,256
465086180,pmod_128_0_fifo,107672969,256
456873380,pmod_128_2_fifo,107299083,256
461940740,pmod_128_2_fifo,106817184,256
473156140,pmod_128_2_fifo,108383298,256
475772040,pmod_128_2_fifo,110108440,256
471806400,pmod_128_2_fifo,107659433,256
459584000,pmod_128_2_fifo,106337101,256
569098860,pmod_128_4_fifo,106327189,256
461544380,pmod_128_4_fifo,106145428,256
472948260,pmod_128_4_fifo,110015632,256
466757080,pmod_128_4_fifo,107217426,256
468073120,pmod_128_4_fifo,108862727,256
475236220,pmod_128_4_fifo,108054562,256
802626440,pmod_256_0_fifo,171517625,256
731773940,pmod_256_0_fifo,177885261,256
722683260,pmod_256_0_fifo,168800662,256
735350360,pmod_256_0_fifo,172948649,256
747406180,pmod_256_0_fifo,171044464,256
730234840,pmod_256_0_fifo,164705397,256
711138080,pmod_256_2_fifo,172648128,256
731810100,pmod_256_2_fifo,172127309,256
703940280,pmod_256_2_fifo,171739459,256
726432760,pmod_256_2_fifo,170320584,256
716913460,pmod_256_2_fifo,177861323,256
834818800,pmod_256_2_fifo,174961386,256
714704660,pmod_256_4_fifo,170584342,256
731584020,pmod_256_4_fifo,174967708,256
752866140,pmod_256_4_fifo,176716827,256
790448980,pmod_256_4_fifo,169417711,256
754047320,pmod_256_4_fifo,173226048,256
707472440,pmod_256_4_fifo,169460964,256
1451685900,pmod_512_0_fifo,280930669,256
1437977340,pmod_512_0_fifo,281884558,256
1457275100,pmod_512_0_fifo,274585426,256
1399746400,pmod_512_0_fifo,273252313,256
1450824840,pmod_512_0_fifo,285315685,256
1401395200,pmod_512_0_fifo,282565778,256
1474797520,pmod_512_2_fifo,293512513,256
1580132380,pmod_512_2_fifo,273400317,256
1449319520,pmod_512_2_fifo,285499630,256
1483934960,pmod_512_2_fifo,283686323,256
1415337240,pmod_512_2_fifo,274421372,256
1379786440,pmod_512_2_fifo,274260463,256
1472028160,pmod_512_4_fifo,275890977,256
1451850960,pmod_512_4_fifo,286475003,256
1392326860,pmod_512_4_fifo,273870144,256
1260381800,pmod_512_4_fifo,258318828,256
1443422720,pmod_512_4_fifo,266947396,256
1441703920,pmod_512_4_fifo,279668632,256
