268592060,pmod_32_0_fifo,11058507,256
249304260,pmod_32_0_fifo,11341480,256
234404040,pmod_32_0_fifo,11276824,256
238717540,pmod_32_0_fifo,10859693,256
276508540,pmod_32_0_fifo,10995316,256
237659540,pmod_32_0_fifo,11338100,256
225716700,pmod_32_2_fifo,11195349,256
244890620,pmod_32_2_fifo,10952637,256
258605880,pmod_32_2_fifo,10801867,256
237052220,pmod_32_2_fifo,11426531,256
256743560,pmod_32_2_fifo,11156277,256
259034280,pmod_32_2_fifo,11551068,256
231539380,pmod_32_4_fifo,11191382,256
261738840,pmod_32_4_fifo,11022815,256
259472540,pmod_32_4_fifo,11393210,256
240150060,pmod_32_4_fifo,11307086,256
241874420,pmod_32_4_fifo,11161397,256
274865240,pmod_32_4_fifo,11082310,256
158054240,pmod_64_0_fifo,23590342,256
158968760,pmod_64_0_fifo,23989455,256
190327420,pmod_64_0_fifo,23134001,256
154760160,pmod_64_0_fifo,23677161,256
160881920,pmod_64_0_fifo,23715117,256
160151220,pmod_64_0_fifo,23616401,256
159142680,pmod_64_2_fifo,24358126,256
155819300,pmod_64_2_fifo,24074333,256
154343960,pmod_64_2_fifo,24215622,256
157952660,pmod_64_2_fifo,23815273,256
189242380,pmod_64_2_fifo,24217557,256
154736620,pmod_64_2_fifo,24614362,256
177077580,pmod_64_4_fifo,23656991,256
157131280,pmod_64_4_fifo,23228669,256
163166760,pmod_64_4_fifo,23402953,256
168340240,pmod_64_4_fifo,23060509,256
165525700,pmod_64_4_fifo,23745051,256
179209820,pmod_64_4_fifo,23602007,256
223489200,pmod_128_0_fifo,35124688,256
216639840,pmod_128_0_fifo,32019335,256
223263120,pmod_128_0_fifo,34574526,256
218143980,pmod_128_0_fifo,33917993,256
216949720,pmod_128_0_fifo,33197369,256
217944120,pmod_128_0_fifo,32695728,256
231241700,pmod_128_2_fifo,34225523,256
213542980,pmod_128_2_fifo,34171396,256
220738840,pmod_128_2_fifo,32998886,256
220105100,pmod_128_2_fifo,33167213,256
217369180,pmod_128_2_fifo,33490799,256
220162140,pmod_128_2_fifo,33603741,256
233678680,pmod_128_4_fifo,34992627,256
221289960,pmod_128_4_fifo,33918625,256
213577720,pmod_128_4_fifo,34083717,256
222378500,pmod_128_4_fifo,34708271,256
224475760,pmod_128_4_fifo,33795983,256
217323540,pmod_128_4_fifo,34138094,256
318975620,pmod_256_0_fifo,42745420,256
345162160,pmod_256_0_fifo,44861415,256
354092240,pmod_256_0_fifo,48282928,256
337314600,pmod_256_0_fifo,48191517,256
312613560,pmod_256_0_fifo,43093037,256
400836140,pmod_256_0_fifo,46999540,256
376872420,pmod_256_2_fifo,47480607,256
318642760,pmod_256_2_fifo,44894947,256
325394320,pmod_256_2_fifo,48816154,256
395354960,pmod_256_2_fifo,49628567,256
340758260,pmod_256_2_fifo,46662397,256
339589300,pmod_256_2_fifo,44866743,256
338331320,pmod_256_4_fifo,43338132,256
411136960,pmod_256_4_fifo,45332311,256
387019260,pmod_256_4_fifo,48135597,256
369956640,pmod_256_4_fifo,46355237,256
370538700,pmod_256_4_fifo,43662877,256
354706400,pmod_256_4_fifo,47270904,256
776888180,pmod_512_0_fifo,35631483,256
747290700,pmod_512_0_fifo,38463186,256
765609560,pmod_512_0_fifo,36920151,256
752461740,pmod_512_0_fifo,31567656,256
728791160,pmod_512_0_fifo,37392227,256
718809660,pmod_512_0_fifo,38443833,256
752523360,pmod_512_2_fifo,36347547,256
759588860,pmod_512_2_fifo,34882905,256
749869080,pmod_512_2_fifo,36983261,256
754503120,pmod_512_2_fifo,39570575,256
741936780,pmod_512_2_fifo,36258262,256
755466080,pmod_512_2_fifo,35542628,256
758249260,pmod_512_4_fifo,36058389,256
765154960,pmod_512_4_fifo,39099404,256
743169800,pmod_512_4_fifo,36336266,256
729634880,pmod_512_4_fifo,35884896,256
752860200,pmod_512_4_fifo,39601193,256
717619640,pmod_512_4_fifo,34765345,256
216811360,pmod_32_8_fifo,11257948,256
222808340,pmod_32_8_fifo,11239907,256
219840660,pmod_32_8_fifo,11382785,256
227802060,pmod_32_8_fifo,10802027,256
239142540,pmod_32_8_fifo,10756948,256
161496260,pmod_64_8_fifo,25503968,256
174632320,pmod_64_8_fifo,23353641,256
157856880,pmod_64_8_fifo,24152429,256
155428980,pmod_64_8_fifo,23346198,256
150762140,pmod_64_8_fifo,23727699,256
219862980,pmod_128_8_fifo,35692478,256
216528500,pmod_128_8_fifo,37549963,256
213043600,pmod_128_8_fifo,32502257,256
211446460,pmod_128_8_fifo,32984018,256
222532920,pmod_128_8_fifo,33281063,256
351035840,pmod_256_8_fifo,46286448,256
359425180,pmod_256_8_fifo,45683063,256
374867160,pmod_256_8_fifo,46630728,256
336854540,pmod_256_8_fifo,44982664,256
380734040,pmod_256_8_fifo,48420873,256
772480440,pmod_512_8_fifo,33432766,256
759149340,pmod_512_8_fifo,32955466,256
751531120,pmod_512_8_fifo,38491540,256
745054360,pmod_512_8_fifo,37173523,256
755307720,pmod_512_8_fifo,36092278,256
