944511900,obim_32_0_fifo,6382639,256
859768240,obim_32_0_fifo,6431811,256
1364664960,obim_32_0_fifo,6304207,256
943531420,obim_32_0_fifo,6436714,256
923732680,obim_32_0_fifo,6356446,256
724579380,obim_32_0_fifo,6341891,256
219871640,obim_32_2_fifo,10968728,256
224057680,obim_32_2_fifo,10951725,256
228256360,obim_32_2_fifo,11034791,256
250922540,obim_32_2_fifo,10882928,256
229762780,obim_32_2_fifo,10692119,256
234128500,obim_32_2_fifo,10962821,256
394204020,obim_32_4_fifo,16420258,256
389722000,obim_32_4_fifo,16680947,256
404497580,obim_32_4_fifo,16465063,256
405274540,obim_32_4_fifo,16681376,256
396760100,obim_32_4_fifo,16521946,256
391957360,obim_32_4_fifo,17109630,256
997524260,obim_64_0_fifo,6978705,256
1235123820,obim_64_0_fifo,6324068,256
1161207080,obim_64_0_fifo,6271378,256
1085131880,obim_64_0_fifo,6428472,256
1228045300,obim_64_0_fifo,6290031,256
1176589600,obim_64_0_fifo,6268384,256
178587860,obim_64_2_fifo,19574355,256
167037480,obim_64_2_fifo,20452346,256
157109980,obim_64_2_fifo,19864347,256
164095600,obim_64_2_fifo,19477945,256
163651020,obim_64_2_fifo,19240461,256
168903500,obim_64_2_fifo,20460848,256
176910360,obim_64_4_fifo,26506532,256
179635640,obim_64_4_fifo,25797927,256
180120740,obim_64_4_fifo,26113984,256
160331860,obim_64_4_fifo,26847092,256
170466840,obim_64_4_fifo,26867817,256
183771540,obim_64_4_fifo,26697374,256
645792400,obim_128_0_fifo,7936178,256
845251680,obim_128_0_fifo,7670017,256
622079340,obim_128_0_fifo,8089836,256
666469360,obim_128_0_fifo,7171419,256
634541040,obim_128_0_fifo,9346351,256
706356640,obim_128_0_fifo,8068482,256
221949300,obim_128_2_fifo,30848581,256
230296320,obim_128_2_fifo,31324293,256
217380980,obim_128_2_fifo,32186660,256
231235220,obim_128_2_fifo,29477264,256
225453360,obim_128_2_fifo,29129493,256
219347680,obim_128_2_fifo,28048198,256
198935260,obim_128_4_fifo,36186804,256
210154360,obim_128_4_fifo,35252887,256
210708300,obim_128_4_fifo,35471191,256
217437460,obim_128_4_fifo,35248124,256
197636900,obim_128_4_fifo,37284619,256
194175180,obim_128_4_fifo,35945897,256
645073620,obim_256_0_fifo,16097102,256
702693860,obim_256_0_fifo,14101607,256
737278320,obim_256_0_fifo,12654028,256
702706920,obim_256_0_fifo,15981000,256
782331240,obim_256_0_fifo,13681255,256
622077940,obim_256_0_fifo,17237585,256
357828300,obim_256_2_fifo,42810502,256
359894020,obim_256_2_fifo,42489450,256
376899460,obim_256_2_fifo,43220112,256
327175260,obim_256_2_fifo,41516457,256
379424160,obim_256_2_fifo,40715886,256
310917340,obim_256_2_fifo,39198107,256
350654480,obim_256_4_fifo,46940962,256
356057860,obim_256_4_fifo,49145423,256
292510180,obim_256_4_fifo,46840885,256
273999720,obim_256_4_fifo,44710317,256
293573220,obim_256_4_fifo,43405771,256
321642800,obim_256_4_fifo,46804353,256
989089140,obim_512_0_fifo,21297598,256
972035320,obim_512_0_fifo,21671939,256
979100740,obim_512_0_fifo,19251545,256
1191059920,obim_512_0_fifo,18209050,256
1387647460,obim_512_0_fifo,20148159,256
1166093020,obim_512_0_fifo,20853026,256
554947140,obim_512_2_fifo,34619649,256
570552260,obim_512_2_fifo,32558615,256
734878520,obim_512_2_fifo,22618577,256
549881300,obim_512_2_fifo,29544568,256
641126800,obim_512_2_fifo,33811946,256
627529340,obim_512_2_fifo,33456241,256
496150500,obim_512_4_fifo,36130949,256
504292420,obim_512_4_fifo,34083944,256
499180160,obim_512_4_fifo,33837303,256
485579980,obim_512_4_fifo,33836485,256
494541320,obim_512_4_fifo,36669095,256
505929620,obim_512_4_fifo,35538941,256
1170808080,obim_32_8_fifo,24320755,256
1043789940,obim_32_8_fifo,21223477,256
1196806660,obim_32_8_fifo,25093059,256
1142245480,obim_32_8_fifo,24114370,256
1163271240,obim_32_8_fifo,24693814,256
835986320,obim_64_8_fifo,29778326,256
794571820,obim_64_8_fifo,26743236,256
897858640,obim_64_8_fifo,29129708,256
786289740,obim_64_8_fifo,26645121,256
808901500,obim_64_8_fifo,32939384,256
477563280,obim_128_8_fifo,45957484,256
440015720,obim_128_8_fifo,45825188,256
414765000,obim_128_8_fifo,45508233,256
433449960,obim_128_8_fifo,47615056,256
444545580,obim_128_8_fifo,42184367,256
316942680,obim_256_8_fifo,45201872,256
313474160,obim_256_8_fifo,47340457,256
306820520,obim_256_8_fifo,46297382,256
331745360,obim_256_8_fifo,47030544,256
300997920,obim_256_8_fifo,43997896,256
542973060,obim_512_8_fifo,37478546,256
565574700,obim_512_8_fifo,42388942,256
467975820,obim_512_8_fifo,34103431,256
596222140,obim_512_8_fifo,39030312,256
454097160,obim_512_8_fifo,39048921,256
