1240578020,pmod_32_0_fifo,12623480,256,0
1206699280,pmod_32_0_fifo,12614749,256,0
1260112660,pmod_32_0_fifo,12627833,256,0
1491290900,pmod_32_0_fifo,12635282,256,0
1227844540,pmod_32_0_fifo,12627613,256,0
1194899960,pmod_32_0_fifo,12614634,256,0
1199651620,pmod_32_2_fifo,12611980,256,0
1192609220,pmod_32_2_fifo,12629719,256,0
1210351320,pmod_32_2_fifo,12617811,256,0
1188151640,pmod_32_2_fifo,12617909,256,0
1189503540,pmod_32_2_fifo,12614529,256,0
1186693960,pmod_32_2_fifo,12618183,256,0
1164475580,pmod_32_4_fifo,12626865,256,0
1156416400,pmod_32_4_fifo,12613743,256,0
1170888800,pmod_32_4_fifo,12629537,256,0
1172341020,pmod_32_4_fifo,12631720,256,0
1172465880,pmod_32_4_fifo,12609952,256,0
1177592120,pmod_32_4_fifo,12621086,256,0
1172689820,pmod_32_8_fifo,12616922,256,0
1169884440,pmod_32_8_fifo,12613801,256,0
1159417340,pmod_32_8_fifo,12614525,256,0
1153675840,pmod_32_8_fifo,12617748,256,0
1158113520,pmod_32_8_fifo,12617964,256,0
1155874440,pmod_32_8_fifo,12620061,256,0
1157537560,pmod_64_0_fifo,12602940,256,0
1120821620,pmod_64_0_fifo,12610713,256,0
1117820460,pmod_64_0_fifo,12610025,256,0
1133090220,pmod_64_0_fifo,12607777,256,0
1125861620,pmod_64_0_fifo,12606929,256,0
1120521840,pmod_64_0_fifo,12615101,256,0
1122413940,pmod_64_2_fifo,12609928,256,0
1122419340,pmod_64_2_fifo,12604161,256,0
1141267080,pmod_64_2_fifo,12604581,256,0
1113867300,pmod_64_2_fifo,12609899,256,0
1121052600,pmod_64_2_fifo,12610268,256,0
1121659500,pmod_64_2_fifo,12607200,256,0
1142832280,pmod_64_4_fifo,12615064,256,0
1151574800,pmod_64_4_fifo,12603095,256,0
1123518540,pmod_64_4_fifo,12615214,256,0
1136286980,pmod_64_4_fifo,12610863,256,0
1145650540,pmod_64_4_fifo,12606988,256,0
1120420740,pmod_64_4_fifo,12609609,256,0
1117565860,pmod_64_8_fifo,12615209,256,0
1111653620,pmod_64_8_fifo,12604672,256,0
1116971760,pmod_64_8_fifo,12615650,256,0
1115366280,pmod_64_8_fifo,12607108,256,0
1111831160,pmod_64_8_fifo,12602654,256,0
1124965580,pmod_64_8_fifo,12606632,256,0
1105886820,pmod_128_0_fifo,12600673,256,0
1094884020,pmod_128_0_fifo,12597176,256,0
1107380840,pmod_128_0_fifo,12596965,256,0
1365288680,pmod_128_0_fifo,12609766,256,0
1106988980,pmod_128_0_fifo,12595431,256,0
1099974760,pmod_128_0_fifo,12596692,256,0
1088048100,pmod_128_2_fifo,12596038,256,0
1094894720,pmod_128_2_fifo,12605239,256,0
1105008200,pmod_128_2_fifo,12597683,256,0
1098757400,pmod_128_2_fifo,12595370,256,0
1113108120,pmod_128_2_fifo,12597211,256,0
1107433260,pmod_128_2_fifo,12600833,256,0
1136636400,pmod_128_4_fifo,12593898,256,0
1168826340,pmod_128_4_fifo,12595950,256,0
1125403100,pmod_128_4_fifo,12596771,256,0
1150361920,pmod_128_4_fifo,12598267,256,0
1159632040,pmod_128_4_fifo,12595015,256,0
1214355000,pmod_128_4_fifo,12599234,256,0
1166293600,pmod_128_8_fifo,12594924,256,0
1195787940,pmod_128_8_fifo,12596987,256,0
1147586880,pmod_128_8_fifo,12592737,256,0
1186096680,pmod_128_8_fifo,12597508,256,0
1138787280,pmod_128_8_fifo,12594220,256,0
1190911700,pmod_128_8_fifo,12596697,256,0
1126436140,pmod_256_0_fifo,12588950,256,0
1129046140,pmod_256_0_fifo,12589715,256,0
1116528400,pmod_256_0_fifo,12587908,256,0
1114700960,pmod_256_0_fifo,12592593,256,0
1121553880,pmod_256_0_fifo,12587688,256,0
1133208200,pmod_256_0_fifo,12589194,256,0
1113931260,pmod_256_2_fifo,12589399,256,0
1105758180,pmod_256_2_fifo,12585835,256,0
1108190620,pmod_256_2_fifo,12589485,256,0
1117568020,pmod_256_2_fifo,12588005,256,0
1105006080,pmod_256_2_fifo,12587697,256,0
1111986200,pmod_256_2_fifo,12588246,256,0
1108529180,pmod_256_4_fifo,12589369,256,0
1102709280,pmod_256_4_fifo,12588549,256,0
1120939600,pmod_256_4_fifo,12591751,256,0
1105111120,pmod_256_4_fifo,12589577,256,0
1317531400,pmod_256_4_fifo,12606708,256,0
1099434860,pmod_256_4_fifo,12585563,256,0
1326937640,pmod_256_8_fifo,12603470,256,0
1093833040,pmod_256_8_fifo,12588725,256,0
1099202400,pmod_256_8_fifo,12587650,256,0
1101477080,pmod_256_8_fifo,12588655,256,0
1121504740,pmod_256_8_fifo,12590822,256,0
1100578520,pmod_256_8_fifo,12587786,256,0
1151405800,pmod_512_0_fifo,12585241,256,0
1137242940,pmod_512_0_fifo,12585091,256,0
1156753860,pmod_512_0_fifo,12586042,256,0
1124815780,pmod_512_0_fifo,12583593,256,0
1155041760,pmod_512_0_fifo,12584767,256,0
1152184980,pmod_512_0_fifo,12586075,256,0
1161241960,pmod_512_2_fifo,12585116,256,0
1142005660,pmod_512_2_fifo,12585806,256,0
1146776820,pmod_512_2_fifo,12584943,256,0
1148969540,pmod_512_2_fifo,12590560,256,0
1145855600,pmod_512_2_fifo,12588762,256,0
1136989880,pmod_512_2_fifo,12587845,256,0
1133936160,pmod_512_4_fifo,12586865,256,0
1116862260,pmod_512_4_fifo,12588894,256,0
1130782100,pmod_512_4_fifo,12585938,256,0
1122738360,pmod_512_4_fifo,12586208,256,0
1128292840,pmod_512_4_fifo,12586430,256,0
1109176340,pmod_512_4_fifo,12588970,256,0
1150871140,pmod_512_8_fifo,12582468,256,0
1485316200,pmod_512_8_fifo,12595515,256,0
1120398760,pmod_512_8_fifo,12586241,256,0
1111796380,pmod_512_8_fifo,12586293,256,0
1142222440,pmod_512_8_fifo,12583845,256,0
1117152040,pmod_512_8_fifo,12584508,256,0
