2563240560,obim_32_0_fifo,79799797,256,10
2633854700,obim_32_0_fifo,83033221,256,10
2535382120,obim_32_0_fifo,79744361,256,10
2547232500,obim_32_0_fifo,79855736,256,10
2772229160,obim_32_0_fifo,81543522,256,10
2545539520,obim_32_0_fifo,79857961,256,10
2486886220,obim_32_2_fifo,77977060,256,10
2275963200,obim_32_2_fifo,81748499,256,10
2363303440,obim_32_2_fifo,78405660,256,10
2163923520,obim_32_2_fifo,78660275,256,10
2121954780,obim_32_2_fifo,78450924,256,10
2135248040,obim_32_2_fifo,78518147,256,10
2112096600,obim_32_4_fifo,78516033,256,10
2099787640,obim_32_4_fifo,78096254,256,10
2022384420,obim_32_4_fifo,78227961,256,10
2073776400,obim_32_4_fifo,78213850,256,10
2068211540,obim_32_4_fifo,78494109,256,10
2499553240,obim_32_4_fifo,78272279,256,10
1811633080,obim_64_0_fifo,79995582,256,10
1860318300,obim_64_0_fifo,80385437,256,10
1816517080,obim_64_0_fifo,80104990,256,10
1805210860,obim_64_0_fifo,78425743,256,10
1775929480,obim_64_0_fifo,79714544,256,10
1820146100,obim_64_0_fifo,82729414,256,10
1451453840,obim_64_2_fifo,77981982,256,10
1475934260,obim_64_2_fifo,78360633,256,10
1457351760,obim_64_2_fifo,78547591,256,10
1431909440,obim_64_2_fifo,76904573,256,10
1431054040,obim_64_2_fifo,77065875,256,10
1462609800,obim_64_2_fifo,77779444,256,10
1366322100,obim_64_4_fifo,78979666,256,10
1275871000,obim_64_4_fifo,79529357,256,10
1463502820,obim_64_4_fifo,79258705,256,10
1472850300,obim_64_4_fifo,79526763,256,10
1298810640,obim_64_4_fifo,78951063,256,10
1307322820,obim_64_4_fifo,79048420,256,10
1581064500,obim_128_0_fifo,83634510,256,10
1660985300,obim_128_0_fifo,81437441,256,10
1558577100,obim_128_0_fifo,77707984,256,10
1555643420,obim_128_0_fifo,78916243,256,10
1621704000,obim_128_0_fifo,84675824,256,10
1577876800,obim_128_0_fifo,79159129,256,10
1329168540,obim_128_2_fifo,79519352,256,10
1293524960,obim_128_2_fifo,78478449,256,10
1293990040,obim_128_2_fifo,77835814,256,10
1295521320,obim_128_2_fifo,77743768,256,10
1295101940,obim_128_2_fifo,77433328,256,10
1302364920,obim_128_2_fifo,78779493,256,10
1144106940,obim_128_4_fifo,80148091,256,10
1152427620,obim_128_4_fifo,80260363,256,10
1148495940,obim_128_4_fifo,80591349,256,10
1160245260,obim_128_4_fifo,81531844,256,10
1182154520,obim_128_4_fifo,81295802,256,10
1152669120,obim_128_4_fifo,80487027,256,10
1774254760,obim_256_0_fifo,87516442,256,10
1772049460,obim_256_0_fifo,84673388,256,10
1655098820,obim_256_0_fifo,79948447,256,10
1691271120,obim_256_0_fifo,84076069,256,10
1751265360,obim_256_0_fifo,78993676,256,10
1799169080,obim_256_0_fifo,78052619,256,10
1295508160,obim_256_2_fifo,77917377,256,10
1256326460,obim_256_2_fifo,78336566,256,10
1310255560,obim_256_2_fifo,78792960,256,10
1298492380,obim_256_2_fifo,78361214,256,10
1310611000,obim_256_2_fifo,79213619,256,10
1290346960,obim_256_2_fifo,79236986,256,10
1208287800,obim_256_4_fifo,84065790,256,10
1174909500,obim_256_4_fifo,82530910,256,10
1179997820,obim_256_4_fifo,82101851,256,10
1165710820,obim_256_4_fifo,82448548,256,10
1181094560,obim_256_4_fifo,82918274,256,10
1174749100,obim_256_4_fifo,82808083,256,10
2091090280,obim_512_0_fifo,85763298,256,10
2116076920,obim_512_0_fifo,84255524,256,10
2475409420,obim_512_0_fifo,84531005,256,10
2415113540,obim_512_0_fifo,88265849,256,10
2006411700,obim_512_0_fifo,85024249,256,10
2378589840,obim_512_0_fifo,96545644,256,10
1282190680,obim_512_2_fifo,80768810,256,10
1333589700,obim_512_2_fifo,80458170,256,10
1350832840,obim_512_2_fifo,80657942,256,10
1343261080,obim_512_2_fifo,79828985,256,10
1349126960,obim_512_2_fifo,80260767,256,10
1329841820,obim_512_2_fifo,79809119,256,10
1193816280,obim_512_4_fifo,83678412,256,10
1204387540,obim_512_4_fifo,86226162,256,10
1209554200,obim_512_4_fifo,84583212,256,10
1211530160,obim_512_4_fifo,85582496,256,10
1229156480,obim_512_4_fifo,85624086,256,10
1241238960,obim_512_4_fifo,86902722,256,10
5506839200,obim_32_8_fifo,143021474,256,0
5984579640,obim_32_8_fifo,138970857,256,0
5149932380,obim_32_8_fifo,143957535,256,0
6213760320,obim_32_8_fifo,159878686,256,0
7534907520,obim_32_8_fifo,157521210,256,0
3739440300,obim_64_8_fifo,169532455,256,0
3028340500,obim_64_8_fifo,139801250,256,0
3232271320,obim_64_8_fifo,147584235,256,0
3598418480,obim_64_8_fifo,165912335,256,0
3558152120,obim_64_8_fifo,154401074,256,0
2100848560,obim_128_8_fifo,162679776,256,0
2036990960,obim_128_8_fifo,174676149,256,0
1944226080,obim_128_8_fifo,155993523,256,0
1697745640,obim_128_8_fifo,151640641,256,0
2170189260,obim_128_8_fifo,169123007,256,0
1984468700,obim_256_8_fifo,217803149,256,0
1795770960,obim_256_8_fifo,189607779,256,0
1782044000,obim_256_8_fifo,185447485,256,0
1834729020,obim_256_8_fifo,189030846,256,0
1911489260,obim_256_8_fifo,204235802,256,0
2014264980,obim_512_8_fifo,223903516,256,0
2193357960,obim_512_8_fifo,235185204,256,0
2106965640,obim_512_8_fifo,229872713,256,0
2111305660,obim_512_8_fifo,236952771,256,0
2040108820,obim_512_8_fifo,216968732,256,0
