1351779100,obim_32_12_fifo,38977516,256,10
1322953960,obim_32_12_fifo,40369573,256,10
1343946180,obim_32_12_fifo,39675102,256,10
1371287380,obim_32_12_fifo,40114482,256,10
1235953380,obim_32_12_fifo,43483803,256,10
1333798340,obim_32_12_fifo,44783123,256,10
975729940,obim_32_14_fifo,75432747,256,10
975238620,obim_32_14_fifo,76958325,256,10
993651100,obim_32_14_fifo,75810137,256,10
972944860,obim_32_14_fifo,76292451,256,10
986731140,obim_32_14_fifo,75823835,256,10
974823600,obim_32_14_fifo,76268600,256,10
2949266020,obim_32_16_fifo,98942636,256,10
2899664040,obim_32_16_fifo,97846857,256,10
2975652180,obim_32_16_fifo,99925543,256,10
3015570400,obim_32_16_fifo,99583586,256,10
2948390700,obim_32_16_fifo,98795381,256,10
2919373860,obim_32_16_fifo,97783591,256,10
5433768080,obim_32_18_fifo,129195425,256,10
5476424100,obim_32_18_fifo,130705183,256,10
5363553000,obim_32_18_fifo,128245682,256,10
5497292780,obim_32_18_fifo,131064007,256,10
5558039760,obim_32_18_fifo,131654321,256,10
5415035660,obim_32_18_fifo,129338297,256,10
1649377640,obim_64_12_fifo,78071996,256,10
1644193860,obim_64_12_fifo,66482346,256,10
1713936800,obim_64_12_fifo,73860758,256,10
1531580440,obim_64_12_fifo,72205612,256,10
1651336560,obim_64_12_fifo,72733194,256,10
1556200260,obim_64_12_fifo,73066363,256,10
661988740,obim_64_14_fifo,139936756,256,10
654053220,obim_64_14_fifo,137652256,256,10
759216000,obim_64_14_fifo,134432126,256,10
646526500,obim_64_14_fifo,137530151,256,10
667704700,obim_64_14_fifo,136628381,256,10
657508920,obim_64_14_fifo,136787474,256,10
1343286520,obim_64_16_fifo,155689664,256,10
1316129880,obim_64_16_fifo,155120548,256,10
1346006780,obim_64_16_fifo,155053441,256,10
1384901860,obim_64_16_fifo,157195239,256,10
1306307640,obim_64_16_fifo,155266086,256,10
1323180360,obim_64_16_fifo,153919103,256,10
3522543180,obim_64_18_fifo,178504262,256,10
3536225180,obim_64_18_fifo,178625502,256,10
3535313600,obim_64_18_fifo,178301298,256,10
3572320440,obim_64_18_fifo,175737979,256,10
3478815620,obim_64_18_fifo,177674948,256,10
3469775080,obim_64_18_fifo,172605113,256,10
3930736940,obim_128_12_fifo,115554034,256,10
3283561600,obim_128_12_fifo,114675093,256,10
2238637200,obim_128_12_fifo,118931456,256,10
2148812980,obim_128_12_fifo,114711161,256,10
2555947740,obim_128_12_fifo,119252951,256,10
2425628500,obim_128_12_fifo,118444073,256,10
876388700,obim_128_14_fifo,199609045,256,10
902199940,obim_128_14_fifo,199442503,256,10
936726180,obim_128_14_fifo,214544732,256,10
900152900,obim_128_14_fifo,181944363,256,10
893517200,obim_128_14_fifo,202636318,256,10
881873920,obim_128_14_fifo,203697480,256,10
899136300,obim_128_16_fifo,245596452,256,10
928755420,obim_128_16_fifo,252469440,256,10
921312140,obim_128_16_fifo,252045813,256,10
915675720,obim_128_16_fifo,250753404,256,10
901792040,obim_128_16_fifo,247938715,256,10
903732520,obim_128_16_fifo,250218695,256,10
2189633840,obim_128_18_fifo,276644048,256,10
2158345640,obim_128_18_fifo,281864208,256,10
2185331340,obim_128_18_fifo,278176116,256,10
2211196680,obim_128_18_fifo,278102467,256,10
2260280360,obim_128_18_fifo,279865387,256,10
2172894440,obim_128_18_fifo,275741448,256,10
4171652400,obim_256_12_fifo,132623570,256,10
5686325300,obim_256_12_fifo,128078617,256,10
7732101540,obim_256_12_fifo,124601863,256,10
4525317800,obim_256_12_fifo,109071229,256,10
4720929180,obim_256_12_fifo,131307797,256,10
4475344140,obim_256_12_fifo,107052022,256,10
1445801400,obim_256_14_fifo,267754024,256,10
1408850080,obim_256_14_fifo,264176949,256,10
1435207800,obim_256_14_fifo,272895683,256,10
1350396160,obim_256_14_fifo,253409293,256,10
1580370500,obim_256_14_fifo,285205960,256,10
1508898400,obim_256_14_fifo,261878679,256,10
1267072040,obim_256_16_fifo,358515366,256,10
1169183660,obim_256_16_fifo,354210601,256,10
1208361660,obim_256_16_fifo,354543466,256,10
1274508820,obim_256_16_fifo,353229397,256,10
1184879740,obim_256_16_fifo,347897458,256,10
1375593360,obim_256_16_fifo,352469121,256,10
1627613400,obim_256_18_fifo,486418909,256,10
1521248040,obim_256_18_fifo,454010661,256,10
1587666500,obim_256_18_fifo,471474451,256,10
1582083460,obim_256_18_fifo,472367724,256,10
1620539600,obim_256_18_fifo,488558620,256,10
1595448140,obim_256_18_fifo,475483914,256,10
10701618460,obim_512_12_fifo,82595547,256,10
8993485160,obim_512_12_fifo,88041534,256,10
6986741480,obim_512_12_fifo,84419559,256,10
9075788360,obim_512_12_fifo,91544056,256,10
10546412800,obim_512_12_fifo,98633498,256,10
6510641340,obim_512_12_fifo,102603148,256,10
2447698040,obim_512_14_fifo,225115210,256,10
2331863480,obim_512_14_fifo,217495965,256,10
2459281940,obim_512_14_fifo,232075040,256,10
2443365040,obim_512_14_fifo,221464864,256,10
2379022380,obim_512_14_fifo,236952673,256,10
2174166980,obim_512_14_fifo,233242328,256,10
1983711540,obim_512_16_fifo,429674491,256,10
2175039020,obim_512_16_fifo,436057689,256,10
2468137360,obim_512_16_fifo,411895219,256,10
2400854180,obim_512_16_fifo,426082320,256,10
1874085720,obim_512_16_fifo,411689279,256,10
2320848300,obim_512_16_fifo,435116188,256,10
2365369640,obim_512_18_fifo,747053173,256,10
2256155200,obim_512_18_fifo,731515134,256,10
2183225600,obim_512_18_fifo,724168936,256,10
2232999060,obim_512_18_fifo,693971175,256,10
2187642760,obim_512_18_fifo,703992424,256,10
2166454720,obim_512_18_fifo,712129012,256,10
