4681977260,obim_32_0_fifo,104461736,256,10
4720694780,obim_32_0_fifo,104742062,256,10
4731423340,obim_32_0_fifo,104990442,256,10
4690739020,obim_32_0_fifo,105050904,256,10
4656301280,obim_32_0_fifo,104466869,256,10
4653657980,obim_32_0_fifo,104338276,256,10
4630796220,obim_32_2_fifo,105913961,256,10
4492760800,obim_32_2_fifo,105019159,256,10
4528432500,obim_32_2_fifo,104926926,256,10
4589510560,obim_32_2_fifo,105857229,256,10
4608822800,obim_32_2_fifo,105568454,256,10
4638115780,obim_32_2_fifo,105853015,256,10
4463330940,obim_32_4_fifo,106485641,256,10
4512795020,obim_32_4_fifo,107222173,256,10
4422798360,obim_32_4_fifo,106370305,256,10
4457492020,obim_32_4_fifo,106987585,256,10
4727614940,obim_32_4_fifo,107297527,256,10
4391559860,obim_32_4_fifo,107254221,256,10
3770274860,obim_64_0_fifo,105197176,256,10
3778861280,obim_64_0_fifo,105538310,256,10
3834793400,obim_64_0_fifo,105987957,256,10
3779675040,obim_64_0_fifo,105717055,256,10
3783491700,obim_64_0_fifo,105744775,256,10
3791688320,obim_64_0_fifo,105728951,256,10
3764171680,obim_64_2_fifo,106351487,256,10
3779837860,obim_64_2_fifo,106717530,256,10
3792485620,obim_64_2_fifo,106953797,256,10
3755663800,obim_64_2_fifo,106542542,256,10
3725070720,obim_64_2_fifo,106207324,256,10
3778657800,obim_64_2_fifo,106636266,256,10
3760534980,obim_64_4_fifo,108257510,256,10
3798347220,obim_64_4_fifo,108634291,256,10
3738998700,obim_64_4_fifo,108787563,256,10
3766853280,obim_64_4_fifo,108741561,256,10
3782955920,obim_64_4_fifo,108596025,256,10
3773174160,obim_64_4_fifo,108534084,256,10
3446843420,obim_128_0_fifo,106685788,256,10
3455269440,obim_128_0_fifo,106576148,256,10
3430706640,obim_128_0_fifo,105933749,256,10
3420121340,obim_128_0_fifo,105987606,256,10
3420153540,obim_128_0_fifo,106030454,256,10
3483781660,obim_128_0_fifo,106670561,256,10
3385177820,obim_128_2_fifo,107400357,256,10
3410836580,obim_128_2_fifo,107934768,256,10
3397179580,obim_128_2_fifo,107584128,256,10
3404883580,obim_128_2_fifo,107738054,256,10
3403107180,obim_128_2_fifo,107704984,256,10
3432205520,obim_128_2_fifo,107810686,256,10
3443163560,obim_128_4_fifo,109372295,256,10
3446760260,obim_128_4_fifo,109652474,256,10
3433461240,obim_128_4_fifo,109472909,256,10
3430046080,obim_128_4_fifo,109372730,256,10
3425082140,obim_128_4_fifo,109834655,256,10
3425594600,obim_128_4_fifo,109439631,256,10
3214946100,obim_256_0_fifo,102593862,256,10
3239224720,obim_256_0_fifo,102375266,256,10
3227956420,obim_256_0_fifo,101976700,256,10
3450401080,obim_256_0_fifo,107168368,256,10
3212889680,obim_256_0_fifo,102147704,256,10
3340521340,obim_256_0_fifo,105232532,256,10
3349333200,obim_256_2_fifo,107529522,256,10
3391269820,obim_256_2_fifo,107887863,256,10
3386157360,obim_256_2_fifo,108350318,256,10
3359921660,obim_256_2_fifo,107806696,256,10
3377684620,obim_256_2_fifo,108386773,256,10
3386068420,obim_256_2_fifo,108274130,256,10
3371393160,obim_256_4_fifo,110246200,256,10
3380920440,obim_256_4_fifo,110172771,256,10
3366185660,obim_256_4_fifo,110160167,256,10
3377702000,obim_256_4_fifo,110420659,256,10
3380183120,obim_256_4_fifo,110372598,256,10
3379980480,obim_256_4_fifo,110184680,256,10
3323801220,obim_512_0_fifo,104394376,256,10
3528148000,obim_512_0_fifo,108812882,256,10
3395661600,obim_512_0_fifo,105617852,256,10
3394480780,obim_512_0_fifo,106549106,256,10
3384857580,obim_512_0_fifo,105181798,256,10
3388901540,obim_512_0_fifo,106150583,256,10
3522729320,obim_512_2_fifo,109067580,256,10
3403330240,obim_512_2_fifo,108712586,256,10
3395788060,obim_512_2_fifo,108450654,256,10
3376896480,obim_512_2_fifo,108217757,256,10
3389535640,obim_512_2_fifo,107897397,256,10
3450103420,obim_512_2_fifo,109028800,256,10
3440227900,obim_512_4_fifo,111490874,256,10
3414938100,obim_512_4_fifo,110992894,256,10
3436226540,obim_512_4_fifo,111210861,256,10
3428400160,obim_512_4_fifo,111058456,256,10
3448541700,obim_512_4_fifo,111063440,256,10
3424727460,obim_512_4_fifo,111120890,256,10
6207729700,obim_32_8_fifo,139613715,256,0
6337805480,obim_32_8_fifo,140022955,256,0
6494571320,obim_32_8_fifo,142516485,256,0
6421042140,obim_32_8_fifo,141134433,256,0
6198149620,obim_32_8_fifo,139066361,256,0
5018496720,obim_64_8_fifo,142607943,256,0
4835295900,obim_64_8_fifo,139051530,256,0
5088885020,obim_64_8_fifo,143314235,256,0
4979900040,obim_64_8_fifo,141342267,256,0
4917132440,obim_64_8_fifo,140499241,256,0
4773789780,obim_128_8_fifo,141343358,256,0
4671894640,obim_128_8_fifo,139985869,256,0
4982011460,obim_128_8_fifo,145824280,256,0
4727353940,obim_128_8_fifo,140321914,256,0
4927015260,obim_128_8_fifo,146064578,256,0
4738702460,obim_256_8_fifo,141327831,256,0
4757103440,obim_256_8_fifo,141981867,256,0
4752219600,obim_256_8_fifo,142381458,256,0
4769595940,obim_256_8_fifo,141653198,256,0
4765916440,obim_256_8_fifo,143455976,256,0
4859877380,obim_512_8_fifo,144929826,256,0
4906290560,obim_512_8_fifo,147416159,256,0
4860394460,obim_512_8_fifo,144360581,256,0
4798840640,obim_512_8_fifo,144232178,256,0
4832297080,obim_512_8_fifo,143889044,256,0
