912232540,pmod_32_12_fifo,54061493,256,10
909263360,pmod_32_12_fifo,51342695,256,10
3470420020,pmod_32_12_fifo,96404350,256,10
1427014020,pmod_32_12_fifo,40718272,256,10
799022460,pmod_32_12_fifo,65097747,256,10
912251300,pmod_32_12_fifo,54419850,256,10
1089961420,pmod_32_14_fifo,48891384,256,10
3075116960,pmod_32_14_fifo,45724233,256,10
1682175260,pmod_32_14_fifo,80430236,256,10
1380156060,pmod_32_14_fifo,78043274,256,10
1290402840,pmod_32_14_fifo,44216559,256,10
1082154220,pmod_32_14_fifo,69686291,256,10
925003180,pmod_32_16_fifo,53071971,256,10
1418342340,pmod_32_16_fifo,51889808,256,10
1361848680,pmod_32_16_fifo,41851289,256,10
1690478300,pmod_32_16_fifo,82374217,256,10
1338667480,pmod_32_16_fifo,42749943,256,10
785259180,pmod_32_16_fifo,67997147,256,10
765802200,pmod_32_18_fifo,66391809,256,10
1084825060,pmod_32_18_fifo,68081050,256,10
1185971040,pmod_32_18_fifo,53553714,256,10
1092504580,pmod_32_18_fifo,70253811,256,10
2482707240,pmod_32_18_fifo,88656830,256,10
1219599900,pmod_32_18_fifo,42748931,256,10
1238574060,pmod_64_12_fifo,94890000,256,10
1676886860,pmod_64_12_fifo,80120164,256,10
1211542620,pmod_64_12_fifo,95520828,256,10
1789875400,pmod_64_12_fifo,87157343,256,10
975532460,pmod_64_12_fifo,106729607,256,10
1021650120,pmod_64_12_fifo,106483870,256,10
1376362440,pmod_64_14_fifo,88924441,256,10
1607136380,pmod_64_14_fifo,87301640,256,10
1691300200,pmod_64_14_fifo,73257220,256,10
1516826540,pmod_64_14_fifo,83142482,256,10
1761077420,pmod_64_14_fifo,77362906,256,10
935251480,pmod_64_14_fifo,121881133,256,10
1676313460,pmod_64_16_fifo,78173069,256,10
867504640,pmod_64_16_fifo,108745457,256,10
1580220360,pmod_64_16_fifo,83779830,256,10
1611183640,pmod_64_16_fifo,82475184,256,10
1702286860,pmod_64_16_fifo,80346370,256,10
1795567500,pmod_64_16_fifo,82580190,256,10
1583202980,pmod_64_18_fifo,82073471,256,10
1612837800,pmod_64_18_fifo,87335707,256,10
1445517080,pmod_64_18_fifo,76065983,256,10
1688239960,pmod_64_18_fifo,86252325,256,10
1023543960,pmod_64_18_fifo,108475284,256,10
1836564840,pmod_64_18_fifo,83187642,256,10
1230840460,pmod_128_12_fifo,171297940,256,10
1321535720,pmod_128_12_fifo,179963346,256,10
1279438780,pmod_128_12_fifo,173144651,256,10
1197947680,pmod_128_12_fifo,172505856,256,10
1254655020,pmod_128_12_fifo,169043981,256,10
1238779500,pmod_128_12_fifo,170051812,256,10
1280385040,pmod_128_14_fifo,175998958,256,10
1320389260,pmod_128_14_fifo,171539585,256,10
1274190640,pmod_128_14_fifo,177464900,256,10
1161340340,pmod_128_14_fifo,171492349,256,10
1204786500,pmod_128_14_fifo,173918294,256,10
1256374000,pmod_128_14_fifo,172848199,256,10
1293551360,pmod_128_16_fifo,175768357,256,10
1238870720,pmod_128_16_fifo,161697014,256,10
1236649740,pmod_128_16_fifo,179096715,256,10
1232027480,pmod_128_16_fifo,170437619,256,10
1349728000,pmod_128_16_fifo,167725194,256,10
1284004640,pmod_128_16_fifo,161806251,256,10
1294996720,pmod_128_18_fifo,165615244,256,10
1191578000,pmod_128_18_fifo,175934769,256,10
1152780640,pmod_128_18_fifo,159702385,256,10
1142049260,pmod_128_18_fifo,175483950,256,10
1214553940,pmod_128_18_fifo,178555500,256,10
1245880660,pmod_128_18_fifo,183679851,256,10
1812215920,pmod_256_12_fifo,199150173,256,10
1902104980,pmod_256_12_fifo,215819772,256,10
2259090720,pmod_256_12_fifo,194644225,256,10
1803382060,pmod_256_12_fifo,221271046,256,10
2110259120,pmod_256_12_fifo,182165759,256,10
1923834240,pmod_256_12_fifo,196218615,256,10
2252942500,pmod_256_14_fifo,170799256,256,10
2209581460,pmod_256_14_fifo,191103217,256,10
1991655440,pmod_256_14_fifo,194652385,256,10
1860885960,pmod_256_14_fifo,208739344,256,10
2449340600,pmod_256_14_fifo,207807302,256,10
1769617980,pmod_256_14_fifo,204954134,256,10
2103979440,pmod_256_16_fifo,201145932,256,10
2093281600,pmod_256_16_fifo,198869593,256,10
2052476400,pmod_256_16_fifo,195920636,256,10
1902606500,pmod_256_16_fifo,195314532,256,10
2095555280,pmod_256_16_fifo,202078282,256,10
2339601760,pmod_256_16_fifo,194833979,256,10
2034641500,pmod_256_18_fifo,188979422,256,10
1825076240,pmod_256_18_fifo,214090648,256,10
2337319040,pmod_256_18_fifo,183603435,256,10
1925614560,pmod_256_18_fifo,193155618,256,10
1899452000,pmod_256_18_fifo,217228246,256,10
1892345660,pmod_256_18_fifo,191859705,256,10
2810401520,pmod_512_12_fifo,249649662,256,10
3147355140,pmod_512_12_fifo,239091834,256,10
3107774620,pmod_512_12_fifo,229383744,256,10
2508633400,pmod_512_12_fifo,221767270,256,10
2869359540,pmod_512_12_fifo,257348333,256,10
2787767940,pmod_512_12_fifo,235571535,256,10
3118259760,pmod_512_14_fifo,240480101,256,10
2902221020,pmod_512_14_fifo,223120425,256,10
3074008100,pmod_512_14_fifo,257276663,256,10
2717599320,pmod_512_14_fifo,244835553,256,10
2973519220,pmod_512_14_fifo,253106762,256,10
2893769360,pmod_512_14_fifo,245137966,256,10
3416596420,pmod_512_16_fifo,244833351,256,10
2953550980,pmod_512_16_fifo,232553241,256,10
3080065980,pmod_512_16_fifo,239820178,256,10
2955937800,pmod_512_16_fifo,237172848,256,10
2748226120,pmod_512_16_fifo,239091809,256,10
2956809440,pmod_512_16_fifo,231941629,256,10
2824649340,pmod_512_18_fifo,234093729,256,10
2957765220,pmod_512_18_fifo,215169387,256,10
3050500900,pmod_512_18_fifo,235592794,256,10
3073421360,pmod_512_18_fifo,218109984,256,10
2839634640,pmod_512_18_fifo,222868987,256,10
2699644620,pmod_512_18_fifo,251939731,256,10
