358452020,pmod_32_12_fifo,35111559,256,10
362973740,pmod_32_12_fifo,34572779,256,10
366113700,pmod_32_12_fifo,34781835,256,10
357871880,pmod_32_12_fifo,36509724,256,10
361352480,pmod_32_12_fifo,34999449,256,10
374062920,pmod_32_12_fifo,35188513,256,10
363819300,pmod_32_14_fifo,34983463,256,10
361256000,pmod_32_14_fifo,34877181,256,10
355719040,pmod_32_14_fifo,34449018,256,10
355857180,pmod_32_14_fifo,35243479,256,10
366524420,pmod_32_14_fifo,35496558,256,10
362600640,pmod_32_14_fifo,35364982,256,10
360253080,pmod_32_16_fifo,35399681,256,10
349736760,pmod_32_16_fifo,35059508,256,10
364551440,pmod_32_16_fifo,35212847,256,10
366246980,pmod_32_16_fifo,35706635,256,10
354220120,pmod_32_16_fifo,35056918,256,10
355363300,pmod_32_16_fifo,35359128,256,10
359315800,pmod_32_18_fifo,34857212,256,10
352981760,pmod_32_18_fifo,34866129,256,10
354672640,pmod_32_18_fifo,35503992,256,10
360083600,pmod_32_18_fifo,35048129,256,10
360088660,pmod_32_18_fifo,35250655,256,10
345582840,pmod_32_18_fifo,35178234,256,10
330949840,pmod_64_12_fifo,56134634,256,10
334107360,pmod_64_12_fifo,58666649,256,10
332548540,pmod_64_12_fifo,57028466,256,10
331707960,pmod_64_12_fifo,58540401,256,10
341712620,pmod_64_12_fifo,57117885,256,10
346620140,pmod_64_12_fifo,57147067,256,10
345970880,pmod_64_14_fifo,58633766,256,10
343105880,pmod_64_14_fifo,56710690,256,10
340853300,pmod_64_14_fifo,57986834,256,10
335242620,pmod_64_14_fifo,57685484,256,10
330141020,pmod_64_14_fifo,56118251,256,10
344482400,pmod_64_14_fifo,58536362,256,10
335626220,pmod_64_16_fifo,57853205,256,10
345611680,pmod_64_16_fifo,55846402,256,10
337135860,pmod_64_16_fifo,57149321,256,10
325809680,pmod_64_16_fifo,55117002,256,10
340192180,pmod_64_16_fifo,58750367,256,10
330818760,pmod_64_16_fifo,58433617,256,10
314761480,pmod_64_18_fifo,56388577,256,10
338547560,pmod_64_18_fifo,58120518,256,10
334002040,pmod_64_18_fifo,58728130,256,10
334480700,pmod_64_18_fifo,61097342,256,10
334125460,pmod_64_18_fifo,56906374,256,10
333634360,pmod_64_18_fifo,58496432,256,10
393387760,pmod_128_12_fifo,79197118,256,10
404876140,pmod_128_12_fifo,84379055,256,10
398501400,pmod_128_12_fifo,80234771,256,10
413375060,pmod_128_12_fifo,82768062,256,10
423223740,pmod_128_12_fifo,82207662,256,10
401959620,pmod_128_12_fifo,80304136,256,10
416992860,pmod_128_14_fifo,83849066,256,10
396072860,pmod_128_14_fifo,80703634,256,10
491286720,pmod_128_14_fifo,77977733,256,10
409672240,pmod_128_14_fifo,81930825,256,10
442179000,pmod_128_14_fifo,84873444,256,10
404839980,pmod_128_14_fifo,81880184,256,10
418811800,pmod_128_16_fifo,79196578,256,10
399103020,pmod_128_16_fifo,77584192,256,10
398863860,pmod_128_16_fifo,77002916,256,10
399007200,pmod_128_16_fifo,81517873,256,10
433845640,pmod_128_16_fifo,82196510,256,10
409937480,pmod_128_16_fifo,79756832,256,10
390697440,pmod_128_18_fifo,76366737,256,10
395215520,pmod_128_18_fifo,80358271,256,10
408913060,pmod_128_18_fifo,81565278,256,10
411351580,pmod_128_18_fifo,78500649,256,10
413562120,pmod_128_18_fifo,81235312,256,10
412285400,pmod_128_18_fifo,85211536,256,10
630920780,pmod_256_12_fifo,120553735,256,10
590014440,pmod_256_12_fifo,114276702,256,10
646184540,pmod_256_12_fifo,127010641,256,10
667916540,pmod_256_12_fifo,126068354,256,10
642812940,pmod_256_12_fifo,128296351,256,10
680428060,pmod_256_12_fifo,129837298,256,10
611823980,pmod_256_14_fifo,122875468,256,10
663125600,pmod_256_14_fifo,131015209,256,10
632907600,pmod_256_14_fifo,121218442,256,10
661185400,pmod_256_14_fifo,125184618,256,10
667777380,pmod_256_14_fifo,125348212,256,10
633087260,pmod_256_14_fifo,120310425,256,10
760946400,pmod_256_16_fifo,122086953,256,10
639436980,pmod_256_16_fifo,116802131,256,10
681473320,pmod_256_16_fifo,118043646,256,10
629049840,pmod_256_16_fifo,117777589,256,10
626940940,pmod_256_16_fifo,118747735,256,10
678336460,pmod_256_16_fifo,123714365,256,10
648724760,pmod_256_18_fifo,122602819,256,10
633602760,pmod_256_18_fifo,121096565,256,10
617780600,pmod_256_18_fifo,123228835,256,10
622715880,pmod_256_18_fifo,126103866,256,10
621944500,pmod_256_18_fifo,124875157,256,10
602737040,pmod_256_18_fifo,123470508,256,10
1157031160,pmod_512_12_fifo,144956032,256,10
1109071040,pmod_512_12_fifo,147246741,256,10
1009441500,pmod_512_12_fifo,144261938,256,10
1313714260,pmod_512_12_fifo,163838388,256,10
976216340,pmod_512_12_fifo,142715493,256,10
1084303940,pmod_512_12_fifo,138251963,256,10
949683040,pmod_512_14_fifo,146827567,256,10
1081763300,pmod_512_14_fifo,142061426,256,10
1091527620,pmod_512_14_fifo,133070054,256,10
956616800,pmod_512_14_fifo,133202247,256,10
1192523340,pmod_512_14_fifo,137499488,256,10
1044979580,pmod_512_14_fifo,126471224,256,10
960184880,pmod_512_16_fifo,122489129,256,10
1015993360,pmod_512_16_fifo,166228818,256,10
911487460,pmod_512_16_fifo,133343769,256,10
955210840,pmod_512_16_fifo,140688545,256,10
1036122360,pmod_512_16_fifo,142933650,256,10
992943260,pmod_512_16_fifo,147614546,256,10
1053154860,pmod_512_18_fifo,108219894,256,10
1266309360,pmod_512_18_fifo,150042719,256,10
920124060,pmod_512_18_fifo,135572537,256,10
1064135440,pmod_512_18_fifo,160844191,256,10
984977440,pmod_512_18_fifo,138344409,256,10
961237900,pmod_512_18_fifo,115514285,256,10
