4630514560,pmod_32_0_fifo,104395136,256,10
4704532400,pmod_32_0_fifo,104343304,256,10
4670468480,pmod_32_0_fifo,105015854,256,10
4691904480,pmod_32_0_fifo,104650309,256,10
4669958760,pmod_32_0_fifo,105141047,256,10
4615597780,pmod_32_0_fifo,104289150,256,10
4600108320,pmod_32_2_fifo,103451295,256,10
4704185040,pmod_32_2_fifo,105359413,256,10
4554228520,pmod_32_2_fifo,104150539,256,10
4525708060,pmod_32_2_fifo,103212192,256,10
4636326760,pmod_32_2_fifo,104733606,256,10
4685615120,pmod_32_2_fifo,104743943,256,10
4581027800,pmod_32_4_fifo,104481867,256,10
4683227920,pmod_32_4_fifo,104974710,256,10
4655638500,pmod_32_4_fifo,104482539,256,10
4684994460,pmod_32_4_fifo,104627186,256,10
4647425020,pmod_32_4_fifo,104881939,256,10
4711364380,pmod_32_4_fifo,104449223,256,10
3787547180,pmod_64_0_fifo,105447478,256,10
3803196040,pmod_64_0_fifo,105778502,256,10
3773902780,pmod_64_0_fifo,105909957,256,10
3777859540,pmod_64_0_fifo,105384470,256,10
3782990240,pmod_64_0_fifo,105383371,256,10
3843693140,pmod_64_0_fifo,106221948,256,10
3759060840,pmod_64_2_fifo,105903132,256,10
3793407820,pmod_64_2_fifo,105840000,256,10
3823856360,pmod_64_2_fifo,105445164,256,10
3821688840,pmod_64_2_fifo,106090563,256,10
3772838360,pmod_64_2_fifo,104886984,256,10
3797229060,pmod_64_2_fifo,106254886,256,10
3732259700,pmod_64_4_fifo,105613946,256,10
3804678580,pmod_64_4_fifo,105700893,256,10
3762535000,pmod_64_4_fifo,105560247,256,10
3704559600,pmod_64_4_fifo,104848997,256,10
3758268260,pmod_64_4_fifo,105481767,256,10
3772066640,pmod_64_4_fifo,105242605,256,10
3419469120,pmod_128_0_fifo,106102302,256,10
3402729080,pmod_128_0_fifo,105906834,256,10
3388644140,pmod_128_0_fifo,105949043,256,10
3423966960,pmod_128_0_fifo,106207814,256,10
3454698940,pmod_128_0_fifo,105234165,256,10
3358409500,pmod_128_0_fifo,105518570,256,10
3426382680,pmod_128_2_fifo,106041202,256,10
3389320840,pmod_128_2_fifo,105740779,256,10
3385576200,pmod_128_2_fifo,105505842,256,10
3380723160,pmod_128_2_fifo,106015403,256,10
3411594860,pmod_128_2_fifo,106235673,256,10
3406058840,pmod_128_2_fifo,106355153,256,10
3389583980,pmod_128_4_fifo,105828105,256,10
3409020680,pmod_128_4_fifo,105733144,256,10
3303204600,pmod_128_4_fifo,105030150,256,10
3418841180,pmod_128_4_fifo,105924907,256,10
3409344400,pmod_128_4_fifo,106005836,256,10
3398813480,pmod_128_4_fifo,105855012,256,10
3353128800,pmod_256_0_fifo,106525508,256,10
3304710540,pmod_256_0_fifo,105185496,256,10
3336603700,pmod_256_0_fifo,105723200,256,10
3374194860,pmod_256_0_fifo,106590820,256,10
3374773040,pmod_256_0_fifo,106072336,256,10
3295832540,pmod_256_0_fifo,104916591,256,10
3405810120,pmod_256_2_fifo,106494825,256,10
3427074780,pmod_256_2_fifo,106629402,256,10
3414420580,pmod_256_2_fifo,106683714,256,10
3184420060,pmod_256_2_fifo,101687737,256,10
3153623600,pmod_256_2_fifo,101646801,256,10
3139187540,pmod_256_2_fifo,101840459,256,10
3411010340,pmod_256_4_fifo,107212915,256,10
3309064360,pmod_256_4_fifo,106340041,256,10
3336756900,pmod_256_4_fifo,106264772,256,10
3376414400,pmod_256_4_fifo,106676776,256,10
3369069820,pmod_256_4_fifo,106201855,256,10
3341643180,pmod_256_4_fifo,106095684,256,10
3414956580,pmod_512_0_fifo,105590117,256,10
3377645140,pmod_512_0_fifo,105940362,256,10
3365051480,pmod_512_0_fifo,105027125,256,10
3304223700,pmod_512_0_fifo,103689914,256,10
3380750240,pmod_512_0_fifo,105010321,256,10
3438953220,pmod_512_0_fifo,105009793,256,10
3411927020,pmod_512_2_fifo,105243875,256,10
3359012540,pmod_512_2_fifo,104611865,256,10
3484266040,pmod_512_2_fifo,107046019,256,10
3359938780,pmod_512_2_fifo,105229025,256,10
3537080060,pmod_512_2_fifo,107944246,256,10
3496230900,pmod_512_2_fifo,107580772,256,10
3476005280,pmod_512_4_fifo,106537286,256,10
3486455400,pmod_512_4_fifo,105968250,256,10
3456759660,pmod_512_4_fifo,106268076,256,10
3420968760,pmod_512_4_fifo,106612310,256,10
3497679780,pmod_512_4_fifo,107696041,256,10
3409565560,pmod_512_4_fifo,105891525,256,10
