57342469012,mqplnuma_4_1024_1024_8,50548720,1
57308152442,mqplnuma_4_1024_1024_8,50553880,1
57104459220,mqplnuma_4_1024_1024_8,50551000,1
56743422274,mqplnuma_4_1024_1024_8,50553329,1
57139736452,mqplnuma_4_1024_1024_8,50554801,1
29628686992,mqplnuma_4_1024_1024_8,50563146,2
29637771264,mqplnuma_4_1024_1024_8,50560108,2
29700414700,mqplnuma_4_1024_1024_8,50559753,2
29829513146,mqplnuma_4_1024_1024_8,50567577,2
29638948702,mqplnuma_4_1024_1024_8,50564781,2
15118821396,mqplnuma_4_1024_1024_8,50602527,4
15124655630,mqplnuma_4_1024_1024_8,50581252,4
15128901522,mqplnuma_4_1024_1024_8,50581111,4
15126558706,mqplnuma_4_1024_1024_8,50590682,4
15098869314,mqplnuma_4_1024_1024_8,50588592,4
7873085852,mqplnuma_4_1024_1024_8,50628611,8
7832175978,mqplnuma_4_1024_1024_8,50641559,8
7852578444,mqplnuma_4_1024_1024_8,50643311,8
7849144654,mqplnuma_4_1024_1024_8,50645063,8
7851086454,mqplnuma_4_1024_1024_8,50636539,8
4350592168,mqplnuma_4_1024_1024_8,50741285,16
4351926160,mqplnuma_4_1024_1024_8,50717708,16
4346158540,mqplnuma_4_1024_1024_8,50735599,16
4362750204,mqplnuma_4_1024_1024_8,50749325,16
4347567298,mqplnuma_4_1024_1024_8,50692704,16
2263943812,mqplnuma_4_1024_1024_8,50856199,32
2265055562,mqplnuma_4_1024_1024_8,50866241,32
2270248376,mqplnuma_4_1024_1024_8,50905434,32
2267452800,mqplnuma_4_1024_1024_8,50977999,32
2269363058,mqplnuma_4_1024_1024_8,50928904,32
1314814476,mqplnuma_4_1024_1024_8,51276829,64
1330781412,mqplnuma_4_1024_1024_8,51425809,64
1304717810,mqplnuma_4_1024_1024_8,51421707,64
1325029810,mqplnuma_4_1024_1024_8,51530694,64
1307703638,mqplnuma_4_1024_1024_8,51429529,64
1179912028,mqplnuma_4_1024_1024_8,53680092,128
1154622460,mqplnuma_4_1024_1024_8,52802100,128
1320900802,mqplnuma_4_1024_1024_8,52758629,128
1121345670,mqplnuma_4_1024_1024_8,52249081,128
1701634892,mqplnuma_4_1024_1024_8,52321464,128
