161153399118,mqplnuma_4_1024_128_4,35028836,1
161838988004,mqplnuma_4_1024_128_4,35020116,1
161355245116,mqplnuma_4_1024_128_4,35021548,1
160459239416,mqplnuma_4_1024_128_4,35021586,1
161588551148,mqplnuma_4_1024_128_4,35173382,1
81656502148,mqplnuma_4_1024_128_4,35126394,2
81716548928,mqplnuma_4_1024_128_4,35259405,2
82013566120,mqplnuma_4_1024_128_4,35043860,2
82046713904,mqplnuma_4_1024_128_4,35404303,2
81594265112,mqplnuma_4_1024_128_4,35577528,2
41449121540,mqplnuma_4_1024_128_4,35489194,4
41410810856,mqplnuma_4_1024_128_4,35669758,4
41581765368,mqplnuma_4_1024_128_4,35236425,4
41183078712,mqplnuma_4_1024_128_4,35048737,4
41317694272,mqplnuma_4_1024_128_4,35497876,4
21247278114,mqplnuma_4_1024_128_4,36050357,8
21370399048,mqplnuma_4_1024_128_4,36148733,8
21335205042,mqplnuma_4_1024_128_4,36574676,8
21456868504,mqplnuma_4_1024_128_4,36372556,8
21345335752,mqplnuma_4_1024_128_4,35849185,8
11319850214,mqplnuma_4_1024_128_4,37185855,16
11339655662,mqplnuma_4_1024_128_4,37284120,16
11322025722,mqplnuma_4_1024_128_4,37206760,16
11332526974,mqplnuma_4_1024_128_4,36709249,16
11347486146,mqplnuma_4_1024_128_4,36864483,16
6194615532,mqplnuma_4_1024_128_4,39023179,32
6214805800,mqplnuma_4_1024_128_4,39268932,32
6172320928,mqplnuma_4_1024_128_4,38113552,32
6229169016,mqplnuma_4_1024_128_4,39271243,32
6156791028,mqplnuma_4_1024_128_4,37826009,32
4194108432,mqplnuma_4_1024_128_4,42792506,64
3729330992,mqplnuma_4_1024_128_4,41859114,64
4149436658,mqplnuma_4_1024_128_4,41457987,64
3817526796,mqplnuma_4_1024_128_4,42558918,64
3757181056,mqplnuma_4_1024_128_4,41035581,64
3579866674,mqplnuma_4_1024_128_4,42918683,128
3543094376,mqplnuma_4_1024_128_4,42952446,128
3463965306,mqplnuma_4_1024_128_4,44449949,128
3284004276,mqplnuma_4_1024_128_4,43926122,128
3399688902,mqplnuma_4_1024_128_4,43872655,128
