14405758,3054834950,mqplnuma_4_256_1024_256,6352629,1
26223644,3042102146,mqplnuma_4_256_1024_256,6358454,1
2502121942,1924670530,mqplnuma_4_256_1024_256,6535905,2
1933734748,mqplnuma_4_256_1024_256,6563025,2
1926863876,mqplnuma_4_256_1024_256,6509969,2
1915958666,mqplnuma_4_256_1024_256,6504722,2
1928576472,mqplnuma_4_256_1024_256,6547912,2
1062657328,mqplnuma_4_256_1024_256,6631133,4
1063025746,mqplnuma_4_256_1024_256,6633086,4
1063966490,mqplnuma_4_256_1024_256,6653952,4
1060468512,mqplnuma_4_256_1024_256,6601381,4
1061712430,mqplnuma_4_256_1024_256,6631254,4
578513876,mqplnuma_4_256_1024_256,6666219,8
582298230,mqplnuma_4_256_1024_256,6733270,8
578516506,mqplnuma_4_256_1024_256,6701829,8
576824306,mqplnuma_4_256_1024_256,6668823,8
579626402,mqplnuma_4_256_1024_256,6701600,8
332319040,mqplnuma_4_256_1024_256,6681587,16
335245526,mqplnuma_4_256_1024_256,6711751,16
334221192,mqplnuma_4_256_1024_256,6704693,16
334385256,mqplnuma_4_256_1024_256,6712646,16
334624238,mqplnuma_4_256_1024_256,6721575,16
204125140,mqplnuma_4_256_1024_256,7257159,32
200017600,mqplnuma_4_256_1024_256,7141210,32
211064568,mqplnuma_4_256_1024_256,7517400,32
204862598,mqplnuma_4_256_1024_256,7279217,32
209390224,mqplnuma_4_256_1024_256,7433084,32
123557696,mqplnuma_4_256_1024_256,7552451,64
124798924,mqplnuma_4_256_1024_256,7673735,64
124952634,mqplnuma_4_256_1024_256,7655447,64
122283078,mqplnuma_4_256_1024_256,7509963,64
122362954,mqplnuma_4_256_1024_256,7506499,64
82962222,mqplnuma_4_256_1024_256,7493147,128
84321256,mqplnuma_4_256_1024_256,7639996,128
84142682,mqplnuma_4_256_1024_256,7579166,128
84638316,mqplnuma_4_256_1024_256,7601355,128
82026532,mqplnuma_4_256_1024_256,7422411,128
