186397766648,mqplnuma_4_1024_1024_32,75820970,1,0
186752984360,mqplnuma_4_1024_1024_32,75850482,1,0
186589767802,mqplnuma_4_1024_1024_32,75890503,1,0
186434808882,mqplnuma_4_1024_1024_32,75851771,1,0
186469040204,mqplnuma_4_1024_1024_32,75871914,1,0
94058935760,mqplnuma_4_1024_1024_32,75971342,2,0
94062997728,mqplnuma_4_1024_1024_32,76055651,2,0
94026588486,mqplnuma_4_1024_1024_32,76003434,2,0
94128221984,mqplnuma_4_1024_1024_32,76080379,2,0
94228034806,mqplnuma_4_1024_1024_32,76208316,2,0
47747930646,mqplnuma_4_1024_1024_32,76358010,4,0
47682334196,mqplnuma_4_1024_1024_32,76388100,4,0
47667016820,mqplnuma_4_1024_1024_32,76362750,4,0
47682943852,mqplnuma_4_1024_1024_32,76339003,4,0
47633548686,mqplnuma_4_1024_1024_32,76189345,4,0
24553566080,mqplnuma_4_1024_1024_32,76796350,8,0
24525901316,mqplnuma_4_1024_1024_32,76784393,8,0
24532982392,mqplnuma_4_1024_1024_32,76692740,8,0
24549625384,mqplnuma_4_1024_1024_32,76793421,8,0
24571514472,mqplnuma_4_1024_1024_32,76796414,8,0
13130028870,mqplnuma_4_1024_1024_32,78153904,16,0
13122857224,mqplnuma_4_1024_1024_32,77941794,16,0
13082625984,mqplnuma_4_1024_1024_32,77590483,16,0
13136804818,mqplnuma_4_1024_1024_32,78300110,16,0
13104236076,mqplnuma_4_1024_1024_32,77786158,16,0
6761661526,mqplnuma_4_1024_1024_32,80251870,32,0
6860532784,mqplnuma_4_1024_1024_32,81601368,32,0
6734126930,mqplnuma_4_1024_1024_32,79881560,32,0
6932804740,mqplnuma_4_1024_1024_32,83152516,32,0
6913320292,mqplnuma_4_1024_1024_32,82868752,32,0
3674570192,mqplnuma_4_1024_1024_32,83815978,64,0
3771119944,mqplnuma_4_1024_1024_32,85774535,64,0
3738141770,mqplnuma_4_1024_1024_32,85422684,64,0
3760196688,mqplnuma_4_1024_1024_32,86030431,64,0
3763615980,mqplnuma_4_1024_1024_32,86279242,64,0
2894701370,mqplnuma_4_1024_1024_32,94209261,128,0
2864488888,mqplnuma_4_1024_1024_32,95167666,128,0
2832772230,mqplnuma_4_1024_1024_32,92766593,128,0
2858060838,mqplnuma_4_1024_1024_32,93610143,128,0
2827907172,mqplnuma_4_1024_1024_32,93369194,128,0
