4278724542,mqplnuma_4_2_2_512,6716383,1,14
4300870392,mqplnuma_4_2_2_512,6716233,1,14
4282510612,mqplnuma_4_2_2_512,6716226,1,14
4272062870,mqplnuma_4_2_2_512,6716453,1,14
4283585622,mqplnuma_4_2_2_512,6716339,1,14
3382243868,mqplnuma_4_2_2_512,6718720,2,14
3382312246,mqplnuma_4_2_2_512,6718403,2,14
3383853792,mqplnuma_4_2_2_512,6718620,2,14
3378289652,mqplnuma_4_2_2_512,6718623,2,14
3385040848,mqplnuma_4_2_2_512,6718323,2,14
2032658054,mqplnuma_4_2_2_512,6727940,4,14
2026574744,mqplnuma_4_2_2_512,6728174,4,14
2025987886,mqplnuma_4_2_2_512,6728100,4,14
2042288078,mqplnuma_4_2_2_512,6727880,4,14
2036467782,mqplnuma_4_2_2_512,6728310,4,14
1104466656,mqplnuma_4_2_2_512,6768016,8,14
1105212258,mqplnuma_4_2_2_512,6768134,8,14
1107405632,mqplnuma_4_2_2_512,6769049,8,14
1099307918,mqplnuma_4_2_2_512,6769067,8,14
1109863502,mqplnuma_4_2_2_512,6767983,8,14
622558674,mqplnuma_4_2_2_512,6922438,16,14
620051580,mqplnuma_4_2_2_512,6924159,16,14
621950636,mqplnuma_4_2_2_512,6923639,16,14
621910186,mqplnuma_4_2_2_512,6923146,16,14
623480384,mqplnuma_4_2_2_512,6920974,16,14
373363114,mqplnuma_4_2_2_512,7851150,32,14
377579378,mqplnuma_4_2_2_512,7935551,32,14
373248382,mqplnuma_4_2_2_512,7833350,32,14
367891984,mqplnuma_4_2_2_512,7734874,32,14
374866912,mqplnuma_4_2_2_512,7858448,32,14
243315804,mqplnuma_4_2_2_512,9408178,64,14
243001474,mqplnuma_4_2_2_512,9466820,64,14
245765100,mqplnuma_4_2_2_512,9585258,64,14
246049282,mqplnuma_4_2_2_512,9584401,64,14
243355810,mqplnuma_4_2_2_512,9474834,64,14
182148498,mqplnuma_4_2_2_512,11702500,128,14
187125314,mqplnuma_4_2_2_512,12004889,128,14
184021950,mqplnuma_4_2_2_512,11759536,128,14
183579434,mqplnuma_4_2_2_512,11765993,128,14
182960866,mqplnuma_4_2_2_512,11718760,128,14
