275448459366,mqplnuma_4_128_32_64,84819722,1,0
275456654014,mqplnuma_4_128_32_64,84823869,1,0
275822170556,mqplnuma_4_128_32_64,84824980,1,0
274847005438,mqplnuma_4_128_32_64,84819822,1,0
275607881762,mqplnuma_4_128_32_64,84821297,1,0
139941904458,mqplnuma_4_128_32_64,84821352,2,0
140337213982,mqplnuma_4_128_32_64,84830524,2,0
140006732192,mqplnuma_4_128_32_64,84835825,2,0
140075593962,mqplnuma_4_128_32_64,84835093,2,0
140184851296,mqplnuma_4_128_32_64,84821748,2,0
70934400438,mqplnuma_4_128_32_64,84880180,4,0
70938548024,mqplnuma_4_128_32_64,84875397,4,0
71181787066,mqplnuma_4_128_32_64,85499502,4,0
71105228580,mqplnuma_4_128_32_64,84856022,4,0
70954068342,mqplnuma_4_128_32_64,84860895,4,0
36476099182,mqplnuma_4_128_32_64,84871043,8,0
36566015986,mqplnuma_4_128_32_64,85095691,8,0
36500192738,mqplnuma_4_128_32_64,84962215,8,0
36460302478,mqplnuma_4_128_32_64,84897185,8,0
36495512730,mqplnuma_4_128_32_64,84966046,8,0
19428527296,mqplnuma_4_128_32_64,85459000,16,0
19380881536,mqplnuma_4_128_32_64,84969318,16,0
19368258966,mqplnuma_4_128_32_64,85023966,16,0
19432803404,mqplnuma_4_128_32_64,85566949,16,0
19420565650,mqplnuma_4_128_32_64,85467247,16,0
10262980902,mqplnuma_4_128_32_64,85054154,32,0
10402982390,mqplnuma_4_128_32_64,85527837,32,0
10284887276,mqplnuma_4_128_32_64,85481877,32,0
10522614680,mqplnuma_4_128_32_64,85438213,32,0
10243513162,mqplnuma_4_128_32_64,85313254,32,0
6303776500,mqplnuma_4_128_32_64,88043255,64,0
5958708680,mqplnuma_4_128_32_64,85929839,64,0
6190196062,mqplnuma_4_128_32_64,86689744,64,0
5918737352,mqplnuma_4_128_32_64,86320886,64,0
6065409448,mqplnuma_4_128_32_64,86354364,64,0
5537024806,mqplnuma_4_128_32_64,88107646,128,0
5762043840,mqplnuma_4_128_32_64,87243146,128,0
4823135058,mqplnuma_4_128_32_64,87694764,128,0
5413770820,mqplnuma_4_128_32_64,86140235,128,0
5600660696,mqplnuma_4_128_32_64,87463529,128,0
