654181260,slsmqhm_1_1,30781658,256
745129700,slsmqhm_1_1,30768284,256
654087280,slsmqhm_1_1,30751131,256
655267800,slsmqhm_1_1,30761620,256
652161260,slsmqhm_1_1,30767488,256
662405800,slsmqhm_1_2,31083565,256
672900980,slsmqhm_1_2,31103328,256
660611760,slsmqhm_1_2,31117165,256
662221880,slsmqhm_1_2,31035232,256
662384380,slsmqhm_1_2,31107955,256
673672820,slsmqhm_1_4,32426279,256
690830380,slsmqhm_1_4,32324257,256
669816020,slsmqhm_1_4,32348336,256
676113520,slsmqhm_1_4,32354203,256
670110820,slsmqhm_1_4,32352047,256
724839380,slsmqhm_1_8,36787075,256
722837840,slsmqhm_1_8,36717541,256
726028520,slsmqhm_1_8,36824271,256
722955760,slsmqhm_1_8,36787441,256
725221480,slsmqhm_1_8,36867523,256
891037000,slsmqhm_1_16,48280847,256
891498520,slsmqhm_1_16,48271423,256
890056620,slsmqhm_1_16,48146879,256
895777700,slsmqhm_1_16,48364344,256
893631040,slsmqhm_1_16,48367543,256
1202990620,slsmqhm_1_32,69916280,256
1210989540,slsmqhm_1_32,70469883,256
1203769320,slsmqhm_1_32,70098103,256
1207960100,slsmqhm_1_32,70391093,256
1213794920,slsmqhm_1_32,70574070,256
3215372560,slsmqhm_1_64,102870274,256
3280264020,slsmqhm_1_64,102962770,256
3303808660,slsmqhm_1_64,103103639,256
3309744420,slsmqhm_1_64,102979290,256
3308784600,slsmqhm_1_64,103243676,256
3277615520,slsmqhm_1_128,158671850,256
3261329340,slsmqhm_1_128,132480355,256
3282014240,slsmqhm_1_128,138362129,256
3327109540,slsmqhm_1_128,159653299,256
3300372880,slsmqhm_1_128,142754502,256
3511940780,slsmqhm_1_256,183656650,256
3443366140,slsmqhm_1_256,179446661,256
4116232200,slsmqhm_1_256,226103785,256
4175875500,slsmqhm_1_256,227935747,256
3851519780,slsmqhm_1_256,207086192,256
4722143860,slsmqhm_1_512,272254164,256
5413122300,slsmqhm_1_512,319127780,256
4427522860,slsmqhm_1_512,249580823,256
5181934420,slsmqhm_1_512,303947853,256
5369093420,slsmqhm_1_512,317305883,256
5494354540,slsmqhm_1_1024,328001768,256
5560472380,slsmqhm_1_1024,333786051,256
4785489000,slsmqhm_1_1024,276851011,256
5111991960,slsmqhm_1_1024,299529314,256
4888047560,slsmqhm_1_1024,284747626,256
521742740,slsmqhm_2_1,32802395,256
521541480,slsmqhm_2_1,32798569,256
520013100,slsmqhm_2_1,32848652,256
518682240,slsmqhm_2_1,32841847,256
517006420,slsmqhm_2_1,32880616,256
548849900,slsmqhm_2_2,32493938,256
549043220,slsmqhm_2_2,32459153,256
548873040,slsmqhm_2_2,32519527,256
545442220,slsmqhm_2_2,32428863,256
546106880,slsmqhm_2_2,32408377,256
589472740,slsmqhm_2_4,33563342,256
588134180,slsmqhm_2_4,33609155,256
590946460,slsmqhm_2_4,33607035,256
589013900,slsmqhm_2_4,33637207,256
589843420,slsmqhm_2_4,33645201,256
658544920,slsmqhm_2_8,37535198,256
661775480,slsmqhm_2_8,37554684,256
657420020,slsmqhm_2_8,37471067,256
658938600,slsmqhm_2_8,37491468,256
660901600,slsmqhm_2_8,37546481,256
810053720,slsmqhm_2_16,46998404,256
809054700,slsmqhm_2_16,47199570,256
810165300,slsmqhm_2_16,47134522,256
809406780,slsmqhm_2_16,47082685,256
810473140,slsmqhm_2_16,47189150,256
1090511020,slsmqhm_2_32,65582098,256
1090680040,slsmqhm_2_32,65573628,256
1096049660,slsmqhm_2_32,65811330,256
1095764820,slsmqhm_2_32,65732349,256
1095151320,slsmqhm_2_32,65665391,256
1497855140,slsmqhm_2_64,94186739,256
1495003940,slsmqhm_2_64,94086846,256
1489584220,slsmqhm_2_64,93639489,256
1505760700,slsmqhm_2_64,94302787,256
1480090600,slsmqhm_2_64,92599021,256
3214754720,slsmqhm_2_128,139831126,256
3197163000,slsmqhm_2_128,129945761,256
3295495700,slsmqhm_2_128,136246914,256
3309016760,slsmqhm_2_128,142175786,256
3292500420,slsmqhm_2_128,136438258,256
3215858700,slsmqhm_2_256,161246415,256
3278089940,slsmqhm_2_256,170456637,256
3528738480,slsmqhm_2_256,184231843,256
3373881580,slsmqhm_2_256,175056325,256
3580876340,slsmqhm_2_256,189830943,256
3613583740,slsmqhm_2_512,194986307,256
3646560620,slsmqhm_2_512,196975846,256
4140474220,slsmqhm_2_512,231844855,256
3696631140,slsmqhm_2_512,199326881,256
3901790260,slsmqhm_2_512,212379135,256
4101831280,slsmqhm_2_1024,229445818,256
3859054400,slsmqhm_2_1024,210540131,256
3910944660,slsmqhm_2_1024,214868855,256
3731072500,slsmqhm_2_1024,202912217,256
3919568980,slsmqhm_2_1024,215929066,256
471371340,slsmqhm_4_1,37770842,256
473855520,slsmqhm_4_1,37639285,256
467799640,slsmqhm_4_1,37675224,256
468346380,slsmqhm_4_1,37764360,256
466301600,slsmqhm_4_1,37687197,256
476553260,slsmqhm_4_2,35273902,256
476883580,slsmqhm_4_2,35387715,256
477033640,slsmqhm_4_2,35383456,256
475394780,slsmqhm_4_2,35295172,256
476850420,slsmqhm_4_2,35380423,256
523506920,slsmqhm_4_4,35943859,256
521782020,slsmqhm_4_4,35919258,256
521127640,slsmqhm_4_4,35918127,256
522048780,slsmqhm_4_4,35940426,256
518406680,slsmqhm_4_4,35896632,256
605532640,slsmqhm_4_8,39655362,256
620603680,slsmqhm_4_8,39751888,256
606165820,slsmqhm_4_8,39704133,256
605289460,slsmqhm_4_8,39653444,256
604639060,slsmqhm_4_8,39618266,256
753493280,slsmqhm_4_16,48259772,256
759196000,slsmqhm_4_16,48547798,256
756310780,slsmqhm_4_16,48470190,256
768410580,slsmqhm_4_16,48432166,256
758238040,slsmqhm_4_16,48547872,256
1003373640,slsmqhm_4_32,64584030,256
1005362240,slsmqhm_4_32,64725156,256
1008575200,slsmqhm_4_32,64965255,256
1006596220,slsmqhm_4_32,64663411,256
1004749620,slsmqhm_4_32,64579103,256
1374995160,slsmqhm_4_64,89260614,256
1377774260,slsmqhm_4_64,89317043,256
1380225000,slsmqhm_4_64,89530391,256
1368309000,slsmqhm_4_64,88664880,256
1389097740,slsmqhm_4_64,89995579,256
3147143720,slsmqhm_4_128,122776100,256
3202867440,slsmqhm_4_128,132016050,256
3227149520,slsmqhm_4_128,118452057,256
3236677880,slsmqhm_4_128,124813695,256
3214703700,slsmqhm_4_128,121673985,256
3179777860,slsmqhm_4_256,144936065,256
3205947300,slsmqhm_4_256,160431934,256
3248107880,slsmqhm_4_256,157194459,256
3242420860,slsmqhm_4_256,158380714,256
3222589940,slsmqhm_4_256,148283914,256
3205352620,slsmqhm_4_512,154951387,256
3410480840,slsmqhm_4_512,182864848,256
3314274860,slsmqhm_4_512,174851499,256
3155450440,slsmqhm_4_512,170597397,256
3229867180,slsmqhm_4_512,168159597,256
3237913760,slsmqhm_4_1024,169840815,256
3231511420,slsmqhm_4_1024,165296934,256
3262220260,slsmqhm_4_1024,170112566,256
3253325820,slsmqhm_4_1024,164460689,256
3290196480,slsmqhm_4_1024,172549540,256
504350220,slsmqhm_8_1,46501493,256
507456280,slsmqhm_8_1,46886723,256
503107680,slsmqhm_8_1,46687616,256
503896400,slsmqhm_8_1,46728473,256
498625440,slsmqhm_8_1,46730747,256
457242720,slsmqhm_8_2,40758831,256
455333620,slsmqhm_8_2,40939418,256
453910860,slsmqhm_8_2,40874618,256
453009980,slsmqhm_8_2,40842959,256
452818300,slsmqhm_8_2,40895149,256
480193080,slsmqhm_8_4,39673469,256
482568040,slsmqhm_8_4,39811269,256
510081320,slsmqhm_8_4,39721870,256
479808960,slsmqhm_8_4,39707173,256
479227700,slsmqhm_8_4,39703417,256
562264800,slsmqhm_8_8,43135380,256
561925740,slsmqhm_8_8,43199071,256
562163940,slsmqhm_8_8,43242514,256
560841660,slsmqhm_8_8,43128665,256
570906140,slsmqhm_8_8,43196012,256
714247760,slsmqhm_8_16,51836215,256
716047380,slsmqhm_8_16,52100296,256
726802840,slsmqhm_8_16,52026861,256
710685180,slsmqhm_8_16,51828192,256
816252520,slsmqhm_8_16,52780607,256
960526740,slsmqhm_8_32,67471507,256
962753880,slsmqhm_8_32,67462419,256
963448820,slsmqhm_8_32,67574968,256
963373480,slsmqhm_8_32,67536349,256
967395280,slsmqhm_8_32,67646627,256
1392113120,slsmqhm_8_64,90501746,256
1307621680,slsmqhm_8_64,90717017,256
1301745820,slsmqhm_8_64,90076117,256
1309183700,slsmqhm_8_64,90800203,256
1297932040,slsmqhm_8_64,90009139,256
2996678880,slsmqhm_8_128,111912042,256
3134803640,slsmqhm_8_128,115776048,256
3164127860,slsmqhm_8_128,114555117,256
3172231060,slsmqhm_8_128,115317512,256
3154282420,slsmqhm_8_128,116019077,256
3149535540,slsmqhm_8_256,139498432,256
3186305040,slsmqhm_8_256,156462144,256
3184416820,slsmqhm_8_256,143169654,256
3187930280,slsmqhm_8_256,149255450,256
3176653240,slsmqhm_8_256,139753504,256
3184612640,slsmqhm_8_512,164164915,256
3166784540,slsmqhm_8_512,144810399,256
3194139560,slsmqhm_8_512,155626939,256
3287284500,slsmqhm_8_512,177287501,256
3206252060,slsmqhm_8_512,165807854,256
3192468500,slsmqhm_8_1024,152373085,256
3189854840,slsmqhm_8_1024,147864085,256
3202657080,slsmqhm_8_1024,149652569,256
3218982980,slsmqhm_8_1024,151666722,256
3106391860,slsmqhm_8_1024,148797664,256
555042380,slsmqhm_16_1,61021819,256
577026420,slsmqhm_16_1,61246758,256
558598100,slsmqhm_16_1,61405406,256
551991120,slsmqhm_16_1,60968430,256
553215900,slsmqhm_16_1,61582361,256
482202360,slsmqhm_16_2,49759598,256
480977720,slsmqhm_16_2,49869950,256
481450260,slsmqhm_16_2,49982671,256
480652540,slsmqhm_16_2,50008391,256
606009240,slsmqhm_16_2,49707559,256
474328080,slsmqhm_16_4,45852861,256
474551000,slsmqhm_16_4,45823766,256
475104060,slsmqhm_16_4,45638061,256
476363460,slsmqhm_16_4,45714129,256
507080940,slsmqhm_16_4,45831293,256
535568260,slsmqhm_16_8,48028205,256
539943120,slsmqhm_16_8,48258733,256
539298440,slsmqhm_16_8,48171141,256
541658660,slsmqhm_16_8,48427209,256
537920800,slsmqhm_16_8,48235443,256
689788640,slsmqhm_16_16,57495052,256
686067860,slsmqhm_16_16,57192490,256
686159420,slsmqhm_16_16,57274127,256
684580060,slsmqhm_16_16,57135034,256
689041300,slsmqhm_16_16,57228311,256
932732740,slsmqhm_16_32,73494705,256
932427040,slsmqhm_16_32,73501130,256
936558300,slsmqhm_16_32,73707195,256
931289540,slsmqhm_16_32,73406771,256
937882840,slsmqhm_16_32,73927414,256
1280378500,slsmqhm_16_64,96512663,256
1283517040,slsmqhm_16_64,96845611,256
1359947400,slsmqhm_16_64,97026922,256
1357842440,slsmqhm_16_64,97172339,256
1372383660,slsmqhm_16_64,98668287,256
3031757360,slsmqhm_16_128,125674565,256
3018949960,slsmqhm_16_128,113246247,256
3104770920,slsmqhm_16_128,120547262,256
3082996560,slsmqhm_16_128,119221615,256
3073628460,slsmqhm_16_128,115603666,256
3110632820,slsmqhm_16_256,169722538,256
3097359240,slsmqhm_16_256,150246765,256
3109915080,slsmqhm_16_256,147965664,256
3113856120,slsmqhm_16_256,141350387,256
3124681900,slsmqhm_16_256,143028931,256
3145190940,slsmqhm_16_512,154943845,256
3110396540,slsmqhm_16_512,154099459,256
3127984900,slsmqhm_16_512,156272290,256
3143670560,slsmqhm_16_512,160800289,256
3151380400,slsmqhm_16_512,173466080,256
3132793140,slsmqhm_16_1024,155189502,256
3179788100,slsmqhm_16_1024,158705841,256
3274253200,slsmqhm_16_1024,165787756,256
3168108260,slsmqhm_16_1024,153262648,256
3199954900,slsmqhm_16_1024,152711465,256
672411400,slsmqhm_32_1,81369769,256
681942380,slsmqhm_32_1,82426973,256
684231280,slsmqhm_32_1,80770037,256
690962960,slsmqhm_32_1,81930766,256
660610140,slsmqhm_32_1,81643741,256
553762980,slsmqhm_32_2,64302619,256
547176780,slsmqhm_32_2,63810450,256
548363620,slsmqhm_32_2,63964083,256
575379560,slsmqhm_32_2,63853728,256
550084220,slsmqhm_32_2,64080939,256
501794340,slsmqhm_32_4,54791749,256
500879680,slsmqhm_32_4,54654778,256
506706680,slsmqhm_32_4,55161124,256
503079460,slsmqhm_32_4,54954831,256
502549720,slsmqhm_32_4,54912975,256
536890140,slsmqhm_32_8,55011365,256
543286720,slsmqhm_32_8,55143499,256
534981800,slsmqhm_32_8,55130391,256
536448260,slsmqhm_32_8,55377131,256
535913320,slsmqhm_32_8,55148992,256
668849540,slsmqhm_32_16,64081757,256
668273760,slsmqhm_32_16,63926063,256
706017220,slsmqhm_32_16,64378887,256
666255220,slsmqhm_32_16,64006633,256
670654000,slsmqhm_32_16,64080486,256
924229860,slsmqhm_32_32,81654620,256
923288920,slsmqhm_32_32,81675985,256
924845980,slsmqhm_32_32,81649340,256
942866820,slsmqhm_32_32,81842631,256
924828600,slsmqhm_32_32,81566879,256
2814780780,slsmqhm_32_64,104458031,256
2843451620,slsmqhm_32_64,103544396,256
2869509640,slsmqhm_32_64,103939942,256
2869866580,slsmqhm_32_64,103583511,256
2869037340,slsmqhm_32_64,102709100,256
2955852220,slsmqhm_32_128,131734351,256
2948057720,slsmqhm_32_128,122423240,256
2991453120,slsmqhm_32_128,128377900,256
2975635840,slsmqhm_32_128,121953123,256
2984213300,slsmqhm_32_128,124172911,256
3026389520,slsmqhm_32_256,159088104,256
3048244260,slsmqhm_32_256,158173971,256
2970693140,slsmqhm_32_256,165193998,256
3051098980,slsmqhm_32_256,153526530,256
3044856100,slsmqhm_32_256,149212462,256
3058567480,slsmqhm_32_512,167728839,256
3115740220,slsmqhm_32_512,180292362,256
3088548580,slsmqhm_32_512,180700108,256
3077196520,slsmqhm_32_512,169575640,256
3066563200,slsmqhm_32_512,170497132,256
3083102660,slsmqhm_32_1024,171590526,256
3088951380,slsmqhm_32_1024,172011911,256
3119611960,slsmqhm_32_1024,181116529,256
3090114080,slsmqhm_32_1024,175681974,256
3097935600,slsmqhm_32_1024,176123665,256
2481139960,slsmqhm_64_1,108647086,256
2467850100,slsmqhm_64_1,110330617,256
2460997120,slsmqhm_64_1,108444027,256
2456908820,slsmqhm_64_1,106559656,256
2460665140,slsmqhm_64_1,107212501,256
670515640,slsmqhm_64_2,85042702,256
691742900,slsmqhm_64_2,84574795,256
667689480,slsmqhm_64_2,83733892,256
667672120,slsmqhm_64_2,83724743,256
667616640,slsmqhm_64_2,83827801,256
571714880,slsmqhm_64_4,68396678,256
575301160,slsmqhm_64_4,69019294,256
574145680,slsmqhm_64_4,68753691,256
568735640,slsmqhm_64_4,68314571,256
566196440,slsmqhm_64_4,68239730,256
566583480,slsmqhm_64_8,64480311,256
565382720,slsmqhm_64_8,64465428,256
563349040,slsmqhm_64_8,64495046,256
567825820,slsmqhm_64_8,64710489,256
566247200,slsmqhm_64_8,64895956,256
671016700,slsmqhm_64_16,72324511,256
674395240,slsmqhm_64_16,72525232,256
672933840,slsmqhm_64_16,72612221,256
671349280,slsmqhm_64_16,72204365,256
673358540,slsmqhm_64_16,72402429,256
905037000,slsmqhm_64_32,91184738,256
922994080,slsmqhm_64_32,91151723,256
901998500,slsmqhm_64_32,91068292,256
907827040,slsmqhm_64_32,92079681,256
903007220,slsmqhm_64_32,91403414,256
2681107320,slsmqhm_64_64,107658972,256
2720941620,slsmqhm_64_64,107867203,256
2757977760,slsmqhm_64_64,113155611,256
2747378120,slsmqhm_64_64,107189202,256
2778043520,slsmqhm_64_64,108342944,256
2846690960,slsmqhm_64_128,145726312,256
2844724900,slsmqhm_64_128,135655219,256
2871127020,slsmqhm_64_128,140169989,256
2862521020,slsmqhm_64_128,130001808,256
2879329120,slsmqhm_64_128,136199417,256
2968930740,slsmqhm_64_256,175890430,256
2976559100,slsmqhm_64_256,174533743,256
2958050540,slsmqhm_64_256,168538733,256
3004718640,slsmqhm_64_256,175222834,256
2982150700,slsmqhm_64_256,174109526,256
3179745760,slsmqhm_64_512,200125114,256
3197072800,slsmqhm_64_512,197631961,256
3178747520,slsmqhm_64_512,198973265,256
3104822820,slsmqhm_64_512,192637868,256
3274919220,slsmqhm_64_512,207412829,256
3414614600,slsmqhm_64_1024,217446344,256
3325836540,slsmqhm_64_1024,207476944,256
3207108480,slsmqhm_64_1024,202248392,256
3525432860,slsmqhm_64_1024,224244605,256
3285543940,slsmqhm_64_1024,207816410,256
2473874420,slsmqhm_128_1,134554700,256
2460893760,slsmqhm_128_1,135384991,256
2443434460,slsmqhm_128_1,134314156,256
2454120900,slsmqhm_128_1,134308143,256
2461351820,slsmqhm_128_1,131458354,256
2448525180,slsmqhm_128_2,107141986,256
2445926880,slsmqhm_128_2,110237501,256
2379054140,slsmqhm_128_2,107350277,256
2445936580,slsmqhm_128_2,107795854,256
2427795780,slsmqhm_128_2,110433819,256
693598440,slsmqhm_128_4,87733807,256
694500340,slsmqhm_128_4,89170678,256
682494260,slsmqhm_128_4,87452351,256
692628360,slsmqhm_128_4,89179156,256
690150360,slsmqhm_128_4,88666344,256
649491780,slsmqhm_128_8,78363591,256
642238900,slsmqhm_128_8,78561317,256
627687380,slsmqhm_128_8,77503383,256
639581620,slsmqhm_128_8,77976943,256
641559280,slsmqhm_128_8,79231561,256
710136400,slsmqhm_128_16,82588164,256
697656500,slsmqhm_128_16,82843327,256
694736160,slsmqhm_128_16,82488512,256
689176140,slsmqhm_128_16,82086103,256
693585480,slsmqhm_128_16,82296585,256
2485004560,slsmqhm_128_32,100769530,256
2527918840,slsmqhm_128_32,101006261,256
2551533300,slsmqhm_128_32,100946728,256
2560570560,slsmqhm_128_32,101009625,256
2385450960,slsmqhm_128_32,100744153,256
2593317720,slsmqhm_128_64,114179592,256
2625279220,slsmqhm_128_64,114069743,256
2620609320,slsmqhm_128_64,113324106,256
2633862640,slsmqhm_128_64,117012026,256
2634611140,slsmqhm_128_64,115972947,256
2749323660,slsmqhm_128_128,141824854,256
2754053140,slsmqhm_128_128,146060182,256
2774727980,slsmqhm_128_128,150000277,256
2767896700,slsmqhm_128_128,143836044,256
2777919480,slsmqhm_128_128,146465813,256
3122402420,slsmqhm_128_256,199980522,256
3030623100,slsmqhm_128_256,185978509,256
3048344540,slsmqhm_128_256,189284298,256
3025284820,slsmqhm_128_256,185694412,256
3053856260,slsmqhm_128_256,187747781,256
3183501480,slsmqhm_128_512,212710628,256
3371214500,slsmqhm_128_512,229138893,256
3308449200,slsmqhm_128_512,225805857,256
3774690000,slsmqhm_128_512,262292587,256
3368233160,slsmqhm_128_512,228942324,256
3902017940,slsmqhm_128_1024,268696086,256
3831000020,slsmqhm_128_1024,263243639,256
3615748080,slsmqhm_128_1024,246072445,256
4001931800,slsmqhm_128_1024,277539418,256
3604159360,slsmqhm_128_1024,247748005,256
2651606780,slsmqhm_256_1,168695108,256
2642891160,slsmqhm_256_1,168798468,256
2645741420,slsmqhm_256_1,172558751,256
2628608620,slsmqhm_256_1,166013969,256
2602097560,slsmqhm_256_1,164701639,256
2454056320,slsmqhm_256_2,136148378,256
2474889980,slsmqhm_256_2,134679918,256
2426936880,slsmqhm_256_2,133065739,256
2428509960,slsmqhm_256_2,135560336,256
2424079660,slsmqhm_256_2,132891225,256
2437370840,slsmqhm_256_4,110456345,256
2426113520,slsmqhm_256_4,110294787,256
2425592360,slsmqhm_256_4,108480424,256
2414548100,slsmqhm_256_4,111887836,256
2413224360,slsmqhm_256_4,108756534,256
737888040,slsmqhm_256_8,96609681,256
775198100,slsmqhm_256_8,96180565,256
803328100,slsmqhm_256_8,96079066,256
769063140,slsmqhm_256_8,96772538,256
741253660,slsmqhm_256_8,96827241,256
742972880,slsmqhm_256_16,95541090,256
1883485460,slsmqhm_256_16,95367572,256
741296780,slsmqhm_256_16,94293552,256
810176820,slsmqhm_256_16,95373946,256
741697220,slsmqhm_256_16,95573614,256
2452570680,slsmqhm_256_32,105584217,256
2456235360,slsmqhm_256_32,105934579,256
2466561140,slsmqhm_256_32,105355421,256
2466469640,slsmqhm_256_32,106028854,256
2479151020,slsmqhm_256_32,105754147,256
2530237800,slsmqhm_256_64,122302513,256
2520784780,slsmqhm_256_64,120485511,256
2543018640,slsmqhm_256_64,123393914,256
2542000640,slsmqhm_256_64,121956899,256
2548639980,slsmqhm_256_64,121818291,256
2880964120,slsmqhm_256_128,183562767,256
2706467460,slsmqhm_256_128,159307339,256
2694317620,slsmqhm_256_128,154853476,256
2735209440,slsmqhm_256_128,160146464,256
2811715700,slsmqhm_256_128,177164615,256
3119008340,slsmqhm_256_256,211500257,256
3277004920,slsmqhm_256_256,226513475,256
3136805760,slsmqhm_256_256,214152116,256
3137731700,slsmqhm_256_256,211550516,256
3143972240,slsmqhm_256_256,215426738,256
3870229000,slsmqhm_256_512,285934287,256
3689025480,slsmqhm_256_512,273352196,256
3676858140,slsmqhm_256_512,272018468,256
3480124860,slsmqhm_256_512,250121096,256
3589680580,slsmqhm_256_512,265132485,256
4565937760,slsmqhm_256_1024,339478404,256
4587613200,slsmqhm_256_1024,340761947,256
3751288480,slsmqhm_256_1024,281410900,256
3687987840,slsmqhm_256_1024,275229149,256
3699483100,slsmqhm_256_1024,275365542,256
2893048080,slsmqhm_512_1,201857803,256
2878565580,slsmqhm_512_1,200227683,256
2952236860,slsmqhm_512_1,210018931,256
2946677260,slsmqhm_512_1,209340201,256
3017907440,slsmqhm_512_1,215559653,256
2595251840,slsmqhm_512_2,165544031,256
2639422180,slsmqhm_512_2,173450315,256
2575342260,slsmqhm_512_2,165938881,256
2611938200,slsmqhm_512_2,172651325,256
2626641860,slsmqhm_512_2,168918610,256
2416054700,slsmqhm_512_4,134982699,256
2425748580,slsmqhm_512_4,137147751,256
2409231280,slsmqhm_512_4,133898272,256
2396917740,slsmqhm_512_4,135724494,256
2402771140,slsmqhm_512_4,133087426,256
2400733960,slsmqhm_512_8,115222863,256
2389601760,slsmqhm_512_8,114333764,256
2384021940,slsmqhm_512_8,113799235,256
2382989140,slsmqhm_512_8,114451872,256
2380762440,slsmqhm_512_8,114642652,256
2393265820,slsmqhm_512_16,106598735,256
2396951680,slsmqhm_512_16,105812802,256
2391095820,slsmqhm_512_16,106719396,256
2390989600,slsmqhm_512_16,106543771,256
2391733420,slsmqhm_512_16,107843824,256
2404771100,slsmqhm_512_32,111896405,256
2413284600,slsmqhm_512_32,111217148,256
2408820140,slsmqhm_512_32,110907869,256
2409439960,slsmqhm_512_32,110881594,256
2416472500,slsmqhm_512_32,111042433,256
2452360660,slsmqhm_512_64,129587043,256
2454468800,slsmqhm_512_64,130378790,256
2462399480,slsmqhm_512_64,129396899,256
2460538740,slsmqhm_512_64,130213712,256
2498036840,slsmqhm_512_64,128436712,256
2756267320,slsmqhm_512_128,174166833,256
2757191800,slsmqhm_512_128,178238196,256
2706113260,slsmqhm_512_128,167936652,256
2652617260,slsmqhm_512_128,172316523,256
2801611020,slsmqhm_512_128,176140931,256
3265548180,slsmqhm_512_256,234258937,256
3296818300,slsmqhm_512_256,238932674,256
3300549160,slsmqhm_512_256,237971245,256
3310836800,slsmqhm_512_256,239105855,256
3340150700,slsmqhm_512_256,240913304,256
4226813500,slsmqhm_512_512,328381240,256
3944839800,slsmqhm_512_512,303912385,256
4010363900,slsmqhm_512_512,295480751,256
3990492220,slsmqhm_512_512,294425183,256
3852664140,slsmqhm_512_512,286278508,256
4675768980,slsmqhm_512_1024,374520648,256
4541707460,slsmqhm_512_1024,363157186,256
4575770620,slsmqhm_512_1024,363478616,256
4164110280,slsmqhm_512_1024,323589008,256
4645670380,slsmqhm_512_1024,369699159,256
3515130380,slsmqhm_1024_1,264416228,256
3187288880,slsmqhm_1024_1,240068029,256
3556138020,slsmqhm_1024_1,270363702,256
3498383640,slsmqhm_1024_1,263939008,256
3503093680,slsmqhm_1024_1,258565336,256
2864408080,slsmqhm_1024_2,204652263,256
2912239020,slsmqhm_1024_2,212244606,256
2976358900,slsmqhm_1024_2,222570888,256
3044084920,slsmqhm_1024_2,223793482,256
2881097720,slsmqhm_1024_2,207400703,256
2578547080,slsmqhm_1024_4,173201533,256
2514528140,slsmqhm_1024_4,166384739,256
2592238500,slsmqhm_1024_4,173864602,256
2514827180,slsmqhm_1024_4,166662249,256
2571975960,slsmqhm_1024_4,175050637,256
2362755340,slsmqhm_1024_8,136948502,256
2391375960,slsmqhm_1024_8,141877736,256
2362691440,slsmqhm_1024_8,138896236,256
2359910660,slsmqhm_1024_8,138249503,256
2403592660,slsmqhm_1024_8,141860872,256
2376530460,slsmqhm_1024_16,119784919,256
2351912620,slsmqhm_1024_16,120743052,256
2359927580,slsmqhm_1024_16,123414997,256
2355391620,slsmqhm_1024_16,119945620,256
2359892320,slsmqhm_1024_16,121942692,256
2372743440,slsmqhm_1024_32,124651430,256
2370246700,slsmqhm_1024_32,123233623,256
2377100580,slsmqhm_1024_32,123403398,256
2376783960,slsmqhm_1024_32,120219632,256
2371683120,slsmqhm_1024_32,121209827,256
2437222040,slsmqhm_1024_64,139213105,256
2428037100,slsmqhm_1024_64,138828540,256
2432523760,slsmqhm_1024_64,139708359,256
2424764260,slsmqhm_1024_64,137247547,256
2414465180,slsmqhm_1024_64,137131997,256
2836023240,slsmqhm_1024_128,195534969,256
2758574040,slsmqhm_1024_128,187052998,256
2781929080,slsmqhm_1024_128,188546900,256
2779845920,slsmqhm_1024_128,186689830,256
2821596880,slsmqhm_1024_128,191638288,256
3628531660,slsmqhm_1024_256,265691054,256
3620528400,slsmqhm_1024_256,266179324,256
3650923380,slsmqhm_1024_256,268527675,256
3655913660,slsmqhm_1024_256,270683315,256
3662927520,slsmqhm_1024_256,267628547,256
4234521100,slsmqhm_1024_512,334287380,256
4400851620,slsmqhm_1024_512,352835911,256
4286487160,slsmqhm_1024_512,340958006,256
4290391760,slsmqhm_1024_512,341589024,256
4259619640,slsmqhm_1024_512,339754096,256
4947594840,slsmqhm_1024_1024,409185442,256
5141221720,slsmqhm_1024_1024,426253743,256
4951115580,slsmqhm_1024_1024,410043676,256
5016326340,slsmqhm_1024_1024,416899087,256
4783777560,slsmqhm_1024_1024,395645141,256
