3104944680,slsmqhm_1_1,48526602,256,0
3127538580,slsmqhm_1_1,48565638,256,0
3079188560,slsmqhm_1_1,48562969,256,0
3215973900,slsmqhm_1_1,48539156,256,0
3150398740,slsmqhm_1_1,48543608,256,0
3273101480,slsmqhm_1_2,48537541,256,0
3212447000,slsmqhm_1_2,48565876,256,0
3290396220,slsmqhm_1_2,48523462,256,0
3304185960,slsmqhm_1_2,48523090,256,0
3257020620,slsmqhm_1_2,48549343,256,0
3276457900,slsmqhm_1_4,48423728,256,0
3273377320,slsmqhm_1_4,48450414,256,0
3291842820,slsmqhm_1_4,48417019,256,0
3377354420,slsmqhm_1_4,48435041,256,0
3258870280,slsmqhm_1_4,48430455,256,0
3438342100,slsmqhm_1_8,48297991,256,0
3436083880,slsmqhm_1_8,48281058,256,0
3408484520,slsmqhm_1_8,48288024,256,0
3332179340,slsmqhm_1_8,48287731,256,0
4606164160,slsmqhm_1_8,48291461,256,0
3751729380,slsmqhm_1_16,48188615,256,0
3827885160,slsmqhm_1_16,48187168,256,0
3613549000,slsmqhm_1_16,48183147,256,0
4923212780,slsmqhm_1_16,48196649,256,0
3684727520,slsmqhm_1_16,48187772,256,0
4824112940,slsmqhm_1_32,48100225,256,0
3619003720,slsmqhm_1_32,48098418,256,0
4884538480,slsmqhm_1_32,48095297,256,0
3652278780,slsmqhm_1_32,48099722,256,0
4891304660,slsmqhm_1_32,48100723,256,0
3661942940,slsmqhm_1_64,48080148,256,0
11369926820,slsmqhm_1_64,48345131,256,0
7001845760,slsmqhm_1_64,48324323,256,0
8522629140,slsmqhm_1_64,48440393,256,0
6207267660,slsmqhm_1_64,48228237,256,0
6194758560,slsmqhm_1_128,48237578,256,0
9518533160,slsmqhm_1_128,48365379,256,0
6965267820,slsmqhm_1_128,48250176,256,0
8497318560,slsmqhm_1_128,48281197,256,0
9853973180,slsmqhm_1_128,48239012,256,0
4071864020,slsmqhm_1_256,48056505,256,0
9582978860,slsmqhm_1_256,48304000,256,0
4365116200,slsmqhm_1_256,48060632,256,0
3999880360,slsmqhm_1_256,48059769,256,0
10353271540,slsmqhm_1_256,48352789,256,0
5263659600,slsmqhm_1_512,48060796,256,0
9963652560,slsmqhm_1_512,48220958,256,0
5299538400,slsmqhm_1_512,48058681,256,0
4921241100,slsmqhm_1_512,48058184,256,0
8477577700,slsmqhm_1_512,48302728,256,0
16303953760,slsmqhm_1_1024,48212551,256,0
30888323020,slsmqhm_1_1024,48932384,256,0
15310840800,slsmqhm_1_1024,48417864,256,0
5843176140,slsmqhm_1_1024,48051963,256,0
5463298580,slsmqhm_1_1024,48052872,256,0
3328974440,slsmqhm_2_1,48435366,256,0
3308020260,slsmqhm_2_1,48421295,256,0
3335170800,slsmqhm_2_1,48395034,256,0
3322178520,slsmqhm_2_1,48405777,256,0
3656172000,slsmqhm_2_1,48439274,256,0
3370488960,slsmqhm_2_2,48376405,256,0
3148760540,slsmqhm_2_2,48406763,256,0
3282962420,slsmqhm_2_2,48408059,256,0
3217658920,slsmqhm_2_2,48412466,256,0
3264597340,slsmqhm_2_2,48400092,256,0
3219990300,slsmqhm_2_4,48358703,256,0
3293773980,slsmqhm_2_4,48379568,256,0
3330396440,slsmqhm_2_4,48365019,256,0
3286376220,slsmqhm_2_4,48364978,256,0
3163968580,slsmqhm_2_4,48349149,256,0
4457579420,slsmqhm_2_8,48283959,256,0
3214747600,slsmqhm_2_8,48264392,256,0
3251742620,slsmqhm_2_8,48269769,256,0
3200527540,slsmqhm_2_8,48246910,256,0
3300333780,slsmqhm_2_8,48240974,256,0
3520060600,slsmqhm_2_16,48173217,256,0
3561531260,slsmqhm_2_16,48174882,256,0
3432900420,slsmqhm_2_16,48186150,256,0
3498142100,slsmqhm_2_16,48171123,256,0
3469425640,slsmqhm_2_16,48181655,256,0
3687407680,slsmqhm_2_32,48095957,256,0
3568625940,slsmqhm_2_32,48099826,256,0
3619774040,slsmqhm_2_32,48097958,256,0
3484249340,slsmqhm_2_32,48095391,256,0
3544653600,slsmqhm_2_32,48099601,256,0
8320166680,slsmqhm_2_64,48249005,256,0
3761447340,slsmqhm_2_64,48078250,256,0
3670729580,slsmqhm_2_64,48077509,256,0
3805599180,slsmqhm_2_64,48078172,256,0
6407792440,slsmqhm_2_64,48245192,256,0
5099094840,slsmqhm_2_128,48200488,256,0
10667719200,slsmqhm_2_128,48335839,256,0
17213602940,slsmqhm_2_128,48401645,256,0
15925286500,slsmqhm_2_128,48347474,256,0
17658459980,slsmqhm_2_128,48324856,256,0
10326337780,slsmqhm_2_256,48307240,256,0
4763265580,slsmqhm_2_256,48106134,256,0
14339526920,slsmqhm_2_256,48314400,256,0
14152265320,slsmqhm_2_256,48351413,256,0
12426738560,slsmqhm_2_256,48337110,256,0
25861450820,slsmqhm_2_512,48709956,256,0
24649292480,slsmqhm_2_512,48668637,256,0
10029517500,slsmqhm_2_512,48298358,256,0
8761671040,slsmqhm_2_512,48239253,256,0
37378131080,slsmqhm_2_512,49010828,256,0
5450392680,slsmqhm_2_1024,48056456,256,0
5605399400,slsmqhm_2_1024,48056294,256,0
6272322800,slsmqhm_2_1024,48111658,256,0
17948793400,slsmqhm_2_1024,48377727,256,0
5453365680,slsmqhm_2_1024,48052914,256,0
5245960000,slsmqhm_4_1,48441577,256,0
5815080940,slsmqhm_4_1,48462398,256,0
5356265820,slsmqhm_4_1,48442855,256,0
6663455900,slsmqhm_4_1,48458684,256,0
4755050760,slsmqhm_4_1,48452043,256,0
3432289660,slsmqhm_4_2,48358492,256,0
4154330060,slsmqhm_4_2,48363283,256,0
3613334260,slsmqhm_4_2,48326723,256,0
4261188640,slsmqhm_4_2,48345397,256,0
3410241340,slsmqhm_4_2,48342485,256,0
3340264340,slsmqhm_4_4,48283216,256,0
3165295920,slsmqhm_4_4,48256345,256,0
3455226340,slsmqhm_4_4,48294855,256,0
3219173680,slsmqhm_4_4,48257923,256,0
3271395720,slsmqhm_4_4,48256324,256,0
3250523580,slsmqhm_4_8,48204226,256,0
3229831620,slsmqhm_4_8,48228816,256,0
3192023140,slsmqhm_4_8,48204620,256,0
3231459360,slsmqhm_4_8,48200060,256,0
3484976480,slsmqhm_4_8,48235922,256,0
3422312520,slsmqhm_4_16,48168189,256,0
3460428240,slsmqhm_4_16,48162980,256,0
3591505160,slsmqhm_4_16,48191678,256,0
3529053740,slsmqhm_4_16,48167839,256,0
3621916040,slsmqhm_4_16,48189245,256,0
3521849740,slsmqhm_4_32,48107705,256,0
3423071780,slsmqhm_4_32,48109507,256,0
3504721300,slsmqhm_4_32,48104594,256,0
3411000020,slsmqhm_4_32,48108051,256,0
3465853280,slsmqhm_4_32,48101623,256,0
3687059560,slsmqhm_4_64,48076664,256,0
3669594720,slsmqhm_4_64,48083326,256,0
3749617720,slsmqhm_4_64,48072820,256,0
3730302080,slsmqhm_4_64,48074797,256,0
3610317800,slsmqhm_4_64,48074420,256,0
6234396840,slsmqhm_4_128,48261344,256,0
11868593560,slsmqhm_4_128,48325574,256,0
11130264020,slsmqhm_4_128,48407526,256,0
13007301900,slsmqhm_4_128,48695257,256,0
16532938240,slsmqhm_4_128,48351803,256,0
11814192000,slsmqhm_4_256,48434735,256,0
35220804940,slsmqhm_4_256,48542830,256,0
13772311140,slsmqhm_4_256,48320263,256,0
20582700580,slsmqhm_4_256,48585007,256,0
16705762380,slsmqhm_4_256,48537283,256,0
18489775320,slsmqhm_4_512,48396043,256,0
54771686860,slsmqhm_4_512,49501340,256,0
29836114880,slsmqhm_4_512,48588208,256,0
33133711120,slsmqhm_4_512,48852260,256,0
21690556720,slsmqhm_4_512,48518893,256,0
54878717800,slsmqhm_4_1024,49069707,256,0
34913633540,slsmqhm_4_1024,48557069,256,0
62177121500,slsmqhm_4_1024,49175550,256,0
15492136480,slsmqhm_4_1024,48485984,256,0
44770688960,slsmqhm_4_1024,49024138,256,0
17921305300,slsmqhm_8_1,48674069,256,0
15644733240,slsmqhm_8_1,48664829,256,0
22289119880,slsmqhm_8_1,48751145,256,0
18257534320,slsmqhm_8_1,48709332,256,0
15252482540,slsmqhm_8_1,48651833,256,0
7688554560,slsmqhm_8_2,48458972,256,0
7001504500,slsmqhm_8_2,48453608,256,0
8091326600,slsmqhm_8_2,48453360,256,0
7521305860,slsmqhm_8_2,48434666,256,0
6004356240,slsmqhm_8_2,48441575,256,0
3818183940,slsmqhm_8_4,48286152,256,0
4203381980,slsmqhm_8_4,48276722,256,0
3602669360,slsmqhm_8_4,48274878,256,0
3718798640,slsmqhm_8_4,48266246,256,0
4056407480,slsmqhm_8_4,48292982,256,0
3111406680,slsmqhm_8_8,48184498,256,0
3347409260,slsmqhm_8_8,48168798,256,0
3362779980,slsmqhm_8_8,48197631,256,0
3314382740,slsmqhm_8_8,48189532,256,0
3191365640,slsmqhm_8_8,48176373,256,0
3722185560,slsmqhm_8_16,48195019,256,0
3429632620,slsmqhm_8_16,48135814,256,0
3616025800,slsmqhm_8_16,48189925,256,0
3693223420,slsmqhm_8_16,48208384,256,0
3410522500,slsmqhm_8_16,48186968,256,0
3549401460,slsmqhm_8_32,48173826,256,0
3385479700,slsmqhm_8_32,48126215,256,0
3387215120,slsmqhm_8_32,48130680,256,0
3339165240,slsmqhm_8_32,48100350,256,0
3426881280,slsmqhm_8_32,48094287,256,0
3679191700,slsmqhm_8_64,48087043,256,0
3640699760,slsmqhm_8_64,48084180,256,0
3528658160,slsmqhm_8_64,48089384,256,0
3400500260,slsmqhm_8_64,48085447,256,0
3754862240,slsmqhm_8_64,48110287,256,0
6987520120,slsmqhm_8_128,48216014,256,0
13905539780,slsmqhm_8_128,48417855,256,0
16714899640,slsmqhm_8_128,48659524,256,0
16285140080,slsmqhm_8_128,48623951,256,0
9640551620,slsmqhm_8_128,48405122,256,0
42224299600,slsmqhm_8_256,48709591,256,0
22307835300,slsmqhm_8_256,48687157,256,0
22953632940,slsmqhm_8_256,48566709,256,0
30969342220,slsmqhm_8_256,48488035,256,0
17342981560,slsmqhm_8_256,48613973,256,0
5478228580,slsmqhm_8_512,48064346,256,0
51032368200,slsmqhm_8_512,49019853,256,0
39773296800,slsmqhm_8_512,48828685,256,0
52411014740,slsmqhm_8_512,48886837,256,0
36499872380,slsmqhm_8_512,49187657,256,0
61051669860,slsmqhm_8_1024,49322623,256,0
26730565280,slsmqhm_8_1024,48522422,256,0
47233987860,slsmqhm_8_1024,48988458,256,0
44875202820,slsmqhm_8_1024,48867485,256,0
17968405220,slsmqhm_8_1024,48395032,256,0
30179687300,slsmqhm_16_1,48927160,256,0
27720766080,slsmqhm_16_1,48882425,256,0
26741235340,slsmqhm_16_1,48912796,256,0
37254517000,slsmqhm_16_1,48931113,256,0
31208918560,slsmqhm_16_1,48908673,256,0
20351793480,slsmqhm_16_2,48704892,256,0
19116069780,slsmqhm_16_2,48703909,256,0
21160907840,slsmqhm_16_2,48685578,256,0
16690953400,slsmqhm_16_2,48677854,256,0
24350573200,slsmqhm_16_2,48718737,256,0
8725886020,slsmqhm_16_4,48424303,256,0
7557890720,slsmqhm_16_4,48387079,256,0
8680638160,slsmqhm_16_4,48433117,256,0
9382343400,slsmqhm_16_4,48410617,256,0
9653277660,slsmqhm_16_4,48425644,256,0
3988368620,slsmqhm_16_8,48228328,256,0
4501696200,slsmqhm_16_8,48259193,256,0
3950445660,slsmqhm_16_8,48225278,256,0
4160112920,slsmqhm_16_8,48237285,256,0
4021715440,slsmqhm_16_8,48239165,256,0
4006089160,slsmqhm_16_16,48213010,256,0
4039698080,slsmqhm_16_16,48217108,256,0
4190247980,slsmqhm_16_16,48214762,256,0
3587355040,slsmqhm_16_16,48193382,256,0
3886590440,slsmqhm_16_16,48200309,256,0
3218085340,slsmqhm_16_32,48089258,256,0
3477416360,slsmqhm_16_32,48084111,256,0
3235089980,slsmqhm_16_32,48100701,256,0
3192315400,slsmqhm_16_32,48082095,256,0
3383121420,slsmqhm_16_32,48095749,256,0
3513335060,slsmqhm_16_64,48081399,256,0
3448517400,slsmqhm_16_64,48067321,256,0
3489161880,slsmqhm_16_64,48075671,256,0
3523352140,slsmqhm_16_64,48070758,256,0
3496005380,slsmqhm_16_64,48067253,256,0
10733852300,slsmqhm_16_128,48351336,256,0
6558380400,slsmqhm_16_128,48299854,256,0
4886987280,slsmqhm_16_128,48158728,256,0
8115318880,slsmqhm_16_128,48236876,256,0
6583190180,slsmqhm_16_128,48250643,256,0
29224198720,slsmqhm_16_256,48793215,256,0
55115755820,slsmqhm_16_256,49395128,256,0
19239667620,slsmqhm_16_256,48731060,256,0
27437978740,slsmqhm_16_256,48679775,256,0
34428265560,slsmqhm_16_256,48629969,256,0
33256899280,slsmqhm_16_512,48869083,256,0
73745547160,slsmqhm_16_512,49794681,256,0
9013124300,slsmqhm_16_512,48219179,256,0
34808921460,slsmqhm_16_512,49068030,256,0
44476842760,slsmqhm_16_512,49239790,256,0
59305180500,slsmqhm_16_1024,49214763,256,0
36181554080,slsmqhm_16_1024,49266022,256,0
30324062220,slsmqhm_16_1024,49121136,256,0
39008702260,slsmqhm_16_1024,48711158,256,0
47462707460,slsmqhm_16_1024,49774050,256,0
45388332420,slsmqhm_32_1,49099680,256,0
49415726720,slsmqhm_32_1,49176971,256,0
47687468480,slsmqhm_32_1,49131809,256,0
43498966980,slsmqhm_32_1,49063815,256,0
45391524480,slsmqhm_32_1,49199608,256,0
30314953420,slsmqhm_32_2,48876437,256,0
29871734740,slsmqhm_32_2,48887834,256,0
32300150760,slsmqhm_32_2,48850165,256,0
35535773860,slsmqhm_32_2,48950089,256,0
36049441720,slsmqhm_32_2,48913090,256,0
21694399320,slsmqhm_32_4,48690468,256,0
19800231520,slsmqhm_32_4,48659592,256,0
30924534600,slsmqhm_32_4,48758061,256,0
22687927160,slsmqhm_32_4,48641097,256,0
27028640220,slsmqhm_32_4,48694693,256,0
8979830260,slsmqhm_32_8,48373838,256,0
8837643400,slsmqhm_32_8,48419616,256,0
11299441240,slsmqhm_32_8,48386339,256,0
9358874740,slsmqhm_32_8,48404639,256,0
12123019280,slsmqhm_32_8,48401299,256,0
4803620640,slsmqhm_32_16,48243490,256,0
4968553600,slsmqhm_32_16,48267193,256,0
5435368440,slsmqhm_32_16,48255809,256,0
4579678280,slsmqhm_32_16,48254350,256,0
4344715340,slsmqhm_32_16,48247374,256,0
3351795840,slsmqhm_32_32,48086345,256,0
3358783800,slsmqhm_32_32,48103143,256,0
3460314280,slsmqhm_32_32,48117790,256,0
3855248460,slsmqhm_32_32,48158093,256,0
3369761960,slsmqhm_32_32,48126269,256,0
3340684240,slsmqhm_32_64,48062694,256,0
3543781320,slsmqhm_32_64,48067962,256,0
3391917120,slsmqhm_32_64,48074491,256,0
3622734880,slsmqhm_32_64,48067835,256,0
3334608280,slsmqhm_32_64,48076311,256,0
5813221540,slsmqhm_32_128,48193237,256,0
7207820940,slsmqhm_32_128,48259610,256,0
4038647320,slsmqhm_32_128,48063000,256,0
3728596100,slsmqhm_32_128,48064798,256,0
4432869760,slsmqhm_32_128,48061266,256,0
25877999160,slsmqhm_32_256,49017499,256,0
21513379220,slsmqhm_32_256,48738798,256,0
23197816740,slsmqhm_32_256,48739889,256,0
25048764540,slsmqhm_32_256,48507553,256,0
25349864120,slsmqhm_32_256,49021856,256,0
71272472880,slsmqhm_32_512,49793297,256,0
28426745000,slsmqhm_32_512,48997462,256,0
80694686900,slsmqhm_32_512,49637695,256,0
31922724140,slsmqhm_32_512,48646293,256,0
27233852140,slsmqhm_32_512,49087928,256,0
26207744720,slsmqhm_32_1024,48732636,256,0
122187531440,slsmqhm_32_1024,50632276,256,0
40166706300,slsmqhm_32_1024,49065837,256,0
114665326500,slsmqhm_32_1024,51044553,256,0
76834203960,slsmqhm_32_1024,49971869,256,0
58857336120,slsmqhm_64_1,49204377,256,0
59786819180,slsmqhm_64_1,49305253,256,0
74033202360,slsmqhm_64_1,49307935,256,0
50908454520,slsmqhm_64_1,49237611,256,0
47062853020,slsmqhm_64_1,49238306,256,0
44313190120,slsmqhm_64_2,49094878,256,0
48786801540,slsmqhm_64_2,49071456,256,0
51731088100,slsmqhm_64_2,49061964,256,0
50218052440,slsmqhm_64_2,49048634,256,0
54459194980,slsmqhm_64_2,49115221,256,0
36893176780,slsmqhm_64_4,48876393,256,0
39126845240,slsmqhm_64_4,48880345,256,0
37598170980,slsmqhm_64_4,48853359,256,0
51158277780,slsmqhm_64_4,48878950,256,0
36804449380,slsmqhm_64_4,48870340,256,0
20866432680,slsmqhm_64_8,48633856,256,0
22498414820,slsmqhm_64_8,48623136,256,0
25263413800,slsmqhm_64_8,48671268,256,0
20741929540,slsmqhm_64_8,48648048,256,0
23456515980,slsmqhm_64_8,48626000,256,0
13472570480,slsmqhm_64_16,48450884,256,0
13227127680,slsmqhm_64_16,48416665,256,0
16626841180,slsmqhm_64_16,48525058,256,0
9734241660,slsmqhm_64_16,48423015,256,0
10603344960,slsmqhm_64_16,48391337,256,0
5158198880,slsmqhm_64_32,48229167,256,0
5333102640,slsmqhm_64_32,48230660,256,0
5598050920,slsmqhm_64_32,48213248,256,0
4975580480,slsmqhm_64_32,48207653,256,0
5189502380,slsmqhm_64_32,48246673,256,0
3286467540,slsmqhm_64_64,48063468,256,0
3181810000,slsmqhm_64_64,48066807,256,0
3998060660,slsmqhm_64_64,48148066,256,0
3659935560,slsmqhm_64_64,48101699,256,0
4705366060,slsmqhm_64_64,48219125,256,0
3545309100,slsmqhm_64_128,48061055,256,0
3503254260,slsmqhm_64_128,48058538,256,0
4912356340,slsmqhm_64_128,48158077,256,0
3530818680,slsmqhm_64_128,48054867,256,0
3650024760,slsmqhm_64_128,48082474,256,0
10752126240,slsmqhm_64_256,48640806,256,0
9295101160,slsmqhm_64_256,48267009,256,0
10662013560,slsmqhm_64_256,48341022,256,0
10026452000,slsmqhm_64_256,48269491,256,0
15408663880,slsmqhm_64_256,48558071,256,0
43637231560,slsmqhm_64_512,49153478,256,0
85185274640,slsmqhm_64_512,50013016,256,0
48907442860,slsmqhm_64_512,49774848,256,0
31606072000,slsmqhm_64_512,49216075,256,0
23550351820,slsmqhm_64_512,48641482,256,0
27365794260,slsmqhm_64_1024,48617102,256,0
111617267780,slsmqhm_64_1024,50228771,256,0
55065312780,slsmqhm_64_1024,49296662,256,0
137955266520,slsmqhm_64_1024,50781402,256,0
121577194180,slsmqhm_64_1024,51476151,256,0
59371089420,slsmqhm_128_1,49351516,256,0
68100562020,slsmqhm_128_1,49392680,256,0
53602812400,slsmqhm_128_1,49376722,256,0
61682233260,slsmqhm_128_1,49338243,256,0
58519229320,slsmqhm_128_1,49272392,256,0
57821540320,slsmqhm_128_2,49213369,256,0
57113073160,slsmqhm_128_2,49196286,256,0
50314279020,slsmqhm_128_2,49217287,256,0
53014176760,slsmqhm_128_2,49220602,256,0
61985288260,slsmqhm_128_2,49242405,256,0
57747890240,slsmqhm_128_4,49105490,256,0
48919184840,slsmqhm_128_4,49102779,256,0
46837960060,slsmqhm_128_4,49070887,256,0
56540655160,slsmqhm_128_4,49097185,256,0
65426236640,slsmqhm_128_4,49116614,256,0
38632317780,slsmqhm_128_8,48865973,256,0
38652253020,slsmqhm_128_8,48856126,256,0
41677494060,slsmqhm_128_8,48876545,256,0
43643976360,slsmqhm_128_8,48914227,256,0
40091846020,slsmqhm_128_8,48837067,256,0
24854080260,slsmqhm_128_16,48624228,256,0
24829847600,slsmqhm_128_16,48669554,256,0
28764891720,slsmqhm_128_16,48687983,256,0
26054190240,slsmqhm_128_16,48629359,256,0
25995423540,slsmqhm_128_16,48677558,256,0
10241197360,slsmqhm_128_32,48375275,256,0
14408494160,slsmqhm_128_32,48389931,256,0
13206000220,slsmqhm_128_32,48420742,256,0
15308351820,slsmqhm_128_32,48430784,256,0
14404795100,slsmqhm_128_32,48389368,256,0
7111012300,slsmqhm_128_64,48276482,256,0
5637235640,slsmqhm_128_64,48229353,256,0
4691804740,slsmqhm_128_64,48189590,256,0
4874714340,slsmqhm_128_64,48211825,256,0
7086629020,slsmqhm_128_64,48205536,256,0
4213726100,slsmqhm_128_128,48136196,256,0
4777570000,slsmqhm_128_128,48169888,256,0
3316157500,slsmqhm_128_128,48052243,256,0
3765228620,slsmqhm_128_128,48104234,256,0
3336663080,slsmqhm_128_128,48052901,256,0
7424130400,slsmqhm_128_256,48279608,256,0
3511042200,slsmqhm_128_256,48059360,256,0
3797566240,slsmqhm_128_256,48050471,256,0
3545262720,slsmqhm_128_256,48060513,256,0
5929357460,slsmqhm_128_256,48265729,256,0
19664853400,slsmqhm_128_512,48702717,256,0
13263471580,slsmqhm_128_512,48358265,256,0
23753178820,slsmqhm_128_512,48937765,256,0
20248337520,slsmqhm_128_512,48431571,256,0
25371049600,slsmqhm_128_512,48884360,256,0
66579319820,slsmqhm_128_1024,49509829,256,0
98800844260,slsmqhm_128_1024,50797621,256,0
42580426280,slsmqhm_128_1024,49043447,256,0
151414133840,slsmqhm_128_1024,52132302,256,0
84137057600,slsmqhm_128_1024,50412986,256,0
60865856320,slsmqhm_256_1,49405191,256,0
64529320600,slsmqhm_256_1,49405502,256,0
81088176080,slsmqhm_256_1,49392687,256,0
61857208980,slsmqhm_256_1,49407558,256,0
65493369300,slsmqhm_256_1,49420821,256,0
71175972700,slsmqhm_256_2,49292509,256,0
65414481700,slsmqhm_256_2,49354301,256,0
69346566760,slsmqhm_256_2,49348375,256,0
68120675360,slsmqhm_256_2,49347960,256,0
61647344000,slsmqhm_256_2,49299637,256,0
55408289920,slsmqhm_256_4,49295031,256,0
67508193160,slsmqhm_256_4,49363490,256,0
57800508080,slsmqhm_256_4,49219768,256,0
60408703440,slsmqhm_256_4,49188379,256,0
62447329540,slsmqhm_256_4,49190233,256,0
53008311140,slsmqhm_256_8,49035075,256,0
54170639360,slsmqhm_256_8,49097223,256,0
52425108260,slsmqhm_256_8,49042645,256,0
60461687860,slsmqhm_256_8,49058383,256,0
60304934320,slsmqhm_256_8,49124345,256,0
51827516360,slsmqhm_256_16,48894003,256,0
51088310220,slsmqhm_256_16,48968855,256,0
50977825200,slsmqhm_256_16,48907657,256,0
51513723720,slsmqhm_256_16,48907534,256,0
55452053160,slsmqhm_256_16,48956539,256,0
35131428940,slsmqhm_256_32,48710442,256,0
26395744740,slsmqhm_256_32,48620826,256,0
27045401800,slsmqhm_256_32,48664397,256,0
33156966460,slsmqhm_256_32,48667335,256,0
29892839020,slsmqhm_256_32,48675435,256,0
22764593960,slsmqhm_256_64,48452133,256,0
14357660360,slsmqhm_256_64,48389491,256,0
14817175140,slsmqhm_256_64,48438027,256,0
15777021980,slsmqhm_256_64,48426126,256,0
16881882720,slsmqhm_256_64,48512912,256,0
7649332960,slsmqhm_256_128,48311073,256,0
7617639640,slsmqhm_256_128,48234614,256,0
5833139460,slsmqhm_256_128,48215315,256,0
7663007520,slsmqhm_256_128,48218084,256,0
6276288280,slsmqhm_256_128,48258535,256,0
5857974300,slsmqhm_256_256,48225529,256,0
4765781620,slsmqhm_256_256,48150535,256,0
7779040780,slsmqhm_256_256,48331066,256,0
6800238780,slsmqhm_256_256,48197337,256,0
4489601100,slsmqhm_256_256,48161680,256,0
8909812440,slsmqhm_256_512,48425238,256,0
18069153520,slsmqhm_256_512,48596264,256,0
27038919940,slsmqhm_256_512,48869869,256,0
24719233300,slsmqhm_256_512,48801149,256,0
26449943880,slsmqhm_256_512,48800557,256,0
38863245820,slsmqhm_256_1024,49532434,256,0
69314837880,slsmqhm_256_1024,49533749,256,0
30289085900,slsmqhm_256_1024,48954770,256,0
52305216840,slsmqhm_256_1024,49272062,256,0
26355887280,slsmqhm_256_1024,48752165,256,0
64716732680,slsmqhm_512_1,49400431,256,0
68722047080,slsmqhm_512_1,49355517,256,0
59418814340,slsmqhm_512_1,49435866,256,0
62659139400,slsmqhm_512_1,49380094,256,0
63007898320,slsmqhm_512_1,49398172,256,0
75885337480,slsmqhm_512_2,49345189,256,0
72037611680,slsmqhm_512_2,49404672,256,0
64284799360,slsmqhm_512_2,49351122,256,0
70483565220,slsmqhm_512_2,49357936,256,0
63433788420,slsmqhm_512_2,49448423,256,0
67546628940,slsmqhm_512_4,49261230,256,0
63647433260,slsmqhm_512_4,49269642,256,0
71025838500,slsmqhm_512_4,49278371,256,0
62292033360,slsmqhm_512_4,49300890,256,0
61527198820,slsmqhm_512_4,49261199,256,0
68424666020,slsmqhm_512_8,49177237,256,0
76713263760,slsmqhm_512_8,49287852,256,0
65893982860,slsmqhm_512_8,49283220,256,0
72640586660,slsmqhm_512_8,49619712,256,0
63883409140,slsmqhm_512_8,49192233,256,0
67324116240,slsmqhm_512_16,49038776,256,0
70138470360,slsmqhm_512_16,49063746,256,0
61028645160,slsmqhm_512_16,49106094,256,0
53772558240,slsmqhm_512_16,49027707,256,0
64867601800,slsmqhm_512_16,49069987,256,0
42405957740,slsmqhm_512_32,48890110,256,0
48746794060,slsmqhm_512_32,48842017,256,0
46373499940,slsmqhm_512_32,48840902,256,0
40116664680,slsmqhm_512_32,48862229,256,0
49650239140,slsmqhm_512_32,48886447,256,0
51734010780,slsmqhm_512_64,48859771,256,0
31501360400,slsmqhm_512_64,48673955,256,0
57326656440,slsmqhm_512_64,48844049,256,0
29643799220,slsmqhm_512_64,48674223,256,0
34095505120,slsmqhm_512_64,48691744,256,0
18102289800,slsmqhm_512_128,48426281,256,0
12300455780,slsmqhm_512_128,48409470,256,0
17980510360,slsmqhm_512_128,48532971,256,0
17603997520,slsmqhm_512_128,48430283,256,0
17374032520,slsmqhm_512_128,48380895,256,0
9783531460,slsmqhm_512_256,48377136,256,0
8602150320,slsmqhm_512_256,48250310,256,0
9037285500,slsmqhm_512_256,48269314,256,0
9915950120,slsmqhm_512_256,48422402,256,0
7290299500,slsmqhm_512_256,48224619,256,0
12465138820,slsmqhm_512_512,48480025,256,0
9641001360,slsmqhm_512_512,48331411,256,0
5331105740,slsmqhm_512_512,48242718,256,0
8661244140,slsmqhm_512_512,48364875,256,0
9883077900,slsmqhm_512_512,48204575,256,0
23946325140,slsmqhm_512_1024,48919172,256,0
25593465280,slsmqhm_512_1024,48887011,256,0
9152587260,slsmqhm_512_1024,48294411,256,0
19141424600,slsmqhm_512_1024,48433496,256,0
48267337080,slsmqhm_512_1024,50091210,256,0
69601483360,slsmqhm_1024_1,49393370,256,0
70334628840,slsmqhm_1024_1,49515738,256,0
67778345280,slsmqhm_1024_1,49497153,256,0
72815846180,slsmqhm_1024_1,49369984,256,0
67261591880,slsmqhm_1024_1,49409800,256,0
66560624700,slsmqhm_1024_2,49345961,256,0
73508099880,slsmqhm_1024_2,49379785,256,0
69326583200,slsmqhm_1024_2,49369088,256,0
65687730780,slsmqhm_1024_2,49336848,256,0
65854652760,slsmqhm_1024_2,49368637,256,0
64373467120,slsmqhm_1024_4,49338163,256,0
67774906820,slsmqhm_1024_4,49368235,256,0
65582507720,slsmqhm_1024_4,49305866,256,0
75390603800,slsmqhm_1024_4,49359869,256,0
84724170160,slsmqhm_1024_4,49325696,256,0
66944099000,slsmqhm_1024_8,49262735,256,0
82505358380,slsmqhm_1024_8,49338164,256,0
71035404660,slsmqhm_1024_8,49266964,256,0
67192383760,slsmqhm_1024_8,49273068,256,0
75707789680,slsmqhm_1024_8,49255027,256,0
62886025920,slsmqhm_1024_16,49174031,256,0
67545386220,slsmqhm_1024_16,49229317,256,0
61813917660,slsmqhm_1024_16,49172902,256,0
55092112360,slsmqhm_1024_16,49178457,256,0
64902428040,slsmqhm_1024_16,49195627,256,0
74100568940,slsmqhm_1024_32,49171556,256,0
72196465400,slsmqhm_1024_32,49091449,256,0
58238091040,slsmqhm_1024_32,49049629,256,0
88210103400,slsmqhm_1024_32,49103808,256,0
59117338060,slsmqhm_1024_32,48981915,256,0
55878259120,slsmqhm_1024_64,48876860,256,0
42435313780,slsmqhm_1024_64,48862947,256,0
52981590600,slsmqhm_1024_64,48876423,256,0
51042748120,slsmqhm_1024_64,48925905,256,0
45284405040,slsmqhm_1024_64,48822124,256,0
26781328460,slsmqhm_1024_128,48627007,256,0
24305142040,slsmqhm_1024_128,48622835,256,0
30319614920,slsmqhm_1024_128,48622476,256,0
25217989440,slsmqhm_1024_128,48622166,256,0
36668510440,slsmqhm_1024_128,48662322,256,0
18909177740,slsmqhm_1024_256,48456081,256,0
20411841400,slsmqhm_1024_256,48475965,256,0
28498446560,slsmqhm_1024_256,48437611,256,0
13774958780,slsmqhm_1024_256,48385882,256,0
19750378080,slsmqhm_1024_256,48462342,256,0
9476672760,slsmqhm_1024_512,48263569,256,0
9186645380,slsmqhm_1024_512,48280313,256,0
6932316540,slsmqhm_1024_512,48228241,256,0
6974574100,slsmqhm_1024_512,48266184,256,0
7583304000,slsmqhm_1024_512,48264326,256,0
16237441860,slsmqhm_1024_1024,48605368,256,0
9694144400,slsmqhm_1024_1024,48265128,256,0
10325418100,slsmqhm_1024_1024,48366803,256,0
13276984940,slsmqhm_1024_1024,48453500,256,0
14270572320,slsmqhm_1024_1024,48486932,256,0
