1443629340,slsmqhm_1_1,12771984,256,0
1487378500,slsmqhm_1_1,12785052,256,0
1902943800,slsmqhm_1_1,12766422,256,0
1465109920,slsmqhm_1_1,12780082,256,0
1528277120,slsmqhm_1_1,12775998,256,0
1449809060,slsmqhm_1_2,12773120,256,0
1444897880,slsmqhm_1_2,12758845,256,0
1423899620,slsmqhm_1_2,12759816,256,0
1489953600,slsmqhm_1_2,12767887,256,0
1444088260,slsmqhm_1_2,12756173,256,0
1563990280,slsmqhm_1_4,12722519,256,0
1494619040,slsmqhm_1_4,12720492,256,0
1509687920,slsmqhm_1_4,12717578,256,0
1522924800,slsmqhm_1_4,12731142,256,0
1524652360,slsmqhm_1_4,12714586,256,0
1510315920,slsmqhm_1_8,12671967,256,0
1506698540,slsmqhm_1_8,12671516,256,0
1501910480,slsmqhm_1_8,12673943,256,0
1508757860,slsmqhm_1_8,12670464,256,0
1516662440,slsmqhm_1_8,12671759,256,0
1519394700,slsmqhm_1_16,12633571,256,0
1505253480,slsmqhm_1_16,12634156,256,0
1524826640,slsmqhm_1_16,12635112,256,0
1502933160,slsmqhm_1_16,12633716,256,0
1651019000,slsmqhm_1_16,12637292,256,0
1540792520,slsmqhm_1_32,12621047,256,0
1556910860,slsmqhm_1_32,12621967,256,0
1538835140,slsmqhm_1_32,12621323,256,0
1480692140,slsmqhm_1_32,12625443,256,0
1504807920,slsmqhm_1_32,12624842,256,0
1529330080,slsmqhm_1_64,12612383,256,0
1954139460,slsmqhm_1_64,12616223,256,0
1510594900,slsmqhm_1_64,12612891,256,0
1562278200,slsmqhm_1_64,12611107,256,0
1533050400,slsmqhm_1_64,12614479,256,0
1515758800,slsmqhm_1_128,12609017,256,0
1512680180,slsmqhm_1_128,12606971,256,0
1519990420,slsmqhm_1_128,12609622,256,0
1537786860,slsmqhm_1_128,12609554,256,0
1552646660,slsmqhm_1_128,12609515,256,0
1836988380,slsmqhm_1_256,12612018,256,0
1824994880,slsmqhm_1_256,12618807,256,0
1803117560,slsmqhm_1_256,12610551,256,0
1780607760,slsmqhm_1_256,12619617,256,0
1839439400,slsmqhm_1_256,12614132,256,0
1950584700,slsmqhm_1_512,12606446,256,0
1973504000,slsmqhm_1_512,12605806,256,0
1985909660,slsmqhm_1_512,12606098,256,0
2040737040,slsmqhm_1_512,12606607,256,0
2031374580,slsmqhm_1_512,12614455,256,0
2001206640,slsmqhm_1_1024,12615626,256,0
1993590620,slsmqhm_1_1024,12615500,256,0
2015397760,slsmqhm_1_1024,12613311,256,0
2238174240,slsmqhm_1_1024,12614321,256,0
1990811220,slsmqhm_1_1024,12605033,256,0
1534533700,slsmqhm_2_1,12731742,256,0
1507469640,slsmqhm_2_1,12728900,256,0
1521258980,slsmqhm_2_1,12719340,256,0
1509357620,slsmqhm_2_1,12716272,256,0
1608476200,slsmqhm_2_1,12744621,256,0
1453011120,slsmqhm_2_2,12708112,256,0
1490081540,slsmqhm_2_2,12708801,256,0
1403284340,slsmqhm_2_2,12709694,256,0
1400012180,slsmqhm_2_2,12710859,256,0
1385208600,slsmqhm_2_2,12717893,256,0
1479126320,slsmqhm_2_4,12708042,256,0
1433395180,slsmqhm_2_4,12693136,256,0
1399607880,slsmqhm_2_4,12703496,256,0
1461944400,slsmqhm_2_4,12690077,256,0
1391827020,slsmqhm_2_4,12691707,256,0
1446652680,slsmqhm_2_8,12656970,256,0
1446481260,slsmqhm_2_8,12666234,256,0
1427645280,slsmqhm_2_8,12661999,256,0
1446344140,slsmqhm_2_8,12658131,256,0
1437048320,slsmqhm_2_8,12657403,256,0
1441935180,slsmqhm_2_16,12632732,256,0
1474548920,slsmqhm_2_16,12635397,256,0
1464160000,slsmqhm_2_16,12633851,256,0
1504898440,slsmqhm_2_16,12631632,256,0
1475373040,slsmqhm_2_16,12630992,256,0
1505854000,slsmqhm_2_32,12617729,256,0
1701514480,slsmqhm_2_32,12609020,256,0
1468104600,slsmqhm_2_32,12616959,256,0
1448335980,slsmqhm_2_32,12619920,256,0
1481318560,slsmqhm_2_32,12617754,256,0
1509476380,slsmqhm_2_64,12612413,256,0
1538309440,slsmqhm_2_64,12612887,256,0
1532791780,slsmqhm_2_64,12611020,256,0
1560871960,slsmqhm_2_64,12614874,256,0
1541145060,slsmqhm_2_64,12613948,256,0
1599757480,slsmqhm_2_128,12605898,256,0
1601275520,slsmqhm_2_128,12608566,256,0
1558495060,slsmqhm_2_128,12607776,256,0
1526733740,slsmqhm_2_128,12609529,256,0
1556352120,slsmqhm_2_128,12607438,256,0
2179194500,slsmqhm_2_256,12610653,256,0
1859514860,slsmqhm_2_256,12615444,256,0
1684365700,slsmqhm_2_256,12614162,256,0
1788214620,slsmqhm_2_256,12610740,256,0
1787214280,slsmqhm_2_256,12616123,256,0
1875741700,slsmqhm_2_512,12605496,256,0
1899214860,slsmqhm_2_512,12609872,256,0
2313267400,slsmqhm_2_512,12610317,256,0
1915893520,slsmqhm_2_512,12607736,256,0
2015482540,slsmqhm_2_512,12615067,256,0
1991610020,slsmqhm_2_1024,12612598,256,0
2041229420,slsmqhm_2_1024,12614424,256,0
2168169900,slsmqhm_2_1024,12614793,256,0
2013420280,slsmqhm_2_1024,12612990,256,0
2167635200,slsmqhm_2_1024,12612505,256,0
1764333800,slsmqhm_4_1,12737705,256,0
1672441940,slsmqhm_4_1,12727872,256,0
1695774420,slsmqhm_4_1,12732079,256,0
1664720360,slsmqhm_4_1,12719813,256,0
1658118660,slsmqhm_4_1,12735398,256,0
1469717140,slsmqhm_4_2,12697930,256,0
1455022600,slsmqhm_4_2,12698505,256,0
1439399300,slsmqhm_4_2,12693595,256,0
1456879980,slsmqhm_4_2,12698639,256,0
1440939340,slsmqhm_4_2,12694223,256,0
1391247020,slsmqhm_4_4,12671039,256,0
1423661820,slsmqhm_4_4,12673233,256,0
1489608160,slsmqhm_4_4,12669198,256,0
1444834800,slsmqhm_4_4,12663902,256,0
1856803520,slsmqhm_4_4,12704929,256,0
1369245720,slsmqhm_4_8,12653233,256,0
1383782380,slsmqhm_4_8,12658668,256,0
1414316400,slsmqhm_4_8,12656417,256,0
1390789240,slsmqhm_4_8,12653758,256,0
1414292600,slsmqhm_4_8,12653798,256,0
1435875000,slsmqhm_4_16,12635048,256,0
1441356960,slsmqhm_4_16,12623949,256,0
1468760080,slsmqhm_4_16,12628400,256,0
1477204040,slsmqhm_4_16,12627488,256,0
1470487500,slsmqhm_4_16,12632905,256,0
1522908060,slsmqhm_4_32,12613192,256,0
1493104580,slsmqhm_4_32,12614196,256,0
1511268740,slsmqhm_4_32,12614221,256,0
1465244640,slsmqhm_4_32,12609869,256,0
1561238360,slsmqhm_4_32,12619836,256,0
1561209600,slsmqhm_4_64,12609919,256,0
1507696260,slsmqhm_4_64,12612924,256,0
1562348660,slsmqhm_4_64,12609687,256,0
1475295220,slsmqhm_4_64,12612701,256,0
1474276120,slsmqhm_4_64,12611136,256,0
1576917460,slsmqhm_4_128,12608897,256,0
1638097800,slsmqhm_4_128,12607529,256,0
1643585460,slsmqhm_4_128,12608589,256,0
1575852580,slsmqhm_4_128,12607160,256,0
1601820020,slsmqhm_4_128,12608315,256,0
1765487200,slsmqhm_4_256,12615241,256,0
1811153960,slsmqhm_4_256,12608497,256,0
1895161760,slsmqhm_4_256,12609780,256,0
1741332000,slsmqhm_4_256,12608703,256,0
1763870160,slsmqhm_4_256,12608967,256,0
1937365220,slsmqhm_4_512,12607117,256,0
1938399520,slsmqhm_4_512,12604605,256,0
1947670080,slsmqhm_4_512,12609939,256,0
2054904860,slsmqhm_4_512,12613756,256,0
1940486340,slsmqhm_4_512,12605522,256,0
2738310600,slsmqhm_4_1024,12609978,256,0
2062010460,slsmqhm_4_1024,12611918,256,0
2015686040,slsmqhm_4_1024,12614214,256,0
2130341960,slsmqhm_4_1024,12609110,256,0
1946022760,slsmqhm_4_1024,12612030,256,0
1815957220,slsmqhm_8_1,12773416,256,0
1801827820,slsmqhm_8_1,12750723,256,0
2117775580,slsmqhm_8_1,12782144,256,0
1649342500,slsmqhm_8_1,12753038,256,0
1768540840,slsmqhm_8_1,12756733,256,0
1587997240,slsmqhm_8_2,12706141,256,0
1578642220,slsmqhm_8_2,12698589,256,0
1581109800,slsmqhm_8_2,12699987,256,0
1635787040,slsmqhm_8_2,12699113,256,0
1556050500,slsmqhm_8_2,12699493,256,0
1500274580,slsmqhm_8_4,12657935,256,0
1527377220,slsmqhm_8_4,12660908,256,0
1510101720,slsmqhm_8_4,12658027,256,0
1466604340,slsmqhm_8_4,12677672,256,0
1496918920,slsmqhm_8_4,12659274,256,0
1394033420,slsmqhm_8_8,12638276,256,0
1476123540,slsmqhm_8_8,12637516,256,0
1443979260,slsmqhm_8_8,12639403,256,0
1482588680,slsmqhm_8_8,12640054,256,0
1386992760,slsmqhm_8_8,12642563,256,0
1398701680,slsmqhm_8_16,12627872,256,0
1474427520,slsmqhm_8_16,12630370,256,0
1484595700,slsmqhm_8_16,12625855,256,0
1392850740,slsmqhm_8_16,12628089,256,0
1443152740,slsmqhm_8_16,12625375,256,0
1415544060,slsmqhm_8_32,12611291,256,0
1449671740,slsmqhm_8_32,12614791,256,0
1469821960,slsmqhm_8_32,12612562,256,0
1449222120,slsmqhm_8_32,12614939,256,0
1484029960,slsmqhm_8_32,12622881,256,0
1465801540,slsmqhm_8_64,12607120,256,0
1477729960,slsmqhm_8_64,12608953,256,0
1533155620,slsmqhm_8_64,12608620,256,0
1524361780,slsmqhm_8_64,12607067,256,0
1516585200,slsmqhm_8_64,12613334,256,0
1544399020,slsmqhm_8_128,12608912,256,0
1518151200,slsmqhm_8_128,12608317,256,0
1607023600,slsmqhm_8_128,12609638,256,0
1492110040,slsmqhm_8_128,12606998,256,0
1548566420,slsmqhm_8_128,12607333,256,0
1706220280,slsmqhm_8_256,12612686,256,0
1722383040,slsmqhm_8_256,12608472,256,0
1663597140,slsmqhm_8_256,12606245,256,0
1654805360,slsmqhm_8_256,12608658,256,0
1714428760,slsmqhm_8_256,12607822,256,0
1925728260,slsmqhm_8_512,12608181,256,0
2006106340,slsmqhm_8_512,12605148,256,0
1996026320,slsmqhm_8_512,12606836,256,0
1925552880,slsmqhm_8_512,12614794,256,0
1935303940,slsmqhm_8_512,12606202,256,0
1999315900,slsmqhm_8_1024,12613307,256,0
2012563700,slsmqhm_8_1024,12603635,256,0
2006505120,slsmqhm_8_1024,12603279,256,0
2051030400,slsmqhm_8_1024,12611533,256,0
1953460500,slsmqhm_8_1024,12613519,256,0
1984707880,slsmqhm_16_1,12824844,256,0
2229522920,slsmqhm_16_1,12829799,256,0
2224925440,slsmqhm_16_1,12833275,256,0
2002279780,slsmqhm_16_1,12815012,256,0
2199436280,slsmqhm_16_1,12808940,256,0
2036231480,slsmqhm_16_2,12764333,256,0
1918931940,slsmqhm_16_2,12747660,256,0
2006522600,slsmqhm_16_2,12746862,256,0
1686589880,slsmqhm_16_2,12738810,256,0
2013790180,slsmqhm_16_2,12758580,256,0
1711170920,slsmqhm_16_4,12691538,256,0
1628638980,slsmqhm_16_4,12689645,256,0
1647529120,slsmqhm_16_4,12683475,256,0
1668849900,slsmqhm_16_4,12688728,256,0
1582887700,slsmqhm_16_4,12697757,256,0
1504055960,slsmqhm_16_8,12637871,256,0
1463654580,slsmqhm_16_8,12633206,256,0
1493550120,slsmqhm_16_8,12647134,256,0
1514387940,slsmqhm_16_8,12649108,256,0
1487344000,slsmqhm_16_8,12641792,256,0
1589181180,slsmqhm_16_16,12626047,256,0
1466266180,slsmqhm_16_16,12618167,256,0
1461906040,slsmqhm_16_16,12625333,256,0
1433100880,slsmqhm_16_16,12620813,256,0
1464863180,slsmqhm_16_16,12618715,256,0
1481428180,slsmqhm_16_32,12611202,256,0
1487923340,slsmqhm_16_32,12608100,256,0
1462888340,slsmqhm_16_32,12615780,256,0
1485311460,slsmqhm_16_32,12611081,256,0
1473216840,slsmqhm_16_32,12611860,256,0
1481261940,slsmqhm_16_64,12607299,256,0
1568004520,slsmqhm_16_64,12605327,256,0
1488164200,slsmqhm_16_64,12610753,256,0
1527651000,slsmqhm_16_64,12610279,256,0
1425856660,slsmqhm_16_64,12604910,256,0
1620837660,slsmqhm_16_128,12605304,256,0
1631411240,slsmqhm_16_128,12604649,256,0
1541631720,slsmqhm_16_128,12611373,256,0
1621675440,slsmqhm_16_128,12605050,256,0
1553683420,slsmqhm_16_128,12606123,256,0
1783282260,slsmqhm_16_256,12616168,256,0
1693983720,slsmqhm_16_256,12613863,256,0
1666082860,slsmqhm_16_256,12608174,256,0
1730749980,slsmqhm_16_256,12604344,256,0
1715009280,slsmqhm_16_256,12616269,256,0
1918899380,slsmqhm_16_512,12604560,256,0
1912040380,slsmqhm_16_512,12604272,256,0
1894179240,slsmqhm_16_512,12602992,256,0
1915810140,slsmqhm_16_512,12604503,256,0
1929875480,slsmqhm_16_512,12616979,256,0
2026972180,slsmqhm_16_1024,12611733,256,0
2046142260,slsmqhm_16_1024,12602103,256,0
1962384160,slsmqhm_16_1024,12613481,256,0
1974613640,slsmqhm_16_1024,12608015,256,0
2057193560,slsmqhm_16_1024,12613974,256,0
3263977600,slsmqhm_32_1,12918715,256,0
2718276440,slsmqhm_32_1,12900678,256,0
3364578840,slsmqhm_32_1,12896112,256,0
2770839440,slsmqhm_32_1,12887455,256,0
2610297760,slsmqhm_32_1,12901115,256,0
2840165760,slsmqhm_32_2,12809710,256,0
2445557020,slsmqhm_32_2,12847091,256,0
2514602080,slsmqhm_32_2,12819918,256,0
2456333200,slsmqhm_32_2,12845073,256,0
2351917060,slsmqhm_32_2,12835223,256,0
2118667860,slsmqhm_32_4,12743988,256,0
2067147220,slsmqhm_32_4,12738295,256,0
2191713160,slsmqhm_32_4,12754701,256,0
2092698900,slsmqhm_32_4,12736171,256,0
1894068620,slsmqhm_32_4,12732300,256,0
1697229260,slsmqhm_32_8,12674211,256,0
1726477840,slsmqhm_32_8,12684339,256,0
1593581460,slsmqhm_32_8,12671188,256,0
1604084060,slsmqhm_32_8,12672769,256,0
1614020820,slsmqhm_32_8,12674829,256,0
1484565520,slsmqhm_32_16,12626993,256,0
1547807580,slsmqhm_32_16,12638227,256,0
1430839900,slsmqhm_32_16,12632378,256,0
1466109000,slsmqhm_32_16,12630832,256,0
1521112800,slsmqhm_32_16,12646592,256,0
1446028360,slsmqhm_32_32,12620991,256,0
1464504300,slsmqhm_32_32,12614630,256,0
1393406680,slsmqhm_32_32,12607105,256,0
1444686140,slsmqhm_32_32,12606857,256,0
1729822560,slsmqhm_32_32,12616804,256,0
1491177800,slsmqhm_32_64,12600067,256,0
1464920100,slsmqhm_32_64,12601377,256,0
1439219900,slsmqhm_32_64,12603835,256,0
1424919720,slsmqhm_32_64,12602246,256,0
1457888700,slsmqhm_32_64,12602079,256,0
1524671520,slsmqhm_32_128,12604555,256,0
1516814540,slsmqhm_32_128,12603410,256,0
1515427300,slsmqhm_32_128,12603626,256,0
1520722660,slsmqhm_32_128,12604219,256,0
1534759180,slsmqhm_32_128,12604703,256,0
1643543720,slsmqhm_32_256,12612052,256,0
1610846280,slsmqhm_32_256,12608687,256,0
1667005200,slsmqhm_32_256,12617027,256,0
1668314820,slsmqhm_32_256,12608184,256,0
2010828780,slsmqhm_32_256,12605590,256,0
1823429660,slsmqhm_32_512,12612477,256,0
1832301920,slsmqhm_32_512,12604637,256,0
1829827840,slsmqhm_32_512,12614329,256,0
1787917840,slsmqhm_32_512,12606865,256,0
1894940940,slsmqhm_32_512,12614595,256,0
1964961760,slsmqhm_32_1024,12612565,256,0
1935573560,slsmqhm_32_1024,12613654,256,0
2052153220,slsmqhm_32_1024,12605939,256,0
2042187740,slsmqhm_32_1024,12614472,256,0
2004800920,slsmqhm_32_1024,12612933,256,0
3366810760,slsmqhm_64_1,12955447,256,0
3139446120,slsmqhm_64_1,12954014,256,0
3021999220,slsmqhm_64_1,12934390,256,0
3304137000,slsmqhm_64_1,12942189,256,0
2566927800,slsmqhm_64_1,12944444,256,0
2804018760,slsmqhm_64_2,12880235,256,0
2415658040,slsmqhm_64_2,12850898,256,0
2642264400,slsmqhm_64_2,12903231,256,0
2950107620,slsmqhm_64_2,12869595,256,0
2951698900,slsmqhm_64_2,12907018,256,0
3387538000,slsmqhm_64_4,12843739,256,0
2748979180,slsmqhm_64_4,12829846,256,0
2642347400,slsmqhm_64_4,12803163,256,0
2941572040,slsmqhm_64_4,12807637,256,0
2835299120,slsmqhm_64_4,12810086,256,0
2186417620,slsmqhm_64_8,12745660,256,0
1985057700,slsmqhm_64_8,12727404,256,0
2083089700,slsmqhm_64_8,12730948,256,0
2041056440,slsmqhm_64_8,12719791,256,0
1976349080,slsmqhm_64_8,12727605,256,0
1821688460,slsmqhm_64_16,12708460,256,0
1656535000,slsmqhm_64_16,12674636,256,0
1620638740,slsmqhm_64_16,12662949,256,0
1614412600,slsmqhm_64_16,12664317,256,0
1893668260,slsmqhm_64_16,12677481,256,0
1535588940,slsmqhm_64_32,12626825,256,0
1508574840,slsmqhm_64_32,12623036,256,0
1499215360,slsmqhm_64_32,12627586,256,0
1492682120,slsmqhm_64_32,12637184,256,0
1521031200,slsmqhm_64_32,12627096,256,0
1416447920,slsmqhm_64_64,12598999,256,0
1455949680,slsmqhm_64_64,12606010,256,0
1495021160,slsmqhm_64_64,12600660,256,0
1500702360,slsmqhm_64_64,12599317,256,0
1496576440,slsmqhm_64_64,12615092,256,0
1517819480,slsmqhm_64_128,12602479,256,0
1469973520,slsmqhm_64_128,12601179,256,0
1506055400,slsmqhm_64_128,12601926,256,0
1530245360,slsmqhm_64_128,12600022,256,0
1518714940,slsmqhm_64_128,12599023,256,0
1598230700,slsmqhm_64_256,12611168,256,0
1619916260,slsmqhm_64_256,12617685,256,0
1663013980,slsmqhm_64_256,12614054,256,0
1590821680,slsmqhm_64_256,12608040,256,0
1602029740,slsmqhm_64_256,12605249,256,0
1753973640,slsmqhm_64_512,12615945,256,0
2158569360,slsmqhm_64_512,12615304,256,0
1757320020,slsmqhm_64_512,12613532,256,0
1765381860,slsmqhm_64_512,12603737,256,0
1763299340,slsmqhm_64_512,12606569,256,0
1931234500,slsmqhm_64_1024,12616331,256,0
1927454360,slsmqhm_64_1024,12616019,256,0
1879457860,slsmqhm_64_1024,12612688,256,0
1904574480,slsmqhm_64_1024,12616383,256,0
1958092740,slsmqhm_64_1024,12608744,256,0
2643791640,slsmqhm_128_1,12962374,256,0
3296473680,slsmqhm_128_1,12997953,256,0
4174978360,slsmqhm_128_1,12987199,256,0
3316178480,slsmqhm_128_1,13013224,256,0
3492700640,slsmqhm_128_1,12982105,256,0
2726247120,slsmqhm_128_2,12945631,256,0
2459481700,slsmqhm_128_2,12911962,256,0
3278112520,slsmqhm_128_2,12951401,256,0
3783126100,slsmqhm_128_2,12936095,256,0
2762299260,slsmqhm_128_2,12916567,256,0
3306554240,slsmqhm_128_4,12900015,256,0
3466554040,slsmqhm_128_4,12861836,256,0
2527839460,slsmqhm_128_4,12860815,256,0
2660192120,slsmqhm_128_4,12851327,256,0
2576579780,slsmqhm_128_4,12874531,256,0
2692463460,slsmqhm_128_8,12804969,256,0
2798995440,slsmqhm_128_8,12810623,256,0
2740289700,slsmqhm_128_8,12795413,256,0
2667709580,slsmqhm_128_8,12833236,256,0
2498583920,slsmqhm_128_8,12821609,256,0
2364164720,slsmqhm_128_16,12732339,256,0
2552253020,slsmqhm_128_16,12737014,256,0
2347766420,slsmqhm_128_16,12722153,256,0
2454430620,slsmqhm_128_16,12733690,256,0
2063039960,slsmqhm_128_16,12730618,256,0
1781632740,slsmqhm_128_32,12675792,256,0
1737088240,slsmqhm_128_32,12681248,256,0
1805958340,slsmqhm_128_32,12683870,256,0
1671354040,slsmqhm_128_32,12667166,256,0
1730990940,slsmqhm_128_32,12668709,256,0
1483118620,slsmqhm_128_64,12621847,256,0
1477977620,slsmqhm_128_64,12617552,256,0
1593881100,slsmqhm_128_64,12620120,256,0
1799875280,slsmqhm_128_64,12631919,256,0
1468496700,slsmqhm_128_64,12615415,256,0
1480267120,slsmqhm_128_128,12595825,256,0
1446159340,slsmqhm_128_128,12598075,256,0
1510570300,slsmqhm_128_128,12608906,256,0
1518414320,slsmqhm_128_128,12613405,256,0
1509651340,slsmqhm_128_128,12610712,256,0
1526197140,slsmqhm_128_256,12601914,256,0
1566527840,slsmqhm_128_256,12600819,256,0
1569749520,slsmqhm_128_256,12599828,256,0
1621550040,slsmqhm_128_256,12599093,256,0
1560210300,slsmqhm_128_256,12603753,256,0
1656197560,slsmqhm_128_512,12615050,256,0
1640400940,slsmqhm_128_512,12615050,256,0
1647820180,slsmqhm_128_512,12613495,256,0
1690022440,slsmqhm_128_512,12615308,256,0
1647700740,slsmqhm_128_512,12602552,256,0
1887511720,slsmqhm_128_1024,12617528,256,0
1824300900,slsmqhm_128_1024,12617845,256,0
1819535360,slsmqhm_128_1024,12606041,256,0
1851405140,slsmqhm_128_1024,12617499,256,0
1830995660,slsmqhm_128_1024,12616664,256,0
4344243380,slsmqhm_256_1,12978001,256,0
4482418940,slsmqhm_256_1,13001746,256,0
3350999360,slsmqhm_256_1,13002677,256,0
3920162220,slsmqhm_256_1,13042377,256,0
4164155060,slsmqhm_256_1,12997541,256,0
3943963860,slsmqhm_256_2,12970619,256,0
3468304600,slsmqhm_256_2,13159907,256,0
3814793060,slsmqhm_256_2,12990111,256,0
4068964840,slsmqhm_256_2,12984738,256,0
3958127160,slsmqhm_256_2,12974622,256,0
4040787000,slsmqhm_256_4,12886242,256,0
4007034100,slsmqhm_256_4,12982191,256,0
2471819580,slsmqhm_256_4,12928299,256,0
3800717080,slsmqhm_256_4,12918619,256,0
3354739460,slsmqhm_256_4,12957658,256,0
3374360340,slsmqhm_256_8,12830265,256,0
3472681660,slsmqhm_256_8,12846059,256,0
2669452780,slsmqhm_256_8,12836977,256,0
2949279960,slsmqhm_256_8,12846819,256,0
2821955200,slsmqhm_256_8,12884153,256,0
3161811180,slsmqhm_256_16,12817505,256,0
3596884080,slsmqhm_256_16,12798384,256,0
3302726540,slsmqhm_256_16,12809050,256,0
3914813560,slsmqhm_256_16,12815383,256,0
3011440080,slsmqhm_256_16,12813461,256,0
2192209040,slsmqhm_256_32,12708837,256,0
2655651080,slsmqhm_256_32,12754272,256,0
2474698580,slsmqhm_256_32,12761349,256,0
2132262440,slsmqhm_256_32,12731339,256,0
2540735560,slsmqhm_256_32,12739039,256,0
1822037860,slsmqhm_256_64,12667190,256,0
1720130220,slsmqhm_256_64,12674855,256,0
1920491920,slsmqhm_256_64,12696029,256,0
1657317920,slsmqhm_256_64,12660857,256,0
1860642500,slsmqhm_256_64,12700228,256,0
1516929280,slsmqhm_256_128,12630665,256,0
1545336420,slsmqhm_256_128,12635756,256,0
1559553680,slsmqhm_256_128,12639879,256,0
1497297140,slsmqhm_256_128,12623047,256,0
1543232520,slsmqhm_256_128,12645935,256,0
1536224720,slsmqhm_256_256,12596664,256,0
1547180580,slsmqhm_256_256,12614177,256,0
1514929180,slsmqhm_256_256,12620157,256,0
1505564580,slsmqhm_256_256,12607215,256,0
1488626640,slsmqhm_256_256,12597817,256,0
1534508260,slsmqhm_256_512,12599839,256,0
1510589360,slsmqhm_256_512,12599237,256,0
1509772600,slsmqhm_256_512,12599590,256,0
1621012740,slsmqhm_256_512,12610233,256,0
1483318180,slsmqhm_256_512,12602673,256,0
1642077840,slsmqhm_256_1024,12612683,256,0
1662128560,slsmqhm_256_1024,12621057,256,0
1678803680,slsmqhm_256_1024,12617276,256,0
1681544240,slsmqhm_256_1024,12619372,256,0
1670386860,slsmqhm_256_1024,12619568,256,0
3466655180,slsmqhm_512_1,13010332,256,0
3999470520,slsmqhm_512_1,13024345,256,0
4713537000,slsmqhm_512_1,13096044,256,0
5273623500,slsmqhm_512_1,13010396,256,0
4076700360,slsmqhm_512_1,12994575,256,0
4056172360,slsmqhm_512_2,12988797,256,0
5067307540,slsmqhm_512_2,13025888,256,0
4590169440,slsmqhm_512_2,13002960,256,0
5016907940,slsmqhm_512_2,12996973,256,0
3093810320,slsmqhm_512_2,12962597,256,0
3731348440,slsmqhm_512_4,12931835,256,0
4345167380,slsmqhm_512_4,12948201,256,0
4093058140,slsmqhm_512_4,12929830,256,0
3689630240,slsmqhm_512_4,12920034,256,0
3637645620,slsmqhm_512_4,12973796,256,0
4139371160,slsmqhm_512_8,12906016,256,0
4658383400,slsmqhm_512_8,12912079,256,0
3006549700,slsmqhm_512_8,12873820,256,0
3678039160,slsmqhm_512_8,12908213,256,0
2783484160,slsmqhm_512_8,12922693,256,0
3865746780,slsmqhm_512_16,12856848,256,0
4823534500,slsmqhm_512_16,12893763,256,0
3691854520,slsmqhm_512_16,12894621,256,0
3369787540,slsmqhm_512_16,12840841,256,0
4920476600,slsmqhm_512_16,12887205,256,0
3519378600,slsmqhm_512_32,12809141,256,0
3219438640,slsmqhm_512_32,12843134,256,0
2857111420,slsmqhm_512_32,12806171,256,0
4056237100,slsmqhm_512_32,12833532,256,0
3331403200,slsmqhm_512_32,12801756,256,0
2066463760,slsmqhm_512_64,12716174,256,0
2492219760,slsmqhm_512_64,12749584,256,0
3102622980,slsmqhm_512_64,12805057,256,0
2634185040,slsmqhm_512_64,12759930,256,0
2783169280,slsmqhm_512_64,12765021,256,0
1580029900,slsmqhm_512_128,12655339,256,0
1558245500,slsmqhm_512_128,12662832,256,0
1732909800,slsmqhm_512_128,12671380,256,0
1723604820,slsmqhm_512_128,12672459,256,0
2070623520,slsmqhm_512_128,12682057,256,0
1543375760,slsmqhm_512_256,12632377,256,0
1599867600,slsmqhm_512_256,12638243,256,0
1735832940,slsmqhm_512_256,12671407,256,0
1524142740,slsmqhm_512_256,12632270,256,0
1626466520,slsmqhm_512_256,12652037,256,0
1496437640,slsmqhm_512_512,12616454,256,0
1761530100,slsmqhm_512_512,12639471,256,0
1505329740,slsmqhm_512_512,12612632,256,0
1483113140,slsmqhm_512_512,12617601,256,0
1540154020,slsmqhm_512_512,12632778,256,0
1611494620,slsmqhm_512_1024,12639689,256,0
1582670560,slsmqhm_512_1024,12621747,256,0
1494520680,slsmqhm_512_1024,12599983,256,0
1600751520,slsmqhm_512_1024,12640310,256,0
1610340260,slsmqhm_512_1024,12614172,256,0
4671460620,slsmqhm_1024_1,13048507,256,0
5584216420,slsmqhm_1024_1,13035079,256,0
4207165260,slsmqhm_1024_1,12999694,256,0
4105367300,slsmqhm_1024_1,13020750,256,0
4076233500,slsmqhm_1024_1,13028401,256,0
4229499540,slsmqhm_1024_2,12995050,256,0
4584803000,slsmqhm_1024_2,12987947,256,0
3991049780,slsmqhm_1024_2,12987518,256,0
3966789880,slsmqhm_1024_2,12983997,256,0
4763850400,slsmqhm_1024_2,13038834,256,0
4534299500,slsmqhm_1024_4,12957881,256,0
3219582220,slsmqhm_1024_4,12933404,256,0
4077247480,slsmqhm_1024_4,12953705,256,0
3671422800,slsmqhm_1024_4,12945108,256,0
3423899120,slsmqhm_1024_4,12929787,256,0
4604628420,slsmqhm_1024_8,12929602,256,0
3887862020,slsmqhm_1024_8,12893080,256,0
5302352180,slsmqhm_1024_8,12947477,256,0
4752592760,slsmqhm_1024_8,12945612,256,0
4157133500,slsmqhm_1024_8,12903169,256,0
3961881620,slsmqhm_1024_16,12888214,256,0
5279603440,slsmqhm_1024_16,12926918,256,0
3317298000,slsmqhm_1024_16,12878886,256,0
4590649960,slsmqhm_1024_16,12883634,256,0
3166790840,slsmqhm_1024_16,12886470,256,0
4659986460,slsmqhm_1024_32,12872722,256,0
4126332740,slsmqhm_1024_32,12870664,256,0
4365831000,slsmqhm_1024_32,12881182,256,0
4628035020,slsmqhm_1024_32,12849981,256,0
3767922040,slsmqhm_1024_32,12865582,256,0
3070037120,slsmqhm_1024_64,12784905,256,0
4416702120,slsmqhm_1024_64,12872900,256,0
3133553600,slsmqhm_1024_64,12795534,256,0
3774999300,slsmqhm_1024_64,12811298,256,0
3376919120,slsmqhm_1024_64,12801380,256,0
2965078880,slsmqhm_1024_128,12771162,256,0
2614300940,slsmqhm_1024_128,12750008,256,0
2728445460,slsmqhm_1024_128,12772328,256,0
3448479940,slsmqhm_1024_128,12794160,256,0
3136044800,slsmqhm_1024_128,12803296,256,0
2186096400,slsmqhm_1024_256,12705475,256,0
2782435160,slsmqhm_1024_256,12801259,256,0
2532964780,slsmqhm_1024_256,12760209,256,0
2482160380,slsmqhm_1024_256,12752686,256,0
2187784060,slsmqhm_1024_256,12718108,256,0
1813176100,slsmqhm_1024_512,12662750,256,0
1665102540,slsmqhm_1024_512,12657513,256,0
1536948780,slsmqhm_1024_512,12619700,256,0
1576008860,slsmqhm_1024_512,12633387,256,0
1646960340,slsmqhm_1024_512,12639137,256,0
1576906920,slsmqhm_1024_1024,12625717,256,0
1582469940,slsmqhm_1024_1024,12639109,256,0
1641224880,slsmqhm_1024_1024,12658426,256,0
1572907380,slsmqhm_1024_1024,12627704,256,0
1494126160,slsmqhm_1024_1024,12603288,256,0
