1640454640,slsmqhm_1_1,75902134,256,10
1631929740,slsmqhm_1_1,75865628,256,10
1632628320,slsmqhm_1_1,75933966,256,10
1638037280,slsmqhm_1_1,75908405,256,10
1632755540,slsmqhm_1_1,76032083,256,10
2059738240,slsmqhm_1_2,75832993,256,10
2095806080,slsmqhm_1_2,75826221,256,10
2010741080,slsmqhm_1_2,75853930,256,10
2032310900,slsmqhm_1_2,75821408,256,10
2045216140,slsmqhm_1_2,75847379,256,10
2190598300,slsmqhm_1_4,75860209,256,10
2245846340,slsmqhm_1_4,75822706,256,10
2202441000,slsmqhm_1_4,75890104,256,10
2218245220,slsmqhm_1_4,75814488,256,10
2211494520,slsmqhm_1_4,75822146,256,10
2406990740,slsmqhm_1_8,75868595,256,10
2372878340,slsmqhm_1_8,75854990,256,10
2323038600,slsmqhm_1_8,75909083,256,10
2355390880,slsmqhm_1_8,75932371,256,10
2381435120,slsmqhm_1_8,75887409,256,10
2456613360,slsmqhm_1_16,76002047,256,10
2457086380,slsmqhm_1_16,75970970,256,10
2491891260,slsmqhm_1_16,76008906,256,10
2457895180,slsmqhm_1_16,76024865,256,10
2473675440,slsmqhm_1_16,75965785,256,10
2576491700,slsmqhm_1_32,76112073,256,10
2585659280,slsmqhm_1_32,76135710,256,10
2612250740,slsmqhm_1_32,76128792,256,10
2535242000,slsmqhm_1_32,76142663,256,10
2634741140,slsmqhm_1_32,76059176,256,10
2663489380,slsmqhm_1_64,76574853,256,10
2638836260,slsmqhm_1_64,76366654,256,10
2710581520,slsmqhm_1_64,76532628,256,10
2637747340,slsmqhm_1_64,76446892,256,10
2580310280,slsmqhm_1_64,76363223,256,10
2969602720,slsmqhm_1_128,77093422,256,10
2749792900,slsmqhm_1_128,77076344,256,10
2849247380,slsmqhm_1_128,76935451,256,10
2756291120,slsmqhm_1_128,76728811,256,10
2767723960,slsmqhm_1_128,76828474,256,10
2817677380,slsmqhm_1_256,77733289,256,10
2758493800,slsmqhm_1_256,77946638,256,10
2858109340,slsmqhm_1_256,77783148,256,10
2808999800,slsmqhm_1_256,78174285,256,10
2767941640,slsmqhm_1_256,78385153,256,10
2159461800,slsmqhm_1_512,79694270,256,10
2439514540,slsmqhm_1_512,80201942,256,10
2063020800,slsmqhm_1_512,79753511,256,10
2627541640,slsmqhm_1_512,79904802,256,10
2358044720,slsmqhm_1_512,79750256,256,10
2664958960,slsmqhm_1_1024,83818890,256,10
1962603520,slsmqhm_1_1024,82722696,256,10
2166887600,slsmqhm_1_1024,84290633,256,10
3389038920,slsmqhm_1_1024,83439295,256,10
1956836860,slsmqhm_1_1024,82780334,256,10
1551416480,slsmqhm_2_1,76263432,256,10
1517944840,slsmqhm_2_1,76138960,256,10
1528266280,slsmqhm_2_1,76257800,256,10
1510208620,slsmqhm_2_1,76149695,256,10
1517809860,slsmqhm_2_1,76089902,256,10
1486468500,slsmqhm_2_2,75999009,256,10
1483460920,slsmqhm_2_2,76051563,256,10
1526551320,slsmqhm_2_2,75989763,256,10
1505685840,slsmqhm_2_2,75978260,256,10
1484031920,slsmqhm_2_2,75920441,256,10
2156210700,slsmqhm_2_4,75939656,256,10
2134802760,slsmqhm_2_4,75884999,256,10
2123428560,slsmqhm_2_4,75883368,256,10
2052127980,slsmqhm_2_4,75972385,256,10
2115663920,slsmqhm_2_4,75968811,256,10
2233589900,slsmqhm_2_8,75894184,256,10
2232638280,slsmqhm_2_8,75898450,256,10
2236735320,slsmqhm_2_8,75926299,256,10
2242913040,slsmqhm_2_8,75959908,256,10
2232064080,slsmqhm_2_8,75877088,256,10
2328248280,slsmqhm_2_16,75994754,256,10
2332951360,slsmqhm_2_16,75962211,256,10
2358241660,slsmqhm_2_16,76027519,256,10
2346337480,slsmqhm_2_16,76112345,256,10
2368161560,slsmqhm_2_16,76003719,256,10
2472900640,slsmqhm_2_32,76116037,256,10
2493541140,slsmqhm_2_32,76220350,256,10
2495714700,slsmqhm_2_32,76189311,256,10
2433135420,slsmqhm_2_32,76226215,256,10
2436737400,slsmqhm_2_32,76220416,256,10
2643569380,slsmqhm_2_64,76475360,256,10
2493763820,slsmqhm_2_64,76443624,256,10
2478843500,slsmqhm_2_64,76740340,256,10
2632259760,slsmqhm_2_64,76555326,256,10
2560530400,slsmqhm_2_64,76566687,256,10
2635371880,slsmqhm_2_128,77149787,256,10
2531937580,slsmqhm_2_128,77085086,256,10
2753568900,slsmqhm_2_128,77330256,256,10
2496867680,slsmqhm_2_128,76946638,256,10
2443655500,slsmqhm_2_128,77244476,256,10
2615470500,slsmqhm_2_256,78344399,256,10
2592429720,slsmqhm_2_256,78328384,256,10
2686684560,slsmqhm_2_256,78086447,256,10
2664642500,slsmqhm_2_256,77885886,256,10
2637983660,slsmqhm_2_256,77947246,256,10
2216929420,slsmqhm_2_512,80107146,256,10
2726565500,slsmqhm_2_512,80504090,256,10
2293944680,slsmqhm_2_512,79555862,256,10
2526468160,slsmqhm_2_512,79610727,256,10
2135022680,slsmqhm_2_512,80474238,256,10
2578711520,slsmqhm_2_1024,84137316,256,10
1988420260,slsmqhm_2_1024,82965984,256,10
2093803340,slsmqhm_2_1024,83869955,256,10
2119778240,slsmqhm_2_1024,83323486,256,10
2520455220,slsmqhm_2_1024,84207918,256,10
1576174440,slsmqhm_4_1,78037756,256,10
1564064900,slsmqhm_4_1,77408745,256,10
1476803800,slsmqhm_4_1,78255563,256,10
1493769240,slsmqhm_4_1,78163824,256,10
1616698760,slsmqhm_4_1,78551992,256,10
1423290120,slsmqhm_4_2,76308700,256,10
1517721660,slsmqhm_4_2,76244804,256,10
1452993620,slsmqhm_4_2,76524093,256,10
1410405580,slsmqhm_4_2,76389142,256,10
1509462900,slsmqhm_4_2,76349393,256,10
1419690540,slsmqhm_4_4,76040704,256,10
1418405140,slsmqhm_4_4,76051043,256,10
1427634300,slsmqhm_4_4,76028284,256,10
1422258140,slsmqhm_4_4,76143394,256,10
1431362000,slsmqhm_4_4,76152066,256,10
2003498260,slsmqhm_4_8,76090349,256,10
1985596740,slsmqhm_4_8,76005331,256,10
1998946980,slsmqhm_4_8,76016948,256,10
1985373380,slsmqhm_4_8,76027502,256,10
1992601780,slsmqhm_4_8,76079259,256,10
2176828120,slsmqhm_4_16,76028518,256,10
2192639420,slsmqhm_4_16,76019230,256,10
2162452480,slsmqhm_4_16,76087080,256,10
2242241860,slsmqhm_4_16,76120407,256,10
2186960120,slsmqhm_4_16,76084388,256,10
2403775620,slsmqhm_4_32,76119719,256,10
2335847520,slsmqhm_4_32,76155861,256,10
2367976640,slsmqhm_4_32,76120686,256,10
2398867240,slsmqhm_4_32,76247124,256,10
2349835060,slsmqhm_4_32,76048245,256,10
2493831240,slsmqhm_4_64,76431126,256,10
2531683420,slsmqhm_4_64,76571528,256,10
2448696720,slsmqhm_4_64,76549556,256,10
2579613960,slsmqhm_4_64,76552522,256,10
2489008980,slsmqhm_4_64,76744353,256,10
2431627420,slsmqhm_4_128,77167711,256,10
2681756600,slsmqhm_4_128,77208047,256,10
2499918260,slsmqhm_4_128,77419466,256,10
2567993720,slsmqhm_4_128,77331840,256,10
2529982680,slsmqhm_4_128,77336978,256,10
2452288280,slsmqhm_4_256,78555167,256,10
2378438540,slsmqhm_4_256,78305294,256,10
2295762360,slsmqhm_4_256,78163474,256,10
2590251580,slsmqhm_4_256,77973262,256,10
2182481540,slsmqhm_4_256,78408349,256,10
2017203880,slsmqhm_4_512,79491879,256,10
2030007080,slsmqhm_4_512,80256721,256,10
2063556480,slsmqhm_4_512,80152406,256,10
2043471820,slsmqhm_4_512,80080935,256,10
2428540080,slsmqhm_4_512,80103928,256,10
2161020720,slsmqhm_4_1024,84036051,256,10
2105423480,slsmqhm_4_1024,84819307,256,10
1989031840,slsmqhm_4_1024,83097165,256,10
2009017800,slsmqhm_4_1024,82973819,256,10
2054241520,slsmqhm_4_1024,83170138,256,10
2263845720,slsmqhm_8_1,105277214,256,10
2218879320,slsmqhm_8_1,96921981,256,10
2074230460,slsmqhm_8_1,98117209,256,10
2151272520,slsmqhm_8_1,101477633,256,10
2240068580,slsmqhm_8_1,100212992,256,10
1474993720,slsmqhm_8_2,78437740,256,10
1436193860,slsmqhm_8_2,79146111,256,10
1610760620,slsmqhm_8_2,78878475,256,10
1534639120,slsmqhm_8_2,79660821,256,10
1530406420,slsmqhm_8_2,81164275,256,10
1364391480,slsmqhm_8_4,76589479,256,10
1345003720,slsmqhm_8_4,76280400,256,10
1444556200,slsmqhm_8_4,76572905,256,10
1364824220,slsmqhm_8_4,76340625,256,10
1446878180,slsmqhm_8_4,76938055,256,10
1391029820,slsmqhm_8_8,76093136,256,10
1422929980,slsmqhm_8_8,76354808,256,10
1359509060,slsmqhm_8_8,76092955,256,10
1382172800,slsmqhm_8_8,76178682,256,10
1375457880,slsmqhm_8_8,76105029,256,10
1898813120,slsmqhm_8_16,76160643,256,10
1901823060,slsmqhm_8_16,76119622,256,10
1885695500,slsmqhm_8_16,76175289,256,10
1903916600,slsmqhm_8_16,76286192,256,10
1921198640,slsmqhm_8_16,76214391,256,10
2141191240,slsmqhm_8_32,76450093,256,10
2152939260,slsmqhm_8_32,76394461,256,10
2170034600,slsmqhm_8_32,76325620,256,10
2117015520,slsmqhm_8_32,76374053,256,10
2127757180,slsmqhm_8_32,76427690,256,10
2348104980,slsmqhm_8_64,76669088,256,10
2279659140,slsmqhm_8_64,76710992,256,10
2312401780,slsmqhm_8_64,76592264,256,10
2307455300,slsmqhm_8_64,76743633,256,10
2389968280,slsmqhm_8_64,76652533,256,10
2417932600,slsmqhm_8_128,77440046,256,10
2441897100,slsmqhm_8_128,77274513,256,10
2461300580,slsmqhm_8_128,77163946,256,10
2460547620,slsmqhm_8_128,77373739,256,10
2491198160,slsmqhm_8_128,77454238,256,10
2099069060,slsmqhm_8_256,78476500,256,10
2249315820,slsmqhm_8_256,78432129,256,10
2262989460,slsmqhm_8_256,78413579,256,10
2388098240,slsmqhm_8_256,78041740,256,10
2378750340,slsmqhm_8_256,78301538,256,10
2068381320,slsmqhm_8_512,80260012,256,10
2009616740,slsmqhm_8_512,79834185,256,10
2026767840,slsmqhm_8_512,80872357,256,10
2004157500,slsmqhm_8_512,79808168,256,10
2013535340,slsmqhm_8_512,80265200,256,10
1993959300,slsmqhm_8_1024,83447256,256,10
2033551260,slsmqhm_8_1024,83690716,256,10
1992405480,slsmqhm_8_1024,83930266,256,10
2102199400,slsmqhm_8_1024,84406880,256,10
1981318840,slsmqhm_8_1024,83799079,256,10
3193342960,slsmqhm_16_1,142150796,256,10
3174025160,slsmqhm_16_1,134295186,256,10
3105670580,slsmqhm_16_1,138799703,256,10
3467125420,slsmqhm_16_1,157188860,256,10
3064446420,slsmqhm_16_1,141851470,256,10
2077679220,slsmqhm_16_2,96027551,256,10
2659077760,slsmqhm_16_2,100981258,256,10
2496692460,slsmqhm_16_2,105066456,256,10
2580318560,slsmqhm_16_2,101715143,256,10
2237905180,slsmqhm_16_2,105406488,256,10
1560315220,slsmqhm_16_4,78657455,256,10
1745665760,slsmqhm_16_4,79290812,256,10
1633170140,slsmqhm_16_4,80708863,256,10
1897932000,slsmqhm_16_4,84245828,256,10
1516176320,slsmqhm_16_4,80280583,256,10
1427667720,slsmqhm_16_8,76625919,256,10
1396575780,slsmqhm_16_8,76662780,256,10
1396547420,slsmqhm_16_8,76495449,256,10
1408248360,slsmqhm_16_8,77022643,256,10
1405580060,slsmqhm_16_8,76453593,256,10
1336304780,slsmqhm_16_16,76356390,256,10
1310855960,slsmqhm_16_16,76300521,256,10
1357869680,slsmqhm_16_16,76270874,256,10
1329827640,slsmqhm_16_16,76317324,256,10
1380034340,slsmqhm_16_16,76254893,256,10
1797126500,slsmqhm_16_32,76416229,256,10
1750441580,slsmqhm_16_32,76434955,256,10
1799931700,slsmqhm_16_32,76881188,256,10
1815308620,slsmqhm_16_32,76613727,256,10
1803275400,slsmqhm_16_32,76348880,256,10
2092210540,slsmqhm_16_64,76896897,256,10
2066066620,slsmqhm_16_64,76900949,256,10
2100541920,slsmqhm_16_64,76767398,256,10
2088841360,slsmqhm_16_64,76623240,256,10
2087065680,slsmqhm_16_64,76796041,256,10
2300797260,slsmqhm_16_128,77237744,256,10
2275019000,slsmqhm_16_128,77669696,256,10
2279540260,slsmqhm_16_128,77391339,256,10
2170505020,slsmqhm_16_128,77605873,256,10
2286609540,slsmqhm_16_128,77461119,256,10
2083722420,slsmqhm_16_256,78452641,256,10
2269828340,slsmqhm_16_256,78616896,256,10
1946680040,slsmqhm_16_256,78268853,256,10
1950440680,slsmqhm_16_256,77902483,256,10
2130566740,slsmqhm_16_256,78354598,256,10
1994555020,slsmqhm_16_512,80449893,256,10
1991324400,slsmqhm_16_512,80638756,256,10
2024505460,slsmqhm_16_512,81295622,256,10
1982657420,slsmqhm_16_512,80040281,256,10
1979209500,slsmqhm_16_512,80233291,256,10
1971039320,slsmqhm_16_1024,84264684,256,10
1971472880,slsmqhm_16_1024,84570507,256,10
1984483140,slsmqhm_16_1024,84533037,256,10
1982817040,slsmqhm_16_1024,83521485,256,10
2040371520,slsmqhm_16_1024,84064574,256,10
4077524900,slsmqhm_32_1,181865502,256,10
3976790980,slsmqhm_32_1,177097214,256,10
4152737040,slsmqhm_32_1,186563452,256,10
4398603480,slsmqhm_32_1,197872061,256,10
4440890320,slsmqhm_32_1,194137435,256,10
2878619180,slsmqhm_32_2,133176604,256,10
3573206520,slsmqhm_32_2,143956217,256,10
3285699580,slsmqhm_32_2,131966808,256,10
3588608680,slsmqhm_32_2,139484186,256,10
3318531400,slsmqhm_32_2,141764582,256,10
2504233520,slsmqhm_32_4,106594172,256,10
2523933760,slsmqhm_32_4,108951336,256,10
2103381620,slsmqhm_32_4,103015292,256,10
2601157800,slsmqhm_32_4,105494943,256,10
2407437620,slsmqhm_32_4,105329577,256,10
1453462160,slsmqhm_32_8,79613157,256,10
1531076580,slsmqhm_32_8,82443685,256,10
1647190540,slsmqhm_32_8,80260720,256,10
1468083060,slsmqhm_32_8,80758084,256,10
1836700120,slsmqhm_32_8,81553776,256,10
1368009800,slsmqhm_32_16,76782694,256,10
1378636160,slsmqhm_32_16,76956454,256,10
1427654060,slsmqhm_32_16,77068433,256,10
1420939920,slsmqhm_32_16,77415140,256,10
1394335340,slsmqhm_32_16,76927850,256,10
1455337400,slsmqhm_32_32,76945468,256,10
1379788020,slsmqhm_32_32,76771843,256,10
1376101140,slsmqhm_32_32,76903484,256,10
1342532840,slsmqhm_32_32,76793705,256,10
1319425540,slsmqhm_32_32,77119724,256,10
1741080820,slsmqhm_32_64,77193312,256,10
1770455460,slsmqhm_32_64,76917329,256,10
1712048520,slsmqhm_32_64,76965975,256,10
1725356300,slsmqhm_32_64,76914924,256,10
1742307280,slsmqhm_32_64,77114882,256,10
1939194280,slsmqhm_32_128,77651276,256,10
1923238860,slsmqhm_32_128,77420191,256,10
2012659660,slsmqhm_32_128,77785403,256,10
1986697600,slsmqhm_32_128,77458457,256,10
1992868420,slsmqhm_32_128,77602336,256,10
2042568800,slsmqhm_32_256,78622566,256,10
2083339500,slsmqhm_32_256,78845262,256,10
2048625920,slsmqhm_32_256,79051793,256,10
2055088240,slsmqhm_32_256,79057042,256,10
1877894380,slsmqhm_32_256,78562441,256,10
1939002680,slsmqhm_32_512,79969848,256,10
1941583120,slsmqhm_32_512,80655130,256,10
1942130460,slsmqhm_32_512,80387806,256,10
1957286460,slsmqhm_32_512,80875543,256,10
1954557560,slsmqhm_32_512,80399446,256,10
1944818760,slsmqhm_32_1024,82823016,256,10
1973576100,slsmqhm_32_1024,84214233,256,10
1976013620,slsmqhm_32_1024,84117424,256,10
1956643900,slsmqhm_32_1024,83873672,256,10
1964666620,slsmqhm_32_1024,83788521,256,10
5481363080,slsmqhm_64_1,233562127,256,10
5103336960,slsmqhm_64_1,230274547,256,10
5011842180,slsmqhm_64_1,222648414,256,10
5076376000,slsmqhm_64_1,231437488,256,10
4950822360,slsmqhm_64_1,233616198,256,10
4328713100,slsmqhm_64_2,169833545,256,10
4667992700,slsmqhm_64_2,176492646,256,10
4745627380,slsmqhm_64_2,181301922,256,10
4683728560,slsmqhm_64_2,180535852,256,10
5180952120,slsmqhm_64_2,199944707,256,10
4030103620,slsmqhm_64_4,160378551,256,10
3468292580,slsmqhm_64_4,150768532,256,10
3279037500,slsmqhm_64_4,148088134,256,10
3647298380,slsmqhm_64_4,143466423,256,10
3109767820,slsmqhm_64_4,152715813,256,10
2032012760,slsmqhm_64_8,106569818,256,10
2528183820,slsmqhm_64_8,105744642,256,10
2194073480,slsmqhm_64_8,103030806,256,10
2561176220,slsmqhm_64_8,108123698,256,10
2107413560,slsmqhm_64_8,105135932,256,10
1561749660,slsmqhm_64_16,79630525,256,10
1636100440,slsmqhm_64_16,84664672,256,10
1646662640,slsmqhm_64_16,80341916,256,10
1569535100,slsmqhm_64_16,81611194,256,10
1590686340,slsmqhm_64_16,82852018,256,10
1427858240,slsmqhm_64_32,77456301,256,10
1413842280,slsmqhm_64_32,77811029,256,10
1416041180,slsmqhm_64_32,77686973,256,10
1418823100,slsmqhm_64_32,77376428,256,10
1399733500,slsmqhm_64_32,77559211,256,10
1388614700,slsmqhm_64_64,77357874,256,10
1352270380,slsmqhm_64_64,77200483,256,10
1388182900,slsmqhm_64_64,77144250,256,10
1351555500,slsmqhm_64_64,77166003,256,10
1412250480,slsmqhm_64_64,77259094,256,10
1617005800,slsmqhm_64_128,78148033,256,10
1668307960,slsmqhm_64_128,77973713,256,10
1660265760,slsmqhm_64_128,77919642,256,10
1680490180,slsmqhm_64_128,77934717,256,10
1682142280,slsmqhm_64_128,77825966,256,10
1889584640,slsmqhm_64_256,79117606,256,10
1797740320,slsmqhm_64_256,79706165,256,10
1763255960,slsmqhm_64_256,79212936,256,10
1852185740,slsmqhm_64_256,79254973,256,10
1763271680,slsmqhm_64_256,79281225,256,10
1909778940,slsmqhm_64_512,80667043,256,10
1907163320,slsmqhm_64_512,81321059,256,10
1883347000,slsmqhm_64_512,80257325,256,10
1899836260,slsmqhm_64_512,80293396,256,10
1945010160,slsmqhm_64_512,82771692,256,10
1935727560,slsmqhm_64_1024,82883216,256,10
1960777060,slsmqhm_64_1024,84180673,256,10
1961897600,slsmqhm_64_1024,84367446,256,10
1957282780,slsmqhm_64_1024,83886564,256,10
1957392140,slsmqhm_64_1024,84100306,256,10
6459226840,slsmqhm_128_1,271655881,256,10
6284247780,slsmqhm_128_1,268008088,256,10
6508838260,slsmqhm_128_1,274927185,256,10
5769639080,slsmqhm_128_1,254318671,256,10
6473381420,slsmqhm_128_1,275433466,256,10
5682118680,slsmqhm_128_2,220426067,256,10
6010539440,slsmqhm_128_2,239281207,256,10
6843555960,slsmqhm_128_2,248911785,256,10
5585112360,slsmqhm_128_2,247798154,256,10
5291212240,slsmqhm_128_2,238807540,256,10
4574460260,slsmqhm_128_4,207887667,256,10
4346656060,slsmqhm_128_4,180677097,256,10
4497093520,slsmqhm_128_4,180535909,256,10
5077601820,slsmqhm_128_4,189561062,256,10
4233220920,slsmqhm_128_4,165833965,256,10
3580227660,slsmqhm_128_8,158847847,256,10
3914719540,slsmqhm_128_8,159296805,256,10
3616713860,slsmqhm_128_8,153068326,256,10
3404697480,slsmqhm_128_8,144296769,256,10
3664300340,slsmqhm_128_8,152035882,256,10
2678220020,slsmqhm_128_16,104918464,256,10
2691915760,slsmqhm_128_16,114430619,256,10
2339645780,slsmqhm_128_16,108228371,256,10
2461444120,slsmqhm_128_16,107107490,256,10
1923711600,slsmqhm_128_16,103481442,256,10
1512480320,slsmqhm_128_32,83560179,256,10
1537677640,slsmqhm_128_32,84871142,256,10
1559009280,slsmqhm_128_32,80647578,256,10
1800133360,slsmqhm_128_32,85021909,256,10
1923181040,slsmqhm_128_32,87279143,256,10
1447587380,slsmqhm_128_64,79003562,256,10
1436051260,slsmqhm_128_64,77943094,256,10
1437234180,slsmqhm_128_64,78551649,256,10
1464438020,slsmqhm_128_64,79013457,256,10
1460496420,slsmqhm_128_64,79310245,256,10
1449085040,slsmqhm_128_128,77785721,256,10
1486595960,slsmqhm_128_128,78297469,256,10
1496751100,slsmqhm_128_128,78710287,256,10
1497006480,slsmqhm_128_128,78642548,256,10
1471294900,slsmqhm_128_128,78686352,256,10
1656582720,slsmqhm_128_256,79635023,256,10
1697644160,slsmqhm_128_256,79700026,256,10
1722485220,slsmqhm_128_256,80031530,256,10
1694232960,slsmqhm_128_256,79882036,256,10
1668858580,slsmqhm_128_256,80012055,256,10
1808288080,slsmqhm_128_512,80860690,256,10
1826158160,slsmqhm_128_512,81241956,256,10
1843849620,slsmqhm_128_512,82320991,256,10
1861886740,slsmqhm_128_512,82174864,256,10
1827125200,slsmqhm_128_512,81499609,256,10
1910857080,slsmqhm_128_1024,83690510,256,10
1922968720,slsmqhm_128_1024,84375945,256,10
1934759180,slsmqhm_128_1024,85572918,256,10
1923419960,slsmqhm_128_1024,84855412,256,10
1920209960,slsmqhm_128_1024,84614802,256,10
7272188880,slsmqhm_256_1,305897665,256,10
7799603920,slsmqhm_256_1,328895119,256,10
7946459800,slsmqhm_256_1,328182799,256,10
7133113260,slsmqhm_256_1,301776521,256,10
7241963380,slsmqhm_256_1,309238626,256,10
8483357700,slsmqhm_256_2,286535642,256,10
7275529860,slsmqhm_256_2,263752516,256,10
7585959480,slsmqhm_256_2,274656803,256,10
7525027460,slsmqhm_256_2,268315754,256,10
7410196020,slsmqhm_256_2,267817601,256,10
6566066660,slsmqhm_256_4,242735733,256,10
5599191980,slsmqhm_256_4,220935218,256,10
5694802720,slsmqhm_256_4,216566797,256,10
5565702620,slsmqhm_256_4,231549886,256,10
4828330600,slsmqhm_256_4,223146467,256,10
4385819500,slsmqhm_256_8,180048498,256,10
4313000740,slsmqhm_256_8,187706069,256,10
4690825480,slsmqhm_256_8,199663165,256,10
4433032180,slsmqhm_256_8,181812029,256,10
4806053380,slsmqhm_256_8,197148653,256,10
3528369780,slsmqhm_256_16,146956582,256,10
3184647640,slsmqhm_256_16,138603085,256,10
3246628920,slsmqhm_256_16,145397425,256,10
3953591000,slsmqhm_256_16,150117809,256,10
2959554440,slsmqhm_256_16,136344782,256,10
2643158560,slsmqhm_256_32,111759258,256,10
2799032800,slsmqhm_256_32,116522633,256,10
2148240180,slsmqhm_256_32,108645577,256,10
2284506080,slsmqhm_256_32,107396356,256,10
2618476780,slsmqhm_256_32,116000848,256,10
2053544780,slsmqhm_256_64,90059688,256,10
1703344100,slsmqhm_256_64,88115732,256,10
1765577280,slsmqhm_256_64,90290130,256,10
1887718000,slsmqhm_256_64,90008076,256,10
1769105720,slsmqhm_256_64,88037979,256,10
1528648820,slsmqhm_256_128,79983680,256,10
1500290080,slsmqhm_256_128,79845016,256,10
1503946160,slsmqhm_256_128,79367934,256,10
1477772780,slsmqhm_256_128,79379857,256,10
1493224920,slsmqhm_256_128,80123483,256,10
1582103280,slsmqhm_256_256,80112824,256,10
1550178980,slsmqhm_256_256,81096436,256,10
1539381620,slsmqhm_256_256,80373438,256,10
1575511520,slsmqhm_256_256,80443024,256,10
1585923020,slsmqhm_256_256,81112941,256,10
1732706880,slsmqhm_256_512,82286666,256,10
1723340560,slsmqhm_256_512,82853050,256,10
1747966660,slsmqhm_256_512,82576725,256,10
1743116340,slsmqhm_256_512,82392779,256,10
1724877720,slsmqhm_256_512,81756459,256,10
1863011040,slsmqhm_256_1024,84556996,256,10
1887829260,slsmqhm_256_1024,86420116,256,10
1853663820,slsmqhm_256_1024,84992845,256,10
1850488300,slsmqhm_256_1024,84819090,256,10
1872463000,slsmqhm_256_1024,85177213,256,10
7615597660,slsmqhm_512_1,324814613,256,10
8122282980,slsmqhm_512_1,332822907,256,10
7304722180,slsmqhm_512_1,316217766,256,10
7824717200,slsmqhm_512_1,328119595,256,10
8095014280,slsmqhm_512_1,349969936,256,10
8333009640,slsmqhm_512_2,290893929,256,10
8040259600,slsmqhm_512_2,287118072,256,10
8784574140,slsmqhm_512_2,306947958,256,10
9895317480,slsmqhm_512_2,343230247,256,10
8707666800,slsmqhm_512_2,315128627,256,10
6477081340,slsmqhm_512_4,255979237,256,10
7626107080,slsmqhm_512_4,264597743,256,10
7513761540,slsmqhm_512_4,276239405,256,10
6831603240,slsmqhm_512_4,273312125,256,10
6614852440,slsmqhm_512_4,258252513,256,10
6381097660,slsmqhm_512_8,246977221,256,10
5530640720,slsmqhm_512_8,219745648,256,10
6667610940,slsmqhm_512_8,252524527,256,10
5179917900,slsmqhm_512_8,222252132,256,10
5277838020,slsmqhm_512_8,232598389,256,10
5135834160,slsmqhm_512_16,196427951,256,10
4058585100,slsmqhm_512_16,180723938,256,10
4277267660,slsmqhm_512_16,186660216,256,10
3721821500,slsmqhm_512_16,174416189,256,10
4592222180,slsmqhm_512_16,189603834,256,10
3815210240,slsmqhm_512_32,155142213,256,10
3361458560,slsmqhm_512_32,154819111,256,10
3531469820,slsmqhm_512_32,154189464,256,10
3367849480,slsmqhm_512_32,146098547,256,10
3470013220,slsmqhm_512_32,139636817,256,10
2906278480,slsmqhm_512_64,116822608,256,10
2364918800,slsmqhm_512_64,121204406,256,10
2651844300,slsmqhm_512_64,121119834,256,10
2429237380,slsmqhm_512_64,116613076,256,10
2004892700,slsmqhm_512_64,114260100,256,10
1927045820,slsmqhm_512_128,96661153,256,10
1743778880,slsmqhm_512_128,89729386,256,10
1861309720,slsmqhm_512_128,92119687,256,10
1673428160,slsmqhm_512_128,90643274,256,10
1963373880,slsmqhm_512_128,98958694,256,10
1582794240,slsmqhm_512_256,81968485,256,10
1557164580,slsmqhm_512_256,81513397,256,10
1568163880,slsmqhm_512_256,81741001,256,10
1607884760,slsmqhm_512_256,82060122,256,10
1571636240,slsmqhm_512_256,82406226,256,10
1668380960,slsmqhm_512_512,82405879,256,10
1674059620,slsmqhm_512_512,84643611,256,10
1636303180,slsmqhm_512_512,81793901,256,10
1661373380,slsmqhm_512_512,83325933,256,10
1716302260,slsmqhm_512_512,83163092,256,10
1783607320,slsmqhm_512_1024,87047005,256,10
1874547680,slsmqhm_512_1024,87697110,256,10
1848917460,slsmqhm_512_1024,85945888,256,10
1777797100,slsmqhm_512_1024,88583729,256,10
1812359960,slsmqhm_512_1024,88581448,256,10
8093656060,slsmqhm_1024_1,349299259,256,10
7957635720,slsmqhm_1024_1,327614748,256,10
8889109460,slsmqhm_1024_1,370085207,256,10
7904721360,slsmqhm_1024_1,334564211,256,10
7878017620,slsmqhm_1024_1,325719235,256,10
9669721620,slsmqhm_1024_2,341049470,256,10
8634044980,slsmqhm_1024_2,323515028,256,10
8981196160,slsmqhm_1024_2,317855640,256,10
9701311740,slsmqhm_1024_2,337500775,256,10
9175491640,slsmqhm_1024_2,323122787,256,10
8811959540,slsmqhm_1024_4,311412328,256,10
8328886820,slsmqhm_1024_4,296682948,256,10
8144457380,slsmqhm_1024_4,296587542,256,10
9385485740,slsmqhm_1024_4,326274407,256,10
7394193800,slsmqhm_1024_4,286891228,256,10
7636518220,slsmqhm_1024_8,272421316,256,10
5969416700,slsmqhm_1024_8,257672550,256,10
7454854060,slsmqhm_1024_8,268177383,256,10
6857883120,slsmqhm_1024_8,265149940,256,10
6599140120,slsmqhm_1024_8,251671469,256,10
5688751660,slsmqhm_1024_16,226002932,256,10
4306356920,slsmqhm_1024_16,210456658,256,10
4874481220,slsmqhm_1024_16,215661007,256,10
5630630700,slsmqhm_1024_16,236143710,256,10
6758905100,slsmqhm_1024_16,260136843,256,10
5192045960,slsmqhm_1024_32,211220647,256,10
4367306140,slsmqhm_1024_32,185799596,256,10
4914878440,slsmqhm_1024_32,194395903,256,10
4226815420,slsmqhm_1024_32,174961933,256,10
4077152020,slsmqhm_1024_32,190661951,256,10
3755470820,slsmqhm_1024_64,151672283,256,10
3761690640,slsmqhm_1024_64,152083616,256,10
3220036300,slsmqhm_1024_64,148533771,256,10
3064596240,slsmqhm_1024_64,147216017,256,10
3796897740,slsmqhm_1024_64,154267234,256,10
2418866480,slsmqhm_1024_128,120875032,256,10
3309843700,slsmqhm_1024_128,132511852,256,10
2381032040,slsmqhm_1024_128,121007908,256,10
2493931280,slsmqhm_1024_128,119876723,256,10
2317511800,slsmqhm_1024_128,124497495,256,10
1823458320,slsmqhm_1024_256,99895630,256,10
1776686080,slsmqhm_1024_256,96794624,256,10
1972579360,slsmqhm_1024_256,98344511,256,10
1584345880,slsmqhm_1024_256,91457804,256,10
1759257820,slsmqhm_1024_256,99516705,256,10
1576628580,slsmqhm_1024_512,86687990,256,10
1603384140,slsmqhm_1024_512,87785650,256,10
1679081680,slsmqhm_1024_512,88584592,256,10
1602530080,slsmqhm_1024_512,87257772,256,10
1656880820,slsmqhm_1024_512,86990580,256,10
1804456080,slsmqhm_1024_1024,91036765,256,10
1696299460,slsmqhm_1024_1024,88997391,256,10
1742338320,slsmqhm_1024_1024,88215872,256,10
1729058140,slsmqhm_1024_1024,88084692,256,10
1741500840,slsmqhm_1024_1024,87848850,256,10
