167989160,slsmqhm_1_1,7806780,256,10
167760440,slsmqhm_1_1,7810620,256,10
168853080,slsmqhm_1_1,7795740,256,10
167067780,slsmqhm_1_1,7806416,256,10
169499420,slsmqhm_1_1,7803488,256,10
177556800,slsmqhm_1_2,8322001,256,10
177456580,slsmqhm_1_2,8318371,256,10
177100980,slsmqhm_1_2,8310456,256,10
177048340,slsmqhm_1_2,8334240,256,10
192869220,slsmqhm_1_2,8320038,256,10
194115600,slsmqhm_1_4,9506254,256,10
193947380,slsmqhm_1_4,9502726,256,10
196511380,slsmqhm_1_4,9504414,256,10
194725160,slsmqhm_1_4,9521595,256,10
194111800,slsmqhm_1_4,9503253,256,10
232506480,slsmqhm_1_8,12016200,256,10
232117820,slsmqhm_1_8,12044744,256,10
253415260,slsmqhm_1_8,12011238,256,10
232525480,slsmqhm_1_8,11984447,256,10
234329780,slsmqhm_1_8,11935277,256,10
297440840,slsmqhm_1_16,16437074,256,10
299156380,slsmqhm_1_16,16491038,256,10
297014440,slsmqhm_1_16,16345327,256,10
301289480,slsmqhm_1_16,16630881,256,10
296474520,slsmqhm_1_16,16419159,256,10
392244620,slsmqhm_1_32,23267813,256,10
404007460,slsmqhm_1_32,23570460,256,10
392453980,slsmqhm_1_32,23300421,256,10
399697680,slsmqhm_1_32,23793227,256,10
393810040,slsmqhm_1_32,23359702,256,10
519769620,slsmqhm_1_64,33067434,256,10
505782760,slsmqhm_1_64,32148528,256,10
500206680,slsmqhm_1_64,31721952,256,10
514663920,slsmqhm_1_64,32612722,256,10
513663620,slsmqhm_1_64,32657170,256,10
605102360,slsmqhm_1_128,40117905,256,10
652862900,slsmqhm_1_128,42297838,256,10
620337140,slsmqhm_1_128,41205114,256,10
644542440,slsmqhm_1_128,41833438,256,10
609726880,slsmqhm_1_128,40444413,256,10
707141280,slsmqhm_1_256,47673126,256,10
695480620,slsmqhm_1_256,47512153,256,10
713774820,slsmqhm_1_256,48678753,256,10
702176060,slsmqhm_1_256,48043909,256,10
712304660,slsmqhm_1_256,48810717,256,10
697883360,slsmqhm_1_512,47823870,256,10
733056280,slsmqhm_1_512,50585212,256,10
719161560,slsmqhm_1_512,49352459,256,10
731446440,slsmqhm_1_512,50352514,256,10
710659680,slsmqhm_1_512,48790146,256,10
716267260,slsmqhm_1_1024,49196532,256,10
686201740,slsmqhm_1_1024,46957324,256,10
723291820,slsmqhm_1_1024,49699918,256,10
768803020,slsmqhm_1_1024,50423725,256,10
701887440,slsmqhm_1_1024,48059177,256,10
140875660,slsmqhm_2_1,9056977,256,10
140040480,slsmqhm_2_1,8991172,256,10
141827440,slsmqhm_2_1,9004860,256,10
139795640,slsmqhm_2_1,8973115,256,10
143038120,slsmqhm_2_1,9005870,256,10
151346220,slsmqhm_2_2,9100459,256,10
152202660,slsmqhm_2_2,9137285,256,10
150468920,slsmqhm_2_2,9091645,256,10
150253460,slsmqhm_2_2,9094692,256,10
151895940,slsmqhm_2_2,9077901,256,10
173438880,slsmqhm_2_4,10152676,256,10
173233240,slsmqhm_2_4,10104059,256,10
171724320,slsmqhm_2_4,10118888,256,10
173432280,slsmqhm_2_4,10087565,256,10
172855180,slsmqhm_2_4,10125365,256,10
207762720,slsmqhm_2_8,12298476,256,10
206926080,slsmqhm_2_8,12258647,256,10
207800620,slsmqhm_2_8,12311072,256,10
205718400,slsmqhm_2_8,12210250,256,10
206612440,slsmqhm_2_8,12262141,256,10
278576000,slsmqhm_2_16,15959478,256,10
279253100,slsmqhm_2_16,15943360,256,10
269435520,slsmqhm_2_16,16041526,256,10
288894300,slsmqhm_2_16,15999184,256,10
271099640,slsmqhm_2_16,16076734,256,10
348241240,slsmqhm_2_32,21859691,256,10
347595280,slsmqhm_2_32,21731116,256,10
348413040,slsmqhm_2_32,21630666,256,10
341188620,slsmqhm_2_32,21341258,256,10
343079800,slsmqhm_2_32,21449184,256,10
427719440,slsmqhm_2_64,27920247,256,10
425859900,slsmqhm_2_64,27726584,256,10
431488080,slsmqhm_2_64,28112272,256,10
441566600,slsmqhm_2_64,28933757,256,10
438296280,slsmqhm_2_64,28668529,256,10
520549500,slsmqhm_2_128,35285276,256,10
531411820,slsmqhm_2_128,35907876,256,10
512033720,slsmqhm_2_128,34397676,256,10
516476840,slsmqhm_2_128,34913929,256,10
516676560,slsmqhm_2_128,34744171,256,10
579135200,slsmqhm_2_256,38313000,256,10
560169440,slsmqhm_2_256,38574586,256,10
574036500,slsmqhm_2_256,38828943,256,10
569832220,slsmqhm_2_256,38779916,256,10
573869260,slsmqhm_2_256,38916441,256,10
564019240,slsmqhm_2_512,38557883,256,10
582654720,slsmqhm_2_512,38582906,256,10
574528240,slsmqhm_2_512,39528845,256,10
578391340,slsmqhm_2_512,39864020,256,10
573279040,slsmqhm_2_512,38540923,256,10
577592620,slsmqhm_2_1024,39069314,256,10
574886680,slsmqhm_2_1024,38351100,256,10
578148820,slsmqhm_2_1024,38663296,256,10
559961860,slsmqhm_2_1024,38378578,256,10
563631260,slsmqhm_2_1024,38694836,256,10
133574620,slsmqhm_4_1,11174439,256,10
134046700,slsmqhm_4_1,11159754,256,10
134737420,slsmqhm_4_1,11193899,256,10
134595340,slsmqhm_4_1,11176639,256,10
134155040,slsmqhm_4_1,11177132,256,10
137985420,slsmqhm_4_2,10452328,256,10
138002840,slsmqhm_4_2,10504792,256,10
137645620,slsmqhm_4_2,10492898,256,10
137967380,slsmqhm_4_2,10493196,256,10
138236220,slsmqhm_4_2,10497499,256,10
156548340,slsmqhm_4_4,11210744,256,10
155956980,slsmqhm_4_4,11147770,256,10
154716700,slsmqhm_4_4,11213425,256,10
156045560,slsmqhm_4_4,11180943,256,10
156258900,slsmqhm_4_4,11193599,256,10
189219100,slsmqhm_4_8,13118336,256,10
190879360,slsmqhm_4_8,13198482,256,10
192927120,slsmqhm_4_8,13192108,256,10
190567840,slsmqhm_4_8,13197776,256,10
191525700,slsmqhm_4_8,13202007,256,10
241402060,slsmqhm_4_16,16621342,256,10
249542000,slsmqhm_4_16,16778460,256,10
243090020,slsmqhm_4_16,16589393,256,10
250334260,slsmqhm_4_16,16685234,256,10
261292260,slsmqhm_4_16,16658678,256,10
319964640,slsmqhm_4_32,21936818,256,10
319400140,slsmqhm_4_32,21755526,256,10
317869640,slsmqhm_4_32,21670869,256,10
318793460,slsmqhm_4_32,21719872,256,10
317145860,slsmqhm_4_32,21730287,256,10
396478280,slsmqhm_4_64,27520539,256,10
403551020,slsmqhm_4_64,27977645,256,10
391607540,slsmqhm_4_64,27182396,256,10
392714880,slsmqhm_4_64,27162368,256,10
398572160,slsmqhm_4_64,27603633,256,10
458490120,slsmqhm_4_128,32258426,256,10
473335080,slsmqhm_4_128,32607048,256,10
444868800,slsmqhm_4_128,31263608,256,10
455081480,slsmqhm_4_128,32006440,256,10
454633680,slsmqhm_4_128,31965749,256,10
489551320,slsmqhm_4_256,34929582,256,10
493515340,slsmqhm_4_256,35186965,256,10
493666300,slsmqhm_4_256,35219231,256,10
485956600,slsmqhm_4_256,34619142,256,10
492471340,slsmqhm_4_256,35191383,256,10
490237940,slsmqhm_4_512,34974247,256,10
489541260,slsmqhm_4_512,34894635,256,10
484414000,slsmqhm_4_512,34246877,256,10
503552780,slsmqhm_4_512,35931989,256,10
485527660,slsmqhm_4_512,34490791,256,10
482071880,slsmqhm_4_1024,34417771,256,10
491910480,slsmqhm_4_1024,35057990,256,10
479651460,slsmqhm_4_1024,34139049,256,10
505189020,slsmqhm_4_1024,36077909,256,10
482672380,slsmqhm_4_1024,34489188,256,10
143915420,slsmqhm_8_1,14849106,256,10
143248300,slsmqhm_8_1,14719929,256,10
145425100,slsmqhm_8_1,14894316,256,10
144030340,slsmqhm_8_1,14768839,256,10
145692980,slsmqhm_8_1,14939157,256,10
136848440,slsmqhm_8_2,12749221,256,10
137325020,slsmqhm_8_2,12821134,256,10
136983800,slsmqhm_8_2,12726456,256,10
138012640,slsmqhm_8_2,12716387,256,10
136727400,slsmqhm_8_2,12700619,256,10
147193980,slsmqhm_8_4,12772444,256,10
148605240,slsmqhm_8_4,12884124,256,10
149193880,slsmqhm_8_4,12796200,256,10
147892840,slsmqhm_8_4,12791824,256,10
148705840,slsmqhm_8_4,12883465,256,10
178672660,slsmqhm_8_8,14708309,256,10
198269980,slsmqhm_8_8,14676485,256,10
180735360,slsmqhm_8_8,14815685,256,10
180011020,slsmqhm_8_8,14782608,256,10
179788740,slsmqhm_8_8,14771362,256,10
232898040,slsmqhm_8_16,18182258,256,10
254203200,slsmqhm_8_16,18365079,256,10
232233420,slsmqhm_8_16,18294083,256,10
230575760,slsmqhm_8_16,18128996,256,10
242798960,slsmqhm_8_16,18136095,256,10
307378380,slsmqhm_8_32,23505415,256,10
307386400,slsmqhm_8_32,23408192,256,10
323093380,slsmqhm_8_32,23467730,256,10
304586420,slsmqhm_8_32,23194129,256,10
303708080,slsmqhm_8_32,23230248,256,10
381602580,slsmqhm_8_64,28762261,256,10
381923440,slsmqhm_8_64,28867770,256,10
385871440,slsmqhm_8_64,28965313,256,10
382075040,slsmqhm_8_64,28800796,256,10
394365220,slsmqhm_8_64,29578736,256,10
440433760,slsmqhm_8_128,33386385,256,10
450850800,slsmqhm_8_128,34188424,256,10
437200880,slsmqhm_8_128,33039220,256,10
441006300,slsmqhm_8_128,33375807,256,10
439436980,slsmqhm_8_128,33360856,256,10
466363240,slsmqhm_8_256,35465558,256,10
483243260,slsmqhm_8_256,36792383,256,10
473719800,slsmqhm_8_256,36104146,256,10
479747740,slsmqhm_8_256,36334725,256,10
470448100,slsmqhm_8_256,35828102,256,10
464957000,slsmqhm_8_512,35474451,256,10
455437420,slsmqhm_8_512,34774551,256,10
472615440,slsmqhm_8_512,35847648,256,10
468059000,slsmqhm_8_512,35598329,256,10
495415880,slsmqhm_8_512,36652581,256,10
465016740,slsmqhm_8_1024,35365324,256,10
471088220,slsmqhm_8_1024,35833434,256,10
467931080,slsmqhm_8_1024,35336182,256,10
469964900,slsmqhm_8_1024,35713638,256,10
470217340,slsmqhm_8_1024,35622634,256,10
173911020,slsmqhm_16_1,20422264,256,10
172782080,slsmqhm_16_1,20369108,256,10
179264440,slsmqhm_16_1,20392035,256,10
186118160,slsmqhm_16_1,20392610,256,10
184693740,slsmqhm_16_1,20638462,256,10
146675200,slsmqhm_16_2,16197748,256,10
145410880,slsmqhm_16_2,16054220,256,10
146416300,slsmqhm_16_2,16213368,256,10
145273860,slsmqhm_16_2,16211064,256,10
145229220,slsmqhm_16_2,16148720,256,10
148484940,slsmqhm_16_4,15185309,256,10
148275220,slsmqhm_16_4,15222589,256,10
147889000,slsmqhm_16_4,15200626,256,10
150262000,slsmqhm_16_4,15225568,256,10
148680500,slsmqhm_16_4,15237137,256,10
172225240,slsmqhm_16_8,16658290,256,10
173799300,slsmqhm_16_8,16708840,256,10
235436200,slsmqhm_16_8,16673939,256,10
174614020,slsmqhm_16_8,16842372,256,10
173530280,slsmqhm_16_8,16742751,256,10
231519060,slsmqhm_16_16,20576741,256,10
244526140,slsmqhm_16_16,20623964,256,10
236912120,slsmqhm_16_16,20571773,256,10
233004100,slsmqhm_16_16,20370282,256,10
225926640,slsmqhm_16_16,20548845,256,10
302125440,slsmqhm_16_32,26170358,256,10
301938580,slsmqhm_16_32,26177197,256,10
298758980,slsmqhm_16_32,25955905,256,10
303953680,slsmqhm_16_32,26242345,256,10
297876860,slsmqhm_16_32,25825821,256,10
384393580,slsmqhm_16_64,32256498,256,10
388692960,slsmqhm_16_64,32656972,256,10
380860300,slsmqhm_16_64,31845254,256,10
385500980,slsmqhm_16_64,32373773,256,10
399401320,slsmqhm_16_64,31869017,256,10
461665220,slsmqhm_16_128,37995217,256,10
446945300,slsmqhm_16_128,36787442,256,10
452974200,slsmqhm_16_128,37327895,256,10
441729180,slsmqhm_16_128,36507817,256,10
444656860,slsmqhm_16_128,36740945,256,10
475600700,slsmqhm_16_256,39295059,256,10
490592200,slsmqhm_16_256,40242338,256,10
472390100,slsmqhm_16_256,38956980,256,10
493662980,slsmqhm_16_256,40774555,256,10
483853580,slsmqhm_16_256,39852149,256,10
477228600,slsmqhm_16_512,39518171,256,10
478921400,slsmqhm_16_512,39532495,256,10
487486800,slsmqhm_16_512,40203821,256,10
478457320,slsmqhm_16_512,39562051,256,10
525063880,slsmqhm_16_512,40664818,256,10
480283940,slsmqhm_16_1024,39409414,256,10
476632360,slsmqhm_16_1024,39280477,256,10
482317080,slsmqhm_16_1024,39639988,256,10
495452380,slsmqhm_16_1024,40586236,256,10
484416120,slsmqhm_16_1024,39795005,256,10
210839500,slsmqhm_32_1,28553880,256,10
212528280,slsmqhm_32_1,29148606,256,10
205831620,slsmqhm_32_1,28194462,256,10
217386560,slsmqhm_32_1,29629159,256,10
209183000,slsmqhm_32_1,28578878,256,10
170735900,slsmqhm_32_2,21553052,256,10
202091740,slsmqhm_32_2,22116432,256,10
207610440,slsmqhm_32_2,21416059,256,10
180725880,slsmqhm_32_2,21613713,256,10
188034960,slsmqhm_32_2,21805144,256,10
168313940,slsmqhm_32_4,18567617,256,10
158084520,slsmqhm_32_4,18758956,256,10
198125180,slsmqhm_32_4,18505477,256,10
157641980,slsmqhm_32_4,18544973,256,10
157577220,slsmqhm_32_4,18676934,256,10
189296420,slsmqhm_32_8,19247605,256,10
174098420,slsmqhm_32_8,19239991,256,10
209723520,slsmqhm_32_8,19337626,256,10
173307920,slsmqhm_32_8,19303023,256,10
183553780,slsmqhm_32_8,19353900,256,10
222516420,slsmqhm_32_16,23357326,256,10
224396400,slsmqhm_32_16,23552728,256,10
227771420,slsmqhm_32_16,23606759,256,10
236933520,slsmqhm_32_16,23136077,256,10
219070980,slsmqhm_32_16,23012158,256,10
301609400,slsmqhm_32_32,29752130,256,10
299419560,slsmqhm_32_32,29467420,256,10
299886380,slsmqhm_32_32,29449990,256,10
302439060,slsmqhm_32_32,29839846,256,10
305169040,slsmqhm_32_32,29882305,256,10
391974340,slsmqhm_32_64,36876326,256,10
397000140,slsmqhm_32_64,37353715,256,10
401383920,slsmqhm_32_64,37583702,256,10
398084460,slsmqhm_32_64,37451931,256,10
398445220,slsmqhm_32_64,37379530,256,10
488691200,slsmqhm_32_128,44414581,256,10
486053980,slsmqhm_32_128,44102109,256,10
492686980,slsmqhm_32_128,44870265,256,10
477324460,slsmqhm_32_128,43346871,256,10
494835600,slsmqhm_32_128,44931986,256,10
506835200,slsmqhm_32_256,45807287,256,10
536782760,slsmqhm_32_256,48108609,256,10
536499940,slsmqhm_32_256,46885605,256,10
539347140,slsmqhm_32_256,47293031,256,10
522593160,slsmqhm_32_256,46904400,256,10
542672240,slsmqhm_32_512,48410463,256,10
558006780,slsmqhm_32_512,49594021,256,10
541636720,slsmqhm_32_512,47403531,256,10
533463520,slsmqhm_32_512,46813117,256,10
544896560,slsmqhm_32_512,48720034,256,10
516236680,slsmqhm_32_1024,46411304,256,10
535093040,slsmqhm_32_1024,48003450,256,10
526917400,slsmqhm_32_1024,47283584,256,10
547845660,slsmqhm_32_1024,48949643,256,10
533229260,slsmqhm_32_1024,47762699,256,10
268313280,slsmqhm_64_1,40447325,256,10
253949620,slsmqhm_64_1,37979781,256,10
265394000,slsmqhm_64_1,39884506,256,10
267180920,slsmqhm_64_1,39915555,256,10
265744120,slsmqhm_64_1,39877275,256,10
208976160,slsmqhm_64_2,29155775,256,10
205806440,slsmqhm_64_2,28649666,256,10
212804140,slsmqhm_64_2,29693193,256,10
206775080,slsmqhm_64_2,28837396,256,10
208726320,slsmqhm_64_2,29113550,256,10
178078080,slsmqhm_64_4,23373505,256,10
179204140,slsmqhm_64_4,23453568,256,10
201316200,slsmqhm_64_4,23787707,256,10
191606000,slsmqhm_64_4,23781269,256,10
218890280,slsmqhm_64_4,23553715,256,10
207955500,slsmqhm_64_8,23141481,256,10
184005880,slsmqhm_64_8,22678673,256,10
190693900,slsmqhm_64_8,22816618,256,10
183573320,slsmqhm_64_8,22878045,256,10
211297080,slsmqhm_64_8,23002409,256,10
225304880,slsmqhm_64_16,27036541,256,10
223488820,slsmqhm_64_16,26686873,256,10
242430360,slsmqhm_64_16,26646005,256,10
223596980,slsmqhm_64_16,26569842,256,10
221441520,slsmqhm_64_16,26335320,256,10
296688760,slsmqhm_64_32,33630292,256,10
296620960,slsmqhm_64_32,33429544,256,10
302660160,slsmqhm_64_32,34564292,256,10
300835160,slsmqhm_64_32,34162035,256,10
298302300,slsmqhm_64_32,33896708,256,10
401065800,slsmqhm_64_64,42615174,256,10
403162820,slsmqhm_64_64,42542192,256,10
396683400,slsmqhm_64_64,42326944,256,10
396019600,slsmqhm_64_64,42344719,256,10
407804780,slsmqhm_64_64,43358922,256,10
501453040,slsmqhm_64_128,50744709,256,10
548275060,slsmqhm_64_128,51883780,256,10
500141000,slsmqhm_64_128,50786037,256,10
528669360,slsmqhm_64_128,51971413,256,10
518616500,slsmqhm_64_128,52252612,256,10
597628480,slsmqhm_64_256,57681548,256,10
597307600,slsmqhm_64_256,58244916,256,10
584866480,slsmqhm_64_256,57485730,256,10
564534020,slsmqhm_64_256,55528613,256,10
574959480,slsmqhm_64_256,56664414,256,10
569878100,slsmqhm_64_512,56169167,256,10
602110940,slsmqhm_64_512,58888428,256,10
581292820,slsmqhm_64_512,56981290,256,10
606710920,slsmqhm_64_512,59392191,256,10
610664000,slsmqhm_64_512,59439866,256,10
565258920,slsmqhm_64_1024,55518438,256,10
579649600,slsmqhm_64_1024,57037851,256,10
604842560,slsmqhm_64_1024,58866369,256,10
602828480,slsmqhm_64_1024,57896844,256,10
612613460,slsmqhm_64_1024,59368132,256,10
318138460,slsmqhm_128_1,50694035,256,10
345672580,slsmqhm_128_1,55467958,256,10
313200620,slsmqhm_128_1,50211728,256,10
308070460,slsmqhm_128_1,49426088,256,10
329200240,slsmqhm_128_1,52296060,256,10
249345940,slsmqhm_128_2,37462355,256,10
256447140,slsmqhm_128_2,38686777,256,10
260905940,slsmqhm_128_2,39531464,256,10
259609240,slsmqhm_128_2,39021262,256,10
258539340,slsmqhm_128_2,39595465,256,10
209811260,slsmqhm_128_4,30370818,256,10
218846680,slsmqhm_128_4,31799577,256,10
208589360,slsmqhm_128_4,30330147,256,10
224257020,slsmqhm_128_4,30833025,256,10
212462620,slsmqhm_128_4,30568515,256,10
200425220,slsmqhm_128_8,27813895,256,10
198422340,slsmqhm_128_8,27379915,256,10
215852860,slsmqhm_128_8,27587199,256,10
211591820,slsmqhm_128_8,27727047,256,10
216911240,slsmqhm_128_8,27718691,256,10
247003060,slsmqhm_128_16,30195328,256,10
257140500,slsmqhm_128_16,30650930,256,10
227696760,slsmqhm_128_16,30399376,256,10
230184960,slsmqhm_128_16,30029087,256,10
229827460,slsmqhm_128_16,30611584,256,10
289376460,slsmqhm_128_32,37233076,256,10
291772920,slsmqhm_128_32,37682622,256,10
295851520,slsmqhm_128_32,37862659,256,10
294382540,slsmqhm_128_32,38203767,256,10
295680800,slsmqhm_128_32,38296133,256,10
401762520,slsmqhm_128_64,48565513,256,10
416689980,slsmqhm_128_64,49842395,256,10
404247980,slsmqhm_128_64,48693683,256,10
399883080,slsmqhm_128_64,48566612,256,10
402982120,slsmqhm_128_64,48638063,256,10
536998040,slsmqhm_128_128,59823409,256,10
514679380,slsmqhm_128_128,58849693,256,10
551811060,slsmqhm_128_128,60344463,256,10
550251460,slsmqhm_128_128,60555382,256,10
545673280,slsmqhm_128_128,59729368,256,10
639844020,slsmqhm_128_256,66802389,256,10
652015820,slsmqhm_128_256,69038187,256,10
654695320,slsmqhm_128_256,66559919,256,10
616019280,slsmqhm_128_256,66800566,256,10
620151880,slsmqhm_128_256,66560454,256,10
906001060,slsmqhm_128_512,74892940,256,10
641498440,slsmqhm_128_512,68667086,256,10
874681120,slsmqhm_128_512,70460052,256,10
684313020,slsmqhm_128_512,71385049,256,10
686287980,slsmqhm_128_512,67627958,256,10
1459987680,slsmqhm_128_1024,77585315,256,10
664515160,slsmqhm_128_1024,70510992,256,10
676247740,slsmqhm_128_1024,71050564,256,10
643076440,slsmqhm_128_1024,67123038,256,10
677902920,slsmqhm_128_1024,69834944,256,10
392565660,slsmqhm_256_1,63696410,256,10
434950460,slsmqhm_256_1,64071504,256,10
383445040,slsmqhm_256_1,63783883,256,10
375524300,slsmqhm_256_1,61660746,256,10
380703140,slsmqhm_256_1,63489946,256,10
311503960,slsmqhm_256_2,50130593,256,10
317858760,slsmqhm_256_2,51581824,256,10
321206360,slsmqhm_256_2,51820555,256,10
315982840,slsmqhm_256_2,51050511,256,10
315935940,slsmqhm_256_2,51155482,256,10
268654300,slsmqhm_256_4,41159745,256,10
263142540,slsmqhm_256_4,40287087,256,10
270389680,slsmqhm_256_4,41368057,256,10
260188380,slsmqhm_256_4,40227471,256,10
252652340,slsmqhm_256_4,39139255,256,10
235258620,slsmqhm_256_8,34019666,256,10
237574080,slsmqhm_256_8,33940718,256,10
272838780,slsmqhm_256_8,34698053,256,10
261199180,slsmqhm_256_8,34057183,256,10
251767520,slsmqhm_256_8,34973128,256,10
240745140,slsmqhm_256_16,34719737,256,10
239608980,slsmqhm_256_16,34405547,256,10
265656400,slsmqhm_256_16,35386846,256,10
243906200,slsmqhm_256_16,35453486,256,10
237318920,slsmqhm_256_16,34310584,256,10
299469060,slsmqhm_256_32,42282841,256,10
300128740,slsmqhm_256_32,42498260,256,10
299202380,slsmqhm_256_32,42302073,256,10
297985940,slsmqhm_256_32,41785601,256,10
298336220,slsmqhm_256_32,41873883,256,10
399842160,slsmqhm_256_64,54159911,256,10
393448700,slsmqhm_256_64,53486207,256,10
407493320,slsmqhm_256_64,55208855,256,10
407966140,slsmqhm_256_64,55358402,256,10
392754540,slsmqhm_256_64,53310475,256,10
542276580,slsmqhm_256_128,68507051,256,10
549331020,slsmqhm_256_128,68256307,256,10
610584620,slsmqhm_256_128,69201664,256,10
620440780,slsmqhm_256_128,68929865,256,10
613728540,slsmqhm_256_128,67493551,256,10
2308862420,slsmqhm_256_256,79163647,256,10
2328629460,slsmqhm_256_256,80058115,256,10
2320307480,slsmqhm_256_256,78942050,256,10
2305135100,slsmqhm_256_256,79128160,256,10
2320365540,slsmqhm_256_256,80053082,256,10
2329209580,slsmqhm_256_512,82459055,256,10
2328407340,slsmqhm_256_512,78848635,256,10
2312178600,slsmqhm_256_512,79530976,256,10
2351143240,slsmqhm_256_512,83053180,256,10
2345095860,slsmqhm_256_512,84216310,256,10
2347689320,slsmqhm_256_1024,83094166,256,10
1112567100,slsmqhm_256_1024,76620721,256,10
2300703200,slsmqhm_256_1024,78974662,256,10
2346890720,slsmqhm_256_1024,84564793,256,10
2346216420,slsmqhm_256_1024,83164838,256,10
845259280,slsmqhm_512_1,75321296,256,10
2136211060,slsmqhm_512_1,78682294,256,10
470018360,slsmqhm_512_1,72435281,256,10
896236760,slsmqhm_512_1,76083995,256,10
605836640,slsmqhm_512_1,73939962,256,10
387878580,slsmqhm_512_2,61553967,256,10
391273200,slsmqhm_512_2,63552239,256,10
397523600,slsmqhm_512_2,63698407,256,10
509716840,slsmqhm_512_2,65852886,256,10
400525020,slsmqhm_512_2,62354384,256,10
328721960,slsmqhm_512_4,54116997,256,10
316994320,slsmqhm_512_4,51616810,256,10
331682220,slsmqhm_512_4,54358547,256,10
314778700,slsmqhm_512_4,51389503,256,10
315538940,slsmqhm_512_4,51651839,256,10
297522560,slsmqhm_512_8,42520579,256,10
280402820,slsmqhm_512_8,43721142,256,10
310724400,slsmqhm_512_8,42166729,256,10
280521200,slsmqhm_512_8,43672674,256,10
278655460,slsmqhm_512_8,43136931,256,10
264082280,slsmqhm_512_16,40059156,256,10
274326480,slsmqhm_512_16,39969905,256,10
262797360,slsmqhm_512_16,40076074,256,10
272081880,slsmqhm_512_16,40146578,256,10
286740400,slsmqhm_512_16,38501200,256,10
319111580,slsmqhm_512_32,46474228,256,10
309837600,slsmqhm_512_32,46806209,256,10
303388780,slsmqhm_512_32,45876666,256,10
304438380,slsmqhm_512_32,45520940,256,10
311131000,slsmqhm_512_32,45502936,256,10
399894260,slsmqhm_512_64,59590152,256,10
421867000,slsmqhm_512_64,60212027,256,10
408962320,slsmqhm_512_64,59773600,256,10
407184080,slsmqhm_512_64,58828342,256,10
417594320,slsmqhm_512_64,59356531,256,10
1003143680,slsmqhm_512_128,76336013,256,10
1071708020,slsmqhm_512_128,76790848,256,10
912845680,slsmqhm_512_128,74850834,256,10
923472820,slsmqhm_512_128,75326930,256,10
1009950860,slsmqhm_512_128,76282114,256,10
2280008060,slsmqhm_512_256,81640813,256,10
2281939040,slsmqhm_512_256,83311403,256,10
2262813400,slsmqhm_512_256,82131427,256,10
2259330840,slsmqhm_512_256,84000395,256,10
2258528880,slsmqhm_512_256,83171199,256,10
2301886100,slsmqhm_512_512,88478690,256,10
2284361600,slsmqhm_512_512,85829069,256,10
2286415080,slsmqhm_512_512,91408366,256,10
2329204980,slsmqhm_512_512,90998902,256,10
2287110520,slsmqhm_512_512,86272782,256,10
2274098020,slsmqhm_512_1024,85463607,256,10
2272752040,slsmqhm_512_1024,82097863,256,10
2284619960,slsmqhm_512_1024,88055108,256,10
2300190700,slsmqhm_512_1024,90408514,256,10
2264926640,slsmqhm_512_1024,92205541,256,10
2110429320,slsmqhm_1024_1,83870218,256,10
2128653700,slsmqhm_1024_1,85486570,256,10
2114823020,slsmqhm_1024_1,80600237,256,10
2108588380,slsmqhm_1024_1,82565461,256,10
2088362860,slsmqhm_1024_1,83853213,256,10
709794860,slsmqhm_1024_2,74197218,256,10
803621500,slsmqhm_1024_2,74684450,256,10
1145100440,slsmqhm_1024_2,77603134,256,10
918235580,slsmqhm_1024_2,76020183,256,10
468294760,slsmqhm_1024_2,73096396,256,10
632685100,slsmqhm_1024_4,63488110,256,10
380676480,slsmqhm_1024_4,62748268,256,10
408721180,slsmqhm_1024_4,63311782,256,10
366101540,slsmqhm_1024_4,60188546,256,10
539389020,slsmqhm_1024_4,64170040,256,10
318693160,slsmqhm_1024_8,52437357,256,10
325845540,slsmqhm_1024_8,53174941,256,10
328310540,slsmqhm_1024_8,51149106,256,10
312830440,slsmqhm_1024_8,51183506,256,10
322748460,slsmqhm_1024_8,53244552,256,10
288771600,slsmqhm_1024_16,46121656,256,10
311784260,slsmqhm_1024_16,47452789,256,10
301801380,slsmqhm_1024_16,47630192,256,10
317520900,slsmqhm_1024_16,47686893,256,10
303651600,slsmqhm_1024_16,47528538,256,10
322191840,slsmqhm_1024_32,50448555,256,10
319742120,slsmqhm_1024_32,50012662,256,10
319434900,slsmqhm_1024_32,49396138,256,10
331775880,slsmqhm_1024_32,51778324,256,10
321966080,slsmqhm_1024_32,49888088,256,10
424893040,slsmqhm_1024_64,63880856,256,10
427448760,slsmqhm_1024_64,62538415,256,10
418337060,slsmqhm_1024_64,62567657,256,10
401287620,slsmqhm_1024_64,63687334,256,10
397508000,slsmqhm_1024_64,62604532,256,10
2215487380,slsmqhm_1024_128,79751337,256,10
2206206540,slsmqhm_1024_128,78956904,256,10
2199750100,slsmqhm_1024_128,78896788,256,10
2193645360,slsmqhm_1024_128,80122095,256,10
2211075800,slsmqhm_1024_128,79332723,256,10
2227874220,slsmqhm_1024_256,87292716,256,10
2249365960,slsmqhm_1024_256,87413156,256,10
2244126880,slsmqhm_1024_256,86684921,256,10
2224198340,slsmqhm_1024_256,87295190,256,10
2239040960,slsmqhm_1024_256,87298285,256,10
2245507260,slsmqhm_1024_512,89741485,256,10
2269139300,slsmqhm_1024_512,94140466,256,10
2266772340,slsmqhm_1024_512,95597423,256,10
2258949600,slsmqhm_1024_512,91738172,256,10
2258390260,slsmqhm_1024_512,92404020,256,10
2286512160,slsmqhm_1024_1024,92605669,256,10
2275819080,slsmqhm_1024_1024,96567526,256,10
2268029060,slsmqhm_1024_1024,98812238,256,10
2251476860,slsmqhm_1024_1024,93996545,256,10
2270250080,slsmqhm_1024_1024,96119252,256,10
