227923680,mqll_4_1_1,11400363,256
212831000,mqll_4_1_1,11488034,256
211989220,mqll_4_1_1,11439044,256
218965740,mqll_4_1_1,11465600,256
221957740,mqll_4_1_1,11432821,256
232886340,mqll_4_1_2,14802222,256
237181700,mqll_4_1_2,14708403,256
241929660,mqll_4_1_2,14717780,256
239924840,mqll_4_1_2,14732753,256
233264300,mqll_4_1_2,14741457,256
290678460,mqll_4_1_4,20949197,256
293506240,mqll_4_1_4,20935076,256
293399620,mqll_4_1_4,20918120,256
292911860,mqll_4_1_4,20876368,256
291831180,mqll_4_1_4,20993322,256
429708040,mqll_4_1_8,31675675,256
414720280,mqll_4_1_8,31366245,256
415915260,mqll_4_1_8,31689251,256
429136800,mqll_4_1_8,31756931,256
420386500,mqll_4_1_8,31374020,256
641850120,mqll_4_1_16,49930535,256
634017740,mqll_4_1_16,49539531,256
636393000,mqll_4_1_16,49740961,256
646872900,mqll_4_1_16,49770274,256
638548240,mqll_4_1_16,49758624,256
992178540,mqll_4_1_32,77496954,256
1001266340,mqll_4_1_32,78554159,256
987696860,mqll_4_1_32,77717203,256
1033343100,mqll_4_1_32,78580235,256
994747780,mqll_4_1_32,78640834,256
1507241980,mqll_4_1_64,119625443,256
1498207500,mqll_4_1_64,119906242,256
1504508720,mqll_4_1_64,120735279,256
1538354400,mqll_4_1_64,121266617,256
1509887680,mqll_4_1_64,121353584,256
2318457260,mqll_4_1_128,185059547,256
2265154640,mqll_4_1_128,184280998,256
2285133940,mqll_4_1_128,184705664,256
2245767920,mqll_4_1_128,183111808,256
2330731320,mqll_4_1_128,185653506,256
3195286100,mqll_4_1_256,258405150,256
3220842480,mqll_4_1_256,262735976,256
3218656580,mqll_4_1_256,261204096,256
3187167240,mqll_4_1_256,260800444,256
3165781260,mqll_4_1_256,258626732,256
3976177700,mqll_4_1_512,324091808,256
4077692520,mqll_4_1_512,324206414,256
3900053080,mqll_4_1_512,317004568,256
3893049320,mqll_4_1_512,317843537,256
4010789980,mqll_4_1_512,326652311,256
4160251300,mqll_4_1_1024,341143081,256
4065632540,mqll_4_1_1024,330978031,256
4217624380,mqll_4_1_1024,343904013,256
4188005260,mqll_4_1_1024,339182556,256
4085002760,mqll_4_1_1024,331238491,256
232758060,mqll_4_2_1,12576177,256
234496080,mqll_4_2_1,12562020,256
231107500,mqll_4_2_1,12677824,256
232612040,mqll_4_2_1,12591817,256
250191120,mqll_4_2_1,12579208,256
231396740,mqll_4_2_2,15998431,256
235316340,mqll_4_2_2,16093315,256
232709000,mqll_4_2_2,15979404,256
232035220,mqll_4_2_2,16048724,256
226596900,mqll_4_2_2,16034523,256
282428120,mqll_4_2_4,21685293,256
280482320,mqll_4_2_4,21583316,256
285178980,mqll_4_2_4,21630733,256
271680620,mqll_4_2_4,21733756,256
282062540,mqll_4_2_4,21628528,256
386085640,mqll_4_2_8,31707923,256
387036680,mqll_4_2_8,31753878,256
389924780,mqll_4_2_8,31393609,256
363148960,mqll_4_2_8,31453911,256
388199660,mqll_4_2_8,31661030,256
569926240,mqll_4_2_16,48270835,256
566393000,mqll_4_2_16,48354642,256
565827340,mqll_4_2_16,48187572,256
569288740,mqll_4_2_16,48302254,256
564889960,mqll_4_2_16,48666998,256
831957520,mqll_4_2_32,77031730,256
868558680,mqll_4_2_32,75588415,256
864378300,mqll_4_2_32,75484436,256
867500040,mqll_4_2_32,76156251,256
855867080,mqll_4_2_32,75237274,256
1260621100,mqll_4_2_64,117517655,256
1333282940,mqll_4_2_64,117674098,256
1314446040,mqll_4_2_64,116443757,256
1248710980,mqll_4_2_64,117079772,256
1323459480,mqll_4_2_64,117629869,256
1980997920,mqll_4_2_128,177825144,256
1986000340,mqll_4_2_128,177025261,256
2026929360,mqll_4_2_128,180821617,256
1973304300,mqll_4_2_128,177872628,256
1995579360,mqll_4_2_128,177912899,256
2830234200,mqll_4_2_256,253172803,256
2648762900,mqll_4_2_256,252230507,256
2835604260,mqll_4_2_256,255493911,256
2632269680,mqll_4_2_256,249970265,256
2813506420,mqll_4_2_256,249975281,256
3465838560,mqll_4_2_512,305124759,256
3484185020,mqll_4_2_512,309727760,256
3420491200,mqll_4_2_512,307501863,256
3429804040,mqll_4_2_512,304863427,256
3419125760,mqll_4_2_512,307635089,256
3497077520,mqll_4_2_1024,310262362,256
3562276180,mqll_4_2_1024,319330449,256
3558626400,mqll_4_2_1024,314616515,256
3687461740,mqll_4_2_1024,325358132,256
3590691980,mqll_4_2_1024,322659065,256
267261860,mqll_4_4_1,14882627,256
290857120,mqll_4_4_1,14806485,256
267857900,mqll_4_4_1,14776177,256
266959860,mqll_4_4_1,14831880,256
263725940,mqll_4_4_1,14835787,256
255823460,mqll_4_4_2,18001289,256
249811940,mqll_4_4_2,18021921,256
247588500,mqll_4_4_2,18033586,256
249278000,mqll_4_4_2,18094228,256
250034760,mqll_4_4_2,18126993,256
267505780,mqll_4_4_4,23992833,256
270420460,mqll_4_4_4,23930964,256
265852940,mqll_4_4_4,24044500,256
268906500,mqll_4_4_4,23841198,256
271049120,mqll_4_4_4,23857368,256
342722660,mqll_4_4_8,33214178,256
340066100,mqll_4_4_8,32964311,256
342778860,mqll_4_4_8,32824102,256
342788760,mqll_4_4_8,33041723,256
341660720,mqll_4_4_8,33034967,256
479956440,mqll_4_4_16,48337344,256
483787880,mqll_4_4_16,48704474,256
479955960,mqll_4_4_16,48297954,256
484372820,mqll_4_4_16,48640567,256
484921120,mqll_4_4_16,48731519,256
709266140,mqll_4_4_32,73486004,256
717376060,mqll_4_4_32,74397211,256
710494280,mqll_4_4_32,73168177,256
715307180,mqll_4_4_32,73386890,256
707445660,mqll_4_4_32,73062475,256
1075887840,mqll_4_4_64,114162545,256
1057175280,mqll_4_4_64,111344642,256
1069741620,mqll_4_4_64,113063895,256
1070899200,mqll_4_4_64,112971579,256
1066849100,mqll_4_4_64,112096933,256
1616537240,mqll_4_4_128,172952488,256
1619066060,mqll_4_4_128,172230566,256
1585329940,mqll_4_4_128,168867324,256
1611260560,mqll_4_4_128,171904843,256
1589521580,mqll_4_4_128,169221327,256
2218789700,mqll_4_4_256,236068094,256
2254907880,mqll_4_4_256,240639116,256
2270988200,mqll_4_4_256,242410175,256
2297388580,mqll_4_4_256,244954090,256
2252609540,mqll_4_4_256,239972668,256
2883127740,mqll_4_4_512,306229769,256
2770924960,mqll_4_4_512,293831227,256
2804365620,mqll_4_4_512,298106794,256
2809297480,mqll_4_4_512,298924586,256
2870137280,mqll_4_4_512,305623292,256
2912473820,mqll_4_4_1024,309547987,256
2978375680,mqll_4_4_1024,315989047,256
2919732320,mqll_4_4_1024,309814885,256
2947827980,mqll_4_4_1024,312525519,256
2993598560,mqll_4_4_1024,317524697,256
355401540,mqll_4_8_1,18115090,256
366526280,mqll_4_8_1,18194635,256
330776700,mqll_4_8_1,18170214,256
333104480,mqll_4_8_1,18305979,256
375327800,mqll_4_8_1,18211985,256
281825540,mqll_4_8_2,21642605,256
295687720,mqll_4_8_2,21597914,256
287960360,mqll_4_8_2,21532809,256
285600360,mqll_4_8_2,21650080,256
302237300,mqll_4_8_2,21665958,256
294786940,mqll_4_8_4,27151589,256
320071980,mqll_4_8_4,27252882,256
292423620,mqll_4_8_4,27081207,256
292776080,mqll_4_8_4,27336225,256
295864460,mqll_4_8_4,27218118,256
354862260,mqll_4_8_8,36689258,256
350003820,mqll_4_8_8,36445843,256
356591460,mqll_4_8_8,36943855,256
353727740,mqll_4_8_8,36746679,256
357592000,mqll_4_8_8,36863690,256
470620080,mqll_4_8_16,50926242,256
460891860,mqll_4_8_16,50263857,256
466928520,mqll_4_8_16,50354657,256
462396380,mqll_4_8_16,50384012,256
471921960,mqll_4_8_16,50908789,256
657548180,mqll_4_8_32,73145923,256
651669180,mqll_4_8_32,73010164,256
659146220,mqll_4_8_32,72917177,256
666098240,mqll_4_8_32,74108819,256
663511720,mqll_4_8_32,73604413,256
964837600,mqll_4_8_64,110274284,256
970078940,mqll_4_8_64,110748483,256
975831480,mqll_4_8_64,110955142,256
964512160,mqll_4_8_64,109565892,256
966618420,mqll_4_8_64,110130417,256
1448856060,mqll_4_8_128,166779612,256
1456836260,mqll_4_8_128,168271004,256
1429337520,mqll_4_8_128,164387364,256
1401854240,mqll_4_8_128,161012263,256
1410377400,mqll_4_8_128,163269635,256
2003530080,mqll_4_8_256,231484855,256
1936387380,mqll_4_8_256,224652271,256
2004941700,mqll_4_8_256,231439590,256
2038562560,mqll_4_8_256,236482374,256
2022481060,mqll_4_8_256,233785175,256
2375396800,mqll_4_8_512,274297192,256
2361711600,mqll_4_8_512,271953327,256
2404969280,mqll_4_8_512,277244442,256
2318725240,mqll_4_8_512,267472122,256
2342249320,mqll_4_8_512,269898920,256
2534504920,mqll_4_8_1024,291886453,256
2554131380,mqll_4_8_1024,294143387,256
2545253780,mqll_4_8_1024,293151519,256
2434432420,mqll_4_8_1024,280302813,256
2525656100,mqll_4_8_1024,291004070,256
428258840,mqll_4_16_1,20865050,256
412793260,mqll_4_16_1,20502163,256
477231780,mqll_4_16_1,20856978,256
468722280,mqll_4_16_1,20679588,256
402800160,mqll_4_16_1,20666809,256
341964520,mqll_4_16_2,25259307,256
356748040,mqll_4_16_2,25267180,256
398532820,mqll_4_16_2,25338671,256
359833100,mqll_4_16_2,25186794,256
362231840,mqll_4_16_2,25600365,256
342866040,mqll_4_16_4,31918385,256
358507780,mqll_4_16_4,31782580,256
345454780,mqll_4_16_4,31971453,256
347085780,mqll_4_16_4,32086703,256
350424800,mqll_4_16_4,31819288,256
390955880,mqll_4_16_8,41051026,256
387744820,mqll_4_16_8,40955571,256
390466060,mqll_4_16_8,40975046,256
396133420,mqll_4_16_8,41001356,256
390260740,mqll_4_16_8,41004146,256
506716480,mqll_4_16_16,57407853,256
498412480,mqll_4_16_16,56480771,256
502913600,mqll_4_16_16,56128774,256
504469480,mqll_4_16_16,56508645,256
498576700,mqll_4_16_16,56601780,256
659675560,mqll_4_16_32,77214776,256
665140140,mqll_4_16_32,78050249,256
665889540,mqll_4_16_32,78040585,256
659582340,mqll_4_16_32,77728424,256
663667860,mqll_4_16_32,77886539,256
933316600,mqll_4_16_64,111496112,256
925422700,mqll_4_16_64,111186783,256
928194300,mqll_4_16_64,112110457,256
930902440,mqll_4_16_64,111843429,256
929025780,mqll_4_16_64,111758366,256
1335595280,mqll_4_16_128,162338968,256
1332331980,mqll_4_16_128,162204702,256
1314940800,mqll_4_16_128,159730822,256
1365808240,mqll_4_16_128,166599945,256
1349197780,mqll_4_16_128,163543863,256
1853465360,mqll_4_16_256,225600268,256
1841874240,mqll_4_16_256,224575114,256
1877031260,mqll_4_16_256,228612747,256
2087638760,mqll_4_16_256,253937215,256
1828368680,mqll_4_16_256,222157944,256
2185403220,mqll_4_16_512,265186660,256
2201609940,mqll_4_16_512,266119526,256
2286922960,mqll_4_16_512,276254688,256
2294815420,mqll_4_16_512,276785872,256
2170709120,mqll_4_16_512,262794768,256
2330534780,mqll_4_16_1024,281968088,256
2260830860,mqll_4_16_1024,272530536,256
2278932300,mqll_4_16_1024,275016039,256
2258111540,mqll_4_16_1024,273933757,256
2279220640,mqll_4_16_1024,276113029,256
407118760,mqll_4_32_1,19501242,256
400402980,mqll_4_32_1,19559714,256
372601260,mqll_4_32_1,19590471,256
392240720,mqll_4_32_1,19258413,256
392605340,mqll_4_32_1,19419140,256
376513400,mqll_4_32_2,24311594,256
359453140,mqll_4_32_2,24230453,256
391389060,mqll_4_32_2,24800209,256
360274460,mqll_4_32_2,25480335,256
358337820,mqll_4_32_2,23989741,256
367941740,mqll_4_32_4,33413451,256
356369320,mqll_4_32_4,32671155,256
358645900,mqll_4_32_4,32375709,256
371620800,mqll_4_32_4,33490172,256
389721120,mqll_4_32_4,33687365,256
447138400,mqll_4_32_8,46432313,256
440243200,mqll_4_32_8,45386142,256
445376360,mqll_4_32_8,46440500,256
436104520,mqll_4_32_8,45472016,256
435663100,mqll_4_32_8,45095149,256
561058740,mqll_4_32_16,63327428,256
551850340,mqll_4_32_16,62544926,256
558839780,mqll_4_32_16,62783718,256
562222940,mqll_4_32_16,63480243,256
565864680,mqll_4_32_16,63302839,256
719010160,mqll_4_32_32,86294113,256
728207540,mqll_4_32_32,86960873,256
738000840,mqll_4_32_32,88553082,256
733031020,mqll_4_32_32,87732318,256
742362200,mqll_4_32_32,88288334,256
974908520,mqll_4_32_64,119791720,256
982731480,mqll_4_32_64,120529711,256
972310700,mqll_4_32_64,119044269,256
980736080,mqll_4_32_64,119282147,256
980441100,mqll_4_32_64,119896341,256
1364957780,mqll_4_32_128,168047966,256
1361362420,mqll_4_32_128,167859542,256
1372000400,mqll_4_32_128,169201315,256
1365232700,mqll_4_32_128,168175804,256
1409982660,mqll_4_32_128,169321967,256
1946510260,mqll_4_32_256,239260381,256
1873058140,mqll_4_32_256,230407049,256
1936975080,mqll_4_32_256,237187139,256
1931676560,mqll_4_32_256,237032881,256
1912520000,mqll_4_32_256,234074707,256
2313554540,mqll_4_32_512,282085758,256
2377302480,mqll_4_32_512,288833462,256
2317790880,mqll_4_32_512,282210406,256
2429534620,mqll_4_32_512,295651118,256
2230262060,mqll_4_32_512,267785677,256
2287420040,mqll_4_32_1024,280062951,256
2360562460,mqll_4_32_1024,288316580,256
2417541860,mqll_4_32_1024,295616223,256
2287350400,mqll_4_32_1024,280299531,256
2433131220,mqll_4_32_1024,298104977,256
535211180,mqll_4_64_1,25749411,256
415109200,mqll_4_64_1,25489822,256
436644560,mqll_4_64_1,25513229,256
446150600,mqll_4_64_1,25746381,256
505657640,mqll_4_64_1,25707088,256
337573240,mqll_4_64_2,25900521,256
394600580,mqll_4_64_2,25662116,256
377906300,mqll_4_64_2,25701975,256
409477760,mqll_4_64_2,25165721,256
329555720,mqll_4_64_2,25577845,256
325222960,mqll_4_64_4,28952505,256
288688740,mqll_4_64_4,28234585,256
311820040,mqll_4_64_4,28434215,256
293052540,mqll_4_64_4,28380805,256
284383840,mqll_4_64_4,28642467,256
370764220,mqll_4_64_8,40569551,256
385177520,mqll_4_64_8,42197625,256
379685860,mqll_4_64_8,41013380,256
417230500,mqll_4_64_8,43987590,256
357750180,mqll_4_64_8,39493224,256
533884180,mqll_4_64_16,61111087,256
525043600,mqll_4_64_16,60120452,256
525877640,mqll_4_64_16,60134036,256
546126620,mqll_4_64_16,62702179,256
554013080,mqll_4_64_16,59592473,256
778569300,mqll_4_64_32,93498680,256
788435300,mqll_4_64_32,94036276,256
776614160,mqll_4_64_32,93168251,256
796725800,mqll_4_64_32,95172794,256
805088920,mqll_4_64_32,96440650,256
1098431340,mqll_4_64_64,138165780,256
1102148900,mqll_4_64_64,138406064,256
1089328680,mqll_4_64_64,137150179,256
1080792940,mqll_4_64_64,136358197,256
1096113720,mqll_4_64_64,138157907,256
1473700740,mqll_4_64_128,185163760,256
1455569840,mqll_4_64_128,183891096,256
1442108460,mqll_4_64_128,182318650,256
1476323440,mqll_4_64_128,185506216,256
1479510840,mqll_4_64_128,186575788,256
1941700380,mqll_4_64_256,242099802,256
2017690820,mqll_4_64_256,253976253,256
1910666660,mqll_4_64_256,240908580,256
1975586380,mqll_4_64_256,248583251,256
2014961280,mqll_4_64_256,253125398,256
2366608700,mqll_4_64_512,294313623,256
2371179500,mqll_4_64_512,294132258,256
2338591800,mqll_4_64_512,291710387,256
2567003860,mqll_4_64_512,315021041,256
2460421580,mqll_4_64_512,305379296,256
2495017120,mqll_4_64_1024,309742944,256
2540617200,mqll_4_64_1024,313990548,256
2547131560,mqll_4_64_1024,315218120,256
2622706400,mqll_4_64_1024,323672745,256
2667895620,mqll_4_64_1024,321800792,256
830531620,mqll_4_128_1,37671749,256
884202760,mqll_4_128_1,39326330,256
728710600,mqll_4_128_1,39698110,256
702925920,mqll_4_128_1,39152139,256
758461240,mqll_4_128_1,38531977,256
602124780,mqll_4_128_2,38333915,256
539320520,mqll_4_128_2,38090718,256
563959140,mqll_4_128_2,38925504,256
641607600,mqll_4_128_2,39246947,256
727098500,mqll_4_128_2,37974031,256
440925440,mqll_4_128_4,39544946,256
435620060,mqll_4_128_4,39812668,256
457892580,mqll_4_128_4,39600199,256
421398520,mqll_4_128_4,39024888,256
507131700,mqll_4_128_4,38846142,256
377355620,mqll_4_128_8,41092840,256
390481760,mqll_4_128_8,41245986,256
390230880,mqll_4_128_8,42806109,256
399411900,mqll_4_128_8,41910786,256
379603600,mqll_4_128_8,41879215,256
615158660,mqll_4_128_16,67702168,256
492864300,mqll_4_128_16,56996362,256
507231580,mqll_4_128_16,56701026,256
464636520,mqll_4_128_16,55587967,256
557989620,mqll_4_128_16,61661967,256
676168440,mqll_4_128_32,81443333,256
551707020,mqll_4_128_32,70382148,256
584971560,mqll_4_128_32,73682329,256
706202820,mqll_4_128_32,84799545,256
609784340,mqll_4_128_32,73727248,256
1047460260,mqll_4_128_64,133364027,256
1073915520,mqll_4_128_64,134740747,256
1066686520,mqll_4_128_64,135265854,256
1026543640,mqll_4_128_64,131637847,256
1036034840,mqll_4_128_64,131652400,256
1741933200,mqll_4_128_128,224892741,256
1664337340,mqll_4_128_128,215973532,256
1702445020,mqll_4_128_128,220594680,256
1740421660,mqll_4_128_128,225078428,256
1679155080,mqll_4_128_128,218258456,256
2226287720,mqll_4_128_256,284177842,256
2204068100,mqll_4_128_256,282868690,256
2214713240,mqll_4_128_256,282146694,256
2234190060,mqll_4_128_256,285859738,256
2239068560,mqll_4_128_256,285527433,256
2713897220,mqll_4_128_512,344372140,256
2739590120,mqll_4_128_512,345356174,256
2883969860,mqll_4_128_512,362675957,256
2614318520,mqll_4_128_512,331668307,256
2602475760,mqll_4_128_512,329694205,256
3013193140,mqll_4_128_1024,378152764,256
2950328260,mqll_4_128_1024,370707831,256
2906887700,mqll_4_128_1024,364032556,256
2929828600,mqll_4_128_1024,367672804,256
2864207640,mqll_4_128_1024,360329943,256
1677996740,mqll_4_256_1,54247660,256
1974918800,mqll_4_256_1,54911537,256
2062272040,mqll_4_256_1,53725076,256
1531647220,mqll_4_256_1,54370558,256
3736620440,mqll_4_256_1,55025495,256
1374002260,mqll_4_256_2,57923067,256
1183116260,mqll_4_256_2,52902892,256
1473162640,mqll_4_256_2,52865805,256
1506639880,mqll_4_256_2,52962566,256
1474250880,mqll_4_256_2,54261835,256
908688860,mqll_4_256_4,52058101,256
972971840,mqll_4_256_4,53251229,256
967502880,mqll_4_256_4,53729537,256
1035898280,mqll_4_256_4,52292698,256
960609140,mqll_4_256_4,58196752,256
778586320,mqll_4_256_8,61280568,256
1100059120,mqll_4_256_8,78206326,256
913845860,mqll_4_256_8,70211362,256
956740820,mqll_4_256_8,77977622,256
914812420,mqll_4_256_8,73730797,256
951967180,mqll_4_256_16,87471053,256
905927360,mqll_4_256_16,79002735,256
871578820,mqll_4_256_16,83881314,256
1201243860,mqll_4_256_16,97144632,256
929029580,mqll_4_256_16,88959156,256
845248100,mqll_4_256_32,88107732,256
846095080,mqll_4_256_32,87067336,256
885833720,mqll_4_256_32,89698522,256
868179980,mqll_4_256_32,90745771,256
740824320,mqll_4_256_32,78549747,256
864865520,mqll_4_256_64,106539398,256
924334820,mqll_4_256_64,111733371,256
989604180,mqll_4_256_64,118025203,256
907087100,mqll_4_256_64,106126142,256
923601280,mqll_4_256_64,107669335,256
1164139180,mqll_4_256_128,161063291,256
1158526060,mqll_4_256_128,164035996,256
1232235340,mqll_4_256_128,172909372,256
1401512340,mqll_4_256_128,185555743,256
1165215980,mqll_4_256_128,159370149,256
2466462180,mqll_4_256_256,325044515,256
2485143240,mqll_4_256_256,326250454,256
2542954240,mqll_4_256_256,337990269,256
2452578380,mqll_4_256_256,323866397,256
2512538300,mqll_4_256_256,330043837,256
2833159700,mqll_4_256_512,372584055,256
2924661620,mqll_4_256_512,379507319,256
2932465160,mqll_4_256_512,381079381,256
2967754060,mqll_4_256_512,385234705,256
2943630700,mqll_4_256_512,383156629,256
3171452960,mqll_4_256_1024,411213922,256
3070440120,mqll_4_256_1024,399671072,256
3034170900,mqll_4_256_1024,392367433,256
3408863940,mqll_4_256_1024,437607848,256
2968277360,mqll_4_256_1024,385763122,256
6218503680,mqll_4_512_1,63820880,256
5682524760,mqll_4_512_1,57678526,256
6490269580,mqll_4_512_1,65849756,256
6099079160,mqll_4_512_1,66022784,256
7194897140,mqll_4_512_1,66651928,256
4192633160,mqll_4_512_2,59955985,256
4297396820,mqll_4_512_2,66840943,256
4243712600,mqll_4_512_2,63588435,256
4365520880,mqll_4_512_2,59603269,256
5123268400,mqll_4_512_2,59274498,256
2943539300,mqll_4_512_4,56524045,256
3283661060,mqll_4_512_4,63667434,256
3797854720,mqll_4_512_4,60877209,256
3181916960,mqll_4_512_4,54950021,256
3121630500,mqll_4_512_4,59088832,256
1963974400,mqll_4_512_8,55544998,256
1973276100,mqll_4_512_8,58122235,256
2178707160,mqll_4_512_8,55821594,256
1948205860,mqll_4_512_8,54962098,256
1993048480,mqll_4_512_8,50321870,256
1428570200,mqll_4_512_16,57001485,256
1956609420,mqll_4_512_16,53860349,256
1602258000,mqll_4_512_16,64714055,256
1410955540,mqll_4_512_16,51490348,256
1544487680,mqll_4_512_16,51712973,256
1160674580,mqll_4_512_32,51465622,256
1217172220,mqll_4_512_32,47820186,256
1164035260,mqll_4_512_32,46077558,256
1150728580,mqll_4_512_32,47492318,256
1114856320,mqll_4_512_32,48078998,256
1133330080,mqll_4_512_64,50176251,256
1372046160,mqll_4_512_64,45202935,256
1252498720,mqll_4_512_64,44246267,256
1223382520,mqll_4_512_64,46410107,256
931788980,mqll_4_512_64,43472279,256
1092254240,mqll_4_512_128,75790124,256
1266717140,mqll_4_512_128,92428905,256
1310874260,mqll_4_512_128,78849749,256
1164640860,mqll_4_512_128,70257138,256
1328602560,mqll_4_512_128,58534543,256
1543920660,mqll_4_512_256,224356679,256
1636504480,mqll_4_512_256,228182254,256
1473846120,mqll_4_512_256,218997482,256
1945529720,mqll_4_512_256,247778062,256
1707942540,mqll_4_512_256,228675493,256
3529495100,mqll_4_512_512,482319662,256
3387018100,mqll_4_512_512,463797786,256
3545990320,mqll_4_512_512,479058951,256
3565555300,mqll_4_512_512,480737787,256
3256160960,mqll_4_512_512,449011262,256
3681067580,mqll_4_512_1024,498018056,256
3859910480,mqll_4_512_1024,512508022,256
3864527840,mqll_4_512_1024,516000328,256
3679240300,mqll_4_512_1024,495969228,256
3598384980,mqll_4_512_1024,480424020,256
15437779660,mqll_4_1024_1,39389128,256
17438698500,mqll_4_1024_1,41117963,256
14342547640,mqll_4_1024_1,43855000,256
14554380800,mqll_4_1024_1,43638009,256
15576554540,mqll_4_1024_1,43050217,256
15609771060,mqll_4_1024_2,43766629,256
13851811040,mqll_4_1024_2,46807439,256
10267033880,mqll_4_1024_2,45723205,256
10276112300,mqll_4_1024_2,39228263,256
10554931900,mqll_4_1024_2,47763088,256
7778518020,mqll_4_1024_4,43284610,256
7769193520,mqll_4_1024_4,40432209,256
7363781700,mqll_4_1024_4,42622247,256
6912660800,mqll_4_1024_4,44855271,256
7554920720,mqll_4_1024_4,42754427,256
4345363600,mqll_4_1024_8,43139896,256
4501321940,mqll_4_1024_8,41581297,256
4267093400,mqll_4_1024_8,37294998,256
4439042080,mqll_4_1024_8,39145475,256
5562480920,mqll_4_1024_8,38657628,256
3214377080,mqll_4_1024_16,38020679,256
3407265680,mqll_4_1024_16,44299069,256
2986241680,mqll_4_1024_16,32838638,256
3292842560,mqll_4_1024_16,39225851,256
3088671240,mqll_4_1024_16,37514392,256
2499690200,mqll_4_1024_32,33311082,256
2218533780,mqll_4_1024_32,33582992,256
2339771780,mqll_4_1024_32,37689621,256
2557382140,mqll_4_1024_32,31472883,256
2336205400,mqll_4_1024_32,31115491,256
2021453280,mqll_4_1024_64,28176209,256
1982788880,mqll_4_1024_64,26581591,256
1810263260,mqll_4_1024_64,25849640,256
1892688860,mqll_4_1024_64,28573358,256
2082722220,mqll_4_1024_64,31550964,256
2073048620,mqll_4_1024_128,29795533,256
1881660480,mqll_4_1024_128,27073545,256
2623442860,mqll_4_1024_128,30997617,256
1955912480,mqll_4_1024_128,28301801,256
2046528100,mqll_4_1024_128,28531233,256
2225516940,mqll_4_1024_256,35292018,256
2511276220,mqll_4_1024_256,50082040,256
2354522280,mqll_4_1024_256,40696094,256
2375970940,mqll_4_1024_256,43121034,256
2440841340,mqll_4_1024_256,50622690,256
2178699060,mqll_4_1024_512,251616803,256
2250862960,mqll_4_1024_512,241093111,256
2014587780,mqll_4_1024_512,238887940,256
2240771460,mqll_4_1024_512,240570214,256
2292586080,mqll_4_1024_512,237331615,256
3852623680,mqll_4_1024_1024,558081716,256
3646091760,mqll_4_1024_1024,540411636,256
3844795320,mqll_4_1024_1024,560685897,256
3955726340,mqll_4_1024_1024,556707446,256
3816524140,mqll_4_1024_1024,547683196,256
