4478963560,mqll_4_1_1,47982322,256,0
4565201920,mqll_4_1_1,47993400,256,0
4478048600,mqll_4_1_1,47984357,256,0
4588763380,mqll_4_1_1,47983881,256,0
5128963600,mqll_4_1_1,47990399,256,0
4398831380,mqll_4_1_2,47992802,256,0
4462996340,mqll_4_1_2,48012050,256,0
4526510120,mqll_4_1_2,48003409,256,0
4376562680,mqll_4_1_2,47986877,256,0
4493402880,mqll_4_1_2,48006647,256,0
4135794140,mqll_4_1_4,47990041,256,0
4372715400,mqll_4_1_4,48005935,256,0
4322659120,mqll_4_1_4,47997766,256,0
4595131660,mqll_4_1_4,48009350,256,0
4341221620,mqll_4_1_4,48006654,256,0
4151781540,mqll_4_1_8,48002047,256,0
4084724440,mqll_4_1_8,48003237,256,0
4161065200,mqll_4_1_8,47997750,256,0
4251670120,mqll_4_1_8,47993306,256,0
4198171120,mqll_4_1_8,48001569,256,0
4270511860,mqll_4_1_16,48043478,256,0
4240643180,mqll_4_1_16,48042594,256,0
4178913760,mqll_4_1_16,48034503,256,0
4192746100,mqll_4_1_16,48038010,256,0
4242467080,mqll_4_1_16,48045597,256,0
4634588240,mqll_4_1_32,48109954,256,0
4501859240,mqll_4_1_32,48124245,256,0
4564269280,mqll_4_1_32,48130895,256,0
4838233580,mqll_4_1_32,48117200,256,0
4658551080,mqll_4_1_32,48121411,256,0
4812417280,mqll_4_1_64,48142226,256,0
5031129000,mqll_4_1_64,48137642,256,0
5814051040,mqll_4_1_64,48150463,256,0
6249031000,mqll_4_1_64,48155266,256,0
5341172680,mqll_4_1_64,48185265,256,0
4974037100,mqll_4_1_128,48161700,256,0
4674907000,mqll_4_1_128,48157336,256,0
4895136280,mqll_4_1_128,48156163,256,0
4732123120,mqll_4_1_128,48152823,256,0
5313497420,mqll_4_1_128,48160530,256,0
5226192640,mqll_4_1_256,48138076,256,0
4693071960,mqll_4_1_256,48144514,256,0
4935138800,mqll_4_1_256,48123079,256,0
4506747500,mqll_4_1_256,48141517,256,0
4793953700,mqll_4_1_256,48120994,256,0
4522633600,mqll_4_1_512,48106416,256,0
4853294240,mqll_4_1_512,48137680,256,0
4644526880,mqll_4_1_512,48142104,256,0
4929449020,mqll_4_1_512,48139086,256,0
4550634740,mqll_4_1_512,48116545,256,0
4619972680,mqll_4_1_1024,48094026,256,0
4653104220,mqll_4_1_1024,48129527,256,0
4463876020,mqll_4_1_1024,48093590,256,0
4795046040,mqll_4_1_1024,48120885,256,0
4657785960,mqll_4_1_1024,48118614,256,0
4728749880,mqll_4_2_1,48076152,256,0
4710901920,mqll_4_2_1,48071359,256,0
4769359580,mqll_4_2_1,48070096,256,0
4650994020,mqll_4_2_1,48068274,256,0
4698941720,mqll_4_2_1,48075014,256,0
4425895760,mqll_4_2_2,48052172,256,0
4430420940,mqll_4_2_2,48049813,256,0
4425521080,mqll_4_2_2,48055483,256,0
4383582260,mqll_4_2_2,48051626,256,0
4352314880,mqll_4_2_2,48039908,256,0
4303247500,mqll_4_2_4,48026934,256,0
4296414180,mqll_4_2_4,48016424,256,0
4185429200,mqll_4_2_4,48019168,256,0
4350523540,mqll_4_2_4,48031015,256,0
4339857640,mqll_4_2_4,48030030,256,0
4108606340,mqll_4_2_8,48003217,256,0
4172252500,mqll_4_2_8,48005965,256,0
4120175400,mqll_4_2_8,48004892,256,0
4068179680,mqll_4_2_8,48000887,256,0
4059383460,mqll_4_2_8,48010309,256,0
4024524000,mqll_4_2_16,48012691,256,0
4022163260,mqll_4_2_16,48007794,256,0
4640809080,mqll_4_2_16,48009974,256,0
4129319780,mqll_4_2_16,48005814,256,0
5247790960,mqll_4_2_16,48015446,256,0
4300916000,mqll_4_2_32,48066310,256,0
5221944480,mqll_4_2_32,48100585,256,0
4371869540,mqll_4_2_32,48082780,256,0
5527032840,mqll_4_2_32,48079061,256,0
4628440140,mqll_4_2_32,48080190,256,0
5083811600,mqll_4_2_64,48115888,256,0
4712899180,mqll_4_2_64,48118412,256,0
6305488600,mqll_4_2_64,48128257,256,0
4640266380,mqll_4_2_64,48119489,256,0
5219514320,mqll_4_2_64,48114656,256,0
5075807940,mqll_4_2_128,48131588,256,0
4940514500,mqll_4_2_128,48124475,256,0
4846055420,mqll_4_2_128,48115374,256,0
4793314100,mqll_4_2_128,48121790,256,0
5528382300,mqll_4_2_128,48148928,256,0
4829417760,mqll_4_2_256,48101274,256,0
4663466260,mqll_4_2_256,48117706,256,0
4492247960,mqll_4_2_256,48108172,256,0
4780435860,mqll_4_2_256,48110760,256,0
4804628820,mqll_4_2_256,48098605,256,0
4832407840,mqll_4_2_512,48107788,256,0
4566805500,mqll_4_2_512,48091239,256,0
4427647320,mqll_4_2_512,48082301,256,0
4709223860,mqll_4_2_512,48113405,256,0
4500970780,mqll_4_2_512,48111481,256,0
4490775380,mqll_4_2_1024,48097643,256,0
4389549620,mqll_4_2_1024,48074245,256,0
4699650720,mqll_4_2_1024,48101342,256,0
4507177480,mqll_4_2_1024,48096920,256,0
5466469500,mqll_4_2_1024,48102642,256,0
4653116520,mqll_4_4_1,48146540,256,0
5087937200,mqll_4_4_1,48135277,256,0
4539051840,mqll_4_4_1,48143401,256,0
4964425020,mqll_4_4_1,48150675,256,0
4646647780,mqll_4_4_1,48142025,256,0
4273878780,mqll_4_4_2,48102586,256,0
4437863440,mqll_4_4_2,48104575,256,0
4285035480,mqll_4_4_2,48109686,256,0
4372258740,mqll_4_4_2,48109733,256,0
4293017520,mqll_4_4_2,48106239,256,0
4270602720,mqll_4_4_4,48063843,256,0
4207047700,mqll_4_4_4,48070918,256,0
4274833900,mqll_4_4_4,48057095,256,0
4296873460,mqll_4_4_4,48056953,256,0
4310907880,mqll_4_4_4,48073190,256,0
4176581780,mqll_4_4_8,48020700,256,0
4195468440,mqll_4_4_8,48019535,256,0
4215859900,mqll_4_4_8,48025245,256,0
4057450700,mqll_4_4_8,48019911,256,0
4052862180,mqll_4_4_8,48027615,256,0
3992969160,mqll_4_4_16,48000735,256,0
4042759220,mqll_4_4_16,47997763,256,0
4024194160,mqll_4_4_16,48001927,256,0
4057460340,mqll_4_4_16,48001031,256,0
4036124980,mqll_4_4_16,48005228,256,0
4078889660,mqll_4_4_32,48056409,256,0
4101299120,mqll_4_4_32,48056813,256,0
4069487100,mqll_4_4_32,48050553,256,0
4185591260,mqll_4_4_32,48045742,256,0
4019699820,mqll_4_4_32,48050440,256,0
4587042060,mqll_4_4_64,48099347,256,0
4511868280,mqll_4_4_64,48101539,256,0
4557339100,mqll_4_4_64,48100402,256,0
4578746940,mqll_4_4_64,48104743,256,0
4506681140,mqll_4_4_64,48090068,256,0
5105849580,mqll_4_4_128,48122375,256,0
4598513920,mqll_4_4_128,48105172,256,0
4545302660,mqll_4_4_128,48113257,256,0
4417649260,mqll_4_4_128,48106594,256,0
4722984840,mqll_4_4_128,48108227,256,0
4526337220,mqll_4_4_256,48113381,256,0
4865756480,mqll_4_4_256,48113736,256,0
4421426480,mqll_4_4_256,48093608,256,0
4618159640,mqll_4_4_256,48113676,256,0
4632369760,mqll_4_4_256,48100111,256,0
4533076460,mqll_4_4_512,48089570,256,0
4572031860,mqll_4_4_512,48101009,256,0
4760171360,mqll_4_4_512,48136735,256,0
4433829900,mqll_4_4_512,48084125,256,0
4416845580,mqll_4_4_512,48091044,256,0
4569073320,mqll_4_4_1024,48073281,256,0
4334695740,mqll_4_4_1024,48064031,256,0
4443973900,mqll_4_4_1024,48096224,256,0
4395264120,mqll_4_4_1024,48091251,256,0
4792942960,mqll_4_4_1024,48098389,256,0
4609165440,mqll_4_8_1,48197057,256,0
4611841360,mqll_4_8_1,48195474,256,0
4548128720,mqll_4_8_1,48199286,256,0
4696109580,mqll_4_8_1,48197167,256,0
4595193480,mqll_4_8_1,48202471,256,0
4354865080,mqll_4_8_2,48156524,256,0
4451188240,mqll_4_8_2,48159953,256,0
4515217640,mqll_4_8_2,48157052,256,0
4456388540,mqll_4_8_2,48166339,256,0
4511937760,mqll_4_8_2,48191346,256,0
4152026480,mqll_4_8_4,48097226,256,0
4219521660,mqll_4_8_4,48110225,256,0
4261570120,mqll_4_8_4,48114174,256,0
4102439940,mqll_4_8_4,48096344,256,0
4302268980,mqll_4_8_4,48099103,256,0
4115423320,mqll_4_8_8,48044543,256,0
4096912400,mqll_4_8_8,48048161,256,0
4142773900,mqll_4_8_8,48061925,256,0
4192539060,mqll_4_8_8,48056618,256,0
4544342540,mqll_4_8_8,48047939,256,0
4110114020,mqll_4_8_16,48016118,256,0
4021149160,mqll_4_8_16,48013104,256,0
4019331100,mqll_4_8_16,48008401,256,0
4133130040,mqll_4_8_16,48013907,256,0
4047798120,mqll_4_8_16,48009148,256,0
4132933560,mqll_4_8_32,48034162,256,0
4050013780,mqll_4_8_32,48006501,256,0
4070109100,mqll_4_8_32,48019681,256,0
3947091760,mqll_4_8_32,48008935,256,0
4033041100,mqll_4_8_32,48006344,256,0
4177933460,mqll_4_8_64,48065773,256,0
4180367980,mqll_4_8_64,48070177,256,0
4330671500,mqll_4_8_64,48086756,256,0
4237625940,mqll_4_8_64,48080436,256,0
4217423000,mqll_4_8_64,48073519,256,0
4265417540,mqll_4_8_128,48097688,256,0
4426261500,mqll_4_8_128,48105799,256,0
4336047100,mqll_4_8_128,48084387,256,0
4249264600,mqll_4_8_128,48098318,256,0
4324351040,mqll_4_8_128,48096506,256,0
4364441340,mqll_4_8_256,48097009,256,0
4882513260,mqll_4_8_256,48131347,256,0
4304057980,mqll_4_8_256,48098622,256,0
4278040140,mqll_4_8_256,48098945,256,0
4531007220,mqll_4_8_256,48104101,256,0
4399023660,mqll_4_8_512,48097829,256,0
4651320840,mqll_4_8_512,48107172,256,0
5197636380,mqll_4_8_512,48120790,256,0
4344936960,mqll_4_8_512,48077991,256,0
4227822640,mqll_4_8_512,48077885,256,0
4685922460,mqll_4_8_1024,48091767,256,0
4328613140,mqll_4_8_1024,48092088,256,0
4375216740,mqll_4_8_1024,48089693,256,0
4278398420,mqll_4_8_1024,48080880,256,0
4296186420,mqll_4_8_1024,48070458,256,0
4550266780,mqll_4_16_1,48243474,256,0
4579461000,mqll_4_16_1,48243663,256,0
4557231200,mqll_4_16_1,48233048,256,0
4768034860,mqll_4_16_1,48247033,256,0
4671829940,mqll_4_16_1,48244393,256,0
4384124060,mqll_4_16_2,48195255,256,0
4491578840,mqll_4_16_2,48206509,256,0
4425178380,mqll_4_16_2,48194180,256,0
4435760740,mqll_4_16_2,48200131,256,0
4308744800,mqll_4_16_2,48199098,256,0
4281121560,mqll_4_16_4,48138982,256,0
4325739180,mqll_4_16_4,48132416,256,0
4171995440,mqll_4_16_4,48134242,256,0
4180666280,mqll_4_16_4,48130552,256,0
4117101920,mqll_4_16_4,48138798,256,0
4181445760,mqll_4_16_8,48086373,256,0
4053915100,mqll_4_16_8,48075698,256,0
4088371980,mqll_4_16_8,48079640,256,0
4151590460,mqll_4_16_8,48082284,256,0
4157895760,mqll_4_16_8,48076235,256,0
4077146920,mqll_4_16_16,48026132,256,0
4207328580,mqll_4_16_16,48028341,256,0
4035080460,mqll_4_16_16,48026261,256,0
4154202640,mqll_4_16_16,48031279,256,0
4100702300,mqll_4_16_16,48027349,256,0
4095638560,mqll_4_16_32,48001049,256,0
4012812340,mqll_4_16_32,47999903,256,0
4064709740,mqll_4_16_32,48005850,256,0
3986412240,mqll_4_16_32,48006016,256,0
4076401200,mqll_4_16_32,48004976,256,0
4045366900,mqll_4_16_64,48032456,256,0
4331889500,mqll_4_16_64,48065518,256,0
4077278340,mqll_4_16_64,48033647,256,0
3996516440,mqll_4_16_64,48030906,256,0
4061728520,mqll_4_16_64,48021039,256,0
4093302540,mqll_4_16_128,48065555,256,0
4187089880,mqll_4_16_128,48074395,256,0
4010608220,mqll_4_16_128,48069371,256,0
4118553040,mqll_4_16_128,48073405,256,0
4004938720,mqll_4_16_128,48077647,256,0
4251461600,mqll_4_16_256,48099469,256,0
3986154640,mqll_4_16_256,48083550,256,0
4052855300,mqll_4_16_256,48086118,256,0
4137888440,mqll_4_16_256,48094975,256,0
4158474660,mqll_4_16_256,48088012,256,0
4238861300,mqll_4_16_512,48078876,256,0
4096651720,mqll_4_16_512,48065597,256,0
4292815300,mqll_4_16_512,48103074,256,0
4136631480,mqll_4_16_512,48097952,256,0
4230526160,mqll_4_16_512,48080733,256,0
4232306480,mqll_4_16_1024,48063215,256,0
4218071820,mqll_4_16_1024,48071492,256,0
4266191180,mqll_4_16_1024,48072253,256,0
4412317540,mqll_4_16_1024,48090222,256,0
4272094460,mqll_4_16_1024,48067786,256,0
4864499000,mqll_4_32_1,48256330,256,0
4835221600,mqll_4_32_1,48262207,256,0
4831954500,mqll_4_32_1,48274438,256,0
4669881460,mqll_4_32_1,48269749,256,0
4846643520,mqll_4_32_1,48250432,256,0
4354125640,mqll_4_32_2,48219193,256,0
4641653960,mqll_4_32_2,48215712,256,0
4355003460,mqll_4_32_2,48227011,256,0
4533876620,mqll_4_32_2,48216314,256,0
4333156400,mqll_4_32_2,48219579,256,0
4435839020,mqll_4_32_4,48150070,256,0
4169966860,mqll_4_32_4,48160727,256,0
5309132560,mqll_4_32_4,48165983,256,0
4204782280,mqll_4_32_4,48154346,256,0
5421267700,mqll_4_32_4,48161315,256,0
4085338160,mqll_4_32_8,48090295,256,0
4098501560,mqll_4_32_8,48094959,256,0
4134479400,mqll_4_32_8,48091203,256,0
4666938400,mqll_4_32_8,48091511,256,0
4399459320,mqll_4_32_8,48088370,256,0
5189208380,mqll_4_32_16,48053316,256,0
4079842060,mqll_4_32_16,48037625,256,0
5272830040,mqll_4_32_16,48051421,256,0
4055614460,mqll_4_32_16,48040091,256,0
5175175040,mqll_4_32_16,48048326,256,0
3886697580,mqll_4_32_32,48008413,256,0
4156932780,mqll_4_32_32,48012062,256,0
4255246020,mqll_4_32_32,48010763,256,0
4041130580,mqll_4_32_32,48008720,256,0
4221063620,mqll_4_32_32,48021777,256,0
3989537840,mqll_4_32_64,48000463,256,0
3930740860,mqll_4_32_64,47997990,256,0
3986140460,mqll_4_32_64,48000200,256,0
4103443600,mqll_4_32_64,48022390,256,0
4027542540,mqll_4_32_64,48012349,256,0
4373050400,mqll_4_32_128,48042747,256,0
4051455860,mqll_4_32_128,48036170,256,0
3931213120,mqll_4_32_128,48038828,256,0
4172654660,mqll_4_32_128,48079079,256,0
4029792420,mqll_4_32_128,48033026,256,0
4052978240,mqll_4_32_256,48061618,256,0
4028601260,mqll_4_32_256,48062642,256,0
4078772540,mqll_4_32_256,48057968,256,0
4070539880,mqll_4_32_256,48070529,256,0
4056428520,mqll_4_32_256,48056935,256,0
4095761660,mqll_4_32_512,48064896,256,0
4147528320,mqll_4_32_512,48055548,256,0
4142672420,mqll_4_32_512,48068663,256,0
4228668180,mqll_4_32_512,48070204,256,0
4153411900,mqll_4_32_512,48065860,256,0
4216647640,mqll_4_32_1024,48056776,256,0
4331949080,mqll_4_32_1024,48076204,256,0
4280425780,mqll_4_32_1024,48094118,256,0
4345783900,mqll_4_32_1024,48070009,256,0
4601082340,mqll_4_32_1024,48099437,256,0
4907967620,mqll_4_64_1,48278659,256,0
4795091700,mqll_4_64_1,48279620,256,0
5796143820,mqll_4_64_1,48281090,256,0
4691311880,mqll_4_64_1,48266040,256,0
4870320380,mqll_4_64_1,48271864,256,0
4433083420,mqll_4_64_2,48241496,256,0
4494106840,mqll_4_64_2,48227292,256,0
4793131280,mqll_4_64_2,48247159,256,0
4774392540,mqll_4_64_2,48232459,256,0
4784397520,mqll_4_64_2,48226976,256,0
4465245440,mqll_4_64_4,48163729,256,0
4261286040,mqll_4_64_4,48169502,256,0
4153879360,mqll_4_64_4,48173127,256,0
4191087660,mqll_4_64_4,48170584,256,0
4274973880,mqll_4_64_4,48166537,256,0
4136115700,mqll_4_64_8,48100399,256,0
4186405860,mqll_4_64_8,48101246,256,0
4072878840,mqll_4_64_8,48099470,256,0
4263425920,mqll_4_64_8,48099834,256,0
4102988700,mqll_4_64_8,48102558,256,0
4197732560,mqll_4_64_16,48052014,256,0
4359865000,mqll_4_64_16,48060787,256,0
3894744780,mqll_4_64_16,48051326,256,0
4177521700,mqll_4_64_16,48047092,256,0
4114041380,mqll_4_64_16,48051758,256,0
3982488920,mqll_4_64_32,48017982,256,0
4002382800,mqll_4_64_32,48018329,256,0
4062497300,mqll_4_64_32,48019572,256,0
4003866180,mqll_4_64_32,48013144,256,0
4129785040,mqll_4_64_32,48018503,256,0
4468105640,mqll_4_64_64,48004359,256,0
4450887060,mqll_4_64_64,48012177,256,0
4324385740,mqll_4_64_64,48020917,256,0
4036990680,mqll_4_64_64,48003299,256,0
3989342920,mqll_4_64_64,47998073,256,0
4520625380,mqll_4_64_128,48030726,256,0
4325229160,mqll_4_64_128,48014024,256,0
4181754900,mqll_4_64_128,48009355,256,0
4057483840,mqll_4_64_128,48015266,256,0
3934269280,mqll_4_64_128,47999712,256,0
4197515680,mqll_4_64_256,48041780,256,0
4033181440,mqll_4_64_256,48027314,256,0
4362929920,mqll_4_64_256,48036011,256,0
4177223260,mqll_4_64_256,48029520,256,0
4117646440,mqll_4_64_256,48023904,256,0
4241318160,mqll_4_64_512,48048613,256,0
4445973220,mqll_4_64_512,48061940,256,0
4200140980,mqll_4_64_512,48052107,256,0
4224266720,mqll_4_64_512,48069568,256,0
4146872280,mqll_4_64_512,48064111,256,0
4751822620,mqll_4_64_1024,48102669,256,0
4816772460,mqll_4_64_1024,48087340,256,0
4420876840,mqll_4_64_1024,48076884,256,0
4367073300,mqll_4_64_1024,48067426,256,0
4455541580,mqll_4_64_1024,48065729,256,0
4688131960,mqll_4_128_1,48280685,256,0
4666668280,mqll_4_128_1,48286929,256,0
4658395780,mqll_4_128_1,48273332,256,0
4487847060,mqll_4_128_1,48276590,256,0
4573533460,mqll_4_128_1,48278944,256,0
4339418340,mqll_4_128_2,48237218,256,0
4329304480,mqll_4_128_2,48234266,256,0
4679886820,mqll_4_128_2,48250337,256,0
4078905420,mqll_4_128_2,48269578,256,0
4402097880,mqll_4_128_2,48233880,256,0
4463040020,mqll_4_128_4,48166914,256,0
4602282720,mqll_4_128_4,48170904,256,0
4241682720,mqll_4_128_4,48169454,256,0
4217094160,mqll_4_128_4,48169207,256,0
4653761300,mqll_4_128_4,48170035,256,0
4176639600,mqll_4_128_8,48107615,256,0
4163132580,mqll_4_128_8,48114045,256,0
4288527140,mqll_4_128_8,48107517,256,0
4160883240,mqll_4_128_8,48106700,256,0
4308905200,mqll_4_128_8,48107371,256,0
3969241820,mqll_4_128_16,48054539,256,0
4318073560,mqll_4_128_16,48058642,256,0
4349701280,mqll_4_128_16,48053072,256,0
4359624440,mqll_4_128_16,48050801,256,0
4001115580,mqll_4_128_16,48055205,256,0
5119772520,mqll_4_128_32,48029467,256,0
3909915520,mqll_4_128_32,48021557,256,0
5021710020,mqll_4_128_32,48033030,256,0
4101543980,mqll_4_128_32,48020179,256,0
4208552680,mqll_4_128_32,48020441,256,0
4023414700,mqll_4_128_64,48003692,256,0
4393699340,mqll_4_128_64,48008689,256,0
4212086240,mqll_4_128_64,48006948,256,0
4368794280,mqll_4_128_64,48028197,256,0
3921766300,mqll_4_128_64,48003485,256,0
4087496920,mqll_4_128_128,48006625,256,0
4316404460,mqll_4_128_128,48010090,256,0
4118221280,mqll_4_128_128,48016233,256,0
3972487660,mqll_4_128_128,48003519,256,0
4140923140,mqll_4_128_128,48018556,256,0
4491320080,mqll_4_128_256,48026142,256,0
4191752260,mqll_4_128_256,48024822,256,0
4031365080,mqll_4_128_256,48044127,256,0
4007053800,mqll_4_128_256,48012177,256,0
4378527620,mqll_4_128_256,48024195,256,0
4532786960,mqll_4_128_512,48025836,256,0
4470362180,mqll_4_128_512,48049700,256,0
4192108840,mqll_4_128_512,48045567,256,0
5686238400,mqll_4_128_512,48051760,256,0
4279266760,mqll_4_128_512,48044034,256,0
4435627540,mqll_4_128_1024,48045591,256,0
4351840860,mqll_4_128_1024,48055036,256,0
4605024200,mqll_4_128_1024,48063369,256,0
5210881740,mqll_4_128_1024,48079416,256,0
4758222820,mqll_4_128_1024,48057548,256,0
4784405100,mqll_4_256_1,48290195,256,0
4773377520,mqll_4_256_1,48299031,256,0
4804655340,mqll_4_256_1,48282588,256,0
4918518740,mqll_4_256_1,48284587,256,0
4668561620,mqll_4_256_1,48287239,256,0
4200866520,mqll_4_256_2,48264167,256,0
4824535200,mqll_4_256_2,48255416,256,0
4371161040,mqll_4_256_2,48250943,256,0
4475644000,mqll_4_256_2,48261791,256,0
4916876460,mqll_4_256_2,48240772,256,0
4673322580,mqll_4_256_4,48185673,256,0
4427167000,mqll_4_256_4,48188884,256,0
4165388180,mqll_4_256_4,48169899,256,0
4748945020,mqll_4_256_4,48184452,256,0
4499171280,mqll_4_256_4,48178501,256,0
4285094780,mqll_4_256_8,48118350,256,0
4525268300,mqll_4_256_8,48120593,256,0
4528686280,mqll_4_256_8,48127005,256,0
4614054500,mqll_4_256_8,48120370,256,0
4452809240,mqll_4_256_8,48132494,256,0
4038141860,mqll_4_256_16,48075926,256,0
4129180500,mqll_4_256_16,48066388,256,0
4244661380,mqll_4_256_16,48079561,256,0
4377456000,mqll_4_256_16,48066657,256,0
4479933620,mqll_4_256_16,48069896,256,0
4300248360,mqll_4_256_32,48042165,256,0
4613714260,mqll_4_256_32,48042822,256,0
4435187740,mqll_4_256_32,48036163,256,0
4241093760,mqll_4_256_32,48035374,256,0
4504113820,mqll_4_256_32,48046591,256,0
4389751820,mqll_4_256_64,48023068,256,0
4434365780,mqll_4_256_64,48014292,256,0
4419090720,mqll_4_256_64,48014699,256,0
4259416940,mqll_4_256_64,48022095,256,0
4350537680,mqll_4_256_64,48010863,256,0
4494799720,mqll_4_256_128,48023929,256,0
4120397560,mqll_4_256_128,48033017,256,0
4669689080,mqll_4_256_128,48026284,256,0
4546201600,mqll_4_256_128,48023724,256,0
4617005400,mqll_4_256_128,48026543,256,0
4505855740,mqll_4_256_256,48019053,256,0
4622789420,mqll_4_256_256,48026961,256,0
4503121360,mqll_4_256_256,48026077,256,0
4143412560,mqll_4_256_256,48066713,256,0
4460059920,mqll_4_256_256,48020741,256,0
4141801840,mqll_4_256_512,48045918,256,0
4531023140,mqll_4_256_512,48026076,256,0
4431471840,mqll_4_256_512,48067558,256,0
4483796680,mqll_4_256_512,48031075,256,0
4678964780,mqll_4_256_512,48025903,256,0
4856767880,mqll_4_256_1024,48043471,256,0
4836044220,mqll_4_256_1024,48043457,256,0
4714050840,mqll_4_256_1024,48043448,256,0
4723804400,mqll_4_256_1024,48078787,256,0
5030339160,mqll_4_256_1024,48073536,256,0
4813072320,mqll_4_512_1,48290062,256,0
4906315560,mqll_4_512_1,48292130,256,0
4840140900,mqll_4_512_1,48286576,256,0
4828549980,mqll_4_512_1,48287274,256,0
4896134020,mqll_4_512_1,48303089,256,0
4717664320,mqll_4_512_2,48264110,256,0
4420915300,mqll_4_512_2,48257544,256,0
4755465940,mqll_4_512_2,48256050,256,0
4530604220,mqll_4_512_2,48265048,256,0
4476389320,mqll_4_512_2,48268987,256,0
4520116300,mqll_4_512_4,48201271,256,0
4413912320,mqll_4_512_4,48199505,256,0
4733564480,mqll_4_512_4,48195937,256,0
4464001520,mqll_4_512_4,48205048,256,0
4233276200,mqll_4_512_4,48196092,256,0
4504179780,mqll_4_512_8,48137909,256,0
4143600340,mqll_4_512_8,48145090,256,0
4290708560,mqll_4_512_8,48128721,256,0
4530836340,mqll_4_512_8,48134223,256,0
4229491160,mqll_4_512_8,48130625,256,0
4273539800,mqll_4_512_16,48082849,256,0
4094363580,mqll_4_512_16,48075462,256,0
4135803680,mqll_4_512_16,48077656,256,0
4395931960,mqll_4_512_16,48084030,256,0
4103127500,mqll_4_512_16,48084933,256,0
4365499100,mqll_4_512_32,48041698,256,0
4512675540,mqll_4_512_32,48051958,256,0
4297130460,mqll_4_512_32,48038877,256,0
3958923860,mqll_4_512_32,48039002,256,0
4633828920,mqll_4_512_32,48049484,256,0
4379027200,mqll_4_512_64,48030669,256,0
4299840660,mqll_4_512_64,48040786,256,0
4342986560,mqll_4_512_64,48026611,256,0
4029832240,mqll_4_512_64,48032749,256,0
4297474660,mqll_4_512_64,48028404,256,0
4958352440,mqll_4_512_128,48026416,256,0
4356913180,mqll_4_512_128,48028624,256,0
4309133940,mqll_4_512_128,48024422,256,0
4543022540,mqll_4_512_128,48026414,256,0
4139575980,mqll_4_512_128,48033623,256,0
4421298520,mqll_4_512_256,48020969,256,0
4549607420,mqll_4_512_256,48022600,256,0
4578493680,mqll_4_512_256,48022611,256,0
4370885940,mqll_4_512_256,48019170,256,0
4260838920,mqll_4_512_256,48028182,256,0
4656494920,mqll_4_512_512,48021681,256,0
4677538660,mqll_4_512_512,48017273,256,0
4314582160,mqll_4_512_512,48025703,256,0
8505913840,mqll_4_512_512,48223107,256,0
4519962840,mqll_4_512_512,48039683,256,0
4871901060,mqll_4_512_1024,48044697,256,0
4896613760,mqll_4_512_1024,48106081,256,0
5017541440,mqll_4_512_1024,48042507,256,0
4556054880,mqll_4_512_1024,48033068,256,0
4476925100,mqll_4_512_1024,48057948,256,0
4740520620,mqll_4_1024_1,48272436,256,0
4552446660,mqll_4_1024_1,48283704,256,0
4803747240,mqll_4_1024_1,48271192,256,0
4784694280,mqll_4_1024_1,48272548,256,0
4925910200,mqll_4_1024_1,48274759,256,0
4414009720,mqll_4_1024_2,48257817,256,0
4521525060,mqll_4_1024_2,48245902,256,0
4544980880,mqll_4_1024_2,48248051,256,0
4426641340,mqll_4_1024_2,48247208,256,0
4367838400,mqll_4_1024_2,48256515,256,0
4261959400,mqll_4_1024_4,48191384,256,0
4444571800,mqll_4_1024_4,48187483,256,0
4195173560,mqll_4_1024_4,48199227,256,0
4006670940,mqll_4_1024_4,48193388,256,0
4255349260,mqll_4_1024_4,48197509,256,0
4220989720,mqll_4_1024_8,48141812,256,0
4361039980,mqll_4_1024_8,48130816,256,0
4222152000,mqll_4_1024_8,48141478,256,0
4288348700,mqll_4_1024_8,48134183,256,0
4244758180,mqll_4_1024_8,48140233,256,0
4209639160,mqll_4_1024_16,48084356,256,0
3992317940,mqll_4_1024_16,48090632,256,0
4247691340,mqll_4_1024_16,48084917,256,0
4190738060,mqll_4_1024_16,48078541,256,0
4183282120,mqll_4_1024_16,48084861,256,0
5084272760,mqll_4_1024_32,48058742,256,0
4121390820,mqll_4_1024_32,48057712,256,0
5568160620,mqll_4_1024_32,48069660,256,0
4410892120,mqll_4_1024_32,48056107,256,0
4267319200,mqll_4_1024_32,48053178,256,0
4290834200,mqll_4_1024_64,48039312,256,0
3957386240,mqll_4_1024_64,48039439,256,0
4094013640,mqll_4_1024_64,48036563,256,0
4127830040,mqll_4_1024_64,48037501,256,0
4165110120,mqll_4_1024_64,48038521,256,0
3993670160,mqll_4_1024_128,48027044,256,0
3991570240,mqll_4_1024_128,48036325,256,0
3818776460,mqll_4_1024_128,48100768,256,0
4181711900,mqll_4_1024_128,48028237,256,0
4021162660,mqll_4_1024_128,48099874,256,0
4556670500,mqll_4_1024_256,48028184,256,0
3840860600,mqll_4_1024_256,48068624,256,0
4239647700,mqll_4_1024_256,48023052,256,0
3989841360,mqll_4_1024_256,48033966,256,0
4373621900,mqll_4_1024_256,48033092,256,0
4527783020,mqll_4_1024_512,48040926,256,0
4204774180,mqll_4_1024_512,48031259,256,0
4455494220,mqll_4_1024_512,48026766,256,0
4321155800,mqll_4_1024_512,48027271,256,0
4497177380,mqll_4_1024_512,48036816,256,0
4497280460,mqll_4_1024_1024,48037487,256,0
4861031180,mqll_4_1024_1024,48031574,256,0
4573275540,mqll_4_1024_1024,48032004,256,0
4463117400,mqll_4_1024_1024,48065723,256,0
4651216860,mqll_4_1024_1024,48034787,256,0
