213281420,mqll_4_1_1,11147623,256,10
222886220,mqll_4_1_1,11060489,256,10
217435800,mqll_4_1_1,11152619,256,10
195401140,mqll_4_1_1,11260879,256,10
198831360,mqll_4_1_1,11166278,256,10
216495660,mqll_4_1_2,14691501,256,10
233924100,mqll_4_1_2,14673425,256,10
230087480,mqll_4_1_2,14736160,256,10
217992620,mqll_4_1_2,14627792,256,10
220426360,mqll_4_1_2,14679002,256,10
275723260,mqll_4_1_4,21008550,256,10
284386420,mqll_4_1_4,20964068,256,10
271066460,mqll_4_1_4,20889131,256,10
283759600,mqll_4_1_4,21063051,256,10
289566260,mqll_4_1_4,20935416,256,10
391283660,mqll_4_1_8,32068852,256,10
396002240,mqll_4_1_8,32197781,256,10
386810980,mqll_4_1_8,32060878,256,10
418592460,mqll_4_1_8,32082558,256,10
436737900,mqll_4_1_8,32118290,256,10
610332480,mqll_4_1_16,51421806,256,10
611327580,mqll_4_1_16,51864784,256,10
621173280,mqll_4_1_16,51291968,256,10
621923660,mqll_4_1_16,51354118,256,10
634655140,mqll_4_1_16,51903541,256,10
1011015380,mqll_4_1_32,82809093,256,10
995502420,mqll_4_1_32,83267681,256,10
998791780,mqll_4_1_32,82679429,256,10
997940760,mqll_4_1_32,82708387,256,10
999465620,mqll_4_1_32,82906344,256,10
1553547480,mqll_4_1_64,132988626,256,10
1563715220,mqll_4_1_64,131899362,256,10
1585639820,mqll_4_1_64,131951020,256,10
1533098680,mqll_4_1_64,132077608,256,10
1591037600,mqll_4_1_64,133828703,256,10
2279172580,mqll_4_1_128,198694794,256,10
2267407740,mqll_4_1_128,198918873,256,10
2339824240,mqll_4_1_128,201435368,256,10
2205522260,mqll_4_1_128,195771798,256,10
2293155540,mqll_4_1_128,200563093,256,10
3203858220,mqll_4_1_256,274974333,256,10
3280347860,mqll_4_1_256,278951876,256,10
3401450860,mqll_4_1_256,277947820,256,10
3231689980,mqll_4_1_256,275072881,256,10
3169149800,mqll_4_1_256,274812255,256,10
3791015060,mqll_4_1_512,323519925,256,10
3902578760,mqll_4_1_512,336819871,256,10
3906353960,mqll_4_1_512,337880057,256,10
3863016700,mqll_4_1_512,324434819,256,10
3904438440,mqll_4_1_512,330633205,256,10
4046149300,mqll_4_1_1024,337684739,256,10
3883369540,mqll_4_1_1024,338348983,256,10
3887202480,mqll_4_1_1024,334451454,256,10
3901593480,mqll_4_1_1024,343906197,256,10
3939122080,mqll_4_1_1024,349008902,256,10
277345160,mqll_4_2_1,12438885,256,10
285654640,mqll_4_2_1,12372378,256,10
223700280,mqll_4_2_1,12466193,256,10
223433220,mqll_4_2_1,12424849,256,10
223127880,mqll_4_2_1,12403655,256,10
229576780,mqll_4_2_2,15945397,256,10
225902060,mqll_4_2_2,16053499,256,10
255344080,mqll_4_2_2,16069891,256,10
222896740,mqll_4_2_2,16034031,256,10
221244880,mqll_4_2_2,16048102,256,10
281750220,mqll_4_2_4,21868944,256,10
279564260,mqll_4_2_4,22023262,256,10
290321980,mqll_4_2_4,21915073,256,10
247864260,mqll_4_2_4,21954568,256,10
280113000,mqll_4_2_4,21910859,256,10
335978120,mqll_4_2_8,32287025,256,10
358794100,mqll_4_2_8,32017248,256,10
349044700,mqll_4_2_8,32323567,256,10
366299280,mqll_4_2_8,32551677,256,10
369569060,mqll_4_2_8,32278216,256,10
540954960,mqll_4_2_16,49813157,256,10
541441100,mqll_4_2_16,49883328,256,10
557308080,mqll_4_2_16,50632730,256,10
540719440,mqll_4_2_16,49549331,256,10
539488540,mqll_4_2_16,49917559,256,10
856459180,mqll_4_2_32,80488785,256,10
835407160,mqll_4_2_32,80385662,256,10
851931700,mqll_4_2_32,80149748,256,10
856204280,mqll_4_2_32,80364461,256,10
816677200,mqll_4_2_32,79305007,256,10
1346557020,mqll_4_2_64,127917375,256,10
1297551620,mqll_4_2_64,125800537,256,10
1311003960,mqll_4_2_64,127668873,256,10
1350943700,mqll_4_2_64,128556724,256,10
1321755780,mqll_4_2_64,127645880,256,10
1914393240,mqll_4_2_128,188296435,256,10
1944836580,mqll_4_2_128,192559941,256,10
1981395880,mqll_4_2_128,193239874,256,10
1898794880,mqll_4_2_128,192371302,256,10
1891739720,mqll_4_2_128,190690776,256,10
2628479160,mqll_4_2_256,263236945,256,10
2675525500,mqll_4_2_256,264019783,256,10
2546685920,mqll_4_2_256,261937043,256,10
2676437420,mqll_4_2_256,263555208,256,10
2720703120,mqll_4_2_256,260848842,256,10
3136036060,mqll_4_2_512,312180064,256,10
3126519320,mqll_4_2_512,309249522,256,10
3031468200,mqll_4_2_512,310607064,256,10
3123030400,mqll_4_2_512,305426469,256,10
3103101940,mqll_4_2_512,312290299,256,10
3156937480,mqll_4_2_1024,308898710,256,10
3246010440,mqll_4_2_1024,315935928,256,10
3201896180,mqll_4_2_1024,313959713,256,10
3129415320,mqll_4_2_1024,306378360,256,10
3179281720,mqll_4_2_1024,309735141,256,10
258060160,mqll_4_4_1,14753286,256,10
255181200,mqll_4_4_1,14718472,256,10
243648520,mqll_4_4_1,14734491,256,10
245894080,mqll_4_4_1,14703586,256,10
275326600,mqll_4_4_1,14685063,256,10
241233720,mqll_4_4_2,18244667,256,10
235394220,mqll_4_4_2,18266159,256,10
235461980,mqll_4_4_2,18211695,256,10
250698180,mqll_4_4_2,18274657,256,10
233119140,mqll_4_4_2,18198897,256,10
249697680,mqll_4_4_4,24393034,256,10
243748020,mqll_4_4_4,24419852,256,10
244940060,mqll_4_4_4,24403645,256,10
244476340,mqll_4_4_4,24335570,256,10
245454380,mqll_4_4_4,24360919,256,10
317575840,mqll_4_4_8,33948229,256,10
306351560,mqll_4_4_8,33723500,256,10
307806340,mqll_4_4_8,33645670,256,10
309836340,mqll_4_4_8,33773133,256,10
313161560,mqll_4_4_8,33906032,256,10
439401660,mqll_4_4_16,49970817,256,10
440992180,mqll_4_4_16,50329661,256,10
443399080,mqll_4_4_16,50172022,256,10
446318240,mqll_4_4_16,49980679,256,10
441334620,mqll_4_4_16,50432546,256,10
674612560,mqll_4_4_32,78359361,256,10
664453700,mqll_4_4_32,77700881,256,10
677437300,mqll_4_4_32,78560786,256,10
671491100,mqll_4_4_32,78242554,256,10
679217260,mqll_4_4_32,78840705,256,10
1034960580,mqll_4_4_64,122779761,256,10
1031375900,mqll_4_4_64,123299887,256,10
1026438480,mqll_4_4_64,122097205,256,10
1020191920,mqll_4_4_64,122633698,256,10
1029781400,mqll_4_4_64,122956687,256,10
1496878660,mqll_4_4_128,184200162,256,10
1533368500,mqll_4_4_128,186966071,256,10
1486998620,mqll_4_4_128,182165576,256,10
1509355560,mqll_4_4_128,185120683,256,10
1517360940,mqll_4_4_128,185042980,256,10
2046339180,mqll_4_4_256,252439632,256,10
2045631140,mqll_4_4_256,253679280,256,10
2049003680,mqll_4_4_256,254416080,256,10
2022422280,mqll_4_4_256,249259255,256,10
2020202860,mqll_4_4_256,251649669,256,10
2397138340,mqll_4_4_512,295346863,256,10
2332730700,mqll_4_4_512,289202639,256,10
2396313740,mqll_4_4_512,295856039,256,10
2375451060,mqll_4_4_512,295500170,256,10
2373814420,mqll_4_4_512,292238198,256,10
2377831300,mqll_4_4_1024,293871683,256,10
2432731580,mqll_4_4_1024,300882524,256,10
2416134660,mqll_4_4_1024,300374735,256,10
2400334840,mqll_4_4_1024,297995650,256,10
2490040680,mqll_4_4_1024,307062065,256,10
352499380,mqll_4_8_1,18075113,256,10
325071000,mqll_4_8_1,18143529,256,10
350594180,mqll_4_8_1,18012604,256,10
334188060,mqll_4_8_1,18125035,256,10
384537320,mqll_4_8_1,18026708,256,10
271383700,mqll_4_8_2,21600269,256,10
286295880,mqll_4_8_2,21666362,256,10
266538220,mqll_4_8_2,21604691,256,10
284182440,mqll_4_8_2,21742751,256,10
293778740,mqll_4_8_2,21599292,256,10
275087320,mqll_4_8_4,27601032,256,10
265936580,mqll_4_8_4,27518242,256,10
267905580,mqll_4_8_4,27623456,256,10
266242960,mqll_4_8_4,27607305,256,10
267311260,mqll_4_8_4,27703543,256,10
320650380,mqll_4_8_8,37931594,256,10
335767160,mqll_4_8_8,37578877,256,10
318084260,mqll_4_8_8,37549519,256,10
318902100,mqll_4_8_8,37617066,256,10
320444160,mqll_4_8_8,37869773,256,10
426136940,mqll_4_8_16,52614997,256,10
426351640,mqll_4_8_16,52922157,256,10
427262500,mqll_4_8_16,52444480,256,10
422805600,mqll_4_8_16,52243009,256,10
428256500,mqll_4_8_16,52678737,256,10
617044220,mqll_4_8_32,78741974,256,10
614130820,mqll_4_8_32,78776222,256,10
605992580,mqll_4_8_32,77773502,256,10
616301120,mqll_4_8_32,78607769,256,10
600819140,mqll_4_8_32,76787109,256,10
912235180,mqll_4_8_64,121107334,256,10
892411220,mqll_4_8_64,118814286,256,10
887369640,mqll_4_8_64,117447589,256,10
894137800,mqll_4_8_64,118517289,256,10
889403160,mqll_4_8_64,117369264,256,10
1317768300,mqll_4_8_128,178752526,256,10
1301051040,mqll_4_8_128,176581003,256,10
1305014640,mqll_4_8_128,176863023,256,10
1305393820,mqll_4_8_128,177474251,256,10
1316181740,mqll_4_8_128,176997180,256,10
1713408800,mqll_4_8_256,235413274,256,10
1754085020,mqll_4_8_256,239239001,256,10
1738961420,mqll_4_8_256,238509088,256,10
1781399120,mqll_4_8_256,241867248,256,10
1730392480,mqll_4_8_256,236653236,256,10
1982790520,mqll_4_8_512,269754553,256,10
2002854340,mqll_4_8_512,272456544,256,10
2027273600,mqll_4_8_512,274963939,256,10
1956870360,mqll_4_8_512,264218048,256,10
2031256340,mqll_4_8_512,275927953,256,10
2033727560,mqll_4_8_1024,279840895,256,10
1927753820,mqll_4_8_1024,264477083,256,10
2037033720,mqll_4_8_1024,280096602,256,10
1976605700,mqll_4_8_1024,272255780,256,10
1983283160,mqll_4_8_1024,271589146,256,10
388118760,mqll_4_16_1,19114946,256,10
401006540,mqll_4_16_1,18829918,256,10
420336120,mqll_4_16_1,18815355,256,10
364619340,mqll_4_16_1,18702507,256,10
387321420,mqll_4_16_1,18671495,256,10
396056340,mqll_4_16_2,25973855,256,10
343552740,mqll_4_16_2,25680702,256,10
344693840,mqll_4_16_2,25704067,256,10
356636980,mqll_4_16_2,25623666,256,10
367818280,mqll_4_16_2,25655307,256,10
317605000,mqll_4_16_4,32353345,256,10
340416060,mqll_4_16_4,31836015,256,10
314009900,mqll_4_16_4,32316308,256,10
330443600,mqll_4_16_4,32093572,256,10
337476460,mqll_4_16_4,32554278,256,10
357479460,mqll_4_16_8,42252005,256,10
358109940,mqll_4_16_8,42320879,256,10
358556020,mqll_4_16_8,42722250,256,10
355159120,mqll_4_16_8,42695574,256,10
370370520,mqll_4_16_8,42282998,256,10
447131520,mqll_4_16_16,59046812,256,10
446656860,mqll_4_16_16,59482834,256,10
446230520,mqll_4_16_16,59129341,256,10
449549160,mqll_4_16_16,59760036,256,10
448038980,mqll_4_16_16,59383310,256,10
618291340,mqll_4_16_32,83205773,256,10
600248320,mqll_4_16_32,82776096,256,10
603916060,mqll_4_16_32,82902829,256,10
616909260,mqll_4_16_32,83587976,256,10
604973080,mqll_4_16_32,83193915,256,10
853857020,mqll_4_16_64,121303847,256,10
865276180,mqll_4_16_64,122523484,256,10
854488200,mqll_4_16_64,120455099,256,10
856481980,mqll_4_16_64,121559892,256,10
846232820,mqll_4_16_64,119690115,256,10
1194706740,mqll_4_16_128,172611770,256,10
1236631060,mqll_4_16_128,179680120,256,10
1202300280,mqll_4_16_128,174324318,256,10
1204138340,mqll_4_16_128,173804793,256,10
1191343580,mqll_4_16_128,173382216,256,10
1540633240,mqll_4_16_256,226542408,256,10
1574191640,mqll_4_16_256,230470134,256,10
1558312880,mqll_4_16_256,229504597,256,10
1649002400,mqll_4_16_256,240005704,256,10
1579307960,mqll_4_16_256,231646520,256,10
1739581860,mqll_4_16_512,256542133,256,10
1746844560,mqll_4_16_512,256588989,256,10
1690961500,mqll_4_16_512,249172752,256,10
1794620500,mqll_4_16_512,263801373,256,10
1834061780,mqll_4_16_512,268644123,256,10
1849030500,mqll_4_16_1024,271535893,256,10
1757487540,mqll_4_16_1024,257882173,256,10
1784344200,mqll_4_16_1024,260880488,256,10
1837933500,mqll_4_16_1024,268008321,256,10
1682722460,mqll_4_16_1024,247007052,256,10
378832480,mqll_4_32_1,19808318,256,10
357912460,mqll_4_32_1,19568893,256,10
353243120,mqll_4_32_1,19582853,256,10
543038920,mqll_4_32_1,20613851,256,10
406010820,mqll_4_32_1,19892562,256,10
319507900,mqll_4_32_2,22921248,256,10
299012920,mqll_4_32_2,23018501,256,10
311127900,mqll_4_32_2,23165570,256,10
302511460,mqll_4_32_2,23358866,256,10
333558240,mqll_4_32_2,23087588,256,10
304964420,mqll_4_32_4,28909818,256,10
351853000,mqll_4_32_4,30751050,256,10
287153880,mqll_4_32_4,28768348,256,10
291637140,mqll_4_32_4,28297376,256,10
316418200,mqll_4_32_4,30210731,256,10
412332700,mqll_4_32_8,47962674,256,10
404885000,mqll_4_32_8,47578572,256,10
413929160,mqll_4_32_8,48122572,256,10
422324740,mqll_4_32_8,47939251,256,10
431181820,mqll_4_32_8,48250594,256,10
531128580,mqll_4_32_16,66192299,256,10
505791980,mqll_4_32_16,65867549,256,10
544040320,mqll_4_32_16,65175336,256,10
574732020,mqll_4_32_16,64426468,256,10
528153700,mqll_4_32_16,66069764,256,10
670626060,mqll_4_32_32,95286047,256,10
674360640,mqll_4_32_32,95750247,256,10
674700400,mqll_4_32_32,95574419,256,10
667525060,mqll_4_32_32,94214882,256,10
681932180,mqll_4_32_32,96323604,256,10
907242820,mqll_4_32_64,130876530,256,10
897047100,mqll_4_32_64,129811688,256,10
883972240,mqll_4_32_64,128528657,256,10
903129640,mqll_4_32_64,131411599,256,10
883938340,mqll_4_32_64,128475670,256,10
1222138440,mqll_4_32_128,180649500,256,10
1214190440,mqll_4_32_128,180337528,256,10
1226446320,mqll_4_32_128,181901919,256,10
1209312240,mqll_4_32_128,179149506,256,10
1254613820,mqll_4_32_128,185169365,256,10
1570026580,mqll_4_32_256,235428427,256,10
1599490740,mqll_4_32_256,239168460,256,10
1605859600,mqll_4_32_256,239210274,256,10
1628335740,mqll_4_32_256,238405412,256,10
1582288400,mqll_4_32_256,234940725,256,10
1752827260,mqll_4_32_512,259454172,256,10
1799077260,mqll_4_32_512,266530848,256,10
1832009280,mqll_4_32_512,272721109,256,10
1733655360,mqll_4_32_512,258208319,256,10
1774242480,mqll_4_32_512,263965024,256,10
1823094400,mqll_4_32_1024,270570252,256,10
1845436820,mqll_4_32_1024,274248884,256,10
1757851180,mqll_4_32_1024,260963228,256,10
1738013480,mqll_4_32_1024,260137035,256,10
1796631720,mqll_4_32_1024,267152764,256,10
515818080,mqll_4_64_1,27816806,256,10
548062960,mqll_4_64_1,27928953,256,10
478934300,mqll_4_64_1,27656661,256,10
468272900,mqll_4_64_1,27548259,256,10
465203040,mqll_4_64_1,27480472,256,10
382766220,mqll_4_64_2,27329474,256,10
359184300,mqll_4_64_2,27902035,256,10
363144500,mqll_4_64_2,27688711,256,10
392987560,mqll_4_64_2,27574595,256,10
432258580,mqll_4_64_2,27522633,256,10
315286460,mqll_4_64_4,28354901,256,10
264767480,mqll_4_64_4,28716640,256,10
258467760,mqll_4_64_4,29001441,256,10
325318220,mqll_4_64_4,28958317,256,10
300505420,mqll_4_64_4,28979914,256,10
308941040,mqll_4_64_8,38460227,256,10
292005420,mqll_4_64_8,38289021,256,10
311140240,mqll_4_64_8,40079987,256,10
331696380,mqll_4_64_8,41788576,256,10
312874120,mqll_4_64_8,39716766,256,10
411491700,mqll_4_64_16,55912161,256,10
476307080,mqll_4_64_16,62380611,256,10
413899840,mqll_4_64_16,55966672,256,10
418002680,mqll_4_64_16,56910652,256,10
482109700,mqll_4_64_16,63334138,256,10
708686380,mqll_4_64_32,99542333,256,10
708841080,mqll_4_64_32,98962592,256,10
699275100,mqll_4_64_32,98807775,256,10
701184360,mqll_4_64_32,99069255,256,10
702568080,mqll_4_64_32,99475699,256,10
995173680,mqll_4_64_64,150125460,256,10
978143700,mqll_4_64_64,149054530,256,10
995603080,mqll_4_64_64,150409517,256,10
1012042460,mqll_4_64_64,148963933,256,10
983613420,mqll_4_64_64,149240726,256,10
1258632560,mqll_4_64_128,194380466,256,10
1287173980,mqll_4_64_128,197215193,256,10
1259480700,mqll_4_64_128,195429982,256,10
1245407160,mqll_4_64_128,192012748,256,10
1274157700,mqll_4_64_128,196496492,256,10
1627934140,mqll_4_64_256,253050979,256,10
1596973620,mqll_4_64_256,246751425,256,10
1648525760,mqll_4_64_256,255659478,256,10
1613939880,mqll_4_64_256,249787172,256,10
1598663580,mqll_4_64_256,245748745,256,10
1916907660,mqll_4_64_512,294580204,256,10
1834023340,mqll_4_64_512,281998020,256,10
1828386800,mqll_4_64_512,281910003,256,10
1868168760,mqll_4_64_512,285836787,256,10
1903092680,mqll_4_64_512,291685342,256,10
1897028200,mqll_4_64_1024,293416475,256,10
1851900020,mqll_4_64_1024,287379707,256,10
1821377560,mqll_4_64_1024,280461554,256,10
1816477480,mqll_4_64_1024,282526144,256,10
1805127120,mqll_4_64_1024,279109134,256,10
1048659140,mqll_4_128_1,41478593,256,10
1194290980,mqll_4_128_1,41971625,256,10
822990800,mqll_4_128_1,41440267,256,10
1011771340,mqll_4_128_1,41239875,256,10
1181232120,mqll_4_128_1,42243533,256,10
653621740,mqll_4_128_2,41671212,256,10
661050700,mqll_4_128_2,39865482,256,10
738524560,mqll_4_128_2,42183742,256,10
665242700,mqll_4_128_2,41816355,256,10
1225447040,mqll_4_128_2,39616944,256,10
711026540,mqll_4_128_4,41564373,256,10
492785100,mqll_4_128_4,41206402,256,10
583898500,mqll_4_128_4,40715452,256,10
597419500,mqll_4_128_4,41212826,256,10
461469760,mqll_4_128_4,41880145,256,10
431102040,mqll_4_128_8,45803854,256,10
615952720,mqll_4_128_8,58202280,256,10
425568100,mqll_4_128_8,49846024,256,10
483725460,mqll_4_128_8,53929151,256,10
593529720,mqll_4_128_8,57142213,256,10
572045960,mqll_4_128_16,71592985,256,10
571277660,mqll_4_128_16,69579655,256,10
622057700,mqll_4_128_16,75155834,256,10
443088200,mqll_4_128_16,56502019,256,10
584906380,mqll_4_128_16,70702716,256,10
663064280,mqll_4_128_32,92470632,256,10
679263920,mqll_4_128_32,93191624,256,10
629856620,mqll_4_128_32,89014906,256,10
565849700,mqll_4_128_32,83789734,256,10
645535500,mqll_4_128_32,89790523,256,10
921483200,mqll_4_128_64,144576903,256,10
955948720,mqll_4_128_64,149903101,256,10
940776280,mqll_4_128_64,148105872,256,10
956741440,mqll_4_128_64,150173748,256,10
971654620,mqll_4_128_64,150334342,256,10
1438060880,mqll_4_128_128,232288182,256,10
1475795120,mqll_4_128_128,236895834,256,10
1471015060,mqll_4_128_128,236401869,256,10
1457721280,mqll_4_128_128,234273561,256,10
1427516480,mqll_4_128_128,231266294,256,10
1798630920,mqll_4_128_256,287182747,256,10
1829960840,mqll_4_128_256,292918424,256,10
1852871420,mqll_4_128_256,292165997,256,10
1798367420,mqll_4_128_256,285399129,256,10
1792672020,mqll_4_128_256,285450750,256,10
2082509520,mqll_4_128_512,330804192,256,10
2089285820,mqll_4_128_512,332560569,256,10
2058227160,mqll_4_128_512,327399046,256,10
2118240340,mqll_4_128_512,337964774,256,10
2091756740,mqll_4_128_512,332359790,256,10
2141615560,mqll_4_128_1024,340307830,256,10
2059404700,mqll_4_128_1024,325088552,256,10
2108709700,mqll_4_128_1024,332815015,256,10
2084430780,mqll_4_128_1024,331831281,256,10
2210376700,mqll_4_128_1024,349930696,256,10
2553148280,mqll_4_256_1,55399969,256,10
2303818760,mqll_4_256_1,59848747,256,10
1927107320,mqll_4_256_1,58994845,256,10
2900423680,mqll_4_256_1,62941640,256,10
2252165900,mqll_4_256_1,55626379,256,10
1591981900,mqll_4_256_2,62290571,256,10
1608840400,mqll_4_256_2,60519436,256,10
1626248380,mqll_4_256_2,64257055,256,10
1676865560,mqll_4_256_2,56478098,256,10
1875191320,mqll_4_256_2,58110977,256,10
964683640,mqll_4_256_4,64418373,256,10
1304059600,mqll_4_256_4,57546659,256,10
957420020,mqll_4_256_4,59692130,256,10
1184611780,mqll_4_256_4,60380790,256,10
1195507260,mqll_4_256_4,55518553,256,10
664675300,mqll_4_256_8,57916265,256,10
867216480,mqll_4_256_8,57905028,256,10
742938020,mqll_4_256_8,61937199,256,10
866236100,mqll_4_256_8,58918924,256,10
814725860,mqll_4_256_8,57634172,256,10
764478040,mqll_4_256_16,57047868,256,10
638104640,mqll_4_256_16,59430466,256,10
534971380,mqll_4_256_16,54197671,256,10
626689840,mqll_4_256_16,54853012,256,10
619467320,mqll_4_256_16,52330358,256,10
541670140,mqll_4_256_32,56430802,256,10
532591120,mqll_4_256_32,47449057,256,10
534532560,mqll_4_256_32,60195935,256,10
504358060,mqll_4_256_32,48130870,256,10
533340200,mqll_4_256_32,57150545,256,10
669151820,mqll_4_256_64,68241209,256,10
1183518700,mqll_4_256_64,168470233,256,10
779473100,mqll_4_256_64,115998943,256,10
924405820,mqll_4_256_64,130825683,256,10
524116340,mqll_4_256_64,71856723,256,10
1041103140,mqll_4_256_128,186066200,256,10
1007227160,mqll_4_256_128,180604457,256,10
975182980,mqll_4_256_128,178233525,256,10
1147169140,mqll_4_256_128,198709437,256,10
1014231560,mqll_4_256_128,182442310,256,10
2201321160,mqll_4_256_256,369785279,256,10
2214075680,mqll_4_256_256,370063033,256,10
2244880260,mqll_4_256_256,374629068,256,10
2206492900,mqll_4_256_256,370279209,256,10
2204473120,mqll_4_256_256,368089194,256,10
2521041660,mqll_4_256_512,418476041,256,10
2656235480,mqll_4_256_512,435293548,256,10
2522050280,mqll_4_256_512,414099873,256,10
2476720520,mqll_4_256_512,412767989,256,10
2534718980,mqll_4_256_512,419022983,256,10
2658675200,mqll_4_256_1024,430234738,256,10
2673962160,mqll_4_256_1024,441857472,256,10
2725773180,mqll_4_256_1024,445083403,256,10
2608832420,mqll_4_256_1024,432527311,256,10
2512888460,mqll_4_256_1024,419801107,256,10
6893670080,mqll_4_512_1,38388484,256,10
6281651620,mqll_4_512_1,38362662,256,10
5952596140,mqll_4_512_1,39525544,256,10
6529925980,mqll_4_512_1,40467267,256,10
6410543220,mqll_4_512_1,50039440,256,10
3848674180,mqll_4_512_2,38992247,256,10
4097881780,mqll_4_512_2,48584851,256,10
4550874260,mqll_4_512_2,38258842,256,10
4441767880,mqll_4_512_2,47929612,256,10
4108299800,mqll_4_512_2,45971175,256,10
2915094480,mqll_4_512_4,40677858,256,10
2938854940,mqll_4_512_4,42855115,256,10
2573191980,mqll_4_512_4,39128761,256,10
2884291140,mqll_4_512_4,54689129,256,10
2717972540,mqll_4_512_4,46264204,256,10
2160872880,mqll_4_512_8,45048848,256,10
1864284460,mqll_4_512_8,49600377,256,10
1849610960,mqll_4_512_8,45515813,256,10
1766595540,mqll_4_512_8,44044708,256,10
2969127900,mqll_4_512_8,43208943,256,10
1298325020,mqll_4_512_16,42306799,256,10
1252902880,mqll_4_512_16,38128450,256,10
1274426720,mqll_4_512_16,38456266,256,10
1512724960,mqll_4_512_16,45699386,256,10
1441923840,mqll_4_512_16,42786460,256,10
1160890720,mqll_4_512_32,40269976,256,10
1140939680,mqll_4_512_32,36968362,256,10
1057514680,mqll_4_512_32,39382398,256,10
1098119140,mqll_4_512_32,40040424,256,10
963987400,mqll_4_512_32,38680519,256,10
972062100,mqll_4_512_64,36754445,256,10
862802480,mqll_4_512_64,37433306,256,10
868230380,mqll_4_512_64,39637231,256,10
803474900,mqll_4_512_64,37593298,256,10
1024583840,mqll_4_512_64,37854330,256,10
1058350900,mqll_4_512_128,58445382,256,10
1176297960,mqll_4_512_128,56956113,256,10
1353328900,mqll_4_512_128,54170636,256,10
1111806960,mqll_4_512_128,57195333,256,10
1038502780,mqll_4_512_128,44793164,256,10
1336746020,mqll_4_512_256,265780366,256,10
1655058480,mqll_4_512_256,306146409,256,10
1755050640,mqll_4_512_256,312691758,256,10
1482350620,mqll_4_512_256,267285540,256,10
1108063400,mqll_4_512_256,198571551,256,10
3076196220,mqll_4_512_512,544174445,256,10
3204657500,mqll_4_512_512,562105456,256,10
3117370160,mqll_4_512_512,541859381,256,10
3134089600,mqll_4_512_512,554925223,256,10
2980797600,mqll_4_512_512,532994263,256,10
3505269760,mqll_4_512_1024,612804631,256,10
3349342040,mqll_4_512_1024,584040247,256,10
3323405620,mqll_4_512_1024,581209038,256,10
3412403480,mqll_4_512_1024,596871129,256,10
3363833420,mqll_4_512_1024,585970243,256,10
33477436200,mqll_4_1024_1,40441789,256,10
19359671460,mqll_4_1024_1,42982185,256,10
35965825900,mqll_4_1024_1,38696694,256,10
33153657620,mqll_4_1024_1,41317471,256,10
27533444280,mqll_4_1024_1,39282140,256,10
22997550100,mqll_4_1024_2,35247940,256,10
23827713620,mqll_4_1024_2,35724397,256,10
23802154960,mqll_4_1024_2,40414207,256,10
22836009300,mqll_4_1024_2,36586725,256,10
15186309180,mqll_4_1024_2,39157990,256,10
8398679580,mqll_4_1024_4,35500228,256,10
14804185940,mqll_4_1024_4,34690151,256,10
15080365460,mqll_4_1024_4,44600625,256,10
15546276200,mqll_4_1024_4,39314271,256,10
12899914580,mqll_4_1024_4,40069378,256,10
8959377280,mqll_4_1024_8,42211125,256,10
9362070940,mqll_4_1024_8,38765419,256,10
8928324680,mqll_4_1024_8,35944545,256,10
9494235380,mqll_4_1024_8,39947413,256,10
10027813220,mqll_4_1024_8,35621295,256,10
5044859460,mqll_4_1024_16,30742101,256,10
5094907240,mqll_4_1024_16,35816025,256,10
5457183420,mqll_4_1024_16,35915774,256,10
5930874480,mqll_4_1024_16,35050573,256,10
5017223100,mqll_4_1024_16,30603228,256,10
3476253920,mqll_4_1024_32,28280907,256,10
3457146860,mqll_4_1024_32,25779452,256,10
3363193980,mqll_4_1024_32,31270516,256,10
3465432480,mqll_4_1024_32,29626773,256,10
3634178640,mqll_4_1024_32,25533995,256,10
2414360100,mqll_4_1024_64,25367006,256,10
2415101840,mqll_4_1024_64,26759511,256,10
2266940380,mqll_4_1024_64,23058167,256,10
2275437680,mqll_4_1024_64,24308948,256,10
2573716260,mqll_4_1024_64,25215616,256,10
2283944540,mqll_4_1024_128,22147892,256,10
2284700000,mqll_4_1024_128,27737312,256,10
2110378960,mqll_4_1024_128,22773914,256,10
2260469680,mqll_4_1024_128,23449705,256,10
2509316240,mqll_4_1024_128,23678033,256,10
2459719880,mqll_4_1024_256,46153989,256,10
2464429560,mqll_4_1024_256,44157073,256,10
2391717700,mqll_4_1024_256,38731956,256,10
2367493560,mqll_4_1024_256,38572732,256,10
2429613540,mqll_4_1024_256,42023117,256,10
1703901460,mqll_4_1024_512,335837821,256,10
1818523580,mqll_4_1024_512,323186371,256,10
1977730840,mqll_4_1024_512,315345179,256,10
2206125420,mqll_4_1024_512,340664323,256,10
1862004240,mqll_4_1024_512,346627211,256,10
3299625160,mqll_4_1024_1024,688142240,256,10
2972936160,mqll_4_1024_1024,649427746,256,10
3528270600,mqll_4_1024_1024,726014995,256,10
3431096040,mqll_4_1024_1024,714729839,256,10
3641778860,mqll_4_1024_1024,746502232,256,10
