591374600,mqll_4_1_1,33648221,256,10
645053640,mqll_4_1_1,33569578,256,10
581299600,mqll_4_1_1,33772513,256,10
627502060,mqll_4_1_1,33539070,256,10
578184860,mqll_4_1_1,33594872,256,10
596422000,mqll_4_1_2,41606984,256,10
596478080,mqll_4_1_2,41368150,256,10
641644360,mqll_4_1_2,41508005,256,10
583464820,mqll_4_1_2,41605500,256,10
613173720,mqll_4_1_2,41596275,256,10
734463860,mqll_4_1_4,58131009,256,10
743292880,mqll_4_1_4,58035265,256,10
729681880,mqll_4_1_4,58275770,256,10
726745480,mqll_4_1_4,58289274,256,10
725571940,mqll_4_1_4,58051141,256,10
1073152060,mqll_4_1_8,89432701,256,10
1095827880,mqll_4_1_8,89837493,256,10
1067802040,mqll_4_1_8,89576440,256,10
1068351920,mqll_4_1_8,89468088,256,10
1064536040,mqll_4_1_8,89833179,256,10
1717552640,mqll_4_1_16,146085681,256,10
1698852840,mqll_4_1_16,146752718,256,10
1768505500,mqll_4_1_16,146483762,256,10
1692055440,mqll_4_1_16,146093616,256,10
1710167180,mqll_4_1_16,145923323,256,10
2873152540,mqll_4_1_32,246209437,256,10
2928215840,mqll_4_1_32,246911775,256,10
2916851620,mqll_4_1_32,246861249,256,10
2847833880,mqll_4_1_32,247032976,256,10
2847838980,mqll_4_1_32,245813322,256,10
4888964920,mqll_4_1_64,424165039,256,10
4763511240,mqll_4_1_64,426487403,256,10
4888374640,mqll_4_1_64,425004203,256,10
5062231680,mqll_4_1_64,424734953,256,10
4964989600,mqll_4_1_64,425113876,256,10
8062930300,mqll_4_1_128,717674649,256,10
8237411460,mqll_4_1_128,714391021,256,10
8561847020,mqll_4_1_128,717629565,256,10
8145265500,mqll_4_1_128,716699742,256,10
8055781620,mqll_4_1_128,720996853,256,10
13033825900,mqll_4_1_256,1162023943,256,10
13260904680,mqll_4_1_256,1163640521,256,10
13497681460,mqll_4_1_256,1164122961,256,10
13351868940,mqll_4_1_256,1162735992,256,10
13166675080,mqll_4_1_256,1161172264,256,10
20353959820,mqll_4_1_512,1801663378,256,10
21179525340,mqll_4_1_512,1819068380,256,10
20539634420,mqll_4_1_512,1816044264,256,10
20561395400,mqll_4_1_512,1811959300,256,10
20692194700,mqll_4_1_512,1809258332,256,10
29534295440,mqll_4_1_1024,2555003603,256,10
29482686080,mqll_4_1_1024,2568632826,256,10
29937367100,mqll_4_1_1024,2575323515,256,10
29267450860,mqll_4_1_1024,2556134909,256,10
29738360340,mqll_4_1_1024,2574715542,256,10
599419860,mqll_4_2_1,36220461,256,10
631257240,mqll_4_2_1,36174315,256,10
638900260,mqll_4_2_1,36118845,256,10
627277260,mqll_4_2_1,36203401,256,10
601617040,mqll_4_2_1,36239070,256,10
578165100,mqll_4_2_2,44588602,256,10
591194740,mqll_4_2_2,44824103,256,10
583161580,mqll_4_2_2,44628955,256,10
601747600,mqll_4_2_2,44759963,256,10
570021240,mqll_4_2_2,44787248,256,10
692678280,mqll_4_2_4,60377109,256,10
684218360,mqll_4_2_4,60252118,256,10
694953060,mqll_4_2_4,59964575,256,10
702576840,mqll_4_2_4,60175283,256,10
717822160,mqll_4_2_4,60564720,256,10
993007060,mqll_4_2_8,89640673,256,10
977506700,mqll_4_2_8,90012717,256,10
988247720,mqll_4_2_8,89724419,256,10
986130920,mqll_4_2_8,89628008,256,10
976899320,mqll_4_2_8,89530047,256,10
1481162420,mqll_4_2_16,142887874,256,10
1504033380,mqll_4_2_16,143343183,256,10
1501311360,mqll_4_2_16,142581343,256,10
1492797760,mqll_4_2_16,142015942,256,10
1501108660,mqll_4_2_16,142875540,256,10
2436505120,mqll_4_2_32,239212531,256,10
2479601620,mqll_4_2_32,239274706,256,10
2508796980,mqll_4_2_32,237665900,256,10
2470916920,mqll_4_2_32,237932489,256,10
2457669780,mqll_4_2_32,238901836,256,10
4199408020,mqll_4_2_64,409459857,256,10
4176524380,mqll_4_2_64,409517762,256,10
4138838180,mqll_4_2_64,411242142,256,10
4147927680,mqll_4_2_64,404706693,256,10
4159838700,mqll_4_2_64,406354029,256,10
6784978660,mqll_4_2_128,693810997,256,10
7031088740,mqll_4_2_128,691488926,256,10
7081665760,mqll_4_2_128,696237463,256,10
6973866080,mqll_4_2_128,693023511,256,10
6865102600,mqll_4_2_128,691201160,256,10
11048239520,mqll_4_2_256,1119650198,256,10
11509497460,mqll_4_2_256,1123496788,256,10
11284315980,mqll_4_2_256,1137553845,256,10
11413101960,mqll_4_2_256,1123539045,256,10
11110017720,mqll_4_2_256,1123976532,256,10
17914815880,mqll_4_2_512,1737960397,256,10
17743943600,mqll_4_2_512,1737454607,256,10
18035106640,mqll_4_2_512,1736189588,256,10
17308553360,mqll_4_2_512,1737687687,256,10
18226475360,mqll_4_2_512,1762726880,256,10
25797479520,mqll_4_2_1024,2459434555,256,10
26113169320,mqll_4_2_1024,2494276538,256,10
26028586880,mqll_4_2_1024,2476084015,256,10
26143364320,mqll_4_2_1024,2495226189,256,10
25552575040,mqll_4_2_1024,2438468145,256,10
679599660,mqll_4_4_1,41297874,256,10
692599020,mqll_4_4_1,41310066,256,10
659706600,mqll_4_4_1,41347506,256,10
643483820,mqll_4_4_1,41314477,256,10
669064740,mqll_4_4_1,41368081,256,10
595844960,mqll_4_4_2,50034513,256,10
625366720,mqll_4_4_2,50038588,256,10
596486300,mqll_4_4_2,49962550,256,10
604340300,mqll_4_4_2,50123425,256,10
602795260,mqll_4_4_2,49954611,256,10
637221820,mqll_4_4_4,66437135,256,10
663625560,mqll_4_4_4,66646948,256,10
689714980,mqll_4_4_4,66737546,256,10
647147500,mqll_4_4_4,66653423,256,10
638830580,mqll_4_4_4,66370484,256,10
840164360,mqll_4_4_8,93894333,256,10
822206760,mqll_4_4_8,93437314,256,10
820781180,mqll_4_4_8,93372256,256,10
827039620,mqll_4_4_8,93717117,256,10
832008540,mqll_4_4_8,93814200,256,10
1209563660,mqll_4_4_16,142978628,256,10
1207665380,mqll_4_4_16,143218576,256,10
1210935900,mqll_4_4_16,142619634,256,10
1219908020,mqll_4_4_16,143462564,256,10
1221445520,mqll_4_4_16,144334821,256,10
1950136980,mqll_4_4_32,232893458,256,10
1952055140,mqll_4_4_32,233250094,256,10
1948901420,mqll_4_4_32,233195054,256,10
1950899400,mqll_4_4_32,234101667,256,10
1940543320,mqll_4_4_32,232471051,256,10
3237089160,mqll_4_4_64,393832051,256,10
3264828720,mqll_4_4_64,397484244,256,10
3282196360,mqll_4_4_64,397517610,256,10
3209885300,mqll_4_4_64,392217940,256,10
3249910240,mqll_4_4_64,393595303,256,10
5363509600,mqll_4_4_128,661740188,256,10
5398346040,mqll_4_4_128,666943950,256,10
5384518760,mqll_4_4_128,667609745,256,10
5374716180,mqll_4_4_128,663065611,256,10
5376046040,mqll_4_4_128,666223084,256,10
8827775840,mqll_4_4_256,1087887650,256,10
8830927780,mqll_4_4_256,1085685489,256,10
8845587140,mqll_4_4_256,1086585761,256,10
8985962420,mqll_4_4_256,1100384461,256,10
8803183800,mqll_4_4_256,1082493222,256,10
13808963480,mqll_4_4_512,1675643750,256,10
13981769720,mqll_4_4_512,1696416449,256,10
13795546400,mqll_4_4_512,1672383949,256,10
13787740080,mqll_4_4_512,1675493184,256,10
13976272780,mqll_4_4_512,1695715835,256,10
20167700100,mqll_4_4_1024,2385283444,256,10
20028454080,mqll_4_4_1024,2367899642,256,10
20075891580,mqll_4_4_1024,2372805137,256,10
19954652840,mqll_4_4_1024,2361987950,256,10
19764593620,mqll_4_4_1024,2338013520,256,10
913649160,mqll_4_8_1,50810634,256,10
881766420,mqll_4_8_1,50796336,256,10
898569940,mqll_4_8_1,50887366,256,10
931587040,mqll_4_8_1,50869331,256,10
900596000,mqll_4_8_1,50757481,256,10
737669060,mqll_4_8_2,59885043,256,10
716004440,mqll_4_8_2,59928314,256,10
733257220,mqll_4_8_2,59770277,256,10
721555980,mqll_4_8_2,59740183,256,10
721547740,mqll_4_8_2,59776405,256,10
697903040,mqll_4_8_4,75768914,256,10
698363760,mqll_4_8_4,75572114,256,10
721739660,mqll_4_8_4,75369371,256,10
726451040,mqll_4_8_4,75645779,256,10
705150020,mqll_4_8_4,75786109,256,10
849347680,mqll_4_8_8,103782998,256,10
855621760,mqll_4_8_8,104207176,256,10
842694820,mqll_4_8_8,104022779,256,10
850574760,mqll_4_8_8,104176903,256,10
856465380,mqll_4_8_8,104035785,256,10
1160972700,mqll_4_8_16,148858115,256,10
1169113120,mqll_4_8_16,149774986,256,10
1161348860,mqll_4_8_16,148852402,256,10
1186482640,mqll_4_8_16,149893214,256,10
1166673100,mqll_4_8_16,149807436,256,10
1770611960,mqll_4_8_32,232324911,256,10
1768128900,mqll_4_8_32,232256111,256,10
1778186540,mqll_4_8_32,232521820,256,10
1762846820,mqll_4_8_32,232286354,256,10
1753265260,mqll_4_8_32,231663979,256,10
2816879840,mqll_4_8_64,379389568,256,10
2823229160,mqll_4_8_64,380675142,256,10
2840604580,mqll_4_8_64,383027534,256,10
2848246020,mqll_4_8_64,383686980,256,10
2806564600,mqll_4_8_64,380747101,256,10
4654214740,mqll_4_8_128,634812260,256,10
4634078980,mqll_4_8_128,635815702,256,10
4639595140,mqll_4_8_128,635723463,256,10
4666962620,mqll_4_8_128,637171376,256,10
4733845980,mqll_4_8_128,647163461,256,10
7559759120,mqll_4_8_256,1029984417,256,10
7668311820,mqll_4_8_256,1043248422,256,10
7567682080,mqll_4_8_256,1029704400,256,10
7636582720,mqll_4_8_256,1036710939,256,10
7617849020,mqll_4_8_256,1036512820,256,10
12144601920,mqll_4_8_512,1615827147,256,10
12224138800,mqll_4_8_512,1625711586,256,10
11909065400,mqll_4_8_512,1586596193,256,10
12019796360,mqll_4_8_512,1598298826,256,10
12100886980,mqll_4_8_512,1612332157,256,10
16912612580,mqll_4_8_1024,2207559709,256,10
17524588320,mqll_4_8_1024,2283733766,256,10
17122145300,mqll_4_8_1024,2230598868,256,10
16976884980,mqll_4_8_1024,2214333237,256,10
16966765080,mqll_4_8_1024,2217826671,256,10
1296377500,mqll_4_16_1,60250272,256,10
1123026400,mqll_4_16_1,59386786,256,10
1141336700,mqll_4_16_1,59547120,256,10
1292439000,mqll_4_16_1,60127180,256,10
1151420800,mqll_4_16_1,59285973,256,10
940590360,mqll_4_16_2,74656287,256,10
1045001040,mqll_4_16_2,74012358,256,10
970484460,mqll_4_16_2,74021267,256,10
944066920,mqll_4_16_2,73213299,256,10
927104840,mqll_4_16_2,73429219,256,10
851135200,mqll_4_16_4,91334000,256,10
854836080,mqll_4_16_4,91210506,256,10
849593740,mqll_4_16_4,91267544,256,10
873569780,mqll_4_16_4,91692318,256,10
860114860,mqll_4_16_4,91610396,256,10
957959580,mqll_4_16_8,118530326,256,10
951441980,mqll_4_16_8,118286924,256,10
954400040,mqll_4_16_8,118417748,256,10
956465780,mqll_4_16_8,118335850,256,10
972095120,mqll_4_16_8,118552390,256,10
1248106280,mqll_4_16_16,168236219,256,10
1234259180,mqll_4_16_16,167426855,256,10
1237261980,mqll_4_16_16,167469090,256,10
1236618620,mqll_4_16_16,168144147,256,10
1235688340,mqll_4_16_16,167561185,256,10
1755234820,mqll_4_16_32,246241265,256,10
1737730180,mqll_4_16_32,244179780,256,10
1747721480,mqll_4_16_32,244523195,256,10
1745859120,mqll_4_16_32,244209376,256,10
1729570200,mqll_4_16_32,243478941,256,10
2653219400,mqll_4_16_64,382108901,256,10
2646451080,mqll_4_16_64,382750579,256,10
2634530580,mqll_4_16_64,380218214,256,10
2646318460,mqll_4_16_64,381589692,256,10
2639843580,mqll_4_16_64,380172858,256,10
4195434500,mqll_4_16_128,614542511,256,10
4237357780,mqll_4_16_128,620377392,256,10
4228502040,mqll_4_16_128,619574931,256,10
4273131260,mqll_4_16_128,623863577,256,10
4232506820,mqll_4_16_128,618110330,256,10
6817545060,mqll_4_16_256,989906754,256,10
6814910540,mqll_4_16_256,989663703,256,10
6780840860,mqll_4_16_256,985105363,256,10
6857965620,mqll_4_16_256,995557092,256,10
6811655820,mqll_4_16_256,989079317,256,10
10641665660,mqll_4_16_512,1522432068,256,10
10750489800,mqll_4_16_512,1536583985,256,10
10670308760,mqll_4_16_512,1524908936,256,10
10650709960,mqll_4_16_512,1522724018,256,10
10699075180,mqll_4_16_512,1529055191,256,10
14904544520,mqll_4_16_1024,2070299571,256,10
15286140100,mqll_4_16_1024,2118471597,256,10
15386601660,mqll_4_16_1024,2129421337,256,10
15301117040,mqll_4_16_1024,2116142521,256,10
15037655040,mqll_4_16_1024,2086270641,256,10
1473876920,mqll_4_32_1,69099859,256,10
1268652840,mqll_4_32_1,66797910,256,10
1294840800,mqll_4_32_1,67026766,256,10
1399778000,mqll_4_32_1,68043827,256,10
1279684380,mqll_4_32_1,66498055,256,10
1022958540,mqll_4_32_2,77327426,256,10
989000020,mqll_4_32_2,76151130,256,10
986760480,mqll_4_32_2,75884421,256,10
1020877680,mqll_4_32_2,77529214,256,10
1075717820,mqll_4_32_2,76741898,256,10
976916980,mqll_4_32_4,98276997,256,10
934536040,mqll_4_32_4,98105999,256,10
954937400,mqll_4_32_4,98430923,256,10
934415680,mqll_4_32_4,98649063,256,10
929425900,mqll_4_32_4,97444619,256,10
1162693100,mqll_4_32_8,142211159,256,10
1160587420,mqll_4_32_8,141493421,256,10
1185241040,mqll_4_32_8,141501502,256,10
1152394440,mqll_4_32_8,141296257,256,10
1159039400,mqll_4_32_8,141839394,256,10
1424687560,mqll_4_32_16,191587039,256,10
1431512280,mqll_4_32_16,192202409,256,10
1417315260,mqll_4_32_16,191416313,256,10
1427033020,mqll_4_32_16,192014269,256,10
1416443380,mqll_4_32_16,191241757,256,10
1943225280,mqll_4_32_32,276636088,256,10
1924929400,mqll_4_32_32,275401579,256,10
1920951920,mqll_4_32_32,276126942,256,10
1928596840,mqll_4_32_32,277253262,256,10
1930929200,mqll_4_32_32,277589886,256,10
2730770040,mqll_4_32_64,401907777,256,10
2752410100,mqll_4_32_64,405561296,256,10
2789065100,mqll_4_32_64,406351868,256,10
2773491180,mqll_4_32_64,404426662,256,10
2765917840,mqll_4_32_64,404169276,256,10
4207240860,mqll_4_32_128,621252426,256,10
4231485400,mqll_4_32_128,626350543,256,10
4248816980,mqll_4_32_128,627412381,256,10
4217380920,mqll_4_32_128,622572531,256,10
4187487440,mqll_4_32_128,620847872,256,10
6619287000,mqll_4_32_256,963057270,256,10
6629606640,mqll_4_32_256,964402736,256,10
6648042120,mqll_4_32_256,969484169,256,10
6702608680,mqll_4_32_256,975918132,256,10
6658764280,mqll_4_32_256,969263803,256,10
10332729100,mqll_4_32_512,1454041839,256,10
10521000580,mqll_4_32_512,1476201050,256,10
10416673340,mqll_4_32_512,1464639554,256,10
10434455060,mqll_4_32_512,1466788903,256,10
10351267100,mqll_4_32_512,1453589801,256,10
14352334800,mqll_4_32_1024,1978540937,256,10
14673666960,mqll_4_32_1024,2025504295,256,10
14126022500,mqll_4_32_1024,1953041201,256,10
14348199820,mqll_4_32_1024,1987804831,256,10
14345324180,mqll_4_32_1024,1981741547,256,10
1106268620,mqll_4_64_1,75664689,256,10
1084891120,mqll_4_64_1,75173112,256,10
1264819260,mqll_4_64_1,76328102,256,10
1109378380,mqll_4_64_1,75512824,256,10
1188300980,mqll_4_64_1,76052144,256,10
855387840,mqll_4_64_2,75681581,256,10
887297680,mqll_4_64_2,75550593,256,10
957712340,mqll_4_64_2,75730396,256,10
801114000,mqll_4_64_2,75622294,256,10
818735880,mqll_4_64_2,75676152,256,10
645070720,mqll_4_64_4,77383392,256,10
628111860,mqll_4_64_4,80116152,256,10
595342380,mqll_4_64_4,77375026,256,10
604251660,mqll_4_64_4,77214610,256,10
638171060,mqll_4_64_4,78957882,256,10
1027116120,mqll_4_64_8,134170132,256,10
1137982000,mqll_4_64_8,135036589,256,10
1042376360,mqll_4_64_8,136945284,256,10
1045711740,mqll_4_64_8,136720808,256,10
928996740,mqll_4_64_8,125840424,256,10
1421291460,mqll_4_64_16,195641551,256,10
1613208980,mqll_4_64_16,216605616,256,10
1543117300,mqll_4_64_16,210301240,256,10
1580735640,mqll_4_64_16,213929100,256,10
1457062640,mqll_4_64_16,200246787,256,10
2169932560,mqll_4_64_32,310524018,256,10
2189202440,mqll_4_64_32,311723827,256,10
2177116440,mqll_4_64_32,310634096,256,10
2175925300,mqll_4_64_32,311497770,256,10
2231333440,mqll_4_64_32,313492287,256,10
3003546960,mqll_4_64_64,457899122,256,10
3019732140,mqll_4_64_64,460931542,256,10
3028075480,mqll_4_64_64,458313516,256,10
3063166680,mqll_4_64_64,462528651,256,10
3022352060,mqll_4_64_64,460476538,256,10
4328364660,mqll_4_64_128,664101427,256,10
4262103120,mqll_4_64_128,655314451,256,10
4342578600,mqll_4_64_128,664978246,256,10
4384733880,mqll_4_64_128,670738452,256,10
4306504780,mqll_4_64_128,660473994,256,10
6488207960,mqll_4_64_256,977908393,256,10
6523588280,mqll_4_64_256,984381281,256,10
6451331240,mqll_4_64_256,972521056,256,10
6506163200,mqll_4_64_256,980968048,256,10
6522646420,mqll_4_64_256,984422264,256,10
10276345380,mqll_4_64_512,1478285207,256,10
9997768500,mqll_4_64_512,1441540936,256,10
9986263820,mqll_4_64_512,1439451043,256,10
10085838300,mqll_4_64_512,1453926205,256,10
10007010340,mqll_4_64_512,1443259146,256,10
13343691280,mqll_4_64_1024,1908129615,256,10
13290181220,mqll_4_64_1024,1899468777,256,10
13358505120,mqll_4_64_1024,1912666226,256,10
12983823800,mqll_4_64_1024,1860707575,256,10
13341308760,mqll_4_64_1024,1909101956,256,10
2365487800,mqll_4_128_1,121996448,256,10
2093240460,mqll_4_128_1,119645052,256,10
1974192460,mqll_4_128_1,122461588,256,10
1844980080,mqll_4_128_1,119799582,256,10
2006048360,mqll_4_128_1,121547478,256,10
1701962800,mqll_4_128_2,121575623,256,10
1466747740,mqll_4_128_2,122794179,256,10
2017965340,mqll_4_128_2,121877573,256,10
1595666820,mqll_4_128_2,127136683,256,10
1656510780,mqll_4_128_2,121350117,256,10
1306084960,mqll_4_128_4,137928064,256,10
1178633100,mqll_4_128_4,128773731,256,10
1338966900,mqll_4_128_4,132458343,256,10
1346929780,mqll_4_128_4,140322192,256,10
1385284480,mqll_4_128_4,136946897,256,10
1144948040,mqll_4_128_8,155876764,256,10
1388373060,mqll_4_128_8,176831371,256,10
1409186800,mqll_4_128_8,178999918,256,10
1330309040,mqll_4_128_8,174371447,256,10
1253273600,mqll_4_128_8,162912979,256,10
1486829800,mqll_4_128_16,213300217,256,10
1750126100,mqll_4_128_16,239435671,256,10
1549581520,mqll_4_128_16,220478374,256,10
1520896520,mqll_4_128_16,209719114,256,10
1558258340,mqll_4_128_16,216759846,256,10
2477647300,mqll_4_128_32,348875103,256,10
2316627960,mqll_4_128_32,335843483,256,10
2343051120,mqll_4_128_32,336484039,256,10
2274026640,mqll_4_128_32,329616087,256,10
2429289440,mqll_4_128_32,347767033,256,10
3355022980,mqll_4_128_64,509862156,256,10
3377324780,mqll_4_128_64,511431715,256,10
3315719000,mqll_4_128_64,506632005,256,10
3338881040,mqll_4_128_64,504586886,256,10
3322080440,mqll_4_128_64,503710254,256,10
4874144900,mqll_4_128_128,762446980,256,10
4893878520,mqll_4_128_128,764416752,256,10
4903311240,mqll_4_128_128,769467827,256,10
4934934420,mqll_4_128_128,770024772,256,10
4875448420,mqll_4_128_128,764976262,256,10
7041721720,mqll_4_128_256,1077081906,256,10
6908344140,mqll_4_128_256,1059542309,256,10
6944274720,mqll_4_128_256,1062233128,256,10
6978465300,mqll_4_128_256,1067981647,256,10
6979415160,mqll_4_128_256,1068056749,256,10
10029346880,mqll_4_128_512,1497078717,256,10
9982180120,mqll_4_128_512,1490599365,256,10
10215343580,mqll_4_128_512,1523172779,256,10
10103338980,mqll_4_128_512,1509150176,256,10
10070400360,mqll_4_128_512,1501647180,256,10
13259353500,mqll_4_128_1024,1950218837,256,10
13285219380,mqll_4_128_1024,1955466234,256,10
12772297420,mqll_4_128_1024,1881061817,256,10
13206895420,mqll_4_128_1024,1942256149,256,10
13267317300,mqll_4_128_1024,1952178040,256,10
4159626100,mqll_4_256_1,216346450,256,10
3869900220,mqll_4_256_1,198201454,256,10
4786622880,mqll_4_256_1,197449467,256,10
4441941360,mqll_4_256_1,194836014,256,10
4731330040,mqll_4_256_1,196818555,256,10
3510459100,mqll_4_256_2,210216569,256,10
4786109420,mqll_4_256_2,269348578,256,10
2907990040,mqll_4_256_2,191982607,256,10
4439448300,mqll_4_256_2,284252616,256,10
3348715940,mqll_4_256_2,217825745,256,10
2491242160,mqll_4_256_4,233409817,256,10
2984471060,mqll_4_256_4,262344131,256,10
2786882980,mqll_4_256_4,250650950,256,10
2569422620,mqll_4_256_4,226575455,256,10
2118764320,mqll_4_256_4,200787728,256,10
2726622740,mqll_4_256_8,291347705,256,10
1957025200,mqll_4_256_8,247345573,256,10
2486699920,mqll_4_256_8,279161623,256,10
1790374540,mqll_4_256_8,206829295,256,10
2024513240,mqll_4_256_8,222768969,256,10
1587430560,mqll_4_256_16,240806345,256,10
2205473960,mqll_4_256_16,317303143,256,10
1731304440,mqll_4_256_16,227178055,256,10
1926555400,mqll_4_256_16,283371547,256,10
2090617060,mqll_4_256_16,298988509,256,10
1810520400,mqll_4_256_32,285129107,256,10
1962660320,mqll_4_256_32,306269652,256,10
2592630580,mqll_4_256_32,366416602,256,10
2045085260,mqll_4_256_32,306615400,256,10
2560280700,mqll_4_256_32,382174264,256,10
3532384360,mqll_4_256_64,534938376,256,10
3585422800,mqll_4_256_64,542160294,256,10
3659748260,mqll_4_256_64,541340378,256,10
3502156700,mqll_4_256_64,528403114,256,10
3729161240,mqll_4_256_64,561797955,256,10
4663426340,mqll_4_256_128,761152834,256,10
4768232500,mqll_4_256_128,773383922,256,10
4761414080,mqll_4_256_128,775516366,256,10
4986805700,mqll_4_256_128,803202816,256,10
4834054520,mqll_4_256_128,785734293,256,10
8008480480,mqll_4_256_256,1268171631,256,10
7956213340,mqll_4_256_256,1261731883,256,10
7981561200,mqll_4_256_256,1263815655,256,10
7919008840,mqll_4_256_256,1256274531,256,10
7977597720,mqll_4_256_256,1260932871,256,10
10975467240,mqll_4_256_512,1690381457,256,10
10813713400,mqll_4_256_512,1667399684,256,10
10789113220,mqll_4_256_512,1663410261,256,10
10869047280,mqll_4_256_512,1677341562,256,10
10996601620,mqll_4_256_512,1696113734,256,10
14545243420,mqll_4_256_1024,2211925458,256,10
14355538520,mqll_4_256_1024,2187774687,256,10
14327665840,mqll_4_256_1024,2185652800,256,10
14561153800,mqll_4_256_1024,2211947425,256,10
14333672400,mqll_4_256_1024,2181422300,256,10
14986284460,mqll_4_512_1,302981335,256,10
13448661280,mqll_4_512_1,305353245,256,10
13742222740,mqll_4_512_1,302357908,256,10
14829855880,mqll_4_512_1,306072787,256,10
18203089780,mqll_4_512_1,296738575,256,10
9787955440,mqll_4_512_2,299207209,256,10
9892228980,mqll_4_512_2,295404945,256,10
10779804020,mqll_4_512_2,298028498,256,10
9845822780,mqll_4_512_2,309410219,256,10
10848482380,mqll_4_512_2,289726217,256,10
8585006500,mqll_4_512_4,319022309,256,10
7030925800,mqll_4_512_4,289209271,256,10
7281487080,mqll_4_512_4,281666696,256,10
6182022180,mqll_4_512_4,298886654,256,10
7100782760,mqll_4_512_4,311569414,256,10
4513678260,mqll_4_512_8,302510652,256,10
4930729100,mqll_4_512_8,274276466,256,10
4993098640,mqll_4_512_8,271405683,256,10
5079813440,mqll_4_512_8,269436517,256,10
4438374840,mqll_4_512_8,278036583,256,10
3045388800,mqll_4_512_16,272125903,256,10
3236216020,mqll_4_512_16,259509571,256,10
3517579480,mqll_4_512_16,247252413,256,10
3667176260,mqll_4_512_16,249873395,256,10
3661316900,mqll_4_512_16,255032521,256,10
2394839520,mqll_4_512_32,252952797,256,10
2282697940,mqll_4_512_32,249518105,256,10
2585575800,mqll_4_512_32,240683394,256,10
2230440900,mqll_4_512_32,269557475,256,10
2387483180,mqll_4_512_32,238917997,256,10
2094021040,mqll_4_512_64,241194214,256,10
2278961460,mqll_4_512_64,239785883,256,10
1863797940,mqll_4_512_64,189867656,256,10
2146765300,mqll_4_512_64,227678496,256,10
1963834380,mqll_4_512_64,261734944,256,10
2077328180,mqll_4_512_128,271326620,256,10
2160509720,mqll_4_512_128,297079354,256,10
2196508360,mqll_4_512_128,222640378,256,10
2165738140,mqll_4_512_128,243985944,256,10
2526572400,mqll_4_512_128,253055328,256,10
6427276540,mqll_4_512_256,1132965821,256,10
6580488900,mqll_4_512_256,1142603251,256,10
6749714220,mqll_4_512_256,1169204654,256,10
6847701040,mqll_4_512_256,1176557738,256,10
6605609800,mqll_4_512_256,1155456770,256,10
12944420740,mqll_4_512_512,2078842063,256,10
12959573140,mqll_4_512_512,2072648354,256,10
12982357560,mqll_4_512_512,2077914721,256,10
13167788220,mqll_4_512_512,2104668430,256,10
12951220120,mqll_4_512_512,2068413390,256,10
16712068360,mqll_4_512_1024,2629177738,256,10
16573492440,mqll_4_512_1024,2606892563,256,10
16916617060,mqll_4_512_1024,2658557230,256,10
16778157920,mqll_4_512_1024,2635562221,256,10
16992974280,mqll_4_512_1024,2664287085,256,10
75427934900,mqll_4_1024_1,239004415,256,10
68370788480,mqll_4_1024_1,258754930,256,10
86312292420,mqll_4_1024_1,272559841,256,10
68888651360,mqll_4_1024_1,248674233,256,10
67729129820,mqll_4_1024_1,261835659,256,10
51375794660,mqll_4_1024_2,273449361,256,10
52511396060,mqll_4_1024_2,253371350,256,10
51582751420,mqll_4_1024_2,256920400,256,10
51888318020,mqll_4_1024_2,261781451,256,10
51226990660,mqll_4_1024_2,263859768,256,10
31323356760,mqll_4_1024_4,248603483,256,10
31589111420,mqll_4_1024_4,251753373,256,10
34595596240,mqll_4_1024_4,242814297,256,10
32966120500,mqll_4_1024_4,235670755,256,10
33333518380,mqll_4_1024_4,264937084,256,10
18528007000,mqll_4_1024_8,225423697,256,10
19903556200,mqll_4_1024_8,218030030,256,10
19258193280,mqll_4_1024_8,244325197,256,10
19379014520,mqll_4_1024_8,218586277,256,10
18378311200,mqll_4_1024_8,213901644,256,10
10714966580,mqll_4_1024_16,202233267,256,10
10741158480,mqll_4_1024_16,198622253,256,10
11317533060,mqll_4_1024_16,202367596,256,10
10914277040,mqll_4_1024_16,193078179,256,10
10921103720,mqll_4_1024_16,193028869,256,10
7234352520,mqll_4_1024_32,167633132,256,10
7414525780,mqll_4_1024_32,170475405,256,10
7136785840,mqll_4_1024_32,153012579,256,10
7566080880,mqll_4_1024_32,181861358,256,10
6769600380,mqll_4_1024_32,166911718,256,10
4747779160,mqll_4_1024_64,135778996,256,10
7178454900,mqll_4_1024_64,109711307,256,10
4852842740,mqll_4_1024_64,131467699,256,10
4822588380,mqll_4_1024_64,106511466,256,10
4935519000,mqll_4_1024_64,127563013,256,10
3876899880,mqll_4_1024_128,141792009,256,10
4117505900,mqll_4_1024_128,142283420,256,10
4309915440,mqll_4_1024_128,140452182,256,10
4162361480,mqll_4_1024_128,126098418,256,10
4315441240,mqll_4_1024_128,138734867,256,10
4429888700,mqll_4_1024_256,163911845,256,10
4053848220,mqll_4_1024_256,175103478,256,10
4282108000,mqll_4_1024_256,185655724,256,10
4134718260,mqll_4_1024_256,172766359,256,10
4335504040,mqll_4_1024_256,163472451,256,10
9770125860,mqll_4_1024_512,1711833384,256,10
10113388560,mqll_4_1024_512,1783767055,256,10
9800461680,mqll_4_1024_512,1757483408,256,10
9841049440,mqll_4_1024_512,1747192517,256,10
9720722840,mqll_4_1024_512,1765315204,256,10
20884252420,mqll_4_1024_1024,3439893882,256,10
21287434700,mqll_4_1024_1024,3489685117,256,10
20886374420,mqll_4_1024_1024,3445458663,256,10
21038160160,mqll_4_1024_1024,3461262785,256,10
20558905580,mqll_4_1024_1024,3409140852,256,10
