6457661804,pmod_32_18_fifo,11288241,1,14
6506497460,pmod_32_18_fifo,11288241,1,14
6508315040,pmod_32_18_fifo,11288241,1,14
6479688606,pmod_32_18_fifo,11288241,1,14
6479839586,pmod_32_18_fifo,11288241,1,14
6458277968,pmod_32_18_fifo,11288241,1,14
6464329818,pmod_32_18_fifo,11288241,1,14
6499931290,pmod_32_18_fifo,11288241,1,14
6476448136,pmod_32_18_fifo,11288241,1,14
6479315608,pmod_32_18_fifo,11288241,1,14
12870586070,pmod_32_18_fifo,39985140,2,14
4142658720,pmod_32_18_fifo,11036680,2,14
4128328836,pmod_32_18_fifo,11046121,2,14
4136491526,pmod_32_18_fifo,11054657,2,14
4117902690,pmod_32_18_fifo,11052682,2,14
4118065522,pmod_32_18_fifo,11037204,2,14
4124492504,pmod_32_18_fifo,11060121,2,14
4124673344,pmod_32_18_fifo,11039331,2,14
4128199686,pmod_32_18_fifo,11033016,2,14
12887674536,pmod_32_18_fifo,40034474,2,14
4327156368,pmod_32_18_fifo,22397243,4,14
4323180060,pmod_32_18_fifo,22364834,4,14
7287440250,pmod_32_18_fifo,38965488,4,14
2293104780,pmod_32_18_fifo,10925667,4,14
2296865632,pmod_32_18_fifo,10930240,4,14
4341664918,pmod_32_18_fifo,22439572,4,14
4324581296,pmod_32_18_fifo,22404009,4,14
4335425356,pmod_32_18_fifo,22428574,4,14
2988409420,pmod_32_18_fifo,14838780,4,14
2982791344,pmod_32_18_fifo,14813678,4,14
1621822092,pmod_32_18_fifo,14703046,8,14
2359555370,pmod_32_18_fifo,22282551,8,14
2350434328,pmod_32_18_fifo,22201326,8,14
1623960542,pmod_32_18_fifo,14732298,8,14
1620607284,pmod_32_18_fifo,14726844,8,14
1619372722,pmod_32_18_fifo,14704722,8,14
1634832882,pmod_32_18_fifo,14724252,8,14
1618319360,pmod_32_18_fifo,14702487,8,14
2361865044,pmod_32_18_fifo,22292282,8,14
1620393892,pmod_32_18_fifo,14740093,8,14
952217874,pmod_32_18_fifo,14727732,16,14
949909806,pmod_32_18_fifo,14737233,16,14
947595916,pmod_32_18_fifo,14741579,16,14
951205862,pmod_32_18_fifo,14738767,16,14
949468316,pmod_32_18_fifo,14725044,16,14
946139042,pmod_32_18_fifo,14738844,16,14
945834458,pmod_32_18_fifo,14725118,16,14
723804314,pmod_32_18_fifo,10978836,16,14
950990966,pmod_32_18_fifo,14755667,16,14
947066580,pmod_32_18_fifo,14766073,16,14
534308278,pmod_32_18_fifo,11593030,32,14
536170222,pmod_32_18_fifo,11613237,32,14
476602906,pmod_32_18_fifo,10109084,32,14
533383752,pmod_32_18_fifo,11624178,32,14
539149572,pmod_32_18_fifo,11682151,32,14
539003198,pmod_32_18_fifo,11642736,32,14
484714738,pmod_32_18_fifo,10208855,32,14
537388896,pmod_32_18_fifo,11612524,32,14
533107386,pmod_32_18_fifo,11573322,32,14
532196800,pmod_32_18_fifo,11508676,32,14
445579852,pmod_32_18_fifo,13482786,64,14
447995908,pmod_32_18_fifo,13548340,64,14
450676142,pmod_32_18_fifo,13296852,64,14
444096744,pmod_32_18_fifo,13597812,64,14
452913612,pmod_32_18_fifo,13811977,64,14
436394962,pmod_32_18_fifo,13438856,64,14
443664058,pmod_32_18_fifo,13493646,64,14
447863312,pmod_32_18_fifo,13237267,64,14
451084290,pmod_32_18_fifo,13384989,64,14
438245590,pmod_32_18_fifo,13601984,64,14
509628020,pmod_32_18_fifo,21778931,128,14
477107710,pmod_32_18_fifo,21395908,128,14
485626138,pmod_32_18_fifo,21379488,128,14
490273672,pmod_32_18_fifo,21725436,128,14
521226504,pmod_32_18_fifo,22222931,128,14
498656880,pmod_32_18_fifo,22206119,128,14
513501142,pmod_32_18_fifo,21626758,128,14
502524682,pmod_32_18_fifo,21849053,128,14
496159948,pmod_32_18_fifo,21766495,128,14
587580638,pmod_32_18_fifo,21399077,128,14
