1958709480764,pmod_128_14_fifo,2620543294,1,14
1952750114802,pmod_128_14_fifo,2620543294,1,14
1951030949368,pmod_128_14_fifo,2620543294,1,14
1963753115344,pmod_128_14_fifo,2620543294,1,14
1950483627424,pmod_128_14_fifo,2620543294,1,14
1953487309760,pmod_128_14_fifo,2620543294,1,14
1954618434210,pmod_128_14_fifo,2620543294,1,14
1954220793182,pmod_128_14_fifo,2620543294,1,14
1949114083038,pmod_128_14_fifo,2620543294,1,14
1942381755384,pmod_128_14_fifo,2620543294,1,14
350756352540,pmod_128_14_fifo,951923228,2,14
350744015452,pmod_128_14_fifo,950243381,2,14
349336682650,pmod_128_14_fifo,948586573,2,14
350146455368,pmod_128_14_fifo,947608330,2,14
350487153520,pmod_128_14_fifo,949164490,2,14
351543263354,pmod_128_14_fifo,950924567,2,14
351798234742,pmod_128_14_fifo,950433207,2,14
350531014638,pmod_128_14_fifo,950002602,2,14
351357211962,pmod_128_14_fifo,951623239,2,14
351871815062,pmod_128_14_fifo,951661889,2,14
187442198386,pmod_128_14_fifo,927004481,4,14
187509049658,pmod_128_14_fifo,929036190,4,14
187062897526,pmod_128_14_fifo,927260063,4,14
187486870414,pmod_128_14_fifo,928162555,4,14
187964504612,pmod_128_14_fifo,928879093,4,14
187325126100,pmod_128_14_fifo,929475459,4,14
189022456998,pmod_128_14_fifo,929537157,4,14
187317842272,pmod_128_14_fifo,927995843,4,14
187702790472,pmod_128_14_fifo,927984589,4,14
187504290358,pmod_128_14_fifo,927219235,4,14
100277687420,pmod_128_14_fifo,922608860,8,14
99703578936,pmod_128_14_fifo,918782034,8,14
99872872874,pmod_128_14_fifo,920019587,8,14
99629186966,pmod_128_14_fifo,917461677,8,14
99828136798,pmod_128_14_fifo,920409947,8,14
99847541426,pmod_128_14_fifo,920253149,8,14
99664193774,pmod_128_14_fifo,917775892,8,14
100086418680,pmod_128_14_fifo,920166166,8,14
100015588946,pmod_128_14_fifo,922005870,8,14
100018257742,pmod_128_14_fifo,920260540,8,14
56605539268,pmod_128_14_fifo,918022746,16,14
56497815114,pmod_128_14_fifo,918834720,16,14
56552714078,pmod_128_14_fifo,919294964,16,14
56251108984,pmod_128_14_fifo,915892195,16,14
56252402094,pmod_128_14_fifo,915950699,16,14
56422955114,pmod_128_14_fifo,919314570,16,14
56284677140,pmod_128_14_fifo,917124405,16,14
56352292302,pmod_128_14_fifo,918762143,16,14
56609100424,pmod_128_14_fifo,921179721,16,14
56503694174,pmod_128_14_fifo,916433960,16,14
29885443984,pmod_128_14_fifo,879784169,32,14
30262816066,pmod_128_14_fifo,887663324,32,14
30169891522,pmod_128_14_fifo,889423605,32,14
29618357196,pmod_128_14_fifo,873220058,32,14
30388629864,pmod_128_14_fifo,887550441,32,14
12975691570,pmod_128_14_fifo,382834560,32,14
29888016880,pmod_128_14_fifo,881125750,32,14
29624652546,pmod_128_14_fifo,872994446,32,14
30358259720,pmod_128_14_fifo,889437859,32,14
30332710824,pmod_128_14_fifo,889678861,32,14
7898280590,pmod_128_14_fifo,382454872,64,14
7797027084,pmod_128_14_fifo,375636525,64,14
7853168404,pmod_128_14_fifo,381441056,64,14
7837660920,pmod_128_14_fifo,378915480,64,14
7840222384,pmod_128_14_fifo,378661488,64,14
17593838562,pmod_128_14_fifo,855769009,64,14
7833039410,pmod_128_14_fifo,380032787,64,14
7861103744,pmod_128_14_fifo,379527747,64,14
7805832278,pmod_128_14_fifo,378607723,64,14
7798720346,pmod_128_14_fifo,377407987,64,14
5487638370,pmod_128_14_fifo,407770793,128,14
5481884822,pmod_128_14_fifo,406163415,128,14
5435482186,pmod_128_14_fifo,402967313,128,14
5474311466,pmod_128_14_fifo,404424316,128,14
5511898602,pmod_128_14_fifo,409533506,128,14
5485496326,pmod_128_14_fifo,405656867,128,14
5496451008,pmod_128_14_fifo,406687830,128,14
5549871102,pmod_128_14_fifo,410574958,128,14
5479865352,pmod_128_14_fifo,406486484,128,14
5450141910,pmod_128_14_fifo,405665542,128,14
