149947084502,pmod_64_10_fifo,35016137,1,0
149774037656,pmod_64_10_fifo,35016137,1,0
150119247138,pmod_64_10_fifo,35016137,1,0
149911743184,pmod_64_10_fifo,35016137,1,0
149870352578,pmod_64_10_fifo,35016137,1,0
150086424650,pmod_64_10_fifo,35016137,1,0
150258382086,pmod_64_10_fifo,35016137,1,0
150165315814,pmod_64_10_fifo,35016137,1,0
149887515448,pmod_64_10_fifo,35016137,1,0
149918656156,pmod_64_10_fifo,35016137,1,0
76678839832,pmod_64_10_fifo,35016137,2,0
76489927718,pmod_64_10_fifo,35016137,2,0
76573179718,pmod_64_10_fifo,35016137,2,0
78734613152,pmod_64_10_fifo,35016137,2,0
76456485482,pmod_64_10_fifo,35016137,2,0
76503531168,pmod_64_10_fifo,35016137,2,0
76544158430,pmod_64_10_fifo,35016137,2,0
76397105778,pmod_64_10_fifo,35016137,2,0
76612201410,pmod_64_10_fifo,35016137,2,0
76404797312,pmod_64_10_fifo,35016137,2,0
38827536370,pmod_64_10_fifo,35017057,4,0
38923903870,pmod_64_10_fifo,35017051,4,0
38789794042,pmod_64_10_fifo,35017051,4,0
38931266626,pmod_64_10_fifo,35017054,4,0
38936672156,pmod_64_10_fifo,35017051,4,0
38945838866,pmod_64_10_fifo,35017051,4,0
38893757702,pmod_64_10_fifo,35017053,4,0
38884499616,pmod_64_10_fifo,35017054,4,0
38876228894,pmod_64_10_fifo,35017051,4,0
38830923708,pmod_64_10_fifo,35017027,4,0
20098916370,pmod_64_10_fifo,36112662,8,0
20038469738,pmod_64_10_fifo,36115074,8,0
20062918004,pmod_64_10_fifo,36116619,8,0
20058901904,pmod_64_10_fifo,36118716,8,0
20086756508,pmod_64_10_fifo,36122277,8,0
20089165014,pmod_64_10_fifo,36123912,8,0
20055672956,pmod_64_10_fifo,36118271,8,0
20063956852,pmod_64_10_fifo,36603567,8,0
20048803714,pmod_64_10_fifo,36118990,8,0
20094463968,pmod_64_10_fifo,36117193,8,0
10987882226,pmod_64_10_fifo,41572586,16,0
10990391554,pmod_64_10_fifo,41734286,16,0
10866543306,pmod_64_10_fifo,40133959,16,0
10933448220,pmod_64_10_fifo,41449725,16,0
10995504598,pmod_64_10_fifo,42099891,16,0
10945672866,pmod_64_10_fifo,41684683,16,0
11012764946,pmod_64_10_fifo,42146185,16,0
11099382810,pmod_64_10_fifo,41538965,16,0
10926091144,pmod_64_10_fifo,41576697,16,0
10876845722,pmod_64_10_fifo,40084990,16,0
5929011956,pmod_64_10_fifo,46564390,32,0
5926055504,pmod_64_10_fifo,46384034,32,0
6009814628,pmod_64_10_fifo,48290028,32,0
5795429840,pmod_64_10_fifo,43449883,32,0
5861933480,pmod_64_10_fifo,45321710,32,0
6100693500,pmod_64_10_fifo,49758117,32,0
5936381654,pmod_64_10_fifo,46767170,32,0
5743270208,pmod_64_10_fifo,41646992,32,0
5757182482,pmod_64_10_fifo,41949991,32,0
5878738730,pmod_64_10_fifo,45951280,32,0
3890656236,pmod_64_10_fifo,55271974,64,0
3515415202,pmod_64_10_fifo,46410826,64,0
3828753560,pmod_64_10_fifo,56031668,64,0
3379446492,pmod_64_10_fifo,42268914,64,0
3422872428,pmod_64_10_fifo,43433547,64,0
3424697052,pmod_64_10_fifo,43104293,64,0
3718740128,pmod_64_10_fifo,53418840,64,0
3349381372,pmod_64_10_fifo,40882629,64,0
3544687720,pmod_64_10_fifo,48463740,64,0
3950967702,pmod_64_10_fifo,58189936,64,0
2960952950,pmod_64_10_fifo,57224057,128,0
2783026730,pmod_64_10_fifo,54729606,128,0
2842408980,pmod_64_10_fifo,51692087,128,0
2867741202,pmod_64_10_fifo,56430458,128,0
3353709868,pmod_64_10_fifo,66388530,128,0
3149613756,pmod_64_10_fifo,62327387,128,0
2802402624,pmod_64_10_fifo,44806817,128,0
3175151268,pmod_64_10_fifo,62876975,128,0
3012686066,pmod_64_10_fifo,52591907,128,0
2740122224,pmod_64_10_fifo,47446417,128,0
