13630570548,pmod_256_4_fifo,12524207,1,0
13678109408,pmod_256_4_fifo,12524207,1,0
13681632582,pmod_256_4_fifo,12524207,1,0
13653893814,pmod_256_4_fifo,12524207,1,0
13697553002,pmod_256_4_fifo,12524207,1,0
13645548478,pmod_256_4_fifo,12524207,1,0
13658962478,pmod_256_4_fifo,12524207,1,0
13620217618,pmod_256_4_fifo,12524207,1,0
13626878552,pmod_256_4_fifo,12524207,1,0
13627172062,pmod_256_4_fifo,12524207,1,0
7431721096,pmod_256_4_fifo,12527501,2,0
7447503196,pmod_256_4_fifo,12527452,2,0
7442662316,pmod_256_4_fifo,12527486,2,0
7426388978,pmod_256_4_fifo,12527598,2,0
7442514196,pmod_256_4_fifo,12527542,2,0
7455755964,pmod_256_4_fifo,12527625,2,0
7430939764,pmod_256_4_fifo,12527546,2,0
7440806426,pmod_256_4_fifo,12527633,2,0
7427030668,pmod_256_4_fifo,12527856,2,0
7457408262,pmod_256_4_fifo,12527603,2,0
3902753562,pmod_256_4_fifo,12530361,4,0
3908536392,pmod_256_4_fifo,12530088,4,0
3890115144,pmod_256_4_fifo,12529878,4,0
3898704604,pmod_256_4_fifo,12530223,4,0
3906283356,pmod_256_4_fifo,12530174,4,0
3893074962,pmod_256_4_fifo,12530296,4,0
3901908564,pmod_256_4_fifo,12530358,4,0
3894862966,pmod_256_4_fifo,12530134,4,0
3884879760,pmod_256_4_fifo,12530152,4,0
3903939428,pmod_256_4_fifo,12530079,4,0
2116485148,pmod_256_4_fifo,12531766,8,0
2118409156,pmod_256_4_fifo,12531905,8,0
2114573760,pmod_256_4_fifo,12532341,8,0
2114714580,pmod_256_4_fifo,12532430,8,0
2119731102,pmod_256_4_fifo,12531958,8,0
2116950032,pmod_256_4_fifo,12532280,8,0
2116621410,pmod_256_4_fifo,12532190,8,0
2119622436,pmod_256_4_fifo,12532176,8,0
2116743004,pmod_256_4_fifo,12532698,8,0
2116528874,pmod_256_4_fifo,12532416,8,0
1424363310,pmod_256_4_fifo,12533368,16,0
1423817020,pmod_256_4_fifo,12533776,16,0
1426116422,pmod_256_4_fifo,12533525,16,0
1425925952,pmod_256_4_fifo,12533584,16,0
1423502762,pmod_256_4_fifo,12533359,16,0
1427197982,pmod_256_4_fifo,12533595,16,0
1426758020,pmod_256_4_fifo,12533348,16,0
1425539218,pmod_256_4_fifo,12533546,16,0
1422320656,pmod_256_4_fifo,12533877,16,0
1423054654,pmod_256_4_fifo,12533415,16,0
1851664084,pmod_256_4_fifo,12537294,32,0
1848933962,pmod_256_4_fifo,12536877,32,0
1849513326,pmod_256_4_fifo,12536787,32,0
1845281860,pmod_256_4_fifo,12537314,32,0
1846414666,pmod_256_4_fifo,12537055,32,0
1848962640,pmod_256_4_fifo,12537115,32,0
1847525318,pmod_256_4_fifo,12536869,32,0
1846670506,pmod_256_4_fifo,12537468,32,0
1848443192,pmod_256_4_fifo,12537014,32,0
1849062150,pmod_256_4_fifo,12537273,32,0
2183990530,pmod_256_4_fifo,12541309,64,0
2189877610,pmod_256_4_fifo,12541566,64,0
2182936660,pmod_256_4_fifo,12541337,64,0
2195168178,pmod_256_4_fifo,12541153,64,0
2177998866,pmod_256_4_fifo,12541223,64,0
2172810370,pmod_256_4_fifo,12540927,64,0
2217122032,pmod_256_4_fifo,12541323,64,0
2186121724,pmod_256_4_fifo,12541690,64,0
2185691430,pmod_256_4_fifo,12541047,64,0
2186134622,pmod_256_4_fifo,12541811,64,0
2158815902,pmod_256_4_fifo,12550635,128,0
2176852986,pmod_256_4_fifo,12550586,128,0
2178624730,pmod_256_4_fifo,12551808,128,0
2114781920,pmod_256_4_fifo,12550878,128,0
2169989408,pmod_256_4_fifo,12551055,128,0
2172074412,pmod_256_4_fifo,12550892,128,0
2171828916,pmod_256_4_fifo,12550024,128,0
2179732876,pmod_256_4_fifo,12551142,128,0
2201763966,pmod_256_4_fifo,12551212,128,0
2125295870,pmod_256_4_fifo,12551897,128,0
