59137930880,pmod_64_8_fifo,47894693,1,0
59018036974,pmod_64_8_fifo,47894693,1,0
59095260580,pmod_64_8_fifo,47894693,1,0
59081353980,pmod_64_8_fifo,47894693,1,0
58957701218,pmod_64_8_fifo,47894693,1,0
59118145892,pmod_64_8_fifo,47894693,1,0
59039118152,pmod_64_8_fifo,47894693,1,0
59028244534,pmod_64_8_fifo,47894693,1,0
59034505266,pmod_64_8_fifo,47894693,1,0
59017224008,pmod_64_8_fifo,47894693,1,0
31770930230,pmod_64_8_fifo,47963770,2,0
32082650502,pmod_64_8_fifo,47974566,2,0
31951639388,pmod_64_8_fifo,47961425,2,0
31438309052,pmod_64_8_fifo,47962933,2,0
30918412938,pmod_64_8_fifo,47973209,2,0
31764571522,pmod_64_8_fifo,47976957,2,0
31893613368,pmod_64_8_fifo,47961770,2,0
31091603598,pmod_64_8_fifo,47973230,2,0
31811462418,pmod_64_8_fifo,47974833,2,0
31851105310,pmod_64_8_fifo,47961590,2,0
16147089880,pmod_64_8_fifo,48012501,4,0
16251324542,pmod_64_8_fifo,48010532,4,0
16222265022,pmod_64_8_fifo,48009957,4,0
16217961788,pmod_64_8_fifo,48010146,4,0
16606077862,pmod_64_8_fifo,48008113,4,0
16360244550,pmod_64_8_fifo,48007530,4,0
16300238102,pmod_64_8_fifo,48008451,4,0
16205588832,pmod_64_8_fifo,48010798,4,0
16202145618,pmod_64_8_fifo,48010048,4,0
16113554570,pmod_64_8_fifo,48010782,4,0
8956150658,pmod_64_8_fifo,48014023,8,0
8874694340,pmod_64_8_fifo,48013594,8,0
8893528492,pmod_64_8_fifo,48016169,8,0
8948951072,pmod_64_8_fifo,48015742,8,0
8983598870,pmod_64_8_fifo,48013750,8,0
9017214116,pmod_64_8_fifo,48016859,8,0
8776950180,pmod_64_8_fifo,48019473,8,0
8970576632,pmod_64_8_fifo,48014056,8,0
8947703426,pmod_64_8_fifo,48014824,8,0
9001992674,pmod_64_8_fifo,48016697,8,0
6075869318,pmod_64_8_fifo,48031638,16,0
6223714740,pmod_64_8_fifo,48031853,16,0
6284851136,pmod_64_8_fifo,48030172,16,0
5906316118,pmod_64_8_fifo,48030741,16,0
5830915546,pmod_64_8_fifo,48031223,16,0
6385416362,pmod_64_8_fifo,48031563,16,0
5976156082,pmod_64_8_fifo,48031320,16,0
5807861718,pmod_64_8_fifo,48031348,16,0
6020020416,pmod_64_8_fifo,48032345,16,0
5828375966,pmod_64_8_fifo,48031142,16,0
7565884218,pmod_64_8_fifo,48044836,32,0
7533905316,pmod_64_8_fifo,48044582,32,0
7786703504,pmod_64_8_fifo,48044347,32,0
7536483204,pmod_64_8_fifo,48043917,32,0
7541198038,pmod_64_8_fifo,48043924,32,0
7546364082,pmod_64_8_fifo,48044699,32,0
7535383278,pmod_64_8_fifo,48044968,32,0
7750263542,pmod_64_8_fifo,48044112,32,0
7914475854,pmod_64_8_fifo,48044719,32,0
7774775444,pmod_64_8_fifo,48043749,32,0
9268140656,pmod_64_8_fifo,48044274,64,0
9190962420,pmod_64_8_fifo,48044962,64,0
10054661066,pmod_64_8_fifo,48043607,64,0
9581334378,pmod_64_8_fifo,48046469,64,0
9149310086,pmod_64_8_fifo,48045320,64,0
8871882874,pmod_64_8_fifo,48043687,64,0
9242957714,pmod_64_8_fifo,48048407,64,0
9297668760,pmod_64_8_fifo,48046018,64,0
9138320106,pmod_64_8_fifo,48045693,64,0
9512008104,pmod_64_8_fifo,48045204,64,0
10968971362,pmod_64_8_fifo,48049561,128,0
10666591718,pmod_64_8_fifo,48050014,128,0
10886811214,pmod_64_8_fifo,48050413,128,0
8853699620,pmod_64_8_fifo,48052352,128,0
9008659024,pmod_64_8_fifo,48051602,128,0
8723528026,pmod_64_8_fifo,48053377,128,0
8859688510,pmod_64_8_fifo,48050942,128,0
10830128078,pmod_64_8_fifo,48048935,128,0
8945506766,pmod_64_8_fifo,48049921,128,0
10694078722,pmod_64_8_fifo,48046139,128,0
