146919576638,pmod_64_10_fifo,77195932,1,0
147003793258,pmod_64_10_fifo,77195932,1,0
147217996906,pmod_64_10_fifo,77195932,1,0
146947080754,pmod_64_10_fifo,77195932,1,0
147658205960,pmod_64_10_fifo,77195932,1,0
147005271968,pmod_64_10_fifo,77195932,1,0
147188255646,pmod_64_10_fifo,77195932,1,0
147051165836,pmod_64_10_fifo,77195932,1,0
146987962950,pmod_64_10_fifo,77195932,1,0
147475672398,pmod_64_10_fifo,77195932,1,0
66482221566,pmod_64_10_fifo,98515118,2,0
66447696316,pmod_64_10_fifo,98448026,2,0
71543055810,pmod_64_10_fifo,121612566,2,0
66663494482,pmod_64_10_fifo,98459197,2,0
66490809628,pmod_64_10_fifo,98576741,2,0
66609143786,pmod_64_10_fifo,98668758,2,0
66577554120,pmod_64_10_fifo,98514312,2,0
66487883562,pmod_64_10_fifo,98407633,2,0
66571278610,pmod_64_10_fifo,98560669,2,0
66537043736,pmod_64_10_fifo,98510387,2,0
34074782970,pmod_64_10_fifo,98212405,4,0
34056968500,pmod_64_10_fifo,98280830,4,0
34061719462,pmod_64_10_fifo,98288129,4,0
33967189076,pmod_64_10_fifo,98186838,4,0
33981826614,pmod_64_10_fifo,98245908,4,0
34075313150,pmod_64_10_fifo,98198989,4,0
34013752830,pmod_64_10_fifo,98200842,4,0
33958346024,pmod_64_10_fifo,98120486,4,0
34021349592,pmod_64_10_fifo,98296633,4,0
34013232042,pmod_64_10_fifo,98187342,4,0
17704195884,pmod_64_10_fifo,98315809,8,0
17707883338,pmod_64_10_fifo,98200121,8,0
17718110484,pmod_64_10_fifo,98336943,8,0
17669775776,pmod_64_10_fifo,98159535,8,0
17667237766,pmod_64_10_fifo,98140072,8,0
17700508040,pmod_64_10_fifo,98223842,8,0
17692622008,pmod_64_10_fifo,98234179,8,0
17704799242,pmod_64_10_fifo,98222950,8,0
17708945680,pmod_64_10_fifo,98319846,8,0
17700944124,pmod_64_10_fifo,98102807,8,0
10708484536,pmod_64_10_fifo,122979127,16,0
10481441330,pmod_64_10_fifo,120346330,16,0
10873236868,pmod_64_10_fifo,125332528,16,0
10610239020,pmod_64_10_fifo,121683501,16,0
10598213064,pmod_64_10_fifo,121628818,16,0
10537481992,pmod_64_10_fifo,120902289,16,0
11122295640,pmod_64_10_fifo,127634729,16,0
10572271820,pmod_64_10_fifo,121353539,16,0
10664520910,pmod_64_10_fifo,122362379,16,0
10732577114,pmod_64_10_fifo,123187146,16,0
5164105370,pmod_64_10_fifo,101815548,32,0
5112037458,pmod_64_10_fifo,99318754,32,0
5038110816,pmod_64_10_fifo,99020307,32,0
5157585830,pmod_64_10_fifo,101977405,32,0
5065790290,pmod_64_10_fifo,99616376,32,0
5131765708,pmod_64_10_fifo,101003480,32,0
5096725704,pmod_64_10_fifo,99906902,32,0
5102947560,pmod_64_10_fifo,100023730,32,0
5069114892,pmod_64_10_fifo,98631488,32,0
5077226800,pmod_64_10_fifo,99604336,32,0
3115973086,pmod_64_10_fifo,103189901,64,0
3158398462,pmod_64_10_fifo,104384105,64,0
3025592860,pmod_64_10_fifo,100428865,64,0
3142240748,pmod_64_10_fifo,103419847,64,0
3161433558,pmod_64_10_fifo,104973005,64,0
3072393546,pmod_64_10_fifo,101400597,64,0
3134655192,pmod_64_10_fifo,104273622,64,0
3212829748,pmod_64_10_fifo,106532256,64,0
3053370506,pmod_64_10_fifo,99666240,64,0
3110106844,pmod_64_10_fifo,103254229,64,0
2175527096,pmod_64_10_fifo,82572513,128,0
2179206392,pmod_64_10_fifo,89626492,128,0
2198961794,pmod_64_10_fifo,89664110,128,0
2193492264,pmod_64_10_fifo,90084287,128,0
2186663428,pmod_64_10_fifo,83126171,128,0
2159273248,pmod_64_10_fifo,82327116,128,0
2170937748,pmod_64_10_fifo,89164133,128,0
2258294224,pmod_64_10_fifo,92373960,128,0
2222669402,pmod_64_10_fifo,92064039,128,0
2180154774,pmod_64_10_fifo,89676569,128,0
