249312557482,pmod_512_10_fifo,84823491,1,0
250149889118,pmod_512_10_fifo,84823491,1,0
248933672956,pmod_512_10_fifo,84823491,1,0
248888435676,pmod_512_10_fifo,84823491,1,0
248929794946,pmod_512_10_fifo,84823491,1,0
249042033614,pmod_512_10_fifo,84823491,1,0
248842131022,pmod_512_10_fifo,84823491,1,0
249283473018,pmod_512_10_fifo,84823491,1,0
249855113580,pmod_512_10_fifo,84823491,1,0
249088555644,pmod_512_10_fifo,84823491,1,0
126365575946,pmod_512_10_fifo,84824749,2,0
126252913340,pmod_512_10_fifo,84824880,2,0
126273869232,pmod_512_10_fifo,84826137,2,0
126266354668,pmod_512_10_fifo,84825338,2,0
126255225084,pmod_512_10_fifo,84825350,2,0
126172184304,pmod_512_10_fifo,84824998,2,0
126403709282,pmod_512_10_fifo,84825480,2,0
126165709718,pmod_512_10_fifo,84825469,2,0
126210801842,pmod_512_10_fifo,84826104,2,0
126373460382,pmod_512_10_fifo,84825436,2,0
63869848974,pmod_512_10_fifo,84824968,4,0
63861249860,pmod_512_10_fifo,84825106,4,0
63851954816,pmod_512_10_fifo,84824086,4,0
63773669808,pmod_512_10_fifo,84825097,4,0
63758312446,pmod_512_10_fifo,84824849,4,0
63868373382,pmod_512_10_fifo,84824026,4,0
63842240878,pmod_512_10_fifo,84824869,4,0
63838714040,pmod_512_10_fifo,84824576,4,0
63735897110,pmod_512_10_fifo,84825226,4,0
63743583778,pmod_512_10_fifo,84824983,4,0
32698446580,pmod_512_10_fifo,84830908,8,0
32698569608,pmod_512_10_fifo,84830815,8,0
32721997334,pmod_512_10_fifo,84830417,8,0
32706825224,pmod_512_10_fifo,84831047,8,0
32786496426,pmod_512_10_fifo,84830161,8,0
32687383394,pmod_512_10_fifo,84830390,8,0
32689785918,pmod_512_10_fifo,84831111,8,0
32699907434,pmod_512_10_fifo,84830812,8,0
32710505432,pmod_512_10_fifo,84830806,8,0
32698903894,pmod_512_10_fifo,84830660,8,0
17264104730,pmod_512_10_fifo,85138622,16,0
17281598852,pmod_512_10_fifo,85138855,16,0
17290624230,pmod_512_10_fifo,85136863,16,0
17263573626,pmod_512_10_fifo,85136340,16,0
17258615074,pmod_512_10_fifo,85137722,16,0
17270358078,pmod_512_10_fifo,85137519,16,0
17250658694,pmod_512_10_fifo,85136721,16,0
17305137088,pmod_512_10_fifo,85138155,16,0
17270911890,pmod_512_10_fifo,85138005,16,0
17273514714,pmod_512_10_fifo,85137194,16,0
8903951016,pmod_512_10_fifo,85317007,32,0
8892215798,pmod_512_10_fifo,85320879,32,0
8877834866,pmod_512_10_fifo,85243696,32,0
8875231122,pmod_512_10_fifo,85320312,32,0
8891889464,pmod_512_10_fifo,85247271,32,0
8880333432,pmod_512_10_fifo,85314882,32,0
8886451900,pmod_512_10_fifo,85313127,32,0
8888957106,pmod_512_10_fifo,85314562,32,0
8902160076,pmod_512_10_fifo,85251929,32,0
8903377642,pmod_512_10_fifo,85249180,32,0
5271944334,pmod_512_10_fifo,88721094,64,0
5254476914,pmod_512_10_fifo,88716061,64,0
5261018058,pmod_512_10_fifo,88609864,64,0
5264022972,pmod_512_10_fifo,88769956,64,0
5258472888,pmod_512_10_fifo,88689959,64,0
5292734142,pmod_512_10_fifo,88747219,64,0
5261891956,pmod_512_10_fifo,88761171,64,0
5261210264,pmod_512_10_fifo,88740342,64,0
5280526070,pmod_512_10_fifo,88757481,64,0
5271635610,pmod_512_10_fifo,88768242,64,0
3750907862,pmod_512_10_fifo,89714205,128,0
3751933070,pmod_512_10_fifo,89606146,128,0
3757532244,pmod_512_10_fifo,89864224,128,0
3750554742,pmod_512_10_fifo,89554340,128,0
3747761206,pmod_512_10_fifo,89386631,128,0
3733467420,pmod_512_10_fifo,89396261,128,0
3737857090,pmod_512_10_fifo,89399154,128,0
3732281780,pmod_512_10_fifo,89295896,128,0
3749101168,pmod_512_10_fifo,89980907,128,0
3759564982,pmod_512_10_fifo,89524218,128,0
