4221084322,pmod_64_18_fifo,10978345,1,14
4182768092,pmod_64_18_fifo,10978345,1,14
4160284334,pmod_64_18_fifo,10978345,1,14
4168350642,pmod_64_18_fifo,10978345,1,14
4159424790,pmod_64_18_fifo,10978345,1,14
4164862472,pmod_64_18_fifo,10978345,1,14
4178210550,pmod_64_18_fifo,10978345,1,14
4159546964,pmod_64_18_fifo,10978345,1,14
4224071244,pmod_64_18_fifo,10978345,1,14
4161717464,pmod_64_18_fifo,10978345,1,14
2855756940,pmod_64_18_fifo,10785526,2,14
2842976922,pmod_64_18_fifo,10792966,2,14
2849709490,pmod_64_18_fifo,10802232,2,14
2847589158,pmod_64_18_fifo,10799287,2,14
2851841120,pmod_64_18_fifo,10800466,2,14
2853055326,pmod_64_18_fifo,10784459,2,14
2847058458,pmod_64_18_fifo,10788262,2,14
2839556766,pmod_64_18_fifo,10793687,2,14
2849598898,pmod_64_18_fifo,10794588,2,14
2849696378,pmod_64_18_fifo,10792634,2,14
1609439960,pmod_64_18_fifo,10688815,4,14
1609601056,pmod_64_18_fifo,10686710,4,14
1610236428,pmod_64_18_fifo,10693204,4,14
1611350170,pmod_64_18_fifo,10701797,4,14
1624024024,pmod_64_18_fifo,10690209,4,14
1609857162,pmod_64_18_fifo,10674123,4,14
1609224560,pmod_64_18_fifo,10699078,4,14
1621939374,pmod_64_18_fifo,10683114,4,14
1611062464,pmod_64_18_fifo,10688395,4,14
1608300822,pmod_64_18_fifo,10669794,4,14
866952354,pmod_64_18_fifo,10721910,8,14
868960358,pmod_64_18_fifo,10777606,8,14
868760240,pmod_64_18_fifo,10752810,8,14
867642714,pmod_64_18_fifo,10739910,8,14
865698042,pmod_64_18_fifo,10737625,8,14
867090948,pmod_64_18_fifo,10736060,8,14
871322910,pmod_64_18_fifo,10762776,8,14
864249678,pmod_64_18_fifo,10720830,8,14
868286040,pmod_64_18_fifo,10726689,8,14
865344014,pmod_64_18_fifo,10744881,8,14
500717366,pmod_64_18_fifo,11249778,16,14
502733534,pmod_64_18_fifo,11332969,16,14
503582406,pmod_64_18_fifo,11385880,16,14
505285270,pmod_64_18_fifo,11304295,16,14
503300346,pmod_64_18_fifo,11323387,16,14
504338926,pmod_64_18_fifo,11367224,16,14
512097706,pmod_64_18_fifo,11372664,16,14
502909724,pmod_64_18_fifo,11349887,16,14
502518564,pmod_64_18_fifo,11370799,16,14
510636622,pmod_64_18_fifo,11391388,16,14
405328674,pmod_64_18_fifo,14507413,32,14
407724270,pmod_64_18_fifo,14521317,32,14
406895256,pmod_64_18_fifo,14572864,32,14
410869096,pmod_64_18_fifo,14700800,32,14
412067468,pmod_64_18_fifo,14663841,32,14
413727968,pmod_64_18_fifo,14615682,32,14
409883930,pmod_64_18_fifo,14722005,32,14
402899324,pmod_64_18_fifo,14424597,32,14
413889040,pmod_64_18_fifo,14680364,32,14
405431956,pmod_64_18_fifo,14500583,32,14
357887696,pmod_64_18_fifo,22302891,64,14
353810100,pmod_64_18_fifo,22155299,64,14
359912920,pmod_64_18_fifo,22507117,64,14
362136112,pmod_64_18_fifo,22693824,64,14
358388292,pmod_64_18_fifo,22385190,64,14
356314964,pmod_64_18_fifo,22246680,64,14
357517818,pmod_64_18_fifo,22299868,64,14
356229400,pmod_64_18_fifo,22258871,64,14
354894182,pmod_64_18_fifo,22271203,64,14
357804096,pmod_64_18_fifo,22456471,64,14
362123550,pmod_64_18_fifo,35641472,128,14
367224342,pmod_64_18_fifo,35290422,128,14
360227600,pmod_64_18_fifo,35501770,128,14
362009232,pmod_64_18_fifo,35997672,128,14
364928204,pmod_64_18_fifo,35279370,128,14
364624280,pmod_64_18_fifo,36019121,128,14
367816570,pmod_64_18_fifo,35737257,128,14
360967146,pmod_64_18_fifo,35165208,128,14
363590070,pmod_64_18_fifo,35802638,128,14
370144608,pmod_64_18_fifo,36319840,128,14
