13446555210,pmod_64_16_fifo,27530625,1,14
13477211894,pmod_64_16_fifo,27530625,1,14
13405908304,pmod_64_16_fifo,27530625,1,14
13445764488,pmod_64_16_fifo,27530625,1,14
13475398434,pmod_64_16_fifo,27530625,1,14
13418814456,pmod_64_16_fifo,27530625,1,14
13408255598,pmod_64_16_fifo,27530625,1,14
13508816650,pmod_64_16_fifo,27530625,1,14
13454444290,pmod_64_16_fifo,27530625,1,14
13414527220,pmod_64_16_fifo,27530625,1,14
8711928772,pmod_64_16_fifo,27521114,2,14
8691973744,pmod_64_16_fifo,27522957,2,14
8739824534,pmod_64_16_fifo,27527145,2,14
8715416086,pmod_64_16_fifo,27522828,2,14
8703076328,pmod_64_16_fifo,27529612,2,14
8702024924,pmod_64_16_fifo,27525095,2,14
8716998156,pmod_64_16_fifo,27521334,2,14
8704155800,pmod_64_16_fifo,27529407,2,14
8727851960,pmod_64_16_fifo,27521734,2,14
8729003782,pmod_64_16_fifo,27523111,2,14
4842810556,pmod_64_16_fifo,27540211,4,14
4849162138,pmod_64_16_fifo,27540823,4,14
4835975484,pmod_64_16_fifo,27539972,4,14
4841669780,pmod_64_16_fifo,27553217,4,14
4845668898,pmod_64_16_fifo,27557291,4,14
4842673868,pmod_64_16_fifo,27554676,4,14
4850783628,pmod_64_16_fifo,27546316,4,14
4842620622,pmod_64_16_fifo,27545736,4,14
4837960134,pmod_64_16_fifo,27544248,4,14
4849380008,pmod_64_16_fifo,27552359,4,14
2586032102,pmod_64_16_fifo,27715017,8,14
2593556788,pmod_64_16_fifo,27718769,8,14
2581459636,pmod_64_16_fifo,27742928,8,14
2585779090,pmod_64_16_fifo,27732183,8,14
2578980932,pmod_64_16_fifo,27720367,8,14
2581970744,pmod_64_16_fifo,27705766,8,14
2582075878,pmod_64_16_fifo,27708888,8,14
2577210670,pmod_64_16_fifo,27713924,8,14
2584225336,pmod_64_16_fifo,27719070,8,14
2581395302,pmod_64_16_fifo,27732388,8,14
1494164964,pmod_64_16_fifo,29469104,16,14
1488507230,pmod_64_16_fifo,29432130,16,14
1490538056,pmod_64_16_fifo,29394784,16,14
1493868962,pmod_64_16_fifo,29499808,16,14
1492856646,pmod_64_16_fifo,29406992,16,14
1488543944,pmod_64_16_fifo,29406223,16,14
1485686372,pmod_64_16_fifo,29444416,16,14
1484577776,pmod_64_16_fifo,29368672,16,14
1488827582,pmod_64_16_fifo,29437466,16,14
1495578230,pmod_64_16_fifo,29422897,16,14
1200079042,pmod_64_16_fifo,35737950,32,14
1142890952,pmod_64_16_fifo,36233121,32,14
1213876970,pmod_64_16_fifo,36040576,32,14
1134307324,pmod_64_16_fifo,35729247,32,14
1147125554,pmod_64_16_fifo,36025541,32,14
1151081062,pmod_64_16_fifo,36259399,32,14
1223526554,pmod_64_16_fifo,36246683,32,14
1136895528,pmod_64_16_fifo,36020725,32,14
1141748920,pmod_64_16_fifo,36095870,32,14
1142569184,pmod_64_16_fifo,36187451,32,14
928978526,pmod_64_16_fifo,52742877,64,14
1059524244,pmod_64_16_fifo,52991783,64,14
1060684666,pmod_64_16_fifo,52465734,64,14
1079854326,pmod_64_16_fifo,52233838,64,14
1073208332,pmod_64_16_fifo,52711072,64,14
934290684,pmod_64_16_fifo,53409497,64,14
1055924700,pmod_64_16_fifo,52209760,64,14
1025453060,pmod_64_16_fifo,52730872,64,14
1056420300,pmod_64_16_fifo,52952493,64,14
1080390644,pmod_64_16_fifo,53422772,64,14
1175519626,pmod_64_16_fifo,74415408,128,14
1210321576,pmod_64_16_fifo,75907106,128,14
1179291926,pmod_64_16_fifo,75392910,128,14
1075676168,pmod_64_16_fifo,79791125,128,14
858534346,pmod_64_16_fifo,85716346,128,14
912291500,pmod_64_16_fifo,84183320,128,14
1169942358,pmod_64_16_fifo,76432292,128,14
904950542,pmod_64_16_fifo,83218004,128,14
903281732,pmod_64_16_fifo,82142070,128,14
859427168,pmod_64_16_fifo,85467620,128,14
