4194897830,slsmqhm_1_1,75796746,128,10
4193635206,slsmqhm_1_1,75782564,128,10
4214418206,slsmqhm_1_1,75790611,128,10
4215729540,slsmqhm_1_1,75845071,128,10
4209620274,slsmqhm_1_1,75817938,128,10
4315133058,slsmqhm_1_2,75764938,128,10
4307169756,slsmqhm_1_2,75764836,128,10
4297206898,slsmqhm_1_2,75769274,128,10
4316381054,slsmqhm_1_2,75769458,128,10
4293539614,slsmqhm_1_2,75761356,128,10
4442762844,slsmqhm_1_4,75768905,128,10
4434143134,slsmqhm_1_4,75771555,128,10
4425774792,slsmqhm_1_4,75766743,128,10
4410726392,slsmqhm_1_4,75766770,128,10
4439641966,slsmqhm_1_4,75773356,128,10
4514049908,slsmqhm_1_8,75794277,128,10
4507430992,slsmqhm_1_8,75797240,128,10
4521541902,slsmqhm_1_8,75796516,128,10
4518883882,slsmqhm_1_8,75801416,128,10
4512888658,slsmqhm_1_8,75761924,128,10
4649766456,slsmqhm_1_16,75828350,128,10
4634293232,slsmqhm_1_16,75819453,128,10
4650432538,slsmqhm_1_16,75819118,128,10
4636069882,slsmqhm_1_16,75818503,128,10
4628132846,slsmqhm_1_16,75813815,128,10
4891569466,slsmqhm_1_32,75904115,128,10
4879469458,slsmqhm_1_32,75962103,128,10
4902961332,slsmqhm_1_32,75951522,128,10
4892653930,slsmqhm_1_32,75908322,128,10
4889207162,slsmqhm_1_32,75918677,128,10
5275650446,slsmqhm_1_64,76029509,128,10
5259557592,slsmqhm_1_64,76065649,128,10
5272181952,slsmqhm_1_64,76043479,128,10
5297685676,slsmqhm_1_64,76054484,128,10
5277854430,slsmqhm_1_64,76043667,128,10
5769106586,slsmqhm_1_128,76346049,128,10
5763619286,slsmqhm_1_128,76392991,128,10
5763982642,slsmqhm_1_128,76384709,128,10
5804703718,slsmqhm_1_128,76293846,128,10
5803867308,slsmqhm_1_128,76455905,128,10
5989687992,slsmqhm_1_256,76894366,128,10
5995364822,slsmqhm_1_256,76801049,128,10
5987534660,slsmqhm_1_256,76929700,128,10
5975015974,slsmqhm_1_256,76749794,128,10
5957079836,slsmqhm_1_256,76628861,128,10
5638024644,slsmqhm_1_512,77761223,128,10
5666685620,slsmqhm_1_512,78033245,128,10
5658651660,slsmqhm_1_512,77714485,128,10
5632768648,slsmqhm_1_512,77624757,128,10
5717042956,slsmqhm_1_512,78106142,128,10
4923583058,slsmqhm_1_1024,79722096,128,10
4878851488,slsmqhm_1_1024,79709004,128,10
4929363996,slsmqhm_1_1024,79589893,128,10
4825545346,slsmqhm_1_1024,79348093,128,10
4848643784,slsmqhm_1_1024,79616981,128,10
3786873862,slsmqhm_2_1,76095739,128,10
3773050928,slsmqhm_2_1,75915879,128,10
3772646090,slsmqhm_2_1,75917657,128,10
3781944470,slsmqhm_2_1,75967977,128,10
3775767642,slsmqhm_2_1,75955321,128,10
3815382404,slsmqhm_2_2,75820125,128,10
3816250828,slsmqhm_2_2,75833580,128,10
3820943390,slsmqhm_2_2,75811604,128,10
3826336820,slsmqhm_2_2,75807783,128,10
3824442716,slsmqhm_2_2,75812215,128,10
3928658530,slsmqhm_2_4,75778816,128,10
3930659286,slsmqhm_2_4,75784444,128,10
3930943824,slsmqhm_2_4,75770081,128,10
3937428404,slsmqhm_2_4,75772719,128,10
3928118934,slsmqhm_2_4,75772215,128,10
4033508408,slsmqhm_2_8,75799171,128,10
4029841494,slsmqhm_2_8,75794078,128,10
4042848932,slsmqhm_2_8,75787303,128,10
4037281816,slsmqhm_2_8,75812517,128,10
4053567746,slsmqhm_2_8,75783693,128,10
4173856036,slsmqhm_2_16,75820129,128,10
4161481236,slsmqhm_2_16,75807554,128,10
4179073668,slsmqhm_2_16,75834771,128,10
4166809948,slsmqhm_2_16,75814866,128,10
4175992988,slsmqhm_2_16,75847137,128,10
4415350510,slsmqhm_2_32,75898940,128,10
4411849232,slsmqhm_2_32,75922009,128,10
4418114650,slsmqhm_2_32,75937523,128,10
4414525104,slsmqhm_2_32,75981568,128,10
4435144328,slsmqhm_2_32,75897178,128,10
4814781648,slsmqhm_2_64,76105164,128,10
4828210626,slsmqhm_2_64,76046750,128,10
4825093464,slsmqhm_2_64,76081292,128,10
4819134156,slsmqhm_2_64,76145517,128,10
4816658670,slsmqhm_2_64,76159805,128,10
5358163318,slsmqhm_2_128,76415893,128,10
5346889962,slsmqhm_2_128,76391504,128,10
5322831392,slsmqhm_2_128,76473708,128,10
5382788238,slsmqhm_2_128,76413660,128,10
5338618144,slsmqhm_2_128,76315735,128,10
5622801100,slsmqhm_2_256,77161159,128,10
5602704058,slsmqhm_2_256,76922859,128,10
5638718868,slsmqhm_2_256,77035003,128,10
5642381856,slsmqhm_2_256,76855785,128,10
5646814464,slsmqhm_2_256,77047066,128,10
5416871470,slsmqhm_2_512,77555332,128,10
5426426114,slsmqhm_2_512,77566180,128,10
5483898320,slsmqhm_2_512,77998362,128,10
5442985340,slsmqhm_2_512,77781545,128,10
5493715636,slsmqhm_2_512,77823909,128,10
4847335214,slsmqhm_2_1024,79754416,128,10
4812249044,slsmqhm_2_1024,79231978,128,10
4836837212,slsmqhm_2_1024,79248207,128,10
4829584628,slsmqhm_2_1024,79548127,128,10
4837189714,slsmqhm_2_1024,80008969,128,10
3678917194,slsmqhm_4_1,76464958,128,10
3617889190,slsmqhm_4_1,76632222,128,10
3627026920,slsmqhm_4_1,76715827,128,10
3611312932,slsmqhm_4_1,76331517,128,10
3644745474,slsmqhm_4_1,76871231,128,10
3577772286,slsmqhm_4_2,76216065,128,10
3545556408,slsmqhm_4_2,76074847,128,10
3536980520,slsmqhm_4_2,75990122,128,10
3606130698,slsmqhm_4_2,76192203,128,10
3591223468,slsmqhm_4_2,76050451,128,10
3597928364,slsmqhm_4_4,75875586,128,10
3604097596,slsmqhm_4_4,75871496,128,10
3593221016,slsmqhm_4_4,75813228,128,10
3590362658,slsmqhm_4_4,75830685,128,10
3596439064,slsmqhm_4_4,75886672,128,10
3700812876,slsmqhm_4_8,75816192,128,10
3709861876,slsmqhm_4_8,75801906,128,10
3707254366,slsmqhm_4_8,75807327,128,10
3713852766,slsmqhm_4_8,75815437,128,10
3701837138,slsmqhm_4_8,75802869,128,10
3810087828,slsmqhm_4_16,75831277,128,10
3810309208,slsmqhm_4_16,75841826,128,10
3809091598,slsmqhm_4_16,75904300,128,10
3813280006,slsmqhm_4_16,75846965,128,10
3808248106,slsmqhm_4_16,75848122,128,10
4010652774,slsmqhm_4_32,75921050,128,10
4013269498,slsmqhm_4_32,75919091,128,10
4009589814,slsmqhm_4_32,75942055,128,10
4019203202,slsmqhm_4_32,75951305,128,10
4029220394,slsmqhm_4_32,76028143,128,10
4408744918,slsmqhm_4_64,76114229,128,10
4408174830,slsmqhm_4_64,76114493,128,10
4382505882,slsmqhm_4_64,76073369,128,10
4407516354,slsmqhm_4_64,76115742,128,10
4391352530,slsmqhm_4_64,76089419,128,10
4922790494,slsmqhm_4_128,76352131,128,10
4913828504,slsmqhm_4_128,76323950,128,10
4946974896,slsmqhm_4_128,76307865,128,10
4909499242,slsmqhm_4_128,76366338,128,10
4934448062,slsmqhm_4_128,76517516,128,10
5287179454,slsmqhm_4_256,77032799,128,10
5274961314,slsmqhm_4_256,76749831,128,10
5303022960,slsmqhm_4_256,77135050,128,10
5262548646,slsmqhm_4_256,76906892,128,10
5302235356,slsmqhm_4_256,77075206,128,10
5245550998,slsmqhm_4_512,77725150,128,10
5235464360,slsmqhm_4_512,77842313,128,10
5275124442,slsmqhm_4_512,78068430,128,10
5265426160,slsmqhm_4_512,77829394,128,10
5255265822,slsmqhm_4_512,77940227,128,10
4794888734,slsmqhm_4_1024,79681493,128,10
4813301934,slsmqhm_4_1024,79688618,128,10
4809229418,slsmqhm_4_1024,79583357,128,10
4838464206,slsmqhm_4_1024,80282671,128,10
4812690146,slsmqhm_4_1024,79488046,128,10
4272978484,slsmqhm_8_1,85784418,128,10
4507904560,slsmqhm_8_1,90900334,128,10
4648497072,slsmqhm_8_1,93980445,128,10
4300055652,slsmqhm_8_1,90374688,128,10
4887536484,slsmqhm_8_1,95782930,128,10
3530634534,slsmqhm_8_2,76593896,128,10
3502017568,slsmqhm_8_2,77450833,128,10
3584759112,slsmqhm_8_2,77395197,128,10
3545603688,slsmqhm_8_2,77220506,128,10
3583581468,slsmqhm_8_2,77231997,128,10
3415266732,slsmqhm_8_4,76054952,128,10
3438187438,slsmqhm_8_4,76574812,128,10
3471513180,slsmqhm_8_4,76191323,128,10
3442662374,slsmqhm_8_4,76041708,128,10
3471969954,slsmqhm_8_4,76078176,128,10
3473673980,slsmqhm_8_8,75857241,128,10
3470055546,slsmqhm_8_8,75892690,128,10
3472459262,slsmqhm_8_8,75914915,128,10
3478554552,slsmqhm_8_8,75993733,128,10
3470716918,slsmqhm_8_8,75927269,128,10
3564625900,slsmqhm_8_16,75902483,128,10
3554961592,slsmqhm_8_16,75887314,128,10
3566401688,slsmqhm_8_16,75919143,128,10
3565456744,slsmqhm_8_16,75940394,128,10
3557675906,slsmqhm_8_16,75888787,128,10
3703834274,slsmqhm_8_32,75953608,128,10
3700735944,slsmqhm_8_32,75936840,128,10
3691129486,slsmqhm_8_32,75954072,128,10
3691418192,slsmqhm_8_32,75938635,128,10
3695532858,slsmqhm_8_32,75916763,128,10
4012674918,slsmqhm_8_64,76104221,128,10
3998711162,slsmqhm_8_64,76144337,128,10
4004440186,slsmqhm_8_64,76185544,128,10
3998134044,slsmqhm_8_64,76170868,128,10
4009913118,slsmqhm_8_64,76164665,128,10
4515039106,slsmqhm_8_128,76450606,128,10
4514296280,slsmqhm_8_128,76338983,128,10
4513885786,slsmqhm_8_128,76485539,128,10
4522837050,slsmqhm_8_128,76504727,128,10
4517970508,slsmqhm_8_128,76527696,128,10
4963742812,slsmqhm_8_256,77117911,128,10
4959704054,slsmqhm_8_256,77112458,128,10
4958471004,slsmqhm_8_256,77014384,128,10
4952298864,slsmqhm_8_256,77034745,128,10
4945061228,slsmqhm_8_256,76886310,128,10
5049405930,slsmqhm_8_512,77745076,128,10
5078317074,slsmqhm_8_512,78259786,128,10
5052257324,slsmqhm_8_512,77659311,128,10
5076420768,slsmqhm_8_512,78319703,128,10
5063916266,slsmqhm_8_512,78096952,128,10
4769111974,slsmqhm_8_1024,79668207,128,10
4813472764,slsmqhm_8_1024,79990890,128,10
4808566722,slsmqhm_8_1024,80369052,128,10
4869724404,slsmqhm_8_1024,80244060,128,10
4801651030,slsmqhm_8_1024,80115702,128,10
5461405734,slsmqhm_16_1,114762627,128,10
5565048480,slsmqhm_16_1,123004684,128,10
6256130900,slsmqhm_16_1,130379865,128,10
5589640684,slsmqhm_16_1,120197635,128,10
5733329542,slsmqhm_16_1,121419164,128,10
4072612220,slsmqhm_16_2,87000270,128,10
4486564730,slsmqhm_16_2,95779700,128,10
4308390300,slsmqhm_16_2,89521931,128,10
4090417240,slsmqhm_16_2,88032630,128,10
4340621388,slsmqhm_16_2,89700775,128,10
3472409186,slsmqhm_16_4,77886480,128,10
3482226828,slsmqhm_16_4,78243696,128,10
3455929270,slsmqhm_16_4,77242309,128,10
3549602926,slsmqhm_16_4,77551451,128,10
3444181042,slsmqhm_16_4,77488232,128,10
3340763520,slsmqhm_16_8,76092224,128,10
3423717648,slsmqhm_16_8,76073334,128,10
3404315966,slsmqhm_16_8,76243534,128,10
3348683348,slsmqhm_16_8,76160621,128,10
3338385540,slsmqhm_16_8,76137783,128,10
3392345052,slsmqhm_16_16,75910537,128,10
3393514418,slsmqhm_16_16,75958936,128,10
3397325186,slsmqhm_16_16,75965835,128,10
3398486648,slsmqhm_16_16,76051759,128,10
3393197242,slsmqhm_16_16,76013296,128,10
3494795148,slsmqhm_16_32,76050651,128,10
3482059102,slsmqhm_16_32,76054137,128,10
3483791892,slsmqhm_16_32,76035559,128,10
3489965130,slsmqhm_16_32,75999998,128,10
3492497832,slsmqhm_16_32,76079068,128,10
3679967064,slsmqhm_16_64,76116197,128,10
3683407968,slsmqhm_16_64,76184746,128,10
3689700396,slsmqhm_16_64,76197661,128,10
3694664672,slsmqhm_16_64,76114585,128,10
3683144530,slsmqhm_16_64,76201936,128,10
4093169330,slsmqhm_16_128,76552001,128,10
4111849708,slsmqhm_16_128,76714356,128,10
4116733688,slsmqhm_16_128,76617737,128,10
4109077640,slsmqhm_16_128,76590552,128,10
4105839894,slsmqhm_16_128,76568950,128,10
4609018712,slsmqhm_16_256,76994655,128,10
4604011672,slsmqhm_16_256,77039282,128,10
4621680274,slsmqhm_16_256,76997920,128,10
4600487186,slsmqhm_16_256,76888026,128,10
4617593830,slsmqhm_16_256,76961627,128,10
4848770084,slsmqhm_16_512,77950903,128,10
4879268440,slsmqhm_16_512,78617464,128,10
4875746596,slsmqhm_16_512,78106767,128,10
4872613788,slsmqhm_16_512,78499219,128,10
4833198978,slsmqhm_16_512,77486608,128,10
4763627570,slsmqhm_16_1024,80020917,128,10
4689227932,slsmqhm_16_1024,79035293,128,10
4749439922,slsmqhm_16_1024,79862582,128,10
4712391874,slsmqhm_16_1024,79514044,128,10
4706357216,slsmqhm_16_1024,79271957,128,10
8044787826,slsmqhm_32_1,178273114,128,10
7964425426,slsmqhm_32_1,171324930,128,10
8102034162,slsmqhm_32_1,172336157,128,10
7860195556,slsmqhm_32_1,170385773,128,10
7636269066,slsmqhm_32_1,164132319,128,10
5989871504,slsmqhm_32_2,139541055,128,10
6203534420,slsmqhm_32_2,127531206,128,10
5993463342,slsmqhm_32_2,130541095,128,10
5824996952,slsmqhm_32_2,123898758,128,10
5318886098,slsmqhm_32_2,117307177,128,10
4289885766,slsmqhm_32_4,92298597,128,10
4026546836,slsmqhm_32_4,89315178,128,10
4017852614,slsmqhm_32_4,88991738,128,10
4174063092,slsmqhm_32_4,90193331,128,10
4027825654,slsmqhm_32_4,93762206,128,10
3471550892,slsmqhm_32_8,78366220,128,10
3460597408,slsmqhm_32_8,77560523,128,10
3454153182,slsmqhm_32_8,78174880,128,10
3465305088,slsmqhm_32_8,76733721,128,10
3351372512,slsmqhm_32_8,77616714,128,10
3323455790,slsmqhm_32_16,76460808,128,10
3306197458,slsmqhm_32_16,76287181,128,10
3366345214,slsmqhm_32_16,76360081,128,10
3398521752,slsmqhm_32_16,76715984,128,10
3308509220,slsmqhm_32_16,76624308,128,10
3364427640,slsmqhm_32_32,76161755,128,10
3386547328,slsmqhm_32_32,76183812,128,10
3367585018,slsmqhm_32_32,76205633,128,10
3381751234,slsmqhm_32_32,76383325,128,10
3368524258,slsmqhm_32_32,76230190,128,10
3490585272,slsmqhm_32_64,76323582,128,10
3487439914,slsmqhm_32_64,76233564,128,10
3477520124,slsmqhm_32_64,76354243,128,10
3496579110,slsmqhm_32_64,76282461,128,10
3489151984,slsmqhm_32_64,76293691,128,10
3783980948,slsmqhm_32_128,76529750,128,10
3784446350,slsmqhm_32_128,76703368,128,10
3790674024,slsmqhm_32_128,76942314,128,10
3786637734,slsmqhm_32_128,76675141,128,10
3789455218,slsmqhm_32_128,76814690,128,10
4257712706,slsmqhm_32_256,77070943,128,10
4259691166,slsmqhm_32_256,77137328,128,10
4278994210,slsmqhm_32_256,77040138,128,10
4273302806,slsmqhm_32_256,77161564,128,10
4268314094,slsmqhm_32_256,77203311,128,10
4650476358,slsmqhm_32_512,78066898,128,10
4631899782,slsmqhm_32_512,77917708,128,10
4628758300,slsmqhm_32_512,78055727,128,10
4630751700,slsmqhm_32_512,77914075,128,10
4662165816,slsmqhm_32_512,78226189,128,10
4698919330,slsmqhm_32_1024,80128445,128,10
4722833722,slsmqhm_32_1024,80386410,128,10
4675070886,slsmqhm_32_1024,79716763,128,10
4665745236,slsmqhm_32_1024,80063932,128,10
4686789340,slsmqhm_32_1024,80058624,128,10
10647663658,slsmqhm_64_1,223565761,128,10
11287961334,slsmqhm_64_1,237658331,128,10
10035570570,slsmqhm_64_1,208703492,128,10
9952922438,slsmqhm_64_1,206143373,128,10
10177028628,slsmqhm_64_1,204959130,128,10
7413370028,slsmqhm_64_2,161011922,128,10
7414068548,slsmqhm_64_2,167460913,128,10
7343045322,slsmqhm_64_2,161430697,128,10
7201913072,slsmqhm_64_2,161698615,128,10
7078917652,slsmqhm_64_2,153733230,128,10
6102398106,slsmqhm_64_4,131437209,128,10
5604865322,slsmqhm_64_4,125186408,128,10
5993245574,slsmqhm_64_4,129500745,128,10
5978211318,slsmqhm_64_4,132885556,128,10
5768846282,slsmqhm_64_4,125951411,128,10
3929469200,slsmqhm_64_8,91191793,128,10
4429029016,slsmqhm_64_8,99744436,128,10
4598236060,slsmqhm_64_8,98257227,128,10
4767331594,slsmqhm_64_8,98874967,128,10
4253790602,slsmqhm_64_8,94468892,128,10
3437843594,slsmqhm_64_16,79360006,128,10
3418875626,slsmqhm_64_16,78485504,128,10
3444751312,slsmqhm_64_16,79346268,128,10
3396796370,slsmqhm_64_16,78095496,128,10
3334678330,slsmqhm_64_16,77997631,128,10
3316428932,slsmqhm_64_32,76953946,128,10
3363938824,slsmqhm_64_32,76594407,128,10
3330674618,slsmqhm_64_32,76555588,128,10
3307232660,slsmqhm_64_32,76973032,128,10
3351232910,slsmqhm_64_32,76393275,128,10
3354400618,slsmqhm_64_64,76340618,128,10
3366202458,slsmqhm_64_64,76579414,128,10
3354197326,slsmqhm_64_64,76545864,128,10
3361622556,slsmqhm_64_64,76656228,128,10
3358725268,slsmqhm_64_64,76492307,128,10
3544302084,slsmqhm_64_128,76584980,128,10
3543752810,slsmqhm_64_128,76621907,128,10
3548326984,slsmqhm_64_128,76746394,128,10
3558302990,slsmqhm_64_128,77059272,128,10
3555858706,slsmqhm_64_128,76801616,128,10
3951748094,slsmqhm_64_256,77311984,128,10
3931806974,slsmqhm_64_256,77324790,128,10
3949231796,slsmqhm_64_256,77412628,128,10
3958109000,slsmqhm_64_256,77372654,128,10
3951965442,slsmqhm_64_256,77309927,128,10
4406486468,slsmqhm_64_512,78189051,128,10
4403052834,slsmqhm_64_512,77962329,128,10
4392819188,slsmqhm_64_512,77970756,128,10
4414839598,slsmqhm_64_512,78260509,128,10
4410071672,slsmqhm_64_512,78433365,128,10
4571458382,slsmqhm_64_1024,79685755,128,10
4572440094,slsmqhm_64_1024,79619960,128,10
4563890914,slsmqhm_64_1024,79453932,128,10
4605750644,slsmqhm_64_1024,80549875,128,10
4583659412,slsmqhm_64_1024,79778277,128,10
12153068792,slsmqhm_128_1,249819744,128,10
12063031620,slsmqhm_128_1,253733420,128,10
11840591264,slsmqhm_128_1,254017141,128,10
11861046910,slsmqhm_128_1,254001733,128,10
11857119420,slsmqhm_128_1,255368608,128,10
9720006474,slsmqhm_128_2,199442258,128,10
10941946978,slsmqhm_128_2,226452290,128,10
10593981430,slsmqhm_128_2,220933349,128,10
10802348102,slsmqhm_128_2,215171471,128,10
10842236026,slsmqhm_128_2,217815289,128,10
6492400388,slsmqhm_128_4,159337614,128,10
7303535582,slsmqhm_128_4,165673026,128,10
8360389010,slsmqhm_128_4,188298498,128,10
8341395464,slsmqhm_128_4,176443996,128,10
8189276826,slsmqhm_128_4,177440555,128,10
5956846836,slsmqhm_128_8,128251897,128,10
5594953860,slsmqhm_128_8,127502653,128,10
5986891620,slsmqhm_128_8,132239129,128,10
5788173896,slsmqhm_128_8,130298669,128,10
6295118636,slsmqhm_128_8,142867397,128,10
4326749430,slsmqhm_128_16,98342925,128,10
4304780458,slsmqhm_128_16,93994636,128,10
4644450810,slsmqhm_128_16,99942932,128,10
4073358134,slsmqhm_128_16,93823339,128,10
4384897688,slsmqhm_128_16,97403753,128,10
3436113106,slsmqhm_128_32,79959075,128,10
3462955978,slsmqhm_128_32,78023197,128,10
3454877588,slsmqhm_128_32,80369205,128,10
3369597400,slsmqhm_128_32,78987546,128,10
3467025082,slsmqhm_128_32,80526924,128,10
3383493368,slsmqhm_128_64,77103984,128,10
3352189820,slsmqhm_128_64,76669235,128,10
3305554298,slsmqhm_128_64,77113905,128,10
3295248592,slsmqhm_128_64,76838564,128,10
3313058114,slsmqhm_128_64,77227390,128,10
3401520070,slsmqhm_128_128,77108620,128,10
3402372698,slsmqhm_128_128,76986634,128,10
3416536550,slsmqhm_128_128,76864858,128,10
3416622502,slsmqhm_128_128,77338134,128,10
3405695828,slsmqhm_128_128,77157812,128,10
3684412782,slsmqhm_128_256,77749120,128,10
3688651286,slsmqhm_128_256,77516369,128,10
3682234318,slsmqhm_128_256,77388161,128,10
3682489510,slsmqhm_128_256,77449014,128,10
3675798418,slsmqhm_128_256,77213965,128,10
4157339144,slsmqhm_128_512,78501231,128,10
4136953248,slsmqhm_128_512,78452974,128,10
4121759852,slsmqhm_128_512,78049751,128,10
4184137548,slsmqhm_128_512,79083319,128,10
4167807412,slsmqhm_128_512,79297663,128,10
4474512626,slsmqhm_128_1024,80124078,128,10
4439942312,slsmqhm_128_1024,79762960,128,10
4540917352,slsmqhm_128_1024,81440222,128,10
4497468078,slsmqhm_128_1024,80809110,128,10
4495871422,slsmqhm_128_1024,80402866,128,10
13734572114,slsmqhm_256_1,282476687,128,10
13596222590,slsmqhm_256_1,283141893,128,10
13977488212,slsmqhm_256_1,291024438,128,10
12391738502,slsmqhm_256_1,261643229,128,10
14479147664,slsmqhm_256_1,300528464,128,10
11393747552,slsmqhm_256_2,244582180,128,10
11621900466,slsmqhm_256_2,244601626,128,10
10321047474,slsmqhm_256_2,226326163,128,10
11208835134,slsmqhm_256_2,245363680,128,10
11910504360,slsmqhm_256_2,258718618,128,10
10675841924,slsmqhm_256_4,223115782,128,10
11074723060,slsmqhm_256_4,234143585,128,10
10631611264,slsmqhm_256_4,211762989,128,10
10653558324,slsmqhm_256_4,218864232,128,10
10879612134,slsmqhm_256_4,226329430,128,10
7806422194,slsmqhm_256_8,172114191,128,10
7498827078,slsmqhm_256_8,173816342,128,10
8137442832,slsmqhm_256_8,183343681,128,10
7167777192,slsmqhm_256_8,171049039,128,10
7419114502,slsmqhm_256_8,164940661,128,10
5741332368,slsmqhm_256_16,132314919,128,10
5826037692,slsmqhm_256_16,130167940,128,10
5750748652,slsmqhm_256_16,133019475,128,10
5680803838,slsmqhm_256_16,129782265,128,10
5455398008,slsmqhm_256_16,123940762,128,10
4311015966,slsmqhm_256_32,96162730,128,10
4099900810,slsmqhm_256_32,93488832,128,10
4284049466,slsmqhm_256_32,98897201,128,10
4127317184,slsmqhm_256_32,97591909,128,10
3996002850,slsmqhm_256_32,95934959,128,10
3397010004,slsmqhm_256_64,78447062,128,10
3460128674,slsmqhm_256_64,80312529,128,10
3406683454,slsmqhm_256_64,78517430,128,10
3390226260,slsmqhm_256_64,78207482,128,10
3466662958,slsmqhm_256_64,80611860,128,10
3376722822,slsmqhm_256_128,77750198,128,10
3379331024,slsmqhm_256_128,78098240,128,10
3327152292,slsmqhm_256_128,77283742,128,10
3358615240,slsmqhm_256_128,77842228,128,10
3433893958,slsmqhm_256_128,77816539,128,10
3507203600,slsmqhm_256_256,78138610,128,10
3525396540,slsmqhm_256_256,78741315,128,10
3516697374,slsmqhm_256_256,77973532,128,10
3559835834,slsmqhm_256_256,77942761,128,10
3504089670,slsmqhm_256_256,77643824,128,10
3902050560,slsmqhm_256_512,79543500,128,10
3882357224,slsmqhm_256_512,78935786,128,10
3875450364,slsmqhm_256_512,78880022,128,10
3865603752,slsmqhm_256_512,78656074,128,10
3862979666,slsmqhm_256_512,78517601,128,10
4279609686,slsmqhm_256_1024,79798180,128,10
4296551166,slsmqhm_256_1024,80649228,128,10
4281747994,slsmqhm_256_1024,80439497,128,10
4257756284,slsmqhm_256_1024,79948221,128,10
4298069732,slsmqhm_256_1024,80224420,128,10
13601941074,slsmqhm_512_1,279462058,128,10
16255534572,slsmqhm_512_1,329169882,128,10
16875190238,slsmqhm_512_1,326578896,128,10
15615119388,slsmqhm_512_1,314009313,128,10
12578879684,slsmqhm_512_1,274768098,128,10
13490485572,slsmqhm_512_2,273331340,128,10
11002350128,slsmqhm_512_2,243762563,128,10
12128342682,slsmqhm_512_2,257051934,128,10
12778817624,slsmqhm_512_2,267596135,128,10
13934645068,slsmqhm_512_2,295960471,128,10
11647295884,slsmqhm_512_4,255434209,128,10
12504149586,slsmqhm_512_4,269170361,128,10
10866863364,slsmqhm_512_4,240516321,128,10
11998532486,slsmqhm_512_4,265063965,128,10
10886684976,slsmqhm_512_4,238590781,128,10
10516734168,slsmqhm_512_8,216323710,128,10
10520219634,slsmqhm_512_8,216721830,128,10
11010281460,slsmqhm_512_8,219117227,128,10
10168516512,slsmqhm_512_8,210213854,128,10
10134341978,slsmqhm_512_8,207968421,128,10
7774189188,slsmqhm_512_16,179161040,128,10
8334418120,slsmqhm_512_16,190892905,128,10
8266769820,slsmqhm_512_16,188562104,128,10
7291003786,slsmqhm_512_16,170829228,128,10
7277480960,slsmqhm_512_16,171349395,128,10
6247636724,slsmqhm_512_32,136128473,128,10
5386829842,slsmqhm_512_32,128228370,128,10
5701088204,slsmqhm_512_32,130441845,128,10
6072260594,slsmqhm_512_32,137420323,128,10
6071310314,slsmqhm_512_32,135902512,128,10
4264207164,slsmqhm_512_64,100054675,128,10
4298116924,slsmqhm_512_64,101484890,128,10
4565748176,slsmqhm_512_64,102110439,128,10
4641760390,slsmqhm_512_64,103684622,128,10
4232378624,slsmqhm_512_64,93990435,128,10
3775741090,slsmqhm_512_128,82173541,128,10
3522716456,slsmqhm_512_128,82462338,128,10
3526674072,slsmqhm_512_128,81982745,128,10
3557907576,slsmqhm_512_128,82279074,128,10
3451169492,slsmqhm_512_128,80179354,128,10
3416709768,slsmqhm_512_256,78723684,128,10
3410248870,slsmqhm_512_256,79028497,128,10
3516034408,slsmqhm_512_256,79417920,128,10
3475271384,slsmqhm_512_256,79070697,128,10
3422910130,slsmqhm_512_256,79003163,128,10
3679922296,slsmqhm_512_512,80049531,128,10
3714878562,slsmqhm_512_512,80823604,128,10
3652874182,slsmqhm_512_512,79463775,128,10
3639854926,slsmqhm_512_512,79310421,128,10
3674978640,slsmqhm_512_512,80059944,128,10
4129596674,slsmqhm_512_1024,82472238,128,10
4094188620,slsmqhm_512_1024,81301665,128,10
4067548996,slsmqhm_512_1024,80910197,128,10
4074655598,slsmqhm_512_1024,80885790,128,10
4129016648,slsmqhm_512_1024,81628345,128,10
16097013854,slsmqhm_1024_1,337860533,128,10
18929937712,slsmqhm_1024_1,365394277,128,10
17248631592,slsmqhm_1024_1,340954019,128,10
16623427214,slsmqhm_1024_1,348224220,128,10
14995255834,slsmqhm_1024_1,311411175,128,10
13529854268,slsmqhm_1024_2,291651285,128,10
15815169670,slsmqhm_1024_2,316811389,128,10
15815828560,slsmqhm_1024_2,318370658,128,10
15904200666,slsmqhm_1024_2,322744111,128,10
13813156944,slsmqhm_1024_2,295887281,128,10
12862002752,slsmqhm_1024_4,283558556,128,10
14308124860,slsmqhm_1024_4,287309138,128,10
14222769620,slsmqhm_1024_4,294139031,128,10
13653869328,slsmqhm_1024_4,294231424,128,10
12813205638,slsmqhm_1024_4,285096580,128,10
10801150512,slsmqhm_1024_8,239126099,128,10
12043511950,slsmqhm_1024_8,257936810,128,10
10844438044,slsmqhm_1024_8,236966752,128,10
11704077032,slsmqhm_1024_8,251944987,128,10
10994372146,slsmqhm_1024_8,237658368,128,10
10811383968,slsmqhm_1024_16,223367494,128,10
10673220958,slsmqhm_1024_16,228870844,128,10
9816743040,slsmqhm_1024_16,208333081,128,10
10366015160,slsmqhm_1024_16,214428460,128,10
10621579432,slsmqhm_1024_16,222938628,128,10
6629871876,slsmqhm_1024_32,164621512,128,10
6742639648,slsmqhm_1024_32,164442247,128,10
7123649064,slsmqhm_1024_32,166336894,128,10
7449916756,slsmqhm_1024_32,168775430,128,10
7773277712,slsmqhm_1024_32,173509302,128,10
6108239960,slsmqhm_1024_64,145615483,128,10
5609532938,slsmqhm_1024_64,135314384,128,10
5630476932,slsmqhm_1024_64,136577047,128,10
5710422314,slsmqhm_1024_64,137157201,128,10
5286328560,slsmqhm_1024_64,127162859,128,10
4575749358,slsmqhm_1024_128,103454699,128,10
4757865354,slsmqhm_1024_128,115375537,128,10
4326632426,slsmqhm_1024_128,102205775,128,10
4235157532,slsmqhm_1024_128,102701981,128,10
4441673356,slsmqhm_1024_128,102782679,128,10
3654272158,slsmqhm_1024_256,86059727,128,10
3891835418,slsmqhm_1024_256,88638696,128,10
3651403140,slsmqhm_1024_256,85845870,128,10
3657352660,slsmqhm_1024_256,87084773,128,10
4090011248,slsmqhm_1024_256,90826036,128,10
3834438306,slsmqhm_1024_512,86164485,128,10
3640722660,slsmqhm_1024_512,81864075,128,10
3595503748,slsmqhm_1024_512,81294874,128,10
3578244206,slsmqhm_1024_512,81732870,128,10
3585024526,slsmqhm_1024_512,80596712,128,10
3830593844,slsmqhm_1024_1024,81784645,128,10
3875820876,slsmqhm_1024_1024,82491411,128,10
3904740498,slsmqhm_1024_1024,83355614,128,10
3922604724,slsmqhm_1024_1024,83642562,128,10
3839079620,slsmqhm_1024_1024,81794974,128,10
