1294033412,mqpp_4_1_1,32087807,128
1307369196,mqpp_4_1_1,32152704,128
1293470940,mqpp_4_1_1,32106036,128
1290326760,mqpp_4_1_1,32121138,128
1288459550,mqpp_4_1_1,32122617,128
1234240932,mqpp_4_1_2,34580514,128
1233272756,mqpp_4_1_2,34671509,128
1235187810,mqpp_4_1_2,34641466,128
1237407218,mqpp_4_1_2,34653129,128
1239034264,mqpp_4_1_2,34607710,128
1280391504,mqpp_4_1_4,39421049,128
1289165720,mqpp_4_1_4,39375548,128
1279517160,mqpp_4_1_4,39321321,128
1280989906,mqpp_4_1_4,39387387,128
1276674322,mqpp_4_1_4,39375911,128
1424632268,mqpp_4_1_8,47087163,128
1422374304,mqpp_4_1_8,47050664,128
1422317964,mqpp_4_1_8,47100183,128
1425265656,mqpp_4_1_8,47151076,128
1425355770,mqpp_4_1_8,47027902,128
1663512132,mqpp_4_1_16,57775632,128
1650682356,mqpp_4_1_16,57640111,128
1655156596,mqpp_4_1_16,57817492,128
1656845936,mqpp_4_1_16,57836606,128
1661909794,mqpp_4_1_16,57889085,128
1943002724,mqpp_4_1_32,70243880,128
1946798450,mqpp_4_1_32,70375353,128
1943950400,mqpp_4_1_32,70009978,128
1944887858,mqpp_4_1_32,70145972,128
1940715752,mqpp_4_1_32,70112040,128
2196408886,mqpp_4_1_64,81212191,128
2207382492,mqpp_4_1_64,81261351,128
2214196634,mqpp_4_1_64,81574574,128
2203169814,mqpp_4_1_64,81403804,128
2195486426,mqpp_4_1_64,81056401,128
2401895938,mqpp_4_1_128,89857113,128
2394183070,mqpp_4_1_128,89592778,128
2392973920,mqpp_4_1_128,89363149,128
2408840616,mqpp_4_1_128,89982939,128
2406877864,mqpp_4_1_128,89708740,128
2518937204,mqpp_4_1_256,94567706,128
2519943992,mqpp_4_1_256,94877372,128
2534428446,mqpp_4_1_256,95318007,128
2537546290,mqpp_4_1_256,95427671,128
2531960790,mqpp_4_1_256,95270429,128
2605665658,mqpp_4_1_512,98272681,128
2597680442,mqpp_4_1_512,97982784,128
2608878234,mqpp_4_1_512,98567918,128
2596974488,mqpp_4_1_512,98168939,128
2600417496,mqpp_4_1_512,98131107,128
2637366734,mqpp_4_1_1024,99685101,128
2640955216,mqpp_4_1_1024,99886595,128
2642311256,mqpp_4_1_1024,99929292,128
2652160504,mqpp_4_1_1024,100208061,128
2645498988,mqpp_4_1_1024,100082456,128
1292433798,mqpp_4_2_1,32512754,128
1290421272,mqpp_4_2_1,32456978,128
1291381250,mqpp_4_2_1,32479647,128
1291225626,mqpp_4_2_1,32515659,128
1316217494,mqpp_4_2_1,32486975,128
1231311958,mqpp_4_2_2,35297358,128
1233954628,mqpp_4_2_2,35325898,128
1232640334,mqpp_4_2_2,35391319,128
1232639288,mqpp_4_2_2,35398681,128
1234366746,mqpp_4_2_2,35401844,128
1255666514,mqpp_4_2_4,40166807,128
1255504352,mqpp_4_2_4,40116994,128
1253492420,mqpp_4_2_4,40086772,128
1259508774,mqpp_4_2_4,40193792,128
1257365038,mqpp_4_2_4,40253073,128
1363830992,mqpp_4_2_8,47672375,128
1379102380,mqpp_4_2_8,47886317,128
1365766100,mqpp_4_2_8,47526490,128
1362826260,mqpp_4_2_8,47628770,128
1360144260,mqpp_4_2_8,47595485,128
1561252130,mqpp_4_2_16,58450162,128
1562631176,mqpp_4_2_16,58640431,128
1569381172,mqpp_4_2_16,58784621,128
1566033278,mqpp_4_2_16,58849637,128
1570819114,mqpp_4_2_16,58904678,128
1847562176,mqpp_4_2_32,72939171,128
1837119330,mqpp_4_2_32,72389752,128
1855083220,mqpp_4_2_32,73145697,128
1833575650,mqpp_4_2_32,72456602,128
1848611754,mqpp_4_2_32,72976859,128
2131448396,mqpp_4_2_64,86759710,128
2133967418,mqpp_4_2_64,87311024,128
2140325452,mqpp_4_2_64,87565337,128
2142625638,mqpp_4_2_64,87494153,128
2154298474,mqpp_4_2_64,87840438,128
2387943520,mqpp_4_2_128,99212903,128
2406156848,mqpp_4_2_128,99990068,128
2408806414,mqpp_4_2_128,100224696,128
2407525568,mqpp_4_2_128,100082986,128
2412819124,mqpp_4_2_128,100346818,128
2581528136,mqpp_4_2_256,108723076,128
2593866572,mqpp_4_2_256,108957366,128
2593059632,mqpp_4_2_256,108812627,128
2594814814,mqpp_4_2_256,109256205,128
2591731162,mqpp_4_2_256,109021195,128
2696184682,mqpp_4_2_512,114124854,128
2708493080,mqpp_4_2_512,114737819,128
2714951488,mqpp_4_2_512,114759446,128
2712805376,mqpp_4_2_512,115029788,128
2699897572,mqpp_4_2_512,114525994,128
2768367934,mqpp_4_2_1024,117293662,128
2761470794,mqpp_4_2_1024,117035119,128
2799595870,mqpp_4_2_1024,118701677,128
2783922450,mqpp_4_2_1024,118054084,128
2768363074,mqpp_4_2_1024,117379690,128
1345471806,mqpp_4_4_1,32779672,128
1335964252,mqpp_4_4_1,32741237,128
1320588234,mqpp_4_4_1,32779517,128
1315004870,mqpp_4_4_1,32734850,128
1316526216,mqpp_4_4_1,32770391,128
1248581024,mqpp_4_4_2,35737049,128
1251267874,mqpp_4_4_2,35912335,128
1251225656,mqpp_4_4_2,35755340,128
1263364518,mqpp_4_4_2,35742440,128
1247728434,mqpp_4_4_2,35744904,128
1267768846,mqpp_4_4_4,40677434,128
1263283704,mqpp_4_4_4,40811460,128
1265983212,mqpp_4_4_4,40660239,128
1262679266,mqpp_4_4_4,40739128,128
1265941666,mqpp_4_4_4,40787488,128
1353861220,mqpp_4_4_8,48212421,128
1357142704,mqpp_4_4_8,48357343,128
1352259928,mqpp_4_4_8,48141743,128
1356750508,mqpp_4_4_8,48330827,128
1355351962,mqpp_4_4_8,48328595,128
1525451436,mqpp_4_4_16,59321184,128
1527973498,mqpp_4_4_16,59475726,128
1527542614,mqpp_4_4_16,59432264,128
1524575326,mqpp_4_4_16,59212049,128
1526768866,mqpp_4_4_16,59407641,128
1802511464,mqpp_4_4_32,74813610,128
1788663036,mqpp_4_4_32,74364130,128
1783748460,mqpp_4_4_32,74173273,128
1791034454,mqpp_4_4_32,74532845,128
1791367464,mqpp_4_4_32,74139780,128
2111983124,mqpp_4_4_64,92712720,128
2129790606,mqpp_4_4_64,92615943,128
2100986144,mqpp_4_4_64,92148535,128
2100503390,mqpp_4_4_64,91771579,128
2105839652,mqpp_4_4_64,92456415,128
2453477452,mqpp_4_4_128,110282910,128
2453508870,mqpp_4_4_128,110378298,128
2463900044,mqpp_4_4_128,111048229,128
2471549512,mqpp_4_4_128,111190866,128
2484863392,mqpp_4_4_128,112074765,128
2714217338,mqpp_4_4_256,124396002,128
2690487808,mqpp_4_4_256,122824441,128
2709746192,mqpp_4_4_256,124008473,128
2686579108,mqpp_4_4_256,123039635,128
2733509568,mqpp_4_4_256,125000289,128
2916144696,mqpp_4_4_512,134193373,128
2906891842,mqpp_4_4_512,133896951,128
2937155426,mqpp_4_4_512,133974214,128
2936018992,mqpp_4_4_512,134740282,128
2920473242,mqpp_4_4_512,134439620,128
2972541272,mqpp_4_4_1024,137092338,128
3025745970,mqpp_4_4_1024,140081153,128
3028614872,mqpp_4_4_1024,140228357,128
3042944528,mqpp_4_4_1024,140886222,128
3074033024,mqpp_4_4_1024,142482844,128
1398352500,mqpp_4_8_1,32851412,128
1343388112,mqpp_4_8_1,32855613,128
1337691958,mqpp_4_8_1,32880393,128
1338521474,mqpp_4_8_1,32916742,128
1345227956,mqpp_4_8_1,32888115,128
1274092700,mqpp_4_8_2,36063631,128
1280089016,mqpp_4_8_2,36148760,128
1276646320,mqpp_4_8_2,36053322,128
1275916714,mqpp_4_8_2,36005545,128
1274090576,mqpp_4_8_2,36069235,128
1283013812,mqpp_4_8_4,41115094,128
1279675264,mqpp_4_8_4,41087196,128
1280231992,mqpp_4_8_4,41028512,128
1282400530,mqpp_4_8_4,41069713,128
1286952852,mqpp_4_8_4,41082853,128
1361594794,mqpp_4_8_8,48520727,128
1374852392,mqpp_4_8_8,48688930,128
1364741114,mqpp_4_8_8,48575161,128
1364028436,mqpp_4_8_8,48628772,128
1370490034,mqpp_4_8_8,48802859,128
1520216304,mqpp_4_8_16,59509893,128
1523808772,mqpp_4_8_16,59645354,128
1512390806,mqpp_4_8_16,59154716,128
1516021632,mqpp_4_8_16,59361835,128
1518491058,mqpp_4_8_16,59495121,128
1771935706,mqpp_4_8_32,75155954,128
1770598144,mqpp_4_8_32,75149865,128
1764210728,mqpp_4_8_32,74658777,128
1769693578,mqpp_4_8_32,75053449,128
1768732704,mqpp_4_8_32,75070520,128
2109474496,mqpp_4_8_64,95486976,128
2101333300,mqpp_4_8_64,94893406,128
2104707938,mqpp_4_8_64,94835379,128
2103208138,mqpp_4_8_64,94926886,128
2093628702,mqpp_4_8_64,94605348,128
2504452374,mqpp_4_8_128,117763454,128
2525832054,mqpp_4_8_128,118851351,128
2535357626,mqpp_4_8_128,119108783,128
2501197454,mqpp_4_8_128,117513059,128
2487707412,mqpp_4_8_128,117241801,128
2883577270,mqpp_4_8_256,139465807,128
2884687640,mqpp_4_8_256,139395650,128
2853054104,mqpp_4_8_256,137742905,128
2909573128,mqpp_4_8_256,141214464,128
2893285682,mqpp_4_8_256,139930487,128
3193283530,mqpp_4_8_512,156308309,128
3180733742,mqpp_4_8_512,155351645,128
3149027492,mqpp_4_8_512,153850594,128
3176297260,mqpp_4_8_512,154937433,128
3254000510,mqpp_4_8_512,159288835,128
3430569844,mqpp_4_8_1024,168425828,128
3394823466,mqpp_4_8_1024,167010092,128
3403499426,mqpp_4_8_1024,167651071,128
3406245722,mqpp_4_8_1024,167813797,128
3367797042,mqpp_4_8_1024,166071001,128
1349625716,mqpp_4_16_1,32906988,128
1358924724,mqpp_4_16_1,32900824,128
1367576976,mqpp_4_16_1,32933550,128
1404097996,mqpp_4_16_1,32927331,128
1370740176,mqpp_4_16_1,32904302,128
1288124644,mqpp_4_16_2,36110865,128
1298060450,mqpp_4_16_2,36186203,128
1290655262,mqpp_4_16_2,36165923,128
1287180682,mqpp_4_16_2,36133093,128
1282467074,mqpp_4_16_2,36107988,128
1295991366,mqpp_4_16_4,41117005,128
1289455144,mqpp_4_16_4,40978965,128
1295515996,mqpp_4_16_4,41019102,128
1293515142,mqpp_4_16_4,41091396,128
1296340800,mqpp_4_16_4,41341232,128
1371704122,mqpp_4_16_8,48463697,128
1384601290,mqpp_4_16_8,48546258,128
1378180782,mqpp_4_16_8,48849417,128
1372532506,mqpp_4_16_8,48578619,128
1380383750,mqpp_4_16_8,48578314,128
1517546880,mqpp_4_16_16,59228598,128
1519520172,mqpp_4_16_16,59124372,128
1532111628,mqpp_4_16_16,59492459,128
1522472170,mqpp_4_16_16,59426066,128
1521208478,mqpp_4_16_16,59307804,128
1760367422,mqpp_4_16_32,75059968,128
1754707682,mqpp_4_16_32,74737737,128
1763562394,mqpp_4_16_32,75109073,128
1753823320,mqpp_4_16_32,74675879,128
1756895604,mqpp_4_16_32,74664867,128
2069306574,mqpp_4_16_64,94244970,128
2097667230,mqpp_4_16_64,95153710,128
2089142660,mqpp_4_16_64,95214281,128
2100783470,mqpp_4_16_64,95513157,128
2084652676,mqpp_4_16_64,94891003,128
2529862060,mqpp_4_16_128,121031500,128
2532779534,mqpp_4_16_128,121393380,128
2531073560,mqpp_4_16_128,121506443,128
2517717520,mqpp_4_16_128,120722050,128
2513968006,mqpp_4_16_128,120584365,128
2969016992,mqpp_4_16_256,148100421,128
2979949496,mqpp_4_16_256,148920400,128
2938809720,mqpp_4_16_256,146603503,128
2968422204,mqpp_4_16_256,148262044,128
3001476168,mqpp_4_16_256,149587996,128
3503524828,mqpp_4_16_512,176384713,128
3457575506,mqpp_4_16_512,174288243,128
3432981150,mqpp_4_16_512,172609986,128
3462253994,mqpp_4_16_512,174589828,128
3422852700,mqpp_4_16_512,172793064,128
3656751260,mqpp_4_16_1024,189126843,128
3692794424,mqpp_4_16_1024,191945807,128
3644455476,mqpp_4_16_1024,189057262,128
3699610296,mqpp_4_16_1024,191732388,128
3667589588,mqpp_4_16_1024,189801911,128
1368848684,mqpp_4_32_1,32916808,128
1373016434,mqpp_4_32_1,32904537,128
1373695268,mqpp_4_32_1,32963437,128
1371540620,mqpp_4_32_1,32905638,128
1392675010,mqpp_4_32_1,32997920,128
1300676126,mqpp_4_32_2,36211360,128
1301769960,mqpp_4_32_2,36115786,128
1297712156,mqpp_4_32_2,36076293,128
1300584960,mqpp_4_32_2,36102558,128
1298195310,mqpp_4_32_2,36188285,128
1313588856,mqpp_4_32_4,41130705,128
1304038120,mqpp_4_32_4,41203627,128
1304144130,mqpp_4_32_4,41149485,128
1299348012,mqpp_4_32_4,41096458,128
1303627956,mqpp_4_32_4,41275192,128
1379272746,mqpp_4_32_8,48446423,128
1383390480,mqpp_4_32_8,48582877,128
1383573666,mqpp_4_32_8,48665372,128
1379838624,mqpp_4_32_8,48404635,128
1389143094,mqpp_4_32_8,48677123,128
1523794272,mqpp_4_32_16,58818113,128
1525684024,mqpp_4_32_16,59144154,128
1522530944,mqpp_4_32_16,58812948,128
1526826402,mqpp_4_32_16,59015414,128
1527609904,mqpp_4_32_16,59229123,128
1743539936,mqpp_4_32_32,73748288,128
1744517244,mqpp_4_32_32,73806940,128
1752534470,mqpp_4_32_32,74283722,128
1746520732,mqpp_4_32_32,73803905,128
1745998108,mqpp_4_32_32,73849443,128
2098024680,mqpp_4_32_64,94943436,128
2098445164,mqpp_4_32_64,95488136,128
2070934634,mqpp_4_32_64,94071501,128
2061119934,mqpp_4_32_64,93627050,128
2181328152,mqpp_4_32_64,94531765,128
2449766176,mqpp_4_32_128,119613388,128
2447249666,mqpp_4_32_128,119374992,128
2421996918,mqpp_4_32_128,118275655,128
2466181688,mqpp_4_32_128,120701230,128
2434896168,mqpp_4_32_128,119058584,128
2953331778,mqpp_4_32_256,147669993,128
3017331044,mqpp_4_32_256,150987248,128
2968590746,mqpp_4_32_256,148518871,128
3000674616,mqpp_4_32_256,150085783,128
2980474182,mqpp_4_32_256,149186071,128
3531259168,mqpp_4_32_512,180867969,128
3451279682,mqpp_4_32_512,176445999,128
3488511574,mqpp_4_32_512,178548673,128
3474964324,mqpp_4_32_512,177912278,128
3495188986,mqpp_4_32_512,179053254,128
3931699416,mqpp_4_32_1024,208438886,128
3927279054,mqpp_4_32_1024,208461438,128
3929350432,mqpp_4_32_1024,208242452,128
3914982336,mqpp_4_32_1024,207443870,128
3911465282,mqpp_4_32_1024,207516525,128
1387308358,mqpp_4_64_1,32890599,128
1377390576,mqpp_4_64_1,32975633,128
1386282810,mqpp_4_64_1,32878954,128
1377347354,mqpp_4_64_1,32966700,128
1377100192,mqpp_4_64_1,33003461,128
1304678860,mqpp_4_64_2,36191958,128
1306828038,mqpp_4_64_2,36228339,128
1302827240,mqpp_4_64_2,36200154,128
1302366252,mqpp_4_64_2,36113545,128
1307026676,mqpp_4_64_2,36115075,128
1308569386,mqpp_4_64_4,41098827,128
1307778010,mqpp_4_64_4,41104361,128
1306418344,mqpp_4_64_4,41090154,128
1311088572,mqpp_4_64_4,41310398,128
1312005070,mqpp_4_64_4,41091547,128
1388485372,mqpp_4_64_8,48330289,128
1385375628,mqpp_4_64_8,48419865,128
1385695146,mqpp_4_64_8,48385635,128
1390258286,mqpp_4_64_8,48440156,128
1386700564,mqpp_4_64_8,48372323,128
1517787280,mqpp_4_64_16,58722356,128
1509977430,mqpp_4_64_16,58525830,128
1515435264,mqpp_4_64_16,58559689,128
1523427604,mqpp_4_64_16,58879005,128
1514489014,mqpp_4_64_16,58474965,128
1749705746,mqpp_4_64_32,73820305,128
1746096726,mqpp_4_64_32,73252668,128
1746374116,mqpp_4_64_32,73562592,128
1743008934,mqpp_4_64_32,73332467,128
1753891984,mqpp_4_64_32,74043256,128
2114593364,mqpp_4_64_64,93685041,128
2065596964,mqpp_4_64_64,93680428,128
2060165230,mqpp_4_64_64,93244599,128
2061706032,mqpp_4_64_64,93484235,128
2065019880,mqpp_4_64_64,93547357,128
2394395226,mqpp_4_64_128,116584820,128
2387456072,mqpp_4_64_128,115758994,128
2398642054,mqpp_4_64_128,116659097,128
2374243972,mqpp_4_64_128,115413488,128
2425966612,mqpp_4_64_128,117927882,128
2942563940,mqpp_4_64_256,146741147,128
2930559608,mqpp_4_64_256,146326193,128
2917136258,mqpp_4_64_256,145708036,128
2960612870,mqpp_4_64_256,148061542,128
2916449712,mqpp_4_64_256,145621961,128
3387263104,mqpp_4_64_512,174257039,128
3424853914,mqpp_4_64_512,175577115,128
3451439586,mqpp_4_64_512,177471531,128
3457274246,mqpp_4_64_512,178323426,128
3504281516,mqpp_4_64_512,178754257,128
3883126098,mqpp_4_64_1024,206952437,128
3811656684,mqpp_4_64_1024,202761751,128
3887463170,mqpp_4_64_1024,207081279,128
3882656576,mqpp_4_64_1024,207311726,128
3870458878,mqpp_4_64_1024,206320396,128
1409252396,mqpp_4_128_1,32887907,128
1400404554,mqpp_4_128_1,32958843,128
1379197104,mqpp_4_128_1,32877189,128
1382783988,mqpp_4_128_1,32920097,128
1416713212,mqpp_4_128_1,32929134,128
1316111006,mqpp_4_128_2,36129237,128
1303327748,mqpp_4_128_2,36228863,128
1307481628,mqpp_4_128_2,36166525,128
1311659212,mqpp_4_128_2,36003231,128
1303097800,mqpp_4_128_2,36138613,128
1313943300,mqpp_4_128_4,41046501,128
1324838898,mqpp_4_128_4,41186953,128
1312083890,mqpp_4_128_4,41051950,128
1320748682,mqpp_4_128_4,41114249,128
1320228860,mqpp_4_128_4,41268881,128
1393492262,mqpp_4_128_8,48578148,128
1387430030,mqpp_4_128_8,48331822,128
1386763884,mqpp_4_128_8,48289481,128
1393391254,mqpp_4_128_8,48534122,128
1385757454,mqpp_4_128_8,48533670,128
1512078874,mqpp_4_128_16,58557394,128
1511527726,mqpp_4_128_16,58431682,128
1509772268,mqpp_4_128_16,58380314,128
1520234706,mqpp_4_128_16,58764054,128
1520509730,mqpp_4_128_16,58955206,128
1747866584,mqpp_4_128_32,72837637,128
1754207424,mqpp_4_128_32,73294166,128
1740668978,mqpp_4_128_32,72848564,128
1747363698,mqpp_4_128_32,72792131,128
1753199134,mqpp_4_128_32,73436487,128
2042829700,mqpp_4_128_64,91984015,128
2034856070,mqpp_4_128_64,91443706,128
2040764860,mqpp_4_128_64,92011652,128
2040881164,mqpp_4_128_64,91972399,128
2033021080,mqpp_4_128_64,91502936,128
2381470328,mqpp_4_128_128,115253712,128
2381404856,mqpp_4_128_128,115718593,128
2374827294,mqpp_4_128_128,113030784,128
2379361668,mqpp_4_128_128,115290148,128
2374047298,mqpp_4_128_128,115564400,128
2889147372,mqpp_4_128_256,143506819,128
2895152656,mqpp_4_128_256,143888231,128
2861321120,mqpp_4_128_256,141932577,128
2895967466,mqpp_4_128_256,144157598,128
2829055268,mqpp_4_128_256,140018222,128
3292884246,mqpp_4_128_512,172009586,128
3263279770,mqpp_4_128_512,170239702,128
3245808680,mqpp_4_128_512,169394721,128
3272520492,mqpp_4_128_512,170824252,128
3260683602,mqpp_4_128_512,170037835,128
3745070678,mqpp_4_128_1024,194817665,128
3787652798,mqpp_4_128_1024,196991969,128
3816837864,mqpp_4_128_1024,198930311,128
3682620112,mqpp_4_128_1024,190797345,128
3743031932,mqpp_4_128_1024,194639187,128
1384136494,mqpp_4_256_1,32868356,128
1385808824,mqpp_4_256_1,32908598,128
1382632718,mqpp_4_256_1,32971624,128
1382903300,mqpp_4_256_1,32931283,128
1381984762,mqpp_4_256_1,32866735,128
1309801918,mqpp_4_256_2,36179709,128
1307287090,mqpp_4_256_2,36142593,128
1312694828,mqpp_4_256_2,36238162,128
1308643970,mqpp_4_256_2,36120323,128
1307131950,mqpp_4_256_2,36171346,128
1316840214,mqpp_4_256_4,41094191,128
1315410170,mqpp_4_256_4,41079802,128
1312702636,mqpp_4_256_4,40988699,128
1326658850,mqpp_4_256_4,41486984,128
1322469058,mqpp_4_256_4,41287300,128
1383083074,mqpp_4_256_8,48154060,128
1381315104,mqpp_4_256_8,48145059,128
1387816682,mqpp_4_256_8,48404132,128
1388492730,mqpp_4_256_8,48309054,128
1383535792,mqpp_4_256_8,48129777,128
1519434088,mqpp_4_256_16,58663731,128
1517870588,mqpp_4_256_16,58542116,128
1507622470,mqpp_4_256_16,58226289,128
1519634558,mqpp_4_256_16,58637419,128
1522831300,mqpp_4_256_16,58624704,128
1754288126,mqpp_4_256_32,73558988,128
1731284462,mqpp_4_256_32,72417205,128
1740384630,mqpp_4_256_32,72629803,128
1744026050,mqpp_4_256_32,72842166,128
1757739664,mqpp_4_256_32,73332325,128
2000111574,mqpp_4_256_64,91162423,128
2006014960,mqpp_4_256_64,90936450,128
2024420596,mqpp_4_256_64,92246544,128
2002844034,mqpp_4_256_64,91319977,128
2009766716,mqpp_4_256_64,92032036,128
2393264112,mqpp_4_256_128,113585905,128
2409167144,mqpp_4_256_128,115018254,128
2408550136,mqpp_4_256_128,114541357,128
2365968960,mqpp_4_256_128,112511773,128
2388645770,mqpp_4_256_128,113465365,128
2849631522,mqpp_4_256_256,141727483,128
2830726242,mqpp_4_256_256,140098875,128
2824256706,mqpp_4_256_256,140229944,128
2799438090,mqpp_4_256_256,138919780,128
2801827860,mqpp_4_256_256,139155419,128
3198893222,mqpp_4_256_512,166850037,128
3164628042,mqpp_4_256_512,164331271,128
3216949454,mqpp_4_256_512,166869684,128
3171937472,mqpp_4_256_512,164928816,128
3152768148,mqpp_4_256_512,163415412,128
3600776910,mqpp_4_256_1024,186466916,128
3583378246,mqpp_4_256_1024,185660109,128
3710015968,mqpp_4_256_1024,193069208,128
3642053342,mqpp_4_256_1024,189348306,128
3683746554,mqpp_4_256_1024,191462895,128
1395501476,mqpp_4_512_1,32870487,128
1378646432,mqpp_4_512_1,32895388,128
1376894698,mqpp_4_512_1,32878975,128
1381669106,mqpp_4_512_1,32928106,128
1407638876,mqpp_4_512_1,32883077,128
1313705692,mqpp_4_512_2,36142694,128
1307314436,mqpp_4_512_2,36229326,128
1302795154,mqpp_4_512_2,36157801,128
1305431808,mqpp_4_512_2,36179852,128
1317386260,mqpp_4_512_2,36086253,128
1322651566,mqpp_4_512_4,41209711,128
1320165568,mqpp_4_512_4,41153228,128
1318778080,mqpp_4_512_4,41185382,128
1315543708,mqpp_4_512_4,41109059,128
1322030650,mqpp_4_512_4,41031117,128
1379796524,mqpp_4_512_8,48138380,128
1390469866,mqpp_4_512_8,48380489,128
1388040278,mqpp_4_512_8,48285615,128
1389465124,mqpp_4_512_8,48385560,128
1392443516,mqpp_4_512_8,48454014,128
1529051376,mqpp_4_512_16,58588617,128
1539246040,mqpp_4_512_16,58930190,128
1537033222,mqpp_4_512_16,59007949,128
1528118908,mqpp_4_512_16,58553735,128
1522044684,mqpp_4_512_16,58387595,128
1737363520,mqpp_4_512_32,72478624,128
1741746488,mqpp_4_512_32,72553282,128
1740981836,mqpp_4_512_32,72570873,128
1749443756,mqpp_4_512_32,72654854,128
1749721674,mqpp_4_512_32,72949576,128
2016025394,mqpp_4_512_64,91594429,128
2003580160,mqpp_4_512_64,91410518,128
1993811656,mqpp_4_512_64,90269765,128
2009171432,mqpp_4_512_64,91391686,128
2007603162,mqpp_4_512_64,91525577,128
2383409054,mqpp_4_512_128,113073019,128
2379484918,mqpp_4_512_128,113134925,128
2378523846,mqpp_4_512_128,113325213,128
2408747992,mqpp_4_512_128,114932740,128
2374409612,mqpp_4_512_128,112879171,128
2781883338,mqpp_4_512_256,137752603,128
2775504376,mqpp_4_512_256,137422460,128
2823684782,mqpp_4_512_256,139781465,128
2828560044,mqpp_4_512_256,139931356,128
2777723738,mqpp_4_512_256,137371835,128
3208917110,mqpp_4_512_512,166863358,128
3107794950,mqpp_4_512_512,161042683,128
3130926508,mqpp_4_512_512,162221289,128
3134101000,mqpp_4_512_512,162538607,128
3100194766,mqpp_4_512_512,160345083,128
3574246568,mqpp_4_512_1024,184449969,128
3539837920,mqpp_4_512_1024,182407560,128
3679524740,mqpp_4_512_1024,190660908,128
3614404484,mqpp_4_512_1024,186518493,128
3613006574,mqpp_4_512_1024,186528308,128
1392064070,mqpp_4_1024_1,32912590,128
1384842256,mqpp_4_1024_1,32986102,128
1422391062,mqpp_4_1024_1,32930084,128
1382214988,mqpp_4_1024_1,32934611,128
1394591154,mqpp_4_1024_1,32885853,128
1332984050,mqpp_4_1024_2,36172542,128
1318354696,mqpp_4_1024_2,36219213,128
1309720984,mqpp_4_1024_2,36172574,128
1313986880,mqpp_4_1024_2,36198311,128
1317415122,mqpp_4_1024_2,36247165,128
1319769844,mqpp_4_1024_4,41037880,128
1328743454,mqpp_4_1024_4,41289155,128
1315412534,mqpp_4_1024_4,40998396,128
1316954036,mqpp_4_1024_4,41109900,128
1320270232,mqpp_4_1024_4,41176867,128
1425061610,mqpp_4_1024_8,48419567,128
1387262892,mqpp_4_1024_8,48298547,128
1396376820,mqpp_4_1024_8,48533495,128
1394230768,mqpp_4_1024_8,48442176,128
1400775698,mqpp_4_1024_8,48578807,128
1533336682,mqpp_4_1024_16,58798472,128
1531045826,mqpp_4_1024_16,58799155,128
1524774842,mqpp_4_1024_16,58420093,128
1527769736,mqpp_4_1024_16,58674454,128
1523845126,mqpp_4_1024_16,58452827,128
1748775342,mqpp_4_1024_32,73047828,128
1740003310,mqpp_4_1024_32,72527536,128
1740468424,mqpp_4_1024_32,72590097,128
1744903274,mqpp_4_1024_32,72908002,128
1737452076,mqpp_4_1024_32,72562880,128
1993578460,mqpp_4_1024_64,90497548,128
2007355882,mqpp_4_1024_64,91082567,128
1982619070,mqpp_4_1024_64,89859021,128
2013198978,mqpp_4_1024_64,91673461,128
1993402300,mqpp_4_1024_64,90702471,128
2380669152,mqpp_4_1024_128,113091489,128
2381140334,mqpp_4_1024_128,112897770,128
2368548654,mqpp_4_1024_128,112165098,128
2380933118,mqpp_4_1024_128,112889088,128
2431492832,mqpp_4_1024_128,115663437,128
2749185438,mqpp_4_1024_256,137174741,128
2765926846,mqpp_4_1024_256,138021722,128
2765545556,mqpp_4_1024_256,137406867,128
2754786322,mqpp_4_1024_256,137046963,128
2787699558,mqpp_4_1024_256,138897943,128
3145583888,mqpp_4_1024_512,159395780,128
3155003998,mqpp_4_1024_512,159930457,128
3209666112,mqpp_4_1024_512,162894330,128
3207663690,mqpp_4_1024_512,163084892,128
3244958790,mqpp_4_1024_512,159265618,128
3489968030,mqpp_4_1024_1024,179444547,128
3536262560,mqpp_4_1024_1024,182787339,128
3573731738,mqpp_4_1024_1024,184707896,128
3539861678,mqpp_4_1024_1024,182682035,128
3493683588,mqpp_4_1024_1024,179638991,128
