13444658718,mqpp_4_1_1,47935441,128,0
13608146478,mqpp_4_1_1,47936550,128,0
14264641966,mqpp_4_1_1,47941113,128,0
13015383624,mqpp_4_1_1,47935533,128,0
14946809774,mqpp_4_1_1,47960312,128,0
12381844688,mqpp_4_1_2,47935248,128,0
12040705898,mqpp_4_1_2,47942902,128,0
12147123838,mqpp_4_1_2,47961432,128,0
13441026462,mqpp_4_1_2,47964483,128,0
11974698088,mqpp_4_1_2,47942328,128,0
12819370780,mqpp_4_1_4,47954012,128,0
13093806632,mqpp_4_1_4,47960757,128,0
11842601220,mqpp_4_1_4,47953323,128,0
11946058056,mqpp_4_1_4,47943857,128,0
12423340094,mqpp_4_1_4,47952817,128,0
11398583934,mqpp_4_1_8,47946077,128,0
11481338328,mqpp_4_1_8,47955609,128,0
14971007926,mqpp_4_1_8,47953064,128,0
12177565836,mqpp_4_1_8,47954336,128,0
12112058470,mqpp_4_1_8,47947836,128,0
12108117156,mqpp_4_1_16,47960869,128,0
12501588000,mqpp_4_1_16,47963388,128,0
12368232844,mqpp_4_1_16,47959729,128,0
11894213856,mqpp_4_1_16,47956848,128,0
12848229762,mqpp_4_1_16,47972200,128,0
13090035386,mqpp_4_1_32,47952736,128,0
14487724824,mqpp_4_1_32,47947093,128,0
12943915340,mqpp_4_1_32,47961453,128,0
12961108758,mqpp_4_1_32,47948864,128,0
12553279722,mqpp_4_1_32,47959704,128,0
12496402790,mqpp_4_1_64,47966359,128,0
13244414068,mqpp_4_1_64,47968215,128,0
11482483446,mqpp_4_1_64,47963883,128,0
17364834388,mqpp_4_1_64,47985611,128,0
12098752640,mqpp_4_1_64,47963173,128,0
13799670028,mqpp_4_1_128,47970839,128,0
13734232336,mqpp_4_1_128,47963219,128,0
13535291978,mqpp_4_1_128,47969064,128,0
13292515988,mqpp_4_1_128,47970780,128,0
12367915142,mqpp_4_1_128,47963012,128,0
13354687380,mqpp_4_1_256,47974998,128,0
13983274160,mqpp_4_1_256,47975325,128,0
12151461314,mqpp_4_1_256,47974307,128,0
13785625374,mqpp_4_1_256,47996880,128,0
12316880636,mqpp_4_1_256,47976580,128,0
14602196866,mqpp_4_1_512,48004074,128,0
15413801256,mqpp_4_1_512,48013007,128,0
12499691152,mqpp_4_1_512,47979997,128,0
15173229392,mqpp_4_1_512,48011521,128,0
13503710024,mqpp_4_1_512,47986876,128,0
13803817320,mqpp_4_1_1024,47990502,128,0
14528080264,mqpp_4_1_1024,47976843,128,0
12901896758,mqpp_4_1_1024,47989451,128,0
13722165386,mqpp_4_1_1024,47985873,128,0
14291575672,mqpp_4_1_1024,47987724,128,0
13165307666,mqpp_4_2_1,48089306,128,0
12561780604,mqpp_4_2_1,48090178,128,0
13122267176,mqpp_4_2_1,48087488,128,0
13071159260,mqpp_4_2_1,48089504,128,0
13136981218,mqpp_4_2_1,48091541,128,0
14116475782,mqpp_4_2_2,48071992,128,0
13104127546,mqpp_4_2_2,48079362,128,0
12810814512,mqpp_4_2_2,48054678,128,0
12216955938,mqpp_4_2_2,48079432,128,0
12942862704,mqpp_4_2_2,48061975,128,0
12802756126,mqpp_4_2_4,48059437,128,0
12029049064,mqpp_4_2_4,48051098,128,0
13662699552,mqpp_4_2_4,48069005,128,0
12494693114,mqpp_4_2_4,48042108,128,0
12236173730,mqpp_4_2_4,48043948,128,0
11868795046,mqpp_4_2_8,48031808,128,0
18252097194,mqpp_4_2_8,48035727,128,0
13820870400,mqpp_4_2_8,48025972,128,0
12029919020,mqpp_4_2_8,48028347,128,0
12401219464,mqpp_4_2_8,48038848,128,0
12825455262,mqpp_4_2_16,48035053,128,0
14031515416,mqpp_4_2_16,48042399,128,0
14433596608,mqpp_4_2_16,48041867,128,0
12998531560,mqpp_4_2_16,48030851,128,0
12904983166,mqpp_4_2_16,48027540,128,0
12201099320,mqpp_4_2_32,48004015,128,0
13712308492,mqpp_4_2_32,48006553,128,0
14639919626,mqpp_4_2_32,48029649,128,0
14077665498,mqpp_4_2_32,48007114,128,0
12586281468,mqpp_4_2_32,48006574,128,0
12023171586,mqpp_4_2_64,47978398,128,0
11941547908,mqpp_4_2_64,47985837,128,0
11224227502,mqpp_4_2_64,47979253,128,0
12753536522,mqpp_4_2_64,47987789,128,0
13320771746,mqpp_4_2_64,47997731,128,0
12424076424,mqpp_4_2_128,47982832,128,0
11976120848,mqpp_4_2_128,47986431,128,0
12612120034,mqpp_4_2_128,47987846,128,0
12603251634,mqpp_4_2_128,47984413,128,0
11279725108,mqpp_4_2_128,47977010,128,0
12419957664,mqpp_4_2_256,47975455,128,0
12667949868,mqpp_4_2_256,47982854,128,0
12412782094,mqpp_4_2_256,47978386,128,0
12905508188,mqpp_4_2_256,47981218,128,0
12225890454,mqpp_4_2_256,47982938,128,0
12374710432,mqpp_4_2_512,47999998,128,0
14301033210,mqpp_4_2_512,47992868,128,0
12083261446,mqpp_4_2_512,47987593,128,0
12308540938,mqpp_4_2_512,47997594,128,0
12364201956,mqpp_4_2_512,47991069,128,0
14149949548,mqpp_4_2_1024,48016042,128,0
12608513772,mqpp_4_2_1024,48006068,128,0
14425662858,mqpp_4_2_1024,48015717,128,0
14422982326,mqpp_4_2_1024,48019833,128,0
13306600050,mqpp_4_2_1024,47999887,128,0
12533369374,mqpp_4_4_1,48202206,128,0
12241066790,mqpp_4_4_1,48204891,128,0
12465444042,mqpp_4_4_1,48198243,128,0
14204737002,mqpp_4_4_1,48202555,128,0
14088002674,mqpp_4_4_1,48204868,128,0
12626059836,mqpp_4_4_2,48164883,128,0
13110939696,mqpp_4_4_2,48170261,128,0
15302336716,mqpp_4_4_2,48187337,128,0
13448899488,mqpp_4_4_2,48176156,128,0
13134038680,mqpp_4_4_2,48168466,128,0
11759700202,mqpp_4_4_4,48119110,128,0
11946551222,mqpp_4_4_4,48117157,128,0
13645427186,mqpp_4_4_4,48139195,128,0
12290057564,mqpp_4_4_4,48130693,128,0
12699499936,mqpp_4_4_4,48123602,128,0
13916245164,mqpp_4_4_8,48101329,128,0
13040073770,mqpp_4_4_8,48088976,128,0
11887664904,mqpp_4_4_8,48080781,128,0
12059299236,mqpp_4_4_8,48083251,128,0
12727797222,mqpp_4_4_8,48102603,128,0
13134439446,mqpp_4_4_16,48051511,128,0
13068953064,mqpp_4_4_16,48061681,128,0
13098193584,mqpp_4_4_16,48075899,128,0
15477693250,mqpp_4_4_16,48042627,128,0
11614906700,mqpp_4_4_16,48047170,128,0
11539692810,mqpp_4_4_32,48011324,128,0
12827873160,mqpp_4_4_32,48035149,128,0
12165946172,mqpp_4_4_32,48017452,128,0
12557187506,mqpp_4_4_32,48036306,128,0
13461777126,mqpp_4_4_32,48034972,128,0
13042962502,mqpp_4_4_64,48013784,128,0
12659058322,mqpp_4_4_64,48017191,128,0
12897762170,mqpp_4_4_64,48018090,128,0
12268370390,mqpp_4_4_64,48002620,128,0
12492528546,mqpp_4_4_64,47996890,128,0
11907636516,mqpp_4_4_128,47988731,128,0
12559002224,mqpp_4_4_128,48003508,128,0
11626648358,mqpp_4_4_128,47989407,128,0
12249271126,mqpp_4_4_128,47981396,128,0
14395040052,mqpp_4_4_128,47999315,128,0
11466491088,mqpp_4_4_256,47985477,128,0
12390104518,mqpp_4_4_256,47984182,128,0
13105340238,mqpp_4_4_256,48006122,128,0
12050157900,mqpp_4_4_256,47992359,128,0
12721383898,mqpp_4_4_256,47989748,128,0
13283397654,mqpp_4_4_512,47998959,128,0
13036230026,mqpp_4_4_512,47977048,128,0
14448818416,mqpp_4_4_512,47991692,128,0
11866946930,mqpp_4_4_512,47981724,128,0
13547985128,mqpp_4_4_512,48005996,128,0
15223872492,mqpp_4_4_1024,48024897,128,0
13122152332,mqpp_4_4_1024,47999175,128,0
13953041572,mqpp_4_4_1024,48004852,128,0
14925485566,mqpp_4_4_1024,47997269,128,0
13792682184,mqpp_4_4_1024,48010513,128,0
13718957604,mqpp_4_8_1,48265557,128,0
13741450260,mqpp_4_8_1,48265155,128,0
12811786218,mqpp_4_8_1,48270679,128,0
13544783372,mqpp_4_8_1,48274068,128,0
12519402796,mqpp_4_8_1,48272817,128,0
13288932758,mqpp_4_8_2,48241066,128,0
11970055798,mqpp_4_8_2,48227773,128,0
13885952616,mqpp_4_8_2,48231976,128,0
12678821236,mqpp_4_8_2,48220844,128,0
11808538180,mqpp_4_8_2,48228269,128,0
12474937902,mqpp_4_8_4,48185334,128,0
12494944574,mqpp_4_8_4,48165894,128,0
13409032126,mqpp_4_8_4,48177482,128,0
14508752468,mqpp_4_8_4,48113846,128,0
11829074780,mqpp_4_8_4,48163495,128,0
11178905984,mqpp_4_8_8,48122502,128,0
12476514280,mqpp_4_8_8,48120935,128,0
12375527902,mqpp_4_8_8,48113691,128,0
12285359362,mqpp_4_8_8,48151142,128,0
11967170942,mqpp_4_8_8,48109967,128,0
13995235696,mqpp_4_8_16,48109904,128,0
11462859560,mqpp_4_8_16,48085643,128,0
13279324206,mqpp_4_8_16,48076713,128,0
11405988190,mqpp_4_8_16,48072369,128,0
11284591064,mqpp_4_8_16,48069078,128,0
12177548654,mqpp_4_8_32,48055268,128,0
11446914452,mqpp_4_8_32,48030516,128,0
12039698088,mqpp_4_8_32,48042078,128,0
12691414414,mqpp_4_8_32,48053939,128,0
11314190278,mqpp_4_8_32,48047701,128,0
11135322440,mqpp_4_8_64,48011509,128,0
12697009864,mqpp_4_8_64,48030628,128,0
11078602862,mqpp_4_8_64,48007450,128,0
11857073976,mqpp_4_8_64,48009947,128,0
11538932716,mqpp_4_8_64,48020722,128,0
12415419244,mqpp_4_8_128,48004280,128,0
11067691190,mqpp_4_8_128,47996451,128,0
13105545072,mqpp_4_8_128,48008602,128,0
12438836430,mqpp_4_8_128,48008130,128,0
11407858254,mqpp_4_8_128,48001587,128,0
13104557162,mqpp_4_8_256,48015900,128,0
11988755636,mqpp_4_8_256,48009761,128,0
13519187136,mqpp_4_8_256,48013677,128,0
11534890032,mqpp_4_8_256,47997407,128,0
13508509784,mqpp_4_8_256,48010729,128,0
12364146064,mqpp_4_8_512,47994606,128,0
14224512234,mqpp_4_8_512,47989350,128,0
14716500132,mqpp_4_8_512,48032562,128,0
12892374422,mqpp_4_8_512,48002859,128,0
13776067328,mqpp_4_8_512,48015167,128,0
15951757832,mqpp_4_8_1024,48018550,128,0
12170602390,mqpp_4_8_1024,47992518,128,0
15394931648,mqpp_4_8_1024,48021559,128,0
13205083352,mqpp_4_8_1024,47991555,128,0
12631174222,mqpp_4_8_1024,47999848,128,0
12869694572,mqpp_4_16_1,48314274,128,0
13382550106,mqpp_4_16_1,48306972,128,0
14150439992,mqpp_4_16_1,48313627,128,0
12593720034,mqpp_4_16_1,48266347,128,0
12393332172,mqpp_4_16_1,48312134,128,0
11984299738,mqpp_4_16_2,48249613,128,0
13940120780,mqpp_4_16_2,48206873,128,0
12982746742,mqpp_4_16_2,48245915,128,0
13192513176,mqpp_4_16_2,48255874,128,0
12179089998,mqpp_4_16_2,48274791,128,0
14152725798,mqpp_4_16_4,48212862,128,0
13250924592,mqpp_4_16_4,48224030,128,0
12557305048,mqpp_4_16_4,48209846,128,0
12633479554,mqpp_4_16_4,48207810,128,0
11401416006,mqpp_4_16_4,48225817,128,0
11435420224,mqpp_4_16_8,48164180,128,0
12618364484,mqpp_4_16_8,48150400,128,0
11441808258,mqpp_4_16_8,48146175,128,0
12153362842,mqpp_4_16_8,48142520,128,0
11629003500,mqpp_4_16_8,48155030,128,0
12249706434,mqpp_4_16_16,48100789,128,0
12455227862,mqpp_4_16_16,48103856,128,0
11559915976,mqpp_4_16_16,48106671,128,0
12586166908,mqpp_4_16_16,48101267,128,0
12025602316,mqpp_4_16_16,48094707,128,0
12865747060,mqpp_4_16_32,48092822,128,0
12807343184,mqpp_4_16_32,48069303,128,0
11136171248,mqpp_4_16_32,48062083,128,0
12939996198,mqpp_4_16_32,48051907,128,0
11483204980,mqpp_4_16_32,48045426,128,0
13073840382,mqpp_4_16_64,48056312,128,0
12846901714,mqpp_4_16_64,48052482,128,0
11120302142,mqpp_4_16_64,48031568,128,0
12236178414,mqpp_4_16_64,48047376,128,0
13092339372,mqpp_4_16_64,48045200,128,0
11746325986,mqpp_4_16_128,47993589,128,0
13241498918,mqpp_4_16_128,48020570,128,0
13071266642,mqpp_4_16_128,48021987,128,0
12709915474,mqpp_4_16_128,48024520,128,0
12434781912,mqpp_4_16_128,48015338,128,0
13453785050,mqpp_4_16_256,48022567,128,0
13948249694,mqpp_4_16_256,48015634,128,0
11925893142,mqpp_4_16_256,47995462,128,0
12957730296,mqpp_4_16_256,48009482,128,0
11864124218,mqpp_4_16_256,48006324,128,0
12069623856,mqpp_4_16_512,47993641,128,0
12195964798,mqpp_4_16_512,47993189,128,0
13974494192,mqpp_4_16_512,48018376,128,0
13825689770,mqpp_4_16_512,48022109,128,0
12031195356,mqpp_4_16_512,47997304,128,0
13475297230,mqpp_4_16_1024,47990889,128,0
13693518894,mqpp_4_16_1024,48014592,128,0
13086777812,mqpp_4_16_1024,47989450,128,0
14721005658,mqpp_4_16_1024,48030283,128,0
13270463792,mqpp_4_16_1024,48005975,128,0
14546511948,mqpp_4_32_1,48339022,128,0
13360924082,mqpp_4_32_1,48348955,128,0
12815289006,mqpp_4_32_1,48342882,128,0
13162755728,mqpp_4_32_1,48335079,128,0
12751537752,mqpp_4_32_1,48341934,128,0
13438885008,mqpp_4_32_2,48295516,128,0
13562996110,mqpp_4_32_2,48288463,128,0
12295291808,mqpp_4_32_2,48279452,128,0
12069271680,mqpp_4_32_2,48292563,128,0
11679331998,mqpp_4_32_2,48290370,128,0
13673773014,mqpp_4_32_4,48228709,128,0
12712370046,mqpp_4_32_4,48218914,128,0
12590700202,mqpp_4_32_4,48254105,128,0
13020796012,mqpp_4_32_4,48232449,128,0
11665561680,mqpp_4_32_4,48246026,128,0
11902613988,mqpp_4_32_8,48181827,128,0
12001319334,mqpp_4_32_8,48168677,128,0
11619140770,mqpp_4_32_8,48142629,128,0
13138641524,mqpp_4_32_8,48169102,128,0
11136494250,mqpp_4_32_8,48167904,128,0
12467272578,mqpp_4_32_16,48097672,128,0
11464511532,mqpp_4_32_16,48082531,128,0
11670968224,mqpp_4_32_16,48089577,128,0
12399329582,mqpp_4_32_16,48119898,128,0
12348747676,mqpp_4_32_16,48104007,128,0
12283769698,mqpp_4_32_32,48062881,128,0
11356006186,mqpp_4_32_32,48064545,128,0
11069260088,mqpp_4_32_32,48069520,128,0
11787462660,mqpp_4_32_32,48052222,128,0
11892536218,mqpp_4_32_32,48059319,128,0
11925095488,mqpp_4_32_64,48025277,128,0
12619906184,mqpp_4_32_64,48055919,128,0
12556232918,mqpp_4_32_64,48061288,128,0
11227557132,mqpp_4_32_64,48025293,128,0
13756589092,mqpp_4_32_64,48053871,128,0
12935333942,mqpp_4_32_128,48013477,128,0
14319081492,mqpp_4_32_128,48060650,128,0
14169271340,mqpp_4_32_128,48034923,128,0
11283192528,mqpp_4_32_128,48013371,128,0
11714617762,mqpp_4_32_128,48022323,128,0
12265887400,mqpp_4_32_256,48005069,128,0
12617011004,mqpp_4_32_256,48014406,128,0
13820539450,mqpp_4_32_256,48030400,128,0
11885619620,mqpp_4_32_256,47992357,128,0
11747991954,mqpp_4_32_256,48009959,128,0
13247959490,mqpp_4_32_512,48012735,128,0
14861327584,mqpp_4_32_512,48037386,128,0
12129759654,mqpp_4_32_512,47996121,128,0
13325952604,mqpp_4_32_512,48016645,128,0
12005653348,mqpp_4_32_512,48000627,128,0
14242074854,mqpp_4_32_1024,48022084,128,0
14110050612,mqpp_4_32_1024,48017825,128,0
13332081900,mqpp_4_32_1024,47996766,128,0
12561711964,mqpp_4_32_1024,48011555,128,0
13145210842,mqpp_4_32_1024,48012102,128,0
12838264954,mqpp_4_64_1,48357766,128,0
13334611122,mqpp_4_64_1,48310080,128,0
12741679416,mqpp_4_64_1,48352144,128,0
13885866994,mqpp_4_64_1,48349076,128,0
14190397110,mqpp_4_64_1,48354553,128,0
12718308474,mqpp_4_64_2,48296874,128,0
12452766488,mqpp_4_64_2,48301528,128,0
13462078606,mqpp_4_64_2,48314698,128,0
13257184910,mqpp_4_64_2,48216171,128,0
14009654936,mqpp_4_64_2,48315391,128,0
11597358562,mqpp_4_64_4,48256393,128,0
12679621466,mqpp_4_64_4,48251999,128,0
12997116318,mqpp_4_64_4,48224041,128,0
12566660922,mqpp_4_64_4,48235999,128,0
12060024150,mqpp_4_64_4,48228605,128,0
11694471112,mqpp_4_64_8,48183737,128,0
12153352664,mqpp_4_64_8,48197992,128,0
12945237250,mqpp_4_64_8,48172976,128,0
12757663750,mqpp_4_64_8,48161868,128,0
12849501824,mqpp_4_64_8,48162177,128,0
12425668584,mqpp_4_64_16,48152775,128,0
12034208218,mqpp_4_64_16,48112382,128,0
13502987384,mqpp_4_64_16,48135649,128,0
13110454434,mqpp_4_64_16,48125398,128,0
13394743444,mqpp_4_64_16,48163724,128,0
12321244528,mqpp_4_64_32,48079189,128,0
11734999764,mqpp_4_64_32,48083161,128,0
12006290800,mqpp_4_64_32,48062551,128,0
12259876194,mqpp_4_64_32,48068049,128,0
11015060814,mqpp_4_64_32,48070218,128,0
11226176970,mqpp_4_64_64,48042037,128,0
11726882022,mqpp_4_64_64,48027175,128,0
11952809620,mqpp_4_64_64,48046967,128,0
13627408214,mqpp_4_64_64,48067252,128,0
13006685430,mqpp_4_64_64,48050767,128,0
12446410968,mqpp_4_64_128,48004917,128,0
11502416690,mqpp_4_64_128,48007318,128,0
12178965186,mqpp_4_64_128,48010669,128,0
12244571806,mqpp_4_64_128,48017826,128,0
13245235668,mqpp_4_64_128,48035181,128,0
12211429558,mqpp_4_64_256,48001495,128,0
13009463320,mqpp_4_64_256,48024794,128,0
12569530900,mqpp_4_64_256,48002429,128,0
12788365752,mqpp_4_64_256,48002706,128,0
13562636680,mqpp_4_64_256,48033604,128,0
13109426214,mqpp_4_64_512,48010492,128,0
13707370528,mqpp_4_64_512,48004339,128,0
13620245818,mqpp_4_64_512,48003776,128,0
11822340496,mqpp_4_64_512,47998305,128,0
13351887060,mqpp_4_64_512,48021332,128,0
12290483372,mqpp_4_64_1024,47993247,128,0
14922170062,mqpp_4_64_1024,48032098,128,0
13841048160,mqpp_4_64_1024,48010691,128,0
14155082852,mqpp_4_64_1024,48022030,128,0
13133016064,mqpp_4_64_1024,48016764,128,0
13364392432,mqpp_4_128_1,48363964,128,0
12804930064,mqpp_4_128_1,48361905,128,0
12527111026,mqpp_4_128_1,48366059,128,0
13441579328,mqpp_4_128_1,48304465,128,0
13243416876,mqpp_4_128_1,48358471,128,0
12389722728,mqpp_4_128_2,48300076,128,0
12563440166,mqpp_4_128_2,48304193,128,0
12003593410,mqpp_4_128_2,48312093,128,0
12084340284,mqpp_4_128_2,48308909,128,0
11748318704,mqpp_4_128_2,48321530,128,0
12060529728,mqpp_4_128_4,48270780,128,0
15062383612,mqpp_4_128_4,48265933,128,0
12301172968,mqpp_4_128_4,48236775,128,0
11463381806,mqpp_4_128_4,48258345,128,0
11791178676,mqpp_4_128_4,48226895,128,0
12654152278,mqpp_4_128_8,48175701,128,0
11876832268,mqpp_4_128_8,48163622,128,0
11685822342,mqpp_4_128_8,48179670,128,0
11848806668,mqpp_4_128_8,48196139,128,0
12204818566,mqpp_4_128_8,48188509,128,0
12969195370,mqpp_4_128_16,48117604,128,0
12391966666,mqpp_4_128_16,48123237,128,0
14319446114,mqpp_4_128_16,48142492,128,0
12201106138,mqpp_4_128_16,48120954,128,0
12445628468,mqpp_4_128_16,48110782,128,0
11995168524,mqpp_4_128_32,48085700,128,0
13128752696,mqpp_4_128_32,48069499,128,0
12839371932,mqpp_4_128_32,48066023,128,0
11510586972,mqpp_4_128_32,48055374,128,0
12183165844,mqpp_4_128_32,48103017,128,0
11499238832,mqpp_4_128_64,48025219,128,0
11764544712,mqpp_4_128_64,48027125,128,0
13317086298,mqpp_4_128_64,48025962,128,0
11613103746,mqpp_4_128_64,48048290,128,0
10808555730,mqpp_4_128_64,48031878,128,0
13008321128,mqpp_4_128_128,48024008,128,0
11679754114,mqpp_4_128_128,48008083,128,0
12028791642,mqpp_4_128_128,48016888,128,0
11261131756,mqpp_4_128_128,48019307,128,0
14306087100,mqpp_4_128_128,48064758,128,0
12894847736,mqpp_4_128_256,48021163,128,0
12289436210,mqpp_4_128_256,48020003,128,0
14105067646,mqpp_4_128_256,48034349,128,0
11583705964,mqpp_4_128_256,48009869,128,0
11315895810,mqpp_4_128_256,48003731,128,0
11576790282,mqpp_4_128_512,47994385,128,0
13231550004,mqpp_4_128_512,48014130,128,0
13321697944,mqpp_4_128_512,48008867,128,0
12664963204,mqpp_4_128_512,48000024,128,0
11777067300,mqpp_4_128_512,48007498,128,0
14488830396,mqpp_4_128_1024,48024757,128,0
12552769456,mqpp_4_128_1024,48004763,128,0
13331178080,mqpp_4_128_1024,48014553,128,0
13381815518,mqpp_4_128_1024,47999585,128,0
13278547666,mqpp_4_128_1024,48006261,128,0
13852049320,mqpp_4_256_1,48373253,128,0
12840089690,mqpp_4_256_1,48369019,128,0
12278018938,mqpp_4_256_1,48371324,128,0
13197712548,mqpp_4_256_1,48369715,128,0
13247202758,mqpp_4_256_1,48365673,128,0
13188904542,mqpp_4_256_2,48325174,128,0
12548463622,mqpp_4_256_2,48310302,128,0
12186028366,mqpp_4_256_2,48310209,128,0
12083713058,mqpp_4_256_2,48304300,128,0
13755659810,mqpp_4_256_2,48340701,128,0
11860823272,mqpp_4_256_4,48271988,128,0
11526972594,mqpp_4_256_4,48242201,128,0
11565097334,mqpp_4_256_4,48267056,128,0
11601671264,mqpp_4_256_4,48242255,128,0
12106025236,mqpp_4_256_4,48244746,128,0
11285342230,mqpp_4_256_8,48164725,128,0
12114555196,mqpp_4_256_8,48179671,128,0
11717743706,mqpp_4_256_8,48175359,128,0
12381758006,mqpp_4_256_8,48177936,128,0
11845558632,mqpp_4_256_8,48165895,128,0
11627000016,mqpp_4_256_16,48126903,128,0
11700674990,mqpp_4_256_16,48132100,128,0
12237319072,mqpp_4_256_16,48119837,128,0
12588722638,mqpp_4_256_16,48115663,128,0
12220998266,mqpp_4_256_16,48137227,128,0
11069415908,mqpp_4_256_32,48068918,128,0
10854056518,mqpp_4_256_32,48088083,128,0
13009339172,mqpp_4_256_32,48085266,128,0
11099924400,mqpp_4_256_32,48072269,128,0
11380420564,mqpp_4_256_32,48057726,128,0
11586922094,mqpp_4_256_64,48028244,128,0
11881972000,mqpp_4_256_64,48028775,128,0
13100769604,mqpp_4_256_64,48049378,128,0
12860079768,mqpp_4_256_64,48048654,128,0
11194332032,mqpp_4_256_64,48023978,128,0
12440576846,mqpp_4_256_128,48028765,128,0
12689388708,mqpp_4_256_128,48039127,128,0
11234816348,mqpp_4_256_128,48023766,128,0
12315270936,mqpp_4_256_128,48028039,128,0
12861796372,mqpp_4_256_128,48019698,128,0
11313509448,mqpp_4_256_256,48009737,128,0
12100866416,mqpp_4_256_256,48016976,128,0
14412347474,mqpp_4_256_256,48027126,128,0
12880292672,mqpp_4_256_256,48021314,128,0
12750620278,mqpp_4_256_256,48023838,128,0
13026729536,mqpp_4_256_512,48020446,128,0
12592354088,mqpp_4_256_512,48013897,128,0
12788863124,mqpp_4_256_512,48017598,128,0
12227466444,mqpp_4_256_512,48000830,128,0
13046448010,mqpp_4_256_512,48018019,128,0
13373532302,mqpp_4_256_1024,48012902,128,0
13749563934,mqpp_4_256_1024,48020284,128,0
13499173542,mqpp_4_256_1024,48011543,128,0
13311368276,mqpp_4_256_1024,48022893,128,0
12073448148,mqpp_4_256_1024,47991657,128,0
12747102722,mqpp_4_512_1,48370195,128,0
13853252372,mqpp_4_512_1,48262309,128,0
13948678216,mqpp_4_512_1,48383682,128,0
14185663118,mqpp_4_512_1,48380887,128,0
13449551864,mqpp_4_512_1,48373128,128,0
12080210250,mqpp_4_512_2,48293080,128,0
12046475578,mqpp_4_512_2,48321862,128,0
13845516892,mqpp_4_512_2,48316021,128,0
12268015402,mqpp_4_512_2,48305600,128,0
13385962144,mqpp_4_512_2,48323683,128,0
13348033308,mqpp_4_512_4,48283289,128,0
12528419642,mqpp_4_512_4,48246395,128,0
11969309320,mqpp_4_512_4,48236848,128,0
11377666694,mqpp_4_512_4,48268144,128,0
12103764034,mqpp_4_512_4,48255599,128,0
10873069342,mqpp_4_512_8,48203903,128,0
10921271956,mqpp_4_512_8,48178252,128,0
11484568744,mqpp_4_512_8,48198295,128,0
12550017212,mqpp_4_512_8,48224309,128,0
12319552368,mqpp_4_512_8,48174775,128,0
10654514592,mqpp_4_512_16,48159100,128,0
12618691302,mqpp_4_512_16,48154375,128,0
11254283292,mqpp_4_512_16,48120901,128,0
11504651112,mqpp_4_512_16,48110712,128,0
11063655582,mqpp_4_512_16,48106567,128,0
11801546520,mqpp_4_512_32,48069601,128,0
12162030476,mqpp_4_512_32,48070585,128,0
11534863906,mqpp_4_512_32,48075432,128,0
11908157604,mqpp_4_512_32,48070042,128,0
11022152820,mqpp_4_512_32,48074308,128,0
11806835056,mqpp_4_512_64,48034953,128,0
11197079772,mqpp_4_512_64,48037559,128,0
12555092174,mqpp_4_512_64,48066921,128,0
15911980904,mqpp_4_512_64,48057207,128,0
11417329924,mqpp_4_512_64,48045737,128,0
11314142374,mqpp_4_512_128,48004188,128,0
11687608466,mqpp_4_512_128,48010250,128,0
11693306036,mqpp_4_512_128,48013782,128,0
12005457430,mqpp_4_512_128,48019932,128,0
12304418282,mqpp_4_512_128,48016505,128,0
12719256322,mqpp_4_512_256,48028427,128,0
12901753050,mqpp_4_512_256,48029283,128,0
11996909344,mqpp_4_512_256,48010322,128,0
12497873574,mqpp_4_512_256,48008041,128,0
11550749266,mqpp_4_512_256,47998018,128,0
13094079266,mqpp_4_512_512,48025633,128,0
12026151816,mqpp_4_512_512,47999053,128,0
12450303514,mqpp_4_512_512,48011037,128,0
13418205416,mqpp_4_512_512,48026151,128,0
12299287358,mqpp_4_512_512,48009711,128,0
14045320446,mqpp_4_512_1024,48022647,128,0
12986575416,mqpp_4_512_1024,48016835,128,0
12909970124,mqpp_4_512_1024,48006626,128,0
13463020492,mqpp_4_512_1024,48022372,128,0
13667871344,mqpp_4_512_1024,48022551,128,0
11827654814,mqpp_4_1024_1,48389223,128,0
12799769874,mqpp_4_1024_1,48365085,128,0
12046658268,mqpp_4_1024_1,48375236,128,0
12407099644,mqpp_4_1024_1,48386854,128,0
12595253140,mqpp_4_1024_1,48373002,128,0
13470493386,mqpp_4_1024_2,48332776,128,0
12082337760,mqpp_4_1024_2,48313228,128,0
11522300474,mqpp_4_1024_2,48326776,128,0
11272871096,mqpp_4_1024_2,48331309,128,0
11599864908,mqpp_4_1024_2,48327439,128,0
12319156280,mqpp_4_1024_4,48255864,128,0
12355995528,mqpp_4_1024_4,48264399,128,0
12003423022,mqpp_4_1024_4,48248657,128,0
11625548230,mqpp_4_1024_4,48251264,128,0
11376307424,mqpp_4_1024_4,48256901,128,0
11281877888,mqpp_4_1024_8,48171008,128,0
11995946980,mqpp_4_1024_8,48202191,128,0
11169405036,mqpp_4_1024_8,48179084,128,0
12098869986,mqpp_4_1024_8,48211116,128,0
11506248912,mqpp_4_1024_8,48180121,128,0
12100479892,mqpp_4_1024_16,48154134,128,0
12111788864,mqpp_4_1024_16,48147659,128,0
12480854884,mqpp_4_1024_16,48151758,128,0
10592468636,mqpp_4_1024_16,48133793,128,0
11174936550,mqpp_4_1024_16,48124470,128,0
10937947216,mqpp_4_1024_32,48074966,128,0
12540329450,mqpp_4_1024_32,48104561,128,0
12761574866,mqpp_4_1024_32,48096592,128,0
10601224114,mqpp_4_1024_32,48070609,128,0
13607619192,mqpp_4_1024_32,48115925,128,0
14845805836,mqpp_4_1024_64,48041979,128,0
11878710544,mqpp_4_1024_64,48059191,128,0
13085643280,mqpp_4_1024_64,48054318,128,0
11143089142,mqpp_4_1024_64,48029069,128,0
11433097756,mqpp_4_1024_64,48027180,128,0
12139836328,mqpp_4_1024_128,48012036,128,0
12495943134,mqpp_4_1024_128,48014328,128,0
11959687082,mqpp_4_1024_128,48032459,128,0
14240860058,mqpp_4_1024_128,48044434,128,0
11027447302,mqpp_4_1024_128,48003344,128,0
13426734304,mqpp_4_1024_256,48036705,128,0
13006228360,mqpp_4_1024_256,48022436,128,0
11809148750,mqpp_4_1024_256,48008670,128,0
12419965570,mqpp_4_1024_256,48025073,128,0
10830948050,mqpp_4_1024_256,48012140,128,0
13129054048,mqpp_4_1024_512,48021018,128,0
12209109298,mqpp_4_1024_512,48005160,128,0
12072001264,mqpp_4_1024_512,47999793,128,0
13204587216,mqpp_4_1024_512,48024771,128,0
12782306658,mqpp_4_1024_512,48017559,128,0
13841274072,mqpp_4_1024_1024,48026488,128,0
13702583608,mqpp_4_1024_1024,48024804,128,0
14009439714,mqpp_4_1024_1024,48019120,128,0
13078000766,mqpp_4_1024_1024,48023723,128,0
13456623060,mqpp_4_1024_1024,48009153,128,0
