317717122,kLSM_256,16574562,128
292553458,kLSM_256,16056702,128
420983332,kLSM_256,16463030,128
439725912,kLSM_256,16936466,128
428695860,kLSM_256,16573598,128
301060976,kLSM_256,16043921,128
534470274,kLSM_512,27478034,128
330427340,kLSM_512,26962665,128
556598188,kLSM_512,28492175,128
413170360,kLSM_1024,40927910,128
436641880,kLSM_1024,42624272,128
414847922,kLSM_1024,41307557,128
606819942,kLSM_2048,65264184,128
542116092,kLSM_2048,57101784,128
548825422,kLSM_2048,58294618,128
1389948190,kLSM_4096,80722130,128
1319431370,kLSM_4096,79004839,128
696290722,kLSM_4096,76354948,128
683660772,kLSM_16384,74530205,128
732651908,kLSM_16384,76709923,128
1470454164,kLSM_16384,85506981,128
1332207824,kLSM_4194304,79746529,128
752540626,kLSM_4194304,83325568,128
769416002,kLSM_4194304,86357196,128
6277651906,kLSM_32,6487736,128
6322908994,kLSM_32,6505670,128
6336461242,kLSM_32,6492827,128
2021092216,kLSM_64,7391133,128
1997316402,kLSM_64,7367182,128
2003854342,kLSM_64,7381254,128
582785470,kLSM_128,10349947,128
533081090,kLSM_128,10103588,128
584107434,kLSM_128,10241833,128
