3853547960,obim_32_14_fifo,8312317,1,14
3846793220,obim_32_14_fifo,8312317,1,14
3841409740,obim_32_14_fifo,8312317,1,14
3824187160,obim_32_14_fifo,8312317,1,14
3834712300,obim_32_14_fifo,8312317,1,14
3846968260,obim_32_14_fifo,8312317,1,14
3836973600,obim_32_14_fifo,8312317,1,14
3831948840,obim_32_14_fifo,8312317,1,14
3823439500,obim_32_14_fifo,8312317,1,14
3827565400,obim_32_14_fifo,8312317,1,14
2426677500,obim_32_14_fifo,8296856,2,14
2400652020,obim_32_14_fifo,8294750,2,14
2375625700,obim_32_14_fifo,8295695,2,14
2380944500,obim_32_14_fifo,8300015,2,14
2409277560,obim_32_14_fifo,8298552,2,14
2348611460,obim_32_14_fifo,8300151,2,14
2373691820,obim_32_14_fifo,8298557,2,14
2379735560,obim_32_14_fifo,8297624,2,14
2410832440,obim_32_14_fifo,8297147,2,14
2399607600,obim_32_14_fifo,8295794,2,14
1056838600,obim_32_14_fifo,8299010,4,14
1072160380,obim_32_14_fifo,8316712,4,14
1057867240,obim_32_14_fifo,8300949,4,14
1061293200,obim_32_14_fifo,8299960,4,14
1056793860,obim_32_14_fifo,8296420,4,14
1062161520,obim_32_14_fifo,8300869,4,14
1059644520,obim_32_14_fifo,8302036,4,14
1063044880,obim_32_14_fifo,8295433,4,14
1060476240,obim_32_14_fifo,8297094,4,14
1058671540,obim_32_14_fifo,8299378,4,14
1088182540,obim_32_14_fifo,8317562,8,14
1084963380,obim_32_14_fifo,8323648,8,14
1088785220,obim_32_14_fifo,8315303,8,14
1085996700,obim_32_14_fifo,8316755,8,14
1082941680,obim_32_14_fifo,8315415,8,14
1086931900,obim_32_14_fifo,8313970,8,14
1085007160,obim_32_14_fifo,8317335,8,14
1084821620,obim_32_14_fifo,8321034,8,14
1086474920,obim_32_14_fifo,8315001,8,14
1084381660,obim_32_14_fifo,8323751,8,14
597931160,obim_32_14_fifo,8543634,16,14
596160840,obim_32_14_fifo,8532172,16,14
601912180,obim_32_14_fifo,8526783,16,14
598823940,obim_32_14_fifo,8537698,16,14
599364780,obim_32_14_fifo,8539140,16,14
600126040,obim_32_14_fifo,8535429,16,14
595389200,obim_32_14_fifo,8510876,16,14
597414280,obim_32_14_fifo,8513388,16,14
600020120,obim_32_14_fifo,8526466,16,14
598181160,obim_32_14_fifo,8519632,16,14
364165380,obim_32_14_fifo,9432779,32,14
363927700,obim_32_14_fifo,9511982,32,14
367027520,obim_32_14_fifo,9527223,32,14
365758380,obim_32_14_fifo,9467322,32,14
367245320,obim_32_14_fifo,9483318,32,14
367028200,obim_32_14_fifo,9485309,32,14
365035640,obim_32_14_fifo,9441585,32,14
371473780,obim_32_14_fifo,9591009,32,14
380794920,obim_32_14_fifo,9525385,32,14
383503360,obim_32_14_fifo,9423323,32,14
314945760,obim_32_14_fifo,13442386,64,14
344035920,obim_32_14_fifo,13469037,64,14
316835480,obim_32_14_fifo,13382292,64,14
312046500,obim_32_14_fifo,13409396,64,14
309807160,obim_32_14_fifo,13214829,64,14
313331700,obim_32_14_fifo,13314340,64,14
309700900,obim_32_14_fifo,13354143,64,14
318983280,obim_32_14_fifo,13448714,64,14
304872280,obim_32_14_fifo,13115083,64,14
310711280,obim_32_14_fifo,13494396,64,14
276908760,obim_32_14_fifo,22083732,128,14
270058000,obim_32_14_fifo,21445238,128,14
268977580,obim_32_14_fifo,21446866,128,14
269052440,obim_32_14_fifo,21294511,128,14
316945760,obim_32_14_fifo,21703983,128,14
266267960,obim_32_14_fifo,21378648,128,14
277115160,obim_32_14_fifo,22123281,128,14
273541600,obim_32_14_fifo,21755679,128,14
281923500,obim_32_14_fifo,22205081,128,14
287589140,obim_32_14_fifo,22013150,128,14
392183760,obim_32_14_fifo,34595721,256,14
385734260,obim_32_14_fifo,33323584,256,14
394123000,obim_32_14_fifo,33630599,256,14
378866960,obim_32_14_fifo,35249528,256,14
373890720,obim_32_14_fifo,34920309,256,14
365883580,obim_32_14_fifo,34757599,256,14
354189240,obim_32_14_fifo,33482982,256,14
350159140,obim_32_14_fifo,34012850,256,14
418119820,obim_32_14_fifo,35821335,256,14
392959040,obim_32_14_fifo,33966651,256,14
