15437449740,obim_32_14_fifo,33530360,1,14
15450449960,obim_32_14_fifo,33530360,1,14
15441632720,obim_32_14_fifo,33530360,1,14
15554902800,obim_32_14_fifo,33530360,1,14
15573996400,obim_32_14_fifo,33530360,1,14
15474365600,obim_32_14_fifo,33530360,1,14
15427503220,obim_32_14_fifo,33530360,1,14
15471007140,obim_32_14_fifo,33530360,1,14
15551660060,obim_32_14_fifo,33530360,1,14
15424797180,obim_32_14_fifo,33530360,1,14
8964279840,obim_32_14_fifo,31115963,2,14
8734097900,obim_32_14_fifo,31118305,2,14
9123252500,obim_32_14_fifo,31118677,2,14
8977063400,obim_32_14_fifo,31124550,2,14
8887456520,obim_32_14_fifo,31118710,2,14
8913843620,obim_32_14_fifo,31116631,2,14
9037930540,obim_32_14_fifo,31116638,2,14
9022403920,obim_32_14_fifo,31118006,2,14
9013159960,obim_32_14_fifo,31118706,2,14
8903097700,obim_32_14_fifo,31118240,2,14
3943093840,obim_32_14_fifo,31107093,4,14
3932872360,obim_32_14_fifo,31102886,4,14
3930727900,obim_32_14_fifo,31103728,4,14
3942249900,obim_32_14_fifo,31106893,4,14
3938007420,obim_32_14_fifo,31105177,4,14
3949486200,obim_32_14_fifo,31103337,4,14
3935861220,obim_32_14_fifo,31107982,4,14
3976662500,obim_32_14_fifo,31107700,4,14
3933688340,obim_32_14_fifo,31103233,4,14
3937784860,obim_32_14_fifo,31108638,4,14
4164218480,obim_32_14_fifo,31154336,8,14
4166003860,obim_32_14_fifo,31125110,8,14
4175206040,obim_32_14_fifo,31123172,8,14
4219637640,obim_32_14_fifo,31136787,8,14
4188934720,obim_32_14_fifo,31120862,8,14
4164018080,obim_32_14_fifo,31140821,8,14
4172856920,obim_32_14_fifo,31133700,8,14
4190657300,obim_32_14_fifo,31188529,8,14
4184109840,obim_32_14_fifo,31134037,8,14
4178970700,obim_32_14_fifo,31131718,8,14
2249671880,obim_32_14_fifo,31381368,16,14
2249271000,obim_32_14_fifo,31356314,16,14
2251706160,obim_32_14_fifo,31364661,16,14
2245736520,obim_32_14_fifo,31394668,16,14
2251348800,obim_32_14_fifo,31388691,16,14
2246268900,obim_32_14_fifo,31345703,16,14
2246236500,obim_32_14_fifo,31367132,16,14
2246265100,obim_32_14_fifo,31379604,16,14
2244253820,obim_32_14_fifo,31375670,16,14
2246003460,obim_32_14_fifo,31398171,16,14
1480012300,obim_32_14_fifo,32830700,32,14
1455420560,obim_32_14_fifo,32889973,32,14
1432806860,obim_32_14_fifo,32856456,32,14
1433667940,obim_32_14_fifo,32771837,32,14
1451148720,obim_32_14_fifo,32835717,32,14
1443258220,obim_32_14_fifo,32790358,32,14
1441950600,obim_32_14_fifo,32892434,32,14
1462619320,obim_32_14_fifo,32898778,32,14
1446263340,obim_32_14_fifo,32904964,32,14
1455147640,obim_32_14_fifo,32799339,32,14
1656776260,obim_32_14_fifo,39772347,64,14
1628850080,obim_32_14_fifo,39383422,64,14
1647192680,obim_32_14_fifo,39529906,64,14
1619145740,obim_32_14_fifo,39411178,64,14
1620263460,obim_32_14_fifo,39479435,64,14
1578317260,obim_32_14_fifo,39663761,64,14
1632907860,obim_32_14_fifo,39415854,64,14
1638832740,obim_32_14_fifo,39361259,64,14
1623108340,obim_32_14_fifo,39441703,64,14
1647398880,obim_32_14_fifo,39546592,64,14
894442180,obim_32_14_fifo,55668651,128,14
921592000,obim_32_14_fifo,56381527,128,14
905145420,obim_32_14_fifo,56097554,128,14
906054560,obim_32_14_fifo,55825159,128,14
901655900,obim_32_14_fifo,55728030,128,14
909282500,obim_32_14_fifo,56120063,128,14
908769660,obim_32_14_fifo,55737278,128,14
924160300,obim_32_14_fifo,56204099,128,14
909710540,obim_32_14_fifo,56815523,128,14
910083040,obim_32_14_fifo,55884270,128,14
966525620,obim_32_14_fifo,90462810,256,14
977095540,obim_32_14_fifo,90704280,256,14
949798680,obim_32_14_fifo,92204428,256,14
985764780,obim_32_14_fifo,92284230,256,14
1003085800,obim_32_14_fifo,93241360,256,14
1014754360,obim_32_14_fifo,92828622,256,14
1006759840,obim_32_14_fifo,97499373,256,14
1038828660,obim_32_14_fifo,93249952,256,14
1012514820,obim_32_14_fifo,92761844,256,14
959974940,obim_32_14_fifo,90210680,256,14
