7126933160,obim_64_2_fifo,23947347,1,0
7198411800,obim_64_2_fifo,23947347,1,0
7135482700,obim_64_2_fifo,23947347,1,0
7159017600,obim_64_2_fifo,23947347,1,0
7230053380,obim_64_2_fifo,23947347,1,0
7141937980,obim_64_2_fifo,23947347,1,0
7162335960,obim_64_2_fifo,23947347,1,0
7136702820,obim_64_2_fifo,23947347,1,0
7133875080,obim_64_2_fifo,23947347,1,0
7150706500,obim_64_2_fifo,23947347,1,0
4646771140,obim_64_2_fifo,23947643,2,0
4585286740,obim_64_2_fifo,23947728,2,0
4575492300,obim_64_2_fifo,23947500,2,0
4507647660,obim_64_2_fifo,23947568,2,0
4428591280,obim_64_2_fifo,23947485,2,0
4506010220,obim_64_2_fifo,23947771,2,0
4589495120,obim_64_2_fifo,23947611,2,0
4611067840,obim_64_2_fifo,23947895,2,0
4568362400,obim_64_2_fifo,23947611,2,0
4490740460,obim_64_2_fifo,23947705,2,0
1961866580,obim_64_2_fifo,23966453,4,0
1951707220,obim_64_2_fifo,23949144,4,0
1961735900,obim_64_2_fifo,23949742,4,0
1955749880,obim_64_2_fifo,23948812,4,0
1961106760,obim_64_2_fifo,23949805,4,0
1955023160,obim_64_2_fifo,23948349,4,0
1962018760,obim_64_2_fifo,23950959,4,0
1954013380,obim_64_2_fifo,23948499,4,0
1962649680,obim_64_2_fifo,23948831,4,0
1969009040,obim_64_2_fifo,23950417,4,0
2119153140,obim_64_2_fifo,23972812,8,0
2051035300,obim_64_2_fifo,23979322,8,0
2042146740,obim_64_2_fifo,23965645,8,0
2038376840,obim_64_2_fifo,23973193,8,0
2052571660,obim_64_2_fifo,23976583,8,0
2049516060,obim_64_2_fifo,24006054,8,0
2047551140,obim_64_2_fifo,23964667,8,0
2057965680,obim_64_2_fifo,23966727,8,0
2051009500,obim_64_2_fifo,23963799,8,0
2049119800,obim_64_2_fifo,23981590,8,0
1104916780,obim_64_2_fifo,24088688,16,0
1109765320,obim_64_2_fifo,24105431,16,0
1105408900,obim_64_2_fifo,24084441,16,0
1106438660,obim_64_2_fifo,24062635,16,0
1108753520,obim_64_2_fifo,24081296,16,0
1106806640,obim_64_2_fifo,24114796,16,0
1104954960,obim_64_2_fifo,24103382,16,0
1108958600,obim_64_2_fifo,24075846,16,0
1105382160,obim_64_2_fifo,24098897,16,0
1099446700,obim_64_2_fifo,24091994,16,0
712983920,obim_64_2_fifo,24416863,32,0
721002220,obim_64_2_fifo,24464087,32,0
712666000,obim_64_2_fifo,24482297,32,0
715202500,obim_64_2_fifo,24531597,32,0
716688500,obim_64_2_fifo,24464826,32,0
715984840,obim_64_2_fifo,24485103,32,0
713903140,obim_64_2_fifo,24526992,32,0
707032840,obim_64_2_fifo,24545069,32,0
707923440,obim_64_2_fifo,24458455,32,0
716629300,obim_64_2_fifo,24448723,32,0
787371000,obim_64_2_fifo,27518159,64,0
878735900,obim_64_2_fifo,27625922,64,0
788154660,obim_64_2_fifo,27458942,64,0
788166120,obim_64_2_fifo,27488079,64,0
784974080,obim_64_2_fifo,27624143,64,0
786605720,obim_64_2_fifo,27447320,64,0
788110880,obim_64_2_fifo,27377100,64,0
795103980,obim_64_2_fifo,27375930,64,0
785737380,obim_64_2_fifo,27408843,64,0
883476540,obim_64_2_fifo,27632315,64,0
373841420,obim_64_2_fifo,36969015,128,0
374443600,obim_64_2_fifo,36608067,128,0
374062260,obim_64_2_fifo,36623059,128,0
373353520,obim_64_2_fifo,36035504,128,0
370055960,obim_64_2_fifo,36914322,128,0
375820240,obim_64_2_fifo,36307312,128,0
373867520,obim_64_2_fifo,36122461,128,0
373091560,obim_64_2_fifo,36887848,128,0
372071220,obim_64_2_fifo,36427968,128,0
370587060,obim_64_2_fifo,36610304,128,0
332030480,obim_64_2_fifo,59716599,256,0
332081280,obim_64_2_fifo,59820779,256,0
335058520,obim_64_2_fifo,60756655,256,0
326723120,obim_64_2_fifo,59862181,256,0
402824620,obim_64_2_fifo,59779121,256,0
339362140,obim_64_2_fifo,59204999,256,0
328066880,obim_64_2_fifo,59654943,256,0
324554160,obim_64_2_fifo,59951563,256,0
332368060,obim_64_2_fifo,59217612,256,0
327364860,obim_64_2_fifo,60302659,256,0
