104402857640,obim,35016137,1
104623313300,obim,35016137,1
104334127340,obim,35016137,1
104549842620,obim,35016137,1
103482601540,obim,35016137,1
52705356800,obim,35016137,2
52700695840,obim,35016137,2
52567362980,obim,35016137,2
52668884700,obim,35016137,2
52568321880,obim,35016137,2
26856082100,obim,35016961,4
26704198800,obim,35016951,4
26778501240,obim,35016951,4
26850928940,obim,35016950,4
26775722760,obim,35016951,4
14384281100,obim,35129163,8
14290670220,obim,35129417,8
14432180420,obim,35129365,8
14391526040,obim,35129462,8
14412374120,obim,35129255,8
7355198500,obim,36148158,16
7382342340,obim,36101003,16
7375962740,obim,36011535,16
7358202260,obim,36220139,16
7293260000,obim,36114904,16
3918939200,obim,38091150,32
3920514240,obim,38056611,32
3923055500,obim,38107960,32
3906292580,obim,37583702,32
3912685120,obim,38054864,32
2393091860,obim,44938249,64
2294710820,obim,37757486,64
2416128280,obim,46085987,64
2385928380,obim,43816946,64
2343032680,obim,41289689,64
2062398560,obim,46953296,128
2215550820,obim,58362204,128
2035960660,obim,47465510,128
1886454280,obim,39224533,128
1909327960,obim,42009504,128
2299603000,obim,58899756,256
2323555440,obim,61171303,256
2914902700,obim,72059461,256
2380043600,obim,61641803,256
2261358580,obim,56290984,256
