2103338780,obim,6262104,1
2131483760,obim,6262104,1
2128892780,obim,6262104,1
2124421540,obim,6262104,1
2113627100,obim,6262104,1
1277788940,obim,6262170,2
1263110600,obim,6262170,2
1315817340,obim,6262163,2
1281303860,obim,6262104,2
1242013640,obim,6262104,2
669447240,obim,6262123,4
672529440,obim,6262122,4
678727220,obim,6262114,4
677163280,obim,6262133,4
669756560,obim,6262120,4
618974640,obim,6262193,8
618691800,obim,6262186,8
618690140,obim,6262200,8
618419680,obim,6262187,8
612466100,obim,6262179,8
398513540,obim,6262516,16
399025960,obim,6262553,16
399282480,obim,6262569,16
397388380,obim,6262458,16
396649180,obim,6262479,16
285634860,obim,6264681,32
357416100,obim,6264872,32
282112880,obim,6264783,32
283981460,obim,6264548,32
271607860,obim,6265190,32
277704040,obim,6272115,64
278314980,obim,6272063,64
273732320,obim,6273136,64
278348860,obim,6272641,64
273735180,obim,6272853,64
503977040,obim,6281070,128
370504520,obim,6281700,128
410590040,obim,6276329,128
371038380,obim,6280279,128
360470180,obim,6278867,128
1177776380,obim,6481262,256
1072361020,obim,6580286,256
1367158360,obim,6402159,256
1338608760,obim,6300506,256
1070230140,obim,6281763,256
