107886979520,obim_64_0_fifo,35016137,1,0
105236509040,obim_64_0_fifo,35016137,1,0
104418169020,obim_64_0_fifo,35016137,1,0
103817839860,obim_64_0_fifo,35016137,1,0
104200910780,obim_64_0_fifo,35016137,1,0
104155205580,obim_64_0_fifo,35016137,1,0
104012961640,obim_64_0_fifo,35016137,1,0
104262603680,obim_64_0_fifo,35016137,1,0
103744586020,obim_64_0_fifo,35016137,1,0
104035106980,obim_64_0_fifo,35016137,1,0
52367895980,obim_64_0_fifo,35016137,2,0
51956527180,obim_64_0_fifo,35016137,2,0
52404684060,obim_64_0_fifo,35016137,2,0
52439952360,obim_64_0_fifo,35016137,2,0
52343638000,obim_64_0_fifo,35016137,2,0
52336055140,obim_64_0_fifo,35016137,2,0
52227533560,obim_64_0_fifo,35016137,2,0
52394555900,obim_64_0_fifo,35016137,2,0
52343853780,obim_64_0_fifo,35016137,2,0
52320860240,obim_64_0_fifo,35016137,2,0
26732161540,obim_64_0_fifo,35016936,4,0
26734045140,obim_64_0_fifo,35016950,4,0
26772694560,obim_64_0_fifo,35016945,4,0
26696268040,obim_64_0_fifo,35016951,4,0
26723745660,obim_64_0_fifo,35016950,4,0
26653515700,obim_64_0_fifo,35016950,4,0
26607470700,obim_64_0_fifo,35016950,4,0
26749195140,obim_64_0_fifo,35016949,4,0
26808832960,obim_64_0_fifo,35016950,4,0
26573324500,obim_64_0_fifo,35016944,4,0
14196176080,obim_64_0_fifo,35142301,8,0
14349695300,obim_64_0_fifo,35129287,8,0
14277137980,obim_64_0_fifo,35129483,8,0
14304153500,obim_64_0_fifo,35129601,8,0
14217140080,obim_64_0_fifo,35129559,8,0
14204356420,obim_64_0_fifo,35129613,8,0
14260199140,obim_64_0_fifo,35129651,8,0
14341565840,obim_64_0_fifo,35129446,8,0
14313922120,obim_64_0_fifo,35129421,8,0
14345899460,obim_64_0_fifo,35129617,8,0
7333787360,obim_64_0_fifo,36184840,16,0
7333940360,obim_64_0_fifo,35981185,16,0
7360425380,obim_64_0_fifo,36175552,16,0
7311723900,obim_64_0_fifo,36166464,16,0
7347837360,obim_64_0_fifo,36179842,16,0
7341053560,obim_64_0_fifo,36142027,16,0
7289166460,obim_64_0_fifo,36191955,16,0
7353559340,obim_64_0_fifo,36175315,16,0
7311970260,obim_64_0_fifo,36072962,16,0
7344073920,obim_64_0_fifo,36174907,16,0
3902689860,obim_64_0_fifo,37667138,32,0
3901324340,obim_64_0_fifo,37603968,32,0
3909624860,obim_64_0_fifo,37653920,32,0
3879293320,obim_64_0_fifo,37566203,32,0
3897651640,obim_64_0_fifo,37756479,32,0
3909652220,obim_64_0_fifo,37744796,32,0
3900291180,obim_64_0_fifo,37585628,32,0
3881860500,obim_64_0_fifo,38054426,32,0
3903083920,obim_64_0_fifo,37764816,32,0
3903295400,obim_64_0_fifo,37645948,32,0
2342301420,obim_64_0_fifo,36957441,64,0
2340312160,obim_64_0_fifo,37002596,64,0
2343455720,obim_64_0_fifo,37166035,64,0
2343874260,obim_64_0_fifo,37020809,64,0
2339558140,obim_64_0_fifo,37200769,64,0
2353110660,obim_64_0_fifo,37060785,64,0
2329325760,obim_64_0_fifo,36949300,64,0
2334450100,obim_64_0_fifo,37150955,64,0
2338952720,obim_64_0_fifo,37100201,64,0
2333981680,obim_64_0_fifo,37104561,64,0
2095686500,obim_64_0_fifo,46648864,128,0
2040172800,obim_64_0_fifo,44157501,128,0
2071266960,obim_64_0_fifo,49978267,128,0
2150509300,obim_64_0_fifo,52402420,128,0
2062594420,obim_64_0_fifo,46616398,128,0
2059074040,obim_64_0_fifo,48284325,128,0
2130668300,obim_64_0_fifo,50260891,128,0
1975158120,obim_64_0_fifo,43399228,128,0
2016332580,obim_64_0_fifo,45652617,128,0
2138361020,obim_64_0_fifo,49679370,128,0
2488804440,obim_64_0_fifo,62440848,256,0
2324407320,obim_64_0_fifo,53067507,256,0
2230025920,obim_64_0_fifo,52806469,256,0
2187894900,obim_64_0_fifo,47794627,256,0
2162492540,obim_64_0_fifo,51343718,256,0
2105409260,obim_64_0_fifo,45944836,256,0
2272355280,obim_64_0_fifo,55347259,256,0
2197559520,obim_64_0_fifo,55847329,256,0
2431239080,obim_64_0_fifo,53451749,256,0
2259659760,obim_64_0_fifo,54891893,256,0
