26330817660,obim_512_0_fifo,50542646,1,0
26348084200,obim_512_0_fifo,50542646,1,0
26285562460,obim_512_0_fifo,50542646,1,0
26337751440,obim_512_0_fifo,50542646,1,0
26319834020,obim_512_0_fifo,50542646,1,0
26348489680,obim_512_0_fifo,50542646,1,0
26307415640,obim_512_0_fifo,50542646,1,0
26328330020,obim_512_0_fifo,50542646,1,0
26313578100,obim_512_0_fifo,50542646,1,0
26302393340,obim_512_0_fifo,50542646,1,0
13380373920,obim_512_0_fifo,50542654,2,0
13403471460,obim_512_0_fifo,50542656,2,0
13397314560,obim_512_0_fifo,50542654,2,0
13407799420,obim_512_0_fifo,50542654,2,0
13396201440,obim_512_0_fifo,50542655,2,0
13390605660,obim_512_0_fifo,50542654,2,0
13394212760,obim_512_0_fifo,50542655,2,0
13415650140,obim_512_0_fifo,50542655,2,0
13366530020,obim_512_0_fifo,50542664,2,0
13385626960,obim_512_0_fifo,50542654,2,0
6733326580,obim_512_0_fifo,50543478,4,0
6733520180,obim_512_0_fifo,50543684,4,0
6735384240,obim_512_0_fifo,50543465,4,0
6769832740,obim_512_0_fifo,50542668,4,0
6737494400,obim_512_0_fifo,50542938,4,0
6736149000,obim_512_0_fifo,50542856,4,0
6739520240,obim_512_0_fifo,50542700,4,0
6732003300,obim_512_0_fifo,50542667,4,0
6739461700,obim_512_0_fifo,50542660,4,0
6736114280,obim_512_0_fifo,50542684,4,0
4183106180,obim_512_0_fifo,50543039,8,0
4190225300,obim_512_0_fifo,50542784,8,0
4183614860,obim_512_0_fifo,50543547,8,0
4183103020,obim_512_0_fifo,50543324,8,0
4188246840,obim_512_0_fifo,50542913,8,0
4201660440,obim_512_0_fifo,50543643,8,0
4191722460,obim_512_0_fifo,50542880,8,0
4195035240,obim_512_0_fifo,50542829,8,0
4204040500,obim_512_0_fifo,50543054,8,0
4176058880,obim_512_0_fifo,50543010,8,0
2271251060,obim_512_0_fifo,50545197,16,0
2272671380,obim_512_0_fifo,50544646,16,0
2277951160,obim_512_0_fifo,50544967,16,0
2281136500,obim_512_0_fifo,50544043,16,0
2278319740,obim_512_0_fifo,50544653,16,0
2279518100,obim_512_0_fifo,50545567,16,0
2279916940,obim_512_0_fifo,50544627,16,0
2280840020,obim_512_0_fifo,50545000,16,0
2274034400,obim_512_0_fifo,50544122,16,0
2282032180,obim_512_0_fifo,50544727,16,0
1257066200,obim_512_0_fifo,50556289,32,0
1250269720,obim_512_0_fifo,50555013,32,0
1254596800,obim_512_0_fifo,50558783,32,0
1259840080,obim_512_0_fifo,50553738,32,0
1250513100,obim_512_0_fifo,50558415,32,0
1256245400,obim_512_0_fifo,50555185,32,0
1259448520,obim_512_0_fifo,50558775,32,0
1251916380,obim_512_0_fifo,50556626,32,0
1250419720,obim_512_0_fifo,50546138,32,0
1252977460,obim_512_0_fifo,50558793,32,0
754886640,obim_512_0_fifo,50575485,64,0
751495200,obim_512_0_fifo,50570241,64,0
759221100,obim_512_0_fifo,50585217,64,0
750492040,obim_512_0_fifo,50576357,64,0
759762420,obim_512_0_fifo,50581126,64,0
760407100,obim_512_0_fifo,50573903,64,0
756098620,obim_512_0_fifo,50565347,64,0
756668500,obim_512_0_fifo,50568434,64,0
761094260,obim_512_0_fifo,50570801,64,0
753235840,obim_512_0_fifo,50570743,64,0
427894220,obim_512_0_fifo,50622349,128,0
433914920,obim_512_0_fifo,50702266,128,0
431919320,obim_512_0_fifo,50642829,128,0
431111940,obim_512_0_fifo,50597325,128,0
433138500,obim_512_0_fifo,50628656,128,0
435596400,obim_512_0_fifo,50628796,128,0
433420620,obim_512_0_fifo,50691611,128,0
434534440,obim_512_0_fifo,50622628,128,0
433620800,obim_512_0_fifo,50607256,128,0
435342480,obim_512_0_fifo,50623585,128,0
349493080,obim_512_0_fifo,50683567,256,0
363382680,obim_512_0_fifo,50870975,256,0
349469060,obim_512_0_fifo,50775858,256,0
352476780,obim_512_0_fifo,50738997,256,0
345929800,obim_512_0_fifo,50949069,256,0
348796440,obim_512_0_fifo,51022318,256,0
346343940,obim_512_0_fifo,50945222,256,0
345312180,obim_512_0_fifo,51020287,256,0
345931360,obim_512_0_fifo,50862571,256,0
354901660,obim_512_0_fifo,51057966,256,0
