26797016560,obim,50542646,1
26781150400,obim,50542646,1
26765410420,obim,50542646,1
26818698100,obim,50542646,1
26787764660,obim,50542646,1
13831360280,obim,50542646,2
13837202520,obim,50542646,2
13830039860,obim,50542646,2
13836106820,obim,50542646,2
13844386120,obim,50542646,2
7004230480,obim,50542664,4
6989724620,obim,50542700,4
6983683120,obim,50542675,4
7011543100,obim,50542681,4
6998622680,obim,50542664,4
4870470440,obim,50542666,8
4750441240,obim,50542671,8
4762910380,obim,50542695,8
4764852460,obim,50542710,8
4774990660,obim,50542666,8
2702665000,obim,50542688,16
2700439520,obim,50542698,16
2691951020,obim,50542695,16
2695756380,obim,50542679,16
2690344560,obim,50542677,16
1586070720,obim,50543702,32
1581698800,obim,50544054,32
1583902100,obim,50543624,32
1577984860,obim,50543282,32
1605056320,obim,50542971,32
1609201820,obim,50544855,64
1624076140,obim,50544518,64
1611741340,obim,50545377,64
1612338900,obim,50544439,64
1615334640,obim,50545840,64
1110672500,obim,50550917,128
1176023600,obim,50548402,128
1187538440,obim,50547819,128
1094892860,obim,50549577,128
1108334100,obim,50545267,128
1163472360,obim,50561629,256
1295908480,obim,50564387,256
1311130940,obim,50557778,256
1319805840,obim,50558674,256
1199977300,obim,50567004,256
