8011514480,obim,23947347,1
7871360300,obim,23947347,1
7929344020,obim,23947347,1
7936298620,obim,23947347,1
7890676740,obim,23947347,1
4763202780,obim,23947425,2
4675310040,obim,23947432,2
4772132320,obim,23947394,2
4612649420,obim,23947665,2
4766772220,obim,23947401,2
2359416700,obim,23948953,4
2365993660,obim,23950193,4
2361454680,obim,23949469,4
2370730340,obim,23947824,4
2363561340,obim,23949428,4
2195993520,obim,23947460,8
2204443620,obim,23947450,8
2199876740,obim,23947460,8
2202416060,obim,23947454,8
2198358900,obim,23947435,8
1293162480,obim,23947965,16
1294326880,obim,23947862,16
1292949320,obim,23947916,16
1295213060,obim,23947860,16
1289226160,obim,23947810,16
852959380,obim,23950693,32
858373440,obim,23950540,32
937593140,obim,23950639,32
860874460,obim,23950655,32
855117940,obim,23950500,32
739446760,obim,23983708,64
734399920,obim,23984102,64
740787560,obim,23975307,64
736921480,obim,23975144,64
736663040,obim,23978545,64
842656580,obim,24027058,128
921430380,obim,24197239,128
849799880,obim,24021622,128
900321560,obim,24033773,128
950435100,obim,24042401,128
2279743280,obim,25049802,256
2359983240,obim,25574434,256
2432024300,obim,24832249,256
1873432720,obim,25564512,256
2441445260,obim,24073722,256
