2605693740,obim_64_2_fifo,6262104,1,0
2591721500,obim_64_2_fifo,6262104,1,0
2580769200,obim_64_2_fifo,6262104,1,0
2570023580,obim_64_2_fifo,6262104,1,0
2575788000,obim_64_2_fifo,6262104,1,0
2553214840,obim_64_2_fifo,6262104,1,0
2545763740,obim_64_2_fifo,6262104,1,0
2522369060,obim_64_2_fifo,6262104,1,0
2525031880,obim_64_2_fifo,6262104,1,0
2538560160,obim_64_2_fifo,6262104,1,0
1321850680,obim_64_2_fifo,6262199,2,0
1331073780,obim_64_2_fifo,6262246,2,0
1324538200,obim_64_2_fifo,6262210,2,0
1320202740,obim_64_2_fifo,6262153,2,0
1319982580,obim_64_2_fifo,6262208,2,0
1314928620,obim_64_2_fifo,6262154,2,0
1317994580,obim_64_2_fifo,6262189,2,0
1315171260,obim_64_2_fifo,6262370,2,0
1309550060,obim_64_2_fifo,6262259,2,0
1311424580,obim_64_2_fifo,6262156,2,0
682441980,obim_64_2_fifo,6263274,4,0
680526020,obim_64_2_fifo,6263422,4,0
699532280,obim_64_2_fifo,6264506,4,0
695552640,obim_64_2_fifo,6263703,4,0
677263160,obim_64_2_fifo,6263449,4,0
688663240,obim_64_2_fifo,6264252,4,0
698768360,obim_64_2_fifo,6262972,4,0
700731600,obim_64_2_fifo,6264862,4,0
634060900,obim_64_2_fifo,6264888,4,0
701103500,obim_64_2_fifo,6263674,4,0
570319300,obim_64_2_fifo,6277789,8,0
569080500,obim_64_2_fifo,6287254,8,0
570042180,obim_64_2_fifo,6297955,8,0
572048640,obim_64_2_fifo,6281177,8,0
665900180,obim_64_2_fifo,6277938,8,0
569935100,obim_64_2_fifo,6279658,8,0
575164880,obim_64_2_fifo,6277205,8,0
567938480,obim_64_2_fifo,6293625,8,0
566329640,obim_64_2_fifo,6276630,8,0
577228680,obim_64_2_fifo,6299262,8,0
326466040,obim_64_2_fifo,6344258,16,0
344004200,obim_64_2_fifo,6367624,16,0
325360620,obim_64_2_fifo,6349019,16,0
338288720,obim_64_2_fifo,6342819,16,0
334059900,obim_64_2_fifo,6371578,16,0
335643440,obim_64_2_fifo,6362417,16,0
325131920,obim_64_2_fifo,6365455,16,0
335352640,obim_64_2_fifo,6365824,16,0
343724980,obim_64_2_fifo,6391828,16,0
326502800,obim_64_2_fifo,6373821,16,0
194181620,obim_64_2_fifo,6749884,32,0
195840940,obim_64_2_fifo,6752748,32,0
195715300,obim_64_2_fifo,6712805,32,0
196376140,obim_64_2_fifo,6811406,32,0
196266780,obim_64_2_fifo,6761164,32,0
197816440,obim_64_2_fifo,6703152,32,0
197954040,obim_64_2_fifo,6759213,32,0
199384120,obim_64_2_fifo,6821084,32,0
196877680,obim_64_2_fifo,6763587,32,0
198081320,obim_64_2_fifo,6776224,32,0
158023880,obim_64_2_fifo,9037289,64,0
156166960,obim_64_2_fifo,9077873,64,0
153355600,obim_64_2_fifo,9068193,64,0
173743640,obim_64_2_fifo,9056236,64,0
154671240,obim_64_2_fifo,9013334,64,0
151029920,obim_64_2_fifo,8896459,64,0
155431340,obim_64_2_fifo,9067889,64,0
155272640,obim_64_2_fifo,9088976,64,0
152576360,obim_64_2_fifo,9033441,64,0
155592340,obim_64_2_fifo,8984704,64,0
115051160,obim_64_2_fifo,12731038,128,0
118083060,obim_64_2_fifo,12559292,128,0
117149740,obim_64_2_fifo,12487348,128,0
115105820,obim_64_2_fifo,12297609,128,0
119560560,obim_64_2_fifo,13003069,128,0
115132040,obim_64_2_fifo,13218177,128,0
116017920,obim_64_2_fifo,12564338,128,0
118998960,obim_64_2_fifo,12222298,128,0
117813660,obim_64_2_fifo,12971895,128,0
117362880,obim_64_2_fifo,12959928,128,0
172845680,obim_64_2_fifo,20695646,256,0
156731440,obim_64_2_fifo,21405637,256,0
154620400,obim_64_2_fifo,20177084,256,0
165603380,obim_64_2_fifo,21120901,256,0
160748520,obim_64_2_fifo,19600932,256,0
147006620,obim_64_2_fifo,20037571,256,0
146469040,obim_64_2_fifo,19431633,256,0
183024980,obim_64_2_fifo,19182092,256,0
143620220,obim_64_2_fifo,19366117,256,0
149923260,obim_64_2_fifo,20579928,256,0
