14295718460,obim_512_8_fifo,12524207,1,0
14051366160,obim_512_8_fifo,12524207,1,0
13981446700,obim_512_8_fifo,12524207,1,0
13317252760,obim_512_8_fifo,12524207,1,0
13085457900,obim_512_8_fifo,12524207,1,0
13144602340,obim_512_8_fifo,12524207,1,0
12410341400,obim_512_8_fifo,12524207,1,0
12838865740,obim_512_8_fifo,12524207,1,0
12554130120,obim_512_8_fifo,12524207,1,0
12105232520,obim_512_8_fifo,12524207,1,0
6306973720,obim_512_8_fifo,12543124,2,0
6305684800,obim_512_8_fifo,12543189,2,0
6204725320,obim_512_8_fifo,12543191,2,0
6053083260,obim_512_8_fifo,12544515,2,0
6059449700,obim_512_8_fifo,12544913,2,0
5902140980,obim_512_8_fifo,12543368,2,0
5888777400,obim_512_8_fifo,12544482,2,0
5834507020,obim_512_8_fifo,12543714,2,0
5725752480,obim_512_8_fifo,12543835,2,0
5679882580,obim_512_8_fifo,12543640,2,0
2907190800,obim_512_8_fifo,12555888,4,0
2856492720,obim_512_8_fifo,12555841,4,0
2850778020,obim_512_8_fifo,12555712,4,0
2881076600,obim_512_8_fifo,12555415,4,0
2848612340,obim_512_8_fifo,12555418,4,0
2807673920,obim_512_8_fifo,12555972,4,0
2820249020,obim_512_8_fifo,12555167,4,0
2770042520,obim_512_8_fifo,12555558,4,0
2789248260,obim_512_8_fifo,12554632,4,0
2761171120,obim_512_8_fifo,12555404,4,0
1635545620,obim_512_8_fifo,12556776,8,0
1627512320,obim_512_8_fifo,12557047,8,0
1622424560,obim_512_8_fifo,12556992,8,0
1621664300,obim_512_8_fifo,12556651,8,0
1623967400,obim_512_8_fifo,12555765,8,0
1622459240,obim_512_8_fifo,12556253,8,0
1617907700,obim_512_8_fifo,12555932,8,0
1619397200,obim_512_8_fifo,12556423,8,0
1619501540,obim_512_8_fifo,12556840,8,0
1616935120,obim_512_8_fifo,12555722,8,0
877380320,obim_512_8_fifo,12556920,16,0
873360360,obim_512_8_fifo,12556831,16,0
875662460,obim_512_8_fifo,12556997,16,0
879121260,obim_512_8_fifo,12557135,16,0
875906180,obim_512_8_fifo,12557836,16,0
877200620,obim_512_8_fifo,12556269,16,0
887313600,obim_512_8_fifo,12568829,16,0
877184440,obim_512_8_fifo,12556476,16,0
875004580,obim_512_8_fifo,12555617,16,0
876511460,obim_512_8_fifo,12556296,16,0
828855560,obim_512_8_fifo,12571722,32,0
828614100,obim_512_8_fifo,12573610,32,0
829992060,obim_512_8_fifo,12574516,32,0
828811640,obim_512_8_fifo,12574420,32,0
828093580,obim_512_8_fifo,12573208,32,0
824988960,obim_512_8_fifo,12572398,32,0
828339500,obim_512_8_fifo,12572585,32,0
825260140,obim_512_8_fifo,12574223,32,0
830009560,obim_512_8_fifo,12574769,32,0
829485960,obim_512_8_fifo,12574348,32,0
845978700,obim_512_8_fifo,12585365,64,0
894973900,obim_512_8_fifo,12581037,64,0
878879100,obim_512_8_fifo,12585195,64,0
880134140,obim_512_8_fifo,12584723,64,0
877195440,obim_512_8_fifo,12585000,64,0
877696960,obim_512_8_fifo,12580860,64,0
879035460,obim_512_8_fifo,12584063,64,0
883805080,obim_512_8_fifo,12580084,64,0
884875500,obim_512_8_fifo,12585195,64,0
884087380,obim_512_8_fifo,12586583,64,0
1308939520,obim_512_8_fifo,12601173,128,0
1059131680,obim_512_8_fifo,12600757,128,0
1928821120,obim_512_8_fifo,12605741,128,0
1933431720,obim_512_8_fifo,12599030,128,0
992823960,obim_512_8_fifo,12598578,128,0
2305785300,obim_512_8_fifo,12601638,128,0
1021738960,obim_512_8_fifo,12598726,128,0
1696047180,obim_512_8_fifo,12603597,128,0
1003919540,obim_512_8_fifo,12598931,128,0
2331468880,obim_512_8_fifo,12599295,128,0
1090896940,obim_512_8_fifo,12626630,256,0
2148700020,obim_512_8_fifo,12639625,256,0
1111650820,obim_512_8_fifo,12631114,256,0
2175576220,obim_512_8_fifo,12633892,256,0
1280294700,obim_512_8_fifo,12626689,256,0
1310346820,obim_512_8_fifo,12632162,256,0
1300738580,obim_512_8_fifo,12628632,256,0
1693278020,obim_512_8_fifo,12631633,256,0
1197213540,obim_512_8_fifo,12628162,256,0
1193956480,obim_512_8_fifo,12631709,256,0
