84718612740,obim_128_4_fifo,77195952,1,0
84687403540,obim_128_4_fifo,77195952,1,0
84683010880,obim_128_4_fifo,77195952,1,0
84740328300,obim_128_4_fifo,77195952,1,0
84765567940,obim_128_4_fifo,77195952,1,0
84683374120,obim_128_4_fifo,77195952,1,0
84679619380,obim_128_4_fifo,77195952,1,0
84728552480,obim_128_4_fifo,77195952,1,0
84803255320,obim_128_4_fifo,77195952,1,0
84804957260,obim_128_4_fifo,77195952,1,0
42321243320,obim_128_4_fifo,77191799,2,0
42307027040,obim_128_4_fifo,77194214,2,0
42468881920,obim_128_4_fifo,77194318,2,0
42453057980,obim_128_4_fifo,77189594,2,0
42480576980,obim_128_4_fifo,77190202,2,0
42386334500,obim_128_4_fifo,77191048,2,0
42415363200,obim_128_4_fifo,77195475,2,0
42451616480,obim_128_4_fifo,77192058,2,0
42432355840,obim_128_4_fifo,77193772,2,0
42477882460,obim_128_4_fifo,77193067,2,0
21284545300,obim_128_4_fifo,77188341,4,0
21273896720,obim_128_4_fifo,77187945,4,0
21305336800,obim_128_4_fifo,77190511,4,0
21274603380,obim_128_4_fifo,77187656,4,0
21283955300,obim_128_4_fifo,77191581,4,0
21282556900,obim_128_4_fifo,77186367,4,0
21280541760,obim_128_4_fifo,77186018,4,0
21258336980,obim_128_4_fifo,77183908,4,0
21262305100,obim_128_4_fifo,77185455,4,0
21293219900,obim_128_4_fifo,77187572,4,0
11770900880,obim_128_4_fifo,77190315,8,0
11778976360,obim_128_4_fifo,77296118,8,0
11781734620,obim_128_4_fifo,77193861,8,0
11775871040,obim_128_4_fifo,77210465,8,0
11745664320,obim_128_4_fifo,77189682,8,0
11776241620,obim_128_4_fifo,77188044,8,0
11795569320,obim_128_4_fifo,77291662,8,0
11772947940,obim_128_4_fifo,77190149,8,0
11797644220,obim_128_4_fifo,77189942,8,0
11735624700,obim_128_4_fifo,77211054,8,0
6179195780,obim_128_4_fifo,77361622,16,0
6170271780,obim_128_4_fifo,77218536,16,0
6180547420,obim_128_4_fifo,77210917,16,0
6178052080,obim_128_4_fifo,77250684,16,0
6183390100,obim_128_4_fifo,77212843,16,0
6163728500,obim_128_4_fifo,77218324,16,0
6198143500,obim_128_4_fifo,77273386,16,0
6176943460,obim_128_4_fifo,77209212,16,0
6159588140,obim_128_4_fifo,77282662,16,0
6178071720,obim_128_4_fifo,77275612,16,0
3304451460,obim_128_4_fifo,77430550,32,0
3299327700,obim_128_4_fifo,77367790,32,0
3290785200,obim_128_4_fifo,77476506,32,0
3297159980,obim_128_4_fifo,77360218,32,0
3299684540,obim_128_4_fifo,77363574,32,0
3302546100,obim_128_4_fifo,77458852,32,0
3294295600,obim_128_4_fifo,77461413,32,0
3298409840,obim_128_4_fifo,77346779,32,0
3291972800,obim_128_4_fifo,77346510,32,0
3297133980,obim_128_4_fifo,77389646,32,0
1952527460,obim_128_4_fifo,79091646,64,0
1924497960,obim_128_4_fifo,77799642,64,0
1915538820,obim_128_4_fifo,77734063,64,0
1929643480,obim_128_4_fifo,77773724,64,0
1911630500,obim_128_4_fifo,77841694,64,0
1933346180,obim_128_4_fifo,77928787,64,0
1920161640,obim_128_4_fifo,77978032,64,0
1932072780,obim_128_4_fifo,77903137,64,0
1934512040,obim_128_4_fifo,77908707,64,0
1926479380,obim_128_4_fifo,77953378,64,0
1185657940,obim_128_4_fifo,78655443,128,0
1188095480,obim_128_4_fifo,78911066,128,0
1178632180,obim_128_4_fifo,78203615,128,0
1183232520,obim_128_4_fifo,78563558,128,0
1192337080,obim_128_4_fifo,79014978,128,0
1188306400,obim_128_4_fifo,78790026,128,0
1186978360,obim_128_4_fifo,78708860,128,0
1185889980,obim_128_4_fifo,78370759,128,0
1180118200,obim_128_4_fifo,78486195,128,0
1199641860,obim_128_4_fifo,79279507,128,0
1176603560,obim_128_4_fifo,80818731,256,0
1180594420,obim_128_4_fifo,81469699,256,0
1166066660,obim_128_4_fifo,80683665,256,0
1181862500,obim_128_4_fifo,81215661,256,0
1169837760,obim_128_4_fifo,80695931,256,0
1200945960,obim_128_4_fifo,81068171,256,0
1192714880,obim_128_4_fifo,81249826,256,0
1214405580,obim_128_4_fifo,81385209,256,0
1166570340,obim_128_4_fifo,80493216,256,0
1171260600,obim_128_4_fifo,81449381,256,0
