159054524780,obim,84823491,1,0
158875601520,obim,84823491,1,0
159121322340,obim,84823491,1,0
159439642680,obim,84823491,1,0
158315176940,obim,84823491,1,0
79099643120,obim,84826416,2,0
79356046220,obim,84826252,2,0
79074040400,obim,84826531,2,0
79264725480,obim,84826461,2,0
79316927380,obim,84825995,2,0
40215938580,obim,84824703,4,0
40090907580,obim,84824882,4,0
40056019660,obim,84824647,4,0
40115264540,obim,84825103,4,0
40142926140,obim,84824717,4,0
20899592560,obim,84826408,8,0
20914381400,obim,84826174,8,0
20960255260,obim,84826004,8,0
20946148360,obim,84826062,8,0
20925627940,obim,84825784,8,0
10654846260,obim,84838691,16,0
10797721800,obim,84837937,16,0
10745371460,obim,84837788,16,0
10742307120,obim,84838695,16,0
10732477760,obim,84838281,16,0
5589999740,obim,84919691,32,0
5588274780,obim,84911080,32,0
5543786500,obim,84911808,32,0
5578412820,obim,84912890,32,0
5582765680,obim,84912780,32,0
3476967820,obim,87648866,64,0
3487105680,obim,87462184,64,0
3480746720,obim,87644143,64,0
3481698280,obim,87733812,64,0
3489154800,obim,87641692,64,0
3248521440,obim,95445558,128,0
3148965980,obim,95069142,128,0
3179419520,obim,94928173,128,0
3266797720,obim,95647740,128,0
3215843680,obim,95273806,128,0
3865174220,obim,105723867,256,0
3837612460,obim,105733030,256,0
3848489940,obim,105479338,256,0
3875067340,obim,106595353,256,0
3837839260,obim,105740262,256,0
