98351854060,obim,75745522,1,0
98629872860,obim,75745522,1,0
98652210620,obim,75745522,1,0
98686502400,obim,75745522,1,0
98478341940,obim,75745522,1,0
48977884720,obim,75745643,2,0
49090590900,obim,75745724,2,0
49080822660,obim,75745599,2,0
49161749420,obim,75745698,2,0
49148673900,obim,75745668,2,0
24776856080,obim,75745974,4,0
24805854380,obim,75745956,4,0
24799251160,obim,75746051,4,0
25102374020,obim,75745851,4,0
24786297660,obim,75745932,4,0
13501124220,obim,75749829,8,0
13504284740,obim,75749924,8,0
13510049120,obim,75748073,8,0
13524505880,obim,75749843,8,0
13497467260,obim,75749588,8,0
7100953680,obim,75765733,16,0
7081676120,obim,75774438,16,0
7085162380,obim,75768370,16,0
7089280620,obim,75764537,16,0
7083179200,obim,75769333,16,0
3811282720,obim,75891473,32,0
3805811660,obim,75822475,32,0
3821016960,obim,75802277,32,0
3810849740,obim,75825749,32,0
3828457740,obim,75894016,32,0
2313447220,obim,76601240,64,0
2386937560,obim,76501053,64,0
2324378840,obim,76551704,64,0
2315863540,obim,76561883,64,0
2310829740,obim,75928670,64,0
1575495940,obim,78633482,128,0
1598081620,obim,78890263,128,0
1588773580,obim,79443903,128,0
1581403420,obim,79676921,128,0
1548661820,obim,78128905,128,0
1923094480,obim,83378867,256,0
1804226960,obim,80324893,256,0
1817299340,obim,79957153,256,0
1882827440,obim,82181272,256,0
1811015600,obim,79806918,256,0
