161470082200,obim_256_0_fifo,84823491,1,0
160546654400,obim_256_0_fifo,84823491,1,0
160372904460,obim_256_0_fifo,84823491,1,0
160097576860,obim_256_0_fifo,84823491,1,0
160427451320,obim_256_0_fifo,84823491,1,0
160565541820,obim_256_0_fifo,84823491,1,0
160413974380,obim_256_0_fifo,84823491,1,0
159825854940,obim_256_0_fifo,84823491,1,0
160124697400,obim_256_0_fifo,84823491,1,0
160036147020,obim_256_0_fifo,84823491,1,0
79252564800,obim_256_0_fifo,84825579,2,0
79326593180,obim_256_0_fifo,84825506,2,0
79350400180,obim_256_0_fifo,84825406,2,0
79390962960,obim_256_0_fifo,84825461,2,0
79314267180,obim_256_0_fifo,84825472,2,0
79278554960,obim_256_0_fifo,84825531,2,0
79419151020,obim_256_0_fifo,84825564,2,0
79305563140,obim_256_0_fifo,84825398,2,0
79178184760,obim_256_0_fifo,84825624,2,0
79211120460,obim_256_0_fifo,84825514,2,0
40251533780,obim_256_0_fifo,84823107,4,0
40242096160,obim_256_0_fifo,84823130,4,0
40294957420,obim_256_0_fifo,84823784,4,0
40224548940,obim_256_0_fifo,84823499,4,0
40233538120,obim_256_0_fifo,84823189,4,0
40242526080,obim_256_0_fifo,84823931,4,0
40207242740,obim_256_0_fifo,84823963,4,0
40212856400,obim_256_0_fifo,84823592,4,0
40227048580,obim_256_0_fifo,84823547,4,0
40189720540,obim_256_0_fifo,84823727,4,0
20780761140,obim_256_0_fifo,84828153,8,0
20938006280,obim_256_0_fifo,84825542,8,0
20879589040,obim_256_0_fifo,84828369,8,0
20933517580,obim_256_0_fifo,84828353,8,0
20956473920,obim_256_0_fifo,84827997,8,0
20990827160,obim_256_0_fifo,84827820,8,0
20976950860,obim_256_0_fifo,84826165,8,0
20956784940,obim_256_0_fifo,84825571,8,0
21030083600,obim_256_0_fifo,84827611,8,0
20882416340,obim_256_0_fifo,84825535,8,0
10759589660,obim_256_0_fifo,85101175,16,0
10766975140,obim_256_0_fifo,85192633,16,0
10745981880,obim_256_0_fifo,85191235,16,0
10758744320,obim_256_0_fifo,85193394,16,0
10750208040,obim_256_0_fifo,85176330,16,0
10702488680,obim_256_0_fifo,85189519,16,0
10711691420,obim_256_0_fifo,85141062,16,0
10655033020,obim_256_0_fifo,85197847,16,0
10758771700,obim_256_0_fifo,85448406,16,0
10752575420,obim_256_0_fifo,85149610,16,0
5577601260,obim_256_0_fifo,85268676,32,0
5572239180,obim_256_0_fifo,85269084,32,0
5566707140,obim_256_0_fifo,85269038,32,0
5598636960,obim_256_0_fifo,85167740,32,0
5619300520,obim_256_0_fifo,85265785,32,0
5602436760,obim_256_0_fifo,85266189,32,0
5600614960,obim_256_0_fifo,85266298,32,0
5593016460,obim_256_0_fifo,85268482,32,0
5602445020,obim_256_0_fifo,85268796,32,0
5597553100,obim_256_0_fifo,85269447,32,0
3316841440,obim_256_0_fifo,88744833,64,0
3321953800,obim_256_0_fifo,88702213,64,0
3326888200,obim_256_0_fifo,88725892,64,0
3322085500,obim_256_0_fifo,88734771,64,0
3326492300,obim_256_0_fifo,88806367,64,0
3304231780,obim_256_0_fifo,88734149,64,0
3318369860,obim_256_0_fifo,88748819,64,0
3322877840,obim_256_0_fifo,88712166,64,0
3311751000,obim_256_0_fifo,88697058,64,0
3308079400,obim_256_0_fifo,88709698,64,0
2835845540,obim_256_0_fifo,95982930,128,0
2797351280,obim_256_0_fifo,94874466,128,0
2837837500,obim_256_0_fifo,95559999,128,0
2839384920,obim_256_0_fifo,95533171,128,0
2843937920,obim_256_0_fifo,95895429,128,0
2815671080,obim_256_0_fifo,95346356,128,0
2847342500,obim_256_0_fifo,95504115,128,0
2841004420,obim_256_0_fifo,96025345,128,0
2842189400,obim_256_0_fifo,95340742,128,0
2848953020,obim_256_0_fifo,95688609,128,0
3419963660,obim_256_0_fifo,106459459,256,0
3181752640,obim_256_0_fifo,101828731,256,0
3146256440,obim_256_0_fifo,101356412,256,0
3201598620,obim_256_0_fifo,101719943,256,0
3374430700,obim_256_0_fifo,105298473,256,0
3349377220,obim_256_0_fifo,105904579,256,0
3391738360,obim_256_0_fifo,106820629,256,0
3262839160,obim_256_0_fifo,101567789,256,0
3392817560,obim_256_0_fifo,105996939,256,0
3484321580,obim_256_0_fifo,105991254,256,0
