2485816340,obim,7725006,1,14
2483227140,obim,7725006,1,14
2489888020,obim,7725006,1,14
2498845500,obim,7725006,1,14
2483882180,obim,7725006,1,14
1614074440,obim,7710896,2,14
1586374520,obim,7709485,2,14
1593052560,obim,7710054,2,14
1568104860,obim,7711383,2,14
1588057640,obim,7718046,2,14
705576980,obim,7718947,4,14
704532780,obim,7716617,4,14
699932080,obim,7720785,4,14
703387640,obim,7715205,4,14
702619860,obim,7726290,4,14
721494260,obim,7879783,8,14
720749240,obim,7875724,8,14
707498000,obim,7849665,8,14
721762120,obim,7878485,8,14
718832560,obim,7862071,8,14
398547720,obim,8680654,16,14
400956540,obim,8821599,16,14
400199340,obim,8736149,16,14
402251400,obim,8795299,16,14
398921360,obim,8780518,16,14
282221260,obim,12469630,32,14
293919660,obim,12774901,32,14
281075880,obim,12487758,32,14
286540380,obim,12713111,32,14
286014080,obim,12800430,32,14
256376240,obim,20471948,64,14
248296780,obim,20131580,64,14
257034180,obim,20613517,64,14
247026460,obim,19656069,64,14
254618420,obim,20534192,64,14
225464040,obim,27725485,128,14
226456780,obim,28503604,128,14
226785200,obim,28417901,128,14
230466660,obim,29401079,128,14
233057240,obim,28874656,128,14
301560060,obim,44471681,256,14
286568400,obim,46198276,256,14
300613640,obim,44610994,256,14
296038980,obim,44167841,256,14
297942240,obim,44500765,256,14
