2572771980,obim_32_14_fifo,7725006,1,14
2625798620,obim_32_14_fifo,7725006,1,14
2575257440,obim_32_14_fifo,7725006,1,14
2633489900,obim_32_14_fifo,7725006,1,14
2595192420,obim_32_14_fifo,7725006,1,14
2543713860,obim_32_14_fifo,7725006,1,14
2538114360,obim_32_14_fifo,7725006,1,14
2583678740,obim_32_14_fifo,7725006,1,14
2570043420,obim_32_14_fifo,7725006,1,14
2485783800,obim_32_14_fifo,7725006,1,14
1703813020,obim_32_14_fifo,7701535,2,14
1602308380,obim_32_14_fifo,7699662,2,14
1702363000,obim_32_14_fifo,7699532,2,14
1669558140,obim_32_14_fifo,7699095,2,14
1692758400,obim_32_14_fifo,7699675,2,14
1659609920,obim_32_14_fifo,7700691,2,14
1690109840,obim_32_14_fifo,7699239,2,14
1644369020,obim_32_14_fifo,7700309,2,14
1686503240,obim_32_14_fifo,7699278,2,14
1645325460,obim_32_14_fifo,7701538,2,14
739075800,obim_32_14_fifo,7689141,4,14
791019440,obim_32_14_fifo,7688316,4,14
928895080,obim_32_14_fifo,7684307,4,14
805257080,obim_32_14_fifo,7685558,4,14
730465180,obim_32_14_fifo,7690656,4,14
888736920,obim_32_14_fifo,7684357,4,14
900642840,obim_32_14_fifo,7684407,4,14
729793580,obim_32_14_fifo,7692574,4,14
785856300,obim_32_14_fifo,7692237,4,14
909655500,obim_32_14_fifo,7687218,4,14
825812740,obim_32_14_fifo,7704021,8,14
815933300,obim_32_14_fifo,7709289,8,14
834182400,obim_32_14_fifo,7710748,8,14
833571780,obim_32_14_fifo,7704306,8,14
819814140,obim_32_14_fifo,7716478,8,14
818363840,obim_32_14_fifo,7713943,8,14
830575200,obim_32_14_fifo,7713749,8,14
919627760,obim_32_14_fifo,7708696,8,14
811182780,obim_32_14_fifo,7716008,8,14
824966260,obim_32_14_fifo,7704339,8,14
461290520,obim_32_14_fifo,7878163,16,14
449360540,obim_32_14_fifo,7887871,16,14
458847500,obim_32_14_fifo,7876419,16,14
455383620,obim_32_14_fifo,7876963,16,14
458582640,obim_32_14_fifo,7861960,16,14
444503120,obim_32_14_fifo,7900094,16,14
444346600,obim_32_14_fifo,7879540,16,14
452067200,obim_32_14_fifo,7892472,16,14
449341840,obim_32_14_fifo,7892498,16,14
450973600,obim_32_14_fifo,7916896,16,14
303859180,obim_32_14_fifo,8924447,32,14
305095640,obim_32_14_fifo,9081521,32,14
306335700,obim_32_14_fifo,8945099,32,14
307972300,obim_32_14_fifo,9031308,32,14
304269660,obim_32_14_fifo,8990652,32,14
303866560,obim_32_14_fifo,8987189,32,14
305656340,obim_32_14_fifo,8987769,32,14
312633300,obim_32_14_fifo,9010765,32,14
309681140,obim_32_14_fifo,8933725,32,14
306688640,obim_32_14_fifo,8993096,32,14
266111100,obim_32_14_fifo,12488689,64,14
270931980,obim_32_14_fifo,12721691,64,14
270292760,obim_32_14_fifo,12442646,64,14
270896680,obim_32_14_fifo,12618123,64,14
273318420,obim_32_14_fifo,12653277,64,14
265907080,obim_32_14_fifo,12292369,64,14
272052780,obim_32_14_fifo,12629598,64,14
269924760,obim_32_14_fifo,12651340,64,14
269245660,obim_32_14_fifo,12600423,64,14
264536500,obim_32_14_fifo,12647199,64,14
207133960,obim_32_14_fifo,16760101,128,14
220114180,obim_32_14_fifo,15947056,128,14
207610740,obim_32_14_fifo,17136289,128,14
213246540,obim_32_14_fifo,17605224,128,14
212800280,obim_32_14_fifo,17330123,128,14
225132240,obim_32_14_fifo,15716530,128,14
198294300,obim_32_14_fifo,18527266,128,14
264777060,obim_32_14_fifo,15804275,128,14
221587520,obim_32_14_fifo,15619719,128,14
222417060,obim_32_14_fifo,15630884,128,14
254279040,obim_32_14_fifo,26200685,256,14
253274900,obim_32_14_fifo,25342212,256,14
237991440,obim_32_14_fifo,25881593,256,14
230621780,obim_32_14_fifo,26172053,256,14
236739960,obim_32_14_fifo,25304091,256,14
240565440,obim_32_14_fifo,24611657,256,14
243729620,obim_32_14_fifo,24741849,256,14
241389280,obim_32_14_fifo,25972308,256,14
239342420,obim_32_14_fifo,25690235,256,14
235818940,obim_32_14_fifo,25977149,256,14
