379443654,mqll_4_1_1,9173914,128
383558210,mqll_4_1_1,9186912,128
383795440,mqll_4_1_1,9173020,128
385909700,mqll_4_1_1,9144429,128
385490872,mqll_4_1_1,9131002,128
378286788,mqll_4_1_2,10589469,128
376504954,mqll_4_1_2,10586601,128
377439694,mqll_4_1_2,10629200,128
376351408,mqll_4_1_2,10583805,128
379798834,mqll_4_1_2,10587968,128
446011328,mqll_4_1_4,14077318,128
444534968,mqll_4_1_4,14022023,128
441828516,mqll_4_1_4,14080712,128
446524996,mqll_4_1_4,14053259,128
445097520,mqll_4_1_4,14089128,128
607855018,mqll_4_1_8,20474991,128
609219012,mqll_4_1_8,20647496,128
604946518,mqll_4_1_8,20663752,128
610423616,mqll_4_1_8,20651993,128
609043254,mqll_4_1_8,20567111,128
905540744,mqll_4_1_16,31918468,128
893879842,mqll_4_1_16,31765456,128
907130478,mqll_4_1_16,31962373,128
903348892,mqll_4_1_16,31921559,128
904972582,mqll_4_1_16,31891444,128
1406474184,mqll_4_1_32,50825979,128
1397748950,mqll_4_1_32,50536187,128
1393439470,mqll_4_1_32,50403386,128
1398839976,mqll_4_1_32,50506118,128
1394914906,mqll_4_1_32,50371448,128
2166142080,mqll_4_1_64,79294777,128
2185545708,mqll_4_1_64,80071466,128
2160180846,mqll_4_1_64,79470987,128
2174912384,mqll_4_1_64,79730453,128
2187114072,mqll_4_1_64,80316091,128
3336143184,mqll_4_1_128,122962581,128
3366415792,mqll_4_1_128,123740397,128
3332219304,mqll_4_1_128,122567557,128
3336480232,mqll_4_1_128,122954060,128
3357900116,mqll_4_1_128,123584182,128
5141422972,mqll_4_1_256,186953359,128
5238074186,mqll_4_1_256,190125916,128
5131830390,mqll_4_1_256,186872218,128
5187220220,mqll_4_1_256,188794005,128
5118669340,mqll_4_1_256,186617378,128
7534359596,mqll_4_1_512,268856329,128
7459218528,mqll_4_1_512,266639253,128
7489488354,mqll_4_1_512,267727584,128
7570291374,mqll_4_1_512,270205061,128
7565337186,mqll_4_1_512,269948630,128
9627761566,mqll_4_1_1024,336955855,128
9371434558,mqll_4_1_1024,328896989,128
9585613394,mqll_4_1_1024,335881076,128
9464262688,mqll_4_1_1024,331990931,128
9453261978,mqll_4_1_1024,331064111,128
390779058,mqll_4_2_1,9536995,128
393935204,mqll_4_2_1,9529057,128
386934076,mqll_4_2_1,9531916,128
395096046,mqll_4_2_1,9645342,128
363358004,mqll_4_2_1,9522229,128
347416380,mqll_4_2_2,11360350,128
390439586,mqll_4_2_2,11187020,128
389404492,mqll_4_2_2,11140875,128
382355904,mqll_4_2_2,11176018,128
344049186,mqll_4_2_2,11175971,128
441893322,mqll_4_2_4,14364509,128
391830940,mqll_4_2_4,14362411,128
397409106,mqll_4_2_4,14597569,128
449982572,mqll_4_2_4,14393709,128
449469810,mqll_4_2_4,14385474,128
513957392,mqll_4_2_8,20602303,128
510733196,mqll_4_2_8,20557935,128
602972720,mqll_4_2_8,20507234,128
614802294,mqll_4_2_8,20721148,128
519256210,mqll_4_2_8,20745335,128
743766072,mqll_4_2_16,31125999,128
876882610,mqll_4_2_16,30873684,128
896085888,mqll_4_2_16,31172699,128
871651206,mqll_4_2_16,31005913,128
872321642,mqll_4_2_16,31107542,128
1333268820,mqll_4_2_32,48972353,128
1132426062,mqll_4_2_32,48754267,128
1147067576,mqll_4_2_32,49332027,128
1134303640,mqll_4_2_32,48787328,128
1347554686,mqll_4_2_32,49231037,128
2171486168,mqll_4_2_64,78270849,128
2113484042,mqll_4_2_64,77948075,128
2157778138,mqll_4_2_64,77999837,128
1781101072,mqll_4_2_64,77528371,128
2099106210,mqll_4_2_64,77703974,128
3358755014,mqll_4_2_128,121020941,128
3236804186,mqll_4_2_128,118323382,128
2780469478,mqll_4_2_128,120430790,128
2805222904,mqll_4_2_128,121822449,128
3214831146,mqll_4_2_128,119119780,128
5046492582,mqll_4_2_256,185199848,128
4270269150,mqll_4_2_256,183811600,128
4212963038,mqll_4_2_256,180242002,128
5036939752,mqll_4_2_256,182433534,128
4899323090,mqll_4_2_256,179992428,128
7209144692,mqll_4_2_512,257385029,128
7213742034,mqll_4_2_512,255414476,128
7066613180,mqll_4_2_512,254736353,128
7177303064,mqll_4_2_512,259271085,128
7181291852,mqll_4_2_512,256340968,128
7737374146,mqll_4_2_1024,319394533,128
7815146234,mqll_4_2_1024,322414332,128
9075984212,mqll_4_2_1024,321899767,128
7579398730,mqll_4_2_1024,313705750,128
7643176544,mqll_4_2_1024,315960361,128
381733584,mqll_4_4_1,10428897,128
381916908,mqll_4_4_1,10442762,128
382901250,mqll_4_4_1,10462488,128
379722148,mqll_4_4_1,10423764,128
380531928,mqll_4_4_1,10423178,128
380850246,mqll_4_4_2,12171698,128
377244570,mqll_4_4_2,12246140,128
352962296,mqll_4_4_2,12274452,128
382790998,mqll_4_4_2,12219388,128
354900528,mqll_4_4_2,12166405,128
385092832,mqll_4_4_4,15743020,128
382017130,mqll_4_4_4,15601621,128
385880678,mqll_4_4_4,15685809,128
385903116,mqll_4_4_4,15721815,128
389178242,mqll_4_4_4,15697180,128
485106522,mqll_4_4_8,21329069,128
479405652,mqll_4_4_8,21343196,128
482051322,mqll_4_4_8,21268846,128
480463124,mqll_4_4_8,21396756,128
478281498,mqll_4_4_8,21199934,128
664134930,mqll_4_4_16,31140197,128
663299600,mqll_4_4_16,31053153,128
661211100,mqll_4_4_16,31096682,128
665808918,mqll_4_4_16,31342190,128
662124588,mqll_4_4_16,31046821,128
986601454,mqll_4_4_32,48056090,128
995718252,mqll_4_4_32,48671573,128
990402256,mqll_4_4_32,48230183,128
981021652,mqll_4_4_32,48024605,128
981220442,mqll_4_4_32,47717211,128
1522509296,mqll_4_4_64,74563668,128
1544858624,mqll_4_4_64,75387319,128
1543992094,mqll_4_4_64,75457285,128
1541025210,mqll_4_4_64,75506666,128
1545657000,mqll_4_4_64,75377636,128
2380427536,mqll_4_4_128,115106859,128
2433696124,mqll_4_4_128,117602228,128
2416178948,mqll_4_4_128,117305041,128
2379941700,mqll_4_4_128,115334391,128
2375111944,mqll_4_4_128,115539475,128
3622863858,mqll_4_4_256,173920935,128
3704419960,mqll_4_4_256,177215249,128
3675373466,mqll_4_4_256,175504492,128
3682769632,mqll_4_4_256,176797655,128
3667132678,mqll_4_4_256,175639910,128
5379059236,mqll_4_4_512,252988248,128
5317818412,mqll_4_4_512,250196786,128
5368236806,mqll_4_4_512,252022150,128
5369651112,mqll_4_4_512,252514157,128
5365990750,mqll_4_4_512,252407964,128
6509582588,mqll_4_4_1024,301232066,128
6554850294,mqll_4_4_1024,302810368,128
6714146020,mqll_4_4_1024,309523323,128
6665203336,mqll_4_4_1024,306894324,128
6613399756,mqll_4_4_1024,304756649,128
470463230,mqll_4_8_1,12419053,128
465745806,mqll_4_8_1,12455892,128
462246986,mqll_4_8_1,12354175,128
474297830,mqll_4_8_1,12427301,128
463743140,mqll_4_8_1,12384612,128
401948366,mqll_4_8_2,14237521,128
441158014,mqll_4_8_2,14334854,128
432340962,mqll_4_8_2,14362396,128
401893298,mqll_4_8_2,14212294,128
407569864,mqll_4_8_2,14225190,128
412917214,mqll_4_8_4,17455561,128
417115238,mqll_4_8_4,17460737,128
411413362,mqll_4_8_4,17501270,128
416477176,mqll_4_8_4,17652215,128
413112614,mqll_4_8_4,17517869,128
490910274,mqll_4_8_8,23314386,128
488582792,mqll_4_8_8,23154682,128
492900772,mqll_4_8_8,23307138,128
491325418,mqll_4_8_8,23267767,128
496643374,mqll_4_8_8,23312341,128
636174888,mqll_4_8_16,32404277,128
627643780,mqll_4_8_16,32038153,128
641711114,mqll_4_8_16,32355748,128
635070126,mqll_4_8_16,32304156,128
640447106,mqll_4_8_16,32239370,128
901987124,mqll_4_8_32,46937300,128
911880034,mqll_4_8_32,47233215,128
910794870,mqll_4_8_32,47537028,128
907849956,mqll_4_8_32,47131504,128
905011266,mqll_4_8_32,47448303,128
1370759334,mqll_4_8_64,73265099,128
1386149546,mqll_4_8_64,73867323,128
1357898918,mqll_4_8_64,72611631,128
1364908896,mqll_4_8_64,72747965,128
1349019268,mqll_4_8_64,72326236,128
2056286308,mqll_4_8_128,108612445,128
2109084562,mqll_4_8_128,111498213,128
2096234704,mqll_4_8_128,111222349,128
2114897182,mqll_4_8_128,111905772,128
2113377228,mqll_4_8_128,111352835,128
3256154156,mqll_4_8_256,169400355,128
3271793348,mqll_4_8_256,170215295,128
3249932192,mqll_4_8_256,169480332,128
3239222082,mqll_4_8_256,168193123,128
3189947300,mqll_4_8_256,166109153,128
4713411470,mqll_4_8_512,238561539,128
4724667686,mqll_4_8_512,239077717,128
4604320704,mqll_4_8_512,233426920,128
4557986238,mqll_4_8_512,231702465,128
4549641962,mqll_4_8_512,231068249,128
6017174682,mqll_4_8_1024,299341729,128
5687486772,mqll_4_8_1024,284392262,128
5641345242,mqll_4_8_1024,281887668,128
5792343672,mqll_4_8_1024,289165496,128
5934289766,mqll_4_8_1024,294596787,128
601289012,mqll_4_16_1,15211893,128
604674218,mqll_4_16_1,15262283,128
608313154,mqll_4_16_1,15246183,128
611480562,mqll_4_16_1,15212616,128
609603726,mqll_4_16_1,15239457,128
500360540,mqll_4_16_2,17271409,128
546552258,mqll_4_16_2,17366351,128
507010400,mqll_4_16_2,17224393,128
501547442,mqll_4_16_2,17248723,128
540623174,mqll_4_16_2,17195078,128
490319180,mqll_4_16_4,20666979,128
490882646,mqll_4_16_4,20582755,128
494174098,mqll_4_16_4,20770527,128
491450318,mqll_4_16_4,20757651,128
489048468,mqll_4_16_4,20590308,128
533684748,mqll_4_16_8,25990674,128
539740514,mqll_4_16_8,26116740,128
542750798,mqll_4_16_8,26272193,128
531772320,mqll_4_16_8,25843632,128
540195214,mqll_4_16_8,26172351,128
678748156,mqll_4_16_16,35706350,128
675075338,mqll_4_16_16,35719262,128
674653568,mqll_4_16_16,35684864,128
666657714,mqll_4_16_16,35443829,128
663093348,mqll_4_16_16,35331990,128
901269138,mqll_4_16_32,49185264,128
907645666,mqll_4_16_32,49743696,128
901570616,mqll_4_16_32,49839170,128
891746936,mqll_4_16_32,48978757,128
905846710,mqll_4_16_32,49782720,128
1307246310,mqll_4_16_64,72763511,128
1306594400,mqll_4_16_64,72431116,128
1316232402,mqll_4_16_64,73310745,128
1331190014,mqll_4_16_64,74384990,128
1308050016,mqll_4_16_64,72490536,128
1956319984,mqll_4_16_128,109251908,128
1952441956,mqll_4_16_128,108553119,128
1931651092,mqll_4_16_128,107356361,128
1925419742,mqll_4_16_128,107614191,128
1924671274,mqll_4_16_128,107680549,128
2953702556,mqll_4_16_256,163173211,128
2972462508,mqll_4_16_256,163711907,128
2957671748,mqll_4_16_256,163479628,128
2938757074,mqll_4_16_256,162452017,128
2922375332,mqll_4_16_256,162134599,128
4319048840,mqll_4_16_512,231530265,128
4345855248,mqll_4_16_512,232463140,128
4208198300,mqll_4_16_512,225892477,128
4166888500,mqll_4_16_512,223843908,128
4239212764,mqll_4_16_512,227561290,128
5239812948,mqll_4_16_1024,277471279,128
5232175284,mqll_4_16_1024,277428268,128
5355031444,mqll_4_16_1024,282153534,128
5211088524,mqll_4_16_1024,276217097,128
5153124726,mqll_4_16_1024,273273413,128
718207392,mqll_4_32_1,15503037,128
695434598,mqll_4_32_1,16069945,128
674477876,mqll_4_32_1,15545942,128
686447544,mqll_4_32_1,15790694,128
692911470,mqll_4_32_1,15642481,128
590928206,mqll_4_32_2,18999744,128
593411882,mqll_4_32_2,19434204,128
620468220,mqll_4_32_2,19193561,128
601799992,mqll_4_32_2,19624930,128
595580132,mqll_4_32_2,19341981,128
591198932,mqll_4_32_4,24173218,128
594896796,mqll_4_32_4,24190682,128
595107916,mqll_4_32_4,23667738,128
580041536,mqll_4_32_4,23675355,128
586624932,mqll_4_32_4,23900206,128
640284780,mqll_4_32_8,30425608,128
634720278,mqll_4_32_8,30542092,128
631611598,mqll_4_32_8,30357659,128
640422768,mqll_4_32_8,30325081,128
636577018,mqll_4_32_8,30583250,128
740219872,mqll_4_32_16,39541990,128
749515070,mqll_4_32_16,39504525,128
735020176,mqll_4_32_16,39317283,128
748997990,mqll_4_32_16,39655336,128
746839116,mqll_4_32_16,39595705,128
991643182,mqll_4_32_32,55402883,128
983011650,mqll_4_32_32,55387917,128
985701618,mqll_4_32_32,55070511,128
979915836,mqll_4_32_32,55068774,128
986033272,mqll_4_32_32,55489713,128
1320637526,mqll_4_32_64,76587002,128
1318979702,mqll_4_32_64,76409976,128
1310910268,mqll_4_32_64,75586065,128
1335244118,mqll_4_32_64,76895302,128
1306408006,mqll_4_32_64,75049174,128
1918111876,mqll_4_32_128,110156270,128
1889696444,mqll_4_32_128,108359263,128
1915554834,mqll_4_32_128,109450642,128
1929417714,mqll_4_32_128,110614177,128
1887442286,mqll_4_32_128,108724272,128
2865085340,mqll_4_32_256,161913970,128
2819512664,mqll_4_32_256,159941490,128
2863007254,mqll_4_32_256,161969639,128
2825023596,mqll_4_32_256,159375336,128
2824474260,mqll_4_32_256,160299014,128
3843110862,mqll_4_32_512,216012721,128
3951606378,mqll_4_32_512,221691411,128
3870347948,mqll_4_32_512,216978826,128
3977885370,mqll_4_32_512,222217466,128
4051606944,mqll_4_32_512,225896367,128
5089428004,mqll_4_32_1024,275914784,128
4725889304,mqll_4_32_1024,259131662,128
4915556186,mqll_4_32_1024,267828437,128
4873293450,mqll_4_32_1024,266182018,128
4834320012,mqll_4_32_1024,264100119,128
799166772,mqll_4_64_1,16215380,128
691080664,mqll_4_64_1,16256147,128
878778872,mqll_4_64_1,16297391,128
795661904,mqll_4_64_1,16319404,128
743792384,mqll_4_64_1,16102480,128
555431304,mqll_4_64_2,17362783,128
553875646,mqll_4_64_2,17341920,128
570165480,mqll_4_64_2,17506339,128
583200498,mqll_4_64_2,17339036,128
564328956,mqll_4_64_2,16989227,128
503892096,mqll_4_64_4,20282854,128
497153322,mqll_4_64_4,20418117,128
512164972,mqll_4_64_4,20280975,128
578482446,mqll_4_64_4,21469948,128
481410364,mqll_4_64_4,20068741,128
627842580,mqll_4_64_8,30075922,128
624588062,mqll_4_64_8,30104175,128
672648050,mqll_4_64_8,31179685,128
648101686,mqll_4_64_8,30808805,128
664833552,mqll_4_64_8,30791293,128
817666664,mqll_4_64_16,43109911,128
836724242,mqll_4_64_16,43928543,128
809206726,mqll_4_64_16,43120364,128
871274508,mqll_4_64_16,45507981,128
863276680,mqll_4_64_16,45185807,128
1103219196,mqll_4_64_32,61416690,128
1077517354,mqll_4_64_32,60726824,128
1071977618,mqll_4_64_32,60564424,128
1097492784,mqll_4_64_32,61597404,128
1060927438,mqll_4_64_32,59147925,128
1468871862,mqll_4_64_64,86071894,128
1494723300,mqll_4_64_64,86864380,128
1463898674,mqll_4_64_64,85677438,128
1478014060,mqll_4_64_64,86337208,128
1476943832,mqll_4_64_64,86929921,128
1955883170,mqll_4_64_128,116200840,128
1991674258,mqll_4_64_128,117927723,128
2000588918,mqll_4_64_128,119249148,128
1982602668,mqll_4_64_128,117650796,128
1972614290,mqll_4_64_128,116634939,128
2852749108,mqll_4_64_256,166828390,128
2870334906,mqll_4_64_256,167707463,128
2794408076,mqll_4_64_256,163679961,128
2847350606,mqll_4_64_256,165749754,128
2848005442,mqll_4_64_256,166514198,128
4008232826,mqll_4_64_512,230892504,128
4156533414,mqll_4_64_512,237658387,128
4026782684,mqll_4_64_512,231101479,128
3755144928,mqll_4_64_512,217309983,128
4118800602,mqll_4_64_512,235590383,128
4656695482,mqll_4_64_1024,263873267,128
4831306134,mqll_4_64_1024,272324247,128
4886093850,mqll_4_64_1024,274642674,128
4950050218,mqll_4_64_1024,278182366,128
4870021384,mqll_4_64_1024,274520464,128
1590209308,mqll_4_128_1,24569246,128
1524189970,mqll_4_128_1,24532849,128
1410083618,mqll_4_128_1,24809482,128
1475207572,mqll_4_128_1,24690860,128
1603133678,mqll_4_128_1,25124175,128
958770478,mqll_4_128_2,24658990,128
961556890,mqll_4_128_2,24541919,128
1008832650,mqll_4_128_2,24408307,128
1132191332,mqll_4_128_2,24627287,128
1099652070,mqll_4_128_2,24819248,128
746436890,mqll_4_128_4,25147678,128
690942110,mqll_4_128_4,25231302,128
703783828,mqll_4_128_4,24703990,128
673523624,mqll_4_128_4,25299403,128
704160846,mqll_4_128_4,25438834,128
505627386,mqll_4_128_8,26115516,128
598168498,mqll_4_128_8,28441501,128
551619758,mqll_4_128_8,26640788,128
857168166,mqll_4_128_8,37302003,128
759850604,mqll_4_128_8,32759757,128
703083686,mqll_4_128_16,39288183,128
897672920,mqll_4_128_16,46525092,128
696681742,mqll_4_128_16,37849582,128
728288820,mqll_4_128_16,38432213,128
812709416,mqll_4_128_16,40261583,128
1049342076,mqll_4_128_32,59264882,128
1049899152,mqll_4_128_32,58670673,128
993888898,mqll_4_128_32,55673164,128
1066879054,mqll_4_128_32,57558605,128
1034252468,mqll_4_128_32,56811875,128
1498857562,mqll_4_128_64,89067348,128
1546631666,mqll_4_128_64,91463757,128
1552739852,mqll_4_128_64,91975162,128
1499736682,mqll_4_128_64,89031157,128
1543029014,mqll_4_128_64,91688543,128
2259549112,mqll_4_128_128,136210339,128
2265241108,mqll_4_128_128,137005436,128
2252963688,mqll_4_128_128,136624603,128
2261445382,mqll_4_128_128,135828834,128
2252357352,mqll_4_128_128,136789355,128
3043334380,mqll_4_128_256,182622024,128
3119219702,mqll_4_128_256,187095276,128
3048661616,mqll_4_128_256,183405286,128
3092595748,mqll_4_128_256,186274433,128
3045055926,mqll_4_128_256,183137328,128
4151591170,mqll_4_128_512,244250628,128
4309438710,mqll_4_128_512,251563212,128
4177173624,mqll_4_128_512,245636604,128
4241462898,mqll_4_128_512,248402558,128
3997114966,mqll_4_128_512,236351590,128
5278721814,mqll_4_128_1024,303825354,128
5385213820,mqll_4_128_1024,308168028,128
5192087496,mqll_4_128_1024,298981378,128
5121475348,mqll_4_128_1024,295048915,128
5423872934,mqll_4_128_1024,310722764,128
3254946674,mqll_4_256_1,38082647,128
3363346524,mqll_4_256_1,38830752,128
2912657026,mqll_4_256_1,37480634,128
2676910690,mqll_4_256_1,37644728,128
3237089738,mqll_4_256_1,36974153,128
2080096968,mqll_4_256_2,36832974,128
1909599978,mqll_4_256_2,37792394,128
2288973186,mqll_4_256_2,38872057,128
2292356940,mqll_4_256_2,39987512,128
1776764246,mqll_4_256_2,35957429,128
1103953330,mqll_4_256_4,37730710,128
1586359194,mqll_4_256_4,41705660,128
1503846928,mqll_4_256_4,41646818,128
1430265572,mqll_4_256_4,38551999,128
1616630316,mqll_4_256_4,36315114,128
1402100714,mqll_4_256_8,48478226,128
1046854876,mqll_4_256_8,39039340,128
945994974,mqll_4_256_8,36843510,128
1050580996,mqll_4_256_8,39809624,128
927643310,mqll_4_256_8,36743924,128
1029371326,mqll_4_256_16,49308775,128
1203852796,mqll_4_256_16,55541092,128
1218130244,mqll_4_256_16,53088197,128
1333644940,mqll_4_256_16,53514107,128
1033023140,mqll_4_256_16,46702943,128
969117218,mqll_4_256_32,54179990,128
1178950498,mqll_4_256_32,64599846,128
1198507874,mqll_4_256_32,64257956,128
1285424166,mqll_4_256_32,64858603,128
1185192660,mqll_4_256_32,62842537,128
1412644490,mqll_4_256_64,83040658,128
1369866418,mqll_4_256_64,78728697,128
1216249234,mqll_4_256_64,70865142,128
1055213356,mqll_4_256_64,65675707,128
1250320974,mqll_4_256_64,74995627,128
2137793864,mqll_4_256_128,130406291,128
2141183142,mqll_4_256_128,131997316,128
2011600948,mqll_4_256_128,125163131,128
2156818106,mqll_4_256_128,131949286,128
1961383742,mqll_4_256_128,122070906,128
3414825020,mqll_4_256_256,210100524,128
3511375190,mqll_4_256_256,213270383,128
3500691506,mqll_4_256_256,213910895,128
3732557930,mqll_4_256_256,225678791,128
3457823198,mqll_4_256_256,210945464,128
4488028150,mqll_4_256_512,269014739,128
4560769988,mqll_4_256_512,271453933,128
4732742836,mqll_4_256_512,281575951,128
4748528142,mqll_4_256_512,282166729,128
4268571148,mqll_4_256_512,258072647,128
5371586520,mqll_4_256_1024,317089740,128
5265310670,mqll_4_256_1024,311405861,128
5260431474,mqll_4_256_1024,312128123,128
5129780692,mqll_4_256_1024,304986137,128
5443306114,mqll_4_256_1024,320871199,128
11625391612,mqll_4_512_1,53102584,128
9579623418,mqll_4_512_1,50239889,128
10120417160,mqll_4_512_1,50380379,128
9933575722,mqll_4_512_1,50167101,128
9650417048,mqll_4_512_1,51212337,128
6781747384,mqll_4_512_2,46927218,128
6026966676,mqll_4_512_2,53357731,128
7103739170,mqll_4_512_2,53899831,128
8056725032,mqll_4_512_2,49782702,128
7146832870,mqll_4_512_2,48470406,128
5152225468,mqll_4_512_4,53325572,128
5274019884,mqll_4_512_4,50776272,128
5784816290,mqll_4_512_4,50429950,128
4383186296,mqll_4_512_4,52605456,128
5118870790,mqll_4_512_4,55535501,128
3197860476,mqll_4_512_8,46994040,128
3825970524,mqll_4_512_8,49072070,128
3067604102,mqll_4_512_8,50216987,128
3449433356,mqll_4_512_8,48477709,128
3263610442,mqll_4_512_8,49155805,128
2036086000,mqll_4_512_16,46321717,128
2025432250,mqll_4_512_16,47546116,128
2444640086,mqll_4_512_16,46054085,128
1903883346,mqll_4_512_16,50002912,128
1946794434,mqll_4_512_16,43113044,128
1681576132,mqll_4_512_32,49834169,128
1587984988,mqll_4_512_32,43523980,128
1320921364,mqll_4_512_32,48537492,128
1826143780,mqll_4_512_32,50951376,128
1464135692,mqll_4_512_32,45352197,128
1436532824,mqll_4_512_64,39721937,128
1429725420,mqll_4_512_64,47167525,128
1436135376,mqll_4_512_64,44228297,128
1756298700,mqll_4_512_64,56003385,128
1411669082,mqll_4_512_64,49429716,128
1381923668,mqll_4_512_128,71061326,128
1471122046,mqll_4_512_128,68990031,128
1516095230,mqll_4_512_128,69506780,128
1481860910,mqll_4_512_128,64805689,128
2262541702,mqll_4_512_128,119865066,128
2693209632,mqll_4_512_256,171519871,128
2617235706,mqll_4_512_256,168436669,128
2612958158,mqll_4_512_256,168577440,128
2477495770,mqll_4_512_256,156884260,128
2427030768,mqll_4_512_256,156829260,128
5191925286,mqll_4_512_512,322022908,128
5304552166,mqll_4_512_512,325469987,128
5197693964,mqll_4_512_512,318450008,128
5405659308,mqll_4_512_512,331648761,128
5419636934,mqll_4_512_512,328126181,128
6117393430,mqll_4_512_1024,369473875,128
6114041484,mqll_4_512_1024,368655908,128
6755325788,mqll_4_512_1024,402528428,128
6216017640,mqll_4_512_1024,374337216,128
5865546556,mqll_4_512_1024,355775496,128
26043067472,mqll_4_1024_1,40943747,128
26439925552,mqll_4_1024_1,39435078,128
26626832118,mqll_4_1024_1,43847742,128
27240465506,mqll_4_1024_1,44683837,128
24403595204,mqll_4_1024_1,37542224,128
16872200974,mqll_4_1024_2,35240705,128
19190405336,mqll_4_1024_2,37993428,128
17782172092,mqll_4_1024_2,39743940,128
18423630734,mqll_4_1024_2,37780764,128
21135646202,mqll_4_1024_2,40948618,128
13176822326,mqll_4_1024_4,39143310,128
11991363186,mqll_4_1024_4,42376727,128
12241979352,mqll_4_1024_4,38026737,128
11655466542,mqll_4_1024_4,41780115,128
13627130070,mqll_4_1024_4,37464327,128
7253580498,mqll_4_1024_8,37840732,128
8030322358,mqll_4_1024_8,39682342,128
7423805220,mqll_4_1024_8,38262415,128
7569233112,mqll_4_1024_8,36455131,128
6793469390,mqll_4_1024_8,35148270,128
4613786492,mqll_4_1024_16,34232432,128
4410781936,mqll_4_1024_16,33637388,128
4907958510,mqll_4_1024_16,34265870,128
4619800184,mqll_4_1024_16,36036387,128
4331641170,mqll_4_1024_16,35490171,128
3387104722,mqll_4_1024_32,32482942,128
3933403298,mqll_4_1024_32,41079256,128
3730746538,mqll_4_1024_32,35860738,128
3439748712,mqll_4_1024_32,38399248,128
3469831622,mqll_4_1024_32,31213766,128
2739190568,mqll_4_1024_64,37377215,128
2965551816,mqll_4_1024_64,35387042,128
3025830302,mqll_4_1024_64,38444743,128
2821156256,mqll_4_1024_64,27101124,128
2950956126,mqll_4_1024_64,27457544,128
3000466376,mqll_4_1024_128,28632231,128
2954815070,mqll_4_1024_128,29344196,128
2901683214,mqll_4_1024_128,30619086,128
3177041436,mqll_4_1024_128,32778576,128
2959834514,mqll_4_1024_128,28957247,128
2916327976,mqll_4_1024_256,52558357,128
3419890904,mqll_4_1024_256,41143833,128
2896560806,mqll_4_1024_256,41076462,128
3131122960,mqll_4_1024_256,41038462,128
3285558410,mqll_4_1024_256,44127687,128
2984719644,mqll_4_1024_512,183006578,128
3512717030,mqll_4_1024_512,214611243,128
3062273656,mqll_4_1024_512,201197801,128
3632467278,mqll_4_1024_512,222338892,128
3297089110,mqll_4_1024_512,212918639,128
7421399062,mqll_4_1024_1024,464437360,128
7656253892,mqll_4_1024_1024,480604389,128
7268957346,mqll_4_1024_1024,465493428,128
6949306678,mqll_4_1024_1024,449369207,128
7143763194,mqll_4_1024_1024,449210387,128
