256723984,mqll_4_1_1,6354901,128
249265884,mqll_4_1_1,6352792,128
254124150,mqll_4_1_1,6351265,128
253202468,mqll_4_1_1,6352485,128
262389434,mqll_4_1_1,6353125,128
211579630,mqll_4_1_2,6425848,128
208354166,mqll_4_1_2,6428541,128
211046186,mqll_4_1_2,6428089,128
209639856,mqll_4_1_2,6427021,128
211471284,mqll_4_1_2,6430554,128
193036700,mqll_4_1_4,6593064,128
186208314,mqll_4_1_4,6584784,128
187590098,mqll_4_1_4,6586931,128
188570024,mqll_4_1_4,6590877,128
191499402,mqll_4_1_4,6578230,128
186093754,mqll_4_1_8,6874014,128
183668040,mqll_4_1_8,6876436,128
188923534,mqll_4_1_8,6877236,128
190083744,mqll_4_1_8,6877128,128
186344686,mqll_4_1_8,6882122,128
188689368,mqll_4_1_16,7318173,128
191451872,mqll_4_1_16,7310398,128
190792964,mqll_4_1_16,7287133,128
192848092,mqll_4_1_16,7298956,128
191965524,mqll_4_1_16,7299671,128
198325696,mqll_4_1_32,7609571,128
195318614,mqll_4_1_32,7607098,128
199674128,mqll_4_1_32,7602028,128
199027656,mqll_4_1_32,7629321,128
196030094,mqll_4_1_32,7601910,128
196222728,mqll_4_1_64,7661120,128
199615334,mqll_4_1_64,7664907,128
199018158,mqll_4_1_64,7693781,128
200212838,mqll_4_1_64,7654275,128
199344216,mqll_4_1_64,7671306,128
194141254,mqll_4_1_128,7653709,128
200569476,mqll_4_1_128,7677858,128
200299868,mqll_4_1_128,7700665,128
196625742,mqll_4_1_128,7657954,128
196008538,mqll_4_1_128,7655970,128
196076758,mqll_4_1_256,7659400,128
197074338,mqll_4_1_256,7674151,128
200838726,mqll_4_1_256,7654579,128
201053808,mqll_4_1_256,7667806,128
200524896,mqll_4_1_256,7694156,128
197712952,mqll_4_1_512,7672501,128
197215372,mqll_4_1_512,7684518,128
201200342,mqll_4_1_512,7652671,128
200762476,mqll_4_1_512,7658448,128
202840058,mqll_4_1_512,7676076,128
196765650,mqll_4_1_1024,7664907,128
199535252,mqll_4_1_1024,7701559,128
199231652,mqll_4_1_1024,7690743,128
200828310,mqll_4_1_1024,7686380,128
193826366,mqll_4_1_1024,7611213,128
228278168,mqll_4_2_1,6374378,128
237067346,mqll_4_2_1,6375343,128
231565628,mqll_4_2_1,6372512,128
240370928,mqll_4_2_1,6375710,128
237978634,mqll_4_2_1,6380913,128
180799894,mqll_4_2_2,6461745,128
186114442,mqll_4_2_2,6462475,128
183522286,mqll_4_2_2,6462807,128
186076138,mqll_4_2_2,6463312,128
180503856,mqll_4_2_2,6471271,128
167593268,mqll_4_2_4,6678871,128
163561852,mqll_4_2_4,6597079,128
160504446,mqll_4_2_4,6588425,128
165753250,mqll_4_2_4,6592444,128
162048936,mqll_4_2_4,6592686,128
155061046,mqll_4_2_8,6814230,128
154445356,mqll_4_2_8,6813066,128
156374784,mqll_4_2_8,6842559,128
159616282,mqll_4_2_8,6807346,128
155191286,mqll_4_2_8,6817305,128
159169404,mqll_4_2_16,7162028,128
155468730,mqll_4_2_16,7186684,128
159786372,mqll_4_2_16,7139249,128
163349688,mqll_4_2_16,7124405,128
156961220,mqll_4_2_16,7144538,128
160890468,mqll_4_2_32,7318746,128
161459736,mqll_4_2_32,7317523,128
161463292,mqll_4_2_32,7422587,128
167042328,mqll_4_2_32,7367811,128
166531904,mqll_4_2_32,7373715,128
166095858,mqll_4_2_64,7665717,128
165353180,mqll_4_2_64,7492534,128
162297560,mqll_4_2_64,7372915,128
161517270,mqll_4_2_64,7351749,128
164792236,mqll_4_2_64,7530610,128
163004562,mqll_4_2_128,7417469,128
162756672,mqll_4_2_128,7453821,128
160791366,mqll_4_2_128,7371235,128
163883024,mqll_4_2_128,7360051,128
161669614,mqll_4_2_128,7553026,128
163136834,mqll_4_2_256,7401494,128
160730054,mqll_4_2_256,7437189,128
159836530,mqll_4_2_256,7393761,128
162473864,mqll_4_2_256,7359144,128
160327810,mqll_4_2_256,7367278,128
161050636,mqll_4_2_512,7360868,128
158598754,mqll_4_2_512,7380266,128
168543412,mqll_4_2_512,7661833,128
164703052,mqll_4_2_512,7455137,128
164058954,mqll_4_2_512,7454529,128
163033230,mqll_4_2_1024,7407345,128
159539454,mqll_4_2_1024,7376772,128
160240420,mqll_4_2_1024,7348256,128
164002674,mqll_4_2_1024,7416909,128
164267034,mqll_4_2_1024,7392219,128
222493978,mqll_4_4_1,6402193,128
226738848,mqll_4_4_1,6403602,128
233246670,mqll_4_4_1,6400725,128
231734990,mqll_4_4_1,6399480,128
226501246,mqll_4_4_1,6401752,128
169921690,mqll_4_4_2,6464616,128
175666160,mqll_4_4_2,6462506,128
176286370,mqll_4_4_2,6489037,128
171335382,mqll_4_4_2,6467338,128
171240536,mqll_4_4_2,6485352,128
147650132,mqll_4_4_4,6631934,128
145314268,mqll_4_4_4,6641737,128
152456056,mqll_4_4_4,6651298,128
147865216,mqll_4_4_4,6656179,128
149652406,mqll_4_4_4,6669032,128
144115336,mqll_4_4_8,6807182,128
139645460,mqll_4_4_8,6824827,128
141783334,mqll_4_4_8,6818424,128
139084810,mqll_4_4_8,6807120,128
143158848,mqll_4_4_8,6842670,128
142182384,mqll_4_4_16,7107111,128
139776224,mqll_4_4_16,7063477,128
141222112,mqll_4_4_16,7042358,128
137143278,mqll_4_4_16,7016750,128
141067728,mqll_4_4_16,7054478,128
144299306,mqll_4_4_32,7214007,128
139472818,mqll_4_4_32,7142697,128
142121176,mqll_4_4_32,7146648,128
136935896,mqll_4_4_32,7185965,128
142858886,mqll_4_4_32,7153559,128
139996098,mqll_4_4_64,7158514,128
144696540,mqll_4_4_64,7172170,128
141226396,mqll_4_4_64,7206672,128
139882378,mqll_4_4_64,7254408,128
142160658,mqll_4_4_64,7199823,128
138110914,mqll_4_4_128,7181974,128
139699526,mqll_4_4_128,7151188,128
141455522,mqll_4_4_128,7189668,128
140736310,mqll_4_4_128,7157332,128
140069300,mqll_4_4_128,7211171,128
139694042,mqll_4_4_256,7187138,128
139441816,mqll_4_4_256,7157255,128
142214078,mqll_4_4_256,7243055,128
138521922,mqll_4_4_256,7164891,128
143467430,mqll_4_4_256,7178054,128
137607036,mqll_4_4_512,7147732,128
141751686,mqll_4_4_512,7172913,128
139512570,mqll_4_4_512,7195015,128
138393020,mqll_4_4_512,7149681,128
140457400,mqll_4_4_512,7183651,128
144426754,mqll_4_4_1024,7222155,128
139646306,mqll_4_4_1024,7155961,128
138851570,mqll_4_4_1024,7187236,128
141335892,mqll_4_4_1024,7247029,128
142773000,mqll_4_4_1024,7188836,128
252811494,mqll_4_8_1,6430564,128
254829474,mqll_4_8_1,6433011,128
241757444,mqll_4_8_1,6427876,128
238341886,mqll_4_8_1,6427388,128
238941260,mqll_4_8_1,6419517,128
177034952,mqll_4_8_2,6471018,128
175740918,mqll_4_8_2,6516994,128
174323352,mqll_4_8_2,6469979,128
180224338,mqll_4_8_2,6478991,128
182296462,mqll_4_8_2,6488394,128
144146254,mqll_4_8_4,6584928,128
145293488,mqll_4_8_4,6629472,128
147132552,mqll_4_8_4,6612156,128
149313088,mqll_4_8_4,6620441,128
146743062,mqll_4_8_4,6622361,128
132103508,mqll_4_8_8,6932361,128
134413740,mqll_4_8_8,6978300,128
131369706,mqll_4_8_8,6995263,128
136340828,mqll_4_8_8,6987532,128
129093118,mqll_4_8_8,6997233,128
129081862,mqll_4_8_16,7139133,128
134264936,mqll_4_8_16,7094774,128
127773594,mqll_4_8_16,7125369,128
130479876,mqll_4_8_16,7204744,128
134673252,mqll_4_8_16,7166897,128
129584214,mqll_4_8_32,7313069,128
134434922,mqll_4_8_32,7486388,128
128441592,mqll_4_8_32,7171935,128
128728160,mqll_4_8_32,7228918,128
131234754,mqll_4_8_32,7325473,128
127331806,mqll_4_8_64,7234929,128
130910282,mqll_4_8_64,7235487,128
126208226,mqll_4_8_64,7211562,128
133083144,mqll_4_8_64,7415467,128
129997994,mqll_4_8_64,7177421,128
129954364,mqll_4_8_128,7374411,128
130009860,mqll_4_8_128,7234019,128
132232142,mqll_4_8_128,7418324,128
132186786,mqll_4_8_128,7266680,128
130812002,mqll_4_8_128,7212556,128
131055620,mqll_4_8_256,7379952,128
129037774,mqll_4_8_256,7213958,128
132693290,mqll_4_8_256,7225538,128
131414950,mqll_4_8_256,7157941,128
135104310,mqll_4_8_256,7238117,128
129544742,mqll_4_8_512,7188525,128
129158458,mqll_4_8_512,7216403,128
133786474,mqll_4_8_512,7253137,128
132999340,mqll_4_8_512,7366684,128
132185436,mqll_4_8_512,7198706,128
130706460,mqll_4_8_1024,7264796,128
128149626,mqll_4_8_1024,7291936,128
131123562,mqll_4_8_1024,7242708,128
133673272,mqll_4_8_1024,7190303,128
130914950,mqll_4_8_1024,7236289,128
279953990,mqll_4_16_1,6511054,128
289685566,mqll_4_16_1,6525588,128
308486190,mqll_4_16_1,6529748,128
278004826,mqll_4_16_1,6502565,128
280813300,mqll_4_16_1,6518668,128
201063576,mqll_4_16_2,6549349,128
192030156,mqll_4_16_2,6538657,128
193002318,mqll_4_16_2,6536883,128
196889586,mqll_4_16_2,6527299,128
201466694,mqll_4_16_2,6547478,128
157617586,mqll_4_16_4,6610089,128
147589944,mqll_4_16_4,6602716,128
157223422,mqll_4_16_4,6594275,128
152526604,mqll_4_16_4,6600380,128
153279110,mqll_4_16_4,6602006,128
130667792,mqll_4_16_8,6905083,128
127613350,mqll_4_16_8,6921189,128
126922492,mqll_4_16_8,6878908,128
125762934,mqll_4_16_8,6903407,128
131965382,mqll_4_16_8,6849378,128
135689696,mqll_4_16_16,8312746,128
132705446,mqll_4_16_16,8355954,128
134551124,mqll_4_16_16,8165257,128
132923890,mqll_4_16_16,8235535,128
133731696,mqll_4_16_16,8263191,128
138628468,mqll_4_16_32,8717626,128
138226462,mqll_4_16_32,8570640,128
139880244,mqll_4_16_32,8507797,128
134152938,mqll_4_16_32,8552945,128
137336430,mqll_4_16_32,8402713,128
136654146,mqll_4_16_64,8533314,128
136318336,mqll_4_16_64,8631249,128
134067988,mqll_4_16_64,8457114,128
132175606,mqll_4_16_64,8442794,128
133461950,mqll_4_16_64,8638798,128
137668172,mqll_4_16_128,8727845,128
137064268,mqll_4_16_128,8676995,128
135710676,mqll_4_16_128,8814780,128
141414582,mqll_4_16_128,8766049,128
136878214,mqll_4_16_128,8744975,128
134691032,mqll_4_16_256,8566568,128
135085128,mqll_4_16_256,8652268,128
137149968,mqll_4_16_256,8605182,128
135369486,mqll_4_16_256,8587174,128
132018876,mqll_4_16_256,8535851,128
141230530,mqll_4_16_512,9021951,128
139582140,mqll_4_16_512,8721801,128
136462744,mqll_4_16_512,8705920,128
140466706,mqll_4_16_512,8782347,128
138499370,mqll_4_16_512,8804569,128
136769136,mqll_4_16_1024,8774214,128
133749190,mqll_4_16_1024,8583377,128
133405984,mqll_4_16_1024,8606460,128
134441932,mqll_4_16_1024,8638474,128
140651446,mqll_4_16_1024,8715125,128
322076188,mqll_4_32_1,7054989,128
341747666,mqll_4_32_1,7077804,128
334196794,mqll_4_32_1,7089686,128
315968906,mqll_4_32_1,7048285,128
352555234,mqll_4_32_1,7091661,128
221113936,mqll_4_32_2,7093166,128
216077208,mqll_4_32_2,7053543,128
231152846,mqll_4_32_2,7049969,128
232419814,mqll_4_32_2,7069029,128
214231870,mqll_4_32_2,6973674,128
160008880,mqll_4_32_4,7078114,128
156546938,mqll_4_32_4,7084496,128
163990612,mqll_4_32_4,7127635,128
171039538,mqll_4_32_4,7088072,128
160904324,mqll_4_32_4,7091790,128
131580760,mqll_4_32_8,7303550,128
129334434,mqll_4_32_8,7369632,128
134218860,mqll_4_32_8,7318226,128
129070312,mqll_4_32_8,7289840,128
137368816,mqll_4_32_8,7270574,128
127499032,mqll_4_32_16,8250541,128
124590230,mqll_4_32_16,8401302,128
123625734,mqll_4_32_16,8253357,128
123056474,mqll_4_32_16,8291961,128
123363826,mqll_4_32_16,8170174,128
166775582,mqll_4_32_32,12562530,128
169225168,mqll_4_32_32,12691024,128
168489898,mqll_4_32_32,12769363,128
168599764,mqll_4_32_32,12399628,128
169745198,mqll_4_32_32,12610679,128
175860420,mqll_4_32_64,13541782,128
170723662,mqll_4_32_64,13371393,128
178447598,mqll_4_32_64,13586680,128
168290484,mqll_4_32_64,13111658,128
178444462,mqll_4_32_64,13777027,128
171599534,mqll_4_32_128,13367596,128
173660778,mqll_4_32_128,13636835,128
180297394,mqll_4_32_128,13322585,128
184623652,mqll_4_32_128,13809987,128
182376732,mqll_4_32_128,14068510,128
177073382,mqll_4_32_256,13875722,128
176021436,mqll_4_32_256,13338154,128
178201500,mqll_4_32_256,13581140,128
179511328,mqll_4_32_256,13529616,128
183285648,mqll_4_32_256,14021772,128
175486376,mqll_4_32_512,13437960,128
177248604,mqll_4_32_512,13370750,128
170606374,mqll_4_32_512,13467322,128
179960426,mqll_4_32_512,13587893,128
173308060,mqll_4_32_512,13681622,128
174258360,mqll_4_32_1024,13547828,128
171298166,mqll_4_32_1024,13346832,128
172305320,mqll_4_32_1024,13211737,128
181746582,mqll_4_32_1024,13509106,128
181034416,mqll_4_32_1024,13892687,128
517836650,mqll_4_64_1,9345507,128
443013782,mqll_4_64_1,9277194,128
518034324,mqll_4_64_1,9315873,128
447843692,mqll_4_64_1,9336846,128
433188134,mqll_4_64_1,9253358,128
316803236,mqll_4_64_2,9125999,128
313137048,mqll_4_64_2,9222406,128
316559230,mqll_4_64_2,9195376,128
310396238,mqll_4_64_2,9293105,128
322048030,mqll_4_64_2,9332982,128
227687592,mqll_4_64_4,9372681,128
238813962,mqll_4_64_4,9152647,128
225662916,mqll_4_64_4,9235690,128
210908132,mqll_4_64_4,9266950,128
204114938,mqll_4_64_4,9171187,128
162547852,mqll_4_64_8,9405271,128
155539260,mqll_4_64_8,9400460,128
165259980,mqll_4_64_8,9391656,128
157300558,mqll_4_64_8,9404674,128
175086856,mqll_4_64_8,9428126,128
143434870,mqll_4_64_16,10105352,128
134739736,mqll_4_64_16,10088114,128
138737694,mqll_4_64_16,10020252,128
137820240,mqll_4_64_16,10072470,128
137567260,mqll_4_64_16,9950111,128
162798062,mqll_4_64_32,12400191,128
145672576,mqll_4_64_32,12013771,128
150344544,mqll_4_64_32,12336153,128
149081350,mqll_4_64_32,12257922,128
152937284,mqll_4_64_32,12301048,128
260774232,mqll_4_64_64,23608228,128
260573396,mqll_4_64_64,23560281,128
254028116,mqll_4_64_64,22995866,128
252914920,mqll_4_64_64,23368190,128
261575510,mqll_4_64_64,23593907,128
300080484,mqll_4_64_128,26905157,128
279416402,mqll_4_64_128,24811765,128
261786168,mqll_4_64_128,23439075,128
264566578,mqll_4_64_128,24842966,128
288791220,mqll_4_64_128,25672229,128
273399244,mqll_4_64_256,24862537,128
270917680,mqll_4_64_256,24956115,128
258767880,mqll_4_64_256,24048536,128
248165234,mqll_4_64_256,22359952,128
250334484,mqll_4_64_256,22362241,128
263399378,mqll_4_64_512,24061894,128
254217102,mqll_4_64_512,22963064,128
261574772,mqll_4_64_512,24493491,128
256828822,mqll_4_64_512,23662636,128
279792638,mqll_4_64_512,25169336,128
253830304,mqll_4_64_1024,23566134,128
267517888,mqll_4_64_1024,24837711,128
280069930,mqll_4_64_1024,25433397,128
270485434,mqll_4_64_1024,24587913,128
271870322,mqll_4_64_1024,24635571,128
844003792,mqll_4_128_1,13932721,128
827395316,mqll_4_128_1,13869179,128
792792834,mqll_4_128_1,14058954,128
824956482,mqll_4_128_1,14115161,128
866905612,mqll_4_128_1,13985999,128
615656122,mqll_4_128_2,14161582,128
642484656,mqll_4_128_2,13884004,128
734128332,mqll_4_128_2,13863086,128
532169530,mqll_4_128_2,14197614,128
540753036,mqll_4_128_2,13917826,128
426607024,mqll_4_128_4,14071552,128
389870282,mqll_4_128_4,14014543,128
368907396,mqll_4_128_4,13743411,128
392508050,mqll_4_128_4,13860756,128
340777008,mqll_4_128_4,13753035,128
260274846,mqll_4_128_8,13986113,128
268672668,mqll_4_128_8,13798033,128
291053542,mqll_4_128_8,14198436,128
257575800,mqll_4_128_8,13878893,128
312831810,mqll_4_128_8,13632338,128
200224128,mqll_4_128_16,14138829,128
203177038,mqll_4_128_16,14488748,128
205117256,mqll_4_128_16,14397859,128
218485244,mqll_4_128_16,14366661,128
204077072,mqll_4_128_16,14230255,128
192742472,mqll_4_128_32,15990828,128
193110812,mqll_4_128_32,15571300,128
196416632,mqll_4_128_32,16012759,128
195729246,mqll_4_128_32,15534538,128
195067316,mqll_4_128_32,15539337,128
228403860,mqll_4_128_64,20098850,128
205340076,mqll_4_128_64,19205508,128
220276496,mqll_4_128_64,19773901,128
209563914,mqll_4_128_64,19948784,128
202075854,mqll_4_128_64,20043399,128
432553054,mqll_4_128_128,43243438,128
418257132,mqll_4_128_128,42336756,128
448654680,mqll_4_128_128,42627636,128
406844400,mqll_4_128_128,41372109,128
429582264,mqll_4_128_128,43043070,128
379431124,mqll_4_128_256,38787487,128
437739630,mqll_4_128_256,42745107,128
437418976,mqll_4_128_256,43586416,128
505465278,mqll_4_128_256,47624260,128
459063404,mqll_4_128_256,44921489,128
438247248,mqll_4_128_512,43046729,128
459347540,mqll_4_128_512,44857722,128
407078986,mqll_4_128_512,41338015,128
462648712,mqll_4_128_512,45903535,128
397306922,mqll_4_128_512,39452969,128
466236800,mqll_4_128_1024,46860882,128
421952652,mqll_4_128_1024,42442476,128
461292104,mqll_4_128_1024,46319430,128
470771396,mqll_4_128_1024,47064640,128
440928668,mqll_4_128_1024,43727926,128
1681178468,mqll_4_256_1,21615800,128
2396088486,mqll_4_256_1,22910111,128
1844121540,mqll_4_256_1,22420376,128
1769634010,mqll_4_256_1,22809718,128
1662398490,mqll_4_256_1,22879328,128
1198348644,mqll_4_256_2,22255857,128
1249259952,mqll_4_256_2,22620546,128
1343877374,mqll_4_256_2,21991737,128
1116137626,mqll_4_256_2,22244858,128
1405014830,mqll_4_256_2,22272701,128
739627312,mqll_4_256_4,21177036,128
851916648,mqll_4_256_4,21808718,128
881211568,mqll_4_256_4,21630836,128
751404504,mqll_4_256_4,22026103,128
814289250,mqll_4_256_4,21464452,128
510934662,mqll_4_256_8,21818526,128
599430930,mqll_4_256_8,21374503,128
563305044,mqll_4_256_8,21618948,128
447563532,mqll_4_256_8,22413587,128
516204988,mqll_4_256_8,21154560,128
402281094,mqll_4_256_16,21352519,128
350681788,mqll_4_256_16,21487991,128
407852912,mqll_4_256_16,21622907,128
365872348,mqll_4_256_16,22285606,128
387923188,mqll_4_256_16,22315995,128
307457436,mqll_4_256_32,22208777,128
275700692,mqll_4_256_32,22452147,128
293171794,mqll_4_256_32,21883362,128
310967802,mqll_4_256_32,22394715,128
312442146,mqll_4_256_32,22458953,128
275084098,mqll_4_256_64,23293009,128
304227088,mqll_4_256_64,23261554,128
266859518,mqll_4_256_64,23196797,128
310606608,mqll_4_256_64,22056561,128
279784240,mqll_4_256_64,23384594,128
342652696,mqll_4_256_128,29039329,128
369525654,mqll_4_256_128,31133485,128
327283698,mqll_4_256_128,30145708,128
335303278,mqll_4_256_128,30307457,128
364077836,mqll_4_256_128,30321062,128
530044222,mqll_4_256_256,49862303,128
517610010,mqll_4_256_256,52123511,128
498731652,mqll_4_256_256,50444822,128
550526714,mqll_4_256_256,55121257,128
431621454,mqll_4_256_256,42625648,128
496456962,mqll_4_256_512,50476520,128
620523800,mqll_4_256_512,61671839,128
544494330,mqll_4_256_512,48904134,128
602297488,mqll_4_256_512,53603093,128
566001564,mqll_4_256_512,60189831,128
505786080,mqll_4_256_1024,53440578,128
597674170,mqll_4_256_1024,59874179,128
508312026,mqll_4_256_1024,51465049,128
482345412,mqll_4_256_1024,50540513,128
529970920,mqll_4_256_1024,52457788,128
3481533096,mqll_4_512_1,29474150,128
5923166908,mqll_4_512_1,32134808,128
5009797534,mqll_4_512_1,34816429,128
4261090372,mqll_4_512_1,31271692,128
5099050446,mqll_4_512_1,32655865,128
4512852054,mqll_4_512_2,34650740,128
3525551324,mqll_4_512_2,35208509,128
4773234986,mqll_4_512_2,33542457,128
2898944062,mqll_4_512_2,31381436,128
2935421540,mqll_4_512_2,33849623,128
1863130648,mqll_4_512_4,32425469,128
1475348778,mqll_4_512_4,32897454,128
1839272244,mqll_4_512_4,31485445,128
1731233266,mqll_4_512_4,32558370,128
1495436356,mqll_4_512_4,31255073,128
1516072266,mqll_4_512_8,29725505,128
1246045684,mqll_4_512_8,28766603,128
1020351834,mqll_4_512_8,28827268,128
1551197832,mqll_4_512_8,25302155,128
1257045022,mqll_4_512_8,30253330,128
940617586,mqll_4_512_16,29387132,128
1250080882,mqll_4_512_16,27635604,128
810770396,mqll_4_512_16,30249060,128
855030484,mqll_4_512_16,29870783,128
867260438,mqll_4_512_16,29061201,128
657472514,mqll_4_512_32,29655750,128
607236888,mqll_4_512_32,32215306,128
603430246,mqll_4_512_32,29289901,128
543569604,mqll_4_512_32,31530214,128
580556890,mqll_4_512_32,26098118,128
544745832,mqll_4_512_64,27652763,128
506218476,mqll_4_512_64,21826960,128
564060284,mqll_4_512_64,26017191,128
473789908,mqll_4_512_64,22801697,128
458192266,mqll_4_512_64,29219419,128
502143726,mqll_4_512_128,26686562,128
555225306,mqll_4_512_128,26780455,128
569552044,mqll_4_512_128,24402016,128
517086846,mqll_4_512_128,32005918,128
547746266,mqll_4_512_128,32856855,128
610519944,mqll_4_512_256,38279697,128
557950788,mqll_4_512_256,29794854,128
617411278,mqll_4_512_256,34808389,128
534619210,mqll_4_512_256,31977878,128
545382908,mqll_4_512_256,34012289,128
486636604,mqll_4_512_512,38316333,128
622398446,mqll_4_512_512,41079700,128
636157744,mqll_4_512_512,42862381,128
587507022,mqll_4_512_512,43471083,128
674687924,mqll_4_512_512,40660600,128
585690342,mqll_4_512_1024,42399842,128
596416014,mqll_4_512_1024,38335896,128
526492684,mqll_4_512_1024,45410622,128
579512786,mqll_4_512_1024,42574152,128
527880386,mqll_4_512_1024,41590805,128
14944117958,mqll_4_1024_1,31067064,128
19981081340,mqll_4_1024_1,34010197,128
13968184802,mqll_4_1024_1,32065939,128
13740408214,mqll_4_1024_1,33442748,128
14764411202,mqll_4_1024_1,38045187,128
9021980666,mqll_4_1024_2,33508896,128
13921171084,mqll_4_1024_2,43874057,128
15238044916,mqll_4_1024_2,37043253,128
10488806652,mqll_4_1024_2,35153116,128
12459873334,mqll_4_1024_2,42239371,128
6104922622,mqll_4_1024_4,42274555,128
5358157514,mqll_4_1024_4,30185400,128
7096871118,mqll_4_1024_4,34440891,128
6866145650,mqll_4_1024_4,36697125,128
7053026722,mqll_4_1024_4,33011009,128
5806934718,mqll_4_1024_8,35452265,128
5326889594,mqll_4_1024_8,34620903,128
5433319316,mqll_4_1024_8,36328408,128
5143517080,mqll_4_1024_8,41360375,128
4116371188,mqll_4_1024_8,31317998,128
3015059640,mqll_4_1024_16,31841382,128
2486709320,mqll_4_1024_16,33081079,128
2658223588,mqll_4_1024_16,30272020,128
2328770388,mqll_4_1024_16,31050835,128
2334370096,mqll_4_1024_16,29178527,128
1857491386,mqll_4_1024_32,32946698,128
2098146680,mqll_4_1024_32,32530700,128
1682381040,mqll_4_1024_32,29322534,128
1796545988,mqll_4_1024_32,31191341,128
1536996310,mqll_4_1024_32,31149465,128
1299489960,mqll_4_1024_64,31384264,128
1137327952,mqll_4_1024_64,21926061,128
1108616790,mqll_4_1024_64,24035730,128
1127079822,mqll_4_1024_64,26753938,128
1235259264,mqll_4_1024_64,26705047,128
958410630,mqll_4_1024_128,22144068,128
1180197260,mqll_4_1024_128,21655852,128
1186371604,mqll_4_1024_128,25114462,128
1162890376,mqll_4_1024_128,20233730,128
1030980318,mqll_4_1024_128,22313768,128
1037426002,mqll_4_1024_256,24438870,128
1251803066,mqll_4_1024_256,26680356,128
1002716474,mqll_4_1024_256,28615676,128
985372314,mqll_4_1024_256,18852460,128
1178940576,mqll_4_1024_256,18532093,128
1314423768,mqll_4_1024_512,27049221,128
1342453124,mqll_4_1024_512,22506190,128
1248918716,mqll_4_1024_512,28880778,128
1260661738,mqll_4_1024_512,26984892,128
1266157698,mqll_4_1024_512,25157802,128
1312122440,mqll_4_1024_1024,33980047,128
1459880022,mqll_4_1024_1024,32254090,128
1583656908,mqll_4_1024_1024,33077553,128
1165611640,mqll_4_1024_1024,33737989,128
1340350552,mqll_4_1024_1024,32737676,128
