1097077328,mqll_4_1_1,28363028,128,10
1088487712,mqll_4_1_1,28403914,128,10
1114727692,mqll_4_1_1,28351519,128,10
1105204374,mqll_4_1_1,28340488,128,10
1105486918,mqll_4_1_1,28346653,128,10
1010389174,mqll_4_1_2,31848538,128,10
1010459616,mqll_4_1_2,31820006,128,10
1006795670,mqll_4_1_2,31899946,128,10
1023226656,mqll_4_1_2,31817818,128,10
1015577174,mqll_4_1_2,31843349,128,10
1127650948,mqll_4_1_4,40019651,128,10
1136208872,mqll_4_1_4,40095480,128,10
1129291542,mqll_4_1_4,40076114,128,10
1135976950,mqll_4_1_4,40021549,128,10
1142158282,mqll_4_1_4,40037133,128,10
1511245150,mqll_4_1_8,57653692,128,10
1515726068,mqll_4_1_8,57657032,128,10
1520742988,mqll_4_1_8,57826519,128,10
1509038468,mqll_4_1_8,57722653,128,10
1523797462,mqll_4_1_8,57743665,128,10
2272486908,mqll_4_1_16,91161701,128,10
2277635536,mqll_4_1_16,91633591,128,10
2277478688,mqll_4_1_16,91409884,128,10
2272493474,mqll_4_1_16,91223017,128,10
2261896890,mqll_4_1_16,91176746,128,10
3634512428,mqll_4_1_32,150817625,128,10
3605692002,mqll_4_1_32,150412430,128,10
3623363444,mqll_4_1_32,150938376,128,10
3613786010,mqll_4_1_32,150558420,128,10
3621225300,mqll_4_1_32,150998771,128,10
6045221362,mqll_4_1_64,256147304,128,10
6051455646,mqll_4_1_64,256926913,128,10
6047019980,mqll_4_1_64,256271028,128,10
6077291740,mqll_4_1_64,256734102,128,10
6052814866,mqll_4_1_64,255345190,128,10
10354410554,mqll_4_1_128,440676128,128,10
10402169028,mqll_4_1_128,441909514,128,10
10409857236,mqll_4_1_128,441439040,128,10
10438060886,mqll_4_1_128,443341066,128,10
10383313646,mqll_4_1_128,439988515,128,10
17480733624,mqll_4_1_256,733399828,128,10
17630035708,mqll_4_1_256,738022883,128,10
17611921530,mqll_4_1_256,739013014,128,10
17647519560,mqll_4_1_256,739135459,128,10
17621930578,mqll_4_1_256,739448651,128,10
29148549364,mqll_4_1_512,1180310060,128,10
29146984158,mqll_4_1_512,1176825816,128,10
29446568798,mqll_4_1_512,1188473216,128,10
29575552504,mqll_4_1_512,1191130607,128,10
29461824418,mqll_4_1_512,1191117924,128,10
47487670140,mqll_4_1_1024,1836868563,128,10
47762910918,mqll_4_1_1024,1847904966,128,10
47651788232,mqll_4_1_1024,1834483588,128,10
47851018406,mqll_4_1_1024,1842506698,128,10
48009033648,mqll_4_1_1024,1849382810,128,10
1122610326,mqll_4_2_1,29400497,128,10
1116352960,mqll_4_2_1,29421549,128,10
1104147816,mqll_4_2_1,29371550,128,10
1135323924,mqll_4_2_1,29373511,128,10
1109657116,mqll_4_2_1,29382196,128,10
1014036798,mqll_4_2_2,33072475,128,10
1015113132,mqll_4_2_2,33093119,128,10
1024156242,mqll_4_2_2,33255879,128,10
1020098414,mqll_4_2_2,33118919,128,10
1011556758,mqll_4_2_2,33114177,128,10
1127388878,mqll_4_2_4,40795731,128,10
1165890800,mqll_4_2_4,40728594,128,10
1143077746,mqll_4_2_4,40790112,128,10
1154791202,mqll_4_2_4,40865233,128,10
1133120258,mqll_4_2_4,40779208,128,10
1480672094,mqll_4_2_8,57170283,128,10
1486361524,mqll_4_2_8,57426303,128,10
1504899444,mqll_4_2_8,57186289,128,10
1517105552,mqll_4_2_8,57363128,128,10
1247842992,mqll_4_2_8,57459632,128,10
2261598668,mqll_4_2_16,89014918,128,10
2289052726,mqll_4_2_16,88920073,128,10
2284717630,mqll_4_2_16,89045563,128,10
2281474800,mqll_4_2_16,89604257,128,10
2221759534,mqll_4_2_16,88671628,128,10
3600575122,mqll_4_2_32,146043685,128,10
3541372464,mqll_4_2_32,145401177,128,10
3526434840,mqll_4_2_32,144795224,128,10
3535636348,mqll_4_2_32,145970457,128,10
3531898448,mqll_4_2_32,145846410,128,10
6054262352,mqll_4_2_64,247371875,128,10
4774290076,mqll_4_2_64,249232104,128,10
6051522186,mqll_4_2_64,246199037,128,10
6017800056,mqll_4_2_64,246928416,128,10
5987287724,mqll_4_2_64,247812196,128,10
10275398050,mqll_4_2_128,423360402,128,10
10217973412,mqll_4_2_128,424255993,128,10
10127832900,mqll_4_2_128,423100916,128,10
10087262324,mqll_4_2_128,422592288,128,10
10479074658,mqll_4_2_128,425495467,128,10
17551223872,mqll_4_2_256,717556686,128,10
17367330312,mqll_4_2_256,711647924,128,10
17721489534,mqll_4_2_256,712760022,128,10
14022679738,mqll_4_2_256,715624936,128,10
17339402680,mqll_4_2_256,716810738,128,10
29302172028,mqll_4_2_512,1149976433,128,10
28290287524,mqll_4_2_512,1143967664,128,10
23561798490,mqll_4_2_512,1155147215,128,10
29243390770,mqll_4_2_512,1140854555,128,10
23607919356,mqll_4_2_512,1157745903,128,10
46893282438,mqll_4_2_1024,1767882701,128,10
46472469592,mqll_4_2_1024,1800381349,128,10
46175399524,mqll_4_2_1024,1776962899,128,10
38885081672,mqll_4_2_1024,1797348557,128,10
45948798044,mqll_4_2_1024,1772358736,128,10
1047676454,mqll_4_4_1,31563372,128,10
1054080828,mqll_4_4_1,31561831,128,10
1054707122,mqll_4_4_1,31561129,128,10
1046686980,mqll_4_4_1,31577164,128,10
1048466654,mqll_4_4_1,31581893,128,10
982337306,mqll_4_4_2,35573558,128,10
987110616,mqll_4_4_2,35439435,128,10
992704546,mqll_4_4_2,35443655,128,10
978933152,mqll_4_4_2,35456754,128,10
900214076,mqll_4_4_2,35493279,128,10
919790686,mqll_4_4_4,43854254,128,10
920377958,mqll_4_4_4,43851928,128,10
921820388,mqll_4_4_4,43859243,128,10
922211852,mqll_4_4_4,43824620,128,10
919256834,mqll_4_4_4,43786520,128,10
1121693264,mqll_4_4_8,59271765,128,10
1126947290,mqll_4_4_8,59119362,128,10
1127606992,mqll_4_4_8,59198898,128,10
1127591780,mqll_4_4_8,59155057,128,10
1127293002,mqll_4_4_8,59313653,128,10
1555719690,mqll_4_4_16,88727274,128,10
1561382406,mqll_4_4_16,88525038,128,10
1558953610,mqll_4_4_16,88978615,128,10
1557792372,mqll_4_4_16,88769608,128,10
1555903494,mqll_4_4_16,88375460,128,10
2403354838,mqll_4_4_32,141726905,128,10
2403240564,mqll_4_4_32,141863119,128,10
2395286452,mqll_4_4_32,142249986,128,10
2399836540,mqll_4_4_32,141711700,128,10
2404637148,mqll_4_4_32,141962086,128,10
4011827102,mqll_4_4_64,238950540,128,10
3989289568,mqll_4_4_64,237885547,128,10
3982935560,mqll_4_4_64,237593350,128,10
4005491042,mqll_4_4_64,238253536,128,10
4010998948,mqll_4_4_64,239207336,128,10
6810086974,mqll_4_4_128,407302919,128,10
6859839978,mqll_4_4_128,409824081,128,10
6798222120,mqll_4_4_128,406802995,128,10
6852381274,mqll_4_4_128,409220705,128,10
6836933908,mqll_4_4_128,407671620,128,10
11820101480,mqll_4_4_256,686737082,128,10
11788865524,mqll_4_4_256,687182556,128,10
11827850510,mqll_4_4_256,689850884,128,10
11767380612,mqll_4_4_256,687011524,128,10
11763660192,mqll_4_4_256,685123275,128,10
19608110728,mqll_4_4_512,1110478157,128,10
19597399814,mqll_4_4_512,1108921597,128,10
19748342636,mqll_4_4_512,1115580113,128,10
19952076916,mqll_4_4_512,1127635106,128,10
19652709168,mqll_4_4_512,1110649401,128,10
32644461274,mqll_4_4_1024,1718655879,128,10
33020859644,mqll_4_4_1024,1735966688,128,10
32794531490,mqll_4_4_1024,1724272900,128,10
32758744128,mqll_4_4_1024,1721955588,128,10
32638936404,mqll_4_4_1024,1717138004,128,10
1193698758,mqll_4_8_1,36006911,128,10
1201366282,mqll_4_8_1,35918740,128,10
1199437482,mqll_4_8_1,35924976,128,10
1211958740,mqll_4_8_1,35929191,128,10
1197275066,mqll_4_8_1,35894150,128,10
1077380558,mqll_4_8_2,40083131,128,10
987670156,mqll_4_8_2,40143246,128,10
1073520282,mqll_4_8_2,40208698,128,10
1093117482,mqll_4_8_2,40082474,128,10
1074679996,mqll_4_8_2,40060554,128,10
967421334,mqll_4_8_4,48392232,128,10
965739360,mqll_4_8_4,48557833,128,10
965915812,mqll_4_8_4,48474696,128,10
968619886,mqll_4_8_4,48523332,128,10
969361680,mqll_4_8_4,48567294,128,10
1113293344,mqll_4_8_8,64922719,128,10
1108989414,mqll_4_8_8,64624171,128,10
1117169894,mqll_4_8_8,64644654,128,10
1112305876,mqll_4_8_8,64821586,128,10
1120433288,mqll_4_8_8,64796581,128,10
1483162116,mqll_4_8_16,91892027,128,10
1483028344,mqll_4_8_16,91732417,128,10
1486052762,mqll_4_8_16,91726616,128,10
1484815594,mqll_4_8_16,91827552,128,10
1478680448,mqll_4_8_16,91347874,128,10
2169276460,mqll_4_8_32,140554408,128,10
2167229560,mqll_4_8_32,140665727,128,10
2156951606,mqll_4_8_32,140432221,128,10
2172905228,mqll_4_8_32,140648226,128,10
2175099082,mqll_4_8_32,140854578,128,10
3413571530,mqll_4_8_64,229875111,128,10
3411137636,mqll_4_8_64,229887995,128,10
3445642324,mqll_4_8_64,231816425,128,10
3410987280,mqll_4_8_64,229143853,128,10
3440953770,mqll_4_8_64,231090156,128,10
5902306682,mqll_4_8_128,392764248,128,10
5859609300,mqll_4_8_128,389868445,128,10
5848200674,mqll_4_8_128,388981554,128,10
5871364316,mqll_4_8_128,391108068,128,10
5831255896,mqll_4_8_128,388365567,128,10
9966256200,mqll_4_8_256,658080344,128,10
9899003884,mqll_4_8_256,654798212,128,10
9971321918,mqll_4_8_256,659695609,128,10
9880464564,mqll_4_8_256,655147677,128,10
10023219528,mqll_4_8_256,663043813,128,10
17066216312,mqll_4_8_512,1068301873,128,10
17046380744,mqll_4_8_512,1067167876,128,10
17052171350,mqll_4_8_512,1068464710,128,10
17036190670,mqll_4_8_512,1067644054,128,10
17086331128,mqll_4_8_512,1070323971,128,10
28612669812,mqll_4_8_1024,1672528867,128,10
27931907426,mqll_4_8_1024,1639639560,128,10
28302888386,mqll_4_8_1024,1660926421,128,10
28174320126,mqll_4_8_1024,1652181547,128,10
27931160070,mqll_4_8_1024,1640364087,128,10
1590212070,mqll_4_16_1,43760709,128,10
1589367968,mqll_4_16_1,43750394,128,10
1583469358,mqll_4_16_1,43819853,128,10
1567926138,mqll_4_16_1,43566226,128,10
1570798048,mqll_4_16_1,43830359,128,10
1254304808,mqll_4_16_2,49368214,128,10
1266329590,mqll_4_16_2,49322521,128,10
1358453082,mqll_4_16_2,49328921,128,10
1364850050,mqll_4_16_2,49335150,128,10
1258506024,mqll_4_16_2,49407043,128,10
1150669394,mqll_4_16_4,57833404,128,10
1150802678,mqll_4_16_4,57877699,128,10
1150155516,mqll_4_16_4,57777804,128,10
1144490952,mqll_4_16_4,57929129,128,10
1147585204,mqll_4_16_4,57811150,128,10
1227703400,mqll_4_16_8,73011863,128,10
1231156112,mqll_4_16_8,73138708,128,10
1236101174,mqll_4_16_8,73153374,128,10
1233862454,mqll_4_16_8,73009753,128,10
1233566710,mqll_4_16_8,73253095,128,10
1526250368,mqll_4_16_16,101253028,128,10
1507915532,mqll_4_16_16,101255246,128,10
1515403548,mqll_4_16_16,101231798,128,10
1519618598,mqll_4_16_16,101078885,128,10
1509760742,mqll_4_16_16,101054444,128,10
2115532002,mqll_4_16_32,146719446,128,10
2112426010,mqll_4_16_32,146844314,128,10
2115460292,mqll_4_16_32,147313629,128,10
2112648156,mqll_4_16_32,146782608,128,10
2121928832,mqll_4_16_32,147103827,128,10
3221158668,mqll_4_16_64,228099014,128,10
3228740608,mqll_4_16_64,230099069,128,10
3227241998,mqll_4_16_64,228611184,128,10
3206931844,mqll_4_16_64,228028416,128,10
3236392900,mqll_4_16_64,230238113,128,10
5215052552,mqll_4_16_128,376129314,128,10
5223597000,mqll_4_16_128,377532148,128,10
5227605632,mqll_4_16_128,377650735,128,10
5206685218,mqll_4_16_128,377902618,128,10
5240245890,mqll_4_16_128,377519964,128,10
8917930668,mqll_4_16_256,629027098,128,10
8952581716,mqll_4_16_256,634221767,128,10
8983557270,mqll_4_16_256,634063229,128,10
8917483584,mqll_4_16_256,629840976,128,10
8904939136,mqll_4_16_256,630358163,128,10
15484204858,mqll_4_16_512,1035099735,128,10
15264054838,mqll_4_16_512,1020256559,128,10
15225146048,mqll_4_16_512,1017937424,128,10
15377190908,mqll_4_16_512,1027307000,128,10
15382130206,mqll_4_16_512,1027443006,128,10
25054352362,mqll_4_16_1024,1575731672,128,10
25640403160,mqll_4_16_1024,1603121398,128,10
25136446482,mqll_4_16_1024,1578912617,128,10
24800945792,mqll_4_16_1024,1562564675,128,10
25114863896,mqll_4_16_1024,1579709680,128,10
2120203474,mqll_4_32_1,49347899,128,10
1901726706,mqll_4_32_1,49351112,128,10
1915641218,mqll_4_32_1,49659332,128,10
1946101674,mqll_4_32_1,49423508,128,10
2067255284,mqll_4_32_1,49116900,128,10
1600122208,mqll_4_32_2,55713699,128,10
1641543668,mqll_4_32_2,56054090,128,10
1549382216,mqll_4_32_2,55866170,128,10
1612244890,mqll_4_32_2,55893879,128,10
1576986730,mqll_4_32_2,56110639,128,10
1428504642,mqll_4_32_4,69513551,128,10
1419525010,mqll_4_32_4,69155952,128,10
1439635114,mqll_4_32_4,70085368,128,10
1406360744,mqll_4_32_4,68608474,128,10
1438994684,mqll_4_32_4,69848016,128,10
1500533272,mqll_4_32_8,88186781,128,10
1502489770,mqll_4_32_8,88392307,128,10
1495298776,mqll_4_32_8,87932785,128,10
1508304234,mqll_4_32_8,88390469,128,10
1488831750,mqll_4_32_8,88174568,128,10
1716637292,mqll_4_32_16,115172328,128,10
1722995194,mqll_4_32_16,115464694,128,10
1721413472,mqll_4_32_16,115228316,128,10
1722207074,mqll_4_32_16,115458295,128,10
1715301640,mqll_4_32_16,115033329,128,10
2263969886,mqll_4_32_32,164454826,128,10
2274786890,mqll_4_32_32,164851497,128,10
2266138686,mqll_4_32_32,163995393,128,10
2275565002,mqll_4_32_32,164523833,128,10
2272923460,mqll_4_32_32,164914241,128,10
3235846340,mqll_4_32_64,241423071,128,10
3237792198,mqll_4_32_64,241767413,128,10
3229734718,mqll_4_32_64,240915214,128,10
3200997248,mqll_4_32_64,240120432,128,10
3201039266,mqll_4_32_64,240573061,128,10
5030770612,mqll_4_32_128,376177750,128,10
5085567578,mqll_4_32_128,379671877,128,10
5059376794,mqll_4_32_128,377406723,128,10
5071335636,mqll_4_32_128,378121198,128,10
5106750822,mqll_4_32_128,381086565,128,10
8227190152,mqll_4_32_256,611382332,128,10
8243012560,mqll_4_32_256,612014034,128,10
8266911684,mqll_4_32_256,613549581,128,10
8249438508,mqll_4_32_256,612442965,128,10
8195616646,mqll_4_32_256,608468255,128,10
14062186786,mqll_4_32_512,988160564,128,10
13879128570,mqll_4_32_512,978112127,128,10
13797737772,mqll_4_32_512,972310412,128,10
13872673056,mqll_4_32_512,978415223,128,10
13879579626,mqll_4_32_512,978460500,128,10
22963221894,mqll_4_32_1024,1515232126,128,10
23304611974,mqll_4_32_1024,1530609215,128,10
23064060204,mqll_4_32_1024,1518116187,128,10
22931997584,mqll_4_32_1024,1511394785,128,10
22891802164,mqll_4_32_1024,1510524274,128,10
1966495196,mqll_4_64_1,47216248,128,10
2023614734,mqll_4_64_1,47231085,128,10
2143144202,mqll_4_64_1,47064950,128,10
1955775084,mqll_4_64_1,46989780,128,10
2288717482,mqll_4_64_1,47292903,128,10
1949300586,mqll_4_64_2,64865042,128,10
1969475388,mqll_4_64_2,65039710,128,10
1968042168,mqll_4_64_2,64908309,128,10
1803275664,mqll_4_64_2,61003140,128,10
1926441124,mqll_4_64_2,60943174,128,10
1522242112,mqll_4_64_4,72038384,128,10
1490823482,mqll_4_64_4,71696060,128,10
1567061238,mqll_4_64_4,73147033,128,10
1489905822,mqll_4_64_4,72405554,128,10
1540453102,mqll_4_64_4,72253530,128,10
1511453766,mqll_4_64_8,89825679,128,10
1499015874,mqll_4_64_8,89089264,128,10
1529923920,mqll_4_64_8,89355420,128,10
1585736062,mqll_4_64_8,91470231,128,10
1572733910,mqll_4_64_8,92574867,128,10
2076572154,mqll_4_64_16,137799313,128,10
2106851476,mqll_4_64_16,139447307,128,10
2077725288,mqll_4_64_16,138349304,128,10
2059478632,mqll_4_64_16,136286517,128,10
2073189912,mqll_4_64_16,138196393,128,10
2555957642,mqll_4_64_32,186729104,128,10
2558324096,mqll_4_64_32,187216698,128,10
2551294840,mqll_4_64_32,186725822,128,10
2554920888,mqll_4_64_32,186537955,128,10
2550438766,mqll_4_64_32,186641089,128,10
3535722004,mqll_4_64_64,272829771,128,10
3527722240,mqll_4_64_64,272453111,128,10
3498498048,mqll_4_64_64,270755764,128,10
3547745136,mqll_4_64_64,273024994,128,10
3551972880,mqll_4_64_64,273654447,128,10
5114017282,mqll_4_64_128,399474795,128,10
5126202516,mqll_4_64_128,399954787,128,10
5148103414,mqll_4_64_128,401993934,128,10
5155824332,mqll_4_64_128,402132325,128,10
5103926976,mqll_4_64_128,399113213,128,10
7848546498,mqll_4_64_256,608997910,128,10
7905467210,mqll_4_64_256,612742489,128,10
7971081030,mqll_4_64_256,614835626,128,10
7938538682,mqll_4_64_256,613805955,128,10
7972531702,mqll_4_64_256,615330769,128,10
12958189552,mqll_4_64_512,953656338,128,10
12981555450,mqll_4_64_512,953969083,128,10
12792972914,mqll_4_64_512,944331569,128,10
13112855456,mqll_4_64_512,963614242,128,10
12959336948,mqll_4_64_512,954632237,128,10
21132509892,mqll_4_64_1024,1453639872,128,10
21420653872,mqll_4_64_1024,1471360388,128,10
21102590458,mqll_4_64_1024,1452700303,128,10
21502830122,mqll_4_64_1024,1474877966,128,10
21112032724,mqll_4_64_1024,1453474642,128,10
3520183410,mqll_4_128_1,76498152,128,10
3416560578,mqll_4_128_1,75776484,128,10
3635847828,mqll_4_128_1,76352072,128,10
3773677100,mqll_4_128_1,76982715,128,10
4026167102,mqll_4_128_1,75758478,128,10
2323870432,mqll_4_128_2,77162447,128,10
2383105746,mqll_4_128_2,75907803,128,10
2489461428,mqll_4_128_2,76475469,128,10
2110684364,mqll_4_128_2,75301727,128,10
2235548366,mqll_4_128_2,77420694,128,10
1438935168,mqll_4_128_4,76902931,128,10
1593810710,mqll_4_128_4,76547818,128,10
1446239404,mqll_4_128_4,75705464,128,10
1564322920,mqll_4_128_4,76900265,128,10
1420475944,mqll_4_128_4,75790304,128,10
1603411856,mqll_4_128_8,95366454,128,10
1457050692,mqll_4_128_8,94934075,128,10
1652762882,mqll_4_128_8,97414246,128,10
1663100778,mqll_4_128_8,98488388,128,10
1348548530,mqll_4_128_8,87088861,128,10
2068653146,mqll_4_128_16,139219713,128,10
2303903924,mqll_4_128_16,152456374,128,10
2249455104,mqll_4_128_16,149606860,128,10
2283715528,mqll_4_128_16,152214671,128,10
2111832690,mqll_4_128_16,139612036,128,10
2938781260,mqll_4_128_32,215679002,128,10
2895757070,mqll_4_128_32,210813328,128,10
2723022430,mqll_4_128_32,201051056,128,10
2940216354,mqll_4_128_32,213730385,128,10
2834138650,mqll_4_128_32,209245302,128,10
3955681210,mqll_4_128_64,307355328,128,10
3914424912,mqll_4_128_64,305573699,128,10
3871912288,mqll_4_128_64,301799692,128,10
3939764206,mqll_4_128_64,308181123,128,10
3943792756,mqll_4_128_64,307405224,128,10
5764409704,mqll_4_128_128,458663621,128,10
5725297368,mqll_4_128_128,457588140,128,10
5738854132,mqll_4_128_128,459807577,128,10
5756421758,mqll_4_128_128,459373750,128,10
5772749956,mqll_4_128_128,461148105,128,10
8499084478,mqll_4_128_256,657151337,128,10
8498414664,mqll_4_128_256,657281796,128,10
8574382014,mqll_4_128_256,663183501,128,10
8415778302,mqll_4_128_256,652636790,128,10
8543167432,mqll_4_128_256,659822991,128,10
13103742612,mqll_4_128_512,991818283,128,10
12813722988,mqll_4_128_512,972366648,128,10
12923239098,mqll_4_128_512,980484768,128,10
12878418750,mqll_4_128_512,975265238,128,10
12857918576,mqll_4_128_512,974994434,128,10
20092861380,mqll_4_128_1024,1434251730,128,10
19817548008,mqll_4_128_1024,1416429227,128,10
19907936728,mqll_4_128_1024,1421841789,128,10
19986374430,mqll_4_128_1024,1426746821,128,10
19926749830,mqll_4_128_1024,1423485991,128,10
7204748098,mqll_4_256_1,126711568,128,10
7205953906,mqll_4_256_1,127728257,128,10
7637926416,mqll_4_256_1,137146239,128,10
7231928436,mqll_4_256_1,126005401,128,10
7270677180,mqll_4_256_1,131101341,128,10
6160949336,mqll_4_256_2,160032315,128,10
6046184542,mqll_4_256_2,153402115,128,10
5682315472,mqll_4_256_2,143055124,128,10
5061418816,mqll_4_256_2,130087217,128,10
6285558392,mqll_4_256_2,153274039,128,10
4133292066,mqll_4_256_4,154528627,128,10
3685117750,mqll_4_256_4,142537342,128,10
4429955752,mqll_4_256_4,169829198,128,10
4495609704,mqll_4_256_4,167998383,128,10
3411358304,mqll_4_256_4,131871543,128,10
3615388784,mqll_4_256_8,183572631,128,10
3877652510,mqll_4_256_8,197196778,128,10
3055531578,mqll_4_256_8,162528470,128,10
3065688132,mqll_4_256_8,164470282,128,10
3630481358,mqll_4_256_8,191450723,128,10
2749571544,mqll_4_256_16,190603632,128,10
3358014776,mqll_4_256_16,215089143,128,10
3463026720,mqll_4_256_16,218446101,128,10
2878009258,mqll_4_256_16,193295632,128,10
3616738460,mqll_4_256_16,226009764,128,10
3779338002,mqll_4_256_32,271184321,128,10
3287350818,mqll_4_256_32,235047462,128,10
3474760168,mqll_4_256_32,251290413,128,10
3495489144,mqll_4_256_32,254737810,128,10
3527352212,mqll_4_256_32,256125973,128,10
4272183234,mqll_4_256_64,336292908,128,10
4551159896,mqll_4_256_64,355047393,128,10
4413853548,mqll_4_256_64,341290392,128,10
4399596790,mqll_4_256_64,342409040,128,10
4377856408,mqll_4_256_64,343367330,128,10
6289649010,mqll_4_256_128,509713972,128,10
6137952898,mqll_4_256_128,498699806,128,10
6212678778,mqll_4_256_128,502563850,128,10
6146359882,mqll_4_256_128,500216709,128,10
6011900780,mqll_4_256_128,490415732,128,10
9600640666,mqll_4_256_256,762030562,128,10
9646693556,mqll_4_256_256,765447368,128,10
9617206710,mqll_4_256_256,764016738,128,10
9625686764,mqll_4_256_256,764751945,128,10
9616243294,mqll_4_256_256,763160409,128,10
13539330598,mqll_4_256_512,1052250478,128,10
13503742024,mqll_4_256_512,1048307528,128,10
13699419902,mqll_4_256_512,1061892168,128,10
13702720018,mqll_4_256_512,1063421648,128,10
13547865818,mqll_4_256_512,1051874738,128,10
20046776866,mqll_4_256_1024,1475219158,128,10
20234006000,mqll_4_256_1024,1488459404,128,10
20346988638,mqll_4_256_1024,1492147525,128,10
20562719924,mqll_4_256_1024,1508532562,128,10
20725764566,mqll_4_256_1024,1515643793,128,10
25777465246,mqll_4_512_1,249869409,128,10
23352440004,mqll_4_512_1,250617123,128,10
27349765930,mqll_4_512_1,243085005,128,10
22626470130,mqll_4_512_1,245914912,128,10
24243300760,mqll_4_512_1,238234181,128,10
17408146866,mqll_4_512_2,247063794,128,10
16728268838,mqll_4_512_2,221891546,128,10
18125519204,mqll_4_512_2,251826878,128,10
19224275542,mqll_4_512_2,272873369,128,10
17717325660,mqll_4_512_2,233292955,128,10
10688630258,mqll_4_512_4,261214796,128,10
11635730916,mqll_4_512_4,256158521,128,10
13509330762,mqll_4_512_4,300972632,128,10
12851228128,mqll_4_512_4,262568063,128,10
11770714974,mqll_4_512_4,239516692,128,10
7913125020,mqll_4_512_8,261319165,128,10
6769408850,mqll_4_512_8,198286561,128,10
7449869706,mqll_4_512_8,260452484,128,10
7915080102,mqll_4_512_8,257386909,128,10
8217167026,mqll_4_512_8,269530319,128,10
6017065482,mqll_4_512_16,258705025,128,10
6191241508,mqll_4_512_16,286752585,128,10
5772079134,mqll_4_512_16,270832146,128,10
4151662992,mqll_4_512_16,177536207,128,10
5381528320,mqll_4_512_16,175223095,128,10
3087495968,mqll_4_512_32,188925170,128,10
4913011078,mqll_4_512_32,286009422,128,10
5457813376,mqll_4_512_32,321384856,128,10
2973286502,mqll_4_512_32,169394432,128,10
3408286652,mqll_4_512_32,171090815,128,10
5830706482,mqll_4_512_64,397820937,128,10
5704476464,mqll_4_512_64,359642773,128,10
5398157180,mqll_4_512_64,357180805,128,10
5412583798,mqll_4_512_64,347804888,128,10
5654765492,mqll_4_512_64,368800328,128,10
5685095128,mqll_4_512_128,397325113,128,10
5586268746,mqll_4_512_128,415710494,128,10
6056806294,mqll_4_512_128,438328905,128,10
5238522590,mqll_4_512_128,386442737,128,10
5855464330,mqll_4_512_128,425596975,128,10
9349912028,mqll_4_512_256,782133772,128,10
9273355340,mqll_4_512_256,774238954,128,10
9491942574,mqll_4_512_256,788096996,128,10
9474982134,mqll_4_512_256,789100934,128,10
9418732694,mqll_4_512_256,778607803,128,10
16159552794,mqll_4_512_512,1266280498,128,10
16120238012,mqll_4_512_512,1261706426,128,10
16184867292,mqll_4_512_512,1267198773,128,10
16171730682,mqll_4_512_512,1267486612,128,10
16040354570,mqll_4_512_512,1256069578,128,10
22233486008,mqll_4_512_1024,1674153505,128,10
22443370712,mqll_4_512_1024,1686168811,128,10
22169504958,mqll_4_512_1024,1672140066,128,10
22128327032,mqll_4_512_1024,1669280878,128,10
22076594698,mqll_4_512_1024,1663958716,128,10
124220919042,mqll_4_1024_1,214303480,128,10
129806213782,mqll_4_1024_1,200597574,128,10
137471216070,mqll_4_1024_1,226176459,128,10
133766838426,mqll_4_1024_1,222694069,128,10
125429597604,mqll_4_1024_1,207355757,128,10
91743735380,mqll_4_1024_2,210684615,128,10
90434189814,mqll_4_1024_2,235724996,128,10
89768192764,mqll_4_1024_2,234426046,128,10
95274028038,mqll_4_1024_2,226136311,128,10
95767951164,mqll_4_1024_2,232275354,128,10
