20173591060,mqlp_4_1024_512,32767640,1
20079608660,mqlp_4_1024_512,32746105,1
20230288460,mqlp_4_1024_512,32978082,1
20129801920,mqlp_4_1024_512,32857687,1
12052338700,mqlp_4_1024_512,37315790,2
12628609800,mqlp_4_1024_512,38153954,2
12529008260,mqlp_4_1024_512,38075595,2
12542939700,mqlp_4_1024_512,38126393,2
12624271980,mqlp_4_1024_512,38082869,2
7066829820,mqlp_4_1024_512,47939708,4
7084250300,mqlp_4_1024_512,48241200,4
7038870020,mqlp_4_1024_512,48031457,4
6948110640,mqlp_4_1024_512,47245501,4
7125103740,mqlp_4_1024_512,48417696,4
3611435020,mqlp_4_1024_512,40993129,8
5262277900,mqlp_4_1024_512,50302707,8
3786125520,mqlp_4_1024_512,41819530,8
3534175840,mqlp_4_1024_512,40237800,8
5507786940,mqlp_4_1024_512,52235420,8
2113912100,mqlp_4_1024_512,45611221,16
2088795120,mqlp_4_1024_512,45534174,16
2075563540,mqlp_4_1024_512,45487092,16
2086430580,mqlp_4_1024_512,45577015,16
2108589740,mqlp_4_1024_512,45542893,16
1318369120,mqlp_4_1024_512,51823860,32
1308972280,mqlp_4_1024_512,51749565,32
1304428920,mqlp_4_1024_512,51343201,32
1312646020,mqlp_4_1024_512,51750668,32
1321085240,mqlp_4_1024_512,51843806,32
991522220,mqlp_4_1024_512,61032133,64
972669320,mqlp_4_1024_512,60480328,64
978092380,mqlp_4_1024_512,60883189,64
966889340,mqlp_4_1024_512,60180248,64
967701500,mqlp_4_1024_512,60018721,64
741036580,mqlp_4_1024_512,73347819,128
745702220,mqlp_4_1024_512,73847505,128
739043360,mqlp_4_1024_512,72697669,128
744909640,mqlp_4_1024_512,73301143,128
738030540,mqlp_4_1024_512,73147005,128
693039560,mqlp_4_1024_512,85582244,256
692477160,mqlp_4_1024_512,86535217,256
688457500,mqlp_4_1024_512,86608858,256
698068960,mqlp_4_1024_512,86029316,256
685151900,mqlp_4_1024_512,85378035,256
