10819399400,mqlp_4_8_1024,25637455,1
10787223420,mqlp_4_8_1024,25614231,1
10734670840,mqlp_4_8_1024,25669654,1
10808664380,mqlp_4_8_1024,25616510,1
10828168740,mqlp_4_8_1024,25648176,1
5852221880,mqlp_4_8_1024,24304572,2
5861501360,mqlp_4_8_1024,24298018,2
5878688980,mqlp_4_8_1024,24301640,2
5830981000,mqlp_4_8_1024,24299740,2
5953510000,mqlp_4_8_1024,24308577,2
2775227060,mqlp_4_8_1024,24383919,4
2778269580,mqlp_4_8_1024,24405063,4
2780868900,mqlp_4_8_1024,24405057,4
2784717500,mqlp_4_8_1024,24396167,4
2791711420,mqlp_4_8_1024,24413840,4
2788807940,mqlp_4_8_1024,24708921,8
2820068520,mqlp_4_8_1024,24730443,8
2810391040,mqlp_4_8_1024,24715288,8
2798596580,mqlp_4_8_1024,24726126,8
2814989120,mqlp_4_8_1024,24727994,8
1645635140,mqlp_4_8_1024,25140679,16
1653538040,mqlp_4_8_1024,25161934,16
1661256720,mqlp_4_8_1024,25268489,16
1657809040,mqlp_4_8_1024,25197183,16
1674177280,mqlp_4_8_1024,25437542,16
977693000,mqlp_4_8_1024,25646229,32
982988340,mqlp_4_8_1024,25852780,32
972135620,mqlp_4_8_1024,25624441,32
972658100,mqlp_4_8_1024,25613640,32
976170280,mqlp_4_8_1024,25615850,32
596089160,mqlp_4_8_1024,26121206,64
596920820,mqlp_4_8_1024,26023042,64
594116540,mqlp_4_8_1024,26003787,64
595115440,mqlp_4_8_1024,25999937,64
594791260,mqlp_4_8_1024,26015575,64
384723660,mqlp_4_8_1024,26200927,128
383798000,mqlp_4_8_1024,26198559,128
384810400,mqlp_4_8_1024,26161913,128
386076540,mqlp_4_8_1024,26281802,128
384109860,mqlp_4_8_1024,26205421,128
278007240,mqlp_4_8_1024,26144778,256
287730780,mqlp_4_8_1024,26218124,256
285350040,mqlp_4_8_1024,26324804,256
284319940,mqlp_4_8_1024,26295489,256
287112960,mqlp_4_8_1024,26216833,256
