124821058340,mqlp_4_8_1024,35152084,1
119781224680,mqlp_4_8_1024,35020839,1
115242325440,mqlp_4_8_1024,35028620,1
114603617460,mqlp_4_8_1024,35049060,1
113655809140,mqlp_4_8_1024,35074153,1
57390409480,mqlp_4_8_1024,35016803,2
57417571440,mqlp_4_8_1024,35020501,2
57654612520,mqlp_4_8_1024,35021540,2
57640128700,mqlp_4_8_1024,35019119,2
57432525660,mqlp_4_8_1024,35018375,2
29273370060,mqlp_4_8_1024,35124455,4
29382752040,mqlp_4_8_1024,35020581,4
29542021020,mqlp_4_8_1024,35020761,4
29403827980,mqlp_4_8_1024,35020006,4
29333061920,mqlp_4_8_1024,35021690,4
15860097620,mqlp_4_8_1024,35027916,8
15995588420,mqlp_4_8_1024,35034933,8
15906608640,mqlp_4_8_1024,35029270,8
15874530880,mqlp_4_8_1024,35028116,8
15980987180,mqlp_4_8_1024,35031223,8
8209271780,mqlp_4_8_1024,35063555,16
8168518660,mqlp_4_8_1024,35177814,16
8212411860,mqlp_4_8_1024,35066820,16
8213800100,mqlp_4_8_1024,35063673,16
8216274940,mqlp_4_8_1024,35211370,16
4489287560,mqlp_4_8_1024,35853027,32
4534210880,mqlp_4_8_1024,36005887,32
4457708820,mqlp_4_8_1024,35381464,32
4469360260,mqlp_4_8_1024,35669928,32
4477821280,mqlp_4_8_1024,35475950,32
2896156680,mqlp_4_8_1024,37345208,64
2947810080,mqlp_4_8_1024,37966028,64
2834577860,mqlp_4_8_1024,36881217,64
2848482920,mqlp_4_8_1024,37015323,64
2916767520,mqlp_4_8_1024,37802350,64
2921447800,mqlp_4_8_1024,38985568,128
3243056700,mqlp_4_8_1024,39135397,128
2929910060,mqlp_4_8_1024,39147186,128
3038146720,mqlp_4_8_1024,39402975,128
3062517140,mqlp_4_8_1024,39299251,128
3584658460,mqlp_4_8_1024,40901099,256
3134578880,mqlp_4_8_1024,40887527,256
3251239060,mqlp_4_8_1024,40751819,256
3293503040,mqlp_4_8_1024,40722655,256
3362045260,mqlp_4_8_1024,40798886,256
