44553769420,mqlp_4_32_512,50557712,1
44657568180,44480937740,mqlp_4_32_512,50572219,1
44606435400,mqlp_4_32_512,50556592,1
44293400540,mqlp_4_32_512,50557699,1
23284887160,mqlp_4_32_512,50576110,2
23475554900,mqlp_4_32_512,50563904,2
23332626460,mqlp_4_32_512,50571050,2
23299648280,mqlp_4_32_512,50570284,2
23192099360,mqlp_4_32_512,50565992,2
11903756940,mqlp_4_32_512,50571465,4
11879882500,mqlp_4_32_512,50571158,4
11835501000,mqlp_4_32_512,50570383,4
11885387860,mqlp_4_32_512,50572923,4
11943664180,mqlp_4_32_512,50581622,4
7059449160,mqlp_4_32_512,50588181,8
7056331700,mqlp_4_32_512,50579074,8
7014325380,mqlp_4_32_512,50578184,8
7057806760,mqlp_4_32_512,50591722,8
7045869800,mqlp_4_32_512,50580041,8
3782952480,mqlp_4_32_512,50598847,16
3773526400,mqlp_4_32_512,50596799,16
3801781880,mqlp_4_32_512,50598585,16
3800519720,mqlp_4_32_512,50629281,16
3790454420,mqlp_4_32_512,50629581,16
2078327780,mqlp_4_32_512,50647824,32
2082068600,mqlp_4_32_512,50641626,32
2092997460,mqlp_4_32_512,50637129,32
2088773920,mqlp_4_32_512,50640175,32
2072074900,mqlp_4_32_512,50644047,32
1273275740,mqlp_4_32_512,50874426,64
1293554140,mqlp_4_32_512,50731379,64
1312591140,mqlp_4_32_512,50759127,64
1306352720,mqlp_4_32_512,50742977,64
1324041380,mqlp_4_32_512,50705617,64
1115030500,mqlp_4_32_512,50880171,128
1108893940,mqlp_4_32_512,50967766,128
1108645780,mqlp_4_32_512,50879297,128
1094378840,mqlp_4_32_512,50875079,128
1136483160,mqlp_4_32_512,50952977,128
972447700,mqlp_4_32_512,51326449,256
970060660,mqlp_4_32_512,51271844,256
981301600,mqlp_4_32_512,51299387,256
962349580,mqlp_4_32_512,51244041,256
984225600,mqlp_4_32_512,51402249,256
