34505853580,mqlp_4_16_128,12524207,1,0
22407327540,mqlp_4_16_128,12524207,1,0
27850099000,mqlp_4_16_128,12524207,1,0
26991799500,mqlp_4_16_128,12524207,1,0
25414729900,mqlp_4_16_128,12524207,1,0
9761435800,mqlp_4_16_128,12547217,2,0
9977965980,mqlp_4_16_128,12553164,2,0
10040332100,mqlp_4_16_128,12557001,2,0
9915050520,mqlp_4_16_128,12555614,2,0
9783935120,mqlp_4_16_128,12545536,2,0
5236071020,mqlp_4_16_128,12541085,4,0
5237510480,mqlp_4_16_128,12546237,4,0
5237650220,mqlp_4_16_128,12551073,4,0
5302800820,mqlp_4_16_128,12548048,4,0
5218906700,mqlp_4_16_128,12543130,4,0
3225105480,mqlp_4_16_128,12537440,8,0
3238765320,mqlp_4_16_128,12537485,8,0
3247490340,mqlp_4_16_128,12540840,8,0
3255326380,mqlp_4_16_128,12538735,8,0
3238216660,mqlp_4_16_128,12535542,8,0
2046338400,mqlp_4_16_128,12536093,16,0
2054288440,mqlp_4_16_128,12534982,16,0
2051876720,mqlp_4_16_128,12536959,16,0
2046956280,mqlp_4_16_128,12535120,16,0
2046758220,mqlp_4_16_128,12534644,16,0
1473239440,mqlp_4_16_128,12541107,32,0
1467864060,mqlp_4_16_128,12540014,32,0
1473169640,mqlp_4_16_128,12540652,32,0
1475152780,mqlp_4_16_128,12541674,32,0
1477470460,mqlp_4_16_128,12539532,32,0
1428331060,mqlp_4_16_128,12550525,64,0
1454633660,mqlp_4_16_128,12549430,64,0
1434165260,mqlp_4_16_128,12549324,64,0
1454205820,mqlp_4_16_128,12550064,64,0
1446518080,mqlp_4_16_128,12551654,64,0
1730371700,mqlp_4_16_128,12583396,128,0
1785033080,mqlp_4_16_128,12580970,128,0
1791107440,mqlp_4_16_128,12582516,128,0
1795864820,mqlp_4_16_128,12581604,128,0
1744726380,mqlp_4_16_128,12581714,128,0
1665310720,mqlp_4_16_128,12627583,256,0
1726016260,mqlp_4_16_128,12629002,256,0
1713947460,mqlp_4_16_128,12628501,256,0
1713211880,mqlp_4_16_128,12630579,256,0
1802078940,mqlp_4_16_128,12627308,256,0
