4827721760,mqlp_4_512_512,8961122,1,10
5055245780,mqlp_4_512_512,9040870,1,10
5071681220,mqlp_4_512_512,9157894,1,10
5054686900,mqlp_4_512_512,9175251,1,10
4965185120,mqlp_4_512_512,9098453,1,10
3097114000,mqlp_4_512_512,11606253,2,10
3157855920,mqlp_4_512_512,11728896,2,10
3191462240,mqlp_4_512_512,11974498,2,10
3162955740,mqlp_4_512_512,11883334,2,10
3105385640,mqlp_4_512_512,11642306,2,10
1884991800,mqlp_4_512_512,15081523,4,10
1921718460,mqlp_4_512_512,15248563,4,10
1783159520,mqlp_4_512_512,15277975,4,10
1918968800,mqlp_4_512_512,14848787,4,10
1875215960,mqlp_4_512_512,15045834,4,10
1269801940,mqlp_4_512_512,14637514,8,10
1203960780,mqlp_4_512_512,14428059,8,10
1228043000,mqlp_4_512_512,14311657,8,10
1227426220,mqlp_4_512_512,14480602,8,10
1220374720,mqlp_4_512_512,14268697,8,10
487962780,mqlp_4_512_512,13059798,16,10
477954800,mqlp_4_512_512,13040087,16,10
489570620,mqlp_4_512_512,13244126,16,10
474051600,mqlp_4_512_512,13272493,16,10
474768880,mqlp_4_512_512,12901807,16,10
303565880,mqlp_4_512_512,15217686,32,10
308914900,mqlp_4_512_512,15484334,32,10
317765760,mqlp_4_512_512,15611753,32,10
301653540,mqlp_4_512_512,15193936,32,10
312739660,mqlp_4_512_512,15582249,32,10
240896840,mqlp_4_512_512,19714447,64,10
247303580,mqlp_4_512_512,20009763,64,10
232704700,mqlp_4_512_512,18802289,64,10
232069260,mqlp_4_512_512,18828052,64,10
242369000,mqlp_4_512_512,19349777,64,10
198612860,mqlp_4_512_512,23229051,128,10
197536160,mqlp_4_512_512,23695849,128,10
199040680,mqlp_4_512_512,23340168,128,10
197577540,mqlp_4_512_512,23554692,128,10
200720980,mqlp_4_512_512,24056779,128,10
229839580,mqlp_4_512_512,28366778,256,10
209002840,mqlp_4_512_512,28701450,256,10
209841000,mqlp_4_512_512,29117698,256,10
209651440,mqlp_4_512_512,28998961,256,10
224668640,mqlp_4_512_512,29295773,256,10
