6265294392,mqll_4_4_2,7706300,1
6263056638,mqll_4_4_2,7707356,1
6254617922,mqll_4_4_2,7705787,1
6266396186,mqll_4_4_2,7704950,1
6263748224,mqll_4_4_2,7705569,1
4575219850,mqll_4_4_2,7728512,2
4579175222,mqll_4_4_2,7729775,2
4636336554,mqll_4_4_2,7729911,2
4591016186,mqll_4_4_2,7727617,2
4561647994,mqll_4_4_2,7729260,2
2657633924,mqll_4_4_2,7769263,4
2660730860,mqll_4_4_2,7771669,4
2638678042,mqll_4_4_2,7770359,4
2670087496,mqll_4_4_2,7770487,4
2669916022,mqll_4_4_2,7770929,4
1401269460,mqll_4_4_2,7841213,8
1399949946,mqll_4_4_2,7844018,8
1401281082,mqll_4_4_2,7842833,8
1399186660,mqll_4_4_2,7845505,8
1399778350,mqll_4_4_2,7844938,8
790786544,mqll_4_4_2,8005153,16
790683084,mqll_4_4_2,8004004,16
789383622,mqll_4_4_2,8003444,16
790948218,mqll_4_4_2,8005606,16
791979474,mqll_4_4_2,8004455,16
657227090,mqll_4_4_2,8356348,32
658648172,mqll_4_4_2,8368523,32
656062438,mqll_4_4_2,8365628,32
655547842,mqll_4_4_2,8354347,32
655082670,mqll_4_4_2,8355211,32
444133688,mqll_4_4_2,9393011,64
484297634,mqll_4_4_2,9384759,64
445430358,mqll_4_4_2,9407252,64
445391882,mqll_4_4_2,9404979,64
478830910,mqll_4_4_2,9343860,64
382794736,mqll_4_4_2,12178099,128
353289300,mqll_4_4_2,12198262,128
351128230,mqll_4_4_2,12223741,128
380373014,mqll_4_4_2,12206122,128
378052606,mqll_4_4_2,12187470,128
