160551028318,mqll_4_1024_256,35016688,1
160251028552,mqll_4_1024_256,35048272,1
161263592478,mqll_4_1024_256,35022122,1
160200467720,mqll_4_1024_256,35021086,1
161600089614,mqll_4_1024_256,35047269,1
80862615914,mqll_4_1024_256,35229033,2
81529217434,mqll_4_1024_256,35159878,2
81071875016,mqll_4_1024_256,35018059,2
81252090800,mqll_4_1024_256,35024271,2
81342843450,mqll_4_1024_256,35063959,2
41318804874,mqll_4_1024_256,35278427,4
41342413310,mqll_4_1024_256,35428910,4
41273490150,mqll_4_1024_256,35214882,4
41243969374,mqll_4_1024_256,35094958,4
41254255542,mqll_4_1024_256,35272474,4
21321398810,mqll_4_1024_256,36000137,8
21297041894,mqll_4_1024_256,35539717,8
21343233772,mqll_4_1024_256,35837804,8
21326294150,mqll_4_1024_256,36180212,8
21346799902,mqll_4_1024_256,36112343,8
11293903928,mqll_4_1024_256,36731664,16
11317188380,mqll_4_1024_256,36618115,16
11297349250,mqll_4_1024_256,36819424,16
11308634284,mqll_4_1024_256,36724639,16
11308410818,mqll_4_1024_256,37114224,16
6204758834,mqll_4_1024_256,38233529,32
6243739752,mqll_4_1024_256,38519560,32
6202635798,mqll_4_1024_256,37950889,32
6295097478,mqll_4_1024_256,38554424,32
6210431034,mqll_4_1024_256,38494659,32
3686763544,mqll_4_1024_256,39703481,64
3828772098,mqll_4_1024_256,39755670,64
3782290574,mqll_4_1024_256,39747090,64
3769485754,mqll_4_1024_256,39727482,64
3917709598,mqll_4_1024_256,39779330,64
3364329332,mqll_4_1024_256,42892951,128
3324784612,mqll_4_1024_256,41653241,128
3193426946,mqll_4_1024_256,41265011,128
3207970634,mqll_4_1024_256,41267946,128
3406564518,mqll_4_1024_256,42525950,128
