12688935604,mqll_4_64_16,23960401,1
12754238266,mqll_4_64_16,23960047,1
12676808654,mqll_4_64_16,23960529,1
12777280146,mqll_4_64_16,23960031,1
12696295142,mqll_4_64_16,23960641,1
7935837800,mqll_4_64_16,23990491,2
7973399912,mqll_4_64_16,23989901,2
7997609910,mqll_4_64_16,23989068,2
7969091274,mqll_4_64_16,23990442,2
7985758408,mqll_4_64_16,23990609,2
4357508780,mqll_4_64_16,24052675,4
4351251494,mqll_4_64_16,24051418,4
4341870498,mqll_4_64_16,24051915,4
4349296788,mqll_4_64_16,24051383,4
4375051418,mqll_4_64_16,24052135,4
2309287698,mqll_4_64_16,24179742,8
2311929152,mqll_4_64_16,24171524,8
2307463700,mqll_4_64_16,24175476,8
2318165104,mqll_4_64_16,24169685,8
2310609508,mqll_4_64_16,24174962,8
1298671288,mqll_4_64_16,24357613,16
1298193252,mqll_4_64_16,24356455,16
1297132878,mqll_4_64_16,24359341,16
1296432366,mqll_4_64_16,24348825,16
1295834880,mqll_4_64_16,24361699,16
993743076,mqll_4_64_16,24579936,32
996572062,mqll_4_64_16,24608805,32
991630402,mqll_4_64_16,24555027,32
990606804,mqll_4_64_16,24589997,32
993966016,mqll_4_64_16,24608346,32
599878574,mqll_4_64_16,25347068,64
598412206,mqll_4_64_16,25366226,64
601787684,mqll_4_64_16,25389150,64
599394416,mqll_4_64_16,25324076,64
601879984,mqll_4_64_16,25368496,64
382265862,mqll_4_64_16,29508114,128
377155448,mqll_4_64_16,29294714,128
388143522,mqll_4_64_16,29427282,128
376092934,mqll_4_64_16,29388061,128
376448872,mqll_4_64_16,29409020,128
