3031544294,mqll_4_32_16,6266451,1
3043895774,mqll_4_32_16,6266482,1
3041508836,mqll_4_32_16,6266460,1
3046508108,mqll_4_32_16,6266568,1
3039065770,mqll_4_32_16,6266608,1
2034616632,mqll_4_32_16,6276469,2
2032530138,mqll_4_32_16,6276431,2
2038585738,mqll_4_32_16,6276513,2
2025414010,mqll_4_32_16,6276063,2
2035628630,mqll_4_32_16,6276349,2
1114210336,mqll_4_32_16,6296837,4
1110614226,mqll_4_32_16,6298326,4
1113084034,mqll_4_32_16,6298343,4
1114577862,mqll_4_32_16,6297782,4
1112840188,mqll_4_32_16,6297105,4
596496338,mqll_4_32_16,6341699,8
594553942,mqll_4_32_16,6342524,8
595287658,mqll_4_32_16,6342844,8
595066020,mqll_4_32_16,6339874,8
595170060,mqll_4_32_16,6343828,8
337048206,mqll_4_32_16,6424544,16
337176846,mqll_4_32_16,6428859,16
337922234,mqll_4_32_16,6435861,16
337088024,mqll_4_32_16,6423399,16
337803390,mqll_4_32_16,6427494,16
262202584,mqll_4_32_16,6567474,32
262663088,mqll_4_32_16,6569784,32
262554788,mqll_4_32_16,6555578,32
261885790,mqll_4_32_16,6572551,32
262588862,mqll_4_32_16,6554443,32
166283034,mqll_4_32_16,6924290,64
166246136,mqll_4_32_16,6818095,64
168498332,mqll_4_32_16,6908597,64
166529986,mqll_4_32_16,6870774,64
169860606,mqll_4_32_16,6966409,64
125465562,mqll_4_32_16,8322871,128
126176258,mqll_4_32_16,8271346,128
127009746,mqll_4_32_16,8300804,128
126811338,mqll_4_32_16,8276679,128
121910440,mqll_4_32_16,8341640,128
