56364002574,mqll_4_512_1024,50550234,1
56309406148,mqll_4_512_1024,50547259,1
56377769112,mqll_4_512_1024,50548138,1
56514712960,mqll_4_512_1024,50547392,1
56275949928,mqll_4_512_1024,50547782,1
29202570758,mqll_4_512_1024,50554260,2
29202203688,mqll_4_512_1024,50554342,2
29942992800,mqll_4_512_1024,50553340,2
29305304476,mqll_4_512_1024,50556909,2
29160913272,mqll_4_512_1024,50554973,2
14914596308,mqll_4_512_1024,50568926,4
14892440022,mqll_4_512_1024,50579712,4
14899293468,mqll_4_512_1024,50574614,4
15007351870,mqll_4_512_1024,50573357,4
14895658102,mqll_4_512_1024,50569144,4
7711009496,mqll_4_512_1024,50602183,8
7718170026,mqll_4_512_1024,50599965,8
7711737564,mqll_4_512_1024,50615664,8
7708903744,mqll_4_512_1024,50614293,8
7698267604,mqll_4_512_1024,50601006,8
4279153368,mqll_4_512_1024,50652132,16
4283130512,mqll_4_512_1024,50659008,16
4292606912,mqll_4_512_1024,50652059,16
4280355382,mqll_4_512_1024,50647210,16
4287567174,mqll_4_512_1024,50653057,16
2314771368,mqll_4_512_1024,50742050,32
2309929902,mqll_4_512_1024,50797580,32
2314776080,mqll_4_512_1024,50748401,32
2309532212,mqll_4_512_1024,50760659,32
2312247862,mqll_4_512_1024,50766541,32
1385427510,mqll_4_512_1024,50957232,64
1355043730,mqll_4_512_1024,51065635,64
1370181382,mqll_4_512_1024,50866727,64
1377989536,mqll_4_512_1024,50966205,64
1378584254,mqll_4_512_1024,50948137,64
1295739276,mqll_4_512_1024,51508993,128
1182977552,mqll_4_512_1024,51699042,128
1454886796,mqll_4_512_1024,51383104,128
1180493434,mqll_4_512_1024,51569397,128
1175777146,mqll_4_512_1024,51738168,128
