70237741608,mqll_4_1024_512,47894693,1,0
70336503778,mqll_4_1024_512,47894693,1,0
70180304784,mqll_4_1024_512,47894693,1,0
70432443974,mqll_4_1024_512,47894693,1,0
70089891814,mqll_4_1024_512,47894693,1,0
38706775374,mqll_4_1024_512,47895480,2,0
38223561188,mqll_4_1024_512,47895559,2,0
38921369896,mqll_4_1024_512,47895522,2,0
39088453446,mqll_4_1024_512,47895582,2,0
38931721246,mqll_4_1024_512,47895573,2,0
21527869478,mqll_4_1024_512,47896357,4,0
22054179570,mqll_4_1024_512,47896366,4,0
21865369714,mqll_4_1024_512,47896340,4,0
21543968596,mqll_4_1024_512,47896410,4,0
21408121482,mqll_4_1024_512,47896387,4,0
13398654530,mqll_4_1024_512,47897595,8,0
12933977158,mqll_4_1024_512,47897584,8,0
12873133890,mqll_4_1024_512,47897397,8,0
12843004804,mqll_4_1024_512,47897727,8,0
13253182174,mqll_4_1024_512,47897587,8,0
9215060572,mqll_4_1024_512,47899671,16,0
9680862644,mqll_4_1024_512,47900110,16,0
9337048000,mqll_4_1024_512,47899918,16,0
9231262558,mqll_4_1024_512,47899832,16,0
9253646044,mqll_4_1024_512,47900060,16,0
9952714944,mqll_4_1024_512,47904145,32,0
9944704126,mqll_4_1024_512,47904063,32,0
9958075902,mqll_4_1024_512,47904096,32,0
10241315370,mqll_4_1024_512,47904106,32,0
9937523214,mqll_4_1024_512,47904378,32,0
10966067944,mqll_4_1024_512,47919224,64,0
10411033934,mqll_4_1024_512,47914007,64,0
10328225484,mqll_4_1024_512,47913288,64,0
10570855888,mqll_4_1024_512,47914127,64,0
10446685596,mqll_4_1024_512,47913858,64,0
11779988020,mqll_4_1024_512,47951946,128,0
12559587974,mqll_4_1024_512,47975944,128,0
11504491280,mqll_4_1024_512,47955975,128,0
11637219932,mqll_4_1024_512,47962369,128,0
11383827998,mqll_4_1024_512,47953555,128,0
