4126921800,mqll_4_2_1,6715957,1,10
4102893996,mqll_4_2_1,6715916,1,10
4135729042,mqll_4_2_1,6715990,1,10
4155370594,mqll_4_2_1,6715898,1,10
4137846194,mqll_4_2_1,6715929,1,10
3749654324,mqll_4_2_1,6716757,2,10
3789655608,mqll_4_2_1,6716645,2,10
3813171600,mqll_4_2_1,6716812,2,10
3814597318,mqll_4_2_1,6716579,2,10
3795172266,mqll_4_2_1,6716647,2,10
2273767498,mqll_4_2_1,6719948,4,10
2284934254,mqll_4_2_1,6719575,4,10
2279890128,mqll_4_2_1,6719768,4,10
2287341624,mqll_4_2_1,6719738,4,10
2289535356,mqll_4_2_1,6719698,4,10
1241686168,mqll_4_2_1,6731062,8,10
1235731948,mqll_4_2_1,6731312,8,10
1240622310,mqll_4_2_1,6730968,8,10
1241634926,mqll_4_2_1,6730978,8,10
1244565614,mqll_4_2_1,6731643,8,10
679261396,mqll_4_2_1,6774344,16,10
680036724,mqll_4_2_1,6772916,16,10
680510804,mqll_4_2_1,6772932,16,10
678672610,mqll_4_2_1,6773671,16,10
684063506,mqll_4_2_1,6773671,16,10
644401290,mqll_4_2_1,6936567,32,10
691499144,mqll_4_2_1,6936375,32,10
693601904,mqll_4_2_1,6943311,32,10
686234052,mqll_4_2_1,6933808,32,10
684893070,mqll_4_2_1,6936302,32,10
462641204,mqll_4_2_1,7484512,64,10
475279244,mqll_4_2_1,7478987,64,10
423146176,mqll_4_2_1,7487001,64,10
423158344,mqll_4_2_1,7504366,64,10
425069524,mqll_4_2_1,7507986,64,10
338612892,mqll_4_2_1,9012202,128,10
341813106,mqll_4_2_1,9011529,128,10
343656908,mqll_4_2_1,9051143,128,10
314478622,mqll_4_2_1,9049392,128,10
339703752,mqll_4_2_1,9072698,128,10
