15325409850,mqll_4_4_4,25661698,1,10
15386564002,mqll_4_4_4,25661917,1,10
15375126182,mqll_4_4_4,25661671,1,10
15310118762,mqll_4_4_4,25661658,1,10
15327733002,mqll_4_4_4,25661653,1,10
11501208748,mqll_4_4_4,25668498,2,10
11473860088,mqll_4_4_4,25668749,2,10
11468058902,mqll_4_4_4,25668907,2,10
11592266854,mqll_4_4_4,25668649,2,10
11466450256,mqll_4_4_4,25668602,2,10
6558072990,mqll_4_4_4,25699079,4,10
6577865082,mqll_4_4_4,25699016,4,10
6550795140,mqll_4_4_4,25698749,4,10
6550257578,mqll_4_4_4,25698158,4,10
6548841552,mqll_4_4_4,25698971,4,10
3453320258,mqll_4_4_4,25827044,8,10
3449480654,mqll_4_4_4,25825089,8,10
3463502200,mqll_4_4_4,25826773,8,10
3459284896,mqll_4_4_4,25826242,8,10
3452663652,mqll_4_4_4,25827880,8,10
1933741152,mqll_4_4_4,26311919,16,10
1936884350,mqll_4_4_4,26316690,16,10
1934921294,mqll_4_4_4,26318815,16,10
1936340764,mqll_4_4_4,26315543,16,10
1935530362,mqll_4_4_4,26315504,16,10
1666665004,mqll_4_4_4,28047577,32,10
1666416364,mqll_4_4_4,28052746,32,10
1665075050,mqll_4_4_4,28008127,32,10
1668398450,mqll_4_4_4,28026830,32,10
1671153800,mqll_4_4_4,28008255,32,10
1163309690,mqll_4_4_4,32737842,64,10
1165254302,mqll_4_4_4,32748941,64,10
1163839592,mqll_4_4_4,32809058,64,10
1166095972,mqll_4_4_4,32748613,64,10
1164744250,mqll_4_4_4,32814110,64,10
911629100,mqll_4_4_4,43765378,128,10
906108824,mqll_4_4_4,43723438,128,10
915721366,mqll_4_4_4,43800666,128,10
913595712,mqll_4_4_4,43724189,128,10
910423822,mqll_4_4_4,43801947,128,10
