269378231998,mqll_4_1024_512,85412445,1,10
268783907174,mqll_4_1024_512,85946705,1,10
267381729260,mqll_4_1024_512,85031602,1,10
269029285538,mqll_4_1024_512,86064537,1,10
269835417350,mqll_4_1024_512,86055246,1,10
134929921526,mqll_4_1024_512,85723067,2,10
135231322232,mqll_4_1024_512,85663582,2,10
135595872494,mqll_4_1024_512,85945779,2,10
135340018198,mqll_4_1024_512,85296504,2,10
135513058564,mqll_4_1024_512,86207862,2,10
68311591070,mqll_4_1024_512,85433545,4,10
68236429938,mqll_4_1024_512,85549827,4,10
68409488122,mqll_4_1024_512,85927089,4,10
68730236912,mqll_4_1024_512,86860095,4,10
69016045666,mqll_4_1024_512,87026238,4,10
35345648348,mqll_4_1024_512,86626287,8,10
35565172826,mqll_4_1024_512,87403833,8,10
35429764014,mqll_4_1024_512,87019060,8,10
35441885668,mqll_4_1024_512,86523992,8,10
35545081164,mqll_4_1024_512,86902562,8,10
19214643566,mqll_4_1024_512,89356504,16,10
19131809768,mqll_4_1024_512,88964004,16,10
19193519278,mqll_4_1024_512,89437774,16,10
19211648636,mqll_4_1024_512,89532598,16,10
19024620658,mqll_4_1024_512,88126776,16,10
11376521268,mqll_4_1024_512,89383326,32,10
11367285052,mqll_4_1024_512,89243110,32,10
11517383710,mqll_4_1024_512,90118970,32,10
11411618298,mqll_4_1024_512,89545457,32,10
11464390418,mqll_4_1024_512,91339664,32,10
6831424380,mqll_4_1024_512,89740255,64,10
6964193256,mqll_4_1024_512,90808924,64,10
6849704854,mqll_4_1024_512,89823095,64,10
7150148454,mqll_4_1024_512,92065952,64,10
6823598344,mqll_4_1024_512,90462818,64,10
6211419782,mqll_4_1024_512,94319196,128,10
6062566394,mqll_4_1024_512,93246023,128,10
5891102774,mqll_4_1024_512,92225385,128,10
5621610034,mqll_4_1024_512,91672855,128,10
5816024626,mqll_4_1024_512,92002160,128,10
