182785458234,mqll_4_1024_1024,75873077,1,10
182627422120,mqll_4_1024_1024,75848385,1,10
182722639986,mqll_4_1024_1024,75901860,1,10
182826958738,mqll_4_1024_1024,75904397,1,10
182575914644,mqll_4_1024_1024,75843006,1,10
92436556158,mqll_4_1024_1024,76106983,2,10
92488240078,mqll_4_1024_1024,76161706,2,10
92481139830,mqll_4_1024_1024,76105506,2,10
92387119004,mqll_4_1024_1024,76005002,2,10
92527828284,mqll_4_1024_1024,76052498,2,10
46931528582,mqll_4_1024_1024,76325548,4,10
46986874708,mqll_4_1024_1024,76490438,4,10
46867266724,mqll_4_1024_1024,76286548,4,10
46968501840,mqll_4_1024_1024,76554692,4,10
47007111154,mqll_4_1024_1024,76529916,4,10
24191272994,mqll_4_1024_1024,76889683,8,10
24258098006,mqll_4_1024_1024,77315095,8,10
24275553136,mqll_4_1024_1024,77385769,8,10
24269281656,mqll_4_1024_1024,77260729,8,10
24220011864,mqll_4_1024_1024,77138982,8,10
12877576302,mqll_4_1024_1024,78064839,16,10
12893816628,mqll_4_1024_1024,78153761,16,10
12882350232,mqll_4_1024_1024,78197012,16,10
12965333474,mqll_4_1024_1024,78787254,16,10
12926999908,mqll_4_1024_1024,78459395,16,10
7638253114,mqll_4_1024_1024,80154559,32,10
7607254850,mqll_4_1024_1024,79586992,32,10
7664533954,mqll_4_1024_1024,80376689,32,10
7634461430,mqll_4_1024_1024,80091941,32,10
7704481724,mqll_4_1024_1024,80887194,32,10
4457122620,mqll_4_1024_1024,85054193,64,10
4353736836,mqll_4_1024_1024,83245094,64,10
4407933094,mqll_4_1024_1024,84181261,64,10
4422643352,mqll_4_1024_1024,84613378,64,10
4468403584,mqll_4_1024_1024,85603093,64,10
3485365600,mqll_4_1024_1024,92707973,128,10
3546047494,mqll_4_1024_1024,95106407,128,10
3461716478,mqll_4_1024_1024,92559296,128,10
3488606374,mqll_4_1024_1024,92678317,128,10
3525945998,mqll_4_1024_1024,93541748,128,10
