5235925598,hmq4,7732849,2
5235495268,hmq4,7734189,2
5236300832,hmq4,7735079,2
5293817408,hmq4,7734399,2
5231507720,3127813390,hmq4,7762609,4
3128500614,hmq4,7762686,4
3127640916,hmq4,7762986,4
3128997020,hmq4,7762031,4
3160505946,hmq4,7762198,4
1758257492,hmq4,7805159,8
1760178100,hmq4,7805869,8
1758161338,hmq4,7804207,8
1763350894,hmq4,7805020,8
1766959582,hmq4,7801642,8
977131276,hmq4,7875888,16
978632222,hmq4,7875173,16
974350668,hmq4,7873655,16
973940072,hmq4,7874935,16
974175028,hmq4,7874511,16
921254422,hmq4,8021091,32
919132742,hmq4,8028300,32
915967578,hmq4,8020484,32
923408828,hmq4,8030687,32
918559986,hmq4,8026025,32
567811654,hmq4,8362215,64
564317064,hmq4,8357885,64
567004530,hmq4,8363852,64
565856954,hmq4,8368665,64
566566648,hmq4,8362059,64
369179032,hmq4,9160594,128
373190558,hmq4,9170748,128
371809038,hmq4,9149513,128
378170996,hmq4,9136397,128
369200070,hmq4,9154962,128
8314335914,spraylist,7717205,1
8318892276,spraylist,7717205,1
8312098310,spraylist,7717205,1
8309558744,spraylist,7717205,1
8332288012,spraylist,7717205,1
10070056594,spraylist,7705223,2
9719441896,spraylist,7705916,2
9494069556,spraylist,7704677,2
9653145550,spraylist,7706082,2
9637922008,spraylist,7707147,2
8307275002,spraylist,7717205,1
8310093106,spraylist,7717205,1
8303518454,spraylist,7717205,1
8298853840,spraylist,7717205,1
8324188700,spraylist,7717205,1
9928161488,spraylist,7706191,2
9957535920,spraylist,7706755,2
9669421960,spraylist,7706648,2
9928856818,spraylist,7706871,2
9696667234,spraylist,7707406,2
5993608524,spraylist,7726404,4
5826655434,spraylist,7727300,4
5806360574,spraylist,7728081,4
5813729944,spraylist,7725247,4
5866217578,spraylist,7728681,4
3308784050,spraylist,7898510,8
3321574468,spraylist,7902474,8
3310189242,spraylist,7884037,8
3309103554,spraylist,7894039,8
3323365896,spraylist,7905068,8
2201541342,spraylist,8550186,16
2198192376,spraylist,8562646,16
2208299426,spraylist,8543316,16
2208616018,spraylist,8556463,16
2195664086,spraylist,8537672,16
3220549456,spraylist,9801543,32
3208065564,spraylist,9898191,32
3192495850,spraylist,9833009,32
3263273094,spraylist,9896133,32
3239789526,spraylist,9826130,32
4298674000,spraylist,14214430,64
4476741202,spraylist,14139805,64
4256306614,spraylist,14041247,64
4387015602,spraylist,14253082,64
4531306856,spraylist,14292230,64
6174335096,spraylist,19154140,128
6134597974,spraylist,19250066,128
5996719574,spraylist,19889879,128
5997107560,spraylist,19998222,128
5978745784,spraylist,19898988,128
5944726324,heapswarm,7717189,1
5945218836,heapswarm,7717189,1
5946675684,heapswarm,7717189,1
5936920988,heapswarm,7717189,1
5941425770,heapswarm,7717189,1
5171134876,heapswarm,8430663,2
5161731398,heapswarm,8329666,2
5338303820,heapswarm,8462841,2
5290168924,heapswarm,8301048,2
5307627326,heapswarm,8509677,2
3210771324,heapswarm,8123068,4
3342317890,heapswarm,8249903,4
3212546476,heapswarm,8317149,4
3224109900,heapswarm,8301965,4
3139226276,heapswarm,8183518,4
1945902902,heapswarm,8140193,8
1903881746,heapswarm,8186169,8
1930123330,heapswarm,8152150,8
1910581198,heapswarm,8192002,8
1988015472,heapswarm,8187552,8
1156732260,heapswarm,8214913,16
1154340158,heapswarm,8124927,16
1152678012,heapswarm,8180669,16
1158975414,heapswarm,8229762,16
1153393660,heapswarm,8183043,16
1176228830,heapswarm,8626134,32
1179233926,heapswarm,8656772,32
1156863072,heapswarm,8574154,32
1162128148,heapswarm,8502881,32
1164868824,heapswarm,8567467,32
769623330,heapswarm,8646750,64
773317788,heapswarm,8644233,64
764783404,heapswarm,8632110,64
749347382,heapswarm,8596098,64
773766526,heapswarm,8671639,64
414003756,heapswarm,8733143,128
418607112,heapswarm,8756784,128
410745804,heapswarm,8777990,128
410915210,heapswarm,8721926,128
417951766,heapswarm,8788171,128
