12006726896,hmq4,29010520,4
12082865672,hmq4,29005774,4
12062705184,hmq4,29012063,4
12041469046,hmq4,29012927,4
12096100656,hmq4,29008487,4
6705468734,hmq4,29109401,8
6660376358,hmq4,29110870,8
6664925866,hmq4,29108006,8
6656864510,hmq4,29108616,8
6668903404,hmq4,29112145,8
3735361230,hmq4,29248658,16
3734153042,hmq4,29256794,16
3724968934,hmq4,29257781,16
3763789056,hmq4,29255416,16
3741762618,hmq4,29255164,16
3557373382,hmq4,29564587,32
3545645950,hmq4,29559342,32
3526821828,hmq4,29567001,32
3540539880,hmq4,29570415,32
3539896884,hmq4,29565104,32
2082526832,hmq4,30193817,64
2091370674,hmq4,30194176,64
2090363156,hmq4,30218858,64
2090580742,hmq4,30197118,64
2084800896,hmq4,30209243,64
1315629466,hmq4,31681180,128
1330396954,hmq4,31714193,128
1311973008,hmq4,31692138,128
1309115602,hmq4,31706951,128
1312751508,hmq4,31674627,128
36106536788,spraylist,31207831,1
35954705282,spraylist,31207831,1
36057522756,spraylist,31207831,1
35972448206,spraylist,31207831,1
36069004878,spraylist,31207831,1
50098341502,spraylist,28859866,2
54597017858,spraylist,28861824,2
51343874192,spraylist,28859766,2
52671293226,spraylist,28861140,2
53650543094,spraylist,28862617,2
35963357566,spraylist,31207831,1
35987371350,spraylist,31207831,1
36061500660,spraylist,31207831,1
36148581480,spraylist,31207831,1
36199223438,spraylist,31207831,1
55897908274,spraylist,28863901,2
53085721380,spraylist,28861545,2
50390262080,spraylist,28858995,2
54092015862,spraylist,28859985,2
50584968200,spraylist,28861063,2
26196590464,spraylist,28903499,4
27027958260,spraylist,28902828,4
25923571106,spraylist,28903059,4
27134430826,spraylist,28905006,4
26223563514,spraylist,28902239,4
13414588162,spraylist,29203545,8
13479791210,spraylist,29236795,8
13452862732,spraylist,29238964,8
13488776322,spraylist,29238359,8
13424219618,spraylist,29238234,8
8078392674,spraylist,30397162,16
8108692280,spraylist,30380315,16
8149569540,spraylist,30388343,16
8103901906,spraylist,30396409,16
8101052108,spraylist,30395048,16
10619678746,spraylist,32855252,32
10542921508,spraylist,32821820,32
10305270538,spraylist,32835115,32
10554605776,spraylist,32849050,32
10650719332,spraylist,32861301,32
11875706806,spraylist,43230577,64
11958103100,spraylist,43232125,64
12199170874,spraylist,43214962,64
11937935940,spraylist,43259692,64
11691963266,spraylist,43062662,64
12763888922,spraylist,64232288,128
12461576118,spraylist,61067439,128
12625684850,spraylist,62509080,128
12739715194,spraylist,64020664,128
12972704862,spraylist,63922588,128
25870423774,heapswarm,31207719,1
25900808244,heapswarm,31207719,1
25909697018,heapswarm,31207719,1
26098640418,heapswarm,31207719,1
25889907274,heapswarm,31207719,1
20485975320,heapswarm,32478834,2
19921604482,heapswarm,31221533,2
20377003866,heapswarm,32238901,2
22442401924,heapswarm,34159595,2
21922425716,heapswarm,34473331,2
12641320886,heapswarm,31567871,4
13190526774,heapswarm,32056815,4
12579113926,heapswarm,31519023,4
12631265288,heapswarm,31401422,4
12931368678,heapswarm,31566339,4
7417239834,heapswarm,31122375,8
7488676070,heapswarm,31623225,8
7596198812,heapswarm,31635775,8
7241811134,heapswarm,30803852,8
7357866702,heapswarm,30994778,8
4464573518,heapswarm,30905205,16
4483191278,heapswarm,30719100,16
4433626380,heapswarm,30866007,16
4469330474,heapswarm,30850422,16
4460363052,heapswarm,30569900,16
4234954136,heapswarm,32276857,32
4289853804,heapswarm,32053419,32
4294027828,heapswarm,32382641,32
4302648356,heapswarm,32652305,32
4267117962,heapswarm,32347152,32
3139175094,heapswarm,32343128,64
3058336138,heapswarm,31784753,64
3062153284,heapswarm,31684615,64
3102151542,heapswarm,32240964,64
3125970410,heapswarm,32104342,64
1506883052,heapswarm,32041651,128
1504294634,heapswarm,32004245,128
1464047378,heapswarm,31808173,128
1464914196,heapswarm,31907857,128
1537406762,heapswarm,33000418,128
