50743340374,hmq4,50542884,2
50057317508,hmq4,50543176,2
50489101118,hmq4,50542896,2
50919458846,hmq4,50543126,2
50596747446,hmq4,50542853,2
29514903114,hmq4,50543882,4
29633629842,hmq4,50543427,4
29417665556,hmq4,50543688,4
29651913074,hmq4,50543501,4
29205884674,hmq4,50543386,4
16092383016,hmq4,50543625,8
16000883450,hmq4,50544173,8
16096986026,hmq4,50544978,8
16049061400,hmq4,50543809,8
16027277332,hmq4,50544689,8
8873857966,hmq4,50545341,16
8852588578,hmq4,50545163,16
8878599374,hmq4,50545920,16
8918277584,hmq4,50544763,16
8856796262,hmq4,50544450,16
8077597426,hmq4,50545931,32
8050271832,hmq4,50545339,32
7993512402,hmq4,50544714,32
8042759130,hmq4,50545677,32
8009059414,hmq4,50545900,32
5076950090,hmq4,50548147,64
5108417206,hmq4,50548071,64
5110063496,hmq4,50547522,64
5096309378,hmq4,50547573,64
5103826860,hmq4,50548465,64
4104719254,hmq4,50553454,128
4043813336,hmq4,50555419,128
4057523838,hmq4,50555874,128
4049182614,hmq4,50555728,128
4056357702,hmq4,50552965,128
63179527992,spraylist,50542646,1
62937259906,spraylist,50542646,1
63359936402,spraylist,50542646,1
62989588588,spraylist,50542646,1
63006493668,spraylist,50542646,1
55457809018,spraylist,50542649,2
55461175804,spraylist,50542646,2
56253003808,spraylist,50542646,2
56439145530,spraylist,50542646,2
56333129148,spraylist,50542646,2
36171547282,spraylist,50542655,4
36089570094,spraylist,50542659,4
35731295306,spraylist,50542646,4
35687379066,spraylist,50542655,4
36057405002,spraylist,50542669,4
62946419874,spraylist,50542646,1
63191854206,spraylist,50542646,1
62819384836,spraylist,50542646,1
63031616354,spraylist,50542646,1
63004360872,spraylist,50542646,1
56172058356,spraylist,50542646,2
56219770546,spraylist,50542646,2
56502220832,spraylist,50542646,2
56933439212,spraylist,50542646,2
56991190630,spraylist,50542646,2
35634400364,spraylist,50542674,4
35671905580,spraylist,50542666,4
35830556078,spraylist,50542648,4
35762958232,spraylist,50542650,4
35835787600,spraylist,50542654,4
21469327302,spraylist,50542668,8
21447480684,spraylist,50542696,8
21444378942,spraylist,50542734,8
21498884532,spraylist,50542689,8
21500732666,spraylist,50542785,8
13323208050,spraylist,50542687,16
13285403936,spraylist,50542698,16
13322014088,spraylist,50542882,16
13342217654,spraylist,50542712,16
13297897414,spraylist,50542930,16
13739045996,spraylist,50544104,32
13777431656,spraylist,50543814,32
13884892002,spraylist,50543069,32
13822309506,spraylist,50543550,32
13818560312,spraylist,50543151,32
10506812092,spraylist,50551023,64
10506806756,spraylist,50543519,64
10427021830,spraylist,50548197,64
10406483036,spraylist,50544565,64
10493768040,spraylist,50548836,64
6341980584,spraylist,50563445,128
6321972870,spraylist,50568158,128
6335525016,spraylist,50560934,128
6289266860,spraylist,50563311,128
6363160394,spraylist,50566012,128
56536228470,heapswarm,50542646,1
56145022568,heapswarm,50542646,1
56240893982,heapswarm,50542646,1
56142375450,heapswarm,50542646,1
56144415510,heapswarm,50542646,1
38211912308,heapswarm,50547980,2
38405388106,heapswarm,50554286,2
38111465448,heapswarm,50599865,2
36889793238,heapswarm,50548243,2
38031325286,heapswarm,50561812,2
24930381140,heapswarm,51437209,4
24595614316,heapswarm,51407758,4
23226664926,heapswarm,50723193,4
25006219704,heapswarm,51458383,4
22999811400,heapswarm,50559745,4
14345358692,heapswarm,51874234,8
14753674530,heapswarm,51753702,8
14515390234,heapswarm,51871965,8
13351206810,heapswarm,51121251,8
14331006112,heapswarm,51899161,8
9218541166,heapswarm,52488528,16
9295594862,heapswarm,52592959,16
9275191048,heapswarm,52432278,16
9258843944,heapswarm,52434081,16
9430933758,heapswarm,52493522,16
6958692598,heapswarm,51969359,32
6775700042,heapswarm,51947893,32
6958892350,heapswarm,52051778,32
6587934772,heapswarm,51663782,32
6690267936,heapswarm,51590759,32
4605974198,heapswarm,51513878,64
4583297166,heapswarm,51558497,64
4570290024,heapswarm,51446655,64
4629247638,heapswarm,51581512,64
4589686948,heapswarm,51676137,64
2559100040,heapswarm,51456864,128
2579073720,heapswarm,51523862,128
2673085546,heapswarm,51623596,128
2558171586,heapswarm,51541347,128
2567654874,heapswarm,51701127,128
