13178401410,hmq4,12533224,2,0
13187763104,hmq4,12533514,2,0
13152414334,hmq4,12533409,2,0
13217904264,hmq4,12533494,2,0
13168748980,hmq4,12533353,2,0
7963676922,hmq4,12531736,4,0
7862067416,hmq4,12531554,4,0
7970803864,hmq4,12531575,4,0
7891615862,hmq4,12531556,4,0
7853344074,hmq4,12531897,4,0
4731306102,hmq4,12529970,8,0
4730137674,hmq4,12530358,8,0
4739216098,hmq4,12530271,8,0
4725719546,hmq4,12529932,8,0
4724274466,hmq4,12529975,8,0
3037674618,hmq4,12530055,16,0
3037586698,hmq4,12530088,16,0
3035896248,hmq4,12530177,16,0
3035418260,hmq4,12529875,16,0
3031657532,hmq4,12530200,16,0
3512733810,hmq4,12532491,32,0
3543910692,hmq4,12532801,32,0
3541762322,hmq4,12532818,32,0
3531242742,hmq4,12532902,32,0
3518429180,hmq4,12532492,32,0
3136601296,hmq4,12537932,64,0
3229278186,hmq4,12537662,64,0
3126051696,hmq4,12538029,64,0
3109583238,hmq4,12538176,64,0
3140717386,hmq4,12537968,64,0
3050722302,hmq4,12548277,128,0
3110452732,hmq4,12549436,128,0
3551445632,hmq4,12557256,128,0
3450763416,hmq4,12558333,128,0
3035130696,hmq4,12550526,128,0
17734550454,spraylist,12524207,1,0
17793398794,spraylist,12524207,1,0
18043279772,spraylist,12524207,1,0
17980874650,spraylist,12524207,1,0
17587420698,spraylist,12524207,1,0
15990747640,spraylist,13454923,2,0
15460655034,spraylist,13475595,2,0
15717213158,spraylist,13469841,2,0
15633618178,spraylist,13467305,2,0
16014018050,spraylist,13449314,2,0
18053252966,spraylist,12524207,1,0
17636892246,spraylist,12524207,1,0
17683184606,spraylist,12524207,1,0
17693211018,spraylist,12524207,1,0
17611113182,spraylist,12524207,1,0
15488788056,spraylist,13477364,2,0
15785269300,spraylist,13464187,2,0
15892828902,spraylist,13465554,2,0
15712931534,spraylist,13469454,2,0
15782474266,spraylist,13460696,2,0
9765832456,spraylist,13333078,4,0
9684968564,spraylist,13338146,4,0
9718956528,spraylist,13335295,4,0
9789242816,spraylist,13334525,4,0
9663327528,spraylist,13336608,4,0
5573318942,spraylist,13193739,8,0
5584940720,spraylist,13194954,8,0
5559854102,spraylist,13191673,8,0
5574884794,spraylist,13193831,8,0
5557591532,spraylist,13192157,8,0
3439714994,spraylist,13147843,16,0
3456728264,spraylist,13141806,16,0
3433843954,spraylist,13145204,16,0
3426930704,spraylist,13159402,16,0
3428579590,spraylist,13157869,16,0
3894816618,spraylist,13080516,32,0
3916679596,spraylist,13080452,32,0
3902974980,spraylist,13080159,32,0
3909131574,spraylist,13081474,32,0
3953246176,spraylist,13076535,32,0
2930037364,spraylist,12977967,64,0
2907556150,spraylist,12977694,64,0
2917650228,spraylist,12976728,64,0
2892249332,spraylist,12977286,64,0
2962186508,spraylist,12981166,64,0
2609170534,spraylist,13011718,128,0
2629042268,spraylist,13014667,128,0
2580715010,spraylist,13012657,128,0
2632830888,spraylist,13002662,128,0
2573100758,spraylist,13009842,128,0
15732508298,heapswarm,12524207,1,0
15796783424,heapswarm,12524207,1,0
15764984828,heapswarm,12524207,1,0
15696394060,heapswarm,12524207,1,0
15860459112,heapswarm,12524207,1,0
11731582642,heapswarm,12801549,2,0
13031045212,heapswarm,12772819,2,0
13006881678,heapswarm,12772178,2,0
13080023248,heapswarm,12780943,2,0
11758032968,heapswarm,12810289,2,0
7437790306,heapswarm,12826733,4,0
7092855680,heapswarm,12918709,4,0
7238967972,heapswarm,12834942,4,0
7104316394,heapswarm,12884525,4,0
7055367046,heapswarm,12922392,4,0
5261552574,heapswarm,12673071,8,0
5270651618,heapswarm,12689279,8,0
5234019756,heapswarm,12648229,8,0
5260183376,heapswarm,12693661,8,0
5267407812,heapswarm,12693265,8,0
3468941008,heapswarm,12682150,16,0
3469499284,heapswarm,12697906,16,0
3468234046,heapswarm,12704065,16,0
3473165750,heapswarm,12696634,16,0
3471283740,heapswarm,12693880,16,0
3572187360,heapswarm,12649633,32,0
3566512612,heapswarm,12652744,32,0
3547145534,heapswarm,12648289,32,0
3545004080,heapswarm,12625261,32,0
3571255054,heapswarm,12646854,32,0
3036942224,heapswarm,12573465,64,0
3014288164,heapswarm,12574290,64,0
2996287746,heapswarm,12577610,64,0
3030453304,heapswarm,12569227,64,0
2981073956,heapswarm,12579735,64,0
2828227264,heapswarm,12672672,128,0
2796540230,heapswarm,12584992,128,0
2865109482,heapswarm,12714951,128,0
4026593496,heapswarm,15106113,128,0
3112949460,heapswarm,13186831,128,0
