55199797274,hmq4,47932194,2,0
55199058022,hmq4,47933638,2,0
55361649386,hmq4,47933722,2,0
55217212844,hmq4,47931709,2,0
55281386258,hmq4,47932522,2,0
32742175092,hmq4,47919553,4,0
33460592986,hmq4,47920471,4,0
33344082876,hmq4,47920041,4,0
32970150324,hmq4,47919216,4,0
33283197252,hmq4,47919767,4,0
20073165460,hmq4,47911475,8,0
20428542086,hmq4,47912028,8,0
19747376004,hmq4,47911511,8,0
20381332360,hmq4,47911678,8,0
20067133220,hmq4,47910993,8,0
12514016850,hmq4,47912430,16,0
12638371790,hmq4,47909620,16,0
12968091590,hmq4,47909473,16,0
12952496458,hmq4,47910476,16,0
12582843574,hmq4,47911060,16,0
15151391230,hmq4,47912510,32,0
14199213360,hmq4,47913540,32,0
14155967966,hmq4,47909958,32,0
14542003834,hmq4,47912987,32,0
14391226262,hmq4,47913919,32,0
13250630374,hmq4,47915263,64,0
13320170772,hmq4,47916090,64,0
13503922946,hmq4,47916012,64,0
12572030930,hmq4,47916678,64,0
13710762550,hmq4,47919190,64,0
13822822980,hmq4,47939362,128,0
13942151164,hmq4,47933137,128,0
12650651984,hmq4,47938784,128,0
12976918142,hmq4,47936421,128,0
14240154270,hmq4,47942461,128,0
73099771382,spraylist,47894693,1,0
73311688546,spraylist,47894693,1,0
72585246628,spraylist,47894693,1,0
72816799530,spraylist,47894693,1,0
72659588186,spraylist,47894693,1,0
68056808526,spraylist,51087011,2,0
69996167108,spraylist,50968980,2,0
71336259726,spraylist,50984540,2,0
68707419130,spraylist,51056790,2,0
69006980132,spraylist,51064599,2,0
72804596232,spraylist,47894693,1,0
72771398078,spraylist,47894693,1,0
72824038606,spraylist,47894693,1,0
72658894868,spraylist,47894693,1,0
72685621636,spraylist,47894693,1,0
72339911182,spraylist,50962890,2,0
71547815256,spraylist,50966821,2,0
70815182666,spraylist,50984296,2,0
68462727202,spraylist,51055620,2,0
71180359040,spraylist,50965580,2,0
40597131112,spraylist,50757196,4,0
40519682026,spraylist,50733334,4,0
40642658370,spraylist,50743920,4,0
40669904942,spraylist,50723647,4,0
39822600898,spraylist,50777142,4,0
22043505308,spraylist,50249878,8,0
22657213886,spraylist,50252900,8,0
22442117530,spraylist,50253824,8,0
22429849616,spraylist,50255211,8,0
22191393496,spraylist,50246303,8,0
13375868620,spraylist,50144314,16,0
13353498324,spraylist,50161827,16,0
13414490178,spraylist,50135842,16,0
13451011844,spraylist,50163755,16,0
13463390952,spraylist,50141130,16,0
15325451254,spraylist,49899005,32,0
15312784108,spraylist,49896737,32,0
15337434206,spraylist,49903382,32,0
15408704842,spraylist,49892921,32,0
15867445110,spraylist,49916784,32,0
11662756706,spraylist,49532718,64,0
14475263592,spraylist,49554583,64,0
14509831714,spraylist,49547549,64,0
14260075448,spraylist,49608146,64,0
15316720668,spraylist,49565981,64,0
13214582370,spraylist,49627066,128,0
18090980792,spraylist,49672578,128,0
17140169614,spraylist,49573872,128,0
14015173996,spraylist,49631175,128,0
17297151804,spraylist,49622502,128,0
65973732608,heapswarm,47894693,1,0
66100316012,heapswarm,47894693,1,0
66023301800,heapswarm,47894693,1,0
65968658342,heapswarm,47894693,1,0
65815663970,heapswarm,47894693,1,0
54324103216,heapswarm,49098463,2,0
133747645852,heapswarm,49197997,2,0
50400551970,heapswarm,48956897,2,0
138952612284,heapswarm,49707518,2,0
54150085572,heapswarm,49176848,2,0
29068205650,heapswarm,49280954,4,0
57170454598,heapswarm,49226564,4,0
29096469748,heapswarm,49380460,4,0
29917410100,heapswarm,49494135,4,0
80398318578,heapswarm,49585843,4,0
23128815264,heapswarm,48565735,8,0
21957700504,heapswarm,48631597,8,0
22002404434,heapswarm,48474585,8,0
22131598158,heapswarm,48543334,8,0
27683332758,heapswarm,48552023,8,0
14800528578,heapswarm,48375799,16,0
16039164572,heapswarm,48542814,16,0
20376849260,heapswarm,48485789,16,0
40495337532,heapswarm,48655799,16,0
15963612790,heapswarm,48439485,16,0
14442275342,heapswarm,48125786,32,0
15245725494,heapswarm,48168703,32,0
14317126048,heapswarm,48166703,32,0
14530736574,heapswarm,48239853,32,0
14812462650,heapswarm,48171994,32,0
13318717578,heapswarm,48031785,64,0
13048522562,heapswarm,48042911,64,0
13759876122,heapswarm,48097514,64,0
13121567724,heapswarm,48044106,64,0
12921837594,heapswarm,48035340,64,0
14797391636,heapswarm,51829808,128,0
11996267198,heapswarm,49553736,128,0
15422956736,heapswarm,53307313,128,0
13905358366,heapswarm,50500062,128,0
13866853674,heapswarm,50470446,128,0
