15075865346,hmq4,25661175,2,10
15050999754,hmq4,25661123,2,10
15072679564,hmq4,25661475,2,10
15014725906,hmq4,25661333,2,10
15052428628,hmq4,25661490,2,10
8929222698,hmq4,25665104,4,10
8959553184,hmq4,25665205,4,10
8918803456,hmq4,25665224,4,10
8903854490,hmq4,25665237,4,10
8950253348,hmq4,25665673,4,10
4921746714,hmq4,25678452,8,10
4932919476,hmq4,25678493,8,10
4930985330,hmq4,25679687,8,10
4919081090,hmq4,25678669,8,10
4934054510,hmq4,25677992,8,10
2735392288,hmq4,25726194,16,10
2746451338,hmq4,25725167,16,10
2734729634,hmq4,25725858,16,10
2740572568,hmq4,25725922,16,10
2740520110,hmq4,25725889,16,10
2820802466,hmq4,25897781,32,10
2800484238,hmq4,25897043,32,10
2800895680,hmq4,25898336,32,10
2805258298,hmq4,25899155,32,10
2795970666,hmq4,25903632,32,10
1645547396,hmq4,26495341,64,10
1645912140,hmq4,26486268,64,10
1645394464,hmq4,26485457,64,10
1646027558,hmq4,26488862,64,10
1655430518,hmq4,26491647,64,10
1071129190,hmq4,28373055,128,10
1044088348,hmq4,28344907,128,10
1047954758,hmq4,28369750,128,10
1040138716,hmq4,28363327,128,10
1048529400,hmq4,28390007,128,10
26334866328,spraylist,25660200,1,10
26433066504,spraylist,25660200,1,10
26504554240,spraylist,25660200,1,10
26540004718,spraylist,25660200,1,10
26374353474,spraylist,25660200,1,10
25653791026,spraylist,25660456,2,10
25198657398,spraylist,25660659,2,10
25663764096,spraylist,25660437,2,10
25681814996,spraylist,25660628,2,10
25634480760,spraylist,25660523,2,10
16516294772,spraylist,25668512,4,10
16187903996,spraylist,25668995,4,10
16478037536,spraylist,25668651,4,10
16343799098,spraylist,25668613,4,10
16368478710,spraylist,25668814,4,10
26571162904,spraylist,25660200,1,10
26428363744,spraylist,25660200,1,10
26388209428,spraylist,25660200,1,10
26420946794,spraylist,25660200,1,10
26445294580,spraylist,25660200,1,10
25350755538,spraylist,25660596,2,10
653607382,25477448144,spraylist,25660598,2,10
25550382544,spraylist,25660457,2,10
25679306954,spraylist,25660460,2,10
16463087354,spraylist,25668858,4,10
16336627224,spraylist,25668418,4,10
16590376270,spraylist,25669138,4,10
16198178562,spraylist,25668889,4,10
16431676666,spraylist,25668771,4,10
9723124376,spraylist,25758722,8,10
9712277854,spraylist,25736887,8,10
9690343370,spraylist,25758646,8,10
9723875082,spraylist,25760181,8,10
9710243264,spraylist,25756956,8,10
6392319474,spraylist,26743335,16,10
6406171914,spraylist,26702838,16,10
6400074330,spraylist,26629286,16,10
6410907604,spraylist,26697556,16,10
6408499122,spraylist,26633791,16,10
8934844852,spraylist,29766668,32,10
8849203144,spraylist,29778880,32,10
8874762018,spraylist,29814708,32,10
8978474934,spraylist,29788365,32,10
8779275218,spraylist,29779265,32,10
11492667614,spraylist,41954592,64,10
11576751674,spraylist,42020035,64,10
11437620358,spraylist,42017079,64,10
11495412438,spraylist,42011403,64,10
11525069372,spraylist,42119027,64,10
13332157596,spraylist,65241002,128,10
13304322074,spraylist,63071512,128,10
13159408682,spraylist,63956876,128,10
13463618514,spraylist,63278962,128,10
13375011962,spraylist,64668816,128,10
16012170846,heapswarm,25660203,1,10
15856704550,heapswarm,25660203,1,10
15926225230,heapswarm,25660203,1,10
15865768456,heapswarm,25660203,1,10
15859059318,heapswarm,25660203,1,10
15583468438,heapswarm,30428857,2,10
16256937546,heapswarm,29973173,2,10
16215241460,heapswarm,29682791,2,10
16163836394,heapswarm,29986127,2,10
16199371026,heapswarm,30244042,2,10
10650360612,heapswarm,29839301,4,10
10375750264,heapswarm,29908431,4,10
10830030362,heapswarm,30146246,4,10
10611810466,heapswarm,29485959,4,10
10727147812,heapswarm,30383908,4,10
6403123302,heapswarm,29867048,8,10
6353790506,heapswarm,29572706,8,10
6397527480,heapswarm,29731548,8,10
6393066354,heapswarm,29535939,8,10
6266851234,heapswarm,29145533,8,10
3854841268,heapswarm,28657568,16,10
4407799182,heapswarm,31927149,16,10
3924263214,heapswarm,28702187,16,10
3971949926,heapswarm,28879469,16,10
4031770496,heapswarm,29490282,16,10
3885740148,heapswarm,30268572,32,10
3864780110,heapswarm,30343061,32,10
3973204084,heapswarm,31070271,32,10
3996671030,heapswarm,30824222,32,10
4078694692,heapswarm,31740682,32,10
2950722216,heapswarm,30667998,64,10
3217023706,heapswarm,33074173,64,10
2981591860,heapswarm,30958250,64,10
2909745450,heapswarm,30532401,64,10
3226358328,heapswarm,33180598,64,10
1515914434,heapswarm,31283861,128,10
1444150392,heapswarm,30869393,128,10
1489080634,heapswarm,31212423,128,10
1498984698,heapswarm,31157795,128,10
1509693086,heapswarm,31398243,128,10
