112241750442,hmq4,75746541,2,10
111846814020,hmq4,75746804,2,10
112212808842,hmq4,75746539,2,10
112727105392,hmq4,75745640,2,10
112244811106,hmq4,75747360,2,10
59735132800,hmq4,75747067,4,10
59549702412,hmq4,75746724,4,10
59668502506,hmq4,75747360,4,10
59740003940,hmq4,75745539,4,10
59722899642,hmq4,75746574,4,10
31428076046,hmq4,75747300,8,10
31403145670,hmq4,75747400,8,10
31433825784,hmq4,75747193,8,10
31455142348,hmq4,75747096,8,10
31462100010,hmq4,75746982,8,10
16865507052,hmq4,75747157,16,10
16866050624,hmq4,75747823,16,10
16883615430,hmq4,75747682,16,10
16855981882,hmq4,75747473,16,10
16873107312,hmq4,75747707,16,10
14995665928,hmq4,75748742,32,10
14995516038,hmq4,75749416,32,10
15002556432,hmq4,75750246,32,10
15023717684,hmq4,75749265,32,10
15021003398,hmq4,75748860,32,10
9645523726,hmq4,75756217,64,10
9706515208,hmq4,75758220,64,10
9648615084,hmq4,75754191,64,10
9671173162,hmq4,75755516,64,10
9640787746,hmq4,75752337,64,10
7311773176,hmq4,75783420,128,10
7311289782,hmq4,75774497,128,10
7322623096,hmq4,75761797,128,10
7329346894,hmq4,75781243,128,10
7309435262,hmq4,75773999,128,10
375493656112,spraylist,75746153,1,10
375893500436,spraylist,75746153,1,10
375315930072,spraylist,75746153,1,10
374818555830,spraylist,75746153,1,10
375685594694,spraylist,75746153,1,10
216359361536,spraylist,75745581,2,10
215279145502,spraylist,75747575,2,10
216877009392,spraylist,75746113,2,10
216005539398,spraylist,75745420,2,10
215888433144,spraylist,75746728,2,10
375010505100,spraylist,75746153,1,10
375454071500,spraylist,75746153,1,10
375630151576,spraylist,75746153,1,10
375195939556,spraylist,75746153,1,10
375454195522,spraylist,75746153,1,10
215424978218,spraylist,75746015,2,10
214885473710,spraylist,75745780,2,10
215790353592,spraylist,75747076,2,10
214954360058,spraylist,75745952,2,10
215331760334,spraylist,75745221,2,10
119622032702,spraylist,75746831,4,10
119221389248,spraylist,75746662,4,10
119691158008,spraylist,75746051,4,10
119485856780,spraylist,75746271,4,10
119385609698,spraylist,75747190,4,10
67452616212,spraylist,75748034,8,10
67438670610,spraylist,75746174,8,10
67354541620,spraylist,75748954,8,10
67437648774,spraylist,75747561,8,10
67439480060,spraylist,75746997,8,10
39547019136,spraylist,75750874,16,10
39399317762,spraylist,75750885,16,10
39504850890,spraylist,75753069,16,10
39377854276,spraylist,75751268,16,10
39438502432,spraylist,75749892,16,10
31077242548,spraylist,75777404,32,10
30912825924,spraylist,75767008,32,10
30951579086,spraylist,75770830,32,10
30986149704,spraylist,75774551,32,10
31078581932,spraylist,75771891,32,10
21004068994,spraylist,75857015,64,10
20903664398,spraylist,75853830,64,10
20833362648,spraylist,75881139,64,10
20809018824,spraylist,75872858,64,10
20963418206,spraylist,75864070,64,10
12302668622,spraylist,76166797,128,10
12350850288,spraylist,76158026,128,10
12391515578,spraylist,76128991,128,10
12580326292,spraylist,76192487,128,10
12353342342,spraylist,76064036,128,10
188684464528,heapswarm,75746341,1,10
188502558570,heapswarm,75746341,1,10
188459114424,heapswarm,75746341,1,10
189052888228,heapswarm,75746341,1,10
188537301250,heapswarm,75746341,1,10
101089640296,heapswarm,75886889,2,10
100602582212,heapswarm,75793370,2,10
100914459984,heapswarm,76188768,2,10
101565782918,heapswarm,76052501,2,10
102380461858,heapswarm,76889698,2,10
56640565664,heapswarm,80743486,4,10
55684215612,heapswarm,79016301,4,10
55153991194,heapswarm,78706312,4,10
56646023742,heapswarm,80811398,4,10
55310525708,heapswarm,78822725,4,10
29588279510,heapswarm,79873275,8,10
29270952148,heapswarm,78909832,8,10
29977965346,heapswarm,80823996,8,10
29721644248,heapswarm,79993249,8,10
28623467400,heapswarm,77470136,8,10
16757578768,heapswarm,80328843,16,10
16793054144,heapswarm,79956807,16,10
16772002392,heapswarm,80110867,16,10
17049644474,heapswarm,81002135,16,10
16845917700,heapswarm,80517776,16,10
13051595054,heapswarm,83880116,32,10
12856228244,heapswarm,84002981,32,10
13367527062,heapswarm,83126580,32,10
13263592464,heapswarm,83993745,32,10
13406400236,heapswarm,84094785,32,10
8301079050,heapswarm,80776154,64,10
8280777118,heapswarm,80629213,64,10
8272210546,heapswarm,80669448,64,10
8256324010,heapswarm,80683858,64,10
8221076334,heapswarm,80650236,64,10
5023399646,heapswarm,79947328,128,10
4995679108,heapswarm,79981192,128,10
5000927120,heapswarm,80025333,128,10
4874616546,heapswarm,79714108,128,10
4934882968,heapswarm,80148247,128,10
