751098720,mqpp_4_1_1,36523755,256
705994580,mqpp_4_1_1,36608241,256
788741520,mqpp_4_1_1,36500569,256
692971440,mqpp_4_1_1,36663258,256
719319680,mqpp_4_1_1,36508307,256
720838060,mqpp_4_1_2,42510801,256
703637520,mqpp_4_1_2,42400445,256
742370480,mqpp_4_1_2,42443995,256
692399100,mqpp_4_1_2,42439341,256
744354360,mqpp_4_1_2,42533696,256
770591820,mqpp_4_1_4,51950780,256
766895460,mqpp_4_1_4,51927067,256
770449860,mqpp_4_1_4,51757351,256
782709540,mqpp_4_1_4,51921615,256
776768360,mqpp_4_1_4,52028227,256
912103620,mqpp_4_1_8,65842064,256
919794540,mqpp_4_1_8,66094833,256
916328580,mqpp_4_1_8,65785063,256
911025340,mqpp_4_1_8,65779509,256
909514220,mqpp_4_1_8,65770038,256
1111745420,mqpp_4_1_16,84487356,256
1112587400,mqpp_4_1_16,84390473,256
1112136040,mqpp_4_1_16,84282446,256
1117678940,mqpp_4_1_16,84804758,256
1116236440,mqpp_4_1_16,84303184,256
1346184020,mqpp_4_1_32,106358852,256
1356120100,mqpp_4_1_32,106607957,256
1346032020,mqpp_4_1_32,106280396,256
1349950520,mqpp_4_1_32,106371121,256
1352580280,mqpp_4_1_32,106743003,256
1586863960,mqpp_4_1_64,127057075,256
1590948640,mqpp_4_1_64,127802450,256
1590751800,mqpp_4_1_64,127706888,256
1587417920,mqpp_4_1_64,127455816,256
1607405800,mqpp_4_1_64,128055590,256
1784773500,mqpp_4_1_128,144489680,256
1773488740,mqpp_4_1_128,143118520,256
1803456320,mqpp_4_1_128,145612908,256
1800049300,mqpp_4_1_128,145026768,256
1787432320,mqpp_4_1_128,144307899,256
1903362380,mqpp_4_1_256,155819675,256
1902712980,mqpp_4_1_256,155698453,256
1884380300,mqpp_4_1_256,154386485,256
1922771640,mqpp_4_1_256,156617683,256
1889135420,mqpp_4_1_256,154415222,256
1968669620,mqpp_4_1_512,162260312,256
1961178020,mqpp_4_1_512,161737653,256
1965893420,mqpp_4_1_512,161645446,256
1958684380,mqpp_4_1_512,161326995,256
1969789000,mqpp_4_1_512,162235375,256
2013403180,mqpp_4_1_1024,165080155,256
2027228380,mqpp_4_1_1024,166061808,256
2021846280,mqpp_4_1_1024,165739511,256
2057558080,mqpp_4_1_1024,167629144,256
2030853580,mqpp_4_1_1024,165999716,256
787737960,mqpp_4_2_1,37821904,256
795933680,mqpp_4_2_1,37768737,256
770998280,mqpp_4_2_1,37887222,256
761795500,mqpp_4_2_1,37801272,256
725239900,mqpp_4_2_1,37901708,256
735139900,mqpp_4_2_2,43965409,256
749256100,mqpp_4_2_2,43884431,256
776775220,mqpp_4_2_2,43804339,256
740831600,mqpp_4_2_2,43744639,256
774910220,mqpp_4_2_2,43657862,256
792105040,mqpp_4_2_4,53036132,256
769708500,mqpp_4_2_4,52607506,256
786290240,mqpp_4_2_4,52792731,256
767387120,mqpp_4_2_4,52538810,256
774939240,mqpp_4_2_4,52815714,256
901878120,mqpp_4_2_8,66356698,256
879188920,mqpp_4_2_8,65943505,256
875358600,mqpp_4_2_8,65755164,256
874705840,mqpp_4_2_8,65868374,256
889178460,mqpp_4_2_8,65901058,256
1049493820,mqpp_4_2_16,84449652,256
1050965820,mqpp_4_2_16,84604367,256
1050374320,mqpp_4_2_16,84426166,256
1049426880,mqpp_4_2_16,84368746,256
1047122520,mqpp_4_2_16,83917056,256
1281591660,mqpp_4_2_32,107906352,256
1267116320,mqpp_4_2_32,106721161,256
1270373480,mqpp_4_2_32,106587189,256
1277133500,mqpp_4_2_32,107362944,256
1282722560,mqpp_4_2_32,107530992,256
1516826200,mqpp_4_2_64,132410729,256
1516372820,mqpp_4_2_64,132246384,256
1526736840,mqpp_4_2_64,133092126,256
1540295300,mqpp_4_2_64,134010890,256
1528829720,mqpp_4_2_64,133103809,256
1766322240,mqpp_4_2_128,156577829,256
1768348780,mqpp_4_2_128,155796170,256
1776088680,mqpp_4_2_128,156955341,256
1767398580,mqpp_4_2_128,156682779,256
1782786700,mqpp_4_2_128,157097512,256
1915573260,mqpp_4_2_256,171643166,256
1928160140,mqpp_4_2_256,173389230,256
1908851400,mqpp_4_2_256,170645471,256
1928315240,mqpp_4_2_256,172949956,256
1911979220,mqpp_4_2_256,171810603,256
2018816300,mqpp_4_2_512,181755609,256
2022370360,mqpp_4_2_512,181537885,256
2028101300,mqpp_4_2_512,182298248,256
2042758560,mqpp_4_2_512,183508131,256
2020035900,mqpp_4_2_512,181989687,256
2080866200,mqpp_4_2_1024,189224984,256
2079783420,mqpp_4_2_1024,189094643,256
2090679280,mqpp_4_2_1024,189572234,256
2075092120,mqpp_4_2_1024,188416897,256
2069625660,mqpp_4_2_1024,188502616,256
836379260,mqpp_4_4_1,38197824,256
774392620,mqpp_4_4_1,38246015,256
820755740,mqpp_4_4_1,38116111,256
808213040,mqpp_4_4_1,38178720,256
765044680,mqpp_4_4_1,38234946,256
768128660,mqpp_4_4_2,43981298,256
882118960,mqpp_4_4_2,44264773,256
755193040,mqpp_4_4_2,44263084,256
750386800,mqpp_4_4_2,44200558,256
807356000,mqpp_4_4_2,44265253,256
789483480,mqpp_4_4_4,52816094,256
783773540,mqpp_4_4_4,52582808,256
787405920,mqpp_4_4_4,52846305,256
772512880,mqpp_4_4_4,52795073,256
773976500,mqpp_4_4_4,52690918,256
867037360,mqpp_4_4_8,65245165,256
872800220,mqpp_4_4_8,65087408,256
868799300,mqpp_4_4_8,64936748,256
865552100,mqpp_4_4_8,65221961,256
864343020,mqpp_4_4_8,65087901,256
1007835140,mqpp_4_4_16,82664172,256
1010805040,mqpp_4_4_16,82476803,256
1009046460,mqpp_4_4_16,82364947,256
1012927080,mqpp_4_4_16,82999037,256
1003824780,mqpp_4_4_16,82262100,256
1205666860,mqpp_4_4_32,105452120,256
1219510400,mqpp_4_4_32,106254215,256
1217647800,mqpp_4_4_32,106093988,256
1221085520,mqpp_4_4_32,106062465,256
1210888160,mqpp_4_4_32,105746162,256
1470706000,mqpp_4_4_64,134171593,256
1473724140,mqpp_4_4_64,134835791,256
1477378340,mqpp_4_4_64,134780288,256
1478693260,mqpp_4_4_64,135287722,256
1476180320,mqpp_4_4_64,134730485,256
1752194700,mqpp_4_4_128,164266264,256
1723563000,mqpp_4_4_128,163318637,256
1718488920,mqpp_4_4_128,162869794,256
1729065720,mqpp_4_4_128,163696330,256
1731403380,mqpp_4_4_128,163834372,256
1959634460,mqpp_4_4_256,187759719,256
1960204980,mqpp_4_4_256,187916211,256
1994638580,mqpp_4_4_256,190462558,256
1967129280,mqpp_4_4_256,188682843,256
1973723740,mqpp_4_4_256,188584007,256
2089183600,mqpp_4_4_512,202611757,256
2094433940,mqpp_4_4_512,203109025,256
2110676260,mqpp_4_4_512,204554794,256
2113562080,mqpp_4_4_512,205121522,256
2149927760,mqpp_4_4_512,205142864,256
2176078600,mqpp_4_4_1024,212133902,256
2186511380,mqpp_4_4_1024,212677010,256
2185169700,mqpp_4_4_1024,213698569,256
2208729800,mqpp_4_4_1024,214816775,256
2210617880,mqpp_4_4_1024,215627053,256
1028199840,mqpp_4_8_1,38372043,256
968654800,mqpp_4_8_1,38410173,256
858189580,mqpp_4_8_1,38160745,256
890632740,mqpp_4_8_1,38195139,256
893275060,mqpp_4_8_1,38260464,256
816787960,mqpp_4_8_2,43917334,256
824524500,mqpp_4_8_2,44066516,256
840923300,mqpp_4_8_2,43931465,256
779450100,mqpp_4_8_2,43830472,256
768816660,mqpp_4_8_2,43960705,256
793100120,mqpp_4_8_4,52234715,256
876638560,mqpp_4_8_4,52238115,256
788719940,mqpp_4_8_4,52159731,256
780380740,mqpp_4_8_4,52172373,256
781970980,mqpp_4_8_4,52052421,256
862202400,mqpp_4_8_8,63491723,256
866250020,mqpp_4_8_8,63872250,256
869100480,mqpp_4_8_8,63727288,256
857624860,mqpp_4_8_8,63911185,256
853140660,mqpp_4_8_8,63552300,256
981350760,mqpp_4_8_16,80152576,256
982797000,mqpp_4_8_16,79578052,256
978492380,mqpp_4_8_16,79789005,256
979672540,mqpp_4_8_16,80075420,256
985870420,mqpp_4_8_16,80691301,256
1160845500,mqpp_4_8_32,101476168,256
1167646400,mqpp_4_8_32,101855371,256
1175599180,mqpp_4_8_32,101939808,256
1170425260,mqpp_4_8_32,101834944,256
1171181920,mqpp_4_8_32,102224605,256
1425342360,mqpp_4_8_64,131934839,256
1418926820,mqpp_4_8_64,130461944,256
1427163000,mqpp_4_8_64,131983449,256
1421737500,mqpp_4_8_64,131151286,256
1426584260,mqpp_4_8_64,131205879,256
1699128640,mqpp_4_8_128,166023495,256
1697922980,mqpp_4_8_128,165766797,256
1692345300,mqpp_4_8_128,164363840,256
1690551700,mqpp_4_8_128,164221382,256
1689102540,mqpp_4_8_128,164286186,256
1976332360,mqpp_4_8_256,197350673,256
1981834960,mqpp_4_8_256,197605349,256
1998615280,mqpp_4_8_256,199496295,256
1986821020,mqpp_4_8_256,199234106,256
1962683780,mqpp_4_8_256,196307068,256
2186879040,mqpp_4_8_512,221579940,256
2198154940,mqpp_4_8_512,222916875,256
2192183860,mqpp_4_8_512,221956416,256
2188194860,mqpp_4_8_512,221343667,256
2162167400,mqpp_4_8_512,218668383,256
2312255600,mqpp_4_8_1024,237381815,256
2302733020,mqpp_4_8_1024,236696592,256
2351778300,mqpp_4_8_1024,241642308,256
2286497800,mqpp_4_8_1024,234346501,256
2306205020,mqpp_4_8_1024,236378000,256
845577840,mqpp_4_16_1,38112989,256
935118000,mqpp_4_16_1,38097477,256
859215420,mqpp_4_16_1,38110872,256
938654560,mqpp_4_16_1,38114984,256
912208340,mqpp_4_16_1,38159828,256
855726420,mqpp_4_16_2,43558137,256
806470980,mqpp_4_16_2,43469713,256
837637680,mqpp_4_16_2,43616156,256
836475820,mqpp_4_16_2,43639050,256
850672340,mqpp_4_16_2,43723196,256
825158680,mqpp_4_16_4,51572649,256
785366640,mqpp_4_16_4,51279798,256
789852840,mqpp_4_16_4,51530622,256
799622180,mqpp_4_16_4,51368272,256
786420380,mqpp_4_16_4,51500657,256
878577960,mqpp_4_16_8,62246304,256
863910700,mqpp_4_16_8,62337594,256
866830380,mqpp_4_16_8,62405378,256
874085720,mqpp_4_16_8,62525319,256
855432100,mqpp_4_16_8,62407721,256
967564840,mqpp_4_16_16,77406407,256
969503040,mqpp_4_16_16,77612727,256
975096360,mqpp_4_16_16,78068687,256
974405060,mqpp_4_16_16,77176979,256
972072900,mqpp_4_16_16,77432398,256
1144734280,mqpp_4_16_32,98044726,256
1127508100,mqpp_4_16_32,97136285,256
1129362880,mqpp_4_16_32,97469196,256
1146160240,mqpp_4_16_32,99292646,256
1151482720,mqpp_4_16_32,99204833,256
1370841160,mqpp_4_16_64,127107340,256
1361129300,mqpp_4_16_64,126077956,256
1357603120,mqpp_4_16_64,125178112,256
1370610960,mqpp_4_16_64,126903643,256
1379424580,mqpp_4_16_64,127219104,256
1642158900,mqpp_4_16_128,159984605,256
1631539600,mqpp_4_16_128,159316745,256
1633264960,mqpp_4_16_128,159502904,256
1630645300,mqpp_4_16_128,158706163,256
1652048720,mqpp_4_16_128,161479106,256
1914966100,mqpp_4_16_256,194163602,256
1930101420,mqpp_4_16_256,196003372,256
1945556920,mqpp_4_16_256,197229022,256
1944472800,mqpp_4_16_256,195705495,256
1909936180,mqpp_4_16_256,192901904,256
2195529260,mqpp_4_16_512,230062536,256
2186991860,mqpp_4_16_512,228562488,256
2205075920,mqpp_4_16_512,231019550,256
2219722520,mqpp_4_16_512,232664398,256
2172189700,mqpp_4_16_512,226851437,256
2425964460,mqpp_4_16_1024,257012713,256
2387548160,mqpp_4_16_1024,252237250,256
2406066920,mqpp_4_16_1024,253992667,256
2397401100,mqpp_4_16_1024,253685874,256
2385837420,mqpp_4_16_1024,252051702,256
939387420,mqpp_4_32_1,38054615,256
953340540,mqpp_4_32_1,38159631,256
960820180,mqpp_4_32_1,38193824,256
875660020,mqpp_4_32_1,37932040,256
860575780,mqpp_4_32_1,38031797,256
807801660,mqpp_4_32_2,43437464,256
785677600,mqpp_4_32_2,43323686,256
850196160,mqpp_4_32_2,43257257,256
825416900,mqpp_4_32_2,43349699,256
805896200,mqpp_4_32_2,43399720,256
791110000,mqpp_4_32_4,51018943,256
821982940,mqpp_4_32_4,51228595,256
855510780,mqpp_4_32_4,51204268,256
796212280,mqpp_4_32_4,50795548,256
786333340,mqpp_4_32_4,50898573,256
873461060,mqpp_4_32_8,61538577,256
887881060,mqpp_4_32_8,61341191,256
860775840,mqpp_4_32_8,61047658,256
865405820,mqpp_4_32_8,61513591,256
875890320,mqpp_4_32_8,61813292,256
965751200,mqpp_4_32_16,75926203,256
954806680,mqpp_4_32_16,75702898,256
959520540,mqpp_4_32_16,75938074,256
974095020,mqpp_4_32_16,75861094,256
961151740,mqpp_4_32_16,76090736,256
1129037480,mqpp_4_32_32,95730470,256
1114390220,mqpp_4_32_32,95279322,256
1130169880,mqpp_4_32_32,96930019,256
1113362200,mqpp_4_32_32,95387736,256
1108929660,mqpp_4_32_32,94899561,256
1315510220,mqpp_4_32_64,120609244,256
1329651060,mqpp_4_32_64,121224142,256
1324020940,mqpp_4_32_64,121319185,256
1320363080,mqpp_4_32_64,121547496,256
1329590660,mqpp_4_32_64,121444410,256
1558682860,mqpp_4_32_128,150207003,256
1534288660,mqpp_4_32_128,147852578,256
1584507180,mqpp_4_32_128,153245194,256
1574905680,mqpp_4_32_128,153196946,256
1571444920,mqpp_4_32_128,151811757,256
1844958640,mqpp_4_32_256,186007354,256
1837911020,mqpp_4_32_256,185422937,256
1812775460,mqpp_4_32_256,182373875,256
1825685080,mqpp_4_32_256,184332013,256
1852430720,mqpp_4_32_256,187244731,256
2129005760,mqpp_4_32_512,223212604,256
2118498720,mqpp_4_32_512,222333014,256
2164091020,mqpp_4_32_512,227586097,256
2094509760,mqpp_4_32_512,219294737,256
2115600680,mqpp_4_32_512,222102873,256
2355147760,mqpp_4_32_1024,251599569,256
2387961320,mqpp_4_32_1024,255628727,256
2372804380,mqpp_4_32_1024,253047177,256
2379115720,mqpp_4_32_1024,254735729,256
2373562720,mqpp_4_32_1024,254259499,256
849505620,mqpp_4_64_1,37880475,256
1008023680,mqpp_4_64_1,38212766,256
991753060,mqpp_4_64_1,38085680,256
1023837360,mqpp_4_64_1,38238605,256
849875160,mqpp_4_64_1,37939287,256
864374280,mqpp_4_64_2,43403272,256
808260600,mqpp_4_64_2,43247293,256
783670640,mqpp_4_64_2,43202096,256
978889920,mqpp_4_64_2,43698484,256
954319300,mqpp_4_64_2,43565548,256
805046080,mqpp_4_64_4,50775973,256
826607260,mqpp_4_64_4,50687500,256
812718640,mqpp_4_64_4,50732218,256
791698820,mqpp_4_64_4,50659481,256
852156720,mqpp_4_64_4,50749256,256
870837900,mqpp_4_64_8,60774235,256
876079280,mqpp_4_64_8,61166075,256
853655980,mqpp_4_64_8,60988160,256
847111580,mqpp_4_64_8,60661870,256
852674540,mqpp_4_64_8,61167168,256
953558560,mqpp_4_64_16,75086678,256
953621140,mqpp_4_64_16,74257570,256
947845300,mqpp_4_64_16,74171901,256
962922400,mqpp_4_64_16,75165052,256
960232940,mqpp_4_64_16,75030021,256
1112383580,mqpp_4_64_32,93822140,256
1105080180,mqpp_4_64_32,93041397,256
1101475700,mqpp_4_64_32,92514599,256
1130022580,mqpp_4_64_32,93818252,256
1095623220,mqpp_4_64_32,92040146,256
1300907060,mqpp_4_64_64,117689695,256
1290882140,mqpp_4_64_64,117347720,256
1284461480,mqpp_4_64_64,116919148,256
1280751180,mqpp_4_64_64,116626645,256
1294711920,mqpp_4_64_64,116535367,256
1543556440,mqpp_4_64_128,148005921,256
1531157680,mqpp_4_64_128,146868448,256
1498628640,mqpp_4_64_128,143725791,256
1526759140,mqpp_4_64_128,146996553,256
1518192760,mqpp_4_64_128,146288439,256
1789482200,mqpp_4_64_256,178834980,256
1834604780,mqpp_4_64_256,182102778,256
1765368800,mqpp_4_64_256,175919634,256
1800230120,mqpp_4_64_256,179361607,256
1757655340,mqpp_4_64_256,174797574,256
1998536160,mqpp_4_64_512,207129592,256
2015639320,mqpp_4_64_512,209745283,256
2013870880,mqpp_4_64_512,209225526,256
2027301920,mqpp_4_64_512,208753614,256
1978415940,mqpp_4_64_512,204695280,256
2252586920,mqpp_4_64_1024,239910108,256
2268535560,mqpp_4_64_1024,242096917,256
2225190520,mqpp_4_64_1024,236404579,256
2216694020,mqpp_4_64_1024,235309644,256
2225008760,mqpp_4_64_1024,236895270,256
916227160,mqpp_4_128_1,37762021,256
1058996400,mqpp_4_128_1,38418876,256
968982920,mqpp_4_128_1,38097081,256
887351060,mqpp_4_128_1,37856489,256
983844420,mqpp_4_128_1,38097606,256
884336140,mqpp_4_128_2,43429404,256
831851560,mqpp_4_128_2,43246666,256
835957560,mqpp_4_128_2,43303516,256
816036520,mqpp_4_128_2,42997726,256
973912100,mqpp_4_128_2,43643721,256
841608120,mqpp_4_128_4,50855706,256
811667340,mqpp_4_128_4,50622939,256
797515120,mqpp_4_128_4,50641756,256
812684700,mqpp_4_128_4,50599194,256
812829280,mqpp_4_128_4,50625637,256
869946040,mqpp_4_128_8,60468890,256
851769940,mqpp_4_128_8,60782360,256
846992060,mqpp_4_128_8,60407973,256
883628200,mqpp_4_128_8,60448054,256
861470120,mqpp_4_128_8,60713422,256
958384160,mqpp_4_128_16,74296351,256
953963760,mqpp_4_128_16,74382345,256
947252520,mqpp_4_128_16,73494937,256
963485260,mqpp_4_128_16,74330775,256
960979780,mqpp_4_128_16,74666409,256
1097464920,mqpp_4_128_32,91924083,256
1094003120,mqpp_4_128_32,92042156,256
1096733500,mqpp_4_128_32,91715465,256
1092993440,mqpp_4_128_32,90637140,256
1110994680,mqpp_4_128_32,93578095,256
1309304260,mqpp_4_128_64,114532479,256
1271167980,mqpp_4_128_64,113942369,256
1276952020,mqpp_4_128_64,114389493,256
1254576680,mqpp_4_128_64,112241987,256
1281614280,mqpp_4_128_64,113813869,256
1487933020,mqpp_4_128_128,142351271,256
1494518080,mqpp_4_128_128,142880617,256
1505106960,mqpp_4_128_128,143439386,256
1470805600,mqpp_4_128_128,139118180,256
1488716820,mqpp_4_128_128,142224159,256
1728926620,mqpp_4_128_256,171931839,256
1709029200,mqpp_4_128_256,168358637,256
1707556620,mqpp_4_128_256,168511991,256
1717838220,mqpp_4_128_256,171209303,256
1696598000,mqpp_4_128_256,168568038,256
1958562800,mqpp_4_128_512,201762004,256
1933769420,mqpp_4_128_512,197884116,256
1947417300,mqpp_4_128_512,199963081,256
2004972320,mqpp_4_128_512,205945114,256
1897931800,mqpp_4_128_512,193197945,256
2139875120,mqpp_4_128_1024,223757204,256
2103783260,mqpp_4_128_1024,220270614,256
2090849460,mqpp_4_128_1024,218273437,256
2148228300,mqpp_4_128_1024,225732256,256
2139339060,mqpp_4_128_1024,224436118,256
1187821780,mqpp_4_256_1,38952733,256
904959300,mqpp_4_256_1,37884680,256
870622880,mqpp_4_256_1,37865483,256
879539540,mqpp_4_256_1,37886102,256
870499040,mqpp_4_256_1,37891743,256
827716000,mqpp_4_256_2,43134181,256
793118520,mqpp_4_256_2,43227192,256
849631060,mqpp_4_256_2,43180586,256
836573440,mqpp_4_256_2,43104536,256
843043000,mqpp_4_256_2,43325986,256
845371340,mqpp_4_256_4,50407730,256
810963880,mqpp_4_256_4,50484432,256
797288440,mqpp_4_256_4,50587800,256
808074800,mqpp_4_256_4,50518051,256
807607620,mqpp_4_256_4,50593764,256
866765540,mqpp_4_256_8,60356041,256
872988160,mqpp_4_256_8,60591542,256
855063440,mqpp_4_256_8,60622641,256
847868040,mqpp_4_256_8,60442254,256
853357640,mqpp_4_256_8,60049430,256
941980580,mqpp_4_256_16,73447890,256
951127660,mqpp_4_256_16,73952384,256
965889280,mqpp_4_256_16,74012097,256
943089220,mqpp_4_256_16,73403135,256
941492560,mqpp_4_256_16,73371633,256
1079079880,mqpp_4_256_32,90866123,256
1084933360,mqpp_4_256_32,91374387,256
1093773400,mqpp_4_256_32,91569270,256
1085318680,mqpp_4_256_32,91460910,256
1078990280,mqpp_4_256_32,90770279,256
1283359160,mqpp_4_256_64,115614836,256
1270101240,mqpp_4_256_64,114127867,256
1280869320,mqpp_4_256_64,114655776,256
1284999200,mqpp_4_256_64,113798250,256
1278802580,mqpp_4_256_64,114211894,256
1444345220,mqpp_4_256_128,135805471,256
1468085100,mqpp_4_256_128,138065567,256
1509462900,mqpp_4_256_128,141243101,256
1474510180,mqpp_4_256_128,139258421,256
1465840820,mqpp_4_256_128,138414156,256
1676105780,mqpp_4_256_256,166623142,256
1730292820,mqpp_4_256_256,167705227,256
1682201620,mqpp_4_256_256,167170380,256
1654944200,mqpp_4_256_256,163696702,256
1647613520,mqpp_4_256_256,163256012,256
1884899140,mqpp_4_256_512,190316368,256
1896372500,mqpp_4_256_512,193322761,256
1921792440,mqpp_4_256_512,197153483,256
1934325220,mqpp_4_256_512,196572104,256
1915279960,mqpp_4_256_512,196429837,256
2057065180,mqpp_4_256_1024,214008008,256
2039274540,mqpp_4_256_1024,212466982,256
2012319340,mqpp_4_256_1024,209051860,256
2045419060,mqpp_4_256_1024,213160645,256
2039114660,mqpp_4_256_1024,211538735,256
1041454180,mqpp_4_512_1,38291966,256
1022632240,mqpp_4_512_1,38236145,256
1034600340,mqpp_4_512_1,38377529,256
1039574720,mqpp_4_512_1,38210995,256
955367020,mqpp_4_512_1,37999972,256
787775720,mqpp_4_512_2,43125378,256
881989000,mqpp_4_512_2,43063721,256
859944380,mqpp_4_512_2,43000731,256
853410800,mqpp_4_512_2,43189667,256
926374320,mqpp_4_512_2,43315056,256
921810440,mqpp_4_512_4,50557763,256
863272360,mqpp_4_512_4,50308791,256
852997280,mqpp_4_512_4,50676876,256
794430880,mqpp_4_512_4,50617060,256
824644960,mqpp_4_512_4,50533046,256
861446100,mqpp_4_512_8,60622066,256
871705320,mqpp_4_512_8,60620219,256
841442200,mqpp_4_512_8,60013774,256
874284580,mqpp_4_512_8,60131247,256
847573240,mqpp_4_512_8,60239797,256
956139640,mqpp_4_512_16,73364556,256
958097240,mqpp_4_512_16,73033540,256
962317140,mqpp_4_512_16,73341485,256
950503120,mqpp_4_512_16,73405099,256
950650900,mqpp_4_512_16,73610919,256
1090233000,mqpp_4_512_32,91988443,256
1086395360,mqpp_4_512_32,89981254,256
1086064400,mqpp_4_512_32,91221869,256
1090752700,mqpp_4_512_32,91743230,256
1086504940,mqpp_4_512_32,90513545,256
1256266680,mqpp_4_512_64,112050750,256
1266530960,mqpp_4_512_64,112975335,256
1276820980,mqpp_4_512_64,114281955,256
1276794020,mqpp_4_512_64,113411127,256
1271921500,mqpp_4_512_64,112850573,256
1458789040,mqpp_4_512_128,136984653,256
1463742140,mqpp_4_512_128,137536979,256
1474474900,mqpp_4_512_128,138675307,256
1463445460,mqpp_4_512_128,136445917,256
1480198040,mqpp_4_512_128,138658391,256
1673309000,mqpp_4_512_256,165868029,256
1644244660,mqpp_4_512_256,162045812,256
1639029960,mqpp_4_512_256,161383777,256
1645818600,mqpp_4_512_256,161613611,256
1643304660,mqpp_4_512_256,161523685,256
1839640900,mqpp_4_512_512,185427071,256
1865965500,mqpp_4_512_512,190829069,256
1897989840,mqpp_4_512_512,192561426,256
1875562660,mqpp_4_512_512,191679270,256
1845032240,mqpp_4_512_512,187990381,256
1996003460,mqpp_4_512_1024,205965349,256
2023278640,mqpp_4_512_1024,206757487,256
1970298080,mqpp_4_512_1024,203211783,256
2020336180,mqpp_4_512_1024,209349500,256
1977244280,mqpp_4_512_1024,204027628,256
999468700,mqpp_4_1024_1,38080828,256
979272180,mqpp_4_1024_1,38141585,256
911874980,mqpp_4_1024_1,37827377,256
978481320,mqpp_4_1024_1,37953599,256
913286600,mqpp_4_1024_1,37744177,256
808360780,mqpp_4_1024_2,43211495,256
879004920,mqpp_4_1024_2,43145350,256
826110560,mqpp_4_1024_2,43213322,256
790443380,mqpp_4_1024_2,43119517,256
807828420,mqpp_4_1024_2,43284610,256
896394300,mqpp_4_1024_4,50611309,256
797412480,mqpp_4_1024_4,50620152,256
805049100,mqpp_4_1024_4,50693038,256
796373980,mqpp_4_1024_4,50531217,256
842033300,mqpp_4_1024_4,50634404,256
850940440,mqpp_4_1024_8,60505940,256
854695480,mqpp_4_1024_8,60190413,256
860721160,mqpp_4_1024_8,60339892,256
850345480,mqpp_4_1024_8,60659182,256
869815620,mqpp_4_1024_8,60447250,256
944476160,mqpp_4_1024_16,73017709,256
951563140,mqpp_4_1024_16,73474371,256
946150560,mqpp_4_1024_16,73397351,256
951112200,mqpp_4_1024_16,73339554,256
958709220,mqpp_4_1024_16,73849651,256
1088168440,mqpp_4_1024_32,90091208,256
1087566520,mqpp_4_1024_32,90712287,256
1075629820,mqpp_4_1024_32,89788939,256
1094742380,mqpp_4_1024_32,90750497,256
1080687680,mqpp_4_1024_32,90137049,256
1257633980,mqpp_4_1024_64,112590887,256
1258181140,mqpp_4_1024_64,111765241,256
1264495700,mqpp_4_1024_64,112925831,256
1281483280,mqpp_4_1024_64,114080880,256
1267655300,mqpp_4_1024_64,113302031,256
1477252280,mqpp_4_1024_128,139851764,256
1467949280,mqpp_4_1024_128,138027615,256
1461280580,mqpp_4_1024_128,138174595,256
1453006640,mqpp_4_1024_128,136614493,256
1467654060,mqpp_4_1024_128,135725520,256
1665822900,mqpp_4_1024_256,160912173,256
1642703820,mqpp_4_1024_256,161644612,256
1642766060,mqpp_4_1024_256,161428665,256
1683471940,mqpp_4_1024_256,164661993,256
1627883140,mqpp_4_1024_256,159811872,256
1827849240,mqpp_4_1024_512,185007460,256
1838688780,mqpp_4_1024_512,185677608,256
1857187960,mqpp_4_1024_512,188840547,256
1858891740,mqpp_4_1024_512,188566842,256
1813771380,mqpp_4_1024_512,182549413,256
1989631820,mqpp_4_1024_1024,206299595,256
1975589220,mqpp_4_1024_1024,204863966,256
2056159300,mqpp_4_1024_1024,214707051,256
1987082720,mqpp_4_1024_1024,206010880,256
1973444680,mqpp_4_1024_1024,203478606,256
