239443940,mqpp_4_1_1,11729474,256
224724560,mqpp_4_1_1,11776826,256
243819520,mqpp_4_1_1,11728875,256
265723800,mqpp_4_1_1,11724035,256
225463220,mqpp_4_1_1,11797062,256
250509300,mqpp_4_1_2,14296129,256
239948200,mqpp_4_1_2,14272459,256
240297960,mqpp_4_1_2,14356430,256
248839920,mqpp_4_1_2,14376985,256
271603380,mqpp_4_1_2,14347856,256
279716600,mqpp_4_1_4,17915444,256
275759060,mqpp_4_1_4,18044015,256
291241600,mqpp_4_1_4,18027236,256
275847300,mqpp_4_1_4,18036520,256
276775160,mqpp_4_1_4,18033525,256
328530280,mqpp_4_1_8,23086137,256
322583840,mqpp_4_1_8,22836988,256
325509920,mqpp_4_1_8,23058868,256
330247940,mqpp_4_1_8,23158862,256
324703280,mqpp_4_1_8,22881962,256
393150740,mqpp_4_1_16,29304630,256
392768360,mqpp_4_1_16,29390483,256
394810460,mqpp_4_1_16,29371240,256
395418920,mqpp_4_1_16,29414693,256
393505960,mqpp_4_1_16,29359904,256
471680340,mqpp_4_1_32,36650885,256
471828720,mqpp_4_1_32,36156035,256
469815480,mqpp_4_1_32,36316584,256
476153680,mqpp_4_1_32,36663423,256
475568620,mqpp_4_1_32,36336180,256
536563660,mqpp_4_1_64,42440000,256
554394920,mqpp_4_1_64,43127210,256
549174740,mqpp_4_1_64,43280278,256
554293500,mqpp_4_1_64,43432199,256
552880960,mqpp_4_1_64,43194354,256
595509380,mqpp_4_1_128,47615361,256
611072400,mqpp_4_1_128,48560908,256
601209800,mqpp_4_1_128,47985610,256
600796780,mqpp_4_1_128,48013026,256
600763780,mqpp_4_1_128,47769186,256
636158580,mqpp_4_1_256,50964423,256
654253900,mqpp_4_1_256,52008464,256
643593520,mqpp_4_1_256,51843231,256
629150760,mqpp_4_1_256,50706135,256
641473700,mqpp_4_1_256,51561557,256
665725260,mqpp_4_1_512,53399277,256
663050480,mqpp_4_1_512,53609486,256
667775200,mqpp_4_1_512,53179460,256
654729000,mqpp_4_1_512,53178590,256
652320960,mqpp_4_1_512,52648233,256
679162360,mqpp_4_1_1024,54389985,256
666777540,mqpp_4_1_1024,53630735,256
667669440,mqpp_4_1_1024,53859610,256
667639040,mqpp_4_1_1024,53928774,256
678053800,mqpp_4_1_1024,54554064,256
264466660,mqpp_4_2_1,12188653,256
247490640,mqpp_4_2_1,12250318,256
251497840,mqpp_4_2_1,12207992,256
268891260,mqpp_4_2_1,12156587,256
266570880,mqpp_4_2_1,12192051,256
260244720,mqpp_4_2_2,14768726,256
288727280,mqpp_4_2_2,14803779,256
260089420,mqpp_4_2_2,14747773,256
263786740,mqpp_4_2_2,14786624,256
259826180,mqpp_4_2_2,14732723,256
280935640,mqpp_4_2_4,18190814,256
279501660,mqpp_4_2_4,18244786,256
278787540,mqpp_4_2_4,18160470,256
274911740,mqpp_4_2_4,18256959,256
279508220,mqpp_4_2_4,18237765,256
310756480,mqpp_4_2_8,22747472,256
320415960,mqpp_4_2_8,23049683,256
312807560,mqpp_4_2_8,22907175,256
312275280,mqpp_4_2_8,22850593,256
318095800,mqpp_4_2_8,22721785,256
370032200,mqpp_4_2_16,28978371,256
372829260,mqpp_4_2_16,29014011,256
376620100,mqpp_4_2_16,28978421,256
367593900,mqpp_4_2_16,28879178,256
364714560,mqpp_4_2_16,28668667,256
438339360,mqpp_4_2_32,36034033,256
444035680,mqpp_4_2_32,36264045,256
435653680,mqpp_4_2_32,36050366,256
440788780,mqpp_4_2_32,36377519,256
445077060,mqpp_4_2_32,36320425,256
523179720,mqpp_4_2_64,44130396,256
510393040,mqpp_4_2_64,43525809,256
509615020,mqpp_4_2_64,43193907,256
518463940,mqpp_4_2_64,44117689,256
506720000,mqpp_4_2_64,42915576,256
582241700,mqpp_4_2_128,49964286,256
577226180,mqpp_4_2_128,49618106,256
583062300,mqpp_4_2_128,50257081,256
582387740,mqpp_4_2_128,50157897,256
580590080,mqpp_4_2_128,50188104,256
612967300,mqpp_4_2_256,53611101,256
622177400,mqpp_4_2_256,54541255,256
618962140,mqpp_4_2_256,54161447,256
610686240,mqpp_4_2_256,52799939,256
624297600,mqpp_4_2_256,54549898,256
640893060,mqpp_4_2_512,56328267,256
661304660,mqpp_4_2_512,58053052,256
654547940,mqpp_4_2_512,57801370,256
646592840,mqpp_4_2_512,57178254,256
642227300,mqpp_4_2_512,56495997,256
656514800,mqpp_4_2_1024,58268184,256
659670160,mqpp_4_2_1024,57969404,256
657531580,mqpp_4_2_1024,58226226,256
651493840,mqpp_4_2_1024,57663599,256
666973820,mqpp_4_2_1024,58600915,256
294826960,mqpp_4_4_1,12277086,256
289978480,mqpp_4_4_1,12213313,256
308272820,mqpp_4_4_1,12333959,256
301777820,mqpp_4_4_1,12237555,256
285517340,mqpp_4_4_1,12261689,256
267179520,mqpp_4_4_2,14730693,256
268286500,mqpp_4_4_2,14688792,256
267653480,mqpp_4_4_2,14647675,256
283327440,mqpp_4_4_2,14745909,256
283992700,mqpp_4_4_2,14646606,256
274597440,mqpp_4_4_4,17931285,256
276583080,mqpp_4_4_4,18081247,256
285324640,mqpp_4_4_4,18081081,256
285268340,mqpp_4_4_4,17774669,256
277312100,mqpp_4_4_4,17862100,256
318463960,mqpp_4_4_8,22536821,256
312493360,mqpp_4_4_8,22284754,256
307176320,mqpp_4_4_8,22339998,256
317585340,mqpp_4_4_8,22416625,256
312549100,mqpp_4_4_8,22533028,256
365262180,mqpp_4_4_16,27795302,256
353196960,mqpp_4_4_16,27518311,256
355913120,mqpp_4_4_16,28062493,256
350303900,mqpp_4_4_16,27811040,256
351832480,mqpp_4_4_16,27880914,256
411752560,mqpp_4_4_32,34737033,256
410449940,mqpp_4_4_32,34825956,256
427323560,mqpp_4_4_32,35328757,256
419764600,mqpp_4_4_32,35204692,256
414438800,mqpp_4_4_32,34915447,256
485810940,mqpp_4_4_64,43460559,256
487320920,mqpp_4_4_64,43278965,256
484672400,mqpp_4_4_64,43030666,256
488226340,mqpp_4_4_64,43139256,256
494417540,mqpp_4_4_64,43329331,256
553351960,mqpp_4_4_128,50748036,256
549658260,mqpp_4_4_128,49955401,256
562562520,mqpp_4_4_128,51586202,256
544638980,mqpp_4_4_128,49580260,256
550873940,mqpp_4_4_128,50375077,256
612116760,mqpp_4_4_256,56875544,256
603779600,mqpp_4_4_256,56221647,256
607051840,mqpp_4_4_256,56235435,256
613636180,mqpp_4_4_256,56970515,256
600147580,mqpp_4_4_256,55629663,256
628869320,mqpp_4_4_512,58602717,256
634888280,mqpp_4_4_512,59716336,256
648188220,mqpp_4_4_512,60115961,256
648715040,mqpp_4_4_512,60798105,256
638816300,mqpp_4_4_512,59804811,256
648398680,mqpp_4_4_1024,61239850,256
666571480,mqpp_4_4_1024,62698242,256
650733380,mqpp_4_4_1024,61248255,256
679780340,mqpp_4_4_1024,61661819,256
673875800,mqpp_4_4_1024,61649167,256
293474080,mqpp_4_8_1,12123240,256
277333020,mqpp_4_8_1,12088996,256
309050380,mqpp_4_8_1,12114313,256
281376280,mqpp_4_8_1,12096530,256
318920640,mqpp_4_8_1,12212745,256
271690880,mqpp_4_8_2,14503333,256
273099720,mqpp_4_8_2,14587108,256
266344940,mqpp_4_8_2,14461670,256
282357980,mqpp_4_8_2,14503861,256
266692840,mqpp_4_8_2,14550448,256
281241080,mqpp_4_8_4,17614476,256
292298940,mqpp_4_8_4,17608091,256
275581260,mqpp_4_8_4,17616122,256
275644000,mqpp_4_8_4,17669003,256
316321420,mqpp_4_8_4,17743938,256
318253480,mqpp_4_8_8,21586000,256
322493040,mqpp_4_8_8,21893524,256
308322500,mqpp_4_8_8,21770519,256
308383180,mqpp_4_8_8,21674027,256
321686520,mqpp_4_8_8,21901738,256
353930380,mqpp_4_8_16,26890314,256
346834120,mqpp_4_8_16,27236020,256
349438620,mqpp_4_8_16,27158584,256
344007920,mqpp_4_8_16,27027752,256
348230380,mqpp_4_8_16,27446119,256
401298880,mqpp_4_8_32,34254683,256
401140100,mqpp_4_8_32,33597235,256
420270020,mqpp_4_8_32,34074631,256
400508700,mqpp_4_8_32,33720759,256
407377500,mqpp_4_8_32,33810092,256
469340560,mqpp_4_8_64,42089816,256
473457480,mqpp_4_8_64,41618530,256
463643460,mqpp_4_8_64,41288337,256
469908420,mqpp_4_8_64,41807514,256
491275080,mqpp_4_8_64,41998175,256
523559620,mqpp_4_8_128,48958157,256
527280200,mqpp_4_8_128,49306628,256
526206360,245213200,mqpp_4_1_1,11748400,256
232952200,mqpp_4_1_1,11754492,256
236236020,mqpp_4_1_1,11739110,256
229325760,mqpp_4_1_1,11745821,256
235490160,mqpp_4_1_1,11714116,256
259039140,mqpp_4_1_2,14364205,256
244310280,mqpp_4_1_2,14277456,256
240246740,mqpp_4_1_2,14316612,256
246621680,mqpp_4_1_2,14333466,256
248505760,mqpp_4_1_2,14336615,256
286938800,mqpp_4_1_4,18013357,256
281218980,mqpp_4_1_4,18026726,256
273073440,mqpp_4_1_4,18039760,256
279147540,mqpp_4_1_4,18095510,256
273374100,mqpp_4_1_4,17960266,256
324156160,mqpp_4_1_8,23112204,256
333072100,mqpp_4_1_8,23073896,256
325818660,mqpp_4_1_8,23073245,256
323710820,mqpp_4_1_8,23023703,256
328172820,mqpp_4_1_8,23094605,256
392258520,mqpp_4_1_16,29408233,256
392913400,mqpp_4_1_16,29420788,256
391590680,mqpp_4_1_16,29325025,256
389735700,mqpp_4_1_16,29195480,256
395759780,mqpp_4_1_16,29489157,256
470038880,mqpp_4_1_32,36484529,256
468383460,mqpp_4_1_32,36508078,256
467956480,mqpp_4_1_32,36336622,256
473290320,mqpp_4_1_32,36413977,256
476588320,mqpp_4_1_32,36869722,256
544097560,mqpp_4_1_64,43412409,256
590503040,mqpp_4_1_64,43544431,256
539329900,mqpp_4_1_64,42702173,256
543210240,mqpp_4_1_64,42895899,256
547794180,mqpp_4_1_64,43363777,256
601364440,mqpp_4_1_128,48135934,256
602347740,mqpp_4_1_128,47821901,256
602696480,mqpp_4_1_128,47756918,256
616614480,mqpp_4_1_128,48611512,256
603040260,mqpp_4_1_128,47838963,256
630187060,mqpp_4_1_256,50843872,256
631392880,mqpp_4_1_256,51075229,256
629629380,mqpp_4_1_256,50717548,256
640499980,mqpp_4_1_256,51421933,256
651613440,mqpp_4_1_256,51975498,256
658395480,mqpp_4_1_512,53296632,256
674651000,mqpp_4_1_512,54098738,256
662043580,mqpp_4_1_512,53422924,256
662279160,mqpp_4_1_512,53520057,256
660005500,mqpp_4_1_512,53105736,256
669398780,mqpp_4_1_1024,54038299,256
688630560,mqpp_4_1_1024,54031498,256
668299200,mqpp_4_1_1024,53867259,256
660708680,mqpp_4_1_1024,53208123,256
681865600,mqpp_4_1_1024,54967063,256
280645980,mqpp_4_2_1,12160202,256
296869780,mqpp_4_2_1,12176513,256
262925920,mqpp_4_2_1,12250285,256
255782780,mqpp_4_2_1,12231645,256
252315500,mqpp_4_2_1,12213459,256
289831500,mqpp_4_2_2,14721494,256
274572600,mqpp_4_2_2,14685581,256
264281120,mqpp_4_2_2,14730567,256
267024100,mqpp_4_2_2,14742470,256
254398320,mqpp_4_2_2,14740269,256
281053780,mqpp_4_2_4,18335064,256
277066940,mqpp_4_2_4,18384900,256
274703120,mqpp_4_2_4,18128150,256
277735160,mqpp_4_2_4,18209399,256
280906580,mqpp_4_2_4,18142932,256
310352360,mqpp_4_2_8,22581804,256
314847040,mqpp_4_2_8,22985444,256
315810880,mqpp_4_2_8,22793710,256
314528700,mqpp_4_2_8,22914158,256
317994280,mqpp_4_2_8,22915010,256
383719340,mqpp_4_2_16,29038775,256
372159300,mqpp_4_2_16,29118200,256
373658640,mqpp_4_2_16,29209582,256
374920500,mqpp_4_2_16,29138995,256
367032800,mqpp_4_2_16,28733319,256
438196500,mqpp_4_2_32,35956334,256
439623740,mqpp_4_2_32,36181683,256
441825480,mqpp_4_2_32,36263857,256
438242660,mqpp_4_2_32,36011495,256
441945400,mqpp_4_2_32,36092085,256
527198940,mqpp_4_2_64,44217800,256
514444940,mqpp_4_2_64,44088134,256
506193060,mqpp_4_2_64,43098266,256
511490860,mqpp_4_2_64,43576759,256
509937760,mqpp_4_2_64,43336523,256
583484100,mqpp_4_2_128,50632770,256
586011180,mqpp_4_2_128,50470485,256
593912580,mqpp_4_2_128,51312481,256
576379440,mqpp_4_2_128,49997365,256
576130480,mqpp_4_2_128,49734584,256
627862540,mqpp_4_2_256,54586389,256
615610200,mqpp_4_2_256,53927933,256
630877480,mqpp_4_2_256,55586643,256
624796180,mqpp_4_2_256,55192849,256
617359280,mqpp_4_2_256,54364734,256
645588240,mqpp_4_2_512,56949594,256
635014680,mqpp_4_2_512,56286007,256
653634900,mqpp_4_2_512,57668782,256
642403500,mqpp_4_2_512,56813355,256
643213540,mqpp_4_2_512,56949237,256
662178860,mqpp_4_2_1024,58110122,256
660471980,mqpp_4_2_1024,58759439,256
657310740,mqpp_4_2_1024,58250165,256
654930740,mqpp_4_2_1024,58191763,256
663355720,mqpp_4_2_1024,59128691,256
300521300,mqpp_4_4_1,12300210,256
261269520,mqpp_4_4_1,12268830,256
315971940,mqpp_4_4_1,12188636,256
257707560,mqpp_4_4_1,12279214,256
266335980,mqpp_4_4_1,12214971,256
274156620,mqpp_4_4_2,14654222,256
258998840,mqpp_4_4_2,14747606,256
265027740,mqpp_4_4_2,14798934,256
266035120,mqpp_4_4_2,14701850,256
259023540,mqpp_4_4_2,14695662,256
276980620,mqpp_4_4_4,18106439,256
277923340,mqpp_4_4_4,17948037,256
280998360,mqpp_4_4_4,17935079,256
321816240,mqpp_4_4_4,17991789,256
304330060,mqpp_4_4_4,18185951,256
310237000,mqpp_4_4_8,22323826,256
332141980,mqpp_4_4_8,22312942,256
313117880,mqpp_4_4_8,22564487,256
310847420,mqpp_4_4_8,22351985,256
307387740,mqpp_4_4_8,22227395,256
355461640,mqpp_4_4_16,28394235,256
356991860,mqpp_4_4_16,28321434,256
350413360,mqpp_4_4_16,27932470,256
355556680,mqpp_4_4_16,28040293,256
354344280,mqpp_4_4_16,27850264,256
413635680,mqpp_4_4_32,35169259,256
411544460,mqpp_4_4_32,34961462,256
416707480,mqpp_4_4_32,34978273,256
418096680,mqpp_4_4_32,35335525,256
417394220,mqpp_4_4_32,35648587,256
485317200,mqpp_4_4_64,42755612,256
488822440,mqpp_4_4_64,42662411,256
487106560,mqpp_4_4_64,43215203,256
489937820,mqpp_4_4_64,42853627,256
482712420,mqpp_4_4_64,42637979,256
550161440,mqpp_4_4_128,50049516,256
561119880,mqpp_4_4_128,51343389,256
544463000,mqpp_4_4_128,50112091,256
546323280,mqpp_4_4_128,49614421,256
539309640,mqpp_4_4_128,49701200,256
608652740,mqpp_4_4_256,56809646,256
608736720,mqpp_4_4_256,56361236,256
618638240,mqpp_4_4_256,56810496,256
600848580,mqpp_4_4_256,55851167,256
609301720,mqpp_4_4_256,56998329,256
633552100,mqpp_4_4_512,59439327,256
644317260,mqpp_4_4_512,59946289,256
647435760,mqpp_4_4_512,60978708,256
644098740,mqpp_4_4_512,60316047,256
646774240,mqpp_4_4_512,60610247,256
653347580,mqpp_4_4_1024,61962900,256
645136760,mqpp_4_4_1024,61125191,256
654060800,mqpp_4_4_1024,62201129,256
653788020,mqpp_4_4_1024,61971339,256
633084420,mqpp_4_4_1024,59957578,256
295555040,mqpp_4_8_1,12143522,256
305188400,mqpp_4_8_1,12102541,256
278494660,mqpp_4_8_1,12118427,256
325590280,mqpp_4_8_1,12101211,256
286276460,mqpp_4_8_1,12127604,256
273700020,mqpp_4_8_2,14502914,256
269386860,mqpp_4_8_2,14565219,256
267465680,mqpp_4_8_2,14630430,256
264737900,mqpp_4_8_2,14559563,256
283425000,mqpp_4_8_2,14488999,256
276442200,mqpp_4_8_4,17580824,256
281719120,mqpp_4_8_4,17597848,256
279595480,mqpp_4_8_4,17650289,256
287355420,mqpp_4_8_4,17545204,256
285602820,mqpp_4_8_4,17564209,256
302449140,mqpp_4_8_8,21532388,256
318944440,mqpp_4_8_8,21773961,256
315666740,mqpp_4_8_8,21775459,256
306551140,mqpp_4_8_8,21980909,256
306368540,mqpp_4_8_8,21681429,256
346606260,mqpp_4_8_16,27181239,256
340759720,mqpp_4_8_16,26634340,256
346347240,mqpp_4_8_16,27330143,256
343373400,mqpp_4_8_16,27044038,256
347641600,mqpp_4_8_16,27169113,256
404392200,mqpp_4_8_32,34144325,256
403711960,mqpp_4_8_32,33100914,256
405143400,mqpp_4_8_32,33953532,256
408943240,mqpp_4_8_32,33892471,256
396708620,mqpp_4_8_32,33506468,256
465036220,mqpp_4_8_64,41723668,256
461251060,mqpp_4_8_64,41058281,256
466730540,mqpp_4_8_64,41677272,256
465653340,mqpp_4_8_64,41408757,256
472562120,mqpp_4_8_64,41623114,256
529326620,mqpp_4_8_128,49707461,256
515536960,mqpp_4_8_128,48054930,256
532435360,mqpp_4_8_128,49934585,256
527517720,mqpp_4_8_128,49212493,256
521326040,mqpp_4_8_128,48987542,256
592531200,mqpp_4_8_256,57238143,256
590820400,mqpp_4_8_256,56828129,256
580040420,mqpp_4_8_256,55435185,256
583931480,mqpp_4_8_256,56160905,256
579325420,mqpp_4_8_256,55924807,256
623081800,mqpp_4_8_512,60601162,256
628056540,mqpp_4_8_512,60426699,256
621332200,mqpp_4_8_512,60294526,256
626531740,mqpp_4_8_512,61009660,256
617074160,mqpp_4_8_512,59884433,256
636054620,mqpp_4_8_1024,62423696,256
651690640,mqpp_4_8_1024,63746743,256
662837640,mqpp_4_8_1024,64815766,256
655653480,mqpp_4_8_1024,64659888,256
653775100,mqpp_4_8_1024,64175390,256
319561940,mqpp_4_16_1,12059563,256
314702480,mqpp_4_16_1,12079306,256
323909500,mqpp_4_16_1,12106034,256
272868700,mqpp_4_16_1,11989758,256
311912860,mqpp_4_16_1,12017184,256
302317800,mqpp_4_16_2,14363253,256
267438640,mqpp_4_16_2,14434078,256
279772540,mqpp_4_16_2,14371438,256
273104180,mqpp_4_16_2,14334098,256
298195900,mqpp_4_16_2,14429178,256
294562960,mqpp_4_16_4,17217550,256
299804400,mqpp_4_16_4,17198008,256
288756240,mqpp_4_16_4,17368777,256
282168700,mqpp_4_16_4,17460506,256
298460540,mqpp_4_16_4,17387023,256
304075040,mqpp_4_16_8,21115550,256
302770480,mqpp_4_16_8,21237852,256
308516540,mqpp_4_16_8,21275051,256
300479120,mqpp_4_16_8,21119539,256
301243900,mqpp_4_16_8,21032674,256
344389780,mqpp_4_16_16,26486189,256
337798440,mqpp_4_16_16,26151791,256
337903200,mqpp_4_16_16,25935232,256
338962520,mqpp_4_16_16,26024634,256
341079760,mqpp_4_16_16,25914717,256
398240600,mqpp_4_16_32,33097238,256
381507040,mqpp_4_16_32,31910070,256
389922320,mqpp_4_16_32,32469582,256
398551020,mqpp_4_16_32,32711573,256
395721660,mqpp_4_16_32,33045425,256
457384160,mqpp_4_16_64,39976816,256
449504960,mqpp_4_16_64,38576453,256
448507440,mqpp_4_16_64,39686044,256
454823780,mqpp_4_16_64,40175040,256
482736020,mqpp_4_16_64,40540039,256
514157920,mqpp_4_16_128,47728443,256
505824580,mqpp_4_16_128,46475400,256
515179040,mqpp_4_16_128,48095546,256
510089580,mqpp_4_16_128,47717903,256
511663840,mqpp_4_16_128,47522544,256
582614820,mqpp_4_16_256,55596228,256
562198100,mqpp_4_16_256,54410192,256
571067520,mqpp_4_16_256,55315947,256
576284180,mqpp_4_16_256,55199106,256
580231820,mqpp_4_16_256,56386160,256
605469640,mqpp_4_16_512,60078766,256
585826760,mqpp_4_16_512,57455013,256
588308580,mqpp_4_16_512,58078006,256
603035060,mqpp_4_16_512,59575225,256
611471300,mqpp_4_16_512,60276755,256
633622260,mqpp_4_16_1024,63272304,256
631492540,mqpp_4_16_1024,63158869,256
643165960,mqpp_4_16_1024,63554182,256
629146620,mqpp_4_16_1024,61758227,256
618846100,mqpp_4_16_1024,61094771,256
287287580,mqpp_4_32_1,11919050,256
319982960,mqpp_4_32_1,11964637,256
276149920,mqpp_4_32_1,11929029,256
273863540,mqpp_4_32_1,11888356,256
309545940,mqpp_4_32_1,11940401,256
299483980,mqpp_4_32_2,14087573,256
275174000,mqpp_4_32_2,14175491,256
280207920,mqpp_4_32_2,14164740,256
306270080,mqpp_4_32_2,14292637,256
270598740,mqpp_4_32_2,14234212,256
302962860,mqpp_4_32_4,17193755,256
302250700,mqpp_4_32_4,17194892,256
280662180,mqpp_4_32_4,17000751,256
289748340,mqpp_4_32_4,16958728,256
279143200,mqpp_4_32_4,17159930,256
302869520,mqpp_4_32_8,21111635,256
300401620,mqpp_4_32_8,20687160,256
304037400,mqpp_4_32_8,20744279,256
319517340,mqpp_4_32_8,20682479,256
317736480,mqpp_4_32_8,20648981,256
351778840,mqpp_4_32_16,25560305,256
336898140,mqpp_4_32_16,25390833,256
341415300,mqpp_4_32_16,25732135,256
334881280,mqpp_4_32_16,25256299,256
340386240,mqpp_4_32_16,25639725,256
401735620,mqpp_4_32_32,32277321,256
378901600,mqpp_4_32_32,31355022,256
389679700,mqpp_4_32_32,31834816,256
383694320,mqpp_4_32_32,31357036,256
397978860,mqpp_4_32_32,31673772,256
443769020,mqpp_4_32_64,39414337,256
438328520,mqpp_4_32_64,38907739,256
429875360,mqpp_4_32_64,37672215,256
446428060,mqpp_4_32_64,38792985,256
436212360,mqpp_4_32_64,37738755,256
492043740,mqpp_4_32_128,45348382,256
488416020,mqpp_4_32_128,44987802,256
484468020,mqpp_4_32_128,44380761,256
505409280,mqpp_4_32_128,46829267,256
498982920,mqpp_4_32_128,45811594,256
545643240,mqpp_4_32_256,51080662,256
555452520,mqpp_4_32_256,53484422,256
552355160,mqpp_4_32_256,52098726,256
548968960,mqpp_4_32_256,52729447,256
546884580,mqpp_4_32_256,51820809,256
560736420,mqpp_4_32_512,54972911,256
568273280,mqpp_4_32_512,55579573,256
577148900,mqpp_4_32_512,56839726,256
579722820,mqpp_4_32_512,57012384,256
578537520,mqpp_4_32_512,56334994,256
605104280,mqpp_4_32_1024,59926657,256
615572340,mqpp_4_32_1024,61603676,256
600361360,mqpp_4_32_1024,59905054,256
593693740,mqpp_4_32_1024,59116525,256
604084880,mqpp_4_32_1024,59901739,256
334898080,mqpp_4_64_1,11988519,256
311184560,mqpp_4_64_1,11878872,256
355834820,mqpp_4_64_1,12060066,256
315521000,mqpp_4_64_1,11909874,256
284346100,mqpp_4_64_1,11964087,256
294164540,mqpp_4_64_2,14280445,256
271682620,mqpp_4_64_2,14107356,256
296443900,mqpp_4_64_2,14261494,256
326481420,mqpp_4_64_2,14275668,256
290530580,mqpp_4_64_2,14187057,256
275362240,mqpp_4_64_4,16824359,256
290908240,mqpp_4_64_4,17070444,256
285215080,mqpp_4_64_4,17017843,256
307639320,mqpp_4_64_4,17126810,256
291788780,mqpp_4_64_4,16908805,256
299546240,mqpp_4_64_8,20519788,256
323122380,mqpp_4_64_8,20994398,256
308615080,mqpp_4_64_8,20715647,256
303185520,mqpp_4_64_8,20475253,256
302074340,mqpp_4_64_8,20481983,256
336231320,mqpp_4_64_16,25368793,256
337624740,mqpp_4_64_16,25099887,256
343628300,mqpp_4_64_16,25039711,256
335680100,mqpp_4_64_16,25297343,256
336922500,mqpp_4_64_16,25211813,256
377939440,mqpp_4_64_32,30483320,256
395224900,mqpp_4_64_32,30600501,256
386913080,mqpp_4_64_32,31310478,256
401339280,mqpp_4_64_32,31247009,256
380505320,mqpp_4_64_32,30600437,256
430435440,mqpp_4_64_64,37740505,256
433057260,mqpp_4_64_64,37970060,256
427082240,mqpp_4_64_64,37090915,256
420890540,mqpp_4_64_64,36735053,256
433685200,mqpp_4_64_64,37664741,256
471913340,mqpp_4_64_128,43237742,256
484331480,mqpp_4_64_128,44786938,256
483547560,mqpp_4_64_128,43210153,256
481543000,mqpp_4_64_128,43925818,256
483210560,mqpp_4_64_128,43780191,256
523501240,mqpp_4_64_256,49419928,256
532953500,mqpp_4_64_256,50409039,256
512725100,mqpp_4_64_256,48049916,256
541451560,mqpp_4_64_256,51531543,256
532724060,mqpp_4_64_256,50019611,256
558933920,mqpp_4_64_512,54413669,256
557244020,mqpp_4_64_512,53258198,256
563701560,mqpp_4_64_512,55264380,256
571212840,mqpp_4_64_512,56226778,256
576148540,mqpp_4_64_512,55866031,256
590180320,mqpp_4_64_1024,58289390,256
590008660,mqpp_4_64_1024,58685708,256
583201920,mqpp_4_64_1024,57200936,256
573826400,mqpp_4_64_1024,56331897,256
581425120,mqpp_4_64_1024,56902650,256
299993580,mqpp_4_128_1,11830486,256
275531460,mqpp_4_128_1,11808259,256
289587920,mqpp_4_128_1,11914065,256
366196980,mqpp_4_128_1,11818075,256
309327540,mqpp_4_128_1,11831894,256
284538040,mqpp_4_128_2,14100870,256
275032340,mqpp_4_128_2,14054307,256
300579360,mqpp_4_128_2,14194658,256
311400500,mqpp_4_128_2,14216097,256
315895200,mqpp_4_128_2,14115293,256
295039160,mqpp_4_128_4,17053222,256
333599600,mqpp_4_128_4,17044703,256
277287900,mqpp_4_128_4,16930414,256
280578080,mqpp_4_128_4,17146640,256
298843620,mqpp_4_128_4,16985749,256
304650040,mqpp_4_128_8,20551637,256
299656560,mqpp_4_128_8,20778933,256
306683600,mqpp_4_128_8,20801662,256
319393060,mqpp_4_128_8,20390705,256
301351160,mqpp_4_128_8,20584456,256
333711280,mqpp_4_128_16,24785426,256
343052900,mqpp_4_128_16,25319008,256
339592000,mqpp_4_128_16,25124328,256
337781660,mqpp_4_128_16,25262437,256
336292560,mqpp_4_128_16,25094807,256
374523200,mqpp_4_128_32,30430773,256
377941600,mqpp_4_128_32,30690597,256
379613520,mqpp_4_128_32,30983782,256
377052580,mqpp_4_128_32,30318270,256
387569580,mqpp_4_128_32,31463444,256
420060760,mqpp_4_128_64,35399417,256
427074020,mqpp_4_128_64,36780234,256
463095740,mqpp_4_128_64,36635203,256
424155120,mqpp_4_128_64,36396928,256
429442700,mqpp_4_128_64,36755335,256
473492000,mqpp_4_128_128,43487232,256
476473380,mqpp_4_128_128,43294611,256
476416400,mqpp_4_128_128,43331301,256
483852420,mqpp_4_128_128,44176480,256
481368840,mqpp_4_128_128,44193023,256
509487000,mqpp_4_128_256,48022614,256
524298880,mqpp_4_128_256,49108097,256
513283620,mqpp_4_128_256,48720722,256
515806840,mqpp_4_128_256,49159685,256
512740400,mqpp_4_128_256,48021652,256
555738940,mqpp_4_128_512,53622472,256
551221880,mqpp_4_128_512,53255032,256
557055660,mqpp_4_128_512,53678079,256
557808720,mqpp_4_128_512,53947094,256
541890480,mqpp_4_128_512,51993799,256
569804340,mqpp_4_128_1024,55542170,256
572302080,mqpp_4_128_1024,55742124,256
611643780,mqpp_4_128_1024,58089337,256
578180680,mqpp_4_128_1024,56727889,256
568463360,mqpp_4_128_1024,55113470,256
307061380,mqpp_4_256_1,11916123,256
323005480,mqpp_4_256_1,11999689,256
284003960,mqpp_4_256_1,11951894,256
310784840,mqpp_4_256_1,11887397,256
318869440,mqpp_4_256_1,11914650,256
271127660,mqpp_4_256_2,14106045,256
282738700,mqpp_4_256_2,14192964,256
295042140,mqpp_4_256_2,14011889,256
313997280,mqpp_4_256_2,14139049,256
305079820,mqpp_4_256_2,14197073,256
292887360,mqpp_4_256_4,16879280,256
285288320,mqpp_4_256_4,17036801,256
287309760,mqpp_4_256_4,16985880,256
284032000,mqpp_4_256_4,17024197,256
300349560,mqpp_4_256_4,16940628,256
301185800,mqpp_4_256_8,20660511,256
301601660,mqpp_4_256_8,20607197,256
297831900,mqpp_4_256_8,20476479,256
304854540,mqpp_4_256_8,20553034,256
298491480,mqpp_4_256_8,20298746,256
332507960,mqpp_4_256_16,24755620,256
333592360,mqpp_4_256_16,24982951,256
332376780,mqpp_4_256_16,24742803,256
333493440,mqpp_4_256_16,24646200,256
344896520,mqpp_4_256_16,25215961,256
372344580,mqpp_4_256_32,30248939,256
375225740,mqpp_4_256_32,30446935,256
374937960,mqpp_4_256_32,30050266,256
373866300,mqpp_4_256_32,30522710,256
374221660,mqpp_4_256_32,30102794,256
435411480,mqpp_4_256_64,37501573,256
423779940,mqpp_4_256_64,36272829,256
420656020,mqpp_4_256_64,35904508,256
426077080,mqpp_4_256_64,35909404,256
424589280,mqpp_4_256_64,36320454,256
471195020,mqpp_4_256_128,42405421,256
479013940,mqpp_4_256_128,42053387,256
479731260,mqpp_4_256_128,43167522,256
484080660,mqpp_4_256_128,41677191,256
469215280,mqpp_4_256_128,41908465,256
510422240,mqpp_4_256_256,48108012,256
516265500,mqpp_4_256_256,48773508,256
523535820,mqpp_4_256_256,50133906,256
511950680,mqpp_4_256_256,48260153,256
506388480,mqpp_4_256_256,47469603,256
557972300,mqpp_4_256_512,54208387,256
536891560,mqpp_4_256_512,51798922,256
556384400,mqpp_4_256_512,53671729,256
542600920,mqpp_4_256_512,52178673,256
537534520,mqpp_4_256_512,51235770,256
555070520,mqpp_4_256_1024,53165360,256
562965040,mqpp_4_256_1024,54274923,256
555359560,mqpp_4_256_1024,53490279,256
589237240,mqpp_4_256_1024,57589624,256
554427400,mqpp_4_256_1024,53505840,256
311903340,mqpp_4_512_1,11872771,256
311334580,mqpp_4_512_1,11870366,256
282453220,mqpp_4_512_1,11906794,256
275987480,mqpp_4_512_1,11853847,256
314129840,mqpp_4_512_1,11949550,256
277293140,mqpp_4_512_2,14064539,256
281162940,mqpp_4_512_2,14210558,256
321566000,mqpp_4_512_2,14087775,256
288410760,mqpp_4_512_2,14117515,256
273451120,mqpp_4_512_2,14006515,256
307991580,mqpp_4_512_4,16858924,256
283458760,mqpp_4_512_4,16925126,256
280288520,mqpp_4_512_4,16998223,256
277482440,mqpp_4_512_4,16826914,256
292714960,mqpp_4_512_4,16963878,256
303195800,mqpp_4_512_8,20361325,256
302040640,mqpp_4_512_8,20296764,256
302816380,mqpp_4_512_8,20481766,256
300779440,mqpp_4_512_8,20388078,256
299811760,mqpp_4_512_8,20356406,256
339369360,mqpp_4_512_16,25239176,256
340628940,mqpp_4_512_16,24838611,256
334719160,mqpp_4_512_16,24841489,256
335133820,mqpp_4_512_16,24779147,256
346715660,mqpp_4_512_16,25122150,256
377136780,mqpp_4_512_32,30482580,256
375907900,mqpp_4_512_32,30242640,256
390539280,mqpp_4_512_32,30144781,256
374052820,mqpp_4_512_32,30401780,256
371590660,mqpp_4_512_32,30005041,256
425347540,mqpp_4_512_64,36623806,256
428608460,mqpp_4_512_64,36598944,256
434166040,mqpp_4_512_64,36987498,256
429598660,mqpp_4_512_64,36678001,256
427280680,mqpp_4_512_64,36599653,256
470571000,mqpp_4_512_128,42067729,256
471451140,mqpp_4_512_128,42584387,256
463586000,mqpp_4_512_128,41190805,256
474263420,mqpp_4_512_128,42959582,256
481240160,mqpp_4_512_128,43224774,256
515613360,mqpp_4_512_256,48137090,256
500154460,mqpp_4_512_256,46742186,256
507246700,mqpp_4_512_256,47273952,256
508525500,mqpp_4_512_256,47458773,256
496542340,mqpp_4_512_256,46190780,256
539187620,mqpp_4_512_512,52058366,256
525947160,mqpp_4_512_512,50123617,256
529213120,mqpp_4_512_512,50527969,256
532508940,mqpp_4_512_512,51249775,256
529230920,mqpp_4_512_512,50546357,256
564524600,mqpp_4_512_1024,54877192,256
564359180,mqpp_4_512_1024,55068688,256
564028520,mqpp_4_512_1024,54450058,256
554472700,mqpp_4_512_1024,53634622,256
542308980,mqpp_4_512_1024,51927172,256
297965500,mqpp_4_1024_1,11905845,256
314803600,mqpp_4_1024_1,11862021,256
310673940,mqpp_4_1024_1,11967802,256
366068700,mqpp_4_1024_1,12143271,256
324336420,mqpp_4_1024_1,11929795,256
346770660,mqpp_4_1024_2,14274054,256
281466920,mqpp_4_1024_2,14153205,256
309117740,mqpp_4_1024_2,14138825,256
290561340,mqpp_4_1024_2,14002675,256
278758980,mqpp_4_1024_2,14097811,256
311373360,mqpp_4_1024_4,16970572,256
285870300,mqpp_4_1024_4,16807312,256
275912600,mqpp_4_1024_4,16913166,256
274055400,mqpp_4_1024_4,16821554,256
277755320,mqpp_4_1024_4,17032613,256
302172460,mqpp_4_1024_8,20487555,256
303323920,mqpp_4_1024_8,20486595,256
301397140,mqpp_4_1024_8,20733731,256
301357740,mqpp_4_1024_8,20413254,256
310550140,mqpp_4_1024_8,20448544,256
337989260,mqpp_4_1024_16,24929899,256
341502500,mqpp_4_1024_16,25061445,256
337496160,mqpp_4_1024_16,24918248,256
340361000,mqpp_4_1024_16,24545524,256
338584200,mqpp_4_1024_16,25001748,256
371365940,mqpp_4_1024_32,29791285,256
380783940,mqpp_4_1024_32,30296834,256
373554760,mqpp_4_1024_32,30142290,256
377849180,mqpp_4_1024_32,30359093,256
373497440,mqpp_4_1024_32,30098669,256
430583160,mqpp_4_1024_64,36776602,256
426617720,mqpp_4_1024_64,36850370,256
422092660,mqpp_4_1024_64,35874031,256
435012840,mqpp_4_1024_64,37665128,256
432066700,mqpp_4_1024_64,36849849,256
469289880,mqpp_4_1024_128,42353035,256
469911140,mqpp_4_1024_128,42005255,256
458896680,mqpp_4_1024_128,41202606,256
460836420,mqpp_4_1024_128,41314085,256
465239020,mqpp_4_1024_128,41808805,256
509645000,mqpp_4_1024_256,47641089,256
499638620,mqpp_4_1024_256,46622388,256
506609820,mqpp_4_1024_256,46107808,256
501559920,mqpp_4_1024_256,46355890,256
508912280,mqpp_4_1024_256,47293186,256
524022820,mqpp_4_1024_512,50080378,256
536051940,mqpp_4_1024_512,51365133,256
536568360,mqpp_4_1024_512,50568004,256
538017360,mqpp_4_1024_512,50952569,256
552576240,mqpp_4_1024_512,52783257,256
561787640,mqpp_4_1024_1024,54695105,256
544135140,mqpp_4_1024_1024,52613848,256
546614380,mqpp_4_1024_1024,52886660,256
546993420,mqpp_4_1024_1024,52680664,256
538455760,mqpp_4_1024_1024,51869828,256
