2070156620,mqpp_4_1_1,50565888,256
2109250900,mqpp_4_1_1,50569730,256
2116940160,mqpp_4_1_1,50568278,256
2131244340,mqpp_4_1_1,50575042,256
2122541320,mqpp_4_1_1,50564499,256
1841400580,mqpp_4_1_2,50585076,256
1851695140,mqpp_4_1_2,50585714,256
1845798660,mqpp_4_1_2,50584179,256
1825550140,mqpp_4_1_2,50588853,256
1857059000,mqpp_4_1_2,50576505,256
1661362000,mqpp_4_1_4,50600454,256
1694615200,mqpp_4_1_4,50601229,256
1655599640,mqpp_4_1_4,50597319,256
1686514760,mqpp_4_1_4,50604158,256
1677901900,mqpp_4_1_4,50604395,256
1554931700,mqpp_4_1_8,50638493,256
1530848720,mqpp_4_1_8,50637841,256
1564605300,mqpp_4_1_8,50637275,256
1548176480,mqpp_4_1_8,50631673,256
1543229140,mqpp_4_1_8,50628143,256
1491427840,mqpp_4_1_16,50669543,256
1498779140,mqpp_4_1_16,50682072,256
1500352460,mqpp_4_1_16,50666395,256
1504347680,mqpp_4_1_16,50667637,256
1496067200,mqpp_4_1_16,50669477,256
1465808260,mqpp_4_1_32,50727626,256
1489234840,mqpp_4_1_32,50727827,256
1472871580,mqpp_4_1_32,50762659,256
1598614160,mqpp_4_1_32,50747180,256
1471487740,mqpp_4_1_32,50717105,256
1462810020,mqpp_4_1_64,50827386,256
1450100860,mqpp_4_1_64,50796382,256
1457821360,mqpp_4_1_64,50776872,256
1450190740,mqpp_4_1_64,50765221,256
1474499820,mqpp_4_1_64,50770220,256
1458058560,mqpp_4_1_128,50888189,256
1452174420,mqpp_4_1_128,50905560,256
1448924920,mqpp_4_1_128,50838993,256
1451352720,mqpp_4_1_128,50869397,256
1463776460,mqpp_4_1_128,50949903,256
1446139220,mqpp_4_1_256,50877098,256
1448716960,mqpp_4_1_256,50930120,256
1468382140,mqpp_4_1_256,50910833,256
1445671500,mqpp_4_1_256,50886663,256
1458124060,mqpp_4_1_256,50927090,256
1439820880,mqpp_4_1_512,50950432,256
1435844100,mqpp_4_1_512,50997060,256
1474471860,mqpp_4_1_512,51007917,256
1596607780,mqpp_4_1_512,50907158,256
1449425400,mqpp_4_1_512,50979086,256
1484605100,mqpp_4_1_1024,51055104,256
1456981600,mqpp_4_1_1024,50904046,256
1478780620,mqpp_4_1_1024,51022455,256
1481145300,mqpp_4_1_1024,50898326,256
1468407600,mqpp_4_1_1024,50909694,256
2047000660,mqpp_4_2_1,50573865,256
2072793140,mqpp_4_2_1,50574097,256
2102497120,mqpp_4_2_1,50575956,256
2066294060,mqpp_4_2_1,50577365,256
2099516140,mqpp_4_2_1,50574145,256
1757575740,mqpp_4_2_2,50583107,256
1776836620,mqpp_4_2_2,50586335,256
1785240940,mqpp_4_2_2,50586150,256
1809305400,mqpp_4_2_2,50586950,256
1816470620,mqpp_4_2_2,50583474,256
1564744000,mqpp_4_2_4,50621971,256
1567202740,mqpp_4_2_4,50600520,256
1544541660,mqpp_4_2_4,50596811,256
1551704540,mqpp_4_2_4,50600966,256
1589542400,mqpp_4_2_4,50597942,256
1442489820,mqpp_4_2_8,50634247,256
1485454060,mqpp_4_2_8,50631177,256
1447077140,mqpp_4_2_8,50635616,256
1429273020,mqpp_4_2_8,50631489,256
1432786300,mqpp_4_2_8,50633021,256
1357838260,mqpp_4_2_16,50673734,256
1369989340,mqpp_4_2_16,50679148,256
1360898000,mqpp_4_2_16,50667794,256
1358165860,mqpp_4_2_16,50671501,256
1362607140,mqpp_4_2_16,50686368,256
1316240160,mqpp_4_2_32,50729063,256
1319824340,mqpp_4_2_32,50728820,256
1316489720,mqpp_4_2_32,50722955,256
1318091180,mqpp_4_2_32,50728232,256
1306619760,mqpp_4_2_32,50719941,256
1281286400,mqpp_4_2_64,50804956,256
1287730680,mqpp_4_2_64,50821482,256
1286165000,mqpp_4_2_64,50787678,256
1445920400,mqpp_4_2_64,50778584,256
1302924320,mqpp_4_2_64,50818248,256
1294733300,mqpp_4_2_128,50878233,256
1318137820,mqpp_4_2_128,50889280,256
1283197620,mqpp_4_2_128,50872897,256
1300333680,mqpp_4_2_128,50864315,256
1274423800,mqpp_4_2_128,50844616,256
1264831400,mqpp_4_2_256,50924770,256
1268557220,mqpp_4_2_256,50978865,256
1265944660,mqpp_4_2_256,50922155,256
1262007200,mqpp_4_2_256,50877487,256
1255860980,mqpp_4_2_256,50927235,256
1256552180,mqpp_4_2_512,50981722,256
1258199060,mqpp_4_2_512,51096353,256
1256142520,mqpp_4_2_512,50992102,256
1279922520,mqpp_4_2_512,50911263,256
1295903940,mqpp_4_2_512,50929811,256
1261294260,mqpp_4_2_1024,51110468,256
1256259340,mqpp_4_2_1024,51020548,256
1255813040,mqpp_4_2_1024,51004873,256
1256126560,mqpp_4_2_1024,50982781,256
1384845020,mqpp_4_2_1024,50964552,256
2030843660,mqpp_4_4_1,50584973,256
2042301760,mqpp_4_4_1,50595341,256
2007837740,mqpp_4_4_1,50588232,256
2017196220,mqpp_4_4_1,50586634,256
2043797960,mqpp_4_4_1,50590295,256
1699363860,mqpp_4_4_2,50604600,256
1709617560,mqpp_4_4_2,50597566,256
1692616740,mqpp_4_4_2,50599245,256
1704271020,mqpp_4_4_2,50597578,256
1693679040,mqpp_4_4_2,50598680,256
1502146760,mqpp_4_4_4,50614334,256
1489254980,mqpp_4_4_4,50611603,256
1503208460,mqpp_4_4_4,50615094,256
1490693360,mqpp_4_4_4,50612245,256
1515121280,mqpp_4_4_4,50613345,256
1353096660,mqpp_4_4_8,50651780,256
1384186720,mqpp_4_4_8,50639292,256
1352724080,mqpp_4_4_8,50642638,256
1349760520,mqpp_4_4_8,50642898,256
1460966540,mqpp_4_4_8,50642691,256
1255693540,mqpp_4_4_16,50670157,256
1260492340,mqpp_4_4_16,50688349,256
1262849880,mqpp_4_4_16,50695068,256
1251784560,mqpp_4_4_16,50675435,256
1254272380,mqpp_4_4_16,50676533,256
1201685540,mqpp_4_4_32,50727206,256
1203075120,mqpp_4_4_32,50736872,256
1216195580,mqpp_4_4_32,50729660,256
1200853760,mqpp_4_4_32,50727246,256
1210838580,mqpp_4_4_32,50741052,256
1212851860,mqpp_4_4_64,50803731,256
1177158280,mqpp_4_4_64,50803131,256
1171480560,mqpp_4_4_64,50807533,256
1175006140,mqpp_4_4_64,50798378,256
1170316820,mqpp_4_4_64,50803056,256
1158453660,mqpp_4_4_128,50889691,256
1163861400,mqpp_4_4_128,50866731,256
1149403580,mqpp_4_4_128,50928436,256
1145555720,mqpp_4_4_128,50889062,256
1150801900,mqpp_4_4_128,50877130,256
1422946260,mqpp_4_4_256,50971999,256
1159193980,mqpp_4_4_256,50944227,256
1148507100,mqpp_4_4_256,50931104,256
1147988560,mqpp_4_4_256,50967991,256
1155326420,mqpp_4_4_256,50975088,256
1137070080,mqpp_4_4_512,50999892,256
1138991680,mqpp_4_4_512,50975139,256
1140813400,mqpp_4_4_512,51054640,256
1149799240,mqpp_4_4_512,51022233,256
1144039080,mqpp_4_4_512,51051420,256
1144464480,mqpp_4_4_1024,51061276,256
1157947740,mqpp_4_4_1024,51121874,256
1141660040,mqpp_4_4_1024,51039392,256
1134611040,mqpp_4_4_1024,51053634,256
1133557160,mqpp_4_4_1024,51104383,256
1978955380,mqpp_4_8_1,50598982,256
2006779760,mqpp_4_8_1,50599521,256
2037636000,mqpp_4_8_1,50600119,256
2028281340,mqpp_4_8_1,50600558,256
2024261020,mqpp_4_8_1,50607850,256
1657414380,mqpp_4_8_2,50620052,256
1676515920,mqpp_4_8_2,50617493,256
1665704380,mqpp_4_8_2,50623195,256
1657248240,mqpp_4_8_2,50613078,256
1677670980,mqpp_4_8_2,50616137,256
1458321320,mqpp_4_8_4,50630688,256
1442866800,mqpp_4_8_4,50634373,256
1449204920,mqpp_4_8_4,50632504,256
1442034260,mqpp_4_8_4,50639025,256
1456652060,mqpp_4_8_4,50631232,256
1309230160,mqpp_4_8_8,50655799,256
1324188680,mqpp_4_8_8,50665944,256
1294671160,mqpp_4_8_8,50648383,256
1323382840,mqpp_4_8_8,50652443,256
1332525100,mqpp_4_8_8,50656221,256
1203000340,mqpp_4_8_16,50705271,256
1190139500,mqpp_4_8_16,50701539,256
1195972400,mqpp_4_8_16,50700340,256
1195215320,mqpp_4_8_16,50695963,256
1200639220,mqpp_4_8_16,50700573,256
1147365200,mqpp_4_8_32,50763186,256
1144581460,mqpp_4_8_32,50750246,256
1143195400,mqpp_4_8_32,50774237,256
1140623840,mqpp_4_8_32,50756634,256
1136607800,mqpp_4_8_32,50743605,256
1100108600,mqpp_4_8_64,50814623,256
1105136800,mqpp_4_8_64,50866075,256
1099252280,mqpp_4_8_64,50825160,256
1085688400,mqpp_4_8_64,50851002,256
1099131320,mqpp_4_8_64,50842191,256
1084136120,mqpp_4_8_128,50956526,256
1087474520,mqpp_4_8_128,50950712,256
1083730240,mqpp_4_8_128,50955402,256
1082525680,mqpp_4_8_128,50920301,256
1082844700,mqpp_4_8_128,50930637,256
1070228680,mqpp_4_8_256,51031694,256
1064370340,mqpp_4_8_256,51072715,256
1071344300,mqpp_4_8_256,51009742,256
1068163540,mqpp_4_8_256,51020436,256
1065811920,mqpp_4_8_256,50991366,256
1066073160,mqpp_4_8_512,51124659,256
1064095920,mqpp_4_8_512,51100931,256
1060003500,mqpp_4_8_512,51125323,256
1214689520,mqpp_4_8_512,51190406,256
1066271700,mqpp_4_8_512,51091526,256
1064334680,mqpp_4_8_1024,51187633,256
1066238140,mqpp_4_8_1024,51224763,256
1081351500,mqpp_4_8_1024,51171337,256
1070985240,mqpp_4_8_1024,51222356,256
1064851760,mqpp_4_8_1024,51159248,256
1979168540,mqpp_4_16_1,50632273,256
1981311960,mqpp_4_16_1,50624875,256
1998165700,mqpp_4_16_1,50630915,256
1987394840,mqpp_4_16_1,50626086,256
2024550800,mqpp_4_16_1,50632653,256
1636663060,mqpp_4_16_2,50641230,256
1652427620,mqpp_4_16_2,50640461,256
1632019780,mqpp_4_16_2,50642013,256
1681932340,mqpp_4_16_2,50636660,256
1635906920,mqpp_4_16_2,50649415,256
1415677000,mqpp_4_16_4,50666570,256
1430175680,mqpp_4_16_4,50653905,256
1432727160,mqpp_4_16_4,50654735,256
1597553140,mqpp_4_16_4,50673383,256
1427295340,mqpp_4_16_4,50654454,256
1264897860,mqpp_4_16_8,50693443,256
1267879200,mqpp_4_16_8,50698095,256
1272377460,mqpp_4_16_8,50696748,256
1260644460,mqpp_4_16_8,50688691,256
1279923140,mqpp_4_16_8,50675777,256
1166339240,mqpp_4_16_16,50722764,256
1169401640,mqpp_4_16_16,50709492,256
1156771160,mqpp_4_16_16,50718055,256
1169422440,mqpp_4_16_16,50722587,256
1162479220,mqpp_4_16_16,50725585,256
1079913480,mqpp_4_16_32,50793346,256
1083070020,mqpp_4_16_32,50803831,256
1076648640,mqpp_4_16_32,50804328,256
1075610040,mqpp_4_16_32,50798563,256
1079232300,mqpp_4_16_32,50778978,256
1062280800,mqpp_4_16_64,50874140,256
1069491900,mqpp_4_16_64,50869722,256
1065802360,mqpp_4_16_64,50898829,256
1063197920,mqpp_4_16_64,50857317,256
1054709220,mqpp_4_16_64,50875954,256
1114207780,mqpp_4_16_128,50957488,256
1045378440,mqpp_4_16_128,51028365,256
1039472940,mqpp_4_16_128,51043437,256
1041358320,mqpp_4_16_128,50967856,256
1043206180,mqpp_4_16_128,50976788,256
1021843260,mqpp_4_16_256,51181199,256
1022310980,mqpp_4_16_256,51123210,256
1014772160,mqpp_4_16_256,51089598,256
1035556000,mqpp_4_16_256,51127750,256
1014464500,mqpp_4_16_256,51111026,256
1052755460,mqpp_4_16_512,51271019,256
1020931620,mqpp_4_16_512,51294777,256
1016564720,mqpp_4_16_512,51319499,256
1036924740,mqpp_4_16_512,51306009,256
1009804480,mqpp_4_16_512,51313167,256
1015221280,mqpp_4_16_1024,51467315,256
1030381180,mqpp_4_16_1024,51329913,256
1043504820,mqpp_4_16_1024,51456882,256
1056377140,mqpp_4_16_1024,51378809,256
1012528020,mqpp_4_16_1024,51379602,256
1956748760,mqpp_4_32_1,50655696,256
1962845280,mqpp_4_32_1,50659141,256
1948146800,mqpp_4_32_1,50660584,256
1982603120,mqpp_4_32_1,50658565,256
2019427080,mqpp_4_32_1,50665135,256
1652517380,mqpp_4_32_2,50678752,256
1608438920,mqpp_4_32_2,50685145,256
1608706320,mqpp_4_32_2,50669603,256
1603539040,mqpp_4_32_2,50673738,256
1656265020,mqpp_4_32_2,50677722,256
1399700420,mqpp_4_32_4,50685768,256
1397650440,mqpp_4_32_4,50703054,256
1424569260,mqpp_4_32_4,50708041,256
1445076820,mqpp_4_32_4,50700016,256
1413630200,mqpp_4_32_4,50703202,256
1248186000,mqpp_4_32_8,50718585,256
1265699780,mqpp_4_32_8,50724969,256
1256450280,mqpp_4_32_8,50737019,256
1241790540,mqpp_4_32_8,50741221,256
1253218300,mqpp_4_32_8,50747519,256
1137046020,mqpp_4_32_16,50781380,256
1141793680,mqpp_4_32_16,50783914,256
1133888200,mqpp_4_32_16,50757401,256
1165148000,mqpp_4_32_16,50764924,256
1154237200,mqpp_4_32_16,50758774,256
1083055480,mqpp_4_32_32,50831924,256
1058916940,mqpp_4_32_32,50842600,256
1064502020,mqpp_4_32_32,50823738,256
1087114820,mqpp_4_32_32,50819685,256
1069871260,mqpp_4_32_32,50833297,256
1055985220,mqpp_4_32_64,50939224,256
1062302740,mqpp_4_32_64,50939206,256
1069348320,mqpp_4_32_64,50941023,256
1072362700,mqpp_4_32_64,50931232,256
1062690080,mqpp_4_32_64,50911038,256
1041214000,mqpp_4_32_128,51071733,256
1016315840,mqpp_4_32_128,51102200,256
1045815120,mqpp_4_32_128,51093101,256
1007520180,mqpp_4_32_128,51079301,256
1009838540,mqpp_4_32_128,51049571,256
1029569300,mqpp_4_32_256,51285918,256
1000008440,mqpp_4_32_256,51304785,256
1053299740,mqpp_4_32_256,51257880,256
1037251800,mqpp_4_32_256,51287841,256
1024953620,mqpp_4_32_256,51199462,256
1073961940,mqpp_4_32_512,51565600,256
1071384500,mqpp_4_32_512,51610839,256
1051674820,mqpp_4_32_512,51530347,256
1061538460,mqpp_4_32_512,51532375,256
1019937640,mqpp_4_32_512,51531083,256
1091622560,mqpp_4_32_1024,51833407,256
1119301740,mqpp_4_32_1024,51820825,256
1049697480,mqpp_4_32_1024,51787586,256
1156775920,mqpp_4_32_1024,51802660,256
1001992060,mqpp_4_32_1024,51738304,256
2044566380,mqpp_4_64_1,50708565,256
1976113220,mqpp_4_64_1,50717922,256
1974170420,mqpp_4_64_1,50698228,256
2057709660,mqpp_4_64_1,50698440,256
1972189980,mqpp_4_64_1,50702809,256
1630196180,mqpp_4_64_2,50714203,256
1643214520,mqpp_4_64_2,50711027,256
1618502100,mqpp_4_64_2,50698317,256
1629330460,mqpp_4_64_2,50716348,256
1959782000,mqpp_4_64_2,50714860,256
1412241060,mqpp_4_64_4,50747150,256
1423825800,mqpp_4_64_4,50735982,256
1408976340,mqpp_4_64_4,50734313,256
1398941380,mqpp_4_64_4,50744025,256
1420971700,mqpp_4_64_4,50751881,256
1252023860,mqpp_4_64_8,50768593,256
1239069100,mqpp_4_64_8,50775393,256
1262049500,mqpp_4_64_8,50774377,256
1322153160,mqpp_4_64_8,50765054,256
1254396180,mqpp_4_64_8,50782485,256
1152538120,mqpp_4_64_16,50811730,256
1168437220,mqpp_4_64_16,50837743,256
1159333520,mqpp_4_64_16,50832840,256
1162612440,mqpp_4_64_16,50824334,256
1163475900,mqpp_4_64_16,50824613,256
1081196400,mqpp_4_64_32,50901280,256
1068937540,mqpp_4_64_32,50930434,256
1079204980,mqpp_4_64_32,50892415,256
1086052920,mqpp_4_64_32,50897307,256
1098613200,mqpp_4_64_32,50907029,256
1288964600,mqpp_4_64_64,51015051,256
1013052160,mqpp_4_64_64,50959638,256
1036274000,mqpp_4_64_64,50999668,256
1043287420,mqpp_4_64_64,50960600,256
1045795360,mqpp_4_64_64,51001572,256
1018775580,mqpp_4_64_128,51240721,256
1011405780,mqpp_4_64_128,51175334,256
1014094940,mqpp_4_64_128,51211161,256
990954620,mqpp_4_64_128,51241066,256
1019947620,mqpp_4_64_128,51105968,256
991954620,mqpp_4_64_256,51290068,256
1036227440,mqpp_4_64_256,51505494,256
1056502160,mqpp_4_64_256,51447471,256
1047698180,mqpp_4_64_256,51480101,256
996591320,mqpp_4_64_256,51378048,256
1070924960,mqpp_4_64_512,51819672,256
1096658720,mqpp_4_64_512,51775677,256
1117421860,mqpp_4_64_512,52079328,256
1183951320,mqpp_4_64_512,52010666,256
1068630780,mqpp_4_64_512,51909186,256
1165043400,mqpp_4_64_1024,52407398,256
1251790420,mqpp_4_64_1024,52527735,256
1222975080,mqpp_4_64_1024,52290261,256
1227454460,mqpp_4_64_1024,52409612,256
1170667220,mqpp_4_64_1024,52139131,256
2101932200,mqpp_4_128_1,50742141,256
2026857280,mqpp_4_128_1,50754029,256
2110395680,mqpp_4_128_1,50741137,256
2031698780,mqpp_4_128_1,50734525,256
2039311620,mqpp_4_128_1,50754052,256
1626665880,mqpp_4_128_2,50746901,256
1640176880,mqpp_4_128_2,50749215,256
1580990640,mqpp_4_128_2,50753649,256
1640282300,mqpp_4_128_2,50775676,256
1626100760,mqpp_4_128_2,50764979,256
1411610360,mqpp_4_128_4,50832873,256
1410716840,mqpp_4_128_4,50777998,256
1403784620,mqpp_4_128_4,50774086,256
1407063660,mqpp_4_128_4,50815504,256
1414873260,mqpp_4_128_4,50771299,256
1266105600,mqpp_4_128_8,50879386,256
1278899820,mqpp_4_128_8,50851866,256
1262578140,mqpp_4_128_8,50826064,256
1239049880,mqpp_4_128_8,50854518,256
1265029820,mqpp_4_128_8,50825720,256
1135917620,mqpp_4_128_16,50916335,256
1164877020,mqpp_4_128_16,50898113,256
1175896420,mqpp_4_128_16,50918121,256
1168200960,mqpp_4_128_16,50864539,256
1150816180,mqpp_4_128_16,50897881,256
1107183820,mqpp_4_128_32,50992633,256
1082162320,mqpp_4_128_32,50993608,256
1099578760,mqpp_4_128_32,50998022,256
1069620060,mqpp_4_128_32,50995857,256
1075375580,mqpp_4_128_32,50975643,256
1081023400,mqpp_4_128_64,51086684,256
1033710280,mqpp_4_128_64,51075200,256
998725340,mqpp_4_128_64,51099708,256
1005577640,mqpp_4_128_64,51068473,256
1025086420,mqpp_4_128_64,51077994,256
1014814560,mqpp_4_128_128,51260472,256
966235080,mqpp_4_128_128,51201762,256
1032065460,mqpp_4_128_128,51246438,256
1377164580,mqpp_4_128_128,51352926,256
1022119200,mqpp_4_128_128,51199371,256
1063176580,mqpp_4_128_256,51565638,256
1022661960,mqpp_4_128_256,51628100,256
1064886920,mqpp_4_128_256,51509430,256
1120369760,mqpp_4_128_256,51609835,256
1086686360,mqpp_4_128_256,51662997,256
1101137600,mqpp_4_128_512,51956653,256
1016707780,mqpp_4_128_512,52024023,256
1121352000,mqpp_4_128_512,52081589,256
1126031620,mqpp_4_128_512,52049013,256
1173050240,mqpp_4_128_512,52167605,256
1191020440,mqpp_4_128_1024,52933732,256
1182718400,mqpp_4_128_1024,52469772,256
1197912360,mqpp_4_128_1024,52644294,256
1210934800,mqpp_4_128_1024,52580669,256
1118081740,mqpp_4_128_1024,52354087,256
2049257180,mqpp_4_256_1,50775637,256
2066467940,mqpp_4_256_1,50786143,256
2028910700,mqpp_4_256_1,50775857,256
2078684200,mqpp_4_256_1,50782307,256
2112927000,mqpp_4_256_1,50821704,256
1663229280,mqpp_4_256_2,50798712,256
1680268620,mqpp_4_256_2,50808107,256
1666054400,mqpp_4_256_2,50833118,256
1673287360,mqpp_4_256_2,50817076,256
1671886720,mqpp_4_256_2,50792604,256
1407842940,mqpp_4_256_4,50837679,256
1440859060,mqpp_4_256_4,50870703,256
1394589840,mqpp_4_256_4,50837748,256
1428241780,mqpp_4_256_4,50829986,256
1412545620,mqpp_4_256_4,50838214,256
1277896460,mqpp_4_256_8,50906134,256
1279718900,mqpp_4_256_8,50884893,256
1254333400,mqpp_4_256_8,50909787,256
1242569100,mqpp_4_256_8,50898362,256
1274383700,mqpp_4_256_8,50895966,256
1143493140,mqpp_4_256_16,51013890,256
1189586600,mqpp_4_256_16,51015776,256
1165579620,mqpp_4_256_16,50984336,256
1143376220,mqpp_4_256_16,50958344,256
1133297540,mqpp_4_256_16,50988044,256
1285717960,mqpp_4_256_32,51078532,256
1076880700,mqpp_4_256_32,51050985,256
1091742520,mqpp_4_256_32,51046703,256
1050934860,mqpp_4_256_32,51064882,256
1120638020,mqpp_4_256_32,51110456,256
1055903820,mqpp_4_256_64,51219152,256
1095931920,mqpp_4_256_64,51236569,256
1079895560,mqpp_4_256_64,51195169,256
1073962540,mqpp_4_256_64,51219785,256
1099377160,mqpp_4_256_64,51180454,256
1093143520,mqpp_4_256_128,51495181,256
1094641200,mqpp_4_256_128,51437182,256
1114021240,mqpp_4_256_128,51425227,256
1160641120,mqpp_4_256_128,51524237,256
1101792020,mqpp_4_256_128,51453227,256
1059343040,mqpp_4_256_256,51779889,256
1106777020,mqpp_4_256_256,51828783,256
1132315220,mqpp_4_256_256,51896393,256
1035523420,mqpp_4_256_256,51785030,256
1114361960,mqpp_4_256_256,51676846,256
1162114760,mqpp_4_256_512,52306909,256
1122164060,mqpp_4_256_512,52230735,256
1141894720,mqpp_4_256_512,52218731,256
1162615600,mqpp_4_256_512,52273305,256
1097129040,mqpp_4_256_512,52148377,256
1192645040,mqpp_4_256_1024,52837116,256
1189779320,mqpp_4_256_1024,53179477,256
1212464560,mqpp_4_256_1024,52824944,256
1143900380,mqpp_4_256_1024,52841208,256
1161980520,mqpp_4_256_1024,52671988,256
2031988960,mqpp_4_512_1,50814142,256
2070348860,mqpp_4_512_1,50805650,256
2153609740,mqpp_4_512_1,50823171,256
2087351000,mqpp_4_512_1,50818762,256
2072945200,mqpp_4_512_1,50807172,256
1677251600,mqpp_4_512_2,50858405,256
1681039720,mqpp_4_512_2,50860048,256
1663579880,mqpp_4_512_2,50851234,256
1698215060,mqpp_4_512_2,50864054,256
1688753620,mqpp_4_512_2,50831779,256
1412592560,mqpp_4_512_4,50888217,256
1422796780,mqpp_4_512_4,50899164,256
1418847860,mqpp_4_512_4,50937000,256
1455161960,mqpp_4_512_4,50894236,256
1428445160,mqpp_4_512_4,50886036,256
1281006420,mqpp_4_512_8,51001659,256
1255863060,mqpp_4_512_8,50941329,256
1282513480,mqpp_4_512_8,50973063,256
1260705360,mqpp_4_512_8,50958888,256
1286870020,mqpp_4_512_8,50972209,256
1206456800,mqpp_4_512_16,51090325,256
1166816460,mqpp_4_512_16,51077410,256
1179530700,mqpp_4_512_16,51047287,256
1161054920,mqpp_4_512_16,51076299,256
1172013900,mqpp_4_512_16,51033485,256
1178951940,mqpp_4_512_32,51199462,256
1157400480,mqpp_4_512_32,51215416,256
1125038080,mqpp_4_512_32,51172531,256
1212441380,mqpp_4_512_32,51259426,256
1179991240,mqpp_4_512_32,51213752,256
1149782040,mqpp_4_512_64,51425850,256
1143935280,mqpp_4_512_64,51463676,256
1133229680,mqpp_4_512_64,51384424,256
1338031300,mqpp_4_512_64,51351482,256
1148262440,mqpp_4_512_64,51308821,256
1159270580,mqpp_4_512_128,51733972,256
1182381960,mqpp_4_512_128,51594990,256
1124268920,mqpp_4_512_128,51637169,256
1094479840,mqpp_4_512_128,51609481,256
1171411060,mqpp_4_512_128,51588573,256
1120417840,mqpp_4_512_256,52024508,256
1167754320,mqpp_4_512_256,51912227,256
1143384020,mqpp_4_512_256,51980623,256
1086923780,mqpp_4_512_256,52033580,256
1080305900,mqpp_4_512_256,51906407,256
1114074500,mqpp_4_512_512,52514233,256
1187143800,mqpp_4_512_512,52324146,256
1130364360,mqpp_4_512_512,52616761,256
1121732760,mqpp_4_512_512,52574228,256
1113804260,mqpp_4_512_512,52525362,256
1184857020,mqpp_4_512_1024,53243383,256
1189140140,mqpp_4_512_1024,53145624,256
1190378580,mqpp_4_512_1024,53018675,256
1204992780,mqpp_4_512_1024,53413837,256
1143339080,mqpp_4_512_1024,53007609,256
2022124120,mqpp_4_1024_1,50849455,256
2065670380,mqpp_4_1024_1,50856109,256
2059826320,mqpp_4_1024_1,50850820,256
2057039720,mqpp_4_1024_1,50828643,256
2069668480,mqpp_4_1024_1,50842336,256
1663859420,mqpp_4_1024_2,50857958,256
1685491080,mqpp_4_1024_2,50875485,256
1666805580,mqpp_4_1024_2,50871575,256
1662769120,mqpp_4_1024_2,50866657,256
1693611520,mqpp_4_1024_2,50874303,256
1427741800,mqpp_4_1024_4,50936858,256
1432777680,mqpp_4_1024_4,50939450,256
1438242000,mqpp_4_1024_4,50948330,256
1389748680,mqpp_4_1024_4,50911492,256
1416963740,mqpp_4_1024_4,50911047,256
1265564440,mqpp_4_1024_8,51037461,256
1266560180,mqpp_4_1024_8,51016460,256
1241247720,mqpp_4_1024_8,51056233,256
1293684940,mqpp_4_1024_8,51042676,256
1274821220,mqpp_4_1024_8,51016549,256
1197567000,mqpp_4_1024_16,51105491,256
1201251960,mqpp_4_1024_16,51135871,256
1160279240,mqpp_4_1024_16,51113942,256
1195808960,mqpp_4_1024_16,51111988,256
1175460180,mqpp_4_1024_16,51154400,256
1231614400,mqpp_4_1024_32,51295133,256
1270021020,mqpp_4_1024_32,51303764,256
1194904480,mqpp_4_1024_32,51357524,256
1190630460,mqpp_4_1024_32,51397506,256
1223474700,mqpp_4_1024_32,51217671,256
1169340160,mqpp_4_1024_64,51418064,256
1227548160,mqpp_4_1024_64,51584408,256
1140866980,mqpp_4_1024_64,51539358,256
1237495120,mqpp_4_1024_64,51560461,256
1181034080,mqpp_4_1024_64,51599764,256
1195845060,mqpp_4_1024_128,51915356,256
1168982540,mqpp_4_1024_128,51847027,256
1192671320,mqpp_4_1024_128,52296517,256
1130903020,mqpp_4_1024_128,51795717,256
1199570340,mqpp_4_1024_128,51992412,256
1095036200,mqpp_4_1024_256,52279116,256
1284466240,mqpp_4_1024_256,52398884,256
1162015420,mqpp_4_1024_256,52061524,256
1152282000,mqpp_4_1024_256,52491182,256
1173023480,mqpp_4_1024_256,52231194,256
1081660480,mqpp_4_1024_512,52653629,256
1170803960,mqpp_4_1024_512,52969354,256
1148794240,mqpp_4_1024_512,52863721,256
1096464160,mqpp_4_1024_512,52784737,256
1064501900,mqpp_4_1024_512,52927664,256
1190973980,mqpp_4_1024_1024,53452186,256
1188800920,mqpp_4_1024_1024,53562195,256
1117287500,mqpp_4_1024_1024,53695993,256
1083665380,mqpp_4_1024_1024,53295262,256
1096933840,mqpp_4_1024_1024,53062780,256
