4557838760,mqpp_4_1_1,47994268,256,0
4640837140,mqpp_4_1_1,47982938,256,0
4620215660,mqpp_4_1_1,47988801,256,0
4587409600,mqpp_4_1_1,47989940,256,0
4527873020,mqpp_4_1_1,47984799,256,0
4283220020,mqpp_4_1_2,47987887,256,0
4552169980,mqpp_4_1_2,47984823,256,0
4407120760,mqpp_4_1_2,48000693,256,0
4409182460,mqpp_4_1_2,47995321,256,0
4476338500,mqpp_4_1_2,47994708,256,0
4275296760,mqpp_4_1_4,47995774,256,0
4262730480,mqpp_4_1_4,48001100,256,0
4329972780,mqpp_4_1_4,47991858,256,0
4379595720,mqpp_4_1_4,48007872,256,0
4206451720,mqpp_4_1_4,48001143,256,0
4460962980,mqpp_4_1_8,48000284,256,0
4198586720,mqpp_4_1_8,47993720,256,0
4199545200,mqpp_4_1_8,48002948,256,0
4240121600,mqpp_4_1_8,47993109,256,0
4156651260,mqpp_4_1_8,48001776,256,0
4153175680,mqpp_4_1_16,48010041,256,0
4151988360,mqpp_4_1_16,48011413,256,0
4212121160,mqpp_4_1_16,48018260,256,0
4236453840,mqpp_4_1_16,48033396,256,0
4074909800,mqpp_4_1_16,48007551,256,0
4157081520,mqpp_4_1_32,48017614,256,0
4249216040,mqpp_4_1_32,48018288,256,0
4044630500,mqpp_4_1_32,48007888,256,0
4299127300,mqpp_4_1_32,48027075,256,0
4095446500,mqpp_4_1_32,48008936,256,0
4081690700,mqpp_4_1_64,48026790,256,0
4307337780,mqpp_4_1_64,48055981,256,0
4244700140,mqpp_4_1_64,48053657,256,0
4194347560,mqpp_4_1_64,48051448,256,0
4172893320,mqpp_4_1_64,48033941,256,0
4563633920,mqpp_4_1_128,48063283,256,0
4559369820,mqpp_4_1_128,48070767,256,0
4434564380,mqpp_4_1_128,48053405,256,0
4499566880,mqpp_4_1_128,48083085,256,0
4289772180,mqpp_4_1_128,48043389,256,0
4523803900,mqpp_4_1_256,48099084,256,0
4609339980,mqpp_4_1_256,48085938,256,0
4607614540,mqpp_4_1_256,48107785,256,0
5056333380,mqpp_4_1_256,48123363,256,0
6637475900,mqpp_4_1_256,48204691,256,0
6275729800,mqpp_4_1_512,48155774,256,0
5518351680,mqpp_4_1_512,48140698,256,0
4850843560,mqpp_4_1_512,48111630,256,0
5608508800,mqpp_4_1_512,48148722,256,0
5683004820,mqpp_4_1_512,48151626,256,0
6543592220,mqpp_4_1_1024,48182379,256,0
6018328140,mqpp_4_1_1024,48163563,256,0
6112707220,mqpp_4_1_1024,48161236,256,0
6454303620,mqpp_4_1_1024,48160109,256,0
5165121900,mqpp_4_1_1024,48117548,256,0
4639641740,mqpp_4_2_1,48098163,256,0
4708220500,mqpp_4_2_1,48091572,256,0
4666343340,mqpp_4_2_1,48100557,256,0
4748872220,mqpp_4_2_1,48101859,256,0
4671813540,mqpp_4_2_1,48096743,256,0
4411191020,mqpp_4_2_2,48078266,256,0
4474282740,mqpp_4_2_2,48096877,256,0
4535396560,mqpp_4_2_2,48095177,256,0
4444689520,mqpp_4_2_2,48077326,256,0
4466799720,mqpp_4_2_2,48078156,256,0
4241702260,mqpp_4_2_4,48074763,256,0
4204028400,mqpp_4_2_4,48069893,256,0
4264038000,mqpp_4_2_4,48070287,256,0
4239233480,mqpp_4_2_4,48067426,256,0
4309697920,mqpp_4_2_4,48069855,256,0
4236652660,mqpp_4_2_8,48051965,256,0
4189558360,mqpp_4_2_8,48057326,256,0
4173585060,mqpp_4_2_8,48052804,256,0
4194023800,mqpp_4_2_8,48073053,256,0
4158046120,mqpp_4_2_8,48049981,256,0
4068676360,mqpp_4_2_16,48042761,256,0
5369433240,mqpp_4_2_16,48054933,256,0
4093646620,mqpp_4_2_16,48055917,256,0
4133030000,mqpp_4_2_16,48043840,256,0
4104245760,mqpp_4_2_16,48047908,256,0
4138463460,mqpp_4_2_32,48056835,256,0
4178963860,mqpp_4_2_32,48053435,256,0
4198043060,mqpp_4_2_32,48064718,256,0
4199209020,mqpp_4_2_32,48048589,256,0
4195336380,mqpp_4_2_32,48061485,256,0
4240311840,mqpp_4_2_64,48057870,256,0
4095660800,mqpp_4_2_64,48046253,256,0
4094117460,mqpp_4_2_64,48052687,256,0
4211609320,mqpp_4_2_64,48058276,256,0
4210071060,mqpp_4_2_64,48048141,256,0
4309750960,mqpp_4_2_128,48059393,256,0
4443595740,mqpp_4_2_128,48079718,256,0
4356850640,mqpp_4_2_128,48080623,256,0
4358577420,mqpp_4_2_128,48074707,256,0
4372411000,mqpp_4_2_128,48073481,256,0
4456805740,mqpp_4_2_256,48098874,256,0
4656271440,mqpp_4_2_256,48093861,256,0
4698700200,mqpp_4_2_256,48132022,256,0
4911971980,mqpp_4_2_256,48113930,256,0
4716603180,mqpp_4_2_256,48097061,256,0
6195603720,mqpp_4_2_512,48162814,256,0
5189068120,mqpp_4_2_512,48122569,256,0
5580068200,mqpp_4_2_512,48150359,256,0
10447356500,mqpp_4_2_512,48264321,256,0
4697392060,mqpp_4_2_512,48097013,256,0
5450182640,mqpp_4_2_1024,48130973,256,0
6627058740,mqpp_4_2_1024,48162392,256,0
5833640560,mqpp_4_2_1024,48135536,256,0
5388809940,mqpp_4_2_1024,48141040,256,0
5288464140,mqpp_4_2_1024,48136445,256,0
4646900680,mqpp_4_4_1,48176593,256,0
4882582320,mqpp_4_4_1,48178728,256,0
4775964700,mqpp_4_4_1,48182366,256,0
4761001340,mqpp_4_4_1,48176199,256,0
4736273360,mqpp_4_4_1,48176583,256,0
4387725600,mqpp_4_4_2,48142262,256,0
4464112820,mqpp_4_4_2,48147318,256,0
4554051640,mqpp_4_4_2,48165969,256,0
4512063600,mqpp_4_4_2,48159686,256,0
4428427180,mqpp_4_4_2,48154089,256,0
4250412360,mqpp_4_4_4,48130881,256,0
4256925100,mqpp_4_4_4,48131896,256,0
4279833740,mqpp_4_4_4,48118764,256,0
4306654580,mqpp_4_4_4,48134566,256,0
4173397900,mqpp_4_4_4,48126116,256,0
4096884360,mqpp_4_4_8,48100153,256,0
4172217200,mqpp_4_4_8,48104555,256,0
4167770700,mqpp_4_4_8,48107637,256,0
4124466600,mqpp_4_4_8,48097318,256,0
4241550680,mqpp_4_4_8,48107385,256,0
4104002480,mqpp_4_4_16,48079417,256,0
4225230440,mqpp_4_4_16,48085401,256,0
4100488700,mqpp_4_4_16,48074320,256,0
4152836800,mqpp_4_4_16,48075740,256,0
4056999820,mqpp_4_4_16,48078689,256,0
4057456700,mqpp_4_4_32,48080331,256,0
4110450580,mqpp_4_4_32,48056450,256,0
4155624380,mqpp_4_4_32,48063607,256,0
4198533180,mqpp_4_4_32,48081670,256,0
4013906720,mqpp_4_4_32,48065340,256,0
4068667940,mqpp_4_4_64,48071035,256,0
4230799780,mqpp_4_4_64,48069966,256,0
4205989100,mqpp_4_4_64,48063551,256,0
4201623420,mqpp_4_4_64,48049706,256,0
4132454740,mqpp_4_4_64,48059435,256,0
4536744900,mqpp_4_4_128,48105290,256,0
4342699920,mqpp_4_4_128,48091158,256,0
4284299920,mqpp_4_4_128,48079219,256,0
4182453360,mqpp_4_4_128,48074315,256,0
4244529920,mqpp_4_4_128,48075567,256,0
5869691760,mqpp_4_4_256,48182272,256,0
5108678640,mqpp_4_4_256,48158440,256,0
4590593060,mqpp_4_4_256,48099208,256,0
4808623200,mqpp_4_4_256,48108654,256,0
4828738580,mqpp_4_4_256,48108080,256,0
5155784800,mqpp_4_4_512,48130102,256,0
4551299340,mqpp_4_4_512,48111750,256,0
4726008320,mqpp_4_4_512,48100741,256,0
4807497000,mqpp_4_4_512,48114034,256,0
11044554260,mqpp_4_4_512,48227257,256,0
6594276680,mqpp_4_4_1024,48164767,256,0
5467055620,mqpp_4_4_1024,48115908,256,0
5522943880,mqpp_4_4_1024,48146466,256,0
6284869100,mqpp_4_4_1024,48179411,256,0
6375772240,mqpp_4_4_1024,48189004,256,0
4734981120,mqpp_4_8_1,48228544,256,0
4722978180,mqpp_4_8_1,48227767,256,0
4645446600,mqpp_4_8_1,48234704,256,0
4797608200,mqpp_4_8_1,48241678,256,0
4795549440,mqpp_4_8_1,48251438,256,0
4412392520,mqpp_4_8_2,48214502,256,0
4419221140,mqpp_4_8_2,48187956,256,0
4390352240,mqpp_4_8_2,48196354,256,0
4453490660,mqpp_4_8_2,48207923,256,0
4428428160,mqpp_4_8_2,48194133,256,0
4228027840,mqpp_4_8_4,48170474,256,0
4313982640,mqpp_4_8_4,48178702,256,0
4150283860,mqpp_4_8_4,48172683,256,0
4191479220,mqpp_4_8_4,48173307,256,0
4171329520,mqpp_4_8_4,48165545,256,0
4237667840,mqpp_4_8_8,48131680,256,0
4071656520,mqpp_4_8_8,48139206,256,0
4151631960,mqpp_4_8_8,48140626,256,0
4018175680,mqpp_4_8_8,48133016,256,0
4596899320,mqpp_4_8_8,48174982,256,0
4153504540,mqpp_4_8_16,48113654,256,0
4138355360,mqpp_4_8_16,48105392,256,0
4097322900,mqpp_4_8_16,48115344,256,0
4174294640,mqpp_4_8_16,48109107,256,0
4063963880,mqpp_4_8_16,48110820,256,0
4072220340,mqpp_4_8_32,48078722,256,0
4115377280,mqpp_4_8_32,48101991,256,0
4172789880,mqpp_4_8_32,48099134,256,0
4047267820,mqpp_4_8_32,48085379,256,0
4129338260,mqpp_4_8_32,48091339,256,0
4263504840,mqpp_4_8_64,48073269,256,0
4318014720,mqpp_4_8_64,48091174,256,0
4210037820,mqpp_4_8_64,48081010,256,0
4202111300,mqpp_4_8_64,48087961,256,0
4194270360,mqpp_4_8_64,48067103,256,0
4356671940,mqpp_4_8_128,48105290,256,0
4277947660,mqpp_4_8_128,48098459,256,0
4322352800,mqpp_4_8_128,48073885,256,0
4582798940,mqpp_4_8_128,48113297,256,0
5758465100,mqpp_4_8_128,48200291,256,0
5220596840,mqpp_4_8_256,48137688,256,0
5071487820,mqpp_4_8_256,48160541,256,0
4502455900,mqpp_4_8_256,48097380,256,0
4612911220,mqpp_4_8_256,48109167,256,0
4504178660,mqpp_4_8_256,48117878,256,0
4831073740,mqpp_4_8_512,48128195,256,0
6398108520,mqpp_4_8_512,48181245,256,0
4735623440,mqpp_4_8_512,48097427,256,0
5878233460,mqpp_4_8_512,48150441,256,0
5162721780,mqpp_4_8_512,48158176,256,0
6876402220,mqpp_4_8_1024,48199877,256,0
6335480140,mqpp_4_8_1024,48161774,256,0
5542257620,mqpp_4_8_1024,48130233,256,0
6712658800,mqpp_4_8_1024,48176378,256,0
5127535780,mqpp_4_8_1024,48117496,256,0
4781119360,mqpp_4_16_1,48264679,256,0
5094325440,mqpp_4_16_1,48251978,256,0
4986795060,mqpp_4_16_1,48250043,256,0
4601124340,mqpp_4_16_1,48269135,256,0
4849040700,mqpp_4_16_1,48262389,256,0
4344107500,mqpp_4_16_2,48242381,256,0
4565822200,mqpp_4_16_2,48228321,256,0
4368587040,mqpp_4_16_2,48235354,256,0
4515071920,mqpp_4_16_2,48235238,256,0
4352249100,mqpp_4_16_2,48224740,256,0
5096387560,mqpp_4_16_4,48206080,256,0
4479671500,mqpp_4_16_4,48227422,256,0
5451440680,mqpp_4_16_4,48202345,256,0
4394624500,mqpp_4_16_4,48190254,256,0
4986945420,mqpp_4_16_4,48193675,256,0
4267963040,mqpp_4_16_8,48161849,256,0
5067969160,mqpp_4_16_8,48144773,256,0
4242644280,mqpp_4_16_8,48162041,256,0
4351277600,mqpp_4_16_8,48156470,256,0
4132036540,mqpp_4_16_8,48169334,256,0
4191539420,mqpp_4_16_16,48137228,256,0
4050581420,mqpp_4_16_16,48118631,256,0
4582710780,mqpp_4_16_16,48117277,256,0
4675781040,mqpp_4_16_16,48229975,256,0
5197084200,mqpp_4_16_16,48138084,256,0
4176521000,mqpp_4_16_32,48102547,256,0
4347321280,mqpp_4_16_32,48109024,256,0
4059028300,mqpp_4_16_32,48094201,256,0
4057000420,mqpp_4_16_32,48097593,256,0
4007170180,mqpp_4_16_32,48091992,256,0
4138378280,mqpp_4_16_64,48080133,256,0
4390055500,mqpp_4_16_64,48120381,256,0
4182129180,mqpp_4_16_64,48105485,256,0
4161600500,mqpp_4_16_64,48080441,256,0
4220777940,mqpp_4_16_64,48101332,256,0
4351357300,mqpp_4_16_128,48100738,256,0
4236130180,mqpp_4_16_128,48091499,256,0
4304271720,mqpp_4_16_128,48090312,256,0
4412678340,mqpp_4_16_128,48100076,256,0
4320362640,mqpp_4_16_128,48098041,256,0
4462860240,mqpp_4_16_256,48110417,256,0
4772082160,mqpp_4_16_256,48139116,256,0
5283158700,mqpp_4_16_256,48154611,256,0
4681444280,mqpp_4_16_256,48116903,256,0
4610940520,mqpp_4_16_256,48122563,256,0
5556167240,mqpp_4_16_512,48158263,256,0
6096478540,mqpp_4_16_512,48177655,256,0
5649339180,mqpp_4_16_512,48142222,256,0
5073783840,mqpp_4_16_512,48150263,256,0
5976692920,mqpp_4_16_512,48172862,256,0
7540607980,mqpp_4_16_1024,48213544,256,0
7751798640,mqpp_4_16_1024,48202271,256,0
7095844580,mqpp_4_16_1024,48180116,256,0
8524390400,mqpp_4_16_1024,48219498,256,0
5183532740,mqpp_4_16_1024,48123731,256,0
4710383080,mqpp_4_32_1,48295553,256,0
4680640040,mqpp_4_32_1,48296210,256,0
5137209800,mqpp_4_32_1,48289856,256,0
4663398780,mqpp_4_32_1,48293269,256,0
4662966120,mqpp_4_32_1,48291796,256,0
4437475280,mqpp_4_32_2,48250522,256,0
4500040280,mqpp_4_32_2,48269095,256,0
4683749860,mqpp_4_32_2,48260694,256,0
4404714880,mqpp_4_32_2,48254703,256,0
4411197360,mqpp_4_32_2,48246505,256,0
4255745360,mqpp_4_32_4,48218201,256,0
4234481100,mqpp_4_32_4,48220553,256,0
4268153140,mqpp_4_32_4,48213130,256,0
4283271540,mqpp_4_32_4,48217361,256,0
4683186860,mqpp_4_32_4,48220004,256,0
4252899860,mqpp_4_32_8,48183269,256,0
4133058540,mqpp_4_32_8,48187705,256,0
4137850860,mqpp_4_32_8,48177638,256,0
4167012660,mqpp_4_32_8,48206405,256,0
4083715160,mqpp_4_32_8,48180449,256,0
4174476300,mqpp_4_32_16,48143798,256,0
4100770680,mqpp_4_32_16,48135761,256,0
4075013160,mqpp_4_32_16,48143479,256,0
4484946920,mqpp_4_32_16,48157318,256,0
4101126380,mqpp_4_32_16,48140181,256,0
4112026120,mqpp_4_32_32,48123489,256,0
4213842480,mqpp_4_32_32,48120543,256,0
4053966580,mqpp_4_32_32,48106876,256,0
4196862000,mqpp_4_32_32,48151176,256,0
4114590860,mqpp_4_32_32,48131640,256,0
4058552920,mqpp_4_32_64,48096355,256,0
4135752900,mqpp_4_32_64,48088157,256,0
4263232020,mqpp_4_32_64,48109425,256,0
4044746920,mqpp_4_32_64,48096223,256,0
4535097540,mqpp_4_32_64,48115259,256,0
4346647360,mqpp_4_32_128,48113411,256,0
4218384720,mqpp_4_32_128,48083588,256,0
4295291900,mqpp_4_32_128,48105248,256,0
5013946780,mqpp_4_32_128,48147694,256,0
4279860180,mqpp_4_32_128,48106644,256,0
4429888000,mqpp_4_32_256,48112308,256,0
4701430120,mqpp_4_32_256,48117585,256,0
5281419200,mqpp_4_32_256,48145842,256,0
4606453060,mqpp_4_32_256,48112934,256,0
4705891280,mqpp_4_32_256,48140273,256,0
6074173880,mqpp_4_32_512,48179717,256,0
5101124160,mqpp_4_32_512,48131571,256,0
4979987400,mqpp_4_32_512,48120942,256,0
6211605900,mqpp_4_32_512,48185021,256,0
5983634760,mqpp_4_32_512,48152832,256,0
7119269240,mqpp_4_32_1024,48176690,256,0
6916029540,mqpp_4_32_1024,48193508,256,0
6225340680,mqpp_4_32_1024,48168449,256,0
8807592620,mqpp_4_32_1024,48261500,256,0
7748769460,mqpp_4_32_1024,48199642,256,0
5080900080,mqpp_4_64_1,48307216,256,0
4817726660,mqpp_4_64_1,48309868,256,0
4995686120,mqpp_4_64_1,48299503,256,0
4936694100,mqpp_4_64_1,48307709,256,0
4685494460,mqpp_4_64_1,48300253,256,0
4353567560,mqpp_4_64_2,48267495,256,0
4664379500,mqpp_4_64_2,48267303,256,0
4396764900,mqpp_4_64_2,48259975,256,0
4694988860,mqpp_4_64_2,48250677,256,0
4354533840,mqpp_4_64_2,48264196,256,0
4153329280,mqpp_4_64_4,48225609,256,0
4659818780,mqpp_4_64_4,48226407,256,0
4523362940,mqpp_4_64_4,48236102,256,0
4205969480,mqpp_4_64_4,48228312,256,0
4327918020,mqpp_4_64_4,48232224,256,0
4056887880,mqpp_4_64_8,48181661,256,0
4320422480,mqpp_4_64_8,48187886,256,0
4397051860,mqpp_4_64_8,48204926,256,0
4285176200,mqpp_4_64_8,48189628,256,0
4127852080,mqpp_4_64_8,48182152,256,0
4451015340,mqpp_4_64_16,48152464,256,0
4449814520,mqpp_4_64_16,48153989,256,0
4144013900,mqpp_4_64_16,48146389,256,0
3892841640,mqpp_4_64_16,48163515,256,0
4188337380,mqpp_4_64_16,48168356,256,0
4056400620,mqpp_4_64_32,48117694,256,0
4456882600,mqpp_4_64_32,48121041,256,0
4871278600,mqpp_4_64_32,48103623,256,0
4156072100,mqpp_4_64_32,48123017,256,0
4320972660,mqpp_4_64_32,48108190,256,0
4026481280,mqpp_4_64_64,48087815,256,0
4025293020,mqpp_4_64_64,48094937,256,0
4378232000,mqpp_4_64_64,48138102,256,0
4556293060,mqpp_4_64_64,48105657,256,0
4189432500,mqpp_4_64_64,48097247,256,0
4525087980,mqpp_4_64_128,48112570,256,0
4186146960,mqpp_4_64_128,48093824,256,0
4340898040,mqpp_4_64_128,48096069,256,0
4218390600,mqpp_4_64_128,48104795,256,0
4512574460,mqpp_4_64_128,48116077,256,0
4758144340,mqpp_4_64_256,48126630,256,0
4954118360,mqpp_4_64_256,48130570,256,0
5296313500,mqpp_4_64_256,48143011,256,0
5626315760,mqpp_4_64_256,48149060,256,0
5374560160,mqpp_4_64_256,48149401,256,0
4900863800,mqpp_4_64_512,48130509,256,0
5119353280,mqpp_4_64_512,48151419,256,0
5541518540,mqpp_4_64_512,48162081,256,0
5814133520,mqpp_4_64_512,48165363,256,0
5091021720,mqpp_4_64_512,48147807,256,0
6793405960,mqpp_4_64_1024,48179098,256,0
6563925780,mqpp_4_64_1024,48177328,256,0
6932284620,mqpp_4_64_1024,48202573,256,0
8665846560,mqpp_4_64_1024,48232340,256,0
7245239240,mqpp_4_64_1024,48224360,256,0
4618990500,mqpp_4_128_1,48296624,256,0
4971957940,mqpp_4_128_1,48302561,256,0
4829774720,mqpp_4_128_1,48302058,256,0
4529102680,mqpp_4_128_1,48300284,256,0
4550467240,mqpp_4_128_1,48310784,256,0
4531255400,mqpp_4_128_2,48271123,256,0
4624572240,mqpp_4_128_2,48275456,256,0
4369879460,mqpp_4_128_2,48283447,256,0
4362553100,mqpp_4_128_2,48282677,256,0
4459322980,mqpp_4_128_2,48288537,256,0
4460889980,mqpp_4_128_4,48263771,256,0
4351613180,mqpp_4_128_4,48237280,256,0
4644059380,mqpp_4_128_4,48236978,256,0
4549505940,mqpp_4_128_4,48234945,256,0
4565478660,mqpp_4_128_4,48245935,256,0
4466808560,mqpp_4_128_8,48189237,256,0
4358514040,mqpp_4_128_8,48192551,256,0
4338607760,mqpp_4_128_8,48193236,256,0
4109821600,mqpp_4_128_8,48205168,256,0
4195369160,mqpp_4_128_8,48206676,256,0
5523124620,mqpp_4_128_16,48173674,256,0
4553341680,mqpp_4_128_16,48167813,256,0
4566056440,mqpp_4_128_16,48161105,256,0
4472987520,mqpp_4_128_16,48157374,256,0
4546155220,mqpp_4_128_16,48158094,256,0
4298000960,mqpp_4_128_32,48121230,256,0
4055049440,mqpp_4_128_32,48131266,256,0
3817244380,mqpp_4_128_32,48127905,256,0
4188952540,mqpp_4_128_32,48124398,256,0
4248482860,mqpp_4_128_32,48117813,256,0
4310201560,mqpp_4_128_64,48090325,256,0
5617751700,mqpp_4_128_64,48223279,256,0
4311088540,mqpp_4_128_64,48096454,256,0
4567094240,mqpp_4_128_64,48117516,256,0
4088734060,mqpp_4_128_64,48102887,256,0
5046184060,mqpp_4_128_128,48187607,256,0
4727549060,mqpp_4_128_128,48115916,256,0
4884052500,mqpp_4_128_128,48130327,256,0
4463256540,mqpp_4_128_128,48113095,256,0
4032997220,mqpp_4_128_128,48117366,256,0
4642840040,mqpp_4_128_256,48111566,256,0
4758271060,mqpp_4_128_256,48115502,256,0
4712983240,mqpp_4_128_256,48119437,256,0
4703281040,mqpp_4_128_256,48130576,256,0
5164942480,mqpp_4_128_256,48146794,256,0
5416837840,mqpp_4_128_512,48150715,256,0
6704371200,mqpp_4_128_512,48239523,256,0
4659801400,mqpp_4_128_512,48108353,256,0
7007178860,mqpp_4_128_512,48206369,256,0
7198464380,mqpp_4_128_512,48192438,256,0
5734484140,mqpp_4_128_1024,48156032,256,0
5471339040,mqpp_4_128_1024,48167484,256,0
6445346740,mqpp_4_128_1024,48176678,256,0
6526981960,mqpp_4_128_1024,48145574,256,0
5998047740,mqpp_4_128_1024,48150362,256,0
4596606300,mqpp_4_256_1,48313650,256,0
4894739180,mqpp_4_256_1,48290820,256,0
4526918160,mqpp_4_256_1,48313368,256,0
4605498080,mqpp_4_256_1,48312066,256,0
4427081880,mqpp_4_256_1,48300320,256,0
4079736680,mqpp_4_256_2,48321127,256,0
4417972380,mqpp_4_256_2,48268973,256,0
4395134320,mqpp_4_256_2,48275463,256,0
4723934440,mqpp_4_256_2,48270918,256,0
4216299920,mqpp_4_256_2,48279412,256,0
4353993680,mqpp_4_256_4,48232944,256,0
4555002620,mqpp_4_256_4,48232791,256,0
4475470940,mqpp_4_256_4,48243124,256,0
4475986980,mqpp_4_256_4,48228125,256,0
4451465480,mqpp_4_256_4,48235736,256,0
4078282600,mqpp_4_256_8,48191673,256,0
4085772840,mqpp_4_256_8,48188480,256,0
4133970220,mqpp_4_256_8,48188608,256,0
4253940560,mqpp_4_256_8,48199008,256,0
4280143460,mqpp_4_256_8,48213276,256,0
4336021680,mqpp_4_256_16,48159326,256,0
4144276780,mqpp_4_256_16,48157054,256,0
4275084280,mqpp_4_256_16,48153204,256,0
4358203760,mqpp_4_256_16,48142349,256,0
4685918940,mqpp_4_256_16,48146754,256,0
4216500820,mqpp_4_256_32,48128103,256,0
5132901680,mqpp_4_256_32,48122164,256,0
4274496320,mqpp_4_256_32,48117939,256,0
4064210000,mqpp_4_256_32,48121777,256,0
4213878500,mqpp_4_256_32,48114357,256,0
4302664280,mqpp_4_256_64,48094844,256,0
4153606700,mqpp_4_256_64,48106228,256,0
4362365020,mqpp_4_256_64,48103236,256,0
3705309240,mqpp_4_256_64,48116894,256,0
4418114200,mqpp_4_256_64,48121278,256,0
4743618820,mqpp_4_256_128,48118376,256,0
4400857200,mqpp_4_256_128,48095391,256,0
4347777440,mqpp_4_256_128,48098922,256,0
4022317460,mqpp_4_256_128,48111055,256,0
4300562040,mqpp_4_256_128,48124118,256,0
4883042640,mqpp_4_256_256,48118688,256,0
4274377720,mqpp_4_256_256,48108893,256,0
4419042900,mqpp_4_256_256,48151387,256,0
4998776700,mqpp_4_256_256,48138297,256,0
5025000500,mqpp_4_256_256,48136687,256,0
5305452620,mqpp_4_256_512,48147775,256,0
5888977940,mqpp_4_256_512,48159084,256,0
5134434480,mqpp_4_256_512,48129091,256,0
5223662240,mqpp_4_256_512,48125974,256,0
4968228200,mqpp_4_256_512,48129423,256,0
6592625000,mqpp_4_256_1024,48175640,256,0
8393799620,mqpp_4_256_1024,48195690,256,0
6729755280,mqpp_4_256_1024,48191779,256,0
7446649700,mqpp_4_256_1024,48215380,256,0
6353745320,mqpp_4_256_1024,48186435,256,0
4921243060,mqpp_4_512_1,48309454,256,0
4653737120,mqpp_4_512_1,48313655,256,0
4714285260,mqpp_4_512_1,48313921,256,0
4818868820,mqpp_4_512_1,48290887,256,0
4693279300,mqpp_4_512_1,48315019,256,0
4150661960,mqpp_4_512_2,48294565,256,0
4544965220,mqpp_4_512_2,48261240,256,0
4470317360,mqpp_4_512_2,48286898,256,0
4545938660,mqpp_4_512_2,48275149,256,0
4476463720,mqpp_4_512_2,48269521,256,0
4186517960,mqpp_4_512_4,48224809,256,0
4378818620,mqpp_4_512_4,48252972,256,0
4340528540,mqpp_4_512_4,48227369,256,0
4099624480,mqpp_4_512_4,48268864,256,0
4363863820,mqpp_4_512_4,48239443,256,0
4148168900,mqpp_4_512_8,48204118,256,0
4348835980,mqpp_4_512_8,48199489,256,0
4051455060,mqpp_4_512_8,48200302,256,0
4143782020,mqpp_4_512_8,48186411,256,0
4003320680,mqpp_4_512_8,48197008,256,0
3904449280,mqpp_4_512_16,48148113,256,0
4070146220,mqpp_4_512_16,48146588,256,0
4128467180,mqpp_4_512_16,48141238,256,0
3875097000,mqpp_4_512_16,48158037,256,0
4008455960,mqpp_4_512_16,48147763,256,0
3946621900,mqpp_4_512_32,48157817,256,0
4171338540,mqpp_4_512_32,48115776,256,0
4172866580,mqpp_4_512_32,48114142,256,0
4057936000,mqpp_4_512_32,48119352,256,0
4190039660,mqpp_4_512_32,48127993,256,0
5393442840,mqpp_4_512_64,48126148,256,0
4136551180,mqpp_4_512_64,48097020,256,0
4126796560,mqpp_4_512_64,48093190,256,0
4409675820,mqpp_4_512_64,48104027,256,0
4270795040,mqpp_4_512_64,48100258,256,0
4603454620,mqpp_4_512_128,48121782,256,0
4124850700,mqpp_4_512_128,48122410,256,0
4415861060,mqpp_4_512_128,48103476,256,0
4720022600,mqpp_4_512_128,48136630,256,0
4841046980,mqpp_4_512_128,48145562,256,0
4084546280,mqpp_4_512_256,48131208,256,0
6312677320,mqpp_4_512_256,48197519,256,0
5330270040,mqpp_4_512_256,48164666,256,0
4414001620,mqpp_4_512_256,48110461,256,0
4314710000,mqpp_4_512_256,48129924,256,0
5844620400,mqpp_4_512_512,48176872,256,0
6300845300,mqpp_4_512_512,48207663,256,0
5236595360,mqpp_4_512_512,48125673,256,0
21949404300,mqpp_4_512_512,48338284,256,0
5315102420,mqpp_4_512_512,48155491,256,0
5914068440,mqpp_4_512_1024,48171218,256,0
7283525420,mqpp_4_512_1024,48210361,256,0
5810679960,mqpp_4_512_1024,48166812,256,0
7426223800,mqpp_4_512_1024,48214555,256,0
8903624680,mqpp_4_512_1024,48230560,256,0
4540792900,mqpp_4_1024_1,48304559,256,0
4567581860,mqpp_4_1024_1,48300015,256,0
4680549200,mqpp_4_1024_1,48298305,256,0
4516123340,mqpp_4_1024_1,48313005,256,0
4405546060,mqpp_4_1024_1,48305690,256,0
4366545460,mqpp_4_1024_2,48266352,256,0
4394225860,mqpp_4_1024_2,48286824,256,0
4208371600,mqpp_4_1024_2,48287384,256,0
4464992080,mqpp_4_1024_2,48268364,256,0
4615419140,mqpp_4_1024_2,48284011,256,0
4141131920,mqpp_4_1024_4,48275008,256,0
3848461840,mqpp_4_1024_4,48236540,256,0
3978361700,mqpp_4_1024_4,48249421,256,0
4290257140,mqpp_4_1024_4,48234216,256,0
4062450960,mqpp_4_1024_4,48241395,256,0
4068916580,mqpp_4_1024_8,48194860,256,0
4230015080,mqpp_4_1024_8,48193462,256,0
4090770960,mqpp_4_1024_8,48188499,256,0
4039807960,mqpp_4_1024_8,48191209,256,0
4023223820,mqpp_4_1024_8,48188853,256,0
3948207540,mqpp_4_1024_16,48145906,256,0
3914643660,mqpp_4_1024_16,48173856,256,0
3980742260,mqpp_4_1024_16,48146378,256,0
3970768840,mqpp_4_1024_16,48166161,256,0
4101414300,mqpp_4_1024_16,48207891,256,0
4215633700,mqpp_4_1024_32,48116472,256,0
3988900320,mqpp_4_1024_32,48113580,256,0
3895418340,mqpp_4_1024_32,48111817,256,0
3933400520,mqpp_4_1024_32,48139968,256,0
3906109900,mqpp_4_1024_32,48120551,256,0
3948026820,mqpp_4_1024_64,48107052,256,0
3906319100,mqpp_4_1024_64,48101650,256,0
4058238740,mqpp_4_1024_64,48107698,256,0
7384937500,mqpp_4_1024_64,48238407,256,0
4213404680,mqpp_4_1024_64,48123743,256,0
4497018640,mqpp_4_1024_128,48113132,256,0
4469221400,mqpp_4_1024_128,48133579,256,0
4315210480,mqpp_4_1024_128,48108618,256,0
4228746160,mqpp_4_1024_128,48108755,256,0
4289786320,mqpp_4_1024_128,48094227,256,0
6104510380,mqpp_4_1024_256,48203275,256,0
4998698020,mqpp_4_1024_256,48156372,256,0
6145520020,mqpp_4_1024_256,48186221,256,0
4326567520,mqpp_4_1024_256,48099706,256,0
4393012920,mqpp_4_1024_256,48100259,256,0
5843653540,mqpp_4_1024_512,48176076,256,0
5346054080,mqpp_4_1024_512,48162475,256,0
6488179180,mqpp_4_1024_512,48187836,256,0
5199712460,mqpp_4_1024_512,48140938,256,0
4169826680,mqpp_4_1024_512,48107032,256,0
5130524980,mqpp_4_1024_1024,48145812,256,0
6617333860,mqpp_4_1024_1024,48195278,256,0
6551677100,mqpp_4_1024_1024,48184061,256,0
7830252200,mqpp_4_1024_1024,48228055,256,0
6125217600,mqpp_4_1024_1024,48173145,256,0
