231887240,mqpp_4_1_1,11556602,256,10
229841200,mqpp_4_1_1,11483671,256,10
216239960,mqpp_4_1_1,11585858,256,10
223955740,mqpp_4_1_1,11554325,256,10
218923080,mqpp_4_1_1,11576275,256,10
234951240,mqpp_4_1_2,14160491,256,10
244325240,mqpp_4_1_2,14230974,256,10
230841660,mqpp_4_1_2,14323030,256,10
252457360,mqpp_4_1_2,14199170,256,10
232500080,mqpp_4_1_2,14285508,256,10
268644580,mqpp_4_1_4,17994421,256,10
263251640,mqpp_4_1_4,17911279,256,10
268363520,mqpp_4_1_4,17939552,256,10
267680420,mqpp_4_1_4,17971757,256,10
273525620,mqpp_4_1_4,17806106,256,10
303609220,mqpp_4_1_8,22733614,256,10
309950460,mqpp_4_1_8,22906439,256,10
304083120,mqpp_4_1_8,23009063,256,10
302928380,mqpp_4_1_8,23002518,256,10
303926020,mqpp_4_1_8,22866038,256,10
362785320,mqpp_4_1_16,29280595,256,10
373564680,mqpp_4_1_16,29277772,256,10
381342540,mqpp_4_1_16,29113158,256,10
359896860,mqpp_4_1_16,29017499,256,10
365338500,mqpp_4_1_16,29138353,256,10
428744700,mqpp_4_1_32,35859444,256,10
428178080,mqpp_4_1_32,35985785,256,10
436119940,mqpp_4_1_32,36073752,256,10
432294800,mqpp_4_1_32,35612586,256,10
428051760,mqpp_4_1_32,36279661,256,10
486302080,mqpp_4_1_64,41895400,256,10
502083820,mqpp_4_1_64,42421495,256,10
486955040,mqpp_4_1_64,41972681,256,10
505386820,mqpp_4_1_64,42404544,256,10
490742900,mqpp_4_1_64,42380438,256,10
539518200,mqpp_4_1_128,46572992,256,10
540053920,mqpp_4_1_128,46960180,256,10
535602420,mqpp_4_1_128,46639799,256,10
541024420,mqpp_4_1_128,46688273,256,10
532277440,mqpp_4_1_128,46822594,256,10
584813200,mqpp_4_1_256,50462959,256,10
585279140,mqpp_4_1_256,50777195,256,10
564080740,mqpp_4_1_256,49393463,256,10
580175460,mqpp_4_1_256,50358661,256,10
560062500,mqpp_4_1_256,49283425,256,10
593015980,mqpp_4_1_512,51912139,256,10
610291120,mqpp_4_1_512,52632510,256,10
594113900,mqpp_4_1_512,51602055,256,10
605659420,mqpp_4_1_512,52483783,256,10
591649200,mqpp_4_1_512,51947316,256,10
611459960,mqpp_4_1_1024,53980952,256,10
593676340,mqpp_4_1_1024,52509640,256,10
595116340,mqpp_4_1_1024,52253636,256,10
612902540,mqpp_4_1_1024,53378238,256,10
615791240,mqpp_4_1_1024,52853484,256,10
265860420,mqpp_4_2_1,11986747,256,10
244448720,mqpp_4_2_1,12010060,256,10
247651420,mqpp_4_2_1,11907248,256,10
287758860,mqpp_4_2_1,11910887,256,10
274818080,mqpp_4_2_1,11952380,256,10
271480620,mqpp_4_2_2,14487049,256,10
274633000,mqpp_4_2_2,14572314,256,10
260380080,mqpp_4_2_2,14579106,256,10
307541020,mqpp_4_2_2,14610582,256,10
280691000,mqpp_4_2_2,14566586,256,10
254708180,mqpp_4_2_4,17945097,256,10
267197960,mqpp_4_2_4,17977811,256,10
269749620,mqpp_4_2_4,17983342,256,10
292874960,mqpp_4_2_4,18058396,256,10
258429120,mqpp_4_2_4,17869120,256,10
287032460,mqpp_4_2_8,22517873,256,10
290311580,mqpp_4_2_8,22654678,256,10
288104660,mqpp_4_2_8,22615599,256,10
298505180,mqpp_4_2_8,22595601,256,10
289046180,mqpp_4_2_8,22548615,256,10
341059400,mqpp_4_2_16,28647569,256,10
335476140,mqpp_4_2_16,28474399,256,10
374235500,mqpp_4_2_16,29197479,256,10
346113440,mqpp_4_2_16,28879408,256,10
332793240,mqpp_4_2_16,28576962,256,10
390525640,mqpp_4_2_32,35223731,256,10
396957640,mqpp_4_2_32,35601926,256,10
387485340,mqpp_4_2_32,35227775,256,10
388672800,mqpp_4_2_32,35325808,256,10
395587020,mqpp_4_2_32,34979320,256,10
513989400,mqpp_4_2_64,42056100,256,10
532126040,mqpp_4_2_64,42574696,256,10
485531820,mqpp_4_2_64,43517737,256,10
521531820,mqpp_4_2_64,43157035,256,10
548709940,mqpp_4_2_64,42546742,256,10
511564340,mqpp_4_2_128,49092729,256,10
523571400,mqpp_4_2_128,49479347,256,10
518321640,mqpp_4_2_128,48880271,256,10
513193640,mqpp_4_2_128,49379127,256,10
518699640,mqpp_4_2_128,49564326,256,10
543849620,mqpp_4_2_256,52595406,256,10
546594360,mqpp_4_2_256,52919479,256,10
559899260,mqpp_4_2_256,53653454,256,10
573297020,mqpp_4_2_256,54145907,256,10
557072780,mqpp_4_2_256,53790131,256,10
561735300,mqpp_4_2_512,54977611,256,10
559440060,mqpp_4_2_512,54589860,256,10
571261480,mqpp_4_2_512,55530791,256,10
571626280,mqpp_4_2_512,55539298,256,10
568162720,mqpp_4_2_512,55260735,256,10
590894560,mqpp_4_2_1024,56853786,256,10
574700180,mqpp_4_2_1024,56116007,256,10
574662820,mqpp_4_2_1024,56078338,256,10
568481480,mqpp_4_2_1024,55544289,256,10
593423740,mqpp_4_2_1024,57777552,256,10
271704900,mqpp_4_4_1,11905297,256,10
298714820,mqpp_4_4_1,11994877,256,10
260061100,mqpp_4_4_1,11925238,256,10
251416540,mqpp_4_4_1,11981636,256,10
292877160,mqpp_4_4_1,11962004,256,10
269548880,mqpp_4_4_2,14462481,256,10
284989620,mqpp_4_4_2,14553947,256,10
297995500,mqpp_4_4_2,14516143,256,10
275359100,mqpp_4_4_2,14439715,256,10
251376580,mqpp_4_4_2,14476948,256,10
268196980,mqpp_4_4_4,17791350,256,10
272349880,mqpp_4_4_4,17536406,256,10
308241440,mqpp_4_4_4,17679221,256,10
259218220,mqpp_4_4_4,17684791,256,10
259122540,mqpp_4_4_4,17641567,256,10
286466480,mqpp_4_4_8,21847543,256,10
285243100,mqpp_4_4_8,21856745,256,10
286157400,mqpp_4_4_8,21947398,256,10
286123200,mqpp_4_4_8,21889468,256,10
282086620,mqpp_4_4_8,21910771,256,10
323057060,mqpp_4_4_16,27643652,256,10
323940680,mqpp_4_4_16,27534682,256,10
330796520,mqpp_4_4_16,27261732,256,10
321698100,mqpp_4_4_16,27397815,256,10
339602100,mqpp_4_4_16,27539728,256,10
367963480,mqpp_4_4_32,34195426,256,10
376485680,mqpp_4_4_32,34172152,256,10
376852440,mqpp_4_4_32,35024670,256,10
367615620,mqpp_4_4_32,34175329,256,10
373057000,mqpp_4_4_32,34265713,256,10
433719320,mqpp_4_4_64,42585000,256,10
428948460,mqpp_4_4_64,42093656,256,10
429597380,mqpp_4_4_64,42319377,256,10
423555280,mqpp_4_4_64,40935418,256,10
423313380,mqpp_4_4_64,41432716,256,10
579160400,mqpp_4_4_128,49462875,256,10
494717140,mqpp_4_4_128,50064241,256,10
495958840,mqpp_4_4_128,48853455,256,10
495921500,mqpp_4_4_128,49674225,256,10
480626680,mqpp_4_4_128,48400735,256,10
534595920,mqpp_4_4_256,54989653,256,10
530748720,mqpp_4_4_256,54502403,256,10
594294520,mqpp_4_4_256,55031015,256,10
519781060,mqpp_4_4_256,53934886,256,10
518376840,mqpp_4_4_256,53341494,256,10
568255640,mqpp_4_4_512,60154629,256,10
563475140,mqpp_4_4_512,59308123,256,10
559052080,mqpp_4_4_512,58362205,256,10
548741640,mqpp_4_4_512,57738160,256,10
561388620,mqpp_4_4_512,59374162,256,10
597214940,mqpp_4_4_1024,59848414,256,10
565308060,mqpp_4_4_1024,59902853,256,10
587104580,mqpp_4_4_1024,61131495,256,10
567184140,mqpp_4_4_1024,59153145,256,10
564817920,mqpp_4_4_1024,59896971,256,10
292581200,mqpp_4_8_1,11838634,256,10
272961720,mqpp_4_8_1,11721791,256,10
280892720,mqpp_4_8_1,11835422,256,10
287140420,mqpp_4_8_1,11815807,256,10
260046460,mqpp_4_8_1,11808450,256,10
261291060,mqpp_4_8_2,14356350,256,10
257696880,mqpp_4_8_2,14194360,256,10
273934460,mqpp_4_8_2,14317700,256,10
266376160,mqpp_4_8_2,14367613,256,10
264843380,mqpp_4_8_2,14305213,256,10
263965420,mqpp_4_8_4,17318093,256,10
263549500,mqpp_4_8_4,17112975,256,10
258943340,mqpp_4_8_4,17318563,256,10
259378960,mqpp_4_8_4,17412699,256,10
270705480,mqpp_4_8_4,17308783,256,10
287870620,mqpp_4_8_8,20957808,256,10
289122160,mqpp_4_8_8,21505475,256,10
296741600,mqpp_4_8_8,21203397,256,10
287981600,mqpp_4_8_8,20928392,256,10
285186160,mqpp_4_8_8,20857001,256,10
315432460,mqpp_4_8_16,26151332,256,10
317238280,mqpp_4_8_16,25909398,256,10
315151200,mqpp_4_8_16,26160441,256,10
324725340,mqpp_4_8_16,27339639,256,10
331321020,mqpp_4_8_16,26284642,256,10
365458780,mqpp_4_8_32,32574486,256,10
355045440,mqpp_4_8_32,32319017,256,10
355403740,mqpp_4_8_32,32687703,256,10
356130040,mqpp_4_8_32,32264687,256,10
361138820,mqpp_4_8_32,32693234,256,10
402672080,mqpp_4_8_64,39386111,256,10
403501700,mqpp_4_8_64,39724329,256,10
408183600,mqpp_4_8_64,39956727,256,10
415693880,mqpp_4_8_64,40179630,256,10
422890920,mqpp_4_8_64,40281519,256,10
495398320,mqpp_4_8_128,46210300,256,10
491295480,mqpp_4_8_128,48118142,256,10
517002160,mqpp_4_8_128,48546872,256,10
456067000,mqpp_4_8_128,46772826,256,10
577603940,mqpp_4_8_128,47660187,256,10
494323920,mqpp_4_8_256,52279465,256,10
499421680,mqpp_4_8_256,53009496,256,10
514858040,mqpp_4_8_256,54732453,256,10
525822960,mqpp_4_8_256,55448505,256,10
507756680,mqpp_4_8_256,53586464,256,10
543526560,mqpp_4_8_512,58198214,256,10
546634860,mqpp_4_8_512,59853856,256,10
539838640,mqpp_4_8_512,58613500,256,10
534773360,mqpp_4_8_512,57940489,256,10
540978720,mqpp_4_8_512,59216280,256,10
544803300,mqpp_4_8_1024,60194150,256,10
555850960,mqpp_4_8_1024,61846874,256,10
574199080,mqpp_4_8_1024,63518579,256,10
538507100,mqpp_4_8_1024,59195456,256,10
540848660,mqpp_4_8_1024,59113076,256,10
278057200,mqpp_4_16_1,11687371,256,10
305364960,mqpp_4_16_1,11672834,256,10
280802880,mqpp_4_16_1,11662757,256,10
284197180,mqpp_4_16_1,11716639,256,10
328420720,mqpp_4_16_1,11835897,256,10
279009440,mqpp_4_16_2,14102323,256,10
288793240,mqpp_4_16_2,14051679,256,10
318562400,mqpp_4_16_2,14265113,256,10
260172060,mqpp_4_16_2,14123288,256,10
272117700,mqpp_4_16_2,14194936,256,10
264753340,mqpp_4_16_4,17050983,256,10
315449840,mqpp_4_16_4,17105885,256,10
276238440,mqpp_4_16_4,17069314,256,10
328138500,mqpp_4_16_4,17214813,256,10
277367780,mqpp_4_16_4,17068964,256,10
302634860,mqpp_4_16_8,20893309,256,10
284263700,mqpp_4_16_8,20677193,256,10
286666880,mqpp_4_16_8,20546468,256,10
280995120,mqpp_4_16_8,20862047,256,10
278257940,mqpp_4_16_8,20521852,256,10
300357520,mqpp_4_16_16,24986276,256,10
382494360,mqpp_4_16_16,25393617,256,10
315325480,mqpp_4_16_16,25362729,256,10
306225580,mqpp_4_16_16,24885659,256,10
308022420,mqpp_4_16_16,25495765,256,10
401366940,mqpp_4_16_32,30645197,256,10
344229540,mqpp_4_16_32,30678645,256,10
341017840,mqpp_4_16_32,30987681,256,10
341503380,mqpp_4_16_32,30932178,256,10
347883280,mqpp_4_16_32,31402669,256,10
385487980,mqpp_4_16_64,37273938,256,10
383409860,mqpp_4_16_64,37336755,256,10
399490580,mqpp_4_16_64,38080703,256,10
400148360,mqpp_4_16_64,38231796,256,10
384261160,mqpp_4_16_64,37433007,256,10
436550980,mqpp_4_16_128,44679059,256,10
442943300,mqpp_4_16_128,45386012,256,10
430750960,mqpp_4_16_128,44207810,256,10
436513140,mqpp_4_16_128,45211487,256,10
432297500,mqpp_4_16_128,44531021,256,10
495463480,mqpp_4_16_256,52532693,256,10
484681300,mqpp_4_16_256,51671533,256,10
473048980,mqpp_4_16_256,50490233,256,10
520607280,mqpp_4_16_256,52629865,256,10
479274320,mqpp_4_16_256,51273954,256,10
521357880,mqpp_4_16_512,57847405,256,10
512922640,mqpp_4_16_512,56662937,256,10
511585020,mqpp_4_16_512,55274314,256,10
502305420,mqpp_4_16_512,55332777,256,10
519640640,mqpp_4_16_512,57425034,256,10
525380280,mqpp_4_16_1024,57627433,256,10
533169260,mqpp_4_16_1024,58869976,256,10
529223660,mqpp_4_16_1024,58375660,256,10
537026080,mqpp_4_16_1024,58647071,256,10
565304180,mqpp_4_16_1024,60710635,256,10
344528420,mqpp_4_32_1,11889789,256,10
329816700,mqpp_4_32_1,11856226,256,10
276426420,mqpp_4_32_1,11673541,256,10
286197920,mqpp_4_32_1,11588921,256,10
291911660,mqpp_4_32_1,11685174,256,10
333524340,mqpp_4_32_2,14146583,256,10
278590400,mqpp_4_32_2,13899301,256,10
279746500,mqpp_4_32_2,13934103,256,10
297047080,mqpp_4_32_2,13990084,256,10
299714580,mqpp_4_32_2,14019170,256,10
271329580,mqpp_4_32_4,16781452,256,10
300778900,mqpp_4_32_4,17000095,256,10
270650920,mqpp_4_32_4,16854780,256,10
279773480,mqpp_4_32_4,16753412,256,10
273835060,mqpp_4_32_4,16885668,256,10
287282420,mqpp_4_32_8,20350775,256,10
282917840,mqpp_4_32_8,20560583,256,10
285768420,mqpp_4_32_8,20091182,256,10
304014500,mqpp_4_32_8,20483170,256,10
281129740,mqpp_4_32_8,20339934,256,10
307044200,mqpp_4_32_16,24813397,256,10
302730900,mqpp_4_32_16,24569452,256,10
305098260,mqpp_4_32_16,24655195,256,10
308990320,mqpp_4_32_16,24795458,256,10
305998960,mqpp_4_32_16,24739950,256,10
340851340,mqpp_4_32_32,29988238,256,10
342911880,mqpp_4_32_32,30226599,256,10
333373540,mqpp_4_32_32,29214317,256,10
337862280,mqpp_4_32_32,30050774,256,10
339821720,mqpp_4_32_32,29569335,256,10
382790180,mqpp_4_32_64,36633822,256,10
385147920,mqpp_4_32_64,36466509,256,10
379415220,mqpp_4_32_64,36196085,256,10
375927600,mqpp_4_32_64,35886941,256,10
381111160,mqpp_4_32_64,36433527,256,10
411819840,mqpp_4_32_128,41226170,256,10
419419240,mqpp_4_32_128,41983036,256,10
412940660,mqpp_4_32_128,41275074,256,10
413046040,mqpp_4_32_128,41578534,256,10
407731820,mqpp_4_32_128,41020908,256,10
453752920,mqpp_4_32_256,47952936,256,10
447826080,mqpp_4_32_256,46606682,256,10
492478780,mqpp_4_32_256,49569901,256,10
484567600,mqpp_4_32_256,46704220,256,10
451686780,mqpp_4_32_256,47807539,256,10
532374500,mqpp_4_32_512,50673149,256,10
511380620,mqpp_4_32_512,52076344,256,10
495676160,mqpp_4_32_512,54225797,256,10
504748820,mqpp_4_32_512,52054506,256,10
481409780,mqpp_4_32_512,52016044,256,10
512618540,mqpp_4_32_1024,55959689,256,10
499512320,mqpp_4_32_1024,54369234,256,10
524381660,mqpp_4_32_1024,57474422,256,10
483217320,mqpp_4_32_1024,52404611,256,10
507915720,mqpp_4_32_1024,56181419,256,10
290352300,mqpp_4_64_1,11670720,256,10
291523540,mqpp_4_64_1,11636358,256,10
365605120,mqpp_4_64_1,12007968,256,10
306934260,mqpp_4_64_1,11678515,256,10
337431640,mqpp_4_64_1,11894454,256,10
267967260,mqpp_4_64_2,13804128,256,10
267013120,mqpp_4_64_2,13984902,256,10
339534700,mqpp_4_64_2,14171704,256,10
354847200,mqpp_4_64_2,14262160,256,10
281810300,mqpp_4_64_2,13880104,256,10
286072780,mqpp_4_64_4,16636966,256,10
271343000,mqpp_4_64_4,16739894,256,10
276108220,mqpp_4_64_4,16801210,256,10
302507260,mqpp_4_64_4,16773052,256,10
281699720,mqpp_4_64_4,16678123,256,10
280360680,mqpp_4_64_8,19998361,256,10
275495580,mqpp_4_64_8,20130593,256,10
287453660,mqpp_4_64_8,20022670,256,10
288942520,mqpp_4_64_8,20052528,256,10
290434800,mqpp_4_64_8,20475228,256,10
299382780,mqpp_4_64_16,24176115,256,10
306939300,mqpp_4_64_16,24558022,256,10
311218140,mqpp_4_64_16,23921347,256,10
301256360,mqpp_4_64_16,24503729,256,10
302483720,mqpp_4_64_16,24223950,256,10
341003120,mqpp_4_64_32,29849074,256,10
331304760,mqpp_4_64_32,29261396,256,10
330779080,mqpp_4_64_32,29000853,256,10
353894500,mqpp_4_64_32,29581070,256,10
330545440,mqpp_4_64_32,28752150,256,10
394486320,mqpp_4_64_64,35211440,256,10
376054720,mqpp_4_64_64,35237665,256,10
386810660,mqpp_4_64_64,34455006,256,10
365750380,mqpp_4_64_64,34550584,256,10
370508340,mqpp_4_64_64,34686520,256,10
420647800,mqpp_4_64_128,41615853,256,10
402907400,mqpp_4_64_128,39963562,256,10
406974720,mqpp_4_64_128,40311003,256,10
404141860,mqpp_4_64_128,40087732,256,10
413347780,mqpp_4_64_128,40530526,256,10
432731320,mqpp_4_64_256,44881731,256,10
439467340,mqpp_4_64_256,45480642,256,10
440938680,mqpp_4_64_256,46158152,256,10
453415040,mqpp_4_64_256,46737174,256,10
435621840,mqpp_4_64_256,44943636,256,10
461590860,mqpp_4_64_512,49049266,256,10
487779700,mqpp_4_64_512,50720453,256,10
511075340,mqpp_4_64_512,49138515,256,10
454839120,mqpp_4_64_512,47956530,256,10
463703320,mqpp_4_64_512,49393336,256,10
532066900,mqpp_4_64_1024,51944460,256,10
526796140,mqpp_4_64_1024,52072049,256,10
469800580,mqpp_4_64_1024,50120582,256,10
510989780,mqpp_4_64_1024,53505196,256,10
628767880,mqpp_4_64_1024,53891267,256,10
284411960,mqpp_4_128_1,11363932,256,10
320294920,mqpp_4_128_1,11655355,256,10
323387420,mqpp_4_128_1,11776066,256,10
289647980,mqpp_4_128_1,11656059,256,10
276268600,mqpp_4_128_1,11577624,256,10
282090160,mqpp_4_128_2,13835909,256,10
315283880,mqpp_4_128_2,13857312,256,10
296473660,mqpp_4_128_2,13859710,256,10
304230580,mqpp_4_128_2,13885539,256,10
344233180,mqpp_4_128_2,14099196,256,10
272217480,mqpp_4_128_4,16885095,256,10
263106420,mqpp_4_128_4,16699972,256,10
279346780,mqpp_4_128_4,16573693,256,10
273115380,mqpp_4_128_4,16582960,256,10
259888080,mqpp_4_128_4,16504761,256,10
279178360,mqpp_4_128_8,19792883,256,10
312465940,mqpp_4_128_8,20040106,256,10
315693180,mqpp_4_128_8,20005637,256,10
282681960,mqpp_4_128_8,19840887,256,10
295938000,mqpp_4_128_8,19800084,256,10
319308200,mqpp_4_128_16,24047108,256,10
302093480,mqpp_4_128_16,24087233,256,10
313899380,mqpp_4_128_16,24312101,256,10
300211720,mqpp_4_128_16,24123668,256,10
335940580,mqpp_4_128_16,24273010,256,10
340156780,mqpp_4_128_32,29978609,256,10
332477520,mqpp_4_128_32,29230861,256,10
337621520,mqpp_4_128_32,29032473,256,10
348050220,mqpp_4_128_32,28946719,256,10
334732340,mqpp_4_128_32,29330346,256,10
366672900,mqpp_4_128_64,34410951,256,10
373038280,mqpp_4_128_64,34481247,256,10
362930760,mqpp_4_128_64,33727006,256,10
387253740,mqpp_4_128_64,34212726,256,10
373420840,mqpp_4_128_64,35017762,256,10
403741360,mqpp_4_128_128,40229555,256,10
408775560,mqpp_4_128_128,40127548,256,10
417721180,mqpp_4_128_128,40660273,256,10
400456440,mqpp_4_128_128,39359682,256,10
402165540,mqpp_4_128_128,39204225,256,10
433199600,mqpp_4_128_256,44207398,256,10
443112100,mqpp_4_128_256,45218263,256,10
432650820,mqpp_4_128_256,44330018,256,10
439039020,mqpp_4_128_256,45126276,256,10
438047640,mqpp_4_128_256,44269463,256,10
456907920,mqpp_4_128_512,47910442,256,10
449766840,mqpp_4_128_512,46201757,256,10
549473920,mqpp_4_128_512,47751688,256,10
450155800,mqpp_4_128_512,46691474,256,10
444692420,mqpp_4_128_512,46490382,256,10
478425220,mqpp_4_128_1024,49884569,256,10
476095500,mqpp_4_128_1024,50759939,256,10
497119520,mqpp_4_128_1024,49943040,256,10
511882600,mqpp_4_128_1024,49939048,256,10
468753240,mqpp_4_128_1024,50279604,256,10
320177680,mqpp_4_256_1,11766755,256,10
316116540,mqpp_4_256_1,11691793,256,10
329455440,mqpp_4_256_1,11882460,256,10
306459740,mqpp_4_256_1,11576799,256,10
288788240,mqpp_4_256_1,11477210,256,10
268069840,mqpp_4_256_2,13862623,256,10
293103140,mqpp_4_256_2,13856546,256,10
295826440,mqpp_4_256_2,14014920,256,10
315741680,mqpp_4_256_2,13904625,256,10
266896020,mqpp_4_256_2,13856362,256,10
268352520,mqpp_4_256_4,16528486,256,10
263171240,mqpp_4_256_4,16628928,256,10
271451280,mqpp_4_256_4,16630760,256,10
272227420,mqpp_4_256_4,16634746,256,10
269961240,mqpp_4_256_4,16748879,256,10
283049400,mqpp_4_256_8,19797703,256,10
288536320,mqpp_4_256_8,19835357,256,10
293567120,mqpp_4_256_8,19995114,256,10
276066120,mqpp_4_256_8,19853737,256,10
286867160,mqpp_4_256_8,20045719,256,10
306976540,mqpp_4_256_16,24096468,256,10
318267660,mqpp_4_256_16,24389878,256,10
313939400,mqpp_4_256_16,24635097,256,10
302760600,mqpp_4_256_16,24086408,256,10
309342020,mqpp_4_256_16,24684967,256,10
330456700,mqpp_4_256_32,28656727,256,10
335790380,mqpp_4_256_32,28855705,256,10
333081340,mqpp_4_256_32,28304913,256,10
330443580,mqpp_4_256_32,28799928,256,10
334827660,mqpp_4_256_32,29355719,256,10
369803080,mqpp_4_256_64,33963234,256,10
364422820,mqpp_4_256_64,34042529,256,10
366351160,mqpp_4_256_64,34325113,256,10
368729300,mqpp_4_256_64,34545776,256,10
367739460,mqpp_4_256_64,33783944,256,10
402048940,mqpp_4_256_128,38647597,256,10
395288220,mqpp_4_256_128,39217407,256,10
407505660,mqpp_4_256_128,40527588,256,10
388432220,mqpp_4_256_128,37686823,256,10
404278520,mqpp_4_256_128,39689860,256,10
434140720,mqpp_4_256_256,44074736,256,10
429692300,mqpp_4_256_256,44330203,256,10
422223320,mqpp_4_256_256,42869082,256,10
430567240,mqpp_4_256_256,42765544,256,10
424219020,mqpp_4_256_256,42916180,256,10
506639600,mqpp_4_256_512,46579225,256,10
448485820,mqpp_4_256_512,46692696,256,10
439879120,mqpp_4_256_512,45653338,256,10
560349940,mqpp_4_256_512,46194022,256,10
453216700,mqpp_4_256_512,47011673,256,10
465834400,mqpp_4_256_1024,49682736,256,10
524319660,mqpp_4_256_1024,49317507,256,10
476227060,mqpp_4_256_1024,50478838,256,10
469552480,mqpp_4_256_1024,48793819,256,10
492361700,mqpp_4_256_1024,52008294,256,10
341727020,mqpp_4_512_1,11867160,256,10
291440240,mqpp_4_512_1,11649670,256,10
312147100,mqpp_4_512_1,11674230,256,10
287571960,mqpp_4_512_1,11546425,256,10
331947300,mqpp_4_512_1,11743222,256,10
276924780,mqpp_4_512_2,13745975,256,10
264901800,mqpp_4_512_2,13844337,256,10
317544740,mqpp_4_512_2,14063314,256,10
273572180,mqpp_4_512_2,13820835,256,10
299006640,mqpp_4_512_2,13904384,256,10
326631820,mqpp_4_512_4,16822630,256,10
312247040,mqpp_4_512_4,16727723,256,10
293027520,mqpp_4_512_4,16613004,256,10
278711480,mqpp_4_512_4,16638286,256,10
274961900,mqpp_4_512_4,16666546,256,10
285389640,mqpp_4_512_8,20090139,256,10
282088280,mqpp_4_512_8,20113407,256,10
295960800,mqpp_4_512_8,19945009,256,10
285339860,mqpp_4_512_8,20096004,256,10
286781060,mqpp_4_512_8,19604766,256,10
306637060,mqpp_4_512_16,24081233,256,10
307416600,mqpp_4_512_16,23854503,256,10
313447280,mqpp_4_512_16,24355291,256,10
305878420,mqpp_4_512_16,24040817,256,10
321607980,mqpp_4_512_16,24422062,256,10
328860720,mqpp_4_512_32,28133694,256,10
337999900,mqpp_4_512_32,28785589,256,10
333025460,mqpp_4_512_32,28892090,256,10
345472060,mqpp_4_512_32,28626572,256,10
338711340,mqpp_4_512_32,28706600,256,10
368651000,mqpp_4_512_64,34086071,256,10
369249420,mqpp_4_512_64,34467345,256,10
390500140,mqpp_4_512_64,34030047,256,10
367899720,mqpp_4_512_64,33873316,256,10
365626300,mqpp_4_512_64,33688195,256,10
399606900,mqpp_4_512_128,38881752,256,10
395822640,mqpp_4_512_128,38788688,256,10
399232660,mqpp_4_512_128,39151016,256,10
423420820,mqpp_4_512_128,39418852,256,10
386611740,mqpp_4_512_128,37486996,256,10
429365520,mqpp_4_512_256,42988561,256,10
422758540,mqpp_4_512_256,41864702,256,10
430631420,mqpp_4_512_256,43281085,256,10
424866740,mqpp_4_512_256,43230030,256,10
428100680,mqpp_4_512_256,43734895,256,10
450040080,mqpp_4_512_512,46698995,256,10
450740800,mqpp_4_512_512,46980989,256,10
439629760,mqpp_4_512_512,45533879,256,10
450737480,mqpp_4_512_512,46428943,256,10
435663320,mqpp_4_512_512,44604292,256,10
452433760,mqpp_4_512_1024,47740415,256,10
463838500,mqpp_4_512_1024,48053124,256,10
496187500,mqpp_4_512_1024,48850550,256,10
505671140,mqpp_4_512_1024,48006500,256,10
439140740,mqpp_4_512_1024,46261644,256,10
293518160,mqpp_4_1024_1,11588811,256,10
317728260,mqpp_4_1024_1,11727237,256,10
358150220,mqpp_4_1024_1,11966271,256,10
321687800,mqpp_4_1024_1,11662498,256,10
299205320,mqpp_4_1024_1,11622832,256,10
310881820,mqpp_4_1024_2,13960961,256,10
268762000,mqpp_4_1024_2,13834311,256,10
286897800,mqpp_4_1024_2,13858971,256,10
332649900,mqpp_4_1024_2,13966578,256,10
311952540,mqpp_4_1024_2,13880183,256,10
277888940,mqpp_4_1024_4,16560776,256,10
268376700,mqpp_4_1024_4,16703159,256,10
287595180,mqpp_4_1024_4,16426035,256,10
271192360,mqpp_4_1024_4,16671637,256,10
327472960,mqpp_4_1024_4,16946315,256,10
281482940,mqpp_4_1024_8,19903764,256,10
276974320,mqpp_4_1024_8,19904848,256,10
310970680,mqpp_4_1024_8,20122080,256,10
277367760,mqpp_4_1024_8,19769245,256,10
316435220,mqpp_4_1024_8,19968695,256,10
297258220,mqpp_4_1024_16,23793971,256,10
303094940,mqpp_4_1024_16,24179332,256,10
298327160,mqpp_4_1024_16,23801579,256,10
320081580,mqpp_4_1024_16,24048640,256,10
300728140,mqpp_4_1024_16,23898299,256,10
331585060,mqpp_4_1024_32,28834398,256,10
324953280,mqpp_4_1024_32,28296837,256,10
322348100,mqpp_4_1024_32,27562287,256,10
332510080,mqpp_4_1024_32,28745549,256,10
342724520,mqpp_4_1024_32,29001816,256,10
376830480,mqpp_4_1024_64,34452149,256,10
362571260,mqpp_4_1024_64,33537969,256,10
353132400,mqpp_4_1024_64,32509776,256,10
360692580,mqpp_4_1024_64,33702694,256,10
373136780,mqpp_4_1024_64,34380089,256,10
405532820,mqpp_4_1024_128,40114908,256,10
389641080,mqpp_4_1024_128,38410067,256,10
396889160,mqpp_4_1024_128,37951563,256,10
403555240,mqpp_4_1024_128,40089667,256,10
408499980,mqpp_4_1024_128,39180341,256,10
429303440,mqpp_4_1024_256,42860872,256,10
425379220,mqpp_4_1024_256,42873697,256,10
423514480,mqpp_4_1024_256,42975130,256,10
431221180,mqpp_4_1024_256,42902817,256,10
415554840,mqpp_4_1024_256,41960716,256,10
453179680,mqpp_4_1024_512,47397213,256,10
452722860,mqpp_4_1024_512,46732333,256,10
447704740,mqpp_4_1024_512,46694753,256,10
480892940,mqpp_4_1024_512,47832490,256,10
456971200,mqpp_4_1024_512,47109336,256,10
504402520,mqpp_4_1024_1024,49679425,256,10
451083840,mqpp_4_1024_1024,47179951,256,10
462526180,mqpp_4_1024_1024,49241383,256,10
535968920,mqpp_4_1024_1024,47351530,256,10
457178420,mqpp_4_1024_1024,48109351,256,10
