18508286080,smqhm_8_2,31207807,1
18447062680,smqhm_8_2,31207807,1
18447363280,smqhm_8_2,31207807,1
18445684660,smqhm_8_2,31207807,1
18448569580,smqhm_8_2,31207807,1
10619987420,smqhm_8_2,28951816,2
10372770760,smqhm_8_2,28948621,2
10498986280,smqhm_8_2,28955892,2
10604489100,smqhm_8_2,28956579,2
10497030800,smqhm_8_2,28951551,2
4521289120,smqhm_8_2,29031806,4
4533609100,smqhm_8_2,29030461,4
4517809800,smqhm_8_2,29018982,4
4519632900,smqhm_8_2,29026304,4
4526567140,smqhm_8_2,29026420,4
3688124900,smqhm_8_2,29111284,8
3716528540,smqhm_8_2,29120558,8
3700734580,smqhm_8_2,29102429,8
3717342380,smqhm_8_2,29108738,8
3702619780,smqhm_8_2,29115057,8
2029183400,smqhm_8_2,29347439,16
1996379760,smqhm_8_2,29377017,16
1999420540,smqhm_8_2,29369621,16
2009309660,smqhm_8_2,29376581,16
2036069400,smqhm_8_2,29372545,16
1107916200,smqhm_8_2,30272305,32
1148729180,smqhm_8_2,31539166,32
1113621620,smqhm_8_2,30175712,32
1159188940,smqhm_8_2,31693313,32
1105550980,smqhm_8_2,30091844,32
686756200,smqhm_8_2,33492804,64
688344200,smqhm_8_2,33857448,64
694479300,smqhm_8_2,34202864,64
683787860,smqhm_8_2,33626757,64
669435640,smqhm_8_2,32967815,64
440428840,smqhm_8_2,38377145,128
440405700,smqhm_8_2,38386223,128
440818880,smqhm_8_2,38380400,128
436008220,smqhm_8_2,37939177,128
438931720,smqhm_8_2,38152414,128
352564560,smqhm_8_2,48759067,256
351232000,smqhm_8_2,48238232,256
351158160,smqhm_8_2,48345645,256
353189580,smqhm_8_2,48900871,256
351894740,smqhm_8_2,48561716,256
18454746280,smqhm_8_2,31207807,1
18521479780,smqhm_8_2,31207807,1
18489951880,smqhm_8_2,31207807,1
18428009940,smqhm_8_2,31207807,1
18657812380,smqhm_8_2,31207807,1
10452906620,smqhm_8_2,28953280,2
10505272780,smqhm_8_2,28950094,2
10476050340,smqhm_8_2,28950539,2
10621056140,smqhm_8_2,28951172,2
10547042040,smqhm_8_2,28952299,2
4521524040,smqhm_8_2,29030957,4
4518124280,smqhm_8_2,29026005,4
4522312880,smqhm_8_2,29036393,4
4524687860,smqhm_8_2,29025479,4
4519257840,smqhm_8_2,29025204,4
3718171240,smqhm_8_2,29110064,8
3690220360,smqhm_8_2,29122560,8
3722824300,smqhm_8_2,29130194,8
3679817160,smqhm_8_2,29114251,8
3662925760,smqhm_8_2,29122818,8
2005385080,smqhm_8_2,29355566,16
2028136180,smqhm_8_2,29355391,16
2030144340,smqhm_8_2,29381475,16
2035875800,smqhm_8_2,29360695,16
2038358200,smqhm_8_2,29366846,16
1108243400,smqhm_8_2,30117795,32
1125478140,smqhm_8_2,30364663,32
1101107240,smqhm_8_2,30132539,32
1101480720,smqhm_8_2,30102441,32
1107095320,smqhm_8_2,30281550,32
670088240,smqhm_8_2,33083062,64
679280340,smqhm_8_2,33349248,64
671946100,smqhm_8_2,33047564,64
674777360,smqhm_8_2,33221603,64
687411800,smqhm_8_2,33805589,64
435809180,smqhm_8_2,38018914,128
438195940,smqhm_8_2,38063331,128
437159700,smqhm_8_2,37954255,128
448741480,smqhm_8_2,39091316,128
439181580,smqhm_8_2,38190466,128
355572740,smqhm_8_2,49043102,256
350987140,smqhm_8_2,48451560,256
347792060,smqhm_8_2,48041653,256
346700100,smqhm_8_2,47828175,256
362423960,smqhm_8_2,48850594,256
