123495225560,smqhm_8_32,35016137,1
121900864500,smqhm_8_32,35016137,1
119400088040,smqhm_8_32,35016137,1
123533638400,smqhm_8_32,35016137,1
123394182320,smqhm_8_32,35016137,1
61764260980,smqhm_8_32,35419882,2
62470748140,smqhm_8_32,35420712,2
62156648420,smqhm_8_32,35334734,2
62119547860,smqhm_8_32,35334204,2
61809270560,smqhm_8_32,35419792,2
31755528300,smqhm_8_32,35545920,4
31893250420,smqhm_8_32,35896657,4
31695297180,smqhm_8_32,35460235,4
31657973380,smqhm_8_32,35445775,4
31759820520,smqhm_8_32,35472563,4
17242580800,smqhm_8_32,36748469,8
17342950860,smqhm_8_32,36389475,8
17380425700,smqhm_8_32,36648851,8
17184607780,smqhm_8_32,37212970,8
17156417020,smqhm_8_32,36489156,8
8741511720,smqhm_8_32,37461200,16
8864491460,smqhm_8_32,37667646,16
8894599240,smqhm_8_32,37555092,16
8724077480,smqhm_8_32,37568097,16
9015748620,smqhm_8_32,37366629,16
4666581060,smqhm_8_32,39034498,32
4778787440,smqhm_8_32,39029680,32
4695916400,smqhm_8_32,40491997,32
4792372080,smqhm_8_32,39090832,32
4795435060,smqhm_8_32,39527316,32
2819306460,smqhm_8_32,40823588,64
2848322320,smqhm_8_32,41908907,64
2836964780,smqhm_8_32,41651740,64
2882771760,smqhm_8_32,41402050,64
2805400300,smqhm_8_32,41813993,64
2630871840,smqhm_8_32,45964133,128
2562144100,smqhm_8_32,46940298,128
2564837180,smqhm_8_32,47881949,128
2519034720,smqhm_8_32,45855072,128
2497484660,smqhm_8_32,43845033,128
3315371860,smqhm_8_32,58145635,256
2916480840,smqhm_8_32,53306510,256
2828309040,smqhm_8_32,51149829,256
2912978580,smqhm_8_32,56234262,256
2859723280,smqhm_8_32,52682499,256
