9495458320,smqhm_4_1,23947347,1
9535681620,smqhm_4_1,23947347,1
9591033640,smqhm_4_1,23947347,1
9607445960,smqhm_4_1,23947347,1
9589655000,smqhm_4_1,23947347,1
5877541420,smqhm_4_1,23961320,2
5796628780,smqhm_4_1,23961684,2
5869645000,smqhm_4_1,23963058,2
5853584120,smqhm_4_1,23961509,2
5871947140,smqhm_4_1,23961354,2
2659137120,smqhm_4_1,23994540,4
2657363920,smqhm_4_1,23994817,4
2653701200,smqhm_4_1,23993525,4
2655452540,smqhm_4_1,23992176,4
2654854700,smqhm_4_1,23990759,4
2026260560,smqhm_4_1,23967404,8
2057121580,smqhm_4_1,23967494,8
2046352420,smqhm_4_1,23967121,8
2016235540,smqhm_4_1,23967732,8
2030721840,smqhm_4_1,23966955,8
1198157380,smqhm_4_1,23981689,16
1178112520,smqhm_4_1,23982013,16
1206120740,smqhm_4_1,23982690,16
1205257880,smqhm_4_1,23982777,16
1178018760,smqhm_4_1,23984150,16
675739120,smqhm_4_1,24024342,32
673761100,smqhm_4_1,24020211,32
675680780,smqhm_4_1,24020874,32
673822080,smqhm_4_1,24022151,32
675337640,smqhm_4_1,24017409,32
387107700,smqhm_4_1,24118509,64
389244840,smqhm_4_1,24125864,64
392266160,smqhm_4_1,24114004,64
386772180,smqhm_4_1,24123995,64
390847960,smqhm_4_1,24120702,64
236218300,smqhm_4_1,24406296,128
235602500,smqhm_4_1,24388652,128
236725260,smqhm_4_1,24403434,128
236624860,smqhm_4_1,24381211,128
236939180,smqhm_4_1,24401349,128
162837360,smqhm_4_1,25488198,256
159917120,smqhm_4_1,25489646,256
160867520,smqhm_4_1,25484475,256
159714140,smqhm_4_1,25480748,256
162446640,smqhm_4_1,25503918,256
