72715382060,smqhm_32_64,47894693,1,0
72648213440,smqhm_32_64,47894693,1,0
74590320900,smqhm_32_64,47894693,1,0
74682942800,smqhm_32_64,47894693,1,0
72693187660,smqhm_32_64,47894693,1,0
39575194220,smqhm_32_64,47894993,2,0
39507286780,smqhm_32_64,47894931,2,0
39389203300,smqhm_32_64,47894991,2,0
39959089300,smqhm_32_64,47895038,2,0
39520096080,smqhm_32_64,47895004,2,0
21511769320,smqhm_32_64,47895591,4,0
21450273060,smqhm_32_64,47895182,4,0
21501039200,smqhm_32_64,47895322,4,0
21472873260,smqhm_32_64,47895132,4,0
21383788940,smqhm_32_64,47895652,4,0
12771028680,smqhm_32_64,47896313,8,0
12696164300,smqhm_32_64,47896103,8,0
12660494800,smqhm_32_64,47896913,8,0
12653649920,smqhm_32_64,47896251,8,0
12711512780,smqhm_32_64,47896936,8,0
7820254920,smqhm_32_64,47898234,16,0
7822880940,smqhm_32_64,47898159,16,0
7848666640,smqhm_32_64,47897341,16,0
7869593380,smqhm_32_64,47899870,16,0
7856845300,smqhm_32_64,47897512,16,0
5464000560,smqhm_32_64,47902756,32,0
5449226940,smqhm_32_64,47903051,32,0
5443805240,smqhm_32_64,47902022,32,0
5419178960,smqhm_32_64,47902147,32,0
5400493260,smqhm_32_64,47903930,32,0
4467054920,smqhm_32_64,47909425,64,0
4473056900,smqhm_32_64,47910982,64,0
4502485600,smqhm_32_64,47911681,64,0
4507518540,smqhm_32_64,47911208,64,0
4471409180,smqhm_32_64,47911609,64,0
4504495860,smqhm_32_64,47954279,128,0
4534067560,smqhm_32_64,47964929,128,0
4665103140,smqhm_32_64,47962314,128,0
4700972520,smqhm_32_64,47980182,128,0
4600382500,smqhm_32_64,47960301,128,0
2248343420,smqhm_32_64,48033947,256,0
2896698540,smqhm_32_64,48004379,256,0
2261544240,smqhm_32_64,48006200,256,0
2368445300,smqhm_32_64,48001610,256,0
2127058320,smqhm_32_64,48027487,256,0
106643655400,smqhm_32_64,47894693,1,0
96374734120,smqhm_32_64,47894693,1,0
88870883480,smqhm_32_64,47894693,1,0
76896981180,smqhm_32_64,47894693,1,0
75633631800,smqhm_32_64,47894693,1,0
40106384960,smqhm_32_64,47895012,2,0
39943967360,smqhm_32_64,47894907,2,0
39535971040,smqhm_32_64,47895079,2,0
39493244980,smqhm_32_64,47894981,2,0
40018779500,smqhm_32_64,47894946,2,0
21316420780,smqhm_32_64,47895259,4,0
21498305620,smqhm_32_64,47895277,4,0
21355217540,smqhm_32_64,47895771,4,0
21385314180,smqhm_32_64,47895247,4,0
21370375480,smqhm_32_64,47895246,4,0
12676121720,smqhm_32_64,47896077,8,0
12697596660,smqhm_32_64,47896722,8,0
12680657840,smqhm_32_64,47896643,8,0
12724214560,smqhm_32_64,47896175,8,0
12699684580,smqhm_32_64,47896296,8,0
7858860240,smqhm_32_64,47897314,16,0
7847709220,smqhm_32_64,47899718,16,0
7835985220,smqhm_32_64,47897223,16,0
7839175060,smqhm_32_64,47898960,16,0
7817122480,smqhm_32_64,47899320,16,0
5454943660,smqhm_32_64,47902115,32,0
5471253360,smqhm_32_64,47902399,32,0
5436288400,smqhm_32_64,47904037,32,0
5466314940,smqhm_32_64,47903120,32,0
5458085080,smqhm_32_64,47903031,32,0
4472119860,smqhm_32_64,47911996,64,0
4446863020,smqhm_32_64,47910773,64,0
4466810360,smqhm_32_64,47910861,64,0
4494446140,smqhm_32_64,47911354,64,0
4502931900,smqhm_32_64,47909006,64,0
4676648160,smqhm_32_64,47946920,128,0
4611824800,smqhm_32_64,47967504,128,0
4607306780,smqhm_32_64,47960395,128,0
4651394400,smqhm_32_64,47961857,128,0
4694256500,smqhm_32_64,47955649,128,0
2380831120,smqhm_32_64,48002169,256,0
2734195020,smqhm_32_64,48016057,256,0
2402582620,smqhm_32_64,48009876,256,0
2509933120,smqhm_32_64,47999471,256,0
2369226720,smqhm_32_64,48000754,256,0
