23070853140,smqhm_64_64,12524207,1,0
23418024440,smqhm_64_64,12524207,1,0
22520524960,smqhm_64_64,12524207,1,0
22053500280,smqhm_64_64,12524207,1,0
21796308560,smqhm_64_64,12524207,1,0
11492530660,smqhm_64_64,12524288,2,0
11569264480,smqhm_64_64,12524291,2,0
11334457500,smqhm_64_64,12524245,2,0
11305745200,smqhm_64_64,12524306,2,0
11196449400,smqhm_64_64,12524309,2,0
5804624960,smqhm_64_64,12524670,4,0
5797498080,smqhm_64_64,12524479,4,0
5794169080,smqhm_64_64,12524540,4,0
5741733980,smqhm_64_64,12524481,4,0
5748918940,smqhm_64_64,12524473,4,0
3302023120,smqhm_64_64,12525004,8,0
3271594120,smqhm_64_64,12525040,8,0
3272416920,smqhm_64_64,12524988,8,0
3277188340,smqhm_64_64,12525641,8,0
3261987180,smqhm_64_64,12525369,8,0
2013603620,smqhm_64_64,12526103,16,0
2002623960,smqhm_64_64,12527038,16,0
2005187040,smqhm_64_64,12527649,16,0
1999825880,smqhm_64_64,12526726,16,0
1994419520,smqhm_64_64,12528040,16,0
1402508300,smqhm_64_64,12531693,32,0
1393001000,smqhm_64_64,12531336,32,0
1411363680,smqhm_64_64,12532196,32,0
1389187260,smqhm_64_64,12531302,32,0
1410166320,smqhm_64_64,12530989,32,0
1199668900,smqhm_64_64,12539894,64,0
1181821940,smqhm_64_64,12543907,64,0
1208539800,smqhm_64_64,12541930,64,0
1273589640,smqhm_64_64,12539270,64,0
1205599220,smqhm_64_64,12539973,64,0
1321096900,smqhm_64_64,12569719,128,0
1390974680,smqhm_64_64,12561750,128,0
1295405320,smqhm_64_64,12561928,128,0
1263737140,smqhm_64_64,12571244,128,0
1470244940,smqhm_64_64,12564157,128,0
1409401180,smqhm_64_64,12604162,256,0
1435853380,smqhm_64_64,12606666,256,0
1462482260,smqhm_64_64,12614976,256,0
1387318500,smqhm_64_64,12602360,256,0
1448990440,smqhm_64_64,12618115,256,0
29556999100,smqhm_64_64,12524207,1,0
28061933520,smqhm_64_64,12524207,1,0
26996760980,smqhm_64_64,12524207,1,0
25455067100,smqhm_64_64,12524207,1,0
24319384280,smqhm_64_64,12524207,1,0
12454624700,smqhm_64_64,12524339,2,0
12174735360,smqhm_64_64,12524338,2,0
11860023320,smqhm_64_64,12524309,2,0
11403706540,smqhm_64_64,12524308,2,0
11193901960,smqhm_64_64,12524297,2,0
5839511800,smqhm_64_64,12524506,4,0
5786378040,smqhm_64_64,12524509,4,0
5742670960,smqhm_64_64,12524782,4,0
5703914840,smqhm_64_64,12524476,4,0
5646403640,smqhm_64_64,12524460,4,0
3273037780,smqhm_64_64,12525023,8,0
3257843240,smqhm_64_64,12525497,8,0
3246689260,smqhm_64_64,12524961,8,0
3259862920,smqhm_64_64,12525057,8,0
3247507840,smqhm_64_64,12525508,8,0
1996763420,smqhm_64_64,12526118,16,0
1982865320,smqhm_64_64,12526052,16,0
1993939660,smqhm_64_64,12526854,16,0
1981535240,smqhm_64_64,12527388,16,0
1988819940,smqhm_64_64,12525919,16,0
1412073600,smqhm_64_64,12531239,32,0
1404167540,smqhm_64_64,12531033,32,0
1419261580,smqhm_64_64,12530264,32,0
1385247340,smqhm_64_64,12531083,32,0
1399787200,smqhm_64_64,12531202,32,0
1212975140,smqhm_64_64,12539658,64,0
1189127860,smqhm_64_64,12541191,64,0
1257481340,smqhm_64_64,12539835,64,0
1209034360,smqhm_64_64,12540307,64,0
1223892000,smqhm_64_64,12539101,64,0
1361874460,smqhm_64_64,12565643,128,0
1412752120,smqhm_64_64,12570144,128,0
1373703500,smqhm_64_64,12562319,128,0
1337287900,smqhm_64_64,12569615,128,0
1388069960,smqhm_64_64,12567549,128,0
1447778700,smqhm_64_64,12607008,256,0
1432832260,smqhm_64_64,12608488,256,0
1411717540,smqhm_64_64,12615093,256,0
1477403320,smqhm_64_64,12604054,256,0
1412089800,smqhm_64_64,12616976,256,0
