2798206400,smqhm_4_1,6715867,1,10
2802416520,smqhm_4_1,6715867,1,10
2832552700,smqhm_4_1,6715867,1,10
2985396860,smqhm_4_1,6715867,1,10
2834646500,smqhm_4_1,6715867,1,10
1835121580,smqhm_4_1,6734133,2,10
1865504960,smqhm_4_1,6733937,2,10
1829176300,smqhm_4_1,6732604,2,10
1859357220,smqhm_4_1,6734485,2,10
1843442760,smqhm_4_1,6734245,2,10
780623780,smqhm_4_1,6720577,4,10
781625320,smqhm_4_1,6719931,4,10
780099580,smqhm_4_1,6719433,4,10
780722520,smqhm_4_1,6719948,4,10
780603980,smqhm_4_1,6719326,4,10
719043160,smqhm_4_1,6734305,8,10
706385960,smqhm_4_1,6734503,8,10
702580660,smqhm_4_1,6733004,8,10
716849360,smqhm_4_1,6735119,8,10
711308060,smqhm_4_1,6732611,8,10
414584420,smqhm_4_1,6809018,16,10
410778880,smqhm_4_1,6817721,16,10
411279060,smqhm_4_1,6808998,16,10
413410660,smqhm_4_1,6807049,16,10
409623740,smqhm_4_1,6803653,16,10
237550960,smqhm_4_1,7117253,32,10
235369420,smqhm_4_1,7104593,32,10
236435060,smqhm_4_1,7104102,32,10
237744820,smqhm_4_1,7105891,32,10
235582560,smqhm_4_1,7099684,32,10
147113520,smqhm_4_1,8165764,64,10
150270040,smqhm_4_1,8193700,64,10
152152800,smqhm_4_1,8150081,64,10
152807280,smqhm_4_1,8146676,64,10
153760360,smqhm_4_1,8202722,64,10
124603820,smqhm_4_1,10148237,128,10
109513540,smqhm_4_1,10108383,128,10
123500220,smqhm_4_1,10056860,128,10
109782460,smqhm_4_1,10125436,128,10
109303320,smqhm_4_1,10110031,128,10
95314120,smqhm_4_1,13241395,256,10
99137960,smqhm_4_1,13295951,256,10
94131620,smqhm_4_1,13429331,256,10
94588480,smqhm_4_1,13377999,256,10
93797880,smqhm_4_1,13324308,256,10
