11487492800,smqhm_4_1,25660197,1,10
11538682780,smqhm_4_1,25660197,1,10
11336788660,smqhm_4_1,25660197,1,10
11443093640,smqhm_4_1,25660197,1,10
11597232280,smqhm_4_1,25660197,1,10
7296864960,smqhm_4_1,25676076,2,10
7239188980,smqhm_4_1,25679847,2,10
7297784720,smqhm_4_1,25681228,2,10
7320075880,smqhm_4_1,25679284,2,10
7241748460,smqhm_4_1,25680903,2,10
3080686440,smqhm_4_1,25719008,4,10
3077496460,smqhm_4_1,25725837,4,10
3077950920,smqhm_4_1,25725549,4,10
3078174400,smqhm_4_1,25724033,4,10
3078432560,smqhm_4_1,25724120,4,10
2823755640,smqhm_4_1,25683324,8,10
2763837740,smqhm_4_1,25681933,8,10
2789265800,smqhm_4_1,25686861,8,10
2769481600,smqhm_4_1,25681316,8,10
2819906900,smqhm_4_1,25683930,8,10
1574337960,smqhm_4_1,25774466,16,10
1568437140,smqhm_4_1,25773721,16,10
1578977020,smqhm_4_1,25775115,16,10
1553938340,smqhm_4_1,25779741,16,10
1564664940,smqhm_4_1,25769412,16,10
870857740,smqhm_4_1,26213009,32,10
870046260,smqhm_4_1,26236130,32,10
867413900,smqhm_4_1,26206940,32,10
870168860,smqhm_4_1,26178206,32,10
868271880,smqhm_4_1,26187516,32,10
501052140,smqhm_4_1,27971684,64,10
495505240,smqhm_4_1,28006612,64,10
494735260,smqhm_4_1,28006747,64,10
493171160,smqhm_4_1,27882916,64,10
494477020,smqhm_4_1,27842163,64,10
332001480,smqhm_4_1,31429301,128,10
332926140,smqhm_4_1,31498705,128,10
343193700,smqhm_4_1,31473489,128,10
334871680,smqhm_4_1,31654621,128,10
334065160,smqhm_4_1,31550259,128,10
260530960,smqhm_4_1,39705083,256,10
260977420,smqhm_4_1,39505232,256,10
260643460,smqhm_4_1,39600570,256,10
261561020,smqhm_4_1,39583917,256,10
260580340,smqhm_4_1,39607788,256,10
